0.0000	0
0.1332	1
4.5555	-1
8.9783	1
15.7293	1
22.4809	-1
29.7926	1
37.1060	-1
44.4197	1
51.7335	1
59.0485	-1
66.3635	-1
73.6785	-1
80.9936	-1
88.3086	-1
95.6236	-1
102.9388	-1
110.2539	-1
117.5690	-1
124.8841	-1
132.1993	-1
139.5144	-1
146.8299	1
154.1454	1
161.4610	1
168.7766	1
176.0935	-1
183.4105	-1
190.7274	-1
198.0443	-1
205.3613	-1
212.6782	-1
219.9956	-1
227.3130	-1
234.6304	-1
241.9478	-1
249.2652	-1
256.5826	-1
263.9001	1
271.2175	1
278.5350	-1
285.8525	-1
293.1700	-1
300.4875	-1
307.8050	-1
315.1225	-1
322.4404	-1
329.7583	-1
337.0762	-1
344.3942	-1
351.7121	-1
359.0300	-1
366.3481	1
373.6661	1
380.9842	1
388.3023	1
395.6210	1
402.9398	1
410.2598	-1
417.5798	-1
424.8998	-1
432.2198	-1
439.5398	-1
446.8598	-1
454.1802	-1
461.5006	-1
468.8211	-1
476.1415	-1
483.4619	-1
490.7824	-1
498.1029	-1
505.4234	-1
512.7440	-1
520.0645	-1
527.3850	-1
534.7056	-1
542.0262	1
549.3469	1
556.6683	-1
563.9898	-1
571.3113	-1
578.6328	-1
585.9542	-1
593.2757	-1
600.5973	1
607.9189	1
615.2405	1
622.5622	1
629.8844	-1
637.2066	-1
644.5288	-1
651.8510	-1
659.1732	-1
666.4954	-1
673.8177	-1
681.1401	-1
688.4624	-1
695.7848	-1
703.1072	-1
710.4296	-1
717.7524	1
725.0762	-1
732.4000	-1
739.7238	-1
747.0475	-1
754.3713	-1
761.6951	-1
769.0190	-1
776.3428	-1
783.6667	-1
790.9905	-1
798.3145	-1
805.6384	-1
812.9624	-1
820.2864	-1
827.6105	-1
834.9346	-1
842.2587	-1
849.5828	-1
856.9069	-1
864.2311	-1
871.5552	-1
878.8794	-1
886.2036	-1
893.5277	-1
900.8533	-1
908.1790	-1
915.5046	-1
922.8302	-1
930.1558	-1
937.4814	-1
944.8071	-1
952.1328	-1
959.4586	-1
966.7843	-1
974.1100	-1
981.4358	-1
988.7616	-1
996.0874	-1
1003.4132	-1
1010.7390	-1
1018.0648	-1
1025.3906	-1
1032.7166	-1
1040.0425	-1
1047.3684	-1
1054.6943	-1
1062.0203	-1
1069.3462	-1
1076.6726	-1
1083.9990	-1
1091.3254	-1
1098.6519	-1
1105.9783	-1
1113.3160	1
1120.6553	-1
1127.9948	1
1135.3344	1
1142.6746	-1
1150.0148	-1
1157.3550	-1
1164.6952	-1
1172.0354	-1
1179.3756	-1
1186.7159	-1
1194.0563	-1
1201.3966	-1
1208.7369	-1
1216.0773	-1
1223.4176	-1
1230.7582	1
1238.0988	1
1245.4395	1
1252.7802	1
1260.1213	-1
1267.4625	-1
1274.8037	-1
1282.1449	-1
1289.4861	-1
1296.8273	-1
1304.1689	1
1311.5106	-1
1318.8523	-1
1326.1940	-1
1333.5356	-1
1340.8773	-1
1348.2190	-1
1355.5608	1
1362.9026	-1
1370.2444	-1
1377.5862	-1
1384.9280	-1
1392.2698	-1
1399.6116	-1
1406.9536	-1
1414.2957	-1
1421.6377	-1
1428.9797	-1
1436.3218	-1
1443.6638	-1
1451.0059	1
1458.3480	1
1465.6906	1
1473.0331	1
1480.3756	1
1487.7183	1
1495.0620	-1
1502.4058	-1
1509.7495	-1
1517.0933	-1
1524.4370	-1
1531.7808	-1
1539.1248	-1
1546.4688	-1
1553.8127	-1
1561.1567	-1
1568.5007	-1
1575.8447	-1
1583.1887	1
1590.5328	-1
1597.8770	-1
1605.2211	-1
1612.5652	-1
1619.9093	-1
1627.2534	-1
1634.5977	-1
1641.9419	-1
1649.2861	-1
1656.6304	-1
1663.9746	-1
1671.3188	-1
1678.6633	-1
1686.0078	-1
1693.3523	-1
1700.6968	-1
1708.0413	-1
1715.3857	-1
1722.7303	-1
1730.0750	-1
1737.4196	-1
1744.7642	-1
1752.1088	-1
1759.4534	-1
1766.7981	-1
1774.1428	-1
1781.4875	-1
1788.8323	-1
1796.1770	-1
1803.5217	-1
1810.8666	-1
1818.2114	-1
1825.5563	-1
1832.9011	-1
1840.2460	-1
1847.5908	-1
1854.9363	-1
1862.2817	-1
1869.6272	-1
1876.9836	1
1884.3416	-1
1891.6998	1
1899.0581	1
1906.4169	-1
1913.7756	-1
1921.1344	-1
1928.4932	-1
1935.8519	-1
1943.2107	-1
1950.5696	-1
1957.9285	-1
1965.2874	-1
1972.6462	-1
1980.0051	-1
1987.3640	-1
1994.7233	1
2002.0825	1
2009.4419	1
2016.8013	1
2024.1613	-1
2031.5212	-1
2038.8812	-1
2046.2412	-1
2053.6011	-1
2060.9609	-1
2068.3210	-1
2075.6812	-1
2083.0413	-1
2090.4014	-1
2097.7615	-1
2105.1216	-1
2112.4817	-1
2119.8418	-1
2127.2019	-1
2134.5620	-1
2141.9221	-1
2149.2822	-1
2156.6426	-1
2164.0029	-1
2171.3633	-1
2178.7236	-1
2186.0840	-1
2193.4443	-1
2200.8049	1
2208.1655	1
2215.5269	-1
2222.8882	-1
2230.2495	-1
2237.6108	-1
2244.9722	-1
2252.3335	-1
2259.6948	-1
2267.0562	-1
2274.4175	-1
2281.7900	1
2289.1641	-1
2296.5383	1
2303.9126	1
2311.2878	-1
2318.6631	-1
2326.0496	1
2333.4373	-1
2340.8252	1
2348.2131	1
2355.6018	-1
2362.9905	-1
2370.3792	-1
2377.7678	-1
2385.1565	-1
2392.5452	-1
2399.9341	-1
2407.3230	-1
2414.7119	-1
2422.1008	-1
2429.4897	-1
2436.8787	-1
2444.2678	1
2451.6570	1
2459.0461	1
2466.4353	1
2473.8252	-1
2481.2151	-1
2488.6050	-1
2495.9949	-1
2503.3848	-1
2510.7747	-1
2518.1646	-1
2525.5547	-1
2532.9448	-1
2540.3350	-1
2547.7251	-1
2555.1152	-1
2562.5056	-1
2569.8960	-1
2577.2864	-1
2584.6768	-1
2592.0671	-1
2599.4575	-1
2606.8479	-1
2614.2383	-1
2621.6287	-1
2629.0190	-1
2636.4094	-1
2643.7998	-1
2651.1904	1
2658.5811	1
2665.9717	1
2673.3623	1
2680.7534	1
2688.1445	1
2695.5356	1
2702.9270	1
2710.3186	-1
2717.7102	-1
2725.1018	-1
2732.4934	-1
2739.8850	-1
2747.2766	-1
2754.6687	-1
2762.0608	-1
2769.4529	-1
2776.8450	-1
2784.2371	-1
2791.6292	-1
2799.0215	-1
2806.4138	-1
2813.8062	-1
2821.1985	-1
2828.5908	-1
2835.9832	-1
2843.3757	-1
2850.7683	-1
2858.1609	-1
2865.5535	-1
2872.9460	-1
2880.3386	-1
2887.7319	-1
2895.1252	-1
2902.5186	-1
2909.9119	-1
2917.3052	-1
2924.6985	-1
2932.0920	-1
2939.4856	-1
2946.8792	1
2954.2727	-1
2961.6663	-1
2969.0598	-1
2976.4534	-1
2983.8469	1
2991.2405	1
2998.6340	1
3006.0276	-1
3013.4211	-1
3020.8147	-1
3028.2083	-1
3035.6018	-1
3042.9954	-1
3050.3889	1
3057.7825	1
3065.1763	-1
3072.5701	-1
3079.9639	-1
3087.3577	-1
3094.7515	-1
3102.1453	-1
3109.5403	-1
3116.9353	-1
3124.3303	-1
3131.7253	-1
3139.1204	-1
3146.5154	-1
3153.9104	-1
3161.3054	-1
3168.7004	-1
3176.0955	-1
3183.4905	-1
3190.8855	-1
3198.2808	-1
3205.6760	-1
3213.0713	-1
3220.4666	-1
3227.8618	-1
3235.2571	-1
3242.6528	-1
3250.0486	-1
3257.4443	-1
3264.8401	-1
3272.2358	-1
3279.6316	-1
3287.0273	-1
3294.4231	-1
3301.8188	-1
3309.2146	-1
3316.6104	-1
3324.0061	-1
3331.4021	-1
3338.7981	-1
3346.2053	1
3353.6140	-1
3361.0229	1
3368.4319	1
3375.8420	-1
3383.2522	-1
3390.6624	-1
3398.0725	-1
3405.4934	1
3412.9158	-1
3420.3386	1
3427.7615	1
3435.1855	-1
3442.6096	-1
3450.0337	-1
3457.4578	-1
3464.8818	-1
3472.3184	1
3479.7563	-1
3487.1946	1
3494.6328	1
3502.0723	-1
3509.5117	-1
3516.9512	-1
3524.3906	-1
3531.8301	-1
3539.2695	-1
3546.7092	-1
3554.1489	-1
3561.5886	-1
3569.0283	-1
3576.4680	-1
3583.9077	-1
3591.3477	1
3598.7878	1
3606.2280	1
3613.6682	1
3621.1101	-1
3628.5520	-1
3635.9939	-1
3643.4358	-1
3650.8777	-1
3658.3196	-1
3665.7617	-1
3673.2039	-1
3680.6460	-1
3688.0881	-1
3695.5303	-1
3702.9724	-1
3710.4148	-1
3717.8572	-1
3725.2996	-1
3732.7419	-1
3740.1843	-1
3747.6267	-1
3755.0693	-1
3762.5120	-1
3769.9546	-1
3777.3972	-1
3784.8398	-1
3792.2825	-1
3799.7253	1
3807.1682	1
3814.6111	1
3822.0540	1
3829.4971	1
3836.9402	1
3844.3835	1
3851.8269	1
3859.2734	-1
3866.7200	-1
3874.1665	-1
3881.6130	-1
3889.0596	-1
3896.5061	-1
3903.9526	-1
3911.3992	-1
3918.8457	-1
3926.2922	-1
3933.7388	-1
3941.1853	-1
3948.6318	-1
3956.0786	-1
3963.5254	-1
3970.9722	-1
3978.4189	-1
3985.8657	-1
3993.3127	-1
4000.7598	-1
4008.2068	-1
4015.6538	-1
4023.1008	-1
4030.5479	-1
4037.9949	-1
4045.4419	-1
4052.8889	-1
4060.3359	-1
4067.7830	-1
4075.2300	-1
4082.6772	-1
4090.1245	-1
4097.5718	-1
4105.0190	-1
4112.4663	-1
4119.9136	-1
4127.3613	-1
4134.8091	-1
4142.2568	-1
4149.7046	-1
4157.1523	-1
4164.6001	-1
4172.0479	1
4179.4956	1
4186.9434	1
4194.3911	-1
4201.8389	-1
4209.2866	-1
4216.7344	-1
4224.1821	-1
4231.6299	-1
4239.0776	1
4246.5273	-1
4253.9771	-1
4261.4268	-1
4268.8765	-1
4276.3262	-1
4283.7759	-1
4291.2261	-1
4298.6763	-1
4306.1265	-1
4313.5767	-1
4321.0269	-1
4328.4771	-1
4335.9272	-1
4343.3774	-1
4350.8276	-1
4358.2778	-1
4365.7280	-1
4373.1782	-1
4380.6289	-1
4388.0796	-1
4395.5303	-1
4402.9922	1
4410.4556	-1
4417.9194	1
4425.3833	1
4432.8477	-1
4440.3120	-1
4447.7764	-1
4455.2407	-1
4462.7051	-1
4470.1694	-1
4477.6338	-1
4485.0981	-1
4492.5625	-1
4500.0269	-1
4507.4912	-1
4514.9556	-1
4522.4204	1
4529.8853	1
4537.3501	1
4544.8149	1
4552.2808	-1
4559.7466	-1
4567.2124	-1
4574.6782	-1
4582.1440	-1
4589.6099	-1
4597.0757	-1
4604.5415	-1
4612.0073	-1
4619.4731	-1
4626.9390	-1
4634.4048	-1
4641.8706	-1
4649.3364	-1
4656.8022	-1
4664.2681	-1
4671.7339	-1
4679.1997	-1
4686.6655	-1
4694.1313	-1
4701.5972	-1
4709.0630	-1
4716.5288	-1
4723.9946	-1
4731.4614	1
4738.9282	1
4746.3950	1
4753.8618	1
4761.3286	1
4768.7954	1
4776.2632	-1
4783.7310	-1
4791.1987	-1
4798.6665	-1
4806.1343	-1
4813.6021	-1
4821.0703	-1
4828.5386	-1
4836.0068	-1
4843.4751	-1
4850.9434	-1
4858.4116	-1
4865.8799	-1
4873.3481	-1
4880.8164	-1
4888.2847	-1
4895.7529	-1
4903.2212	-1
4910.6899	-1
4918.1587	-1
4925.6274	-1
4933.0962	-1
4940.5649	-1
4948.0337	-1
4955.5024	-1
4962.9712	-1
4970.4399	-1
4977.9087	-1
4985.3774	-1
4992.8462	-1
5000.3149	-1
5007.7837	-1
5015.2524	-1
5022.7319	1
5030.2129	-1
5037.6943	1
5045.1758	1
5052.6582	-1
5060.1406	-1
5067.6230	-1
5075.1055	-1
5082.5879	-1
5090.0703	-1
5097.5527	-1
5105.0352	-1
5112.5176	-1
5120.0000	-1
5127.4824	-1
5134.9648	-1
5142.4478	1
5149.9307	1
5157.4136	1
5164.8965	1
5172.3809	-1
5179.8657	-1
5187.3506	-1
5194.8354	-1
5202.3203	-1
5209.8052	-1
5217.2900	-1
5224.7749	-1
5232.2598	-1
5239.7446	-1
5247.2295	-1
5254.7144	-1
5262.1992	-1
5269.6841	-1
5277.1689	-1
5284.6538	-1
5292.1387	-1
5299.6235	-1
5307.1084	-1
5314.5933	-1
5322.0781	-1
5329.5630	-1
5337.0479	-1
5344.5327	-1
5352.0176	1
5359.5029	1
5366.9883	1
5374.4736	1
5381.9595	1
5389.4453	1
5396.9312	1
5404.4170	1
5411.9043	-1
5419.3916	-1
5426.8789	-1
5434.3662	-1
5441.8535	-1
5449.3408	-1
5456.8286	-1
5464.3164	-1
5471.8042	-1
5479.2920	-1
5486.7798	-1
5494.2676	-1
5501.7559	-1
5509.2441	-1
5516.7324	-1
5524.2207	-1
5531.7090	-1
5539.1973	-1
5546.6860	-1
5554.1748	-1
5561.6636	-1
5569.1523	-1
5576.6411	-1
5584.1299	-1
5591.6187	-1
5599.1074	-1
5606.5962	-1
5614.0850	-1
5621.5737	-1
5629.0625	-1
5636.5522	-1
5644.0420	-1
5651.5317	-1
5659.0215	-1
5666.5112	-1
5674.0010	-1
5681.4907	-1
5688.9805	-1
5696.4702	-1
5703.9600	-1
5711.4497	-1
5718.9395	-1
5726.4297	-1
5733.9307	1
5741.4326	-1
5748.9351	1
5756.4375	1
5763.9409	-1
5771.4443	-1
5778.9478	-1
5786.4512	-1
5793.9546	-1
5801.4580	-1
5808.9614	-1
5816.4756	1
5823.9907	-1
5831.5063	1
5839.0220	1
5846.5381	-1
5854.0542	-1
5861.5708	-1
5869.0972	1
5876.6245	-1
5884.1523	1
5891.6802	1
5899.2090	-1
5906.7378	-1
5914.2666	-1
5921.7954	-1
5929.3340	1
5936.8740	-1
5944.4146	1
5951.9551	1
5959.4961	-1
5967.0371	-1
5974.5786	-1
5982.1299	1
5989.6826	-1
5997.2354	1
6004.7881	1
6012.3418	-1
6019.8955	-1
6027.4600	1
6035.0254	-1
6042.5913	1
6050.1572	1
6057.7236	-1
6065.2905	-1
6072.8672	1
6080.4448	-1
6088.0229	1
6095.6011	1
6103.1807	-1
6110.7603	-1
6118.3398	-1
6125.9194	-1
6133.5083	1
6141.0986	-1
6148.6895	1
6156.2803	1
6163.8716	-1
6171.4629	-1
6179.0542	-1
6186.6460	-1
6194.2476	1
6201.8501	-1
6209.4531	1
6217.0562	1
6224.6597	-1
6232.2632	-1
6239.8672	-1
6247.4805	1
6255.0952	-1
6262.7100	1
6270.3247	1
6277.9409	-1
6285.5571	-1
6293.1733	-1
6300.7896	-1
6308.4058	-1
6316.0220	-1
6323.6382	-1
6331.2544	-1
6338.8706	-1
6346.4868	-1
6354.1030	-1
6361.7192	-1
6369.3359	1
6376.9526	1
6384.5708	-1
6392.1890	-1
6399.8071	-1
6407.4253	-1
6415.0435	-1
6422.6616	-1
6430.2798	-1
6437.9077	1
6445.5366	-1
6453.1660	1
6460.7954	1
6468.4258	-1
6476.0562	-1
6483.6968	1
6491.3384	-1
6498.9805	1
6506.6226	1
6514.2651	-1
6521.9077	-1
6529.5508	-1
6537.2036	1
6544.8574	-1
6552.5117	1
6560.1660	1
6567.8208	-1
6575.4756	-1
6583.1304	-1
6590.7852	-1
6598.4399	-1
6606.0947	-1
6613.7495	-1
6621.4043	-1
6629.0591	-1
6636.7236	1
6644.3892	-1
6652.0552	1
6659.7212	1
6667.3877	-1
6675.0542	-1
6682.7207	-1
6690.3872	-1
6698.0537	-1
6705.7202	-1
6713.3867	-1
6721.0532	-1
6728.7197	-1
6736.3862	-1
6744.0527	-1
6751.7192	-1
6759.3862	1
6767.0532	1
6774.7202	1
6782.3872	1
6790.0552	-1
6797.7231	-1
6805.3911	-1
6813.0591	-1
6820.7271	-1
6828.3950	-1
6836.0630	-1
6843.7310	-1
6851.3989	-1
6859.0669	-1
6866.7349	-1
6874.4028	-1
6882.0708	-1
6889.7388	-1
6897.4067	-1
6905.0747	-1
6912.7427	-1
6920.4106	-1
6928.0791	-1
6935.7476	-1
6943.4160	-1
6951.0845	-1
6958.7529	-1
6966.4214	-1
6974.0898	1
6981.7583	1
6989.4268	1
6997.0952	1
7004.7642	1
7012.4341	-1
7020.1040	-1
7027.7739	-1
7035.4438	-1
7043.1138	-1
7050.7837	-1
7058.4536	-1
7066.1235	-1
7073.7935	-1
7081.4634	-1
7089.1333	-1
7096.8032	-1
7104.4731	-1
7112.1431	-1
7119.8130	-1
7127.4829	-1
7135.1528	-1
7142.8228	-1
7150.4927	-1
7158.1626	-1
7165.8325	-1
7173.5024	-1
7181.1724	-1
7188.8423	-1
7196.5127	-1
7204.1831	-1
7211.8535	-1
7219.5239	-1
7227.1943	-1
7234.8647	-1
7242.5444	1
7250.2256	-1
7257.9072	1
7265.5889	1
7273.2715	-1
7280.9541	-1
7288.6367	-1
7296.3193	-1
7304.0020	-1
7311.6846	-1
7319.3677	-1
7327.0508	-1
7334.7339	-1
7342.4170	-1
7350.1001	-1
7357.7832	-1
7365.4663	1
7373.1494	1
7380.8325	1
7388.5161	1
7396.2012	-1
7403.8862	-1
7411.5713	-1
7419.2563	-1
7426.9414	-1
7434.6265	-1
7442.3120	1
7449.9976	1
7457.6831	-1
7465.3687	-1
7473.0542	-1
7480.7397	-1
7488.4253	-1
7496.1108	-1
7503.7964	-1
7511.4819	-1
7519.1675	-1
7526.8530	-1
7534.5386	-1
7542.2241	-1
7549.9102	-1
7557.5962	-1
7565.2822	-1
7572.9683	-1
7580.6543	-1
7588.3403	-1
7596.0273	-1
7603.7144	-1
7611.4014	-1
7619.0884	-1
7626.7754	-1
7634.4624	-1
7642.1494	-1
7649.8364	-1
7657.5337	1
7665.2319	-1
7672.9307	1
7680.6294	1
7688.3291	-1
7696.0288	-1
7703.7285	-1
7711.4282	-1
7719.1279	-1
7726.8276	-1
7734.5273	-1
7742.2271	-1
7749.9268	-1
7757.6265	-1
7765.3262	-1
7773.0259	-1
7780.7261	1
7788.4263	1
7796.1265	1
7803.8267	1
7811.5283	-1
7819.2300	-1
7826.9316	-1
7834.6333	-1
7842.3350	-1
7850.0366	-1
7857.7388	1
7865.4409	1
7873.1431	-1
7880.8452	-1
7888.5474	-1
7896.2495	-1
7903.9517	-1
7911.6538	-1
7919.3564	-1
7927.0591	-1
7934.7617	-1
7942.4644	-1
7950.1670	-1
7957.8696	-1
7965.5723	-1
7973.2749	-1
7980.9775	-1
7988.6802	-1
7996.3828	-1
8004.0854	-1
8011.7886	1
8019.4917	1
8027.1948	1
8034.8979	1
8042.6011	1
8050.3042	1
8058.0078	-1
8065.7114	-1
8073.4150	-1
8081.1187	-1
8088.8223	-1
8096.5259	-1
8104.2300	1
8111.9351	-1
8119.6401	-1
8127.3452	-1
8135.0503	-1
8142.7554	-1
8150.4604	-1
8158.1670	-1
8165.8735	-1
8173.5801	-1
8181.2866	-1
8188.9932	-1
8196.6992	-1
8204.4062	-1
8212.1133	-1
8219.8203	-1
8227.5273	-1
8235.2344	-1
8242.9414	-1
8250.6484	-1
8258.3555	-1
8266.0625	-1
8273.7695	-1
8281.4766	-1
8289.1836	-1
8296.8906	-1
8304.5977	-1
8312.3047	-1
8320.0117	-1
8327.7188	-1
8335.4258	-1
8343.1328	-1
8350.8398	-1
8358.5469	-1
8366.2539	-1
8373.9609	-1
8381.6680	-1
8389.3760	-1
8397.0840	-1
8404.7920	-1
8412.5000	-1
8420.2080	-1
8427.9160	-1
8435.6240	-1
8443.3320	-1
8451.0400	-1
8458.7480	-1
8466.4561	-1
8474.1738	1
8481.8936	-1
8489.6133	1
8497.3330	1
8505.0537	-1
8512.7744	-1
8520.4951	-1
8528.2158	-1
8535.9365	-1
8543.6572	-1
8551.3779	-1
8559.0986	-1
8566.8193	-1
8574.5400	-1
8582.2607	-1
8589.9814	-1
8597.7031	1
8605.4248	1
8613.1465	1
8620.8682	1
8628.5898	-1
8636.3115	-1
8644.0332	-1
8651.7549	-1
8659.4766	-1
8667.1982	-1
8674.9209	-1
8682.6436	-1
8690.3662	-1
8698.0889	-1
8705.8115	-1
8713.5342	-1
8721.2568	-1
8728.9795	-1
8736.7021	-1
8744.4248	-1
8752.1475	-1
8759.8701	-1
8767.5928	1
8775.3154	1
8783.0381	1
8790.7607	1
8798.4834	1
8806.2061	-1
8813.9287	-1
8821.6514	-1
8829.3740	-1
8837.0967	-1
8844.8193	-1
8852.5420	1
8860.2656	1
8867.9893	1
8875.7139	-1
8883.4385	-1
8891.1631	-1
8898.8877	-1
8906.6123	-1
8914.3369	-1
8922.0615	-1
8929.7861	-1
8937.5107	-1
8945.2354	-1
8952.9600	-1
8960.6846	-1
8968.4092	-1
8976.1338	-1
8983.8584	-1
8991.5830	-1
8999.3076	-1
9007.0322	-1
9014.7568	-1
9022.4814	-1
9030.2061	-1
9037.9307	-1
9045.6553	-1
9053.3799	-1
9061.1055	-1
9068.8311	-1
9076.5566	-1
9084.2822	-1
9092.0078	-1
9099.7334	-1
9107.4590	-1
9115.1846	1
9122.9102	-1
9130.6357	-1
9138.3613	-1
9146.0869	-1
9153.8125	-1
9161.5381	1
9169.2637	-1
9176.9893	-1
9184.7148	-1
9192.4404	-1
9200.1660	-1
9207.8916	-1
9215.6172	-1
9223.3428	-1
9231.0684	-1
9238.7939	-1
9246.5195	-1
9254.2451	-1
9261.9717	-1
9269.6982	-1
9277.4248	-1
9285.1514	-1
9292.8779	-1
9300.6045	-1
9308.3311	-1
9316.0576	-1
9323.7939	1
9331.5312	-1
9339.2686	1
9347.0068	1
9354.7451	-1
9362.4834	-1
9370.2217	-1
9377.9600	-1
9385.6982	-1
9393.4365	-1
9401.1748	-1
9408.9131	-1
9416.6514	-1
9424.3896	-1
9432.1279	-1
9439.8662	-1
9447.6055	1
9455.3447	-1
9463.0840	-1
9470.8232	-1
9478.5625	-1
9486.3115	1
9494.0615	-1
9501.8125	1
9509.5635	1
9517.3145	-1
9525.0654	-1
9532.8164	-1
9540.5674	-1
9548.3184	-1
9556.0693	-1
9563.8203	-1
9571.5713	-1
9579.3223	-1
9587.0732	-1
9594.8242	-1
9602.5752	-1
9610.3271	1
9618.0791	1
9625.8311	-1
9633.5830	-1
9641.3350	-1
9649.0869	-1
9656.8389	-1
9664.5908	-1
9672.3428	-1
9680.0947	-1
9687.8564	1
9695.6191	-1
9703.3818	1
9711.1455	1
9718.9092	-1
9726.6729	-1
9734.4365	-1
9742.2002	-1
9749.9639	-1
9757.7275	-1
9765.4912	-1
9773.2549	-1
9781.0186	-1
9788.7822	-1
9796.5459	-1
9804.3096	-1
9812.0742	1
9819.8389	1
9827.6035	1
9835.3682	1
9843.1338	-1
9850.8994	-1
9858.6650	-1
9866.4307	-1
9874.1963	-1
9881.9619	-1
9889.7275	-1
9897.4932	-1
9905.2588	-1
9913.0244	-1
9920.7900	-1
9928.5557	-1
9936.3213	-1
9944.0869	-1
9951.8525	-1
9959.6182	-1
9967.3838	-1
9975.1494	-1
9982.9150	-1
9990.6807	-1
9998.4463	-1
10006.2119	-1
10013.9775	-1
10021.7432	-1
10029.5088	1
10037.2744	1
10045.0410	1
10052.8076	1
10060.5742	1
10068.3408	1
10076.1074	1
10083.8740	1
10091.6406	-1
10099.4072	-1
10107.1738	-1
10114.9404	-1
10122.7070	-1
10130.4736	-1
10138.2412	-1
10146.0088	-1
10153.7764	-1
10161.5439	-1
10169.3115	-1
10177.0791	-1
10184.8467	-1
10192.6143	-1
10200.3818	-1
10208.1494	-1
10215.9170	-1
10223.6846	-1
10231.4521	1
10239.2197	1
10246.9873	1
10254.7549	1
10262.5234	1
10270.2920	1
10278.0605	-1
10285.8291	-1
10293.5977	-1
10301.3662	-1
10309.1348	-1
10316.9033	-1
10324.6719	-1
10332.4404	-1
10340.2090	-1
10347.9775	-1
10355.7461	-1
10363.5146	-1
10371.2832	-1
10379.0518	-1
10386.8203	-1
10394.5889	-1
10402.3574	-1
10410.1260	-1
10417.8945	-1
10425.6631	-1
10433.4316	-1
10441.2002	-1
10448.9688	-1
10456.7373	-1
10464.5068	1
10472.2764	1
10480.0459	-1
10487.8154	-1
10495.5850	-1
10503.3545	-1
10511.1240	-1
10518.8936	-1
10526.6631	1
10534.4326	1
10542.2021	1
10549.9717	1
10557.7412	1
10565.5107	1
10573.2812	1
10581.0518	1
10588.8223	-1
10596.5928	-1
10604.3633	-1
10612.1338	-1
10619.9043	-1
10627.6748	-1
10635.4463	1
10643.2178	-1
10650.9893	-1
10658.7607	-1
10666.5322	-1
10674.3037	-1
10682.0752	-1
10689.8467	-1
10697.6182	-1
10705.3896	-1
10713.1611	-1
10720.9326	-1
10728.7041	-1
10736.4756	-1
10744.2471	-1
10752.0186	-1
10759.7900	-1
10767.5615	-1
10775.3330	-1
10783.1045	-1
10790.8760	-1
10798.6475	-1
10806.4189	-1
10814.1904	-1
10821.9619	-1
10829.7334	-1
10837.5049	-1
10845.2764	-1
10853.0479	-1
10860.8193	-1
10868.5908	-1
10876.3623	-1
10884.1338	-1
10891.9053	-1
10899.6768	-1
10907.4482	-1
10915.2207	-1
10922.9941	-1
10930.7676	-1
10938.5410	-1
10946.3145	-1
10954.0879	-1
10961.8613	-1
10969.6348	-1
10977.4082	-1
10985.1816	-1
10992.9551	-1
11000.7285	-1
11008.5020	-1
11016.2754	-1
11024.0488	-1
11031.8223	-1
11039.5957	-1
11047.3691	-1
11055.1426	-1
11062.9160	-1
11070.6895	-1
11078.4629	-1
11086.2363	-1
11094.0098	-1
11101.7832	-1
11109.5566	-1
11117.3311	-1
11125.1055	-1
11132.8799	-1
11140.6543	-1
11148.4287	-1
11156.2031	-1
11163.9775	-1
11171.7520	-1
11179.5264	-1
11187.3008	-1
11195.0752	-1
11202.8496	-1
11210.6240	-1
11218.3984	-1
11226.1729	-1
11233.9473	-1
11241.7217	-1
11249.4961	-1
11257.2705	-1
11265.0449	-1
11272.8193	-1
11280.5938	-1
11288.3682	-1
11296.1426	-1
11303.9170	-1
11311.6914	-1
11319.4658	-1
11327.2402	-1
11335.0146	-1
11342.7891	-1
11350.5635	-1
11358.3379	-1
11366.1123	-1
11373.8867	-1
11381.6611	-1
11389.4463	1
11397.2324	-1
11405.0195	1
11412.8066	1
11420.5938	-1
11428.3809	-1
11436.1680	-1
11443.9551	-1
11451.7422	-1
11459.5293	-1
11467.3164	-1
11475.1035	-1
11482.8906	-1
11490.6777	-1
11498.4648	-1
11506.2520	-1
11514.0400	1
11521.8281	1
11529.6162	1
11537.4043	1
11545.1934	-1
11552.9824	-1
11560.7715	-1
11568.5605	-1
11576.3496	-1
11584.1387	-1
11591.9277	-1
11599.7168	-1
11607.5059	-1
11615.2949	-1
11623.0840	-1
11630.8730	-1
11638.6621	-1
11646.4512	-1
11654.2402	-1
11662.0293	-1
11669.8184	-1
11677.6074	-1
11685.3965	-1
11693.1855	-1
11700.9746	-1
11708.7637	-1
11716.5527	-1
11724.3418	-1
11732.1309	1
11739.9209	1
11747.7109	1
11755.5010	1
11763.2910	1
11771.0811	1
11778.8711	1
11786.6611	1
11794.4512	-1
11802.2412	-1
11810.0312	-1
11817.8213	-1
11825.6113	-1
11833.4014	-1
11841.1914	-1
11848.9814	-1
11856.7725	-1
11864.5635	-1
11872.3545	-1
11880.1455	-1
11887.9365	1
11895.7275	1
11903.5186	-1
11911.3096	-1
11919.1016	-1
11926.8936	-1
11934.6855	-1
11942.4775	-1
11950.2695	-1
11958.0615	-1
11965.8535	-1
11973.6455	-1
11981.4375	-1
11989.2295	-1
11997.0215	-1
12004.8135	-1
12012.6055	-1
12020.3975	-1
12028.1895	-1
12035.9814	-1
12043.7734	-1
12051.5654	-1
12059.3574	-1
12067.1494	-1
12074.9414	-1
12082.7334	-1
12090.5254	-1
12098.3174	-1
12106.1094	-1
12113.9014	-1
12121.6934	-1
12129.4854	-1
12137.2773	-1
12145.0693	-1
12152.8613	-1
12160.6533	-1
12168.4453	-1
12176.2373	-1
12184.0303	-1
12191.8232	-1
12199.6162	-1
12207.4092	-1
12215.2021	-1
12222.9951	-1
12230.7881	-1
12238.5811	-1
12246.3740	-1
12254.1768	1
12261.9805	-1
12269.7852	1
12277.5898	1
12285.3955	-1
12293.2012	-1
12301.0068	-1
12308.8125	-1
12316.6182	-1
12324.4238	-1
12332.2295	-1
12340.0352	-1
12347.8506	1
12355.6670	-1
12363.4834	1
12371.3008	1
12379.1191	-1
12386.9375	-1
12394.7559	-1
12402.5742	-1
12410.3926	-1
12418.2109	-1
12426.0293	-1
12433.8477	-1
12441.6660	-1
12449.4844	-1
12457.3027	-1
12465.1211	-1
12472.9395	1
12480.7578	1
12488.5762	1
12496.3945	1
12504.2148	-1
12512.0352	-1
12519.8555	-1
12527.6758	-1
12535.4961	-1
12543.3164	-1
12551.1367	-1
12558.9570	-1
12566.7773	-1
12574.5977	-1
12582.4180	-1
12590.2383	-1
12598.0586	-1
12605.8789	-1
12613.6992	-1
12621.5195	-1
12629.3398	-1
12637.1602	-1
12644.9805	-1
12652.8008	-1
12660.6211	-1
12668.4414	-1
12676.2617	-1
12684.0820	-1
12691.9033	1
12699.7246	1
12707.5459	1
12715.3672	1
12723.1885	1
12731.0098	1
12738.8311	1
12746.6523	1
12754.4756	-1
12762.2988	-1
12770.1221	-1
12777.9453	-1
12785.7686	-1
12793.5918	-1
12801.4150	-1
12809.2383	-1
12817.0615	-1
12824.8848	-1
12832.7080	-1
12840.5312	-1
12848.3555	-1
12856.1797	-1
12864.0039	-1
12871.8281	-1
12879.6523	-1
12887.4766	-1
12895.3008	-1
12903.1250	-1
12910.9492	-1
12918.7734	-1
12926.5977	-1
12934.4219	-1
12942.2461	1
12950.0703	1
12957.8945	1
12965.7188	1
12973.5430	1
12981.3672	1
12989.1914	1
12997.0156	1
13004.8418	-1
13012.6680	-1
13020.4941	-1
13028.3203	-1
13036.1465	-1
13043.9727	-1
13051.7988	-1
13059.6250	-1
13067.4512	-1
13075.2773	-1
13083.1035	-1
13090.9297	-1
13098.7559	-1
13106.5820	-1
13114.4082	-1
13122.2344	-1
13130.0605	-1
13137.8867	-1
13145.7129	-1
13153.5391	-1
13161.3652	-1
13169.1914	-1
13177.0176	-1
13184.8438	-1
13192.6709	1
13200.5000	-1
13208.3291	-1
13216.1582	-1
13223.9873	-1
13231.8164	-1
13239.6455	-1
13247.4756	-1
13255.3057	-1
13263.1357	-1
13270.9658	-1
13278.7959	-1
13286.6260	-1
13294.4561	-1
13302.2861	-1
13310.1162	-1
13317.9463	-1
13325.7764	-1
13333.6064	-1
13341.4375	-1
13349.2686	-1
13357.0996	-1
13364.9307	-1
13372.7617	-1
13380.5928	-1
13388.4238	-1
13396.2549	-1
13404.0859	-1
13411.9170	-1
13419.7480	-1
13427.5791	-1
13435.4102	-1
13443.2412	-1
13451.0723	-1
13458.9033	-1
13466.7344	-1
13474.5654	-1
13482.3965	-1
13490.2275	-1
13498.0586	-1
13505.8896	-1
13513.7207	-1
13521.5518	-1
13529.3838	-1
13537.2158	-1
13545.0479	-1
13552.8799	-1
13560.7119	-1
13568.5439	-1
13576.3770	-1
13584.2100	-1
13592.0430	-1
13599.8857	1
13607.7305	-1
13615.5752	1
13623.4199	1
13631.2666	-1
13639.1133	-1
13646.9600	-1
13654.8066	-1
13662.6533	-1
13670.5000	-1
13678.3467	-1
13686.1934	-1
13694.0400	-1
13701.8867	-1
13709.7334	-1
13717.5801	-1
13725.4277	1
13733.2754	1
13741.1240	-1
13748.9727	-1
13756.8213	-1
13764.6699	-1
13772.5186	-1
13780.3672	-1
13788.2158	-1
13796.0645	-1
13803.9238	1
13811.7852	-1
13819.6465	1
13827.5078	1
13835.3701	-1
13843.2324	-1
13851.0947	-1
13858.9570	-1
13866.8193	-1
13874.6816	-1
13882.5439	-1
13890.4062	-1
13898.2686	-1
13906.1309	-1
13913.9932	-1
13921.8555	-1
13929.7178	1
13937.5801	1
13945.4434	-1
13953.3066	-1
13961.1699	-1
13969.0332	-1
13976.8965	-1
13984.7598	-1
13992.6230	-1
14000.4863	-1
14008.3496	-1
14016.2236	1
14024.0986	-1
14031.9736	1
14039.8486	1
14047.7256	-1
14055.6025	-1
14063.4795	-1
14071.3564	-1
14079.2334	-1
14087.1104	-1
14094.9873	-1
14102.8643	-1
14110.7412	-1
14118.6182	-1
14126.4951	-1
14134.3721	-1
14142.2500	1
14150.1279	1
14158.0059	1
14165.8838	1
14173.7627	-1
14181.6416	-1
14189.5205	-1
14197.3994	-1
14205.2783	-1
14213.1572	-1
14221.0371	1
14228.9170	1
14236.7979	-1
14244.6787	-1
14252.5596	-1
14260.4404	-1
14268.3213	-1
14276.2021	-1
14284.0830	-1
14291.9639	-1
14299.8447	-1
14307.7256	-1
14315.6064	-1
14323.4873	-1
14331.3682	1
14339.2490	1
14347.1299	-1
14355.0107	-1
14362.8916	-1
14370.7725	-1
14378.6533	-1
14386.5342	-1
14394.4160	1
14402.2979	1
14410.1797	1
14418.0615	1
14425.9453	-1
14433.8291	-1
14441.7129	-1
14449.5967	-1
14457.4805	-1
14465.3643	-1
14473.2490	1
14481.1338	1
14489.0186	-1
14496.9033	-1
14504.7881	-1
14512.6729	-1
14520.5576	-1
14528.4424	-1
14536.3291	1
14544.2158	1
14552.1025	-1
14559.9893	-1
14567.8760	-1
14575.7627	-1
14583.6494	-1
14591.5361	-1
14599.4229	-1
14607.3096	-1
14615.1963	-1
14623.0830	-1
14630.9697	-1
14638.8564	-1
14646.7432	-1
14654.6299	-1
14662.5166	-1
14670.4033	-1
14678.2900	-1
14686.1768	-1
14694.0645	-1
14701.9521	-1
14709.8398	-1
14717.7275	-1
14725.6152	-1
14733.5029	-1
14741.3916	-1
14749.2803	-1
14757.1689	-1
14765.0576	-1
14772.9463	-1
14780.8350	-1
14788.7236	-1
14796.6123	-1
14804.5010	-1
14812.3896	-1
14820.2783	-1
14828.1670	-1
14836.0557	1
14843.9453	1
14851.8350	1
14859.7246	1
14867.6143	1
14875.5039	1
14883.3936	1
14891.2832	1
14899.1729	1
14907.0625	1
14914.9521	1
14922.8418	1
14930.7324	-1
14938.6230	-1
14946.5137	-1
14954.4043	-1
14962.2949	-1
14970.1855	-1
14978.0762	1
14985.9668	1
14993.8574	-1
15001.7480	-1
15009.6387	-1
15017.5293	-1
15025.4199	-1
15033.3105	-1
15041.2012	-1
15049.0918	-1
15056.9824	-1
15064.8730	-1
15072.7637	-1
15080.6543	-1
15088.5459	1
15096.4375	1
15104.3301	1
15112.2227	1
15120.1162	-1
15128.0098	-1
15135.9033	-1
15143.7969	-1
15151.6904	-1
15159.5840	-1
15167.4775	1
15175.3711	-1
15183.2646	-1
15191.1582	-1
15199.0518	-1
15206.9453	-1
15214.8389	-1
15222.7334	-1
15230.6279	-1
15238.5225	-1
15246.4170	-1
15254.3115	-1
15262.2061	-1
15270.1016	-1
15277.9971	-1
15285.8926	-1
15293.7881	-1
15301.6836	-1
15309.5791	-1
15317.4756	-1
15325.3721	-1
15333.2686	-1
15341.1650	-1
15349.0615	-1
15356.9580	-1
15364.8545	-1
15372.7510	-1
15380.6475	-1
15388.5439	-1
15396.4404	-1
15404.3369	-1
15412.2344	-1
15420.1318	-1
15428.0293	-1
15435.9268	-1
15443.8242	-1
15451.7217	-1
15459.6211	-1
15467.5205	-1
15475.4199	-1
15483.3193	-1
15491.2188	-1
15499.1182	-1
15507.0176	-1
15514.9170	-1
15522.8164	-1
15530.7158	-1
15538.6152	-1
15546.5146	-1
15554.4141	-1
15562.3135	-1
15570.2129	-1
15578.1123	-1
15586.0117	-1
15593.9111	-1
15601.8105	-1
15609.7100	-1
15617.6094	-1
15625.5088	-1
15633.4082	-1
15641.3076	-1
15649.2080	-1
15657.1084	-1
15665.0088	-1
15672.9092	-1
15680.8096	-1
15688.7100	-1
15696.6104	-1
15704.5107	-1
15712.4111	-1
15720.3115	-1
15728.2119	-1
15736.1123	-1
15744.0127	-1
15751.9131	-1
15759.8135	-1
15767.7139	-1
15775.6143	-1
15783.5146	-1
15791.4150	-1
15799.3154	-1
15807.2158	-1
15815.1162	-1
15823.0166	-1
15830.9170	-1
15838.8184	-1
15846.7197	-1
15854.6211	-1
15862.5225	-1
15870.4238	-1
15878.3252	-1
15886.2266	-1
15894.1279	-1
15902.0293	-1
15909.9307	-1
15917.8320	-1
15925.7334	-1
15933.6348	-1
15941.5361	-1
15949.4375	-1
15957.3389	-1
15965.2402	-1
15973.1416	-1
15981.0430	-1
15988.9443	-1
15996.8457	-1
16004.7471	-1
16012.6484	-1
16020.5498	-1
16028.4521	-1
16036.3652	1
16044.2803	-1
16052.1953	1
16060.1104	1
16068.0264	-1
16075.9424	-1
16083.8584	-1
16091.7744	-1
16099.6904	-1
16107.6064	-1
16115.5225	-1
16123.4385	-1
16131.3545	-1
16139.2705	-1
16147.1865	-1
16155.1025	-1
16163.0283	1
16170.9561	-1
16178.8838	1
16186.8115	1
16194.7402	-1
16202.6689	-1
16210.5977	-1
16218.5264	-1
16226.4551	-1
16234.3838	-1
16242.3125	-1
16250.2412	-1
16258.1699	-1
16266.0986	-1
16274.0273	-1
16281.9561	-1
16289.8857	1
16297.8154	1
16305.7451	1
16313.6748	1
16321.6064	-1
16329.5381	-1
16337.4697	-1
16345.4014	-1
16353.3330	-1
16361.2646	-1
16369.1963	-1
16377.1279	-1
16385.0586	-1
16392.9902	-1
16400.9219	-1
16408.8535	-1
16416.7852	-1
16424.7168	-1
16432.6484	-1
16440.5801	-1
16448.5117	-1
16456.4434	-1
16464.3750	-1
16472.3066	-1
16480.2383	-1
16488.1699	-1
16496.1016	-1
16504.0332	-1
16511.9648	1
16519.8965	1
16527.8281	1
16535.7598	1
16543.6914	1
16551.6230	1
16559.5547	1
16567.4863	1
16575.4199	-1
16583.3535	-1
16591.2871	-1
16599.2207	-1
16607.1543	-1
16615.0879	-1
16623.0234	-1
16630.9590	-1
16638.8945	-1
16646.8301	-1
16654.7656	-1
16662.7012	-1
16670.6367	-1
16678.5723	-1
16686.5078	-1
16694.4434	-1
16702.3789	-1
16710.3145	-1
16718.2500	1
16726.1855	1
16734.1211	1
16742.0566	1
16749.9922	1
16757.9277	-1
16765.8633	-1
16773.7988	1
16781.7344	-1
16789.6699	-1
16797.6055	-1
16805.5410	-1
16813.4766	-1
16821.4121	-1
16829.3477	-1
16837.2832	-1
16845.2188	-1
16853.1543	-1
16861.0898	-1
16869.0254	-1
16876.9609	-1
16884.8965	-1
16892.8320	-1
16900.7676	-1
16908.7031	-1
16916.6387	-1
16924.5742	-1
16932.5098	-1
16940.4453	-1
16948.3809	-1
16956.3164	-1
16964.2520	-1
16972.1875	-1
16980.1230	-1
16988.0586	-1
16995.9941	-1
17003.9316	1
17011.8691	1
17019.8066	1
17027.7441	1
17035.6816	1
17043.6191	1
17051.5566	1
17059.4941	1
17067.4316	1
17075.3691	1
17083.3105	-1
17091.2520	-1
17099.1934	-1
17107.1348	-1
17115.0762	-1
17123.0176	-1
17130.9590	-1
17138.9004	-1
17146.8418	-1
17154.7832	-1
17162.7246	-1
17170.6660	-1
17178.6074	-1
17186.5488	-1
17194.4902	-1
17202.4316	-1
17210.3730	-1
17218.3145	-1
17226.2559	-1
17234.1973	-1
17242.1387	-1
17250.0801	-1
17258.0215	-1
17265.9629	-1
17273.9043	-1
17281.8457	-1
17289.7871	-1
17297.7285	-1
17305.6699	-1
17313.6113	-1
17321.5527	-1
17329.4941	-1
17337.4355	-1
17345.3770	-1
17353.3184	-1
17361.2598	-1
17369.2012	-1
17377.1426	-1
17385.0840	-1
17393.0254	-1
17400.9668	-1
17408.9082	-1
17416.8496	1
17424.7910	1
17432.7324	1
17440.6758	1
17448.6191	1
17456.5625	1
17464.5059	1
17472.4492	1
17480.3926	1
17488.3359	1
17496.2793	1
17504.2227	1
17512.1660	1
17520.1094	1
17528.0547	-1
17536.0000	-1
17543.9453	-1
17551.8906	-1
17559.8359	-1
17567.7812	-1
17575.7285	-1
17583.6758	-1
17591.6230	-1
17599.5703	-1
17607.5176	-1
17615.4648	-1
17623.4121	-1
17631.3594	-1
17639.3066	-1
17647.2539	-1
17655.2012	-1
17663.1484	-1
17671.0957	-1
17679.0430	-1
17686.9902	-1
17694.9375	-1
17702.8848	-1
17710.8320	-1
17718.7793	-1
17726.7266	-1
17734.6738	-1
17742.6211	-1
17750.5684	-1
17758.5156	-1
17766.4629	-1
17774.4102	-1
17782.3574	-1
17790.3047	-1
17798.2520	-1
17806.1992	-1
17814.1465	-1
17822.0938	-1
17830.0410	-1
17837.9883	-1
17845.9355	-1
17853.8828	-1
17861.8301	-1
17869.7773	-1
17877.7246	-1
17885.6719	-1
17893.6191	-1
17901.5664	-1
17909.5137	-1
17917.4609	-1
17925.4082	-1
17933.3555	-1
17941.3027	-1
17949.2500	-1
17957.1973	1
17965.1445	1
17973.0918	1
17981.0391	1
17988.9863	1
17996.9336	1
18004.8809	1
18012.8301	1
18020.7793	1
18028.7285	1
18036.6777	1
18044.6270	1
18052.5762	1
18060.5254	1
18068.4746	1
18076.4277	-1
18084.3809	-1
18092.3340	-1
18100.2871	-1
18108.2402	-1
18116.1934	-1
18124.1465	-1
18132.0996	-1
18140.0527	-1
18148.0059	-1
18155.9590	-1
18163.9121	-1
18171.8652	-1
18179.8184	-1
18187.7715	-1
18195.7246	-1
18203.6777	-1
18211.6309	-1
18219.5840	-1
18227.5371	-1
18235.4902	-1
18243.4434	-1
18251.3965	-1
18259.3496	-1
18267.3027	-1
18275.2559	-1
18283.2090	-1
18291.1621	-1
18299.1152	-1
18307.0684	-1
18315.0215	-1
18322.9746	-1
18330.9277	-1
18338.8809	-1
18346.8340	-1
18354.7871	-1
18362.7402	-1
18370.6934	-1
18378.6465	-1
18386.5996	-1
18394.5527	-1
18402.5059	-1
18410.4590	-1
18418.4121	-1
18426.3652	-1
18434.3184	-1
18442.2715	-1
18450.2246	-1
18458.1777	-1
18466.1309	-1
18474.0840	-1
18482.0371	-1
18489.9902	-1
18497.9434	-1
18505.8984	-1
18513.8535	-1
18521.8086	-1
18529.7637	-1
18537.7188	-1
18545.6738	-1
18553.6289	-1
18561.5840	-1
18569.5391	-1
18577.4941	-1
18585.4492	-1
18593.4043	-1
18601.3633	-1
18609.3223	-1
18617.2812	-1
18625.2402	-1
18633.1992	-1
18641.1582	-1
18649.1172	-1
18657.0762	-1
18665.0352	-1
18672.9941	-1
18680.9531	-1
18688.9121	-1
18696.8711	-1
18704.8301	-1
18712.7891	-1
18720.7480	-1
18728.7070	-1
18736.6660	-1
18744.6250	-1
18752.5840	-1
18760.5430	-1
18768.5020	-1
18776.4609	-1
18784.4199	-1
18792.3789	-1
18800.3379	-1
18808.2969	-1
18816.2559	-1
18824.2148	-1
18832.1738	-1
18840.1328	-1
18848.0918	-1
18856.0508	-1
18864.0098	-1
18871.9688	-1
18879.9277	-1
18887.8867	-1
18895.8457	-1
18903.8047	-1
18911.7637	-1
18919.7227	-1
18927.6816	-1
18935.6406	-1
18943.5996	-1
18951.5586	-1
18959.5176	-1
18967.4766	-1
18975.4355	-1
18983.3945	-1
18991.3535	-1
18999.3125	-1
19007.2715	-1
19015.2305	-1
19023.1895	-1
19031.1484	-1
19039.1074	-1
19047.0664	-1
19055.0254	-1
19062.9844	-1
19070.9434	-1
19078.9023	-1
19086.8613	-1
19094.8203	-1
19102.7793	-1
19110.7383	-1
19118.6973	-1
19126.6582	-1
19134.6191	-1
19142.5801	-1
19150.5410	-1
19158.5020	-1
19166.4629	-1
19174.4238	-1
19182.3848	-1
19190.3457	-1
19198.3066	-1
19206.2676	-1
19214.2285	-1
19222.1895	-1
19230.1504	-1
19238.1113	-1
19246.0723	-1
19254.0332	-1
19261.9941	-1
19269.9551	-1
19277.9160	-1
19285.8770	-1
19293.8379	-1
19301.7988	-1
19309.7598	-1
19317.7207	-1
19325.6816	-1
19333.6426	-1
19341.6035	-1
19349.5645	-1
19357.5254	-1
19365.4863	-1
19373.4473	-1
19381.4082	-1
19389.3691	-1
19397.3301	-1
19405.2910	-1
19413.2520	-1
19421.2129	-1
19429.1738	-1
19437.1348	-1
19445.1074	1
19453.0820	-1
19461.0566	1
19469.0312	1
19477.0078	-1
19484.9844	-1
19492.9609	-1
19500.9375	-1
19508.9141	-1
19516.8906	-1
19524.8672	-1
19532.8438	-1
19540.8203	-1
19548.7969	-1
19556.7734	-1
19564.7500	-1
19572.7266	1
19580.7031	1
19588.6797	1
19596.6562	1
19604.6348	-1
19612.6133	-1
19620.5918	-1
19628.5703	-1
19636.5488	-1
19644.5273	-1
19652.5059	1
19660.4844	-1
19668.4629	-1
19676.4414	-1
19684.4199	-1
19692.3984	-1
19700.3770	-1
19708.3555	-1
19716.3340	-1
19724.3125	-1
19732.2910	-1
19740.2695	-1
19748.2480	-1
19756.2266	-1
19764.2051	-1
19772.1836	-1
19780.1621	-1
19788.1406	-1
19796.1191	-1
19804.0996	-1
19812.0801	-1
19820.0605	-1
19828.0410	-1
19836.0312	1
19844.0234	-1
19852.0156	1
19860.0078	1
19868.0020	-1
19875.9961	-1
19883.9902	-1
19891.9941	1
19899.9980	-1
19908.0039	1
19916.0098	1
19924.0156	-1
19932.0215	-1
19940.0371	1
19948.0547	-1
19956.0723	1
19964.0898	1
19972.1094	-1
19980.1289	-1
19988.1484	-1
19996.1680	-1
20004.1875	-1
20012.2070	-1
20020.2266	-1
20028.2461	-1
20036.2656	-1
20044.2852	-1
20052.3047	-1
20060.3242	-1
20068.3438	1
20076.3633	1
20084.3828	1
20092.4023	1
20100.4238	-1
20108.4453	-1
20116.4668	-1
20124.4883	-1
20132.5098	-1
20140.5312	-1
20148.5527	-1
20156.5742	-1
20164.5957	-1
20172.6172	-1
20180.6387	-1
20188.6602	-1
20196.6816	-1
20204.7031	-1
20212.7246	-1
20220.7461	-1
20228.7676	-1
20236.7891	-1
20244.8105	-1
20252.8320	-1
20260.8633	1
20268.8965	-1
20276.9297	1
20284.9629	1
20292.9961	-1
20301.0293	-1
20309.0625	-1
20317.0957	-1
20325.1289	-1
20333.1621	-1
20341.1953	-1
20349.2285	-1
20357.2617	-1
20365.3066	1
20373.3516	-1
20381.3965	1
20389.4414	1
20397.4883	-1
20405.5352	-1
20413.5820	-1
20421.6387	1
20429.6973	-1
20437.7559	1
20445.8145	1
20453.8730	-1
20461.9316	-1
20470.0000	1
20478.0703	-1
20486.1406	1
20494.2109	1
20502.2832	-1
20510.3555	-1
20518.4375	1
20526.5215	-1
20534.6055	1
20542.6895	1
20550.7734	-1
20558.8594	-1
20566.9551	1
20575.0527	-1
20583.1504	1
20591.2480	1
20599.3477	-1
20607.4473	-1
20615.5566	1
20623.6680	-1
20631.7793	1
20639.8906	1
20648.0039	-1
20656.1172	-1
20664.2305	-1
20672.3438	-1
20680.4570	-1
20688.5703	-1
20696.6836	-1
20704.7969	-1
20712.9102	-1
20721.0234	-1
20729.1367	-1
20737.2500	-1
20745.3633	1
20753.4766	1
20761.5898	1
20769.7031	1
20777.8164	-1
20785.9297	-1
20794.0430	-1
20802.1562	-1
20810.2695	-1
20818.3828	-1
20826.4961	-1
20834.6094	-1
20842.7227	-1
20850.8359	-1
20858.9492	-1
20867.0625	-1
20875.1758	-1
20883.2910	-1
20891.4062	-1
20899.5215	-1
20907.6367	-1
20915.7520	-1
20923.8672	-1
20931.9824	-1
20940.0977	-1
20948.2129	-1
20956.3281	-1
20964.4434	-1
20972.5586	1
20980.6738	1
20988.7891	1
20996.9043	1
21005.0195	1
21013.1348	1
21021.2500	1
21029.3672	-1
21037.4844	-1
21045.6016	-1
21053.7188	-1
21061.8359	-1
21069.9531	-1
21078.0703	-1
21086.1875	-1
21094.3047	-1
21102.4219	-1
21110.5391	-1
21118.6562	-1
21126.7734	-1
21134.8906	-1
21143.0078	-1
21151.1250	-1
21159.2422	-1
21167.3594	-1
21175.4766	-1
21183.5938	-1
21191.7109	-1
21199.8281	-1
21207.9453	-1
21216.0625	-1
21224.1797	-1
21232.2969	-1
21240.4141	-1
21248.5312	-1
21256.6484	-1
21264.7656	-1
21272.8828	-1
21281.0000	-1
21289.1172	-1
21297.2344	-1
21305.3516	-1
21313.4688	-1
21321.5859	-1
21329.7031	-1
21337.8203	-1
21345.9473	1
21354.0762	-1
21362.2051	1
21370.3340	1
21378.4629	-1
21386.5938	-1
21394.7344	1
21402.8750	-1
21411.0176	1
21419.1602	1
21427.3027	-1
21435.4453	-1
21443.5879	-1
21451.7305	-1
21459.8730	-1
21468.0156	-1
21476.1582	-1
21484.3008	-1
21492.4434	-1
21500.5859	-1
21508.7285	-1
21516.8711	-1
21525.0137	1
21533.1582	1
21541.3027	1
21549.4473	1
21557.5938	-1
21565.7402	-1
21573.8867	-1
21582.0332	-1
21590.1797	-1
21598.3262	-1
21606.4727	-1
21614.6191	-1
21622.7656	-1
21630.9121	-1
21639.0586	-1
21647.2051	-1
21655.3516	-1
21663.4980	-1
21671.6445	-1
21679.7910	-1
21687.9375	-1
21696.0840	-1
21704.2305	1
21712.3770	1
21720.5234	-1
21728.6699	-1
21736.8164	-1
21744.9629	-1
21753.1094	-1
21761.2559	-1
21769.4043	-1
21777.5527	-1
21785.7012	-1
21793.8496	-1
21801.9980	-1
21810.1465	-1
21818.2949	-1
21826.4531	1
21834.6113	-1
21842.7715	1
21850.9316	1
21859.0918	-1
21867.2520	-1
21875.4121	-1
21883.5723	-1
21891.7324	-1
21899.8926	-1
21908.0527	-1
21916.2129	-1
21924.3730	-1
21932.5332	-1
21940.6934	-1
21948.8535	-1
21957.0137	1
21965.1738	1
21973.3340	1
21981.4941	1
21989.6562	-1
21997.8184	-1
22005.9805	-1
22014.1426	-1
22022.3047	-1
22030.4668	-1
22038.6289	-1
22046.7910	-1
22054.9531	-1
22063.1152	-1
22071.2773	-1
22079.4395	-1
22087.6016	-1
22095.7637	-1
22103.9258	-1
22112.0879	-1
22120.2500	-1
22128.4121	-1
22136.5742	-1
22144.7363	-1
22152.8984	-1
22161.0605	-1
22169.2227	-1
22177.3848	-1
22185.5469	1
22193.7090	1
22201.8711	1
22210.0332	1
22218.1953	1
22226.3574	1
22234.5195	1
22242.6816	1
22250.8438	-1
22259.0059	-1
22267.1680	-1
22275.3301	-1
22283.4922	-1
22291.6543	-1
22299.8184	1
22307.9824	1
22316.1465	-1
22324.3105	-1
22332.4746	-1
22340.6387	-1
22348.8027	-1
22356.9668	-1
22365.1309	-1
22373.2949	-1
22381.4590	-1
22389.6230	-1
22397.7871	-1
22405.9512	-1
22414.1152	1
22422.2793	-1
22430.4434	-1
22438.6074	-1
22446.7715	-1
22454.9355	-1
22463.0996	-1
22471.2637	1
22479.4277	-1
22487.5918	-1
22495.7559	-1
22503.9199	-1
22512.0840	-1
22520.2480	-1
22528.4141	-1
22536.5801	-1
22544.7461	-1
22552.9121	-1
22561.0781	-1
22569.2441	-1
22577.4102	-1
22585.5762	-1
22593.7422	-1
22601.9082	-1
22610.0742	-1
22618.2402	-1
22626.4062	-1
22634.5723	-1
22642.7383	-1
22650.9043	-1
22659.0703	-1
22667.2363	-1
22675.4023	-1
22683.5684	-1
22691.7344	-1
22699.9004	-1
22708.0664	-1
22716.2324	-1
22724.3984	-1
22732.5645	-1
22740.7305	-1
22748.8965	-1
22757.0625	-1
22765.2285	-1
22773.3945	-1
22781.5605	-1
22789.7266	-1
22797.8926	-1
22806.0586	-1
22814.2246	-1
22822.3906	-1
22830.5684	1
22838.7461	-1
22846.9238	1
22855.1016	1
22863.2812	-1
22871.4609	-1
22879.6504	1
22887.8418	-1
22896.0332	1
22904.2246	1
22912.4180	-1
22920.6113	-1
22928.8145	1
22937.0195	-1
22945.2246	1
22953.4297	1
22961.6348	-1
22969.8398	-1
22978.0547	1
22986.2715	-1
22994.4883	1
23002.7051	1
23010.9219	-1
23019.1406	-1
23027.3672	1
23035.5957	-1
23043.8242	1
23052.0527	1
23060.2832	-1
23068.5137	-1
23076.7539	1
23084.9961	-1
23093.2383	1
23101.4805	1
23109.7227	-1
23117.9648	-1
23126.2070	-1
23134.4590	1
23142.7129	-1
23150.9668	1
23159.2207	1
23167.4746	-1
23175.7285	-1
23183.9824	-1
23192.2461	1
23200.5117	-1
23208.7773	1
23217.0430	1
23225.3086	-1
23233.5762	-1
23241.8535	1
23250.1309	-1
23258.4082	1
23266.6855	1
23274.9648	-1
23283.2441	-1
23291.5234	-1
23299.8125	1
23308.1016	-1
23316.3926	1
23324.6836	1
23332.9746	-1
23341.2656	-1
23349.5566	-1
23357.8574	1
23366.1582	-1
23374.4609	1
23382.7637	1
23391.0664	-1
23399.3691	-1
23407.6816	1
23415.9961	-1
23424.3105	1
23432.6250	1
23440.9395	-1
23449.2539	-1
23457.5781	1
23465.9043	-1
23474.2305	1
23482.5566	1
23490.8848	-1
23499.2129	-1
23507.5410	-1
23515.8691	-1
23524.1973	-1
23532.5254	-1
23540.8535	-1
23549.1816	-1
23557.5098	-1
23565.8379	-1
23574.1660	-1
23582.4941	-1
23590.8223	1
23599.1504	1
23607.4785	1
23615.8066	1
23624.1348	-1
23632.4629	-1
23640.7910	-1
23649.1191	-1
23657.4473	-1
23665.7754	-1
23674.1035	-1
23682.4316	-1
23690.7598	-1
23699.0879	-1
23707.4160	-1
23715.7441	-1
23724.0723	-1
23732.4004	-1
23740.7285	-1
23749.0566	-1
23757.3848	-1
23765.7129	-1
23774.0410	-1
23782.3691	-1
23790.6973	-1
23799.0254	-1
23807.3535	-1
23815.6816	-1
23824.0098	1
23832.3398	1
23840.6699	-1
23849.0000	-1
23857.3301	-1
23865.6602	-1
23873.9902	-1
23882.3203	-1
23890.6504	-1
23898.9805	-1
23907.3105	-1
23915.6406	-1
23923.9707	-1
23932.3105	1
23940.6504	-1
23948.9922	1
23957.3340	1
23965.6758	-1
23974.0176	-1
23982.3594	-1
23990.7012	-1
23999.0430	-1
24007.3848	-1
24015.7266	-1
24024.0684	-1
24032.4102	-1
24040.7520	-1
24049.0938	-1
24057.4355	-1
24065.7773	1
24074.1191	1
24082.4609	1
24090.8047	-1
24099.1484	-1
24107.4922	-1
24115.8359	-1
24124.1797	-1
24132.5234	-1
24140.8672	-1
24149.2109	-1
24157.5547	-1
24165.8984	-1
24174.2422	-1
24182.5859	-1
24190.9297	-1
24199.2832	1
24207.6387	-1
24215.9941	1
24224.3496	1
24232.7070	-1
24241.0645	-1
24249.4219	-1
24257.7793	-1
24266.1367	-1
24274.4941	-1
24282.8516	-1
24291.2090	-1
24299.5664	-1
24307.9238	-1
24316.2812	-1
24324.6387	-1
24332.9961	1
24341.3535	1
24349.7109	1
24358.0684	1
24366.4277	-1
24374.7871	-1
24383.1465	-1
24391.5059	-1
24399.8652	-1
24408.2246	-1
24416.5840	-1
24424.9434	-1
24433.3027	-1
24441.6621	-1
24450.0215	-1
24458.3809	-1
24466.7402	1
24475.0996	1
24483.4590	1
24491.8184	1
24500.1777	-1
24508.5371	-1
24516.8965	-1
24525.2559	-1
24533.6152	-1
24541.9746	-1
24550.3340	-1
24558.6934	-1
24567.0527	-1
24575.4121	-1
24583.7715	-1
24592.1309	-1
24600.4902	1
24608.8496	1
24617.2090	1
24625.5684	1
24633.9316	-1
24642.2949	-1
24650.6582	-1
24659.0215	-1
24667.3848	-1
24675.7480	-1
24684.1113	-1
24692.4746	-1
24700.8379	-1
24709.2012	-1
24717.5645	-1
24725.9277	-1
24734.2910	-1
24742.6543	-1
24751.0176	-1
24759.3809	-1
24767.7441	-1
24776.1074	-1
24784.4707	1
24792.8340	1
24801.1973	-1
24809.5605	1
24817.9238	-1
24826.2871	-1
24834.6504	-1
24843.0137	-1
24851.3770	-1
24859.7402	1
24868.1035	1
24876.4668	1
24884.8320	-1
24893.1973	-1
24901.5625	-1
24909.9277	-1
24918.2930	-1
24926.6582	-1
24935.0234	1
24943.3887	1
24951.7539	-1
24960.1191	-1
24968.4844	-1
24976.8496	-1
24985.2148	-1
24993.5801	-1
25001.9453	-1
25010.3105	-1
25018.6758	-1
25027.0410	-1
25035.4062	-1
25043.7715	-1
25052.1367	-1
25060.5020	-1
25068.8672	-1
25077.2324	-1
25085.5977	-1
25093.9629	-1
25102.3281	1
25110.6934	1
25119.0586	-1
25127.4238	-1
25135.7891	-1
25144.1543	-1
25152.5195	-1
25160.8848	-1
25169.2520	1
25177.6191	1
25185.9863	1
25194.3535	1
25202.7207	1
25211.0879	1
25219.4551	1
25227.8223	1
25236.1914	-1
25244.5605	-1
25252.9297	-1
25261.2988	-1
25269.6680	-1
25278.0371	-1
25286.4062	-1
25294.7754	-1
25303.1445	-1
25311.5137	-1
25319.8828	-1
25328.2520	-1
25336.6211	-1
25344.9902	-1
25353.3594	-1
25361.7285	-1
25370.0977	-1
25378.4668	-1
25386.8359	-1
25395.2051	-1
25403.5742	-1
25411.9434	-1
25420.3125	-1
25428.6816	-1
25437.0527	1
25445.4238	1
25453.7949	1
25462.1660	1
25470.5371	1
25478.9082	1
25487.2793	1
25495.6504	1
25504.0234	-1
25512.3965	-1
25520.7695	-1
25529.1426	-1
25537.5156	-1
25545.8887	-1
25554.2617	1
25562.6348	1
25571.0078	-1
25579.3809	-1
25587.7539	-1
25596.1270	-1
25604.5000	-1
25612.8730	-1
25621.2480	1
25629.6230	1
25638.0000	-1
25646.3770	-1
25654.7539	-1
25663.1309	-1
25671.5078	-1
25679.8848	-1
25688.2617	-1
25696.6387	-1
25705.0156	-1
25713.3926	-1
25721.7695	-1
25730.1465	-1
25738.5234	-1
25746.9004	-1
25755.2773	-1
25763.6543	-1
25772.0312	-1
25780.4082	-1
25788.7852	-1
25797.1621	-1
25805.5391	-1
25813.9160	-1
25822.2930	-1
25830.6699	-1
25839.0469	-1
25847.4238	-1
25855.8008	-1
25864.1777	-1
25872.5547	-1
25880.9316	-1
25889.3086	-1
25897.6855	-1
25906.0625	-1
25914.4395	-1
25922.8164	-1
25931.1934	-1
25939.5703	-1
25947.9473	-1
25956.3242	-1
25964.7012	-1
25973.0781	-1
25981.4551	-1
25989.8320	-1
25998.2090	-1
26006.5859	-1
26014.9629	-1
26023.3398	-1
26031.7168	-1
26040.0938	-1
26048.4707	-1
26056.8477	-1
26065.2246	-1
26073.6016	-1
26081.9785	-1
26090.3555	-1
26098.7324	-1
26107.1094	-1
26115.4863	-1
26123.8633	-1
26132.2402	-1
26140.6172	-1
26148.9941	-1
26157.3711	-1
26165.7480	-1
26174.1250	-1
26182.5020	-1
26190.8789	-1
26199.2559	-1
26207.6328	-1
26216.0098	-1
26224.3867	-1
26232.7637	-1
26241.1406	-1
26249.5176	-1
26257.8945	-1
26266.2715	-1
26274.6484	-1
26283.0254	-1
26291.4023	-1
26299.7793	-1
26308.1562	-1
26316.5332	-1
26324.9102	-1
26333.2871	-1
26341.6641	-1
26350.0410	-1
26358.4180	-1
26366.7949	-1
26375.1719	-1
26383.5488	-1
26391.9277	1
26400.3066	1
26408.6855	1
26417.0645	1
26425.4434	1
26433.8223	1
26442.2012	-1
26450.5801	-1
26458.9590	-1
26467.3379	-1
26475.7168	-1
26484.0957	-1
26492.4785	-1
26500.8613	-1
26509.2441	-1
26517.6270	-1
26526.0098	-1
26534.3926	-1
26542.7754	-1
26551.1582	-1
26559.5410	-1
26567.9238	-1
26576.3066	-1
26584.6895	-1
26593.0723	-1
26601.4551	-1
26609.8379	-1
26618.2207	-1
26626.6035	-1
26634.9863	-1
26643.3691	-1
26651.7520	-1
26660.1348	-1
26668.5176	-1
26676.9004	-1
26685.2832	-1
26693.6660	-1
26702.0488	-1
26710.4316	-1
26718.8145	-1
26727.1973	-1
26735.5801	-1
26743.9629	-1
26752.3457	-1
26760.7285	-1
26769.1113	-1
26777.4941	-1
26785.8770	-1
26794.2598	-1
26802.6426	-1
26811.0254	-1
26819.4082	-1
26827.7910	-1
26836.1738	-1
26844.5566	-1
26852.9395	-1
26861.3223	-1
26869.7051	-1
26878.0879	-1
26886.4707	-1
26894.8535	-1
26903.2363	-1
26911.6191	-1
26920.0020	-1
26928.3848	-1
26936.7676	-1
26945.1504	-1
26953.5332	-1
26961.9160	-1
26970.3008	-1
26978.6855	-1
26987.0703	-1
26995.4551	-1
27003.8398	-1
27012.2246	-1
27020.6094	-1
27028.9941	-1
27037.3789	-1
27045.7637	-1
27054.1484	-1
27062.5332	-1
27070.9180	-1
27079.3027	-1
27087.6875	-1
27096.0723	-1
27104.4570	-1
27112.8418	-1
27121.2266	-1
