0.0000	0
0.0328	-1
1.4953	-1
2.9583	1
9.8556	1
16.7545	-1
23.6538	1
30.5531	1
37.4538	-1
44.3544	-1
51.2550	-1
58.1557	-1
65.0563	-1
71.9569	-1
78.8577	-1
85.7584	-1
92.6592	-1
99.5600	-1
106.4607	-1
113.3615	-1
120.2626	1
127.1637	1
134.0649	1
140.9660	1
147.8686	-1
154.7712	-1
161.6737	-1
168.5763	-1
175.4788	-1
182.3814	-1
189.2844	1
196.1873	1
203.0904	-1
209.9934	-1
216.8965	-1
223.7995	-1
230.7026	-1
237.6056	-1
244.5088	-1
251.4120	-1
258.3151	-1
265.2183	-1
272.1215	-1
279.0246	-1
285.9280	-1
292.8313	-1
299.7347	-1
306.6380	-1
313.5414	-1
320.4447	-1
327.3483	1
334.2520	1
341.1556	1
348.0593	1
354.9632	1
361.8672	1
368.7730	-1
375.6789	-1
382.5848	-1
389.4907	-1
396.3966	-1
403.3025	-1
410.2085	-1
417.1145	-1
424.0205	-1
430.9265	-1
437.8325	-1
444.7385	-1
451.6454	1
458.5524	1
465.4594	1
472.3665	1
479.2736	-1
486.1808	-1
493.0880	-1
499.9951	-1
506.9023	-1
513.8094	-1
520.7168	-1
527.6241	-1
534.5315	-1
541.4388	-1
548.3462	-1
555.2535	-1
562.1610	-1
569.0685	-1
575.9760	-1
582.8834	-1
589.7909	-1
596.6984	-1
603.6060	-1
610.5137	-1
617.4213	-1
624.3290	-1
631.2366	-1
638.1443	-1
645.0521	-1
651.9598	-1
658.8676	-1
665.7754	-1
672.6832	-1
679.5909	-1
686.4988	-1
693.4067	-1
700.3146	-1
707.2225	-1
714.1304	-1
721.0383	-1
727.9463	1
734.8543	1
741.7623	1
748.6725	-1
755.5826	-1
762.4928	-1
769.4030	-1
776.3131	-1
783.2233	-1
790.1341	-1
797.0449	-1
803.9557	-1
810.8666	-1
817.7774	-1
824.6883	-1
831.5994	-1
838.5104	-1
845.4215	-1
852.3326	-1
859.2437	-1
866.1547	-1
873.0659	-1
879.9771	-1
886.8883	-1
893.7995	-1
900.7107	-1
907.6219	-1
914.5332	-1
921.4445	-1
928.3559	-1
935.2673	-1
942.1786	-1
949.0900	-1
956.0015	-1
962.9129	-1
969.8243	-1
976.7358	-1
983.6472	-1
990.5587	-1
997.4702	-1
1004.3818	-1
1011.2933	-1
1018.2049	-1
1025.1165	-1
1032.0391	1
1038.9631	-1
1045.8876	1
1052.8120	1
1059.7377	-1
1066.6633	-1
1073.5890	-1
1080.5146	-1
1087.4403	-1
1094.3660	-1
1101.2917	-1
1108.2175	-1
1115.1433	-1
1122.0691	-1
1128.9949	-1
1135.9207	-1
1142.8468	1
1149.7729	1
1156.6991	1
1163.6252	1
1170.5531	-1
1177.4810	-1
1184.4088	-1
1191.3367	-1
1198.2645	-1
1205.1924	-1
1212.1204	-1
1219.0483	-1
1225.9763	-1
1232.9043	-1
1239.8323	-1
1246.7603	-1
1253.6884	-1
1260.6165	-1
1267.5446	-1
1274.4727	-1
1281.4008	-1
1288.3289	-1
1295.2571	-1
1302.1853	-1
1309.1135	-1
1316.0417	-1
1322.9700	-1
1329.8982	-1
1336.8267	1
1343.7551	1
1350.6837	1
1357.6123	1
1364.5409	1
1371.4695	1
1378.3983	1
1385.3271	1
1392.2578	-1
1399.1885	-1
1406.1193	-1
1413.0500	-1
1419.9808	-1
1426.9116	-1
1433.8424	-1
1440.7732	-1
1447.7040	-1
1454.6348	-1
1461.5656	-1
1468.4963	-1
1475.4272	-1
1482.3582	-1
1489.2891	-1
1496.2200	-1
1503.1509	-1
1510.0818	-1
1517.0128	-1
1523.9438	-1
1530.8749	-1
1537.8059	-1
1544.7369	-1
1551.6680	-1
1558.6005	1
1565.5337	-1
1572.4669	-1
1579.4001	-1
1586.3334	-1
1593.2666	-1
1600.1998	-1
1607.1332	-1
1614.0665	-1
1620.9999	-1
1627.9332	-1
1634.8666	-1
1641.7999	-1
1648.7334	-1
1655.6669	-1
1662.6003	-1
1669.5338	-1
1676.4673	-1
1683.4008	-1
1690.3344	-1
1697.2679	-1
1704.2015	-1
1711.1351	-1
1718.0687	-1
1725.0023	-1
1731.9364	-1
1738.8705	-1
1745.8046	-1
1752.7495	1
1759.6956	-1
1766.6420	1
1773.5884	1
1780.5353	-1
1787.4822	-1
1794.4292	-1
1801.3762	-1
1808.3232	-1
1815.2703	-1
1822.2173	-1
1829.1643	-1
1836.1113	-1
1843.0583	-1
1850.0054	-1
1856.9524	-1
1863.8998	1
1870.8472	1
1877.7946	1
1884.7421	1
1891.6901	-1
1898.6381	-1
1905.5861	-1
1912.5341	-1
1919.4821	-1
1926.4301	-1
1933.3782	-1
1940.3263	-1
1947.2744	-1
1954.2225	-1
1961.1707	-1
1968.1188	-1
1975.0673	1
1982.0157	1
1988.9645	-1
1995.9132	-1
2002.8619	-1
2009.8107	-1
2016.7594	-1
2023.7081	-1
2030.6569	-1
2037.6056	-1
2044.5543	-1
2051.5032	-1
2058.4519	-1
2065.4006	-1
2072.3499	-1
2079.2991	-1
2086.2483	-1
2093.1975	-1
2100.1467	-1
2107.0959	-1
2114.0454	-1
2120.9949	-1
2127.9443	-1
2134.9036	1
2141.8640	-1
2148.8247	1
2155.7854	1
2162.7466	-1
2169.7085	-1
2176.6794	1
2183.6516	-1
2190.6240	1
2197.5967	1
2204.5703	-1
2211.5442	-1
2218.5181	-1
2225.4919	-1
2232.4658	-1
2239.4397	-1
2246.4136	-1
2253.3875	-1
2260.3613	-1
2267.3352	-1
2274.3091	-1
2281.2830	-1
2288.2571	1
2295.2314	1
2302.2058	1
2309.1802	1
2316.1562	-1
2323.1323	-1
2330.1084	-1
2337.0845	-1
2344.0605	-1
2351.0366	-1
2358.0129	-1
2364.9893	-1
2371.9656	-1
2378.9419	-1
2385.9182	-1
2392.8945	-1
2399.8708	-1
2406.8472	-1
2413.8235	-1
2420.7998	-1
2427.7761	-1
2434.7524	-1
2441.7290	-1
2448.7056	-1
2455.6821	-1
2462.6587	-1
2469.6353	-1
2476.6118	-1
2483.5886	1
2490.5654	1
2497.5422	1
2504.5190	1
2511.4958	1
2518.4727	1
2525.4495	1
2532.4265	1
2539.4050	-1
2546.3835	-1
2553.3621	-1
2560.3406	-1
2567.3191	-1
2574.2976	-1
2581.2769	1
2588.2561	1
2595.2358	-1
2602.2156	-1
2609.1953	-1
2616.1750	-1
2623.1548	-1
2630.1345	-1
2637.1145	1
2644.0945	1
2651.0747	-1
2658.0549	-1
2665.0352	-1
2672.0154	-1
2678.9956	-1
2685.9758	-1
2692.9563	-1
2699.9368	-1
2706.9172	-1
2713.8977	-1
2720.8782	-1
2727.8586	-1
2734.8391	-1
2741.8196	-1
2748.8000	-1
2755.7805	-1
2762.7610	-1
2769.7415	-1
2776.7227	1
2783.7041	1
2790.6858	-1
2797.6675	-1
2804.6492	-1
2811.6309	-1
2818.6125	-1
2825.5942	-1
2832.5759	-1
2839.5576	-1
2846.5393	-1
2853.5210	-1
2860.5027	-1
2867.4844	-1
2874.4663	-1
2881.4482	-1
2888.4302	-1
2895.4121	-1
2902.3940	-1
2909.3760	-1
2916.3591	-1
2923.3423	-1
2930.3254	-1
2937.3086	-1
2944.2917	-1
2951.2749	-1
2958.2588	-1
2965.2427	-1
2972.2266	-1
2979.2104	-1
2986.1943	-1
2993.1782	-1
3000.1621	-1
3007.1460	-1
3014.1299	-1
3021.1138	-1
3028.0977	-1
3035.0815	-1
3042.0657	-1
3049.0498	-1
3056.0339	-1
3063.0181	-1
3070.0022	-1
3076.9863	-1
3083.9712	-1
3090.9561	-1
3097.9409	-1
3104.9258	-1
3111.9106	-1
3118.8955	-1
3125.8804	-1
3132.8652	-1
3139.8613	1
3146.8589	-1
3153.8567	1
3160.8545	1
3167.8533	-1
3174.8521	-1
3181.8508	-1
3188.8499	-1
3195.8608	1
3202.8733	-1
3209.8860	1
3216.8987	1
3223.9126	-1
3230.9265	-1
3237.9404	-1
3244.9543	-1
3251.9683	-1
3258.9924	1
3266.0178	-1
3273.0435	1
3280.0693	1
3287.0962	-1
3294.1230	-1
3301.1499	-1
3308.1768	-1
3315.2036	-1
3322.2305	-1
3329.2576	-1
3336.2847	-1
3343.3118	-1
3350.3389	-1
3357.3660	-1
3364.3931	-1
3371.4204	1
3378.4480	1
3385.4756	1
3392.5032	1
3399.5322	-1
3406.5613	-1
3413.5903	-1
3420.6194	-1
3427.6484	-1
3434.6775	-1
3441.7068	-1
3448.7361	-1
3455.7654	-1
3462.7947	-1
3469.8240	-1
3476.8533	-1
3483.8826	-1
3490.9119	-1
3497.9412	-1
3504.9705	-1
3511.9998	-1
3519.0291	-1
3526.0586	-1
3533.0881	-1
3540.1177	-1
3547.1472	-1
3554.1768	-1
3561.2063	-1
3568.2361	1
3575.2659	1
3582.2957	1
3589.3254	1
3596.3555	1
3603.3855	1
3610.4160	1
3617.4465	1
3624.4790	-1
3631.5115	-1
3638.5439	-1
3645.5764	-1
3652.6089	-1
3659.6414	-1
3666.6741	-1
3673.7068	-1
3680.7395	-1
3687.7722	-1
3694.8049	-1
3701.8376	-1
3708.8704	-1
3715.9031	-1
3722.9358	-1
3729.9685	-1
3737.0012	-1
3744.0339	-1
3751.0674	-1
3758.1008	-1
3765.1343	1
3772.1677	-1
3779.2012	-1
3786.2346	-1
3793.2681	-1
3800.3015	1
3807.3350	1
3814.3684	-1
3821.4019	-1
3828.4353	1
3835.4688	-1
3842.5022	-1
3849.5356	-1
3856.5691	-1
3863.6028	-1
3870.6365	-1
3877.6702	-1
3884.7039	-1
3891.7375	-1
3898.7712	-1
3905.8052	-1
3912.8391	-1
3919.8730	-1
3926.9070	-1
3933.9409	-1
3940.9749	-1
3948.0093	-1
3955.0437	-1
3962.0781	-1
3969.1125	-1
3976.1470	-1
3983.1814	-1
3990.2170	-1
3997.2527	-1
4004.2883	-1
4011.3240	-1
4018.3596	-1
4025.3953	-1
4032.4312	-1
4039.4670	-1
4046.5029	-1
4053.5388	-1
4060.5747	-1
4067.6106	-1
4074.6465	-1
4081.6824	-1
4088.7183	-1
4095.7542	-1
4102.7900	-1
4109.8262	-1
4116.8623	-1
4123.8984	-1
4130.9346	-1
4137.9814	1
4145.0293	-1
4152.0776	1
4159.1260	1
4166.1748	-1
4173.2236	-1
4180.2725	-1
4187.3213	-1
4194.3701	-1
4201.4189	-1
4208.4678	-1
4215.5166	-1
4222.5654	-1
4229.6143	-1
4236.6631	-1
4243.7119	-1
4250.7612	1
4257.8105	1
4264.8599	1
4271.9092	1
4278.9590	-1
4286.0088	-1
4293.0586	-1
4300.1084	-1
4307.1582	-1
4314.2080	-1
4321.2583	1
4328.3086	-1
4335.3589	-1
4342.4092	-1
4349.4595	-1
4356.5098	-1
4363.5601	-1
4370.6108	1
4377.6616	-1
4384.7124	-1
4391.7632	-1
4398.8140	-1
4405.8647	-1
4412.9155	-1
4419.9663	-1
4427.0171	-1
4434.0679	-1
4441.1187	-1
4448.1694	-1
4455.2202	-1
4462.2715	1
4469.3228	1
4476.3740	1
4483.4253	1
4490.4771	-1
4497.5288	-1
4504.5806	-1
4511.6323	-1
4518.6841	-1
4525.7358	-1
4532.7876	-1
4539.8394	-1
4546.8911	-1
4553.9429	-1
4560.9946	-1
4568.0464	-1
4575.0991	-1
4582.1519	-1
4589.2046	-1
4596.2573	-1
4603.3101	-1
4610.3628	-1
4617.4160	-1
4624.4692	-1
4631.5225	-1
4638.5757	-1
4645.6289	-1
4652.6821	-1
4659.7354	-1
4666.7886	-1
4673.8418	-1
4680.8950	-1
4687.9482	-1
4695.0015	-1
4702.0547	-1
4709.1079	-1
4716.1611	-1
4723.2246	1
4730.2891	-1
4737.3540	1
4744.4189	1
4751.4849	-1
4758.5508	-1
4765.6167	-1
4772.6826	-1
4779.7485	-1
4786.8145	-1
4793.8809	-1
4800.9473	-1
4808.0137	-1
4815.0801	-1
4822.1465	-1
4829.2129	-1
4836.2793	1
4843.3457	1
4850.4121	1
4857.4785	1
4864.5469	-1
4871.6152	-1
4878.6836	-1
4885.7520	-1
4892.8203	-1
4899.8887	-1
4906.9575	-1
4914.0264	-1
4921.0952	-1
4928.1641	-1
4935.2329	-1
4942.3018	-1
4949.3706	-1
4956.4395	-1
4963.5083	-1
4970.5771	-1
4977.6460	-1
4984.7148	-1
4991.7837	-1
4998.8525	-1
5005.9214	-1
5012.9902	-1
5020.0591	-1
5027.1279	-1
5034.1973	1
5041.2666	1
5048.3364	1
5055.4062	1
5062.4761	1
5069.5459	1
5076.6157	1
5083.6860	1
5090.7622	-1
5097.8384	-1
5104.9146	-1
5111.9907	-1
5119.0669	-1
5126.1431	-1
5133.2192	-1
5140.2954	-1
5147.3716	-1
5154.4478	-1
5161.5239	-1
5168.6001	-1
5175.6763	-1
5182.7524	-1
5189.8286	-1
5196.9048	-1
5203.9810	-1
5211.0571	-1
5218.1338	-1
5225.2104	-1
5232.2871	-1
5239.3638	-1
5246.4404	-1
5253.5171	-1
5260.5938	-1
5267.6704	-1
5274.7471	-1
5281.8237	-1
5288.9004	-1
5295.9771	-1
5303.0537	-1
5310.1304	-1
5317.2070	-1
5324.2837	-1
5331.3604	-1
5338.4370	-1
5345.5137	-1
5352.5903	-1
5359.6670	-1
5366.7437	-1
5373.8203	-1
5380.8970	-1
5387.9741	-1
5395.0610	1
5402.1494	-1
5409.2378	1
5416.3267	1
5423.4165	-1
5430.5063	-1
5437.5962	-1
5444.6860	-1
5451.7759	-1
5458.8657	-1
5465.9556	-1
5473.0552	1
5480.1562	-1
5487.2578	1
5494.3594	1
5501.4619	-1
5508.5645	-1
5515.6670	-1
5522.7793	1
5529.8931	-1
5537.0068	1
5544.1206	1
5551.2354	-1
5558.3501	-1
5565.4648	-1
5572.5801	-1
5579.7046	1
5586.8301	-1
5593.9561	1
5601.0820	1
5608.2085	-1
5615.3350	-1
5622.4619	-1
5629.5981	1
5636.7358	-1
5643.8735	1
5651.0112	1
5658.1499	-1
5665.2886	-1
5672.4375	1
5679.5874	-1
5686.7378	1
5693.8882	1
5701.0391	-1
5708.1904	-1
5715.3511	1
5722.5132	-1
5729.6753	1
5736.8374	1
5744.0005	-1
5751.1636	-1
5758.3267	-1
5765.4902	-1
5772.6626	1
5779.8364	-1
5787.0103	1
5794.1841	1
5801.3589	-1
5808.5337	-1
5815.7085	-1
5822.8838	-1
5830.0688	1
5837.2549	-1
5844.4414	1
5851.6279	1
5858.8154	-1
5866.0029	-1
5873.1904	-1
5880.3896	1
5887.5898	-1
5894.7905	1
5901.9912	1
5909.1924	-1
5916.3936	-1
5923.5947	-1
5930.7959	-1
5937.9971	-1
5945.1982	-1
5952.3994	-1
5959.6006	-1
5966.8018	-1
5974.0029	-1
5981.2041	-1
5988.4053	-1
5995.6069	1
6002.8086	1
6010.0107	-1
6017.2129	-1
6024.4150	-1
6031.6172	-1
6038.8193	-1
6046.0215	-1
6053.2236	-1
6060.4355	1
6067.6489	-1
6074.8623	1
6082.0757	1
6089.2900	-1
6096.5044	-1
6103.7290	1
6110.9546	-1
6118.1807	1
6125.4067	1
6132.6333	-1
6139.8599	-1
6147.0874	-1
6154.3242	1
6161.5625	-1
6168.8008	1
6176.0391	1
6183.2788	-1
6190.5186	-1
6197.7583	-1
6204.9980	-1
6212.2378	-1
6219.4775	-1
6226.7173	-1
6233.9570	-1
6241.1968	-1
6248.4463	1
6255.6973	-1
6262.9482	1
6270.1997	1
6277.4521	-1
6284.7046	-1
6291.9570	-1
6299.2095	-1
6306.4619	-1
6313.7144	-1
6320.9668	-1
6328.2192	-1
6335.4717	-1
6342.7241	-1
6349.9766	-1
6357.2290	-1
6364.4819	1
6371.7349	1
6378.9878	1
6386.2407	1
6393.4946	-1
6400.7485	-1
6408.0024	-1
6415.2563	-1
6422.5103	-1
6429.7642	-1
6437.0186	1
6444.2729	1
6451.5278	-1
6458.7827	-1
6466.0376	-1
6473.2925	-1
6480.5474	-1
6487.8022	-1
6495.0571	-1
6502.3120	-1
6509.5669	-1
6516.8218	-1
6524.0767	-1
6531.3315	-1
6538.5864	-1
6545.8413	-1
6553.0962	-1
6560.3511	-1
6567.6060	-1
6574.8608	-1
6582.1162	1
6589.3716	1
6596.6270	1
6603.8833	-1
6611.1396	-1
6618.3960	-1
6625.6523	-1
6632.9087	-1
6640.1650	-1
6647.4224	-1
6654.6797	-1
6661.9370	-1
6669.1943	-1
6676.4517	-1
6683.7090	-1
6690.9668	-1
6698.2246	-1
6705.4824	-1
6712.7402	-1
6719.9980	-1
6727.2559	-1
6734.5137	-1
6741.7715	-1
6749.0293	-1
6756.2871	-1
6763.5449	-1
6770.8027	-1
6778.0605	-1
6785.3184	-1
6792.5762	-1
6799.8340	-1
6807.0918	-1
6814.3496	-1
6821.6182	1
6828.8877	-1
6836.1577	1
6843.4277	1
6850.6987	-1
6857.9697	-1
6865.2407	-1
6872.5117	-1
6879.7827	-1
6887.0537	-1
6894.3252	-1
6901.5967	-1
6908.8682	-1
6916.1396	-1
6923.4111	-1
6930.6826	-1
6937.9541	1
6945.2256	1
6952.4971	1
6959.7686	1
6967.0415	-1
6974.3145	-1
6981.5874	-1
6988.8604	-1
6996.1333	-1
7003.4062	-1
7010.6797	1
7017.9536	1
7025.2275	-1
7032.5015	-1
7039.7754	-1
7047.0493	-1
7054.3232	-1
7061.5972	-1
7068.8711	-1
7076.1450	-1
7083.4189	-1
7090.6929	-1
7097.9668	-1
7105.2407	-1
7112.5146	-1
7119.7886	-1
7127.0625	-1
7134.3364	-1
7141.6104	-1
7148.8843	-1
7156.1597	-1
7163.4351	-1
7170.7104	-1
7177.9858	-1
7185.2612	-1
7192.5366	-1
7199.8120	-1
7207.0874	-1
7214.3726	1
7221.6592	-1
7228.9458	1
7236.2324	1
7243.5195	-1
7250.8066	-1
7258.0938	-1
7265.3809	-1
7272.6680	-1
7279.9551	-1
7287.2427	-1
7294.5303	-1
7301.8179	-1
7309.1055	-1
7316.3931	-1
7323.6807	-1
7330.9683	1
7338.2563	1
7345.5444	1
7352.8325	1
7360.1211	-1
7367.4097	-1
7374.6982	-1
7381.9868	-1
7389.2754	-1
7396.5640	-1
7403.8525	-1
7411.1411	-1
7418.4297	-1
7425.7183	-1
7433.0068	-1
7440.2954	-1
7447.5845	-1
7454.8735	-1
7462.1626	-1
7469.4517	-1
7476.7407	-1
7484.0298	-1
7491.3188	-1
7498.6079	-1
7505.8970	-1
7513.1860	-1
7520.4751	-1
7527.7642	-1
7535.0532	1
7542.3423	1
7549.6313	1
7556.9204	1
7564.2100	1
7571.4995	1
7578.7891	1
7586.0791	1
7593.3691	-1
7600.6592	-1
7607.9492	-1
7615.2393	-1
7622.5293	-1
7629.8193	-1
7637.1099	1
7644.4004	-1
7651.6909	-1
7658.9814	-1
7666.2720	-1
7673.5625	-1
7680.8530	-1
7688.1436	-1
7695.4341	-1
7702.7246	-1
7710.0151	-1
7717.3057	-1
7724.5962	-1
7731.8872	-1
7739.1782	-1
7746.4692	-1
7753.7603	-1
7761.0513	-1
7768.3423	-1
7775.6338	-1
7782.9253	-1
7790.2168	-1
7797.5083	-1
7804.7998	-1
7812.0913	-1
7819.3828	-1
7826.6743	-1
7833.9658	-1
7841.2573	-1
7848.5488	-1
7855.8403	-1
7863.1318	-1
7870.4233	-1
7877.7148	-1
7885.0063	-1
7892.2979	-1
7899.5894	-1
7906.8809	-1
7914.1724	-1
7921.4639	-1
7928.7554	-1
7936.0469	-1
7943.3384	-1
7950.6299	-1
7957.9214	-1
7965.2129	-1
7972.5049	-1
7979.7969	-1
7987.0986	1
7994.4019	-1
8001.7051	1
8009.0088	1
8016.3130	-1
8023.6172	-1
8030.9214	-1
8038.2256	-1
8045.5298	-1
8052.8340	-1
8060.1382	-1
8067.4424	-1
8074.7466	-1
8082.0508	-1
8089.3550	-1
8096.6592	-1
8103.9639	1
8111.2686	1
8118.5732	1
8125.8779	1
8133.1831	-1
8140.4883	-1
8147.7935	-1
8155.0986	-1
8162.4038	-1
8169.7090	-1
8177.0142	-1
8184.3193	-1
8191.6245	-1
8198.9297	-1
8206.2354	-1
8213.5410	-1
8220.8467	-1
8228.1523	-1
8235.4580	-1
8242.7637	-1
8250.0693	-1
8257.3750	-1
8264.6807	1
8271.9863	1
8279.2920	1
8286.5977	1
8293.9033	-1
8301.2090	-1
8308.5146	-1
8315.8203	-1
8323.1260	-1
8330.4316	-1
8337.7373	1
8345.0439	1
8352.3506	1
8359.6572	1
8366.9648	-1
8374.2725	-1
8381.5801	-1
8388.8877	-1
8396.1953	-1
8403.5029	-1
8410.8105	-1
8418.1182	-1
8425.4258	-1
8432.7334	-1
8440.0410	-1
8447.3486	-1
8454.6562	-1
8461.9639	-1
8469.2715	-1
8476.5791	-1
8483.8867	-1
8491.1943	-1
8498.5020	-1
8505.8096	-1
8513.1172	-1
8520.4248	-1
8527.7324	-1
8535.0400	-1
8542.3477	-1
8549.6553	-1
8556.9629	-1
8564.2705	-1
8571.5781	-1
8578.8857	-1
8586.1943	-1
8593.5029	-1
8600.8115	-1
8608.1201	-1
8615.4287	-1
8622.7373	-1
8630.0459	-1
8637.3545	-1
8644.6631	-1
8651.9717	-1
8659.2803	-1
8666.5889	-1
8673.8975	1
8681.2061	1
8688.5146	-1
8695.8232	-1
8703.1318	-1
8710.4404	-1
8717.7490	-1
8725.0576	-1
8732.3672	-1
8739.6768	-1
8746.9863	-1
8754.2959	-1
8761.6055	-1
8768.9150	-1
8776.2246	-1
8783.5342	-1
8790.8535	1
8798.1738	-1
8805.4941	1
8812.8145	1
8820.1357	-1
8827.4570	-1
8834.7783	-1
8842.0996	-1
8849.4209	-1
8856.7422	-1
8864.0635	-1
8871.3848	-1
8878.7061	-1
8886.0273	-1
8893.3486	-1
8900.6699	-1
8907.9912	1
8915.3135	-1
8922.6357	-1
8929.9580	-1
8937.2803	-1
8944.6113	1
8951.9443	-1
8959.2773	1
8966.6104	1
8973.9443	-1
8981.2783	-1
8988.6123	-1
8995.9463	-1
9003.2803	-1
9010.6143	-1
9017.9482	-1
9025.2822	-1
9032.6162	-1
9039.9502	-1
9047.2842	-1
9054.6182	-1
9061.9521	1
9069.2861	1
9076.6211	-1
9083.9561	-1
9091.2910	-1
9098.6260	-1
9105.9609	-1
9113.2959	-1
9120.6309	-1
9127.9658	-1
9135.3096	1
9142.6553	-1
9150.0010	1
9157.3467	1
9164.6934	-1
9172.0400	-1
9179.3867	-1
9186.7334	-1
9194.0801	-1
9201.4268	-1
9208.7734	-1
9216.1201	-1
9223.4668	-1
9230.8135	-1
9238.1602	-1
9245.5068	-1
9252.8545	1
9260.2021	1
9267.5498	1
9274.8975	1
9282.2461	-1
9289.5947	-1
9296.9434	-1
9304.2920	-1
9311.6406	-1
9318.9893	-1
9326.3379	-1
9333.6865	-1
9341.0352	-1
9348.3838	-1
9355.7324	-1
9363.0811	-1
9370.4297	-1
9377.7783	-1
9385.1270	-1
9392.4756	-1
9399.8242	-1
9407.1729	-1
9414.5225	-1
9421.8721	-1
9429.2217	-1
9436.5713	-1
9443.9209	-1
9451.2705	-1
9458.6201	1
9465.9697	1
9473.3193	1
9480.6689	1
9488.0186	1
9495.3682	1
9502.7178	1
9510.0674	1
9517.4189	-1
9524.7705	-1
9532.1221	-1
9539.4736	-1
9546.8252	-1
9554.1768	-1
9561.5283	1
9568.8799	1
9576.2324	-1
9583.5850	-1
9590.9375	-1
9598.2900	-1
9605.6426	-1
9612.9951	-1
9620.3477	-1
9627.7002	-1
9635.0527	-1
9642.4053	-1
9649.7578	-1
9657.1104	-1
9664.4629	-1
9671.8154	-1
9679.1680	-1
9686.5205	-1
9693.8730	-1
9701.2256	-1
9708.5791	1
9715.9326	1
9723.2861	1
9730.6396	1
9737.9932	1
9745.3467	1
9752.7021	-1
9760.0576	-1
9767.4131	-1
9774.7686	-1
9782.1240	-1
9789.4795	-1
9796.8350	-1
9804.1904	-1
9811.5459	-1
9818.9014	-1
9826.2568	-1
9833.6123	-1
9840.9678	-1
9848.3232	-1
9855.6787	-1
9863.0342	-1
9870.3896	-1
9877.7451	-1
9885.1006	-1
9892.4561	-1
9899.8115	-1
9907.1670	-1
9914.5225	-1
9921.8779	-1
9929.2334	-1
9936.5889	-1
9943.9443	-1
9951.2998	-1
9958.6553	-1
9966.0107	-1
9973.3672	1
9980.7236	1
9988.0801	-1
9995.4365	-1
10002.7930	-1
10010.1494	-1
10017.5059	-1
10024.8623	-1
10032.2197	1
10039.5771	1
10046.9346	1
10054.2920	1
10061.6494	1
10069.0068	1
10076.3643	1
10083.7227	-1
10091.0811	-1
10098.4395	-1
10105.7979	-1
10113.1562	-1
10120.5146	-1
10127.8730	-1
10135.2314	-1
10142.5898	-1
10149.9482	-1
10157.3066	-1
10164.6650	-1
10172.0234	-1
10179.3818	-1
10186.7402	-1
10194.0986	-1
10201.4570	-1
10208.8154	-1
10216.1748	-1
10223.5342	-1
10230.8936	-1
10238.2529	-1
10245.6123	-1
10252.9717	-1
10260.3311	-1
10267.6904	-1
10275.0498	-1
10282.4092	-1
10289.7686	-1
10297.1279	-1
10304.4873	-1
10311.8467	-1
10319.2061	-1
10326.5654	-1
10333.9248	-1
10341.2842	-1
10348.6455	-1
10356.0068	-1
10363.3682	-1
10370.7295	-1
10378.0908	-1
10385.4521	-1
10392.8135	-1
10400.1748	-1
10407.5361	-1
10414.8975	-1
10422.2588	-1
10429.6201	-1
10436.9824	-1
10444.3447	-1
10451.7070	-1
10459.0693	-1
10466.4316	-1
10473.7939	-1
10481.1562	-1
10488.5186	-1
10495.8809	-1
10503.2432	-1
10510.6055	-1
10517.9678	-1
10525.3301	-1
10532.6924	-1
10540.0547	-1
10547.4170	-1
10554.7793	-1
10562.1416	-1
10569.5049	-1
10576.8682	-1
10584.2314	-1
10591.5947	-1
10598.9580	-1
10606.3213	-1
10613.6846	-1
10621.0479	-1
10628.4111	-1
10635.7744	-1
10643.1377	-1
10650.5010	-1
10657.8643	-1
10665.2275	-1
10672.5908	-1
10679.9541	-1
10687.3174	-1
10694.6807	-1
10702.0439	-1
10709.4072	-1
10716.7705	-1
10724.1338	-1
10731.4971	-1
10738.8604	-1
10746.2334	1
10753.6084	-1
10760.9834	1
10768.3584	1
10775.7344	-1
10783.1104	-1
10790.4863	-1
10797.8623	-1
10805.2383	-1
10812.6143	-1
10819.9902	-1
10827.3662	-1
10834.7422	-1
10842.1182	-1
10849.4941	-1
10856.8701	-1
10864.2471	1
10871.6240	1
10879.0010	1
10886.3779	1
10893.7559	-1
10901.1338	-1
10908.5117	-1
10915.8896	-1
10923.2676	-1
10930.6455	-1
10938.0244	-1
10945.4033	-1
10952.7822	-1
10960.1611	-1
10967.5400	-1
10974.9189	-1
10982.2979	1
10989.6768	1
10997.0557	-1
11004.4346	-1
11011.8135	-1
11019.1924	-1
11026.5713	-1
11033.9502	-1
11041.3291	1
11048.7080	1
11056.0869	-1
11063.4658	-1
11070.8447	-1
11078.2236	-1
11085.6025	-1
11092.9814	-1
11100.3613	1
11107.7412	1
11115.1211	1
11122.5010	1
11129.8838	-1
11137.2666	-1
11144.6494	-1
11152.0322	-1
11159.4150	-1
11166.7979	-1
11174.1807	-1
11181.5635	-1
11188.9463	-1
11196.3291	-1
11203.7119	-1
11211.0947	-1
11218.4775	-1
11225.8604	-1
11233.2432	-1
11240.6260	-1
11248.0088	-1
11255.3916	-1
11262.7744	-1
11270.1572	-1
11277.5400	-1
11284.9229	-1
11292.3057	-1
11299.6885	-1
11307.0713	-1
11314.4541	-1
11321.8369	-1
11329.2197	-1
11336.6025	-1
11343.9854	-1
11351.3682	-1
11358.7510	-1
11366.1338	-1
11373.5166	-1
11380.8994	-1
11388.2822	-1
11395.6660	-1
11403.0498	-1
11410.4336	-1
11417.8174	-1
11425.2012	-1
11432.5850	-1
11439.9688	-1
11447.3525	-1
11454.7363	-1
11462.1201	-1
11469.5039	-1
11476.8877	-1
11484.2715	1
11491.6553	1
11499.0400	-1
11506.4248	-1
11513.8096	-1
11521.1943	-1
11528.5791	-1
11535.9639	-1
11543.3486	-1
11550.7334	-1
11558.1182	-1
11565.5127	1
11572.9082	-1
11580.3047	1
11587.7012	1
11595.0986	-1
11602.4961	-1
11609.8936	-1
11617.2910	-1
11624.6885	-1
11632.0859	-1
11639.4834	-1
11646.8809	-1
11654.2881	1
11661.6963	-1
11669.1045	1
11676.5137	1
11683.9238	-1
11691.3340	-1
11698.7441	-1
11706.1543	-1
11713.5645	-1
11720.9746	-1
11728.3848	-1
11735.7949	-1
11743.2051	-1
11750.6152	-1
11758.0254	-1
11765.4355	-1
11772.8457	1
11780.2559	1
11787.6660	1
11795.0762	1
11802.4883	-1
11809.9004	-1
11817.3125	-1
11824.7246	-1
11832.1367	-1
11839.5488	-1
11846.9609	-1
11854.3730	-1
11861.7852	-1
11869.1973	-1
11876.6094	-1
11884.0215	-1
11891.4336	-1
11898.8457	-1
11906.2578	-1
11913.6699	-1
11921.0820	-1
11928.4941	-1
11935.9062	-1
11943.3184	-1
11950.7305	-1
11958.1426	-1
11965.5547	-1
11972.9668	-1
11980.3789	1
11987.7910	1
11995.2041	1
12002.6172	1
12010.0303	1
12017.4434	1
12024.8564	1
12032.2695	1
12039.6836	-1
12047.0977	-1
12054.5117	-1
12061.9258	-1
12069.3398	-1
12076.7539	-1
12084.1680	1
12091.5820	1
12098.9971	-1
12106.4121	-1
12113.8271	-1
12121.2422	-1
12128.6572	-1
12136.0723	-1
12143.4883	-1
12150.9043	-1
12158.3203	-1
12165.7363	-1
12173.1523	-1
12180.5684	-1
12187.9844	1
12195.4004	1
12202.8164	1
12210.2324	1
12217.6484	-1
12225.0645	-1
12232.4805	-1
12239.8965	-1
12247.3125	-1
12254.7285	-1
12262.1455	1
12269.5625	1
12276.9795	-1
12284.3965	-1
12291.8135	-1
12299.2305	-1
12306.6475	-1
12314.0645	-1
12321.4824	1
12328.9014	-1
12336.3203	-1
12343.7393	-1
12351.1582	-1
12358.5771	-1
12365.9961	-1
12373.4150	-1
12380.8340	-1
12388.2529	-1
12395.6719	-1
12403.0908	-1
12410.5098	-1
12417.9287	-1
12425.3477	-1
12432.7666	-1
12440.1855	-1
12447.6045	-1
12455.0234	-1
12462.4424	-1
12469.8613	-1
12477.2803	-1
12484.6992	-1
12492.1182	-1
12499.5371	-1
12506.9561	-1
12514.3750	-1
12521.7939	-1
12529.2129	-1
12536.6318	-1
12544.0508	-1
12551.4717	-1
12558.8926	-1
12566.3135	-1
12573.7344	-1
12581.1553	-1
12588.5762	-1
12595.9971	-1
12603.4180	-1
12610.8389	-1
12618.2598	-1
12625.6807	-1
12633.1016	-1
12640.5234	-1
12647.9453	-1
12655.3672	-1
12662.7891	-1
12670.2109	-1
12677.6328	-1
12685.0547	-1
12692.4766	-1
12699.8984	-1
12707.3203	-1
12714.7422	-1
12722.1641	-1
12729.5869	-1
12737.0098	-1
12744.4326	-1
12751.8555	-1
12759.2783	-1
12766.7012	-1
12774.1240	-1
12781.5469	-1
12788.9697	-1
12796.3926	-1
12803.8154	-1
12811.2383	-1
12818.6611	-1
12826.0840	-1
12833.5068	-1
12840.9395	1
12848.3730	-1
12855.8066	1
12863.2402	1
12870.6758	-1
12878.1113	-1
12885.5469	-1
12892.9824	-1
12900.4180	-1
12907.8535	-1
12915.2891	-1
12922.7246	-1
12930.1602	-1
12937.5957	-1
12945.0312	-1
12952.4668	-1
12959.9023	1
12967.3379	1
12974.7744	-1
12982.2109	-1
12989.6475	-1
12997.0840	-1
13004.5205	-1
13011.9570	-1
13019.3936	-1
13026.8301	-1
13034.2764	1
13041.7236	-1
13049.1719	1
13056.6201	1
13064.0684	-1
13071.5166	-1
13078.9648	-1
13086.4131	-1
13093.8613	-1
13101.3096	-1
13108.7578	-1
13116.2061	-1
13123.6543	-1
13131.1025	-1
13138.5508	-1
13145.9990	-1
13153.4482	1
13160.8975	1
13168.3467	-1
13175.7959	-1
13183.2451	-1
13190.6943	-1
13198.1436	-1
13205.5928	-1
13213.0430	-1
13220.4932	-1
13227.9434	-1
13235.4023	1
13242.8633	-1
13250.3242	1
13257.7852	1
13265.2471	-1
13272.7090	-1
13280.1709	-1
13287.6328	-1
13295.0947	-1
13302.5566	-1
13310.0186	-1
13317.4805	-1
13324.9424	-1
13332.4043	-1
13339.8662	-1
13347.3281	-1
13354.7910	1
13362.2539	1
13369.7168	1
13377.1797	1
13384.6436	-1
13392.1074	-1
13399.5713	-1
13407.0352	-1
13414.4990	-1
13421.9629	-1
13429.4277	-1
13436.8926	-1
13444.3574	-1
13451.8223	-1
13459.2871	-1
13466.7520	-1
13474.2168	-1
13481.6816	-1
13489.1465	-1
13496.6113	-1
13504.0762	-1
13511.5410	-1
13519.0059	-1
13526.4707	-1
13533.9355	-1
13541.4004	-1
13548.8652	-1
13556.3301	-1
13563.7949	1
13571.2598	1
13578.7246	1
13586.1895	1
13593.6543	1
13601.1201	1
13608.5859	1
13616.0518	1
13623.5195	-1
13630.9873	-1
13638.4551	-1
13645.9229	-1
13653.3906	-1
13660.8584	-1
13668.3262	-1
13675.7939	-1
13683.2617	-1
13690.7295	-1
13698.1973	-1
13705.6650	-1
13713.1328	-1
13720.6006	-1
13728.0684	-1
13735.5361	-1
13743.0039	-1
13750.4717	-1
13757.9395	-1
13765.4072	-1
13772.8750	-1
13780.3428	-1
13787.8105	-1
13795.2783	-1
13802.7461	1
13810.2139	1
13817.6826	-1
13825.1514	-1
13832.6201	-1
13840.0889	-1
13847.5576	-1
13855.0264	-1
13862.4961	1
13869.9658	1
13877.4355	1
13884.9053	1
13892.3750	1
13899.8447	-1
13907.3145	-1
13914.7842	-1
13922.2539	-1
13929.7236	-1
13937.1934	-1
13944.6631	1
13952.1328	-1
13959.6025	-1
13967.0723	-1
13974.5420	-1
13982.0117	-1
13989.4814	-1
13996.9521	1
14004.4229	1
14011.8936	1
14019.3643	1
14026.8350	1
14034.3057	1
14041.7764	-1
14049.2471	-1
14056.7178	-1
14064.1885	-1
14071.6592	-1
14079.1299	-1
14086.6025	1
14094.0752	1
14101.5518	-1
14109.0283	-1
14116.5049	-1
14123.9814	-1
14131.4580	-1
14138.9346	-1
14146.4111	-1
14153.8877	-1
14161.3643	-1
14168.8408	-1
14176.3174	-1
14183.7939	-1
14191.2715	-1
14198.7490	-1
14206.2266	-1
14213.7041	-1
14221.1816	-1
14228.6592	-1
14236.1367	-1
14243.6143	-1
14251.0918	-1
14258.5693	-1
14266.0469	-1
14273.5244	-1
14281.0020	-1
14288.4795	-1
14295.9570	-1
14303.4346	-1
14310.9121	-1
14318.3896	-1
14325.8672	-1
14333.3447	-1
14340.8223	-1
14348.2998	-1
14355.7773	-1
14363.2549	-1
14370.7324	-1
14378.2100	-1
14385.6875	-1
14393.1650	-1
14400.6426	-1
14408.1201	-1
14415.5977	-1
14423.0752	-1
14430.5527	-1
14438.0303	-1
14445.5078	-1
14452.9854	-1
14460.4629	-1
14467.9404	-1
14475.4180	-1
14482.8955	-1
14490.3730	-1
14497.8506	-1
14505.3281	-1
14512.8057	-1
14520.2832	-1
14527.7607	-1
14535.2383	-1
14542.7158	-1
14550.1943	-1
14557.6729	-1
14565.1514	-1
14572.6299	-1
14580.1084	-1
14587.5869	-1
14595.0654	1
14602.5439	1
14610.0225	-1
14617.5010	-1
14624.9795	-1
14632.4580	-1
14639.9365	-1
14647.4150	-1
14654.8936	-1
14662.3721	-1
14669.8506	-1
14677.3291	-1
14684.8076	-1
14692.2861	-1
14699.7646	-1
14707.2432	-1
14714.7217	-1
14722.2002	-1
14729.6787	-1
14737.1572	-1
14744.6357	-1
14752.1143	-1
14759.5928	-1
14767.0713	-1
14774.5498	-1
14782.0283	-1
14789.5068	-1
14796.9854	-1
14804.4639	-1
14811.9424	-1
14819.4209	-1
14826.8994	-1
14834.3789	1
14841.8584	1
14849.3379	1
14856.8174	1
14864.2969	1
14871.7783	-1
14879.2598	-1
14886.7412	-1
14894.2227	-1
14901.7041	-1
14909.1855	-1
14916.6680	-1
14924.1504	-1
14931.6328	-1
14939.1152	-1
14946.5977	-1
14954.0801	-1
14961.5625	-1
14969.0449	-1
14976.5273	-1
14984.0098	-1
14991.4922	-1
14998.9746	-1
15006.4580	-1
15013.9414	-1
15021.4248	-1
15028.9082	-1
15036.3916	-1
15043.8750	-1
15051.3584	-1
15058.8418	-1
15066.3252	-1
15073.8086	-1
15081.2920	-1
15088.7754	-1
15096.2588	-1
15103.7422	-1
15111.2256	-1
15118.7090	-1
15126.1924	-1
15133.6758	-1
15141.1592	-1
15148.6533	1
15156.1484	-1
15163.6436	1
15171.1387	1
15178.6348	-1
15186.1309	-1
15193.6270	-1
15201.1230	-1
15208.6191	-1
15216.1152	-1
15223.6113	-1
15231.1074	-1
15238.6035	-1
15246.0996	-1
15253.5957	-1
15261.0918	-1
15268.5986	1
15276.1064	-1
15283.6143	1
15291.1221	1
15298.6309	-1
15306.1396	-1
15313.6484	-1
15321.1572	-1
15328.6660	-1
15336.1748	-1
15343.6836	-1
15351.1924	-1
15358.7012	-1
15366.2100	-1
15373.7188	-1
15381.2275	-1
15388.7373	1
15396.2471	1
15403.7568	1
15411.2666	1
15418.7783	-1
15426.2900	-1
15433.8018	-1
15441.3135	-1
15448.8252	-1
15456.3369	-1
15463.8486	-1
15471.3604	-1
15478.8721	-1
15486.3838	-1
15493.8955	-1
15501.4072	-1
15508.9189	-1
15516.4307	-1
15523.9424	-1
15531.4541	-1
15538.9658	-1
15546.4775	-1
15553.9893	-1
15561.5010	-1
15569.0127	-1
15576.5244	-1
15584.0361	-1
15591.5479	-1
15599.0596	1
15606.5713	1
15614.0830	1
15621.5947	1
15629.1064	1
15636.6182	1
15644.1299	1
15651.6426	1
15659.1572	-1
15666.6719	-1
15674.1865	-1
15681.7012	-1
15689.2158	-1
15696.7305	-1
15704.2461	-1
15711.7617	-1
15719.2773	-1
15726.7930	-1
15734.3086	-1
15741.8242	-1
15749.3398	-1
15756.8555	-1
15764.3711	-1
15771.8867	-1
15779.4023	-1
15786.9180	-1
15794.4336	-1
15801.9492	-1
15809.4648	-1
15816.9805	-1
15824.4961	-1
15832.0117	-1
15839.5273	-1
15847.0430	-1
15854.5586	-1
15862.0742	-1
15869.5898	-1
15877.1055	-1
15884.6211	1
15892.1367	-1
15899.6523	-1
15907.1680	-1
15914.6836	1
15922.1992	-1
15929.7148	-1
15937.2305	-1
15944.7461	-1
15952.2617	-1
15959.7773	-1
15967.2930	-1
15974.8086	-1
15982.3242	-1
15989.8408	-1
15997.3574	-1
16004.8740	-1
16012.3906	-1
16019.9072	-1
16027.4238	-1
16034.9404	1
16042.4570	1
16049.9736	1
16057.4902	1
16065.0068	1
16072.5234	1
16080.0400	1
16087.5566	1
16095.0732	1
16102.5898	1
16110.1074	1
16117.6250	1
16125.1426	1
16132.6602	1
16140.1797	-1
16147.6992	-1
16155.2188	-1
16162.7383	-1
16170.2578	-1
16177.7773	-1
16185.2969	-1
16192.8164	-1
16200.3359	-1
16207.8555	-1
16215.3750	-1
16222.8945	-1
16230.4141	-1
16237.9336	-1
16245.4531	-1
16252.9727	-1
16260.4922	-1
16268.0117	-1
16275.5322	-1
16283.0527	-1
16290.5732	-1
16298.0938	-1
16305.6143	-1
16313.1348	-1
16320.6553	1
16328.1758	1
16335.6963	1
16343.2168	1
16350.7373	1
16358.2578	1
16365.7783	1
16373.2998	1
16380.8223	-1
16388.3457	-1
16395.8691	-1
16403.3926	-1
16410.9160	-1
16418.4395	-1
16425.9648	-1
16433.4902	-1
16441.0156	-1
16448.5410	-1
16456.0664	-1
16463.5918	-1
16471.1172	1
16478.6426	-1
16486.1680	-1
16493.6934	-1
16501.2188	-1
16508.7441	-1
16516.2695	-1
16523.7949	-1
16531.3203	-1
16538.8457	-1
16546.3711	-1
16553.8965	-1
16561.4219	-1
16568.9473	-1
16576.4727	-1
16583.9980	-1
16591.5234	-1
16599.0488	-1
16606.5742	-1
16614.0996	-1
16621.6250	-1
16629.1504	-1
16636.6758	-1
16644.2012	-1
16651.7266	-1
16659.2520	-1
16666.7773	-1
16674.3027	-1
16681.8281	-1
16689.3535	-1
16696.8789	-1
16704.4043	-1
16711.9297	-1
16719.4551	-1
16726.9805	-1
16734.5059	-1
16742.0312	-1
16749.5566	1
16757.0840	1
16764.6113	1
16772.1387	1
16779.6660	-1
16787.1934	-1
16794.7207	-1
16802.2480	-1
16809.7754	-1
16817.3027	-1
16824.8301	-1
16832.3574	-1
16839.8848	-1
16847.4121	-1
16854.9395	-1
16862.4668	-1
16869.9941	-1
16877.5215	-1
16885.0488	-1
16892.5762	-1
16900.1035	-1
16907.6309	-1
16915.1582	-1
16922.6855	-1
16930.2129	-1
16937.7402	-1
16945.2676	-1
16952.7949	-1
16960.3223	-1
16967.8496	-1
16975.3770	-1
16982.9043	-1
16990.4316	-1
16997.9590	-1
17005.4863	-1
17013.0137	-1
17020.5410	-1
17028.0684	-1
17035.5957	-1
17043.1230	-1
17050.6504	-1
17058.1777	-1
17065.7051	-1
17073.2324	-1
17080.7598	-1
17088.2871	-1
17095.8164	-1
17103.3457	-1
17110.8750	-1
17118.4043	-1
17125.9336	-1
17133.4629	-1
17140.9922	-1
17148.5215	-1
17156.0508	-1
17163.5801	-1
17171.1094	-1
17178.6387	-1
17186.1680	-1
17193.6973	-1
17201.2266	-1
17208.7559	-1
17216.2852	-1
17223.8145	-1
17231.3438	-1
17238.8730	-1
17246.4023	-1
17253.9316	-1
17261.4609	-1
17268.9902	-1
17276.5195	-1
17284.0488	-1
17291.5781	-1
17299.1074	-1
17306.6367	-1
17314.1660	-1
17321.6953	1
17329.2246	1
17336.7539	1
17344.2832	1
17351.8125	1
17359.3418	1
17366.8711	1
17374.4004	1
17381.9297	1
17389.4590	1
17396.9883	1
17404.5176	1
17412.0469	1
17419.5781	1
17427.1094	1
17434.6406	-1
17442.1719	-1
17449.7031	-1
17457.2344	-1
17464.7656	-1
17472.2969	-1
17479.8301	-1
17487.3633	-1
17494.8965	-1
17502.4297	-1
17509.9629	-1
17517.4961	-1
17525.0293	1
17532.5625	-1
17540.0957	-1
17547.6289	-1
17555.1621	-1
17562.6953	-1
17570.2285	-1
17577.7617	-1
17585.2949	-1
17592.8281	-1
17600.3613	-1
17607.8945	-1
17615.4277	-1
17622.9629	-1
17630.4980	-1
17638.0332	-1
17645.5684	-1
17653.1035	-1
17660.6387	-1
17668.1758	-1
17675.7129	-1
17683.2500	-1
17690.7871	-1
17698.3242	-1
17705.8613	-1
17713.3984	-1
17720.9355	-1
17728.4727	-1
17736.0098	-1
17743.5469	-1
17751.0840	-1
17758.6211	-1
17766.1582	-1
17773.6953	-1
17781.2324	-1
17788.7695	-1
17796.3066	-1
17803.8438	-1
17811.3809	-1
17818.9180	-1
17826.4551	-1
17833.9922	-1
17841.5293	-1
17849.0684	-1
17856.6074	-1
17864.1465	-1
17871.6855	-1
17879.2246	-1
17886.7637	-1
17894.3027	-1
17901.8418	-1
17909.3809	-1
17916.9199	-1
17924.4590	-1
17931.9980	-1
17939.5371	-1
17947.0762	-1
17954.6152	-1
17962.1543	-1
17969.6934	-1
17977.2324	-1
17984.7715	-1
17992.3105	-1
17999.8496	-1
18007.3887	-1
18014.9277	-1
18022.4668	-1
18030.0059	-1
18037.5449	-1
18045.0840	-1
18052.6230	-1
18060.1621	-1
18067.7012	-1
18075.2402	-1
18082.7793	-1
18090.3184	-1
18097.8574	-1
18105.3965	-1
18112.9355	-1
18120.4746	-1
18128.0137	-1
18135.5527	-1
18143.0918	-1
18150.6309	-1
18158.1699	-1
18165.7090	-1
18173.2480	-1
18180.7871	-1
18188.3262	-1
18195.8652	-1
18203.4043	-1
18210.9453	-1
18218.4863	-1
18226.0273	-1
18233.5684	-1
18241.1094	-1
18248.6504	-1
18256.1914	-1
18263.7324	-1
18271.2734	-1
18278.8145	-1
18286.3555	-1
18293.8965	-1
18301.4375	-1
18308.9785	-1
18316.5195	-1
18324.0605	-1
18331.6016	-1
18339.1426	-1
18346.6836	-1
18354.2246	-1
18361.7656	-1
18369.3066	-1
18376.8574	1
18384.4102	-1
18391.9629	1
18399.5156	1
18407.0703	-1
18414.6250	-1
18422.1797	-1
18429.7344	-1
18437.2891	-1
18444.8438	-1
18452.3984	-1
18459.9531	-1
18467.5078	-1
18475.0625	-1
18482.6172	-1
18490.1719	-1
18497.7266	1
18505.2812	1
18512.8359	1
18520.3906	1
18527.9453	-1
18535.5000	-1
18543.0547	-1
18550.6094	-1
18558.1660	-1
18565.7227	-1
18573.2793	-1
18580.8359	-1
18588.3926	-1
18595.9492	-1
18603.5059	-1
18611.0625	-1
18618.6191	1
18626.1758	-1
18633.7324	-1
18641.2891	-1
18648.8457	-1
18656.4023	-1
18663.9590	-1
18671.5156	-1
18679.0723	-1
18686.6289	-1
18694.1855	-1
18701.7422	-1
18709.2988	-1
18716.8555	-1
18724.4121	-1
18731.9688	-1
18739.5254	-1
18747.0938	1
18754.6621	-1
18762.2305	1
18769.8008	1
18777.3711	-1
18784.9414	-1
18792.5117	-1
18800.0918	1
18807.6738	-1
18815.2559	1
18822.8379	1
18830.4219	-1
18838.0059	-1
18845.5977	1
18853.1914	-1
18860.7852	1
18868.3789	1
18875.9746	-1
18883.5703	-1
18891.1660	-1
18898.7617	-1
18906.3574	-1
18913.9531	-1
18921.5488	-1
18929.1445	-1
18936.7402	-1
18944.3359	-1
18951.9316	-1
18959.5273	-1
18967.1230	1
18974.7188	1
18982.3145	1
18989.9102	1
18997.5078	-1
19005.1055	-1
19012.7031	-1
19020.3008	-1
19027.8984	-1
19035.4961	-1
19043.0938	-1
19050.6914	-1
19058.2891	-1
19065.8867	-1
19073.4844	-1
19081.0820	-1
19088.6797	-1
19096.2773	-1
19103.8750	-1
19111.4727	-1
19119.0703	-1
19126.6680	-1
19134.2656	-1
19141.8633	-1
19149.4707	1
19157.0801	-1
19164.6895	1
19172.2988	1
19179.9102	-1
19187.5215	-1
19195.1328	-1
19202.7441	-1
19210.3555	-1
19217.9668	-1
19225.5781	-1
19233.1895	-1
19240.8008	-1
19248.4219	1
19256.0430	-1
19263.6641	1
19271.2852	1
19278.9082	-1
19286.5312	-1
19294.1543	-1
19301.7871	1
19309.4199	-1
19317.0527	1
19324.6855	1
19332.3203	-1
19339.9551	-1
19347.5996	1
19355.2441	-1
19362.8906	1
19370.5371	1
19378.1836	-1
19385.8301	-1
19393.4863	1
19401.1426	-1
19408.8008	1
19416.4590	1
19424.1172	-1
19431.7754	-1
19439.4434	1
19447.1113	-1
19454.7812	1
19462.4512	1
19470.1211	-1
19477.7910	-1
19485.4707	1
19493.1504	-1
19500.8320	1
19508.5137	1
19516.1953	-1
19523.8770	-1
19531.5586	-1
19539.2402	-1
19546.9219	-1
19554.6035	-1
19562.2852	-1
19569.9668	-1
19577.6484	-1
19585.3301	-1
19593.0117	-1
19600.6934	-1
19608.3750	1
19616.0586	1
19623.7422	1
19631.4258	1
19639.1094	-1
19646.7930	-1
19654.4766	-1
19662.1602	-1
19669.8438	-1
19677.5273	-1
19685.2129	-1
19692.8984	-1
19700.5840	-1
19708.2695	-1
19715.9551	-1
19723.6406	-1
19731.3262	-1
19739.0117	-1
19746.6973	-1
19754.3828	-1
19762.0684	-1
19769.7539	-1
19777.4395	-1
19785.1250	-1
19792.8105	-1
19800.4961	-1
19808.1816	-1
19815.8672	-1
19823.5527	1
19831.2383	1
19838.9238	1
19846.6094	1
19854.2949	1
19861.9805	1
19869.6660	1
19877.3535	-1
19885.0410	-1
19892.7285	-1
19900.4160	-1
19908.1035	-1
19915.7910	-1
19923.4785	-1
19931.1660	-1
19938.8535	-1
19946.5410	-1
19954.2285	-1
19961.9160	-1
19969.6035	-1
19977.2910	-1
19984.9785	-1
19992.6660	-1
20000.3535	-1
20008.0410	-1
20015.7305	-1
20023.4199	-1
20031.1094	-1
20038.7988	-1
20046.4883	-1
20054.1777	-1
20061.8672	-1
20069.5566	-1
20077.2461	-1
20084.9355	-1
20092.6250	-1
20100.3145	-1
20108.0039	-1
20115.6934	-1
20123.3828	-1
20131.0723	-1
20138.7617	-1
20146.4512	-1
20154.1406	-1
20161.8301	-1
20169.5195	-1
20177.2188	1
20184.9199	-1
20192.6211	1
20200.3223	1
20208.0254	-1
20215.7285	-1
20223.4414	1
20231.1562	-1
20238.8711	1
20246.5859	1
20254.3008	-1
20262.0156	-1
20269.7305	-1
20277.4453	-1
20285.1602	-1
20292.8750	-1
20300.5898	-1
20308.3047	-1
20316.0195	-1
20323.7344	-1
20331.4492	-1
20339.1641	-1
20346.8809	1
20354.5977	1
20362.3145	1
20370.0312	1
20377.7480	-1
20385.4648	-1
20393.1816	-1
20400.8984	-1
20408.6152	-1
20416.3320	-1
20424.0488	1
20431.7676	1
20439.4863	-1
20447.2051	-1
20454.9238	-1
20462.6426	-1
20470.3613	-1
20478.0801	-1
20485.7988	-1
20493.5176	-1
20501.2363	-1
20508.9551	-1
20516.6738	-1
20524.3926	-1
20532.1113	-1
20539.8301	-1
20547.5488	-1
20555.2676	-1
20562.9863	-1
20570.7051	-1
20578.4238	-1
20586.1426	-1
20593.8613	-1
20601.5801	-1
20609.2988	-1
20617.0176	-1
20624.7363	-1
20632.4668	1
20640.1973	-1
20647.9277	1
20655.6582	1
20663.3906	-1
20671.1230	-1
20678.8555	-1
20686.5879	-1
20694.3203	-1
20702.0527	-1
20709.7852	-1
20717.5176	-1
20725.2500	-1
20732.9824	-1
20740.7148	-1
20748.4473	-1
20756.1797	1
20763.9121	1
20771.6445	1
20779.3770	1
20787.1113	-1
20794.8457	-1
20802.5801	-1
20810.3145	-1
20818.0488	-1
20825.7832	-1
20833.5176	-1
20841.2520	-1
20848.9863	-1
20856.7207	-1
20864.4551	-1
20872.1895	-1
20879.9238	-1
20887.6582	-1
20895.3926	-1
20903.1270	-1
20910.8613	-1
20918.5957	-1
20926.3301	-1
20934.0645	-1
20941.7988	-1
20949.5332	-1
20957.2676	-1
20965.0020	-1
20972.7363	1
20980.4707	1
20988.2051	1
20995.9414	1
21003.6777	1
21011.4141	1
21019.1504	1
21026.8867	1
21034.6230	-1
21042.3594	-1
21050.0957	-1
21057.8320	-1
21065.5684	-1
21073.3047	-1
21081.0430	1
21088.7812	1
21096.5195	-1
21104.2578	-1
21111.9961	-1
21119.7344	-1
21127.4727	-1
21135.2109	-1
21142.9492	-1
21150.6875	-1
21158.4258	-1
21166.1641	-1
21173.9023	-1
21181.6406	-1
21189.3789	-1
21197.1172	-1
21204.8555	-1
21212.5938	-1
21220.3320	-1
21228.0703	-1
21235.8105	1
21243.5508	1
21251.2910	-1
21259.0312	-1
21266.7715	-1
21274.5117	-1
21282.2520	-1
21289.9922	-1
21297.7324	-1
21305.4727	-1
21313.2129	-1
21320.9531	-1
21328.6934	-1
21336.4336	-1
21344.1738	-1
21351.9141	-1
21359.6543	-1
21367.3945	-1
21375.1348	-1
21382.8750	-1
21390.6152	-1
21398.3555	-1
21406.0957	-1
21413.8359	-1
21421.5762	-1
21429.3164	-1
21437.0586	-1
21444.8008	-1
21452.5430	-1
21460.2852	-1
21468.0273	-1
21475.7695	-1
21483.5117	-1
21491.2539	-1
21498.9961	-1
21506.7383	-1
21514.4805	-1
21522.2227	-1
21529.9648	-1
21537.7070	-1
21545.4492	-1
21553.1914	-1
21560.9336	-1
21568.6758	-1
21576.4180	-1
21584.1699	1
21591.9238	-1
21599.6777	1
21607.4316	1
21615.1875	-1
21622.9434	-1
21630.7090	1
21638.4746	-1
21646.2402	1
21654.0059	1
21661.7734	-1
21669.5410	-1
21677.3184	1
21685.0957	-1
21692.8730	1
21700.6504	1
21708.4297	-1
21716.2090	-1
21723.9980	1
21731.7871	-1
21739.5762	1
21747.3652	1
21755.1562	-1
21762.9473	-1
21770.7480	1
21778.5488	-1
21786.3496	1
21794.1504	1
21801.9531	-1
21809.7559	-1
21817.5684	1
21825.3809	-1
21833.1953	1
21841.0098	1
21848.8242	-1
21856.6387	-1
21864.4531	-1
21872.2773	1
21880.1035	-1
21887.9297	1
21895.7559	1
21903.5820	-1
21911.4082	-1
21919.2344	-1
21927.0723	1
21934.9102	-1
21942.7500	1
21950.5898	1
21958.4297	-1
21966.2695	-1
21974.1211	1
21981.9746	-1
21989.8281	1
21997.6816	1
22005.5352	-1
22013.3887	-1
22021.2422	-1
22029.1074	1
22036.9727	-1
22044.8398	1
22052.7070	1
22060.5742	-1
22068.4414	-1
22076.3086	-1
22084.1855	1
22092.0645	-1
22099.9434	1
22107.8223	1
22115.7031	-1
22123.5840	-1
22131.4746	1
22139.3672	-1
22147.2598	1
22155.1523	1
22163.0449	-1
22170.9375	-1
22178.8398	1
22186.7441	-1
22194.6484	1
22202.5527	1
22210.4590	-1
22218.3652	-1
22226.2715	-1
22234.1777	-1
22242.0840	-1
22249.9902	-1
22257.8965	-1
22265.8027	-1
22273.7090	-1
22281.6152	-1
22289.5215	-1
22297.4277	-1
22305.3340	1
22313.2402	1
22321.1465	1
22329.0527	1
22336.9609	-1
22344.8691	-1
22352.7773	-1
22360.6855	-1
22368.5938	-1
22376.5020	-1
22384.4102	-1
22392.3184	-1
22400.2266	-1
22408.1348	-1
22416.0430	-1
22423.9512	-1
22431.8594	1
22439.7676	1
22447.6758	-1
22455.5840	-1
22463.4922	-1
22471.4004	-1
22479.3086	-1
22487.2168	-1
22495.1250	-1
22503.0332	-1
22510.9414	-1
22518.8496	-1
22526.7578	-1
22534.6660	-1
22542.5762	-1
22550.4863	-1
22558.3965	-1
22566.3066	-1
22574.2168	-1
22582.1270	-1
22590.0371	-1
22597.9473	-1
22605.8574	-1
22613.7676	-1
22621.6777	-1
22629.5977	1
22637.5176	-1
22645.4375	1
22653.3574	1
22661.2793	-1
22669.2012	-1
22677.1230	-1
22685.0449	-1
22692.9668	-1
22700.8887	-1
22708.8105	-1
22716.7324	-1
22724.6543	-1
22732.5762	-1
22740.4980	-1
22748.4199	-1
22756.3418	1
22764.2637	1
22772.1855	1
22780.1094	-1
22788.0332	-1
22795.9570	-1
22803.8809	-1
22811.8047	-1
22819.7285	-1
22827.6523	-1
22835.5762	-1
22843.5000	-1
22851.4238	-1
22859.3477	-1
22867.2715	-1
22875.1953	-1
22883.1289	1
22891.0645	-1
22899.0000	1
22906.9355	1
22914.8711	-1
22922.8086	-1
22930.7461	-1
22938.6836	-1
22946.6211	-1
22954.5586	-1
22962.4961	-1
22970.4336	-1
22978.3711	-1
22986.3086	-1
22994.2461	-1
23002.1836	-1
23010.1211	1
23018.0586	1
23025.9961	1
23033.9336	1
23041.8711	-1
23049.8086	-1
23057.7461	-1
23065.6836	-1
23073.6211	-1
23081.5586	-1
23089.4961	1
23097.4336	-1
23105.3711	-1
23113.3086	-1
23121.2461	-1
23129.1836	-1
23137.1211	-1
23145.0586	1
23152.9961	-1
23160.9336	-1
23168.8711	-1
23176.8086	-1
23184.7461	-1
23192.6836	-1
23200.6211	-1
23208.5586	-1
23216.4961	-1
23224.4336	-1
23232.3711	-1
23240.3086	-1
23248.2480	1
23256.1875	1
23264.1270	1
23272.0664	1
23280.0059	1
23287.9453	1
23295.8848	-1
23303.8242	-1
23311.7637	-1
23319.7031	-1
23327.6426	-1
23335.5820	-1
23343.5215	-1
23351.4609	-1
23359.4004	-1
23367.3398	-1
23375.2793	-1
23383.2188	-1
23391.1582	1
23399.0977	1
23407.0371	1
23414.9766	1
23422.9180	-1
23430.8594	-1
23438.8008	-1
23446.7422	-1
23454.6836	-1
23462.6250	-1
23470.5664	-1
23478.5078	-1
23486.4492	-1
23494.3906	-1
23502.3320	-1
23510.2734	-1
23518.2148	-1
23526.1562	-1
23534.0977	-1
23542.0391	-1
23549.9805	-1
23557.9219	-1
23565.8633	-1
23573.8047	-1
23581.7461	-1
23589.6875	-1
23597.6289	-1
23605.5703	-1
23613.5117	-1
23621.4531	-1
23629.3945	-1
23637.3359	-1
23645.2773	-1
23653.2188	-1
23661.1602	-1
23669.1016	-1
23677.0430	-1
23684.9844	-1
23692.9258	-1
23700.8672	-1
23708.8086	1
23716.7500	1
23724.6934	-1
23732.6367	-1
23740.5801	-1
23748.5234	-1
23756.4668	-1
23764.4102	-1
23772.3535	1
23780.2969	1
23788.2402	1
23796.1836	1
23804.1270	1
23812.0703	-1
23820.0137	-1
23827.9570	-1
23835.9004	-1
23843.8438	-1
23851.7871	-1
23859.7305	1
23867.6738	1
23875.6172	1
23883.5605	1
23891.5039	-1
23899.4473	-1
23907.3906	-1
23915.3340	-1
23923.2773	-1
23931.2207	-1
23939.1641	1
23947.1074	-1
23955.0508	-1
23962.9941	-1
23970.9375	-1
23978.8809	-1
23986.8242	-1
23994.7676	1
24002.7109	1
24010.6543	1
24018.5977	1
24026.5430	1
24034.4883	1
24042.4336	1
24050.3789	1
24058.3262	-1
24066.2734	-1
24074.2207	-1
24082.1680	-1
24090.1152	-1
24098.0625	-1
24106.0098	-1
24113.9570	-1
24121.9043	-1
24129.8516	-1
24137.7988	-1
24145.7461	-1
24153.6934	-1
24161.6406	-1
24169.5879	-1
24177.5352	-1
24185.4824	-1
24193.4297	-1
24201.3770	-1
24209.3242	-1
24217.2715	-1
24225.2188	-1
24233.1660	-1
24241.1133	-1
24249.0605	1
24257.0078	1
24264.9551	1
24272.9023	1
24280.8496	1
24288.7969	1
24296.7441	1
24304.6914	1
24312.6387	-1
24320.5859	-1
24328.5332	-1
24336.4805	-1
24344.4277	-1
24352.3750	-1
24360.3223	-1
24368.2695	-1
24376.2168	-1
24384.1641	-1
24392.1113	-1
24400.0586	-1
24408.0078	-1
24415.9570	-1
24423.9062	-1
24431.8555	-1
24439.8047	-1
24447.7539	-1
24455.7031	-1
24463.6523	-1
24471.6016	-1
24479.5508	-1
24487.5000	-1
24495.4492	-1
24503.3984	-1
24511.3477	-1
24519.2969	-1
24527.2461	-1
24535.1953	-1
24543.1445	-1
24551.0938	-1
24559.0430	-1
24566.9922	-1
24574.9414	-1
24582.8906	-1
24590.8398	-1
24598.7891	-1
24606.7383	-1
24614.6875	-1
24622.6367	-1
24630.5859	-1
24638.5352	-1
24646.4844	-1
24654.4336	-1
24662.3828	-1
24670.3320	-1
24678.2812	-1
24686.2305	-1
24694.1797	-1
24702.1289	-1
24710.0781	-1
24718.0273	-1
24725.9766	-1
24733.9258	-1
24741.8750	-1
24749.8242	-1
24757.7734	-1
24765.7227	-1
24773.6719	-1
24781.6211	-1
24789.5703	-1
24797.5195	-1
24805.4688	-1
24813.4180	-1
24821.3672	-1
24829.3164	-1
24837.2656	1
24845.2148	1
24853.1641	-1
24861.1133	-1
24869.0625	-1
24877.0117	-1
24884.9609	-1
24892.9102	1
24900.8594	-1
24908.8086	1
24916.7578	-1
24924.7070	-1
24932.6562	-1
24940.6055	-1
24948.5547	-1
24956.5039	-1
24964.4531	-1
24972.4023	-1
24980.3516	-1
24988.3008	-1
24996.2500	-1
25004.1992	-1
25012.1484	-1
25020.0977	-1
25028.0469	-1
25035.9961	-1
25043.9453	-1
25051.8945	-1
25059.8457	-1
25067.7969	-1
25075.7480	-1
25083.6992	-1
25091.6504	-1
25099.6016	-1
25107.5527	-1
25115.5039	-1
25123.4551	-1
25131.4062	-1
25139.3574	-1
25147.3086	-1
25155.2598	-1
25163.2109	-1
25171.1621	-1
25179.1133	-1
25187.0645	-1
25195.0156	-1
25202.9668	-1
25210.9180	-1
25218.8691	-1
25226.8203	-1
25234.7715	-1
25242.7227	-1
25250.6758	-1
25258.6289	-1
25266.5820	-1
25274.5352	-1
25282.4883	-1
25290.4414	-1
25298.3945	-1
25306.3477	-1
25314.3008	-1
25322.2539	-1
25330.2070	-1
25338.1602	-1
25346.1133	-1
25354.0664	-1
25362.0195	-1
25369.9727	-1
25377.9258	-1
25385.8789	-1
25393.8320	-1
25401.7852	-1
25409.7383	-1
25417.6914	-1
25425.6445	-1
25433.5977	-1
25441.5508	-1
25449.5039	-1
25457.4570	-1
25465.4102	-1
25473.3633	-1
25481.3164	-1
25489.2695	-1
25497.2227	-1
25505.1758	-1
25513.1289	-1
25521.0820	-1
25529.0352	-1
25536.9883	-1
25544.9414	-1
25552.8945	-1
25560.8477	-1
25568.8008	-1
25576.7539	-1
25584.7070	-1
25592.6602	-1
25600.6133	-1
25608.5664	-1
25616.5195	-1
25624.4727	-1
25632.4258	-1
25640.3789	-1
25648.3320	-1
25656.2852	-1
25665.1035	1
25673.9219	-1
