0.0000	0
0.0008	-1
0.3614	2
0.5188	-2
0.5950	2
0.6087	-2
0.6160	2
0.7039	-2
0.7137	-2
0.7255	2
0.7301	-2
0.8435	-2
0.8611	2
0.8644	-2
0.8752	2
0.8872	2
0.9286	-2
0.9302	-2
0.9589	2
1.0860	-2
1.0867	2
1.0947	-2
1.1742	2
1.2171	-2
1.2456	-2
1.2491	-2
1.2538	-2
1.2723	-2
1.2821	-2
1.2830	-2
1.3065	2
1.3123	-2
1.3237	2
1.3335	-2
1.3550	2
1.3772	-2
1.4049	-2
1.4124	-2
1.4784	-2
1.4784	-2
1.4785	2
1.4931	-2
1.5094	-2
1.5411	-2
1.5470	2
1.5640	2
1.5907	-2
1.5990	-2
1.6056	-2
1.6474	2
1.6652	-2
1.6999	2
1.7052	-2
1.7161	-2
1.7225	-2
1.7995	2
1.8082	2
1.8250	2
1.8677	-2
1.8728	-2
1.8809	-2
1.9049	-2
1.9377	-2
1.9883	-2
1.9949	-2
2.0072	2
2.0289	-2
2.0711	-2
2.0975	-2
2.1275	2
2.1370	-2
2.1855	-2
2.1878	-2
2.2431	-2
2.2554	2
2.2626	2
2.2696	-2
2.2777	-2
2.3316	-2
2.3540	2
2.3556	-2
2.3564	-2
2.3825	2
2.3828	2
2.3977	-2
2.4600	-2
2.4853	2
2.4967	-2
2.5154	-2
2.6192	2
2.6269	-2
2.6932	2
2.7152	2
2.7183	2
2.7202	2
2.8131	2
2.8146	-2
2.8458	-2
2.8562	-2
2.8712	-2
2.9681	2
2.9909	-2
2.9950	2
3.0035	2
3.0409	2
3.0481	-2
3.2955	-2
3.3337	-2
3.3738	2
3.3958	2
3.4063	2
3.4141	-2
3.5689	2
3.5756	2
3.7030	2
3.7860	2
3.8487	2
3.8512	2
3.9343	2
4.0286	2
4.0347	2
4.2314	2
4.2784	2
4.3240	2
4.4538	2
4.8101	2
5.9698	2
6.5930	2
8.4058	1
17.0540	1
25.7042	-1
34.3551	1
43.0062	1
51.6585	-1
60.3117	-1
68.9650	-1
77.6184	-1
86.2904	1
94.9647	-1
103.6396	1
112.3146	1
120.9912	-1
129.6678	-1
138.3445	-1
147.0211	-1
155.6977	-1
164.3744	-1
173.0511	-1
181.7278	-1
190.4046	-1
199.0986	1
207.7945	-1
216.4909	1
225.1873	1
233.8852	-1
242.5831	-1
251.2811	-1
259.9790	-1
268.6769	-1
277.3748	-1
286.0729	-1
294.7710	-1
303.4690	-1
312.1671	-1
320.8652	-1
329.5633	-1
338.2618	1
346.9604	1
355.6613	-1
364.3621	-1
373.0630	-1
381.7639	-1
390.4647	-1
399.1656	-1
407.8666	-1
416.5676	-1
425.2686	-1
433.9695	-1
442.6705	-1
451.3926	1
460.1175	-1
468.8429	1
477.5683	1
486.2955	-1
495.0227	-1
503.7499	-1
512.4772	-1
521.2044	-1
529.9323	-1
538.6767	1
547.4237	-1
556.1711	1
564.9187	1
573.6671	-1
582.4155	-1
591.1639	-1
599.9124	-1
608.6608	-1
617.4092	-1
626.1578	-1
634.9064	-1
643.6551	-1
652.4037	-1
661.1524	-1
669.9011	-1
678.6501	1
687.3994	1
696.1486	1
704.8978	1
713.6481	-1
722.3984	-1
731.1487	-1
739.8990	-1
748.6494	-1
757.3997	-1
766.1501	-1
774.9006	-1
783.6511	-1
792.4016	-1
801.1521	-1
809.9026	-1
818.6533	-1
827.4039	-1
836.1546	-1
844.9053	-1
853.6559	-1
862.4066	-1
871.1574	-1
879.9082	-1
888.6590	-1
897.4098	-1
906.1606	-1
914.9114	-1
923.6625	1
932.4138	1
941.1650	1
949.9164	1
958.6688	-1
967.4213	-1
976.1737	-1
984.9261	-1
993.6786	-1
1002.4310	-1
1011.1836	-1
1019.9362	-1
1028.6887	-1
1037.4413	-1
1046.1938	-1
1054.9464	-1
1063.6991	-1
1072.4518	-1
1081.2045	-1
1089.9572	-1
1098.7098	-1
1107.4625	-1
1116.2153	-1
1124.9681	-1
1133.7209	-1
1142.4738	-1
1151.2435	1
1160.0153	-1
1168.7875	1
1177.5597	1
1186.3337	-1
1195.1078	-1
1203.8818	-1
1212.6559	-1
1221.4299	-1
1230.2040	-1
1238.9781	-1
1247.7523	-1
1256.5265	-1
1265.3007	-1
1274.0931	1
1282.8888	-1
1291.6849	1
1300.4812	1
1309.2792	-1
1318.0771	-1
1326.8751	-1
1335.6731	-1
1344.4711	-1
1353.2692	-1
1362.0835	1
1370.9001	-1
1379.7173	1
1388.5345	1
1397.3536	-1
1406.1727	-1
1414.9918	-1
1423.8109	-1
1432.6300	-1
1441.4491	-1
1450.2684	-1
1459.0878	-1
1467.9071	-1
1476.7264	-1
1485.5458	-1
1494.3651	-1
1503.1849	1
1512.0049	1
1520.8248	1
1529.6448	1
1538.4668	-1
1547.2888	-1
1556.1108	-1
1564.9329	-1
1573.7549	-1
1582.5769	-1
1591.3990	-1
1600.2212	-1
1609.0433	-1
1617.8655	-1
1626.6876	-1
1635.5098	-1
1644.3320	-1
1653.1543	-1
1661.9766	-1
1670.7988	-1
1679.6211	-1
1688.4434	-1
1697.2657	-1
1706.0881	-1
1714.9105	-1
1723.7329	-1
1732.5553	-1
1741.3777	-1
1750.2006	1
1759.0236	1
1767.8466	1
1776.6697	1
1785.4928	1
1794.3159	1
1803.1392	1
1811.9624	1
1820.7872	-1
1829.6121	-1
1838.4369	-1
1847.2617	-1
1856.0865	-1
1864.9114	-1
1873.7368	-1
1882.5623	-1
1891.3877	-1
1900.2131	-1
1909.0386	-1
1917.8640	-1
1926.6902	1
1935.5164	-1
1944.3427	-1
1953.1689	-1
1961.9952	-1
1970.8215	-1
1979.6478	-1
1988.4741	1
1997.3004	-1
2006.1268	-1
2014.9532	-1
2023.7797	-1
2032.6061	-1
2041.4325	-1
2050.2590	-1
2059.0857	-1
2067.9124	-1
2076.7390	-1
2085.5657	-1
2094.3923	-1
2103.2202	1
2112.0481	1
2120.8760	1
2129.7039	1
2138.5325	1
2147.3616	1
2156.1909	-1
2165.0203	-1
2173.8496	-1
2182.6790	-1
2191.5083	-1
2200.3376	-1
2209.1677	-1
2217.9978	-1
2226.8279	-1
2235.6580	-1
2244.4880	-1
2253.3181	-1
2262.1484	-1
2270.9788	-1
2279.8091	-1
2288.6394	-1
2297.4697	-1
2306.3000	-1
2315.1309	1
2323.9617	1
2332.7925	1
2341.6233	1
2350.4570	-1
2359.2908	-1
2368.1245	-1
2376.9583	-1
2385.7920	-1
2394.6257	-1
2403.4595	-1
2412.2932	-1
2421.1270	-1
2429.9607	-1
2438.7944	-1
2447.6282	-1
2456.4622	-1
2465.2961	-1
2474.1301	-1
2482.9641	-1
2491.7981	-1
2500.6321	-1
2509.4661	-1
2518.3000	-1
2527.1340	-1
2535.9680	-1
2544.8020	-1
2553.6360	-1
2562.4702	1
2571.3044	-1
2580.1387	-1
2588.9729	-1
2597.8071	-1
2606.6414	-1
2615.4756	-1
2624.3098	1
2633.1440	1
2641.9783	1
2650.8159	-1
2659.6536	-1
2668.4912	-1
2677.3289	-1
2686.1665	-1
2695.0042	-1
2703.8420	-1
2712.6799	-1
2721.5178	-1
2730.3557	-1
2739.1936	-1
2748.0315	-1
2756.8694	-1
2765.7073	-1
2774.5452	-1
2783.3831	-1
2792.2209	-1
2801.0588	-1
2809.8970	-1
2818.7351	-1
2827.5732	-1
2836.4114	-1
2845.2495	-1
2854.0876	-1
2862.9263	1
2871.7649	1
2880.6038	1
2889.4426	1
2898.2815	1
2907.1204	1
2915.9592	1
2924.7981	1
2933.6372	1
2942.4763	1
2951.3154	-1
2960.1545	-1
2968.9937	-1
2977.8328	-1
2986.6719	-1
2995.5110	-1
3004.3503	-1
3013.1897	-1
3022.0291	-1
3030.8684	-1
3039.7078	-1
3048.5471	-1
3057.3867	-1
3066.2263	-1
3075.0659	-1
3083.9055	-1
3092.7451	-1
3101.5847	-1
3110.4246	-1
3119.2644	-1
3128.1042	-1
3136.9441	-1
3145.7839	-1
3154.6238	-1
3163.4636	-1
3172.3035	-1
3181.1433	-1
3189.9832	-1
3198.8232	-1
3207.6633	-1
3216.5034	-1
3225.3435	-1
3234.1836	-1
3243.0237	-1
3251.8638	-1
3260.7039	-1
3269.5442	-1
3278.3845	-1
3287.2249	-1
3296.0652	-1
3304.9055	-1
3313.7458	-1
3322.5874	1
3331.4292	1
3340.2710	1
3349.1128	1
3357.9546	1
3366.7964	1
3375.6382	1
3384.4802	1
3393.3223	1
3402.1643	1
3411.0063	1
3419.8484	1
3428.6904	1
3437.5327	1
3446.3750	1
3455.2173	1
3464.0596	1
3472.9019	1
3481.7441	1
3490.5867	1
3499.4292	1
3508.2717	1
3517.1211	-1
3525.9705	-1
3534.8198	-1
3543.6692	-1
3552.5186	-1
3561.3679	-1
3570.2173	-1
3579.0667	-1
3587.9160	-1
3596.7654	-1
3605.6147	-1
3614.4641	-1
3623.3137	-1
3632.1633	-1
3641.0129	-1
3649.8625	-1
3658.7122	-1
3667.5618	-1
3676.4116	-1
3685.2615	-1
3694.1113	-1
3702.9612	-1
3711.8110	-1
3720.6609	-1
3729.5107	-1
3738.3606	-1
3747.2104	-1
3756.0603	-1
3764.9102	-1
3773.7600	-1
3782.6101	-1
3791.4602	-1
3800.3103	-1
3809.1604	-1
3818.0105	-1
3826.8606	-1
3835.7107	-1
3844.5608	-1
3853.4109	-1
3862.2610	-1
3871.1111	-1
3879.9612	-1
3888.8115	-1
3897.6619	-1
3906.5122	-1
3915.3625	-1
3924.2129	-1
3933.0632	-1
3941.9136	-1
3950.7639	-1
3959.6143	-1
3968.4646	-1
3977.3149	-1
3986.1653	-1
3995.0183	-1
4003.8713	-1
4012.7244	-1
4021.5774	-1
4030.4304	-1
4039.2834	-1
4048.1367	-1
4056.9900	-1
4065.8433	-1
4074.6965	-1
4083.5498	-1
4092.4031	-1
4101.2563	-1
4110.1099	-1
4118.9634	-1
4127.8169	-1
4136.6704	-1
4145.5239	-1
4154.3779	-1
4163.2319	-1
4172.0859	-1
4180.9399	-1
4189.7939	-1
4198.6479	-1
4207.5024	-1
4216.3569	-1
4225.2114	-1
4234.0659	-1
4242.9204	-1
4251.7749	-1
4260.6294	-1
4269.4839	-1
4278.3384	-1
4287.1929	-1
4296.0474	-1
4304.9019	-1
4313.7563	-1
4322.6108	-1
4331.4653	-1
4340.3198	-1
4349.1743	-1
4358.0288	-1
4366.8833	-1
4375.7378	-1
4384.5923	-1
4393.4468	-1
4402.3013	-1
4411.1558	-1
4420.0107	-1
4428.8657	-1
4437.7207	-1
4446.5757	-1
4455.4307	-1
4464.2856	-1
4473.1406	-1
4481.9956	-1
4490.8506	-1
4499.7056	-1
4508.5605	-1
4517.4155	-1
4526.2705	-1
4535.1255	-1
4543.9805	-1
4552.8354	-1
4561.6904	-1
4570.5454	-1
4579.4009	-1
4588.2563	-1
4597.1118	-1
4605.9673	-1
4614.8228	-1
4623.6782	-1
4632.5337	-1
4641.3892	-1
4650.2446	-1
4659.1001	-1
4667.9556	-1
4676.8110	-1
4685.6665	-1
4694.5220	-1
4703.3774	-1
4712.2329	-1
4721.0884	-1
4729.9438	-1
4738.7993	1
4747.6553	1
4756.5112	1
4765.3672	1
4774.2231	1
4783.0791	1
4791.9351	1
4800.7910	1
4809.6470	1
4818.5029	1
4827.3589	1
4836.2148	1
4845.0713	1
4853.9277	1
4862.7842	1
4871.6406	1
4880.4971	1
4889.3535	1
4898.2109	-1
4907.0684	-1
4915.9258	-1
4924.7832	-1
4933.6411	-1
4942.4990	-1
4951.3569	-1
4960.2148	-1
4969.0728	-1
4977.9307	-1
4986.7886	-1
4995.6465	-1
5004.5044	-1
5013.3623	-1
5022.2202	-1
5031.0781	-1
5039.9360	-1
5048.7939	-1
5057.6523	-1
5066.5107	-1
5075.3691	-1
5084.2275	-1
5093.0859	-1
5101.9443	-1
5110.8027	-1
5119.6611	-1
5128.5195	-1
5137.3779	-1
5146.2363	-1
5155.0947	-1
5163.9536	-1
5172.8125	-1
5181.6714	-1
5190.5303	-1
5199.3892	-1
5208.2480	-1
5217.1069	-1
5225.9658	-1
5234.8247	-1
5243.6836	-1
5252.5425	-1
5261.4014	-1
5270.2603	-1
5279.1191	-1
5287.9780	-1
5296.8369	-1
5305.6958	-1
5314.5547	-1
5323.4141	-1
5332.2734	-1
5341.1328	-1
5349.9922	-1
5358.8516	-1
5367.7109	-1
5376.5737	1
5385.4395	-1
5394.3052	-1
5403.1709	-1
5412.0366	-1
5420.9023	-1
5429.7681	-1
5438.6343	-1
5447.5005	-1
5456.3667	-1
5465.2329	-1
5474.0991	-1
5482.9653	-1
5491.8315	-1
5500.6978	-1
5509.5640	-1
5518.4302	-1
5527.2964	-1
5536.1626	-1
5545.0288	-1
5553.8950	-1
5562.7612	-1
5571.6274	-1
5580.4937	-1
5589.3599	-1
5598.2261	-1
5607.0923	-1
5615.9585	-1
5624.8247	-1
5633.6909	-1
5642.5571	-1
5651.4238	-1
5660.2905	-1
5669.1572	-1
5678.0239	-1
5686.8906	-1
5695.7573	-1
5704.6240	-1
5713.4907	-1
5722.3574	-1
5731.2241	-1
5740.0908	-1
5748.9575	-1
5757.8242	-1
5766.6909	-1
5775.5576	-1
5784.4243	-1
5793.2910	-1
5802.1577	-1
5811.0249	-1
5819.8921	-1
5828.7593	-1
5837.6265	-1
5846.4937	-1
5855.3608	-1
5864.2280	-1
5873.0952	-1
5881.9624	-1
5890.8296	-1
5899.6968	-1
5908.5640	-1
5917.4336	-1
5926.3032	-1
5935.1729	-1
5944.0425	-1
5952.9121	-1
5961.7817	-1
5970.6514	-1
5979.5210	-1
5988.3906	-1
5997.2603	-1
6006.1299	-1
6014.9995	-1
6023.8696	-1
6032.7397	-1
6041.6099	-1
6050.4800	-1
6059.3501	-1
6068.2202	-1
6077.0903	-1
6085.9604	-1
6094.8306	-1
6103.7007	-1
6112.5708	-1
6121.4409	-1
6130.3110	-1
6139.1812	-1
6148.0513	-1
6156.9214	-1
6165.7915	-1
6174.6616	-1
6183.5317	-1
6192.4019	-1
6201.2720	-1
6210.1421	-1
6219.0122	-1
6227.8823	-1
6236.7529	-1
6245.6235	-1
6254.4941	-1
6263.3647	-1
6272.2354	-1
6281.1060	-1
6289.9766	-1
6298.8472	-1
6307.7178	-1
6316.5884	-1
6325.4590	-1
6334.3296	-1
6343.2002	-1
6352.0708	-1
6360.9414	-1
6369.8120	-1
6378.6982	1
6387.5864	-1
6396.4751	1
6405.3638	1
6414.2539	-1
6423.1440	-1
6432.0342	-1
6440.9243	-1
6449.8145	-1
6458.7046	-1
6467.5947	-1
6476.4849	-1
6485.3750	-1
6494.2651	-1
6503.1553	-1
6512.0454	-1
6520.9360	1
6529.8271	1
6538.7183	1
6547.6094	1
6556.5024	-1
6565.3955	-1
6574.2886	-1
6583.1816	-1
6592.0747	-1
6600.9678	-1
6609.8608	-1
6618.7539	-1
6627.6470	-1
6636.5400	-1
6645.4331	-1
6654.3262	-1
6663.2192	-1
6672.1123	-1
6681.0054	-1
6689.8984	-1
6698.7915	-1
6707.6846	-1
6716.5776	-1
6725.4707	-1
6734.3638	-1
6743.2568	-1
6752.1499	-1
6761.0430	-1
6769.9365	1
6778.8306	1
6787.7246	1
6796.6187	1
6805.5127	1
6814.4067	1
6823.3008	1
6832.1948	1
6841.0918	-1
6849.9888	-1
6858.8857	-1
6867.7827	-1
6876.6797	-1
6885.5767	-1
6894.4741	-1
6903.3716	-1
6912.2690	-1
6921.1665	-1
6930.0640	-1
6938.9614	-1
6947.8589	-1
6956.7563	-1
6965.6538	-1
6974.5513	-1
6983.4487	-1
6992.3462	-1
7001.2441	-1
7010.1421	-1
7019.0400	-1
7027.9380	-1
7036.8359	-1
7045.7339	-1
7054.6318	-1
7063.5298	-1
7072.4277	-1
7081.3257	-1
7090.2236	-1
7099.1216	-1
7108.0195	-1
7116.9175	-1
7125.8154	-1
7134.7134	-1
7143.6113	-1
7152.5093	-1
7161.4072	-1
7170.3052	-1
7179.2031	-1
7188.1011	-1
7196.9990	-1
7205.8970	-1
7214.7954	-1
7223.6938	-1
7232.5923	-1
7241.4907	-1
7250.3892	-1
7259.2876	-1
7268.1860	1
7277.0845	1
7285.9834	1
7294.8823	1
7303.7812	1
7312.6807	1
7321.5801	1
7330.4795	1
7339.3789	1
7348.2783	1
7357.1782	1
7366.0781	1
7374.9780	1
7383.8779	1
7392.7783	1
7401.6787	1
7410.5835	-1
7419.4883	-1
7428.3931	-1
7437.2979	-1
7446.2026	-1
7455.1074	-1
7464.0127	-1
7472.9180	-1
7481.8232	-1
7490.7285	-1
7499.6338	-1
7508.5391	-1
7517.4448	-1
7526.3506	-1
7535.2563	-1
7544.1621	-1
7553.0679	-1
7561.9736	-1
7570.8794	-1
7579.7852	-1
7588.6909	-1
7597.5967	-1
7606.5024	-1
7615.4082	-1
7624.3140	-1
7633.2197	-1
7642.1255	-1
7651.0312	-1
7659.9370	-1
7668.8428	-1
7677.7485	-1
7686.6543	-1
7695.5601	-1
7704.4658	-1
7713.3716	-1
7722.2773	-1
7731.1836	-1
7740.0898	-1
7748.9961	-1
7757.9023	-1
7766.8086	-1
7775.7148	-1
7784.6211	-1
7793.5273	-1
7802.4336	-1
7811.3398	-1
7820.2461	-1
7829.1523	-1
7838.0586	-1
7846.9648	-1
7855.8711	-1
7864.7773	-1
7873.6836	-1
7882.5898	-1
7891.4966	1
7900.4033	1
7909.3105	1
7918.2178	1
7927.1265	1
7936.0352	1
7944.9438	1
7953.8525	1
7962.7617	1
7971.6709	1
7980.5801	1
7989.4893	1
7998.3984	1
8007.3076	1
8016.2168	1
8025.1265	-1
8034.0361	-1
8042.9458	-1
8051.8555	-1
8060.7651	-1
8069.6748	-1
8078.5845	-1
8087.4941	-1
8096.4038	-1
8105.3135	-1
8114.2231	-1
8123.1328	-1
8132.0425	-1
8140.9521	-1
8149.8618	-1
8158.7715	-1
8167.6812	-1
8176.5908	-1
8185.5010	-1
8194.4111	-1
8203.3213	-1
8212.2314	-1
8221.1416	-1
8230.0518	-1
8238.9619	-1
8247.8721	-1
8256.7822	-1
8265.6924	-1
8274.6025	-1
8283.5127	-1
8292.4229	-1
8301.3330	-1
8310.2432	-1
8319.1533	-1
8328.0635	-1
8336.9736	-1
8345.8857	-1
8354.7988	-1
8363.7119	-1
8372.6250	-1
8381.5381	-1
8390.4512	-1
8399.3652	-1
8408.2793	-1
8417.1934	-1
8426.1074	-1
8435.0215	-1
8443.9355	-1
8452.8496	-1
8461.7637	-1
8470.6777	-1
8479.5918	-1
8488.5059	-1
8497.4199	-1
8506.3340	-1
8515.2480	-1
8524.1621	-1
8533.0762	-1
8541.9902	-1
8550.9043	-1
8559.8184	-1
8568.7324	-1
8577.6465	-1
8586.5605	-1
8595.4746	-1
8604.3887	-1
8613.3066	-1
8622.2246	-1
8631.1426	-1
8640.0605	-1
8648.9785	-1
8657.8965	-1
8666.8145	-1
8675.7324	-1
8684.6504	-1
8693.5684	-1
8702.4863	-1
8711.4043	-1
8720.3223	-1
8729.2402	-1
8738.1582	-1
8747.0762	-1
8755.9941	-1
8764.9121	-1
8773.8301	-1
8782.7480	-1
8791.6660	-1
8800.5840	-1
8809.5020	-1
8818.4199	-1
8827.3379	-1
8836.2559	-1
8845.1738	-1
8854.0918	-1
8863.0098	-1
8871.9277	-1
8880.8467	-1
8889.7656	-1
8898.6846	-1
8907.6035	-1
8916.5225	-1
8925.4414	-1
8934.3604	-1
8943.2793	-1
8952.1982	-1
8961.1172	-1
8970.0361	-1
8978.9551	-1
8987.8740	-1
8996.7930	-1
9005.7119	-1
9014.6309	-1
9023.5498	-1
9032.4688	-1
9041.3877	-1
9050.3066	-1
9059.2256	-1
9068.1445	-1
9077.0635	-1
9085.9824	-1
9094.9014	-1
9103.8203	-1
9112.7393	-1
9121.6582	-1
9130.5771	-1
9139.4961	-1
9148.4150	-1
9157.3340	-1
9166.2529	-1
9175.1719	-1
9184.1074	1
9193.0449	-1
9201.9834	1
9210.9219	1
9219.8623	-1
9228.8027	-1
9237.7432	-1
9246.6836	-1
9255.6240	-1
9264.5645	-1
9273.5049	-1
9282.4453	-1
9291.4023	1
9300.3613	-1
9309.3203	-1
9318.2803	1
9327.2402	1
9336.2012	1
9345.1631	-1
9354.1250	-1
9363.0869	-1
9372.0488	-1
9381.0107	-1
9389.9727	-1
9398.9346	-1
9407.8965	-1
9416.8584	-1
9425.8203	-1
9434.7822	-1
9443.7441	-1
9452.7070	1
9461.6709	-1
9470.6348	-1
9479.5986	-1
9488.5625	-1
9497.5264	-1
9506.4902	-1
9515.4707	1
9524.4531	-1
9533.4365	1
9542.4199	1
9551.4043	-1
9560.3887	-1
9569.3730	-1
9578.3574	-1
9587.3418	-1
9596.3262	-1
9605.3115	-1
9614.2969	-1
9623.2822	-1
9632.2676	-1
9641.2529	-1
9650.2529	1
9659.2549	-1
9668.2578	1
9677.2607	1
9686.2646	-1
9695.2686	-1
9704.2725	-1
9713.2764	-1
9722.2803	-1
9731.2842	-1
9740.2881	-1
9749.2920	-1
9758.2959	-1
9767.2998	-1
9776.3037	-1
9785.3076	-1
9794.3125	1
9803.3174	1
9812.3223	1
9821.3271	1
9830.3330	-1
9839.3389	-1
9848.3447	-1
9857.3506	-1
9866.3564	-1
9875.3623	-1
9884.3691	-1
9893.3760	-1
9902.3828	-1
9911.3896	-1
9920.3965	-1
9929.4033	-1
9938.4102	-1
9947.4170	-1
9956.4238	-1
9965.4307	-1
9974.4375	-1
9983.4443	-1
9992.4512	-1
10001.4580	-1
10010.4648	-1
10019.4717	-1
10028.4785	-1
10037.4854	-1
10046.4922	1
10055.4990	1
10064.5068	1
10073.5146	1
10082.5225	1
10091.5303	1
10100.5381	1
10109.5459	1
10118.5557	-1
10127.5654	-1
10136.5752	-1
10145.5850	-1
10154.5947	-1
10163.6045	-1
10172.6143	-1
10181.6240	-1
10190.6338	-1
10199.6436	-1
10208.6533	-1
10217.6631	-1
10226.6738	-1
10235.6846	-1
10244.6953	-1
10253.7061	-1
10262.7168	-1
10271.7275	-1
10280.7383	-1
10289.7490	-1
10298.7598	-1
10307.7705	-1
10316.7812	-1
10325.7920	-1
10334.8027	-1
10343.8135	-1
10352.8242	-1
10361.8350	-1
10370.8457	-1
10379.8564	-1
10388.8672	-1
10397.8779	-1
10406.8887	-1
10415.8994	-1
10424.9102	-1
10433.9209	-1
10442.9316	1
10451.9424	-1
10460.9531	-1
10469.9639	-1
10478.9746	-1
10487.9854	-1
10496.9961	-1
10506.0068	1
10515.0176	1
10524.0293	-1
10533.0410	1
10542.0527	-1
10551.0645	-1
10560.0762	-1
10569.0879	-1
10578.0996	-1
10587.1113	1
10596.1230	1
10605.1348	1
10614.1465	1
10623.1582	1
10632.1699	1
10641.1826	1
10650.1953	1
10659.2080	1
10668.2207	1
10677.2334	1
10686.2461	1
10695.2607	-1
10704.2754	-1
10713.2900	-1
10722.3047	-1
10731.3193	-1
10740.3340	-1
10749.3486	-1
10758.3633	-1
10767.3779	-1
10776.3926	-1
10785.4072	-1
10794.4219	-1
10803.4375	-1
10812.4531	-1
10821.4688	-1
10830.4844	-1
10839.5000	-1
10848.5156	-1
10857.5322	-1
10866.5488	-1
10875.5654	-1
10884.5820	-1
10893.5986	-1
10902.6152	-1
10911.6318	-1
10920.6484	-1
10929.6650	-1
10938.6816	-1
10947.6982	-1
10956.7148	-1
10965.7314	-1
10974.7480	-1
10983.7646	-1
10992.7812	-1
11001.7979	-1
11010.8145	-1
11019.8311	-1
11028.8477	-1
11037.8643	-1
11046.8809	-1
11055.8975	-1
11064.9141	-1
11073.9307	-1
11082.9473	-1
11091.9639	-1
11100.9805	-1
11109.9971	-1
11119.0137	-1
11128.0322	1
11137.0508	1
11146.0693	1
11155.0879	1
11164.1074	-1
11173.1270	-1
11182.1465	-1
11191.1660	-1
11200.1855	-1
11209.2051	-1
11218.2256	-1
11227.2461	-1
11236.2666	-1
11245.2871	-1
11254.3076	-1
11263.3281	-1
11272.3486	-1
11281.3691	-1
11290.3896	-1
11299.4102	-1
11308.4307	-1
11317.4512	-1
11326.4717	-1
11335.4922	-1
11344.5127	-1
11353.5332	-1
11362.5537	-1
11371.5742	-1
11380.5947	-1
11389.6152	-1
11398.6357	-1
11407.6562	-1
11416.6768	-1
11425.6973	-1
11434.7178	-1
11443.7383	-1
11452.7588	-1
11461.7793	-1
11470.7998	-1
11479.8203	-1
11488.8418	-1
11497.8633	-1
11506.8848	-1
11515.9062	-1
11524.9277	-1
11533.9492	-1
11542.9707	-1
11551.9922	-1
11561.0137	-1
11570.0352	-1
11579.0566	-1
11588.0781	-1
11597.1006	-1
11606.1230	-1
11615.1455	-1
11624.1680	-1
11633.1904	-1
11642.2129	-1
11651.2363	-1
11660.2598	-1
11669.2832	-1
11678.3066	-1
11687.3301	-1
11696.3535	-1
11705.3770	-1
11714.4004	-1
11723.4238	-1
11732.4473	-1
11741.4707	-1
11750.4941	-1
11759.5176	-1
11768.5410	-1
11777.5811	1
11786.6230	-1
11795.6650	1
11804.7070	1
11813.7500	-1
11822.7930	-1
11831.8359	-1
11840.8945	1
11849.9551	-1
11859.0156	1
11868.0762	1
11877.1387	-1
11886.2012	-1
11895.2637	-1
11904.3262	-1
11913.3887	-1
11922.4658	1
11931.5449	-1
11940.6250	1
11949.7051	1
11958.7861	-1
11967.8672	-1
11976.9482	-1
11986.0293	-1
11995.1104	-1
12004.1914	-1
12013.2734	-1
12022.3555	-1
12031.4375	-1
12040.5195	-1
12049.6016	-1
12058.6836	-1
12067.7656	1
12076.8477	1
12085.9316	-1
12095.0156	-1
12104.0996	-1
12113.1836	-1
12122.2676	-1
12131.3516	-1
12140.4355	-1
12149.5195	-1
12158.6191	1
12167.7207	-1
12176.8223	1
12185.9238	1
12195.0264	-1
12204.1289	-1
12213.2314	-1
12222.3340	-1
12231.4365	-1
12240.5391	-1
12249.6426	-1
12258.7461	-1
12267.8496	-1
12276.9531	-1
12286.0566	-1
12295.1602	-1
12304.2637	1
12313.3672	1
12322.4707	1
12331.5742	1
12340.6787	-1
12349.7832	-1
12358.8877	-1
12367.9922	-1
12377.0967	-1
12386.2012	-1
12395.3057	-1
12404.4102	-1
12413.5146	-1
12422.6191	-1
12431.7236	-1
12440.8281	-1
12449.9326	-1
12459.0371	-1
12468.1416	-1
12477.2461	-1
12486.3506	-1
12495.4551	-1
12504.5596	-1
12513.6641	-1
12522.7686	-1
12531.8730	-1
12540.9775	-1
12550.0820	-1
12559.1875	1
12568.2930	1
12577.3984	1
12586.5039	1
12595.6094	1
12604.7148	1
12613.8203	1
12622.9258	1
12632.0322	-1
12641.1387	-1
12650.2451	-1
12659.3516	-1
12668.4580	-1
12677.5645	-1
12686.6719	-1
12695.7793	-1
12704.8867	-1
12713.9941	-1
12723.1016	-1
12732.2090	-1
12741.3164	-1
12750.4238	-1
12759.5312	-1
12768.6387	-1
12777.7461	-1
12786.8535	-1
12795.9619	-1
12805.0703	-1
12814.1787	-1
12823.2871	-1
12832.3955	-1
12841.5039	-1
12850.6123	-1
12859.7207	-1
12868.8291	-1
12877.9375	-1
12887.0459	-1
12896.1543	-1
12905.2627	-1
12914.3711	-1
12923.4795	-1
12932.5879	-1
12941.6963	-1
12950.8047	-1
12959.9131	-1
12969.0215	-1
12978.1299	-1
12987.2383	-1
12996.3467	-1
13005.4551	-1
13014.5635	-1
13023.6719	-1
13032.7803	-1
13041.8887	-1
13050.9971	-1
13060.1055	-1
13069.2148	1
13078.3242	1
13087.4336	1
13096.5430	1
13105.6523	1
13114.7617	1
13123.8711	1
13132.9805	1
13142.0898	1
13151.1992	1
13160.3096	-1
13169.4199	-1
13178.5303	-1
13187.6406	-1
13196.7510	-1
13205.8613	-1
13214.9736	-1
13224.0859	-1
13233.1982	-1
13242.3105	-1
13251.4229	-1
13260.5352	-1
13269.6475	-1
13278.7598	-1
13287.8721	-1
13296.9844	-1
13306.0967	-1
13315.2090	-1
13324.3213	-1
13333.4336	-1
13342.5459	-1
13351.6582	-1
13360.7705	-1
13369.8828	-1
13378.9951	-1
13388.1074	-1
13397.2197	-1
13406.3320	-1
13415.4443	-1
13424.5566	-1
13433.6689	-1
13442.7812	-1
13451.8936	-1
13461.0059	-1
13470.1182	-1
13479.2305	-1
13488.3428	-1
13497.4551	-1
13506.5674	-1
13515.6797	-1
13524.7920	-1
13533.9043	-1
13543.0166	-1
13552.1289	-1
13561.2412	-1
13570.3535	-1
13579.4658	-1
13588.5781	-1
13597.6914	-1
13606.8047	-1
13615.9180	-1
13625.0312	-1
13634.1445	-1
13643.2578	-1
13652.3711	-1
13661.4844	-1
13670.5977	-1
13679.7246	1
13688.8525	-1
13697.9814	1
13707.1104	1
13716.2402	-1
13725.3701	-1
13734.5000	-1
13743.6299	-1
13752.7598	-1
13761.8896	-1
13771.0195	-1
13780.1494	-1
13789.2910	1
13798.4346	-1
13807.5781	1
13816.7217	1
13825.8662	-1
13835.0107	-1
13844.1553	-1
13853.2998	-1
13862.4443	-1
13871.5889	-1
13880.7344	-1
13889.8926	1
13899.0518	-1
13908.2119	1
13917.3721	1
13926.5322	-1
13935.6924	-1
13944.8525	-1
13954.0127	-1
13963.1738	-1
13972.3477	1
13981.5225	-1
13990.6982	1
13999.8740	1
14009.0508	-1
14018.2275	-1
14027.4043	-1
14036.5811	-1
14045.7578	-1
14054.9346	-1
14064.1113	-1
14073.2881	-1
14082.4648	-1
14091.6416	-1
14100.8184	-1
14109.9951	-1
14119.1729	1
14128.3506	1
14137.5283	1
14146.7061	1
14155.8857	-1
14165.0654	-1
14174.2451	-1
14183.4248	-1
14192.6045	-1
14201.7842	-1
14210.9639	-1
14220.1436	-1
14229.3232	-1
14238.5029	-1
14247.6826	-1
14256.8623	-1
14266.0420	-1
14275.2217	-1
14284.4014	-1
14293.5811	-1
14302.7607	-1
14311.9404	-1
14321.1201	-1
14330.2998	-1
14339.4795	-1
14348.6592	-1
14357.8389	-1
14367.0186	-1
14376.1982	1
14385.3779	1
14394.5576	1
14403.7383	1
14412.9189	1
14422.0996	1
14431.2803	1
14440.4609	1
14449.6426	-1
14458.8242	-1
14468.0059	-1
14477.1875	-1
14486.3691	-1
14495.5508	-1
14504.7334	1
14513.9160	1
14523.0986	-1
14532.2812	-1
14541.4639	-1
14550.6465	-1
14559.8291	-1
14569.0117	-1
14578.1953	1
14587.3789	1
14596.5635	-1
14605.7480	-1
14614.9326	-1
14624.1172	-1
14633.3018	-1
14642.4863	-1
14651.6709	-1
14660.8555	-1
14670.0400	-1
14679.2246	-1
14688.4092	-1
14697.5938	-1
14706.7793	-1
14715.9648	-1
14725.1504	-1
14734.3359	-1
14743.5215	-1
14752.7070	-1
14761.8926	-1
14771.0781	-1
14780.2637	-1
14789.4492	-1
14798.6348	-1
14807.8203	-1
14817.0059	-1
14826.1914	-1
14835.3770	-1
14844.5625	-1
14853.7480	-1
14862.9336	-1
14872.1191	-1
14881.3047	-1
14890.4902	-1
14899.6758	-1
14908.8613	-1
14918.0469	-1
14927.2324	1
14936.4180	1
14945.6045	1
14954.7920	-1
14963.9795	-1
14973.1670	-1
14982.3545	-1
14991.5420	-1
15000.7295	-1
15009.9180	-1
15019.1064	-1
15028.2949	-1
15037.4834	-1
15046.6719	-1
15055.8604	-1
15065.0498	-1
15074.2393	-1
15083.4287	-1
15092.6182	-1
15101.8076	-1
15110.9971	-1
15120.1865	-1
15129.3760	-1
15138.5654	-1
15147.7549	-1
15156.9443	-1
15166.1338	-1
15175.3232	-1
15184.5127	-1
15193.7021	-1
15202.8916	-1
15212.0811	-1
15221.2705	-1
15230.4600	-1
15239.6494	-1
15248.8389	-1
15258.0283	-1
15267.2178	-1
15276.4072	-1
15285.5977	-1
15294.7881	-1
15303.9785	-1
15313.1689	-1
15322.3594	-1
15331.5625	1
15340.7676	-1
15349.9727	1
15359.1777	1
15368.3838	-1
15377.5898	-1
15386.7959	-1
15396.0020	-1
15405.2080	-1
15414.4141	-1
15423.6201	-1
15432.8262	-1
15442.0322	-1
15451.2383	-1
15460.4443	-1
15469.6504	-1
15478.8574	1
15488.0645	1
15497.2715	1
15506.4785	1
15515.6865	-1
15524.8945	-1
15534.1025	-1
15543.3105	-1
15552.5186	-1
15561.7266	-1
15570.9355	-1
15580.1445	-1
15589.3535	-1
15598.5625	-1
15607.7715	-1
15616.9805	-1
15626.1895	-1
15635.3984	-1
15644.6074	-1
15653.8164	-1
15663.0254	-1
15672.2344	-1
15681.4434	-1
15690.6523	-1
15699.8613	-1
15709.0703	-1
15718.2793	-1
15727.4883	-1
15736.6973	1
15745.9072	1
15755.1172	1
15764.3271	1
15773.5371	1
15782.7471	1
15791.9570	1
15801.1670	1
15810.3779	-1
15819.5889	-1
15828.7998	-1
15838.0107	-1
15847.2217	-1
15856.4326	-1
15865.6455	1
15874.8584	1
15884.0713	-1
15893.2842	-1
15902.4971	-1
15911.7100	-1
15920.9229	-1
15930.1357	-1
15939.3486	-1
15948.5615	-1
15957.7744	-1
15966.9873	-1
15976.2002	-1
15985.4131	-1
15994.6270	-1
16003.8408	-1
16013.0547	-1
16022.2686	-1
16031.4824	-1
16040.6963	-1
16049.9111	1
16059.1260	1
16068.3408	-1
16077.5557	-1
16086.7705	-1
16095.9854	-1
16105.2002	-1
16114.4150	-1
16123.6299	-1
16132.8447	-1
16142.0596	-1
16151.2744	-1
16160.4893	-1
16169.7041	-1
16178.9189	-1
16188.1338	-1
16197.3486	-1
16206.5635	-1
16215.7783	-1
16224.9932	-1
16234.2080	1
16243.4229	1
16252.6387	1
16261.8545	1
16271.0703	1
16280.2871	-1
16289.5039	-1
16298.7207	-1
16307.9375	-1
16317.1543	-1
16326.3711	-1
16335.5879	-1
16344.8047	-1
16354.0215	-1
16363.2383	-1
16372.4551	-1
16381.6719	-1
16390.8887	-1
16400.1055	-1
16409.3223	-1
16418.5391	-1
16427.7559	-1
16436.9727	-1
16446.1895	-1
16455.4062	-1
16464.6230	-1
16473.8398	-1
16483.0566	-1
16492.2734	-1
16501.4902	-1
16510.7070	-1
16519.9238	-1
16529.1406	-1
16538.3574	-1
16547.5742	-1
16556.7949	-1
16566.0156	-1
16575.2363	-1
16584.4570	-1
16593.6777	-1
16602.8984	-1
16612.1191	-1
16621.3398	-1
16630.5605	-1
16639.7812	-1
16649.0020	-1
16658.2227	-1
16667.4434	-1
16676.6641	-1
16685.8848	-1
16695.1055	-1
16704.3262	-1
16713.5469	-1
16722.7676	-1
16731.9883	-1
16741.2090	-1
16750.4297	-1
16759.6504	-1
16768.8711	-1
16778.0918	-1
16787.3125	-1
16796.5332	-1
16805.7539	-1
16814.9883	1
16824.2246	-1
16833.4609	1
16842.6973	1
16851.9355	-1
16861.1738	-1
16870.4121	-1
16879.6504	-1
16888.8887	-1
16898.1270	-1
16907.3652	-1
16916.6035	-1
16925.8418	-1
16935.0801	-1
16944.3184	-1
16953.5566	-1
16962.7949	1
16972.0332	1
16981.2715	1
16990.5098	1
16999.7500	-1
17008.9902	-1
17018.2305	-1
17027.4707	-1
17036.7109	-1
17045.9512	-1
17055.1914	-1
17064.4316	-1
17073.6719	-1
17082.9121	-1
17092.1523	-1
17101.3926	-1
17110.6328	-1
17119.8730	-1
17129.1133	-1
17138.3535	-1
17147.5938	-1
17156.8340	-1
17166.0742	-1
17175.3145	-1
17184.5547	-1
17193.7949	-1
17203.0352	-1
17212.2754	-1
17221.5156	1
17230.7559	1
17239.9961	1
17249.2363	1
17258.4766	1
17267.7168	1
17276.9570	1
17286.1973	1
17295.4395	-1
17304.6816	-1
17313.9238	-1
17323.1660	-1
17332.4082	-1
17341.6504	-1
17350.8926	-1
17360.1348	-1
17369.3770	-1
17378.6191	-1
17387.8613	-1
17397.1035	-1
17406.3457	-1
17415.5879	-1
17424.8301	-1
17434.0723	-1
17443.3145	-1
17452.5566	-1
17461.7988	-1
17471.0410	-1
17480.2832	-1
17489.5254	-1
17498.7676	-1
17508.0098	-1
17517.2520	1
17526.4941	1
17535.7363	1
17544.9785	1
17554.2227	-1
17563.4668	-1
17572.7109	-1
17581.9551	-1
17591.1992	-1
17600.4434	-1
17609.6875	1
17618.9316	1
17628.1758	1
17637.4199	1
17646.6641	1
17655.9082	1
17665.1523	-1
17674.3965	-1
17683.6406	-1
17692.8848	-1
17702.1289	-1
17711.3730	-1
17720.6172	-1
17729.8613	-1
17739.1055	-1
17748.3496	-1
17757.5938	-1
17766.8379	-1
17776.0820	-1
17785.3262	-1
17794.5703	-1
17803.8145	-1
17813.0586	-1
17822.3027	-1
17831.5488	1
17840.7949	1
17850.0410	-1
17859.2871	-1
17868.5332	-1
17877.7793	-1
17887.0254	-1
17896.2715	-1
17905.5176	1
17914.7637	1
17924.0098	1
17933.2559	1
17942.5020	1
17951.7480	1
17960.9961	-1
17970.2441	-1
17979.4922	-1
17988.7402	-1
17997.9883	-1
18007.2363	-1
18016.4844	-1
18025.7324	-1
18034.9805	-1
18044.2285	-1
18053.4766	-1
18062.7246	-1
18071.9727	-1
18081.2207	-1
18090.4688	-1
18099.7168	-1
18108.9648	-1
18118.2129	-1
18127.4609	-1
18136.7090	-1
18145.9570	-1
18155.2051	-1
18164.4531	-1
18173.7012	-1
18182.9492	-1
18192.1973	-1
18201.4453	-1
18210.6934	-1
18219.9414	-1
18229.1895	-1
18238.4375	-1
18247.6855	-1
18256.9336	-1
18266.1816	-1
18275.4297	-1
18284.6777	-1
18293.9258	-1
18303.1738	-1
18312.4219	-1
18321.6699	-1
18330.9180	-1
18340.1660	-1
18349.4141	-1
18358.6621	-1
18367.9102	-1
18377.1582	-1
18386.4062	-1
18395.6543	-1
18404.9023	-1
18414.1504	-1
18423.3984	-1
18432.6465	-1
18441.8945	-1
18451.1426	-1
18460.3926	-1
18469.6426	-1
18478.8926	-1
18488.1426	-1
18497.3926	-1
18506.6426	-1
18515.8926	-1
18525.1426	1
18534.3926	-1
18543.6426	-1
18552.8926	-1
18562.1426	-1
18571.3926	-1
18580.6426	1
18589.8945	1
18599.1465	1
18608.3984	1
18617.6504	1
18626.9023	1
18636.1543	-1
18645.4062	-1
18654.6582	-1
18663.9102	-1
18673.1621	-1
18682.4141	-1
18691.6660	1
18700.9180	1
18710.1699	1
18719.4219	1
18728.6738	1
18737.9258	1
18747.1777	1
18756.4297	1
18765.6816	1
18774.9336	1
18784.1855	1
18793.4375	1
18802.6895	1
18811.9414	1
18821.1934	1
18830.4453	1
18839.6973	1
18848.9512	-1
18858.2051	-1
18867.4590	-1
18876.7129	-1
18885.9668	-1
18895.2207	-1
18904.4746	-1
18913.7285	-1
18922.9824	-1
18932.2363	-1
18941.4902	-1
18950.7441	-1
18959.9980	-1
18969.2520	-1
18978.5059	-1
18987.7598	-1
18997.0137	-1
19006.2676	-1
19015.5215	-1
19024.7754	-1
19034.0293	-1
19043.2832	-1
19052.5371	-1
19061.7910	-1
19071.0449	-1
19080.2988	-1
19089.5527	-1
19098.8066	-1
19108.0605	-1
19117.3145	-1
19126.5684	-1
19135.8223	-1
19145.0762	-1
19154.3301	-1
19163.5840	-1
19172.8379	-1
19182.0918	-1
19191.3457	-1
19200.5996	-1
19209.8535	-1
19219.1074	-1
19228.3613	-1
19237.6152	1
19246.8691	1
19256.1250	1
19265.3809	1
19274.6367	1
19283.8926	1
19293.1484	1
19302.4043	1
19311.6602	1
19320.9160	1
19330.1719	1
19339.4277	1
19348.6836	1
19357.9395	1
19367.1973	-1
19376.4551	-1
19385.7129	-1
19394.9707	-1
19404.2285	-1
19413.4863	-1
19422.7441	-1
19432.0020	-1
19441.2598	-1
19450.5176	-1
19459.7754	-1
19469.0332	-1
19478.2910	-1
19487.5488	-1
19496.8066	-1
19506.0645	-1
19515.3223	-1
19524.5801	-1
19533.8379	-1
19543.0957	-1
19552.3535	-1
19561.6113	-1
19570.8691	-1
19580.1270	-1
19589.3848	1
19598.6426	1
19607.9004	1
19617.1582	1
19626.4160	1
19635.6738	1
19644.9336	-1
19654.1934	-1
19663.4531	-1
19672.7129	-1
19681.9727	-1
19691.2324	-1
19700.4922	1
19709.7520	1
19719.0117	-1
19728.2715	-1
19737.5312	-1
19746.7910	-1
19756.0508	-1
19765.3105	-1
19774.5703	-1
19783.8301	-1
19793.0898	-1
19802.3496	-1
19811.6094	-1
19820.8691	-1
19830.1289	-1
19839.3887	-1
19848.6484	-1
19857.9082	-1
19867.1680	-1
19876.4277	-1
19885.6875	-1
19894.9473	1
19904.2070	-1
19913.4668	-1
19922.7266	-1
19931.9863	-1
19941.2461	-1
19950.5059	1
19959.7656	1
19969.0254	1
19978.2852	-1
19987.5449	-1
19996.8047	-1
20006.0645	-1
20015.3242	-1
20024.5840	-1
20033.8438	1
20043.1035	1
20052.3633	1
20061.6230	1
20070.8848	1
20080.1465	1
20089.4082	1
20098.6699	1
20107.9336	-1
20117.1973	-1
20126.4609	-1
20135.7246	-1
20144.9883	-1
20154.2520	-1
20163.5156	-1
20172.7793	-1
20182.0430	-1
20191.3066	-1
20200.5703	-1
20209.8340	-1
20219.0996	-1
20228.3652	-1
20237.6309	-1
20246.8965	-1
20256.1621	-1
20265.4277	-1
20274.6934	1
20283.9590	1
20293.2246	1
20302.4902	1
20311.7578	1
20321.0254	1
20330.2930	-1
20339.5605	-1
20348.8281	-1
20358.0957	-1
20367.3633	-1
20376.6309	-1
20385.8984	-1
20395.1660	-1
20404.4336	-1
20413.7012	-1
20422.9688	-1
20432.2363	-1
20441.5039	-1
20450.7715	-1
20460.0391	-1
20469.3066	-1
20478.5742	-1
20487.8418	-1
20497.1094	-1
20506.3770	-1
20515.6445	-1
20524.9121	-1
20534.1797	-1
20543.4473	-1
20552.7148	-1
20561.9824	-1
20571.2500	-1
20580.5176	-1
20589.7852	-1
20599.0527	-1
20608.3223	-1
20617.5918	-1
20626.8613	-1
20636.1309	-1
20645.4004	-1
20654.6699	-1
20663.9395	-1
20673.2090	-1
20682.4785	-1
20691.7480	-1
20701.0176	-1
20710.2871	-1
20719.5566	-1
20728.8262	-1
20738.0957	-1
20747.3652	-1
20756.6348	-1
20765.9043	-1
20775.1738	1
20784.4434	1
20793.7129	1
20802.9824	1
20812.2520	1
20821.5215	-1
20830.7910	-1
20840.0605	-1
20849.3301	-1
20858.5996	-1
20867.8691	-1
20877.1406	-1
20886.4121	-1
20895.6836	-1
20904.9551	-1
20914.2266	-1
20923.4980	-1
20932.7695	-1
20942.0410	-1
20951.3125	-1
20960.5840	-1
20969.8555	-1
20979.1270	-1
20988.3984	-1
20997.6699	-1
21006.9414	-1
21016.2129	-1
21025.4844	-1
21034.7559	-1
21044.0273	-1
21053.2988	-1
21062.5703	-1
21071.8418	-1
21081.1133	-1
21090.3848	-1
21099.6562	-1
21108.9277	-1
21118.1992	-1
21127.4707	-1
21136.7422	-1
21146.0137	-1
21155.2852	-1
21164.5566	-1
21173.8281	-1
21183.0996	-1
21192.3711	-1
21201.6426	-1
21210.9141	1
21220.1855	1
21229.4570	1
21238.7285	1
21248.0000	1
21257.2715	1
21266.5430	1
21275.8145	1
21285.0859	1
21294.3574	1
21303.6309	-1
21312.9043	-1
21322.1777	-1
21331.4512	-1
21340.7246	-1
21349.9980	-1
21359.2715	-1
21368.5449	-1
21377.8184	-1
21387.0918	-1
21396.3652	-1
21405.6387	-1
21414.9121	-1
21424.1855	-1
21433.4590	-1
21442.7324	-1
21452.0059	-1
21461.2793	-1
21470.5527	-1
21479.8262	-1
21489.0996	-1
21498.3730	-1
21507.6465	-1
21516.9199	-1
21526.1934	-1
21535.4668	-1
21544.7402	-1
21554.0137	-1
21563.2871	-1
21572.5605	-1
21581.8340	-1
21591.1074	-1
21600.3809	-1
21609.6543	-1
21618.9277	-1
21628.2012	-1
21637.4746	-1
21646.7480	-1
21656.0215	-1
21665.2949	-1
21674.5684	-1
21683.8418	-1
21693.1152	-1
21702.3887	-1
21711.6621	-1
21720.9355	-1
21730.2090	-1
21739.4824	-1
21748.7559	-1
21758.0293	-1
21767.3027	-1
21776.5762	-1
21785.8496	-1
21795.1230	-1
21804.3965	-1
21813.6699	-1
21822.9434	-1
21832.2168	-1
21841.4902	-1
21850.7656	-1
21860.0410	-1
21869.3164	-1
21878.5918	-1
21887.8672	-1
21897.1426	-1
21906.4180	-1
21915.6934	-1
21924.9688	-1
21934.2441	-1
21943.5195	-1
21952.7949	-1
21962.0703	-1
21971.3457	-1
21980.6211	-1
21989.8965	-1
21999.1719	-1
22008.4473	-1
22017.7227	-1
22027.0000	-1
22036.2773	-1
22045.5547	-1
22054.8320	-1
22064.1094	-1
22073.3867	-1
22082.6641	-1
22091.9414	-1
22101.2188	-1
22110.4961	-1
22119.7734	-1
22129.0508	-1
22138.3281	-1
22147.6055	-1
22156.8828	-1
22166.1602	-1
22175.4375	-1
22184.7148	-1
22193.9922	-1
22203.2695	-1
22212.5469	-1
22221.8242	-1
22231.1016	-1
22240.3789	-1
22249.6562	-1
22258.9336	-1
22268.2109	-1
22277.4883	-1
22286.7656	-1
22296.0430	-1
22305.3203	-1
22314.5977	-1
22323.8750	-1
22333.1523	-1
22342.4297	-1
22351.7070	-1
22360.9863	-1
22370.2656	-1
22379.5449	-1
22388.8242	-1
22398.1035	-1
22407.3828	-1
22416.6621	-1
22425.9414	-1
22435.2207	-1
22444.5000	-1
22453.7793	-1
22463.0586	-1
22472.3379	-1
22481.6172	-1
22490.8965	-1
22500.1758	-1
22509.4551	-1
22518.7344	-1
22528.0137	-1
22537.2930	-1
22546.5723	-1
22555.8516	-1
22565.1309	-1
22574.4102	-1
22583.6895	-1
22592.9688	-1
22602.2480	-1
22611.5273	-1
22620.8066	-1
22630.0859	-1
22639.3652	-1
22648.6445	-1
22657.9238	-1
22667.2031	-1
22676.4824	-1
22685.7617	-1
22695.0410	-1
22704.3203	-1
22713.5996	-1
22722.8789	-1
22732.1582	-1
22741.4375	-1
22750.7188	-1
22760.0000	-1
22769.2812	-1
22778.5625	-1
22787.8438	-1
22797.1250	-1
22806.4062	-1
22815.6875	-1
22824.9688	-1
22834.2500	-1
22843.5312	-1
22852.8125	-1
22862.0938	-1
22871.3750	-1
22880.6562	-1
22889.9375	-1
22899.2188	-1
22908.5000	-1
22917.7812	-1
22927.0625	-1
22936.3438	-1
22945.6250	-1
22954.9062	-1
22964.1875	-1
22973.4688	-1
22982.7500	-1
22992.0312	-1
23001.4902	1
23010.9492	1
23020.4082	1
23029.8672	1
23039.3262	1
23048.7852	1
23058.2441	1
23067.7031	1
23077.1621	1
23086.6211	1
23096.0801	1
23105.5391	1
23114.9980	1
23124.4570	1
23133.9180	-1
23143.3789	-1
23152.8398	-1
23162.3008	-1
23171.7617	-1
23181.2227	-1
23190.6836	-1
23200.1445	-1
23209.6055	-1
23219.0664	-1
23228.5273	-1
23237.9883	-1
23247.4492	-1
23256.9102	-1
23266.3711	-1
23275.8320	-1
23285.2930	-1
23294.7539	-1
23304.2148	-1
23313.6758	-1
23323.1367	-1
23332.5977	-1
23342.0586	-1
23351.5195	-1
23360.9805	-1
23370.4414	-1
23379.9023	-1
23389.3633	-1
23398.8242	-1
23408.2852	-1
23417.7461	-1
23427.2070	-1
23436.6680	-1
23446.1289	-1
23455.5898	-1
23465.0508	-1
23474.5117	-1
23483.9727	-1
23493.4336	-1
23502.8945	-1
23512.3555	-1
23521.8164	-1
23531.2773	-1
23540.7383	-1
23550.1992	-1
23559.6602	-1
23569.1211	-1
23578.5820	-1
23588.0430	-1
23597.5039	-1
23606.9648	-1
23616.4258	-1
23625.8867	-1
23635.3477	-1
23644.8105	-1
23654.2734	-1
23663.7363	-1
23673.1992	-1
23682.6621	-1
23692.1250	-1
23701.5879	-1
23711.0508	-1
23720.5137	-1
23729.9766	-1
23739.4395	-1
23748.9023	-1
23758.3652	-1
23767.8281	-1
23777.2910	-1
23786.7539	-1
23796.2168	-1
23805.6797	-1
23815.1426	-1
23824.6055	-1
23834.0684	-1
23843.5312	-1
23852.9941	-1
23862.4570	-1
23871.9199	-1
23881.3828	-1
23890.8457	-1
23900.3086	-1
23909.7715	-1
23919.2344	-1
23928.7031	1
23938.1719	1
23947.6406	1
23957.1094	1
23966.5801	-1
23976.0508	-1
23985.5215	-1
23994.9922	-1
24004.4629	-1
24013.9336	-1
24023.4043	-1
24032.8750	-1
24042.3457	-1
24051.8164	-1
24061.2871	-1
24070.7578	-1
24080.2285	-1
24089.6992	-1
24099.1699	-1
24108.6406	-1
24118.1113	-1
24127.5820	-1
24137.0527	-1
24146.5234	-1
24155.9941	-1
24165.4648	-1
24174.9355	-1
24184.4062	-1
24193.8906	1
24203.3770	-1
24212.8633	1
24222.3496	1
24231.8379	-1
24241.3262	-1
24250.8145	-1
24260.3027	-1
24269.7910	-1
24279.2793	-1
24288.7676	-1
24298.2559	-1
24307.7441	-1
24317.2324	-1
24326.7207	-1
24336.2090	-1
24345.6973	1
24355.1855	1
24364.6738	1
24374.1621	1
24383.6523	-1
24393.1426	-1
24402.6328	-1
24412.1230	-1
24421.6133	-1
24431.1035	-1
24440.5938	-1
24450.0840	-1
24459.5742	-1
24469.0645	-1
24478.5547	-1
24488.0449	-1
24497.5352	-1
24507.0254	-1
24516.5156	-1
24526.0059	-1
24535.4961	-1
24544.9863	-1
24554.4766	-1
24563.9668	-1
24573.4570	-1
24582.9473	-1
24592.4375	-1
24601.9277	-1
24611.4180	1
24620.9082	1
24630.3984	1
24639.8887	1
24649.3789	1
24658.8691	1
24668.3594	1
24677.8496	1
24687.3418	-1
24696.8340	-1
24706.3262	-1
24715.8184	-1
24725.3105	-1
24734.8027	-1
24744.2949	1
24753.7871	1
24763.2812	-1
24772.7754	-1
24782.2695	-1
24791.7637	-1
24801.2578	-1
24810.7520	-1
24820.2461	1
24829.7402	1
24839.2344	-1
24848.7285	-1
24858.2227	-1
24867.7168	-1
24877.2109	-1
24886.7051	-1
24896.2012	-1
24905.6973	-1
24915.1934	-1
24924.6895	-1
24934.1855	-1
24943.6816	-1
24953.1777	-1
24962.6738	-1
24972.1699	-1
24981.6660	-1
24991.1621	-1
25000.6582	-1
25010.1543	1
25019.6504	1
25029.1465	-1
25038.6426	-1
25048.1387	-1
25057.6348	-1
25067.1309	-1
25076.6270	-1
25086.1230	-1
25095.6191	-1
25105.1152	-1
25114.6113	-1
25124.1074	-1
25133.6035	-1
25143.0996	-1
25152.5957	-1
25162.0918	-1
25171.5879	-1
25181.0840	-1
25190.5801	-1
25200.0762	1
25209.5723	1
25219.0684	1
25228.5645	1
25238.0605	1
25247.5586	1
25257.0566	1
25266.5547	1
25276.0527	1
25285.5508	1
25295.0488	-1
25304.5469	-1
25314.0449	-1
25323.5430	-1
25333.0410	-1
25342.5391	-1
25352.0371	-1
25361.5352	-1
25371.0332	-1
25380.5312	-1
25390.0293	-1
25399.5273	-1
25409.0254	-1
25418.5234	-1
25428.0215	-1
25437.5195	-1
25447.0176	-1
25456.5156	-1
25466.0137	-1
25475.5117	-1
25485.0098	-1
25494.5078	-1
25504.0059	-1
25513.5039	-1
25523.0039	1
25532.5039	1
25542.0039	1
25551.5039	1
25561.0039	1
25570.5039	1
25580.0039	1
25589.5039	1
25599.0059	-1
25608.5078	-1
25618.0098	-1
25627.5117	-1
25637.0137	-1
25646.5156	-1
25656.0195	-1
25665.5234	-1
25675.0273	-1
25684.5312	-1
25694.0352	-1
25703.5391	-1
25713.0430	-1
25722.5469	-1
25732.0508	-1
25741.5547	-1
25751.0586	-1
25760.5625	-1
25770.0664	-1
25779.5703	-1
25789.0742	-1
25798.5781	-1
25808.0820	-1
25817.5859	-1
25827.0898	-1
25836.5938	-1
25846.0977	-1
25855.6016	-1
25865.1055	-1
25874.6094	-1
25884.1133	-1
25893.6172	-1
25903.1211	-1
25912.6250	-1
25922.1289	-1
25931.6328	-1
25941.1367	-1
25950.6406	-1
25960.1445	-1
25969.6484	-1
25979.1523	-1
25988.6562	-1
25998.1602	-1
26007.6641	-1
26017.1680	-1
26026.6719	-1
26036.1758	-1
26045.6797	-1
26055.1836	-1
26064.6875	-1
26074.1914	-1
26083.6953	-1
26093.1992	-1
26102.7031	-1
26112.2070	-1
26121.7109	-1
26131.2148	-1
26140.7188	-1
26150.2227	-1
26159.7266	-1
26169.2305	-1
26178.7344	-1
26188.2383	-1
26197.7422	-1
26207.2461	-1
26216.7500	-1
26226.2539	1
26235.7598	1
26245.2656	1
26254.7715	1
26264.2773	1
26273.7832	1
26283.2891	1
26292.7949	1
26302.3008	1
26311.8066	1
26321.3125	1
26330.8184	1
26340.3242	1
26349.8301	1
26359.3359	1
26368.8418	1
26378.3477	1
26387.8535	1
26397.3613	-1
26406.8691	-1
26416.3770	-1
26425.8848	-1
26435.3926	-1
26444.9004	-1
26454.4082	-1
26463.9160	-1
26473.4238	-1
26482.9316	-1
26492.4395	-1
26501.9473	-1
26511.4551	-1
26520.9629	-1
26530.4707	-1
26539.9785	-1
26549.4863	-1
26558.9941	-1
26568.5020	-1
26578.0098	-1
26587.5176	-1
26597.0254	-1
26606.5332	-1
26616.0410	-1
26625.5488	-1
26635.0566	-1
26644.5645	-1
26654.0723	-1
26663.5801	-1
26673.0879	-1
26682.5957	-1
26692.1035	-1
26701.6113	-1
26711.1191	-1
26720.6270	-1
26730.1348	-1
26739.6445	-1
26749.1543	-1
26758.6641	-1
26768.1738	-1
26777.6836	-1
26787.1934	-1
26796.7031	-1
26806.2129	-1
26815.7227	-1
26825.2324	-1
26834.7422	-1
26844.2520	-1
26853.7617	-1
26863.2715	-1
26872.7812	-1
26882.2910	-1
26891.8008	-1
26901.3105	-1
26910.8223	1
26920.3340	1
26929.8457	1
26939.3574	1
26948.8691	1
26958.3809	1
26967.8945	-1
26977.4082	-1
26986.9219	-1
26996.4355	-1
27005.9492	-1
27015.4629	-1
27024.9766	-1
27034.4902	-1
27044.0039	-1
27053.5176	-1
27063.0312	-1
27072.5449	-1
27082.0586	-1
27091.5723	-1
27101.0859	-1
27110.5996	-1
27120.1133	-1
27129.6270	-1
27139.1406	-1
27148.6543	-1
27158.1680	-1
27167.6816	-1
27177.1953	-1
27186.7090	-1
27196.2227	-1
27205.7363	-1
27215.2500	-1
27224.7637	-1
27234.2773	-1
27243.7910	-1
27253.3047	-1
27262.8184	-1
27272.3320	-1
27281.8457	-1
27291.3594	-1
27300.8730	-1
27310.3867	-1
27319.9004	-1
27329.4141	-1
27338.9277	-1
27348.4414	-1
27357.9551	-1
27367.4727	-1
27376.9902	-1
27386.5078	-1
27396.0254	-1
27405.5430	-1
27415.0605	-1
27424.5781	-1
27434.0957	-1
27443.6133	-1
27453.1309	-1
27462.6484	-1
27472.1660	-1
27481.6836	-1
27491.2012	-1
27500.7188	-1
27510.2363	-1
27519.7539	-1
27529.2715	-1
27538.7891	-1
27548.3066	-1
27557.8242	-1
27567.3418	-1
27576.8594	-1
27586.3770	-1
27595.8945	-1
27605.4121	-1
27614.9297	-1
27624.4473	-1
27633.9648	-1
27643.4824	-1
27653.0020	-1
27662.5215	-1
27672.0410	-1
27681.5605	-1
27691.0801	-1
27700.5996	-1
27710.1191	-1
27719.6387	-1
27729.1582	-1
27738.6777	-1
27748.1973	-1
27757.7168	-1
27767.2363	-1
27776.7559	-1
27786.2754	-1
27795.7949	-1
27805.3145	-1
27814.8340	-1
27824.3535	-1
27833.8730	-1
27843.3926	-1
27852.9121	-1
27862.4316	-1
27871.9512	-1
27881.4707	-1
27890.9902	-1
27900.5098	-1
27910.0293	-1
27919.5488	-1
27929.0684	-1
27938.5898	-1
27948.1113	-1
27957.6328	-1
27967.1543	-1
27976.6758	-1
27986.1973	-1
27995.7188	-1
28005.2402	-1
28014.7617	-1
28024.2832	-1
28033.8047	-1
28043.3262	-1
28052.8477	-1
28062.3691	-1
28071.8906	-1
28081.4121	-1
28090.9336	-1
28100.4551	-1
28109.9766	-1
28119.4980	-1
28129.0195	-1
28138.5410	-1
28148.0625	-1
28157.5840	-1
28167.1055	-1
28176.6270	-1
28186.1484	-1
28195.6699	-1
28205.1914	-1
28214.7129	-1
28224.2344	-1
28233.7559	-1
28243.2773	-1
28252.7988	-1
28262.3203	-1
28271.8418	-1
28281.3633	-1
28290.8848	-1
28300.4062	-1
28309.9414	1
28319.4785	-1
28329.0156	1
28338.5527	1
28348.0918	-1
28357.6309	-1
28367.1699	-1
28376.7090	-1
28386.2480	-1
28395.7871	-1
28405.3262	-1
28414.8652	-1
28424.4043	-1
28433.9434	-1
28443.4824	-1
28453.0215	-1
28462.5605	1
28472.0996	1
28481.6387	1
28491.1777	1
28500.7188	-1
28510.2598	-1
28519.8008	-1
28529.3418	-1
28538.8828	-1
28548.4238	-1
28557.9648	-1
28567.5059	-1
28577.0469	-1
28586.5879	-1
28596.1289	-1
28605.6699	-1
28615.2109	-1
28624.7520	-1
28634.2930	-1
28643.8340	-1
28653.3750	-1
28662.9160	-1
28672.4570	-1
28681.9980	-1
28691.5391	-1
28701.0801	-1
28710.6211	-1
28720.1621	-1
28729.7031	1
28739.2441	1
28748.7852	1
28758.3262	1
28767.8672	1
28777.4082	1
28786.9492	1
28796.4902	1
28806.0332	-1
28815.5762	-1
28825.1191	-1
28834.6621	-1
28844.2051	-1
28853.7480	-1
28863.2910	1
28872.8340	1
28882.3770	-1
28891.9199	-1
28901.4629	-1
28911.0059	-1
28920.5488	-1
28930.0918	-1
28939.6367	-1
28949.1816	-1
28958.7266	-1
28968.2715	-1
28977.8164	-1
28987.3613	-1
28996.9062	-1
29006.4512	-1
29015.9961	-1
29025.5410	-1
29035.0859	-1
29044.6309	-1
29054.1758	-1
29063.7207	-1
29073.2656	-1
29082.8105	-1
29092.3555	-1
29101.9004	-1
29111.4453	-1
29120.9902	-1
29130.5352	-1
29140.0801	-1
29149.6250	-1
29159.1699	-1
29168.7148	1
29178.2598	1
29187.8047	-1
29197.3496	-1
29206.8945	-1
29216.4395	-1
29225.9844	-1
29235.5293	-1
29245.0742	-1
29254.6191	-1
29264.1641	-1
29273.7090	-1
29283.2539	-1
29292.7988	-1
29302.3438	-1
29311.8887	-1
29321.4336	-1
29330.9785	-1
29340.5234	-1
29350.0684	-1
29359.6133	-1
29369.1582	-1
29378.7031	-1
29388.2480	-1
29397.7930	-1
29407.3379	-1
29416.8828	-1
29426.4277	-1
29435.9727	-1
29445.5176	-1
29455.0625	-1
29464.6074	-1
29474.1543	1
29483.7012	1
29493.2480	1
29502.7949	1
29512.3418	1
29521.8887	1
29531.4355	-1
29540.9824	-1
29550.5293	-1
29560.0762	-1
29569.6230	-1
29579.1699	-1
29588.7168	1
29598.2637	1
29607.8105	1
29617.3574	1
29626.9043	1
29636.4512	1
29645.9980	1
29655.5449	1
29665.0918	1
29674.6387	1
29684.1855	1
29693.7324	1
29703.2793	1
29712.8262	1
29722.3750	-1
29731.9238	-1
29741.4727	-1
29751.0215	-1
29760.5703	-1
29770.1191	-1
29779.6680	-1
29789.2168	-1
29798.7656	-1
29808.3145	-1
29817.8633	-1
29827.4121	-1
29836.9609	-1
29846.5098	-1
29856.0586	-1
29865.6074	-1
29875.1562	-1
29884.7051	-1
29894.2539	-1
29903.8027	-1
29913.3516	-1
29922.9004	-1
29932.4492	-1
29941.9980	-1
29951.5469	1
29961.0977	-1
29970.6484	-1
29980.1992	-1
29989.7500	-1
29999.3008	-1
30008.8516	-1
30018.4043	-1
30027.9570	-1
30037.5098	-1
30047.0625	-1
30056.6152	-1
30066.1680	-1
30075.7207	-1
30085.2734	-1
30094.8262	-1
30104.3789	-1
30113.9316	-1
30123.4844	-1
30133.0371	1
30142.5898	1
30152.1426	-1
30161.6953	1
30171.2480	-1
30180.8008	-1
30190.3535	-1
30199.9062	-1
30209.4590	-1
30219.0117	1
30228.5645	1
30238.1172	1
30247.6699	1
30257.2227	-1
30266.7754	-1
30276.3281	-1
30285.8809	-1
30295.4336	-1
30304.9863	-1
30314.5391	-1
30324.0918	-1
30333.6445	-1
30343.1973	-1
30352.7500	-1
30362.3027	-1
30371.8555	-1
30381.4082	-1
30390.9609	-1
30400.5137	-1
30410.0664	-1
30419.6191	-1
30429.1719	-1
30438.7246	-1
30448.2773	-1
30457.8301	-1
30467.3828	-1
30476.9355	-1
30486.4883	-1
30496.0410	-1
30505.5938	-1
30515.1465	-1
30524.6992	-1
30534.2520	-1
30543.8047	-1
30553.3574	-1
30562.9102	-1
30572.4629	-1
30582.0156	-1
30591.5684	-1
30601.1211	-1
30610.6738	-1
30620.2266	-1
30629.7793	-1
30639.3320	-1
30648.8848	-1
30658.4375	-1
30667.9902	-1
30677.5430	-1
30687.0957	-1
30696.6484	-1
30706.2012	-1
30715.7539	-1
30725.3066	-1
30734.8594	-1
30744.4121	-1
30753.9648	-1
30763.5176	-1
30773.0723	-1
30782.6270	-1
30792.1816	-1
30801.7363	-1
30811.2910	-1
30820.8457	-1
30830.4004	-1
30839.9551	-1
30849.5098	-1
30859.0645	-1
30868.6191	-1
30878.1738	-1
30887.7285	-1
30897.2832	-1
30906.8379	-1
30916.3926	-1
30925.9473	-1
30935.5020	-1
30945.0566	1
30954.6113	1
30964.1660	1
30973.7207	1
30983.2754	1
30992.8301	1
31002.3848	1
31011.9395	1
31021.4941	1
31031.0488	1
31040.6074	-1
31050.1660	-1
31059.7246	-1
31069.2832	-1
31078.8418	-1
31088.4004	-1
31097.9590	-1
31107.5176	-1
31117.0762	-1
31126.6348	-1
31136.1934	-1
31145.7520	-1
31155.3105	-1
31164.8691	-1
31174.4277	-1
31183.9863	-1
31193.5449	-1
31203.1035	-1
31212.6621	-1
31222.2207	-1
31231.7793	-1
31241.3379	-1
31250.8965	-1
31260.4551	-1
31270.0137	-1
31279.5723	-1
31289.1309	-1
31298.6895	-1
31308.2480	-1
31317.8066	-1
31327.3652	-1
31336.9238	-1
31346.4824	-1
31356.0410	-1
31365.5996	-1
31375.1582	-1
31384.7168	-1
31394.2754	-1
31403.8340	-1
31413.3926	-1
31422.9512	-1
31432.5098	-1
31442.0684	-1
31451.6270	-1
31461.1855	-1
31470.7441	-1
31480.3027	-1
31489.8613	-1
31499.4199	-1
31508.9785	-1
31518.5371	-1
31528.0957	-1
31537.6543	-1
31547.2129	-1
31556.7715	-1
31566.3301	-1
31575.8887	-1
31585.4473	-1
31595.0059	-1
31604.5645	-1
31614.1230	-1
31623.6816	-1
31633.2402	-1
31642.7988	-1
31652.3574	-1
31661.9160	-1
31671.4746	-1
31681.0332	-1
31690.5918	-1
31700.1504	-1
31709.7090	-1
31719.2676	-1
31728.8262	-1
31738.3848	-1
31747.9434	-1
31757.5020	-1
31767.0605	-1
31776.6191	-1
31786.1777	-1
31795.7363	-1
31805.2949	-1
31814.8535	-1
31824.4121	-1
31833.9707	-1
31843.5293	-1
31853.0879	-1
31862.6465	-1
31872.2051	-1
31881.7637	-1
31891.3223	-1
31900.8809	-1
31910.4395	-1
31919.9980	-1
31929.5566	-1
31939.1152	-1
31948.6738	-1
31958.2344	-1
31967.7949	-1
31977.3555	-1
31986.9160	-1
31996.4766	-1
32006.0371	-1
32015.5977	-1
32025.1582	-1
32034.7188	-1
32044.4785	1
32054.2383	1
32063.9980	-1
32073.7578	-1
32083.5176	-1
32093.2773	-1
32103.0371	-1
32112.7969	-1
32122.5566	-1
32132.3164	-1
32142.0762	-1
32151.8496	1
32161.6250	-1
32171.4004	1
32181.1758	1
32190.9512	-1
32200.7266	-1
32210.5020	-1
32220.2773	-1
32230.0527	-1
32239.8281	-1
32249.6055	-1
32259.3828	-1
32269.1602	-1
32278.9375	-1
32288.7148	-1
32298.4922	-1
32308.2695	1
32318.0469	1
32327.8242	1
32337.6016	1
32347.3789	-1
32357.1562	-1
32366.9336	-1
32376.7109	-1
32386.4883	-1
32396.2656	-1
32406.0430	-1
32415.8203	-1
32425.5977	-1
32435.3750	-1
32445.1523	-1
32454.9297	-1
32464.7090	-1
32474.4883	-1
32484.2676	-1
32494.0469	-1
32503.8262	-1
32513.6055	-1
32523.3848	1
32533.1641	-1
32542.9434	-1
32552.7227	-1
32562.5020	-1
32572.2812	-1
32582.0605	-1
32591.8398	1
32601.6191	1
32611.3984	1
32621.1777	1
32630.9570	1
32640.7363	1
32650.5156	1
32660.2949	-1
32670.0742	-1
32679.8535	-1
32689.6328	-1
32699.4121	-1
32709.1914	-1
32718.9727	-1
32728.7539	-1
32738.5352	-1
32748.3164	-1
32758.0977	-1
32767.8789	-1
32777.6602	-1
32787.4414	-1
32797.2227	-1
32807.0039	-1
32816.7852	-1
32826.5664	-1
32836.3477	-1
32846.1289	-1
32855.9102	-1
32865.6914	-1
32875.4727	-1
32885.2539	-1
32895.0352	-1
32904.8164	-1
32914.5977	-1
32924.3789	-1
32934.1602	-1
32943.9414	-1
32953.7227	1
32963.5039	1
32973.2852	1
32983.0664	1
32992.8477	1
33002.6289	1
33012.4102	1
33022.1914	1
33031.9727	1
33041.7539	1
33051.5352	-1
33061.3164	-1
33071.0977	-1
33080.8789	-1
33090.6602	-1
33100.4414	-1
33110.2227	-1
33120.0039	-1
33129.7852	-1
33139.5664	-1
33149.3477	-1
33159.1289	-1
33168.9102	-1
33178.6914	-1
33188.4727	-1
33198.2539	-1
33208.0352	-1
33217.8164	-1
33227.5977	-1
33237.3789	-1
33247.1602	-1
33256.9414	-1
33266.7227	-1
33276.5039	-1
33286.2852	-1
33296.0664	-1
33305.8477	-1
33315.6289	-1
33325.4102	-1
33335.1914	-1
33344.9766	1
33354.7617	-1
33364.5469	-1
33374.3320	-1
33384.1172	-1
33393.9023	-1
33403.6875	-1
33413.4727	1
33423.2578	1
33433.0430	1
33442.8281	1
33452.6133	1
33462.3984	1
33472.1836	1
33481.9688	1
33491.7539	1
33501.5391	1
33511.3242	1
33521.1094	-1
33530.8945	-1
33540.6797	-1
33550.4648	-1
33560.2500	-1
33570.0352	-1
33579.8203	-1
33589.6055	-1
33599.3906	-1
33609.1758	-1
33618.9609	-1
33628.7461	-1
33638.5312	-1
33648.3164	-1
33658.1016	-1
33667.8867	-1
33677.6719	-1
33687.4570	-1
33697.2422	-1
33707.0273	-1
33716.8125	-1
33726.5977	-1
33736.3828	-1
33746.1680	-1
33755.9531	-1
33765.7383	-1
33775.5234	-1
33785.3086	-1
33795.0938	-1
33804.8789	-1
33814.6641	-1
33824.4492	-1
33834.2344	-1
33844.0195	-1
33853.8047	-1
33863.5898	-1
33873.3750	-1
33883.1602	-1
33892.9453	-1
33902.7305	-1
33912.5156	-1
33922.3008	-1
33932.0898	1
33941.8789	1
33951.6680	1
33961.4570	1
33971.2461	1
33981.0352	1
33990.8242	1
34000.6133	1
34010.4023	1
34020.1914	1
34029.9805	1
34039.7695	1
34049.5586	1
34059.3477	1
34069.1367	-1
34078.9258	-1
34088.7148	-1
34098.5039	-1
34108.2930	-1
34118.0820	-1
34127.8711	-1
34137.6602	-1
34147.4492	-1
34157.2383	-1
34167.0273	-1
34176.8164	-1
34186.6055	-1
34196.3945	-1
34206.1836	-1
34215.9727	-1
34225.7617	-1
34235.5508	-1
34245.3398	-1
34255.1289	-1
34264.9180	-1
34274.7070	-1
34284.4961	-1
34294.2852	-1
34304.0742	-1
34313.8633	-1
34323.6523	-1
34333.4414	-1
34343.2305	-1
34353.0195	-1
34362.8086	-1
34372.5977	-1
34382.3867	-1
34392.1758	-1
34401.9648	-1
34411.7539	-1
34421.5430	-1
34431.3320	-1
34441.1211	-1
34450.9102	-1
34460.6992	-1
34470.4883	-1
34480.2773	-1
34490.0664	-1
34499.8555	-1
34509.6445	-1
34519.4336	-1
34529.2227	-1
34539.0117	-1
34548.8008	-1
34558.5898	-1
34568.3789	-1
34578.1680	-1
34587.9570	-1
34597.7500	-1
34607.5430	-1
34617.3359	-1
34627.1289	-1
34636.9219	-1
34646.7148	-1
34656.5078	-1
34666.3008	-1
34676.0938	-1
34685.8867	-1
34695.6797	-1
34705.4727	-1
34715.2656	-1
34725.0586	-1
34734.8516	-1
34744.6445	-1
34754.4375	-1
34764.2305	-1
34774.0234	-1
34783.8164	-1
34793.6094	-1
34803.4023	-1
34813.1953	-1
34822.9883	-1
34832.7812	-1
34842.5742	-1
34852.3672	-1
34862.1602	-1
34871.9531	-1
34881.7461	-1
34891.5391	-1
34901.3320	-1
34911.1250	-1
34920.9180	-1
34930.7109	-1
34940.5039	-1
34950.2969	-1
34960.0898	-1
34969.8828	-1
34979.6758	-1
34989.4688	-1
34999.2617	-1
35009.0547	1
35018.8477	1
35028.6406	1
35038.4375	-1
35048.2344	-1
35058.0312	-1
35067.8281	-1
35077.6250	-1
35087.4219	-1
35097.2188	-1
35107.0156	-1
35116.8125	-1
35126.6094	-1
35136.4062	-1
35146.2031	-1
35156.0000	1
35165.7969	1
35175.5938	1
35185.3906	1
35195.1875	1
35204.9844	1
35214.7812	1
35224.5781	1
35234.3750	1
35244.1719	1
35253.9688	1
35263.7656	1
35273.5625	1
35283.3594	1
35293.1562	1
35302.9531	1
35312.7500	1
35322.5469	1
35332.3438	-1
35342.1406	-1
35351.9375	-1
35361.7344	-1
35371.5312	-1
35381.3281	-1
35391.1250	-1
35400.9219	-1
35410.7188	-1
35420.5156	-1
35430.3125	-1
35440.1094	-1
35449.9062	-1
35459.7031	-1
35469.5000	-1
35479.2969	-1
35489.0938	-1
35498.8906	-1
35508.6875	-1
35518.4844	-1
35528.2812	-1
35538.0781	-1
35547.8750	-1
35557.6719	-1
35567.4688	-1
35577.2656	-1
35587.0625	-1
35596.8594	-1
35606.6562	-1
35616.4531	-1
35626.2500	-1
35636.0469	-1
35645.8438	-1
35655.6406	-1
35665.4375	-1
35675.2344	-1
35685.0312	-1
35694.8281	-1
35704.6250	-1
35714.4219	-1
35724.2188	-1
35734.0156	-1
35743.8125	-1
35753.6094	-1
35763.4062	-1
35773.2031	-1
35783.0000	-1
35792.7969	-1
35802.5938	-1
35812.3906	-1
35822.1875	-1
35831.9844	-1
35841.7812	-1
35851.5781	-1
35861.3789	-1
35871.1797	-1
35880.9805	-1
35890.7812	-1
35900.5820	-1
35910.3828	-1
35920.1836	-1
35929.9844	-1
35939.7852	-1
35949.5859	-1
35959.3867	-1
35969.1875	-1
35978.9883	-1
35988.7891	-1
35998.5898	-1
36008.3906	-1
36018.1914	-1
36027.9922	-1
36037.7930	-1
36047.5938	-1
36057.3945	-1
36067.1953	-1
36076.9961	-1
36086.7969	-1
36096.5977	-1
36106.3984	-1
36116.1992	-1
36126.0000	-1
36135.8008	-1
36145.6016	-1
36155.4023	-1
36165.2031	-1
36175.0039	-1
36184.8047	-1
36194.6055	-1
36204.4062	-1
36214.2070	-1
36224.0078	-1
36233.8086	-1
36243.6094	-1
36253.4102	-1
36263.2109	-1
36273.0117	-1
36282.8125	-1
36292.6133	-1
36302.4141	-1
36312.2148	-1
36322.0156	-1
36331.8203	-1
36341.6250	-1
36351.4297	-1
36361.2344	-1
36371.0391	-1
36380.8438	-1
36390.6484	-1
36400.4531	-1
36410.2578	-1
36420.0625	-1
36429.8672	-1
36439.6719	-1
36449.4766	-1
36459.2812	-1
36469.0859	-1
36478.8906	-1
36488.6953	-1
36498.5000	-1
36508.3047	-1
36518.1094	-1
36527.9141	-1
36537.7188	-1
36547.5234	-1
36557.3281	-1
36567.1328	-1
36576.9375	-1
36586.7422	-1
36596.5469	-1
36606.3516	-1
36616.1562	-1
36625.9609	-1
36635.7656	-1
36645.5703	-1
36655.3750	-1
36665.1797	-1
36674.9844	-1
36684.7891	-1
36694.5938	-1
36704.3984	-1
36714.2031	-1
36724.0078	-1
36733.8125	-1
36743.6172	-1
36753.4219	-1
36763.2266	-1
36773.0312	-1
36782.8359	-1
36792.6406	-1
36802.4453	-1
36812.2500	-1
36822.0547	-1
36831.8594	-1
36841.6641	-1
36851.4688	-1
36861.2734	-1
36871.0781	-1
36880.8828	-1
36890.6875	-1
36900.4922	-1
36910.2969	-1
36920.1016	-1
36929.9062	-1
36939.7109	-1
36949.5156	-1
36959.3203	-1
36969.1250	-1
36978.9297	-1
36988.7500	1
36998.5703	-1
37008.3906	1
37018.2109	1
37028.0312	-1
37037.8516	-1
37047.6719	-1
37057.4922	-1
37067.3125	-1
37077.1328	-1
37086.9531	-1
37096.7734	-1
37106.5938	-1
37116.4141	-1
37126.2344	-1
37136.0547	-1
37145.8750	1
37155.6953	1
37165.5156	1
37175.3359	1
37185.1602	-1
37194.9844	-1
37204.8086	-1
37214.6328	-1
37224.4570	-1
37234.2812	-1
37244.1055	-1
37253.9297	-1
37263.7539	-1
37273.5781	-1
37283.4023	-1
37293.2266	-1
37303.0508	-1
37312.8750	-1
37322.6992	-1
37332.5234	-1
37342.3477	-1
37352.1719	-1
37361.9961	-1
37371.8203	-1
37381.6445	-1
37391.4688	-1
37401.2930	-1
37411.1289	1
37420.9688	-1
37430.8086	1
37440.6484	1
37450.4883	-1
37460.3281	-1
37470.1680	-1
37480.0078	-1
37489.8477	-1
37499.6875	-1
37509.5273	-1
37519.3672	-1
37529.2070	-1
37539.0469	-1
37548.8867	-1
37558.7266	-1
37568.5664	1
37578.4062	1
37588.2461	1
37598.0859	1
37607.9258	-1
37617.7656	-1
37627.6055	-1
37637.4453	-1
37647.2852	-1
37657.1250	-1
37666.9648	-1
37676.8047	-1
37686.6445	-1
37696.4844	-1
37706.3242	-1
37716.1641	-1
37726.0039	-1
37735.8438	-1
37745.6836	-1
37755.5234	-1
37765.3633	-1
37775.2031	-1
37785.0430	-1
37794.8828	-1
37804.7227	-1
37814.5625	-1
37824.4023	-1
37834.2422	-1
37844.0820	1
37853.9219	1
37863.7617	1
37873.6055	1
37883.4492	1
37893.2930	-1
37903.1367	-1
37912.9805	-1
37922.8242	-1
37932.6680	-1
37942.5117	-1
37952.3555	1
37962.1992	1
37972.0430	1
37981.8867	-1
37991.7305	-1
38001.5742	-1
38011.4180	-1
38021.2617	-1
38031.1055	-1
38040.9492	-1
38050.7930	-1
38060.6367	-1
38070.4805	-1
38080.3242	-1
38090.1680	-1
38100.0117	-1
38109.8555	-1
38119.6992	-1
38129.5430	-1
38139.3867	-1
38149.2305	-1
38159.0742	-1
38168.9180	-1
38178.7617	-1
38188.6055	-1
38198.4492	-1
38208.2930	-1
38218.1367	-1
38227.9805	-1
38237.8242	-1
38247.6680	-1
38257.5117	-1
38267.3555	-1
38277.1992	-1
38287.0430	-1
38296.8867	-1
38306.7305	-1
38316.5742	-1
38326.4180	-1
38336.2617	-1
38346.1055	-1
38355.9492	-1
38365.8086	1
38375.6680	-1
38385.5273	1
38395.3867	1
38405.2461	-1
38415.1055	-1
38424.9648	-1
38434.8242	-1
38444.6836	-1
38454.5430	-1
38464.4062	-1
38474.2695	-1
38484.1328	-1
38493.9961	-1
38503.8594	-1
38513.7227	-1
38523.5859	1
38533.4492	1
38543.3125	1
38553.1758	1
38563.0391	-1
38572.9023	-1
38582.7656	-1
38592.6289	-1
38602.4922	-1
38612.3555	-1
38622.2188	-1
38632.0820	-1
38641.9453	-1
38651.8086	-1
38661.6719	-1
38671.5352	-1
38681.3984	-1
38691.2617	-1
38701.1250	-1
38710.9883	-1
38720.8516	-1
38730.7148	-1
38740.5781	-1
38750.4414	-1
38760.3047	-1
38770.1680	-1
38780.0312	-1
38789.8945	-1
38799.7578	1
38809.6211	1
38819.4844	1
38829.3477	1
38839.2109	1
38849.0742	1
38858.9375	1
38868.8008	1
38878.6680	-1
38888.5352	-1
38898.4023	-1
38908.2695	-1
38918.1367	-1
38928.0039	-1
38937.8711	-1
38947.7383	-1
38957.6055	-1
38967.4727	-1
38977.3398	-1
38987.2070	-1
38997.0742	-1
39006.9414	-1
39016.8086	-1
39026.6758	-1
39036.5430	-1
39046.4102	-1
39056.2773	-1
39066.1445	-1
39076.0117	-1
39085.8789	-1
39095.7461	-1
39105.6133	-1
39115.4805	-1
39125.3477	-1
39135.2148	-1
39145.0820	-1
39154.9492	-1
39164.8164	-1
39174.6836	-1
39184.5508	-1
39194.4180	-1
39204.2852	-1
39214.1523	-1
39224.0195	-1
39233.8867	-1
39243.7539	-1
39253.6211	-1
39263.4883	-1
39273.3555	-1
39283.2227	-1
39293.0898	-1
39302.9570	-1
39312.8242	-1
39322.6914	-1
39332.5586	-1
39342.4258	-1
39352.2969	1
39362.1680	1
39372.0391	1
39381.9102	1
39391.7812	1
39401.6523	1
39411.5234	1
39421.3945	1
39431.2656	1
39441.1367	1
39451.0078	1
39460.8789	1
39470.7500	1
39480.6211	1
39490.4922	1
39500.3633	1
39510.2383	-1
39520.1133	-1
39529.9883	-1
39539.8633	-1
39549.7383	-1
39559.6133	-1
39569.4883	-1
39579.3633	-1
39589.2383	-1
39599.1133	-1
39608.9883	-1
39618.8633	-1
39628.7383	1
39638.6133	1
39648.4883	1
39658.3633	1
39668.2383	-1
39678.1133	-1
39687.9883	-1
39697.8633	-1
39707.7383	-1
39717.6133	-1
39727.4883	-1
39737.3633	-1
39747.2383	-1
39757.1133	-1
39766.9883	-1
39776.8633	-1
39786.7383	-1
39796.6133	-1
39806.4883	-1
39816.3633	-1
39826.2383	-1
39836.1133	-1
39845.9883	-1
39855.8633	-1
39865.7383	-1
39875.6133	-1
39885.4883	-1
39895.3633	-1
39905.2383	-1
39915.1133	-1
39924.9883	-1
39934.8633	-1
39944.7383	-1
39954.6133	-1
39964.4883	1
39974.3633	1
39984.2383	1
39994.1172	1
40003.9961	1
40013.8750	1
40023.7539	1
40033.6328	1
40043.5117	1
40053.3906	1
40063.2695	-1
40073.1484	-1
40083.0273	-1
40092.9062	-1
40102.7852	-1
40112.6641	-1
40122.5430	-1
40132.4219	-1
40142.3008	-1
40152.1797	-1
40162.0586	-1
40171.9375	-1
40181.8164	-1
40191.6953	-1
40201.5742	-1
40211.4531	-1
40221.3320	-1
40231.2109	-1
40241.0898	-1
40250.9688	-1
40260.8477	-1
40270.7266	-1
40280.6055	-1
40290.4844	-1
40300.3633	-1
40310.2422	-1
40320.1211	-1
40330.0000	-1
40339.8789	-1
40349.7578	-1
40359.6367	-1
40369.5156	-1
40379.3945	-1
40389.2734	-1
40399.1523	-1
40409.0312	-1
40418.9102	-1
40428.7891	-1
40438.6680	-1
40448.5469	-1
40458.4258	-1
40468.3047	-1
40478.1836	-1
40488.0625	-1
40497.9414	-1
40507.8203	-1
40517.6992	-1
40527.5781	-1
40537.4570	-1
40547.3359	-1
40557.2148	-1
40567.0938	-1
40576.9727	-1
40586.8516	-1
40596.7305	-1
40606.6094	-1
40616.4883	-1
40626.3672	-1
40636.2461	-1
40646.1250	-1
40656.0078	1
40665.8906	1
40675.7734	1
40685.6562	1
40695.5391	1
40705.4219	1
40715.3047	1
40725.1875	1
40735.0703	1
40744.9531	1
40754.8359	1
40764.7188	1
40774.6016	1
40784.4844	1
40794.3672	1
40804.2500	1
40814.1328	1
40824.0156	1
40833.8984	1
40843.7812	1
40853.6680	-1
40863.5547	-1
40873.4414	-1
40883.3281	-1
40893.2148	-1
40903.1016	-1
40912.9883	-1
40922.8750	-1
40932.7617	-1
40942.6484	-1
40952.5352	-1
40962.4219	-1
40972.3086	-1
40982.1953	-1
40992.0820	-1
41001.9688	-1
41011.8555	-1
41021.7422	-1
41031.6289	1
41041.5156	1
41051.4023	1
41061.2891	1
41071.1758	1
41081.0625	1
41090.9492	-1
41100.8359	-1
41110.7227	-1
41120.6094	-1
41130.4961	-1
41140.3828	-1
41150.2734	-1
41160.1641	-1
41170.0547	-1
41179.9453	-1
41189.8359	-1
41199.7266	-1
41209.6172	-1
41219.5078	-1
41229.3984	-1
41239.2891	-1
41249.1797	-1
41259.0703	-1
41268.9609	-1
41278.8516	-1
41288.7422	-1
41298.6328	-1
41308.5234	-1
41318.4141	-1
41328.3047	1
41338.1953	1
41348.0859	-1
41357.9766	-1
41367.8672	-1
41377.7578	-1
41387.6484	-1
41397.5391	-1
41407.4297	1
41417.3203	1
41427.2109	1
41437.1016	-1
41446.9922	-1
41456.8828	-1
41466.7734	-1
41476.6641	-1
41486.5547	-1
41496.4453	1
41506.3359	-1
41516.2266	-1
41526.1172	-1
41536.0078	-1
41545.8984	-1
41555.7891	-1
41565.6797	-1
41575.5703	-1
41585.4609	-1
41595.3516	-1
41605.2422	-1
41615.1328	-1
41625.0273	-1
41634.9219	-1
41644.8164	-1
41654.7109	-1
41664.6055	-1
41674.5000	-1
41684.3945	-1
41694.2891	-1
41704.1836	-1
41714.0781	-1
41723.9727	-1
41733.8672	-1
41743.7617	-1
41753.6562	-1
41763.5508	-1
41773.4453	-1
41783.3398	-1
41793.2344	-1
41803.1289	-1
41813.0234	-1
41822.9180	-1
41832.8125	-1
41842.7070	-1
41852.6016	-1
41862.4961	-1
41872.3906	-1
41882.2852	-1
41892.1797	-1
41902.0742	-1
41911.9688	-1
41921.8633	-1
41931.7578	-1
41941.6523	-1
41951.5469	-1
41961.4414	-1
41971.3359	-1
41981.2305	-1
41991.1250	-1
42001.0195	-1
42010.9141	-1
42020.8086	-1
42030.7031	-1
42040.5977	-1
42050.4922	-1
42060.3867	-1
42070.2812	-1
42080.1758	-1
42090.0703	-1
42099.9648	1
42109.8594	-1
42119.7539	-1
42129.6484	-1
42139.5430	-1
42149.4375	-1
42159.3320	-1
42169.2266	-1
42179.1211	-1
42189.0156	-1
42198.9102	-1
42208.8047	-1
42218.6992	-1
42228.5938	-1
42238.4883	-1
42248.3828	-1
42258.2773	-1
42268.1719	-1
42278.0664	-1
42287.9609	-1
42297.8555	-1
42307.7500	-1
42317.6445	-1
42327.5391	-1
42337.4336	-1
42347.3320	-1
42357.2305	-1
42367.1289	-1
42377.0273	-1
42386.9258	-1
42396.8242	-1
42406.7266	-1
42416.6289	-1
42426.5312	-1
42436.4336	-1
42446.3359	-1
42456.2383	-1
42466.1406	-1
42476.0430	-1
42485.9453	-1
42495.8477	-1
42505.7500	-1
42515.6523	-1
42525.5547	-1
42535.4570	-1
42545.3594	-1
42555.2617	-1
42565.1641	-1
42575.0664	-1
42584.9688	-1
42594.8711	-1
42604.7734	-1
42614.6758	-1
42624.5781	-1
42634.4805	-1
42644.3828	-1
42654.2852	-1
42664.1875	-1
42674.0898	-1
42683.9922	-1
42693.8945	-1
42703.7969	-1
42713.6992	-1
42723.6016	-1
42733.5039	-1
42743.4062	-1
42753.3086	-1
42763.2109	-1
42773.1133	-1
42783.0156	-1
42792.9180	-1
42802.8203	-1
42812.7227	-1
42822.6250	-1
42832.5273	-1
42842.4297	-1
42852.3320	-1
42862.2344	-1
42872.1367	-1
42882.0391	-1
42891.9414	-1
42901.8438	-1
42911.7461	-1
42921.6484	-1
42931.5508	-1
42941.4531	-1
42951.3555	-1
42961.2578	-1
42971.1602	-1
42981.0625	-1
42990.9648	-1
43000.8672	-1
43010.7695	-1
43020.6719	-1
43030.5742	-1
43040.4766	-1
43050.3789	-1
43060.2812	-1
43070.1836	-1
43080.0859	-1
43089.9883	-1
43099.8906	-1
43109.7930	-1
43119.6953	-1
43129.5977	-1
43139.5000	-1
43149.4023	-1
43159.3047	-1
43169.2070	-1
43179.1094	-1
43189.0117	-1
43198.9141	-1
43208.8164	-1
43218.7188	-1
43228.6211	-1
43238.5234	-1
43248.4258	-1
43258.3281	-1
43268.2305	-1
43278.1328	-1
43288.0352	-1
43297.9375	-1
43307.8398	-1
43317.7422	-1
43327.6445	-1
43337.5469	-1
43347.4492	-1
43357.3516	-1
43367.2539	-1
43377.1562	-1
43387.0586	-1
43396.9609	-1
43406.8633	-1
43416.7656	-1
43426.6680	-1
43436.5703	-1
43446.4727	-1
43456.3750	-1
43466.2773	-1
43476.1797	-1
43486.0820	-1
43495.9844	-1
43505.8867	-1
43515.7891	-1
43525.6914	-1
43535.5938	-1
43545.4961	-1
43555.3984	-1
43565.3008	-1
43575.2031	-1
43585.1055	-1
43595.0078	-1
43604.9102	-1
43614.8125	-1
43624.7148	-1
43634.6172	-1
43644.5195	-1
43654.4258	-1
43664.3320	-1
43674.2383	-1
43684.1445	-1
43694.0508	-1
43703.9570	-1
43714.0547	1
43724.1523	1
43734.2500	-1
43744.3477	-1
43754.4453	-1
43764.5430	-1
43774.6406	-1
43784.7383	-1
43794.8359	-1
43804.9336	-1
43815.0312	-1
43825.1289	-1
43835.2266	-1
43845.3242	-1
43855.4336	1
43865.5469	-1
43875.6602	1
43885.7734	1
43895.8867	-1
43906.0000	-1
43916.1133	-1
43926.2266	-1
43936.3398	-1
43946.4531	-1
43956.5664	-1
43966.6797	-1
43976.7930	-1
43986.9062	-1
43997.0312	1
44007.1602	-1
44017.2891	1
44027.4180	1
44037.5469	-1
44047.6758	-1
44057.8047	-1
44067.9336	-1
44078.0625	-1
44088.1914	-1
44098.3203	-1
44108.4492	-1
44118.5781	-1
44128.7070	-1
44138.8516	1
44148.9961	-1
44159.1406	1
44169.2852	1
44179.4297	-1
44189.5742	-1
44199.7188	-1
44209.8633	-1
44220.0078	-1
44230.1523	-1
44240.2969	-1
44250.4414	-1
44260.5859	-1
44270.7305	-1
44280.8750	-1
44291.0195	-1
44301.1641	1
44311.3125	1
44321.4609	1
44331.6094	1
44341.7578	-1
44351.9062	-1
44362.0547	-1
44372.2031	-1
44382.3516	-1
44392.5000	-1
44402.6484	-1
44412.7969	-1
44422.9453	-1
44433.0938	-1
44443.2422	-1
44453.3906	-1
44463.5391	-1
44473.6875	-1
44483.8359	-1
44493.9844	-1
44504.1328	-1
44514.2812	-1
44524.4297	-1
44534.5781	-1
44544.7266	-1
44554.8750	-1
44565.0234	-1
44575.1719	-1
44585.3203	1
44595.4688	1
44605.6172	1
44615.7656	1
44625.9141	1
44636.0625	1
44646.2109	1
44656.3594	1
44666.5078	-1
44676.6562	-1
44686.8047	-1
44696.9531	-1
44707.1016	-1
44717.2500	-1
44727.3984	-1
44737.5469	-1
44747.6953	-1
44757.8438	-1
44767.9922	-1
44778.1406	-1
44788.2930	-1
44798.4453	-1
44808.5977	-1
44818.7500	-1
44828.9023	-1
44839.0547	-1
44849.2070	1
44859.3594	1
44869.5117	-1
44879.6641	-1
44889.8164	-1
44899.9688	-1
44910.1211	-1
44920.2734	-1
44930.4258	1
44940.5781	1
44950.7305	-1
44960.8828	-1
44971.0352	-1
44981.1875	-1
44991.3398	-1
45001.4922	-1
45011.6445	-1
45021.7969	-1
45031.9492	-1
45042.1016	-1
45052.2539	-1
45062.4062	-1
45072.5586	-1
45082.7109	-1
45092.8633	-1
45103.0156	-1
45113.1680	-1
45123.3203	-1
45133.4727	-1
45143.6250	-1
45153.7773	-1
45163.9297	-1
45174.0820	-1
45184.2344	-1
45194.3867	1
45204.5391	1
45214.6914	-1
45224.8438	-1
45234.9961	-1
45245.1484	-1
45255.3008	-1
45265.4531	-1
45275.6055	-1
45285.7578	-1
45295.9102	-1
45306.0625	-1
45316.2148	-1
45326.3672	-1
45336.5195	-1
45346.6719	-1
45356.8242	-1
45366.9766	-1
45377.1289	-1
45387.2812	-1
45397.4336	-1
45407.5859	-1
45417.7383	-1
45427.8906	-1
45438.0430	-1
45448.1953	-1
45458.3477	-1
45468.5000	-1
45478.6523	-1
45488.8047	-1
45498.9570	-1
45509.1094	-1
45519.2617	-1
45529.4141	-1
45539.5820	1
45549.7500	-1
45559.9180	1
45570.0859	1
45580.2539	-1
45590.4219	-1
45600.5898	-1
45610.7734	1
45620.9570	-1
45631.1406	1
45641.3242	1
45651.5078	-1
45661.6914	-1
45671.8750	-1
45682.0586	-1
45692.2422	-1
45702.4258	-1
45712.6094	-1
45722.7930	-1
45732.9766	-1
45743.1602	-1
45753.3438	-1
45763.5273	-1
45773.7148	1
45783.9023	1
45794.0898	1
45804.2773	1
45814.4648	-1
45824.6523	-1
45834.8398	-1
45845.0273	-1
45855.2148	-1
45865.4023	-1
45875.5898	-1
45885.7773	-1
45895.9648	-1
45906.1523	-1
45916.3398	-1
45926.5273	-1
45936.7148	-1
45946.9023	-1
45957.0898	-1
45967.2773	-1
45977.4648	-1
45987.6523	-1
45997.8398	-1
46008.0273	-1
46018.2148	-1
46028.4023	-1
46038.5898	-1
46048.7891	1
46058.9922	-1
46069.1953	1
46079.3984	1
46089.6016	-1
46099.8047	-1
46110.0078	-1
46120.2109	-1
46130.4258	1
46140.6445	-1
46150.8633	1
46161.0820	1
46171.3008	-1
46181.5195	-1
46191.7383	-1
46201.9570	-1
46212.1758	-1
46222.3945	-1
46232.6133	-1
46242.8320	-1
46253.0508	-1
46263.2695	-1
46273.4883	-1
46283.7070	-1
46293.9258	1
46304.1445	1
46314.3633	1
46324.5820	1
46334.8008	-1
46345.0195	-1
46355.2383	-1
46365.4570	-1
46375.6758	-1
46385.8945	-1
46396.1133	-1
46406.3320	-1
46416.5508	-1
46426.7695	-1
46436.9883	-1
46447.2070	-1
46457.4258	-1
46467.6445	-1
46477.8633	-1
46488.0820	-1
46498.3008	-1
46508.5195	-1
46518.7383	-1
46528.9570	-1
46539.1758	-1
46549.3945	-1
46559.6133	-1
46569.8320	-1
46580.0508	1
46590.2695	1
46600.4922	1
46610.7148	-1
46620.9375	-1
46631.1602	-1
46641.3828	-1
46651.6055	-1
46661.8281	-1
46672.0508	-1
46682.2734	-1
46692.4961	-1
46702.7188	-1
46712.9414	-1
46723.1641	-1
46733.3867	-1
46743.6211	1
46753.8555	-1
46764.0938	1
46774.3320	1
46784.5703	-1
46794.8086	-1
46805.0469	-1
46815.2852	-1
46825.5234	-1
46835.7617	-1
46846.0000	-1
46856.2383	-1
46866.4766	-1
46876.7148	-1
46886.9531	-1
46897.1914	-1
46907.4297	1
46917.6680	1
46927.9062	1
46938.1445	1
46948.3828	-1
46958.6211	-1
46968.8594	-1
46979.0977	-1
46989.3359	-1
46999.5742	-1
47009.8125	-1
47020.0508	-1
47030.2891	-1
47040.5273	-1
47050.7656	-1
47061.0039	-1
47071.2422	-1
47081.4805	-1
47091.7188	-1
47101.9570	-1
47112.1953	-1
47122.4336	-1
47132.6719	-1
47142.9258	1
47153.1797	-1
47163.4336	1
47173.6875	1
47183.9414	-1
47194.1953	-1
