0.0000	0
0.0007	-1
0.1347	2
0.2548	-2
0.8562	2
0.9188	-2
1.0063	-2
1.1890	-2
1.2248	-2
1.3866	-2
1.5698	-2
1.6118	-2
1.6839	-2
1.7167	-2
1.9533	-2
1.9667	-2
1.9993	-2
2.0099	-2
2.0596	-2
2.1812	-2
2.1952	-2
2.2077	-2
2.2215	-2
2.2299	-2
2.3021	-2
2.3900	-2
2.5098	-2
2.5336	-2
2.5524	-2
2.5674	-2
2.6629	-2
2.6956	-2
2.7750	2
2.8538	-2
2.9292	-2
3.2220	-2
3.2389	-2
3.2642	-2
3.2880	-2
3.3399	-2
3.3441	-2
3.3452	-2
3.3855	-2
3.4034	-2
3.5270	-2
3.5445	1
3.5865	2
3.7617	-2
3.7968	-2
3.9936	-2
4.0530	-2
4.1438	-2
4.1512	2
4.1869	-2
4.2537	-2
4.2877	-2
4.5134	-2
4.5431	-2
4.5776	-2
4.6946	-2
4.7414	-2
4.7441	-2
4.7644	-2
4.8116	-2
4.8379	-2
4.8464	-2
5.0335	-2
5.0499	-2
5.0810	-2
5.3985	-2
5.4036	2
5.5149	-2
5.5548	-2
5.6561	2
5.7762	-2
5.8191	-2
5.8565	2
5.9432	-2
5.9634	-2
5.9695	-2
5.9769	-2
6.1341	-2
6.2311	-2
6.3017	-2
6.4000	-2
6.4226	-2
6.5955	-2
6.8441	-2
6.8472	2
6.8494	-2
6.9220	-2
7.0265	2
7.0900	-1
7.3822	-2
7.6452	2
7.8913	2
9.2476	2
10.0602	2
10.6359	1
12.1065	2
14.1819	1
17.7290	-1
21.2762	-1
24.8234	-1
28.3839	1
31.9458	-1
35.5081	1
39.0705	1
42.6336	-1
46.1968	-1
49.7599	-1
53.3230	-1
56.8862	-1
60.4493	-1
64.0126	-1
67.5758	-1
71.1390	-1
74.7145	1
78.2915	-1
81.8689	1
85.4464	1
89.0249	-1
92.6035	-1
96.1820	-1
99.7606	-1
103.3392	-1
106.9177	-1
110.4964	-1
114.0752	-1
117.6539	-1
121.2326	-1
124.8113	-1
128.3901	-1
131.9691	1
135.5483	1
139.1284	-1
142.7086	-1
146.2888	-1
149.8689	-1
153.4491	-1
157.0293	-1
160.6095	-1
164.1898	-1
167.7701	-1
171.3503	-1
174.9306	-1
178.5241	1
182.1190	-1
185.7143	1
189.3096	1
192.9057	-1
196.5017	-1
200.0978	-1
203.6939	-1
207.2900	-1
210.8864	-1
214.4964	1
218.1078	-1
221.7196	1
225.3315	1
228.9440	-1
232.5566	-1
236.1691	-1
239.7817	-1
243.3942	-1
247.0068	-1
250.6195	-1
254.2323	-1
257.8450	-1
261.4577	-1
265.0705	-1
268.6832	-1
272.2963	1
275.9094	1
279.5226	1
283.1358	1
286.7499	-1
290.3640	-1
293.9781	-1
297.5923	-1
301.2064	-1
304.8206	-1
308.4348	-1
312.0490	-1
315.6633	-1
319.2775	-1
322.8918	-1
326.5060	-1
330.1204	-1
333.7347	-1
337.3491	-1
340.9634	-1
344.5778	-1
348.1922	-1
351.8066	-1
355.4211	-1
359.0355	-1
362.6499	-1
366.2644	-1
369.8788	-1
373.4937	1
377.1087	1
380.7237	1
384.3387	1
387.9553	-1
391.5718	-1
395.1884	-1
398.8049	-1
402.4215	-1
406.0381	-1
409.6550	-1
413.2720	-1
416.8889	-1
420.5059	-1
424.1229	-1
427.7398	-1
431.3569	-1
434.9740	-1
438.5911	-1
442.2082	-1
445.8253	-1
449.4424	-1
453.0596	-1
456.6768	-1
460.2940	-1
463.9112	-1
467.5412	1
471.1727	-1
474.8047	1
478.4367	1
482.0698	-1
485.7030	-1
489.3361	-1
492.9693	-1
496.6024	-1
500.2356	-1
503.8689	-1
507.5022	-1
511.1354	-1
514.7687	-1
518.4149	1
522.0624	-1
525.7103	1
529.3583	1
533.0085	-1
536.6587	-1
540.3089	-1
543.9592	-1
547.6094	-1
551.2640	-1
554.9313	1
558.6002	-1
562.2693	1
565.9386	1
569.6086	-1
573.2786	-1
576.9485	-1
580.6185	-1
584.2885	-1
587.9585	-1
591.6286	-1
595.2987	-1
598.9688	-1
602.6389	-1
606.3090	-1
609.9791	-1
613.6496	1
617.3201	1
620.9907	1
624.6614	1
628.3328	-1
632.0043	-1
635.6757	-1
639.3472	-1
643.0186	-1
646.6901	-1
650.3616	-1
654.0332	-1
657.7048	-1
661.3763	-1
665.0479	-1
668.7195	-1
672.3915	-1
676.0635	-1
679.7355	-1
683.4075	-1
687.0795	-1
690.7515	-1
694.4236	-1
698.0957	-1
701.7678	-1
705.4399	-1
709.1121	-1
712.7842	-1
716.4565	1
720.1288	1
723.8012	1
727.4736	1
731.1462	1
734.8188	1
738.4917	1
742.1647	1
745.8386	-1
749.5125	-1
753.1863	-1
756.8602	-1
760.5341	-1
764.2080	-1
767.8821	-1
771.5562	-1
775.2302	-1
778.9043	-1
782.5784	-1
786.2524	-1
789.9266	-1
793.6008	-1
797.2750	-1
800.9492	-1
804.6234	-1
808.2976	-1
811.9719	-1
815.6462	-1
819.3206	-1
822.9949	-1
826.6692	-1
830.3435	-1
834.0185	1
837.6935	1
841.3685	1
845.0436	1
848.7188	1
852.3939	1
856.0692	-1
859.7445	-1
863.4198	-1
867.0951	-1
870.7704	-1
874.4457	-1
878.1212	-1
881.7966	-1
885.4721	-1
889.1476	-1
892.8231	-1
896.4985	-1
900.1742	-1
903.8499	-1
907.5255	-1
911.2012	-1
914.8768	-1
918.5525	-1
922.2288	1
925.9052	1
929.5817	1
933.2581	1
936.9346	1
940.6111	1
944.2877	1
947.9644	1
951.6418	-1
955.3193	-1
958.9968	-1
962.6743	-1
966.3518	-1
970.0293	-1
973.7069	-1
977.3846	-1
981.0623	-1
984.7399	-1
988.4176	-1
992.0953	-1
995.7731	-1
999.4509	-1
1003.1287	-1
1006.8065	-1
1010.4843	-1
1014.1620	-1
1017.8419	1
1021.5219	-1
1025.2020	-1
1028.8821	-1
1032.5621	-1
1036.2422	-1
1039.9222	-1
1043.6025	-1
1047.2828	-1
1050.9631	-1
1054.6434	-1
1058.3237	-1
1062.0040	-1
1065.6843	1
1069.3647	-1
1073.0452	-1
1076.7256	-1
1080.4060	-1
1084.0864	-1
1087.7668	-1
1091.4474	-1
1095.1279	-1
1098.8085	-1
1102.4890	-1
1106.1696	-1
1109.8501	-1
1113.5309	-1
1117.2117	-1
1120.8925	-1
1124.5732	-1
1128.2540	-1
1131.9348	-1
1135.6157	-1
1139.2966	-1
1142.9775	-1
1146.6584	-1
1150.3394	-1
1154.0203	-1
1157.7013	-1
1161.3823	-1
1165.0634	-1
1168.7444	-1
1172.4254	-1
1176.1064	-1
1179.7876	-1
1183.4688	-1
1187.1499	-1
1190.8311	-1
1194.5122	-1
1198.1934	-1
1201.8745	1
1205.5557	1
1209.2369	-1
1212.9182	1
1216.5995	-1
1220.2808	-1
1223.9620	-1
1227.6433	-1
1231.3246	-1
1235.0059	1
1238.6871	1
1242.3685	1
1246.0499	-1
1249.7313	-1
1253.4127	-1
1257.0941	-1
1260.7755	-1
1264.4569	-1
1268.1383	1
1271.8197	1
1275.5012	1
1279.1827	1
1282.8643	-1
1286.5458	-1
1290.2273	-1
1293.9088	-1
1297.5903	-1
1301.2719	-1
1304.9537	1
1308.6357	1
1312.3195	1
1316.0032	1
1319.6870	1
1323.3708	1
1327.0547	1
1330.7386	1
1334.4226	1
1338.1066	1
1341.7906	1
1345.4747	1
1349.1588	1
1352.8430	1
1356.5272	1
1360.2114	1
1363.8960	-1
1367.5806	-1
1371.2651	-1
1374.9497	-1
1378.6343	-1
1382.3188	-1
1386.0040	-1
1389.6893	-1
1393.3746	-1
1397.0599	-1
1400.7452	-1
1404.4305	-1
1408.1158	1
1411.8013	-1
1415.4867	-1
1419.1721	-1
1422.8575	-1
1426.5430	-1
1430.2284	-1
1433.9141	-1
1437.5997	-1
1441.2854	-1
1444.9711	-1
1448.6567	-1
1452.3424	-1
1456.0282	1
1459.7140	1
1463.3998	-1
1467.0856	-1
1470.7714	-1
1474.4572	-1
1478.1429	-1
1481.8287	-1
1485.5145	1
1489.2009	1
1492.8873	1
1496.5739	1
1500.2604	1
1503.9469	1
1507.6335	1
1511.3208	-1
1515.0081	-1
1518.6953	-1
1522.3826	-1
1526.0698	-1
1529.7571	-1
1533.4449	1
1537.1329	1
1540.8229	-1
1544.5128	-1
1548.2028	-1
1551.8927	-1
1555.5826	-1
1559.2726	-1
1562.9626	-1
1566.6527	-1
1570.3428	-1
1574.0328	-1
1577.7229	-1
1581.4130	-1
1585.1031	-1
1588.7933	-1
1592.4835	-1
1596.1737	-1
1599.8639	-1
1603.5541	-1
1607.2444	-1
1610.9347	-1
1614.6250	-1
1618.3153	-1
1622.0056	-1
1625.6959	-1
1629.3864	-1
1633.0768	-1
1636.7672	-1
1640.4576	-1
1644.1481	-1
1647.8385	-1
1651.5291	-1
1655.2196	-1
1658.9102	-1
1662.6007	-1
1666.2913	-1
1669.9818	-1
1673.6725	-1
1677.3632	-1
1681.0538	-1
1684.7445	-1
1688.4352	-1
1692.1259	-1
1695.8167	-1
1699.5074	-1
1703.1982	-1
1706.8890	-1
1710.5798	-1
1714.2706	-1
1717.9615	-1
1721.6525	-1
1725.3434	-1
1729.0343	-1
1732.7252	-1
1736.4161	-1
1740.1104	-1
1743.8046	-1
1747.4988	-1
1751.1930	-1
1754.8872	-1
1758.5814	-1
1762.2758	-1
1765.9701	-1
1769.6644	-1
1773.3588	-1
1777.0531	-1
1780.7474	-1
1784.4420	-1
1788.1366	-1
1791.8312	-1
1795.5258	-1
1799.2203	-1
1802.9149	-1
1806.6104	1
1810.3058	1
1814.0013	1
1817.6969	1
1821.3925	1
1825.0881	1
1828.7838	1
1832.4795	1
1836.1753	1
1839.8711	1
1843.5669	1
1847.2628	1
1850.9587	1
1854.6556	-1
1858.3525	-1
1862.0494	-1
1865.7463	-1
1869.4432	-1
1873.1401	-1
1876.8372	-1
1880.5342	-1
1884.2312	-1
1887.9282	-1
1891.6252	-1
1895.3224	-1
1899.0198	-1
1902.7172	-1
1906.4146	-1
1910.1119	-1
1913.8093	-1
1917.5067	-1
1921.2042	-1
1924.9019	-1
1928.5995	-1
1932.2971	-1
1935.9948	-1
1939.6924	-1
1943.3904	-1
1947.0884	-1
1950.7864	-1
1954.4845	-1
1958.1826	-1
1961.8807	-1
1965.5791	-1
1969.2775	-1
1972.9758	-1
1976.6742	-1
1980.3726	-1
1984.0709	-1
1987.7695	-1
1991.4683	-1
1995.1670	-1
1998.8657	-1
2002.5645	-1
2006.2632	-1
2009.9622	-1
2013.6611	-1
2017.3601	-1
2021.0591	-1
2024.7581	-1
2028.4570	-1
2032.1562	-1
2035.8555	-1
2039.5547	-1
2043.2539	-1
2046.9531	-1
2050.6523	-1
2054.3518	-1
2058.0513	-1
2061.7507	-1
2065.4502	-1
2069.1497	-1
2072.8491	-1
2076.5535	-1
2080.2578	-1
2083.9622	-1
2087.6665	-1
2091.3708	-1
2095.0752	-1
2098.7800	-1
2102.4849	-1
2106.1897	-1
2109.8945	-1
2113.5994	-1
2117.3042	-1
2121.0093	-1
2124.7144	-1
2128.4194	-1
2132.1245	-1
2135.8296	-1
2139.5347	-1
2143.2400	-1
2146.9453	-1
2150.6506	-1
2154.3560	-1
2158.0613	-1
2161.7666	-1
2165.4722	-1
2169.1777	-1
2172.8833	-1
2176.5889	-1
2180.2944	-1
2184.0000	-1
2187.7056	-1
2191.4111	-1
2195.1167	-1
2198.8223	-1
2202.5278	-1
2206.2336	-1
2209.9395	-1
2213.6453	-1
2217.3511	-1
2221.0569	-1
2224.7627	-1
2228.4685	-1
2232.1746	-1
2235.8806	-1
2239.5867	-1
2243.2927	-1
2246.9988	-1
2250.7048	-1
2254.4111	-1
2258.1174	-1
2261.8237	-1
2265.5300	-1
2269.2363	-1
2272.9426	-1
2276.6492	-1
2280.3557	-1
2284.0623	-1
2287.7688	-1
2291.4753	-1
2295.1819	-1
2298.8916	-1
2302.6013	-1
2306.3110	-1
2310.0208	-1
2313.7305	-1
2317.4402	-1
2321.1504	-1
2324.8606	-1
2328.5708	-1
2332.2810	-1
2335.9912	-1
2339.7014	-1
2343.4116	-1
2347.1218	-1
2350.8320	-1
2354.5422	-1
2358.2524	-1
2361.9626	-1
2365.6731	-1
2369.3835	-1
2373.0940	-1
2376.8044	-1
2380.5149	-1
2384.2253	-1
2387.9358	-1
2391.6462	-1
2395.3567	-1
2399.0671	-1
2402.7776	-1
2406.4880	-1
2410.1987	-1
2413.9094	-1
2417.6201	-1
2421.3308	-1
2425.0415	-1
2428.7522	-1
2432.4629	-1
2436.1736	-1
2439.8843	-1
2443.5950	-1
2447.3059	-1
2451.0168	-1
2454.7278	-1
2458.4387	-1
2462.1497	-1
2465.8606	-1
2469.5715	-1
2473.2825	-1
2476.9934	-1
2480.7046	-1
2484.4158	-1
2488.1270	-1
2491.8381	-1
2495.5493	-1
2499.2605	-1
2502.9717	-1
2506.6829	-1
2510.3940	-1
2514.1052	-1
2517.8164	-1
2521.5276	-1
2525.2390	-1
2528.9504	-1
2532.6619	-1
2536.3733	-1
2540.0847	-1
2543.7961	-1
2547.5076	-1
2551.2190	-1
2554.9304	-1
2558.6418	-1
2562.3533	-1
2566.0647	-1
2569.7761	-1
2573.4875	-1
2577.1990	-1
2580.9106	-1
2584.6223	-1
2588.3350	-1
2592.0476	-1
2595.7603	-1
2599.4729	-1
2603.1855	-1
2606.8982	-1
2610.6111	-1
2614.3240	-1
2618.0369	-1
2621.7498	-1
2625.5796	-1
2629.4116	1
2633.3081	1
2637.2051	-1
2641.1023	-1
2644.9995	-1
2648.8967	-1
2652.7939	-1
2656.6912	-1
2660.6040	1
2664.5188	-1
2668.4341	1
2672.3496	1
2676.2671	-1
2680.1846	-1
2684.1021	-1
2688.0195	-1
2691.9370	-1
2695.8545	-1
2699.7722	-1
2703.6899	-1
2707.6077	-1
2711.5254	-1
2715.4431	-1
2719.3608	-1
2723.2791	1
2727.1975	1
2731.1160	1
2735.0344	1
2738.9548	-1
2742.8752	-1
2746.7957	-1
2750.7161	-1
2754.6365	-1
2758.5569	-1
2762.4783	-1
2766.3997	-1
2770.3210	-1
2774.2424	-1
2778.1638	-1
2782.0852	-1
2786.0068	-1
2789.9285	-1
2793.8501	-1
2797.7717	-1
2801.6934	-1
2805.6150	-1
2809.5369	-1
2813.4587	-1
2817.3806	-1
2821.3025	-1
2825.2244	-1
2829.1462	-1
2833.0684	1
2836.9905	1
2840.9126	1
2844.8347	1
2848.7571	1
2852.6794	1
2856.6023	1
2860.5254	1
2864.4500	-1
2868.3745	-1
2872.2991	-1
2876.2236	-1
2880.1482	-1
2884.0728	-1
2887.9980	-1
2891.9233	-1
2895.8486	-1
2899.7739	-1
2903.6992	-1
2907.6245	-1
2911.5498	-1
2915.4751	-1
2919.4004	-1
2923.3257	-1
2927.2510	-1
2931.1763	-1
2935.1018	1
2939.0273	1
2942.9536	-1
2946.8799	-1
2950.8062	-1
2954.7324	-1
2958.6587	-1
2962.5850	-1
2966.5115	1
2970.4382	1
2974.3652	1
2978.2922	1
2982.2202	-1
2986.1482	-1
2990.0762	-1
2994.0042	-1
2997.9321	-1
3001.8601	-1
3005.7883	-1
3009.7166	-1
3013.6450	-1
3017.5735	-1
3021.5020	-1
3025.4304	-1
3029.3594	-1
3033.2883	-1
3037.2173	-1
3041.1462	-1
3045.0754	-1
3049.0046	-1
3052.9338	-1
3056.8630	-1
3060.7922	-1
3064.7214	-1
3068.6506	-1
3072.5798	-1
3076.5090	1
3080.4387	1
3084.3687	1
3088.2986	1
3092.2285	1
3096.1584	1
3100.0898	1
3104.0215	1
3107.9531	1
3111.8848	1
3115.8176	-1
3119.7505	-1
3123.6833	-1
3127.6162	-1
3131.5491	-1
3135.4819	-1
3139.4170	1
3143.3521	1
3147.2874	-1
3151.2227	-1
3155.1580	-1
3159.0933	-1
3163.0286	-1
3166.9639	-1
3170.8994	-1
3174.8350	-1
3178.7705	-1
3182.7061	-1
3186.6416	-1
3190.5771	-1
3194.5129	-1
3198.4487	-1
3202.3845	-1
3206.3203	-1
3210.2561	-1
3214.1919	-1
3218.1277	-1
3222.0635	-1
3225.9993	-1
3229.9351	-1
3233.8708	-1
3237.8066	-1
3241.7427	-1
3245.6787	-1
3249.6147	-1
3253.5508	-1
3257.4868	-1
3261.4229	-1
3265.3589	-1
3269.2949	-1
3273.2310	-1
3277.1670	-1
3281.1030	-1
3285.0391	-1
3288.9766	1
3292.9141	1
3296.8516	1
3300.7891	1
3304.7266	1
3308.6643	1
3312.6021	1
3316.5398	1
3320.4778	1
3324.4158	1
3328.3538	1
3332.2917	1
3336.2336	-1
3340.1755	-1
3344.1177	-1
3348.0598	-1
3352.0020	-1
3355.9441	-1
3359.8862	-1
3363.8284	-1
3367.7705	-1
3371.7126	-1
3375.6548	-1
3379.5969	-1
3383.5393	-1
3387.4817	-1
3391.4241	-1
3395.3665	-1
3399.3088	-1
3403.2512	-1
3407.1938	-1
3411.1365	-1
3415.0791	-1
3419.0217	-1
3422.9644	-1
3426.9070	-1
3430.8499	-1
3434.7927	-1
3438.7356	-1
3442.6785	-1
3446.6213	-1
3450.5642	-1
3454.5073	-1
3458.4504	-1
3462.3936	-1
3466.3367	-1
3470.2798	-1
3474.2229	-1
3478.1702	-1
3482.1174	-1
3486.0647	-1
3490.0120	-1
3493.9592	-1
3497.9065	-1
3501.8540	-1
3505.8015	-1
3509.7490	-1
3513.6965	-1
3517.6440	-1
3521.5916	-1
3525.5396	-1
3529.4875	-1
3533.4355	-1
3537.3835	-1
3541.3315	-1
3545.2795	-1
3549.2275	1
3553.1809	-1
3557.1343	-1
3561.0876	-1
3565.0410	-1
3568.9944	-1
3572.9478	-1
3576.9014	-1
3580.8550	-1
3584.8086	-1
3588.7622	-1
3592.7158	-1
3596.6694	-1
3600.6233	-1
3604.5771	-1
3608.5310	-1
3612.4849	-1
3616.4387	-1
3620.3926	-1
3624.3467	-1
3628.3008	-1
3632.2549	-1
3636.2090	-1
3640.1631	-1
3644.1172	-1
3648.0713	-1
3652.0254	-1
3655.9795	-1
3659.9338	-1
3663.8882	-1
3667.8425	-1
3671.7969	-1
3675.7512	-1
3679.7056	-1
3683.6599	-1
3687.6143	-1
3691.5686	-1
3695.5232	-1
3699.4778	-1
3703.4324	-1
3707.3870	-1
3711.3416	-1
3715.2961	-1
3719.2510	-1
3723.2058	-1
3727.1606	-1
3731.1155	-1
3735.0703	-1
3739.0251	-1
3742.9800	-1
3746.9348	-1
3750.8896	-1
3754.8445	-1
3758.7993	-1
3762.7542	-1
3766.7129	-1
3770.6716	-1
3774.6304	-1
3778.5891	-1
3782.5479	-1
3786.5066	-1
3790.4661	-1
3794.4255	-1
3798.3850	-1
3802.3445	-1
3806.3040	-1
3810.2634	-1
3814.2249	-1
3818.1863	-1
3822.1477	-1
3826.1091	-1
3830.0706	-1
3834.0320	-1
3837.9939	-1
3841.9558	-1
3845.9177	-1
3849.8796	-1
3853.8416	-1
3857.8035	-1
3861.7656	-1
3865.7278	-1
3869.6899	-1
3873.6521	-1
3877.6143	-1
3881.5764	-1
3885.5388	-1
3889.5012	-1
3893.4636	-1
3897.4260	-1
3901.4058	1
3905.3872	-1
3909.3691	1
3913.3513	1
3917.3347	-1
3921.3181	-1
3925.3015	-1
3929.2849	-1
3933.2683	-1
3937.2517	-1
3941.2354	-1
3945.2190	-1
3949.2161	1
3953.2146	-1
3957.2136	1
3961.2126	1
3965.2124	-1
3969.2122	-1
3973.2119	-1
3977.2117	-1
3981.2114	-1
3985.2112	-1
3989.2109	-1
3993.2107	-1
3997.2104	-1
4001.2102	-1
4005.2100	-1
4009.2097	-1
4013.2102	1
4017.2112	-1
4021.2122	-1
4025.2131	-1
4029.2141	-1
4033.2151	-1
4037.2161	-1
4041.2300	1
4045.2454	-1
4049.2612	1
4053.2773	1
4057.2947	-1
4061.3120	-1
4065.3293	-1
4069.3467	-1
4073.3640	-1
4077.3813	-1
4081.3987	-1
4085.4160	-1
4089.4333	-1
4093.4507	-1
4097.4683	-1
4101.5005	1
4105.5342	-1
4109.5684	1
4113.6025	1
4117.6372	-1
4121.6719	-1
4125.7065	-1
4129.7412	-1
4133.7759	-1
4137.8105	-1
4141.8457	-1
4145.8809	-1
4149.9160	-1
4153.9512	-1
4157.9863	-1
4162.0215	-1
4166.0566	1
4170.0923	1
4174.1279	1
4178.1636	1
4182.2002	-1
4186.2368	-1
4190.2734	-1
4194.3101	-1
4198.3467	-1
4202.3833	-1
4206.4199	-1
4210.4565	-1
4214.4932	-1
4218.5298	-1
4222.5664	-1
4226.6030	-1
4230.6401	-1
4234.6772	-1
4238.7144	-1
4242.7515	-1
4246.7886	-1
4250.8257	-1
4254.8628	-1
4258.8999	-1
4262.9370	-1
4266.9741	-1
4271.0112	-1
4275.0483	-1
4279.0854	1
4283.1226	1
4287.1597	1
4291.1973	1
4295.2354	1
4299.2734	1
4303.3115	1
4307.3496	1
4311.3882	-1
4315.4268	-1
4319.4653	-1
4323.5039	-1
4327.5425	-1
4331.5811	-1
4335.6201	1
4339.6592	1
4343.6982	-1
4347.7373	-1
4351.7764	-1
4355.8154	-1
4359.8545	-1
4363.8936	-1
4367.9326	-1
4371.9717	-1
4376.0107	-1
4380.0498	-1
4384.0889	-1
4388.1279	-1
4392.1685	-1
4396.2090	-1
4400.2495	-1
4404.2900	-1
4408.3306	-1
4412.3711	-1
4416.4116	-1
4420.4521	-1
4424.4927	-1
4428.5332	-1
4432.5737	-1
4436.6143	-1
4440.6548	-1
4444.6953	-1
4448.7358	-1
4452.7764	-1
4456.8169	-1
4460.8574	-1
4464.8984	-1
4468.9395	-1
4472.9805	-1
4477.0215	-1
4481.0625	-1
4485.1035	-1
4489.1445	1
4493.1855	1
4497.2266	1
4501.2676	1
4505.3091	1
4509.3506	1
4513.3921	1
4517.4336	1
4521.4751	1
4525.5171	1
4529.5591	-1
4533.6011	-1
4537.6431	-1
4541.6851	-1
4545.7271	1
4549.7690	-1
4553.8110	-1
4557.8530	1
4561.8950	-1
4565.9370	-1
4569.9790	-1
4574.0210	-1
4578.0630	-1
4582.1050	-1
4586.1475	1
4590.1899	1
4594.2324	-1
4598.2749	-1
4602.3174	-1
4606.3599	-1
4610.4023	-1
4614.4448	-1
4618.4878	1
4622.5308	1
4626.5737	1
4630.6167	1
4634.6602	-1
4638.7036	-1
4642.7471	-1
4646.7905	-1
4650.8340	-1
4654.8774	-1
4658.9209	-1
4662.9644	-1
4667.0078	-1
4671.0513	-1
4675.0947	-1
4679.1382	-1
4683.1821	-1
4687.2261	-1
4691.2700	-1
4695.3140	-1
4699.3579	-1
4703.4019	-1
4707.4482	-1
4711.4946	-1
4715.5410	-1
4719.5874	-1
4723.6338	-1
4727.6802	-1
4731.7271	-1
4735.7739	-1
4739.8208	-1
4743.8677	-1
4747.9146	-1
4751.9614	-1
4756.0083	-1
4760.0552	-1
4764.1021	-1
4768.1489	-1
4772.1958	-1
4776.2427	-1
4780.2896	-1
4784.3364	-1
4788.3833	-1
4792.4302	-1
4796.4771	-1
4800.5239	-1
4804.5713	-1
4808.6187	-1
4812.6660	-1
4816.7134	-1
4820.7607	-1
4824.8081	-1
4828.8555	-1
4832.9028	-1
4836.9502	-1
4840.9976	-1
4845.0449	-1
4849.0923	-1
4853.1396	-1
4857.1870	-1
4861.2344	-1
4865.2817	-1
4869.3291	-1
4873.3765	-1
4877.4238	-1
4881.4712	-1
4885.5186	-1
4889.5659	-1
4893.6133	-1
4897.6606	-1
4901.7085	-1
4905.7563	-1
4909.8042	-1
4913.8521	-1
4917.8999	-1
4921.9478	-1
4925.9956	-1
4930.0435	-1
4934.0913	-1
4938.1392	-1
4942.1870	-1
4946.2349	-1
4950.2827	-1
4954.3306	-1
4958.3784	-1
4962.4263	-1
4966.4741	-1
4970.5220	-1
4974.5698	-1
4978.6177	-1
4982.6655	-1
4986.7134	-1
4990.7612	-1
4994.8091	-1
4998.8574	-1
5002.9058	-1
5006.9541	-1
5011.0024	-1
5015.0508	-1
5019.0991	-1
5023.1475	-1
5027.1958	-1
5031.2441	-1
5035.2925	-1
5039.3408	-1
5043.3892	-1
5047.4375	-1
5051.4858	-1
5055.5483	1
5059.6128	-1
5063.6777	1
5067.7427	1
5071.8081	-1
5075.8735	-1
5079.9395	-1
5084.0200	1
5088.1021	-1
5092.1851	1
5096.2681	1
5100.3521	-1
5104.4360	-1
5108.5200	-1
5112.6040	-1
5116.6880	-1
5120.7842	1
5124.8823	-1
5128.9810	1
5133.0796	1
5137.1792	-1
5141.2788	-1
5145.3784	-1
5149.4780	-1
5153.5776	-1
5157.6772	-1
5161.7773	-1
5165.8774	-1
5169.9775	-1
5174.0776	-1
5178.1777	-1
5182.2778	-1
5186.3779	1
5190.4780	1
5194.5796	-1
5198.6812	-1
5202.7827	-1
5206.8843	-1
5210.9858	-1
5215.0874	-1
5219.1890	-1
5223.2905	-1
5227.4053	1
5231.5215	-1
5235.6382	1
5239.7549	1
5243.8726	-1
5247.9902	-1
5252.1079	-1
5256.2256	-1
5260.3433	-1
5264.4609	-1
5268.5791	-1
5272.6973	-1
5276.8154	-1
5280.9336	-1
5285.0518	-1
5289.1699	-1
5293.2886	1
5297.4077	1
5301.5269	1
5305.6460	1
5309.7656	-1
5313.8853	-1
5318.0049	-1
5322.1245	-1
5326.2441	-1
5330.3638	-1
5334.4834	-1
5338.6030	-1
5342.7227	-1
5346.8423	-1
5350.9619	-1
5355.0815	-1
5359.2017	-1
5363.3218	-1
5367.4419	-1
5371.5620	-1
5375.6821	-1
5379.8022	-1
5383.9229	1
5388.0435	1
5392.1641	-1
5396.2847	-1
5400.4053	-1
5404.5259	-1
5408.6465	-1
5412.7671	-1
5416.8882	1
5421.0093	1
5425.1304	1
5429.2515	1
5433.3730	1
5437.4946	1
5441.6167	-1
5445.7388	-1
5449.8608	-1
5453.9829	-1
5458.1050	-1
5462.2271	-1
5466.3496	-1
5470.4722	-1
5474.5947	-1
5478.7173	-1
5482.8398	-1
5486.9624	-1
5491.0854	1
5495.2085	1
5499.3315	-1
5503.4546	-1
5507.5776	-1
5511.7007	-1
5515.8237	-1
5519.9468	-1
5524.0698	-1
5528.1929	-1
5532.3159	-1
5536.4390	-1
5540.5620	-1
5544.6851	-1
5548.8086	1
5552.9321	1
5557.0562	-1
5561.1802	-1
5565.3042	-1
5569.4282	-1
5573.5522	-1
5577.6763	-1
5581.8003	-1
5585.9243	-1
5590.0483	-1
5594.1724	-1
5598.2964	-1
5602.4204	-1
5606.5444	-1
5610.6685	-1
5614.7925	-1
5618.9165	-1
5623.0405	-1
5627.1646	-1
5631.2891	-1
5635.4136	-1
5639.5381	-1
5643.6626	-1
5647.7871	-1
5651.9116	-1
5656.0361	1
5660.1606	1
5664.2852	1
5668.4097	1
5672.5352	-1
5676.6606	-1
5680.7861	-1
5684.9116	-1
5689.0371	-1
5693.1626	-1
5697.2886	1
5701.4146	1
5705.5410	-1
5709.6675	-1
5713.7939	-1
5717.9204	-1
5722.0469	-1
5726.1733	-1
5730.2998	-1
5734.4263	-1
5738.5527	-1
5742.6792	-1
5746.8057	-1
5750.9321	-1
5755.0596	-1
5759.1870	-1
5763.3145	-1
5767.4419	-1
5771.5693	-1
5775.6968	-1
5779.8242	-1
5783.9517	-1
5788.0791	-1
5792.2065	-1
5796.3340	-1
5800.4614	-1
5804.5898	-1
5808.7183	-1
5812.8467	-1
5816.9751	-1
5821.1035	-1
5825.2319	-1
5829.3604	-1
5833.4888	-1
5837.6172	-1
5841.7456	-1
5845.8740	-1
5850.0024	-1
5854.1309	-1
5858.2593	-1
5862.3877	-1
5866.5161	-1
5870.6445	-1
5874.7729	-1
5878.9014	-1
5883.0298	-1
5887.1582	-1
5891.2866	-1
5895.4150	-1
5899.5435	-1
5903.6724	-1
5907.8013	-1
5911.9302	-1
5916.0732	1
5920.2183	-1
5924.3638	1
5928.5093	1
5932.6562	-1
5936.8032	-1
5940.9502	-1
5945.0972	-1
5949.2441	-1
5953.3911	-1
5957.5386	-1
5961.6860	-1
5965.8467	1
5970.0088	-1
5974.1714	1
5978.3345	1
5982.4980	-1
5986.6616	-1
5990.8252	-1
5994.9888	-1
5999.1523	-1
6003.3159	-1
6007.4800	-1
6011.6567	1
6015.8354	-1
6020.0146	1
6024.1938	1
6028.3740	-1
6032.5542	-1
6036.7344	-1
6040.9146	-1
6045.0947	-1
6049.2876	1
6053.4824	-1
6057.6772	1
6061.8726	1
6066.0688	-1
6070.2651	-1
6074.4614	-1
6078.6577	-1
6082.8540	-1
6087.0503	-1
6091.2466	-1
6095.4429	-1
6099.6392	-1
6103.8354	-1
6108.0317	-1
6112.2280	-1
6116.4248	1
6120.6216	1
6124.8184	1
6129.0151	1
6133.2139	-1
6137.4126	-1
6141.6113	-1
6145.8101	-1
6150.0088	-1
6154.2075	-1
6158.4062	-1
6162.6050	-1
6166.8037	-1
6171.0024	-1
6175.2012	-1
6179.3999	-1
6183.5986	-1
6187.7974	-1
6191.9961	-1
6196.1948	-1
6200.3936	-1
6204.5923	-1
6208.7910	-1
6212.9897	-1
6217.1885	-1
6221.3872	-1
6225.5859	-1
6229.7847	-1
6233.9839	1
6238.1831	1
6242.3828	1
6246.5825	1
6250.7822	1
6254.9819	1
6259.1816	1
6263.3813	1
6267.5830	-1
6271.7847	-1
6275.9863	-1
6280.1880	-1
6284.3896	-1
6288.5913	-1
6292.7930	-1
6296.9946	-1
6301.1963	-1
6305.3979	-1
6309.5996	-1
6313.8013	-1
6318.0029	-1
6322.2051	-1
6326.4072	-1
6330.6094	-1
6334.8115	-1
6339.0137	-1
6343.2158	-1
6347.4180	-1
6351.6201	-1
6355.8223	-1
6360.0244	-1
6364.2266	-1
6368.4292	1
6372.6318	1
6376.8345	1
6381.0371	1
6385.2397	1
6389.4424	1
6393.6455	1
6397.8486	-1
6402.0518	-1
6406.2549	-1
6410.4580	-1
6414.6611	-1
6418.8643	-1
6423.0693	-1
6427.2744	-1
6431.4795	-1
6435.6846	-1
6439.8896	-1
6444.0947	-1
6448.3003	-1
6452.5059	-1
6456.7114	-1
6460.9170	-1
6465.1226	-1
6469.3281	-1
6473.5337	-1
6477.7393	-1
6481.9448	-1
6486.1504	-1
6490.3560	-1
6494.5615	-1
6498.7671	-1
6502.9727	-1
6507.1782	-1
6511.3838	-1
6515.5894	-1
6519.7949	-1
6524.0020	-1
6528.2090	-1
6532.4160	-1
6536.6230	-1
6540.8301	-1
6545.0371	-1
6549.2441	-1
6553.4512	-1
6557.6582	-1
6561.8652	-1
6566.0723	-1
6570.2793	-1
6574.4873	-1
6578.6953	-1
6582.9033	-1
6587.1113	-1
6591.3193	-1
6595.5273	-1
6599.7354	-1
6603.9434	-1
6608.1514	-1
6612.3594	-1
6616.5674	-1
6620.7754	-1
6624.9834	-1
6629.1914	-1
6633.3994	-1
6637.6074	-1
6641.8154	-1
6646.0234	-1
6650.2319	-1
6654.4404	-1
6658.6489	-1
6662.8574	-1
6667.0659	-1
6671.2871	1
6675.5098	-1
6679.7329	1
6683.9561	1
6688.1802	-1
6692.4043	-1
6696.6284	-1
6700.8525	-1
6705.0767	-1
6709.3008	-1
6713.5249	-1
6717.7490	-1
6721.9731	-1
6726.1973	-1
6730.4214	-1
6734.6455	-1
6738.8701	1
6743.0947	1
6747.3193	1
6751.5439	1
6755.7695	-1
6759.9951	-1
6764.2207	-1
6768.4463	-1
6772.6719	-1
6776.8975	-1
6781.1230	-1
6785.3486	-1
6789.5742	-1
6793.7998	-1
6798.0254	-1
6802.2510	-1
6806.4771	-1
6810.7031	-1
6814.9292	-1
6819.1553	-1
6823.3813	-1
6827.6074	-1
6831.8335	-1
6836.0596	-1
6840.2856	-1
6844.5117	-1
6848.7378	-1
6852.9639	-1
6857.1899	1
6861.4160	1
6865.6421	1
6869.8682	1
6874.0952	1
6878.3223	1
6882.5493	1
6886.7764	1
6891.0044	-1
6895.2324	-1
6899.4604	-1
6903.6885	-1
6907.9165	-1
6912.1445	-1
6916.3726	-1
6920.6006	-1
6924.8286	-1
6929.0566	-1
6933.2847	-1
6937.5127	-1
6941.7407	-1
6945.9688	-1
6950.1968	-1
6954.4248	-1
6958.6528	-1
6962.8809	-1
6967.1089	-1
6971.3369	-1
6975.5649	-1
6979.7930	-1
6984.0210	-1
6988.2490	-1
6992.4780	-1
6996.7070	-1
7000.9360	-1
7005.1650	-1
7009.3940	-1
7013.6230	-1
7017.8521	-1
7022.0811	-1
7026.3101	-1
7030.5391	-1
7034.7681	-1
7038.9971	-1
7043.2261	1
7047.4556	1
7051.6851	1
7055.9146	1
7060.1440	1
7064.3735	1
7068.6030	1
7072.8330	-1
7077.0630	-1
7081.2930	-1
7085.5229	-1
7089.7529	-1
7093.9829	-1
7098.2129	-1
7102.4429	-1
7106.6729	-1
7110.9028	-1
7115.1328	-1
7119.3628	-1
7123.5928	1
7127.8228	1
7132.0547	-1
7136.2866	-1
7140.5186	-1
7144.7505	-1
7148.9824	-1
7153.2144	-1
7157.4468	-1
7161.6792	-1
7165.9116	-1
7170.1440	-1
7174.3765	-1
7178.6089	-1
7182.8413	-1
7187.0737	-1
7191.3062	-1
7195.5386	-1
7199.7710	-1
7204.0034	-1
7208.2358	-1
7212.4683	-1
7216.7007	-1
7220.9331	-1
7225.1655	-1
7229.3979	-1
7233.6309	-1
7237.8638	-1
7242.0967	-1
7246.3296	-1
7250.5625	-1
7254.7954	-1
7259.0283	-1
7263.2612	-1
7267.4941	-1
7271.7271	-1
7275.9600	-1
7280.1929	-1
7284.4258	-1
7288.6587	-1
7292.8916	-1
7297.1245	-1
7301.3574	-1
7305.5903	-1
7309.8237	-1
7314.0571	-1
7318.2905	-1
7322.5239	-1
7326.7573	-1
7330.9907	-1
7335.2241	-1
7339.4575	-1
7343.6909	-1
7347.9243	-1
7352.1709	1
7356.4189	-1
7360.6675	1
7364.9160	1
7369.1660	-1
7373.4160	-1
7377.6660	-1
7381.9160	-1
7386.1660	-1
7390.4160	-1
7394.6665	-1
7398.9170	-1
7403.1675	-1
7407.4180	-1
7411.6685	-1
7415.9189	-1
7420.1699	1
7424.4209	1
7428.6719	1
7432.9229	1
7437.1758	-1
7441.4287	-1
7445.6816	-1
7449.9346	-1
7454.1875	-1
7458.4404	-1
7462.6934	-1
7466.9463	-1
7471.1992	-1
7475.4521	-1
7479.7051	-1
7483.9580	-1
7488.2114	-1
7492.4648	-1
7496.7183	-1
7500.9717	-1
7505.2251	-1
7509.4785	-1
7513.7319	-1
7517.9854	-1
7522.2388	-1
7526.4922	-1
7530.7456	-1
7534.9990	-1
7539.2524	1
7543.5063	1
7547.7603	1
7552.0142	1
7556.2686	1
7560.5229	1
7564.7773	1
7569.0317	1
7573.2871	-1
7577.5425	-1
7581.7979	-1
7586.0532	-1
7590.3086	-1
7594.5640	-1
7598.8208	1
7603.0776	1
7607.3345	-1
7611.5913	-1
7615.8481	-1
7620.1050	-1
7624.3618	-1
7628.6187	-1
7632.8760	-1
7637.1333	-1
7641.3906	-1
7645.6479	-1
7649.9053	-1
7654.1626	-1
7658.4204	1
7662.6787	1
7666.9370	1
7671.1953	1
7675.4536	-1
7679.7119	-1
7683.9702	-1
7688.2285	-1
7692.4868	-1
7696.7451	-1
7701.0039	-1
7705.2627	-1
7709.5215	-1
7713.7803	-1
7718.0391	-1
7722.2979	-1
7726.5566	-1
7730.8154	-1
7735.0742	-1
7739.3330	-1
7743.5918	-1
7747.8506	-1
7752.1099	-1
7756.3691	-1
7760.6284	-1
7764.8877	-1
7769.1470	-1
7773.4062	-1
7777.6655	-1
7781.9248	-1
7786.1841	-1
7790.4434	-1
7794.7026	-1
7798.9619	-1
7803.2217	1
7807.4819	1
7811.7427	-1
7816.0034	-1
7820.2642	-1
7824.5249	-1
7828.7856	-1
7833.0464	-1
7837.3071	1
7841.5679	-1
7845.8286	-1
7850.0894	-1
7854.3501	-1
7858.6108	-1
7862.8716	-1
7867.1323	1
7871.3931	1
7875.6538	1
7879.9146	1
7884.1753	1
7888.4365	1
7892.6978	1
7896.9600	-1
7901.2222	-1
7905.4844	-1
7909.7466	-1
7914.0088	-1
7918.2710	-1
7922.5337	-1
7926.7964	-1
7931.0591	-1
7935.3218	-1
7939.5845	-1
7943.8472	-1
7948.1104	1
7952.3735	1
7956.6367	1
7960.8999	1
7965.1641	1
7969.4282	1
7973.6924	1
7977.9565	1
7982.2251	-1
7986.4937	-1
7990.7622	-1
7995.0308	-1
7999.2993	-1
8003.5679	-1
8007.8364	-1
8012.1050	-1
8016.3740	-1
8020.6431	-1
8024.9121	-1
8029.1812	-1
8033.4502	-1
8037.7192	-1
8041.9883	-1
8046.2573	-1
8050.5264	-1
8054.7954	-1
8059.0645	-1
8063.3335	-1
8067.6025	-1
8071.8716	-1
8076.1406	-1
8080.4097	-1
8084.6787	-1
8088.9478	-1
8093.2168	-1
8097.4858	-1
8101.7549	-1
8106.0239	-1
8110.2935	-1
8114.5630	-1
8118.8325	-1
8123.1021	-1
8127.3716	-1
8131.6411	-1
8135.9106	-1
8140.1802	-1
8144.4497	-1
8148.7192	-1
8152.9888	-1
8157.2583	-1
8161.5278	-1
8165.7974	-1
8170.0669	-1
8174.3364	-1
8178.6060	-1
8182.8755	-1
8187.1450	-1
8191.4146	-1
8195.6846	-1
8199.9541	-1
8204.2236	-1
8208.4932	-1
8212.7627	-1
8217.0322	-1
8221.3018	-1
8225.5713	-1
8229.8408	-1
8234.1104	-1
8238.3809	-1
8242.6514	-1
8246.9219	-1
8251.1924	-1
8255.4629	-1
8259.7334	-1
8264.0039	-1
8268.2744	-1
8272.5449	-1
8276.8154	-1
8281.0859	-1
8285.3564	-1
8289.6270	-1
8293.8975	-1
8298.1680	-1
8302.4385	-1
8306.7090	-1
8310.9795	-1
8315.2500	-1
8319.5205	-1
8323.7910	-1
8328.0615	-1
8332.3320	-1
8336.6025	-1
8340.8730	-1
8345.1436	-1
8349.4141	-1
8353.6846	-1
8357.9551	-1
8362.2256	-1
8366.4971	-1
8370.7686	-1
8375.0400	-1
8379.3115	-1
8383.5830	-1
8387.8545	-1
8392.1260	-1
8396.3975	-1
8400.6689	-1
8404.9404	-1
8409.2119	-1
8413.4834	-1
8417.7549	-1
8422.0264	-1
8426.2979	-1
8430.5693	-1
8434.8408	-1
8439.1123	-1
8443.3838	1
8447.6553	1
8451.9268	1
8456.1982	1
8460.4707	1
8464.7432	1
8469.0156	1
8473.2881	1
8477.5605	1
8481.8330	1
8486.1055	1
8490.3779	1
8494.6504	1
8498.9229	1
8503.1953	1
8507.4678	1
8511.7402	1
8516.0127	1
8520.2852	1
8524.5576	1
8528.8311	1
8533.1045	1
8537.3779	1
8541.6514	1
8545.9248	1
8550.1982	1
8554.4717	1
8558.7451	1
8563.0186	1
8567.2920	1
8571.5654	1
8575.8389	1
8580.1133	1
8584.3877	1
8588.6621	1
8592.9375	1
8597.2139	-1
8601.4902	-1
8605.7666	-1
8610.0430	-1
8614.3193	-1
8618.5957	-1
8622.8760	1
8627.1562	1
8631.4365	-1
8635.7168	-1
8639.9971	-1
8644.2773	-1
8648.5576	-1
8652.8379	-1
8657.1191	-1
8661.4004	-1
8665.6816	-1
8669.9629	-1
8674.2441	-1
8678.5254	-1
8682.8066	-1
8687.0879	-1
8691.3691	-1
8695.6504	-1
8699.9316	-1
8704.2129	-1
8708.4941	-1
8712.7754	-1
8717.0566	-1
8721.3379	-1
8725.6191	-1
8729.9004	-1
8734.1816	-1
8738.4629	-1
8742.7441	-1
8747.0254	-1
8751.3066	-1
8755.5879	-1
8759.8691	-1
8764.1504	-1
8768.4316	-1
8772.7129	-1
8776.9941	-1
8781.2754	-1
8785.5566	1
8789.8389	1
8794.1230	-1
8798.4072	-1
8802.6914	-1
8806.9756	-1
8811.2598	-1
8815.5439	-1
8819.8281	-1
8824.1123	-1
8828.3965	-1
8832.6807	-1
8836.9648	-1
8841.2490	-1
8845.5332	-1
8849.8174	-1
8854.1016	-1
8858.3857	-1
8862.6699	-1
8866.9541	-1
8871.2383	-1
8875.5225	-1
8879.8066	-1
8884.0908	-1
8888.3750	-1
8892.6592	-1
8896.9434	-1
8901.2275	-1
8905.5117	-1
8909.7959	-1
8914.0801	-1
8918.3643	-1
8922.6484	-1
8926.9326	-1
8931.2168	-1
8935.5010	-1
8939.7852	-1
8944.0693	-1
8948.3545	-1
8952.6396	-1
8956.9248	-1
8961.2100	-1
8965.4951	-1
8969.7803	-1
8974.0654	-1
8978.3506	-1
8982.6357	-1
8986.9209	-1
8991.2061	-1
8995.4912	-1
8999.7764	-1
9004.0615	-1
9008.3467	-1
9012.6318	-1
9016.9170	-1
9021.2021	-1
9025.4873	-1
9029.7725	-1
9034.0576	-1
9038.3428	-1
9042.6279	-1
9046.9131	-1
9051.1982	1
9055.4834	1
9059.7686	1
9064.0537	1
9068.3389	1
9072.6240	1
9076.9092	1
9081.1943	1
9085.4795	1
9089.7646	1
9094.0527	-1
9098.3408	-1
9102.6289	-1
9106.9170	-1
9111.2051	-1
9115.4932	-1
9119.7812	-1
9124.0693	-1
9128.3574	-1
9132.6455	-1
9136.9336	-1
9141.2217	-1
9145.5098	-1
9149.7979	-1
9154.0859	-1
9158.3740	-1
9162.6621	-1
9166.9502	-1
9171.2383	-1
9175.5264	-1
9179.8145	-1
9184.1025	-1
9188.3906	-1
9192.6787	-1
9196.9678	-1
9201.2568	-1
9205.5459	-1
9209.8350	-1
9214.1240	-1
9218.4131	-1
9222.7031	1
9226.9932	1
9231.2832	1
9235.5732	1
9239.8643	1
9244.1553	1
9248.4463	1
9252.7373	1
9257.0283	1
9261.3193	1
9265.6104	1
9269.9014	1
9274.1924	1
9278.4834	1
9282.7744	1
9287.0654	1
9291.3564	1
9295.6475	1
9299.9385	1
9304.2295	1
9308.5215	-1
9312.8135	-1
9317.1055	-1
9321.3975	-1
9325.6895	-1
9329.9814	-1
9334.2734	-1
9338.5654	-1
9342.8574	-1
9347.1494	-1
9351.4414	-1
9355.7334	-1
9360.0254	-1
9364.3174	-1
9368.6094	-1
9372.9014	-1
9377.1934	-1
9381.4854	-1
9385.7773	-1
9390.0693	-1
9394.3613	-1
9398.6533	-1
9402.9453	-1
9407.2373	-1
9411.5303	-1
9415.8232	-1
9420.1162	-1
9424.4092	-1
9428.7021	-1
9432.9951	-1
9437.2891	1
9441.5830	1
9445.8770	1
9450.1709	-1
9454.4648	-1
9458.7588	-1
9463.0527	-1
9467.3467	-1
9471.6406	-1
9475.9355	-1
9480.2305	-1
9484.5254	-1
9488.8203	-1
9493.1152	-1
9497.4102	-1
9501.7051	-1
9506.0000	-1
9510.2949	-1
9514.5898	-1
9518.8848	-1
9523.1797	-1
9527.4746	-1
9531.7695	-1
9536.0645	-1
9540.3594	-1
9544.6543	-1
9548.9492	-1
9553.2441	-1
9557.5391	-1
9561.8340	-1
9566.1289	-1
9570.4238	-1
9574.7188	-1
9579.0137	-1
9583.3086	-1
9587.6035	-1
9591.8984	-1
9596.1934	-1
9600.4883	-1
9604.7842	-1
9609.0801	-1
9613.3760	-1
9617.6719	-1
9621.9678	-1
9626.2637	-1
9630.5605	-1
9634.8574	-1
9639.1543	-1
9643.4512	-1
9647.7480	-1
9652.0449	-1
9656.3418	-1
9660.6387	-1
9664.9355	-1
9669.2324	-1
9673.5293	-1
9677.8262	-1
9682.1230	-1
9686.4199	-1
9690.7168	-1
9695.0137	-1
9699.3105	-1
9703.6074	-1
9707.9062	-1
9712.2051	-1
9716.5039	-1
9720.8027	-1
9725.1016	-1
9729.4004	-1
9733.6992	-1
9737.9980	-1
9742.2969	-1
9746.5957	-1
9750.8945	-1
9755.1934	-1
9759.4922	-1
9763.7910	-1
9768.0898	-1
9772.3887	-1
9776.6875	-1
9780.9863	-1
9785.2852	-1
9789.5840	-1
9793.8828	-1
9798.1816	-1
9802.4805	-1
9806.7793	-1
9811.0781	-1
9815.3770	-1
9819.6758	-1
9823.9746	-1
9828.2734	-1
9832.5723	-1
9836.8721	-1
9841.1719	-1
9845.4717	-1
9849.7715	-1
9854.0713	-1
9858.3711	-1
9862.6748	-1
9866.9785	-1
9871.2822	-1
9875.5859	-1
9879.8896	-1
9884.1934	-1
9888.4971	-1
9892.8008	-1
9897.1045	-1
9901.4082	-1
9905.7119	-1
9910.0156	-1
9914.3203	-1
9918.6250	-1
9922.9297	-1
9927.2344	-1
9931.5391	-1
9935.8438	-1
9940.1484	-1
9944.4531	-1
9948.7578	-1
9953.0625	-1
9957.3672	-1
9961.6719	-1
9965.9766	-1
9970.2812	-1
9974.5859	-1
9978.8906	-1
9983.1953	-1
9987.5000	-1
9991.8047	-1
9996.1094	-1
10000.4141	-1
10004.7188	-1
10009.0234	-1
10013.3281	-1
10017.6387	-1
10021.9492	-1
10026.2598	-1
10030.5703	-1
10034.8809	-1
10039.1914	-1
10043.5020	-1
10047.8125	-1
10052.1230	-1
10056.4336	-1
10060.7441	-1
10065.0547	-1
10069.3652	-1
10073.6758	-1
10077.9863	-1
10082.2969	-1
10086.6074	-1
10090.9180	-1
10095.2285	-1
10099.5391	-1
10103.8496	-1
10108.1602	-1
10112.4707	-1
10116.7812	-1
10121.0928	-1
10125.4043	-1
10129.7158	-1
10134.0273	-1
10138.3389	-1
10142.6504	-1
10146.9619	-1
10151.2734	-1
10155.5850	-1
10159.8965	-1
10164.2080	-1
10168.5195	-1
10172.8311	-1
10177.1426	-1
10181.4541	-1
10185.7656	-1
10190.0771	-1
10194.3887	-1
10198.7002	-1
10203.0117	-1
10207.3232	-1
10211.6348	-1
10215.9463	-1
10220.2578	-1
10224.5693	-1
10228.8809	-1
10233.1924	-1
10237.5039	-1
10241.8154	-1
10246.1270	-1
10250.4385	-1
10254.7500	-1
10259.0615	-1
10263.3730	-1
10267.6846	-1
10271.9961	-1
10276.3076	-1
10280.6191	-1
10284.9307	-1
10289.2422	-1
10293.5537	-1
10297.8652	-1
10302.1777	-1
10306.4902	-1
10310.8027	-1
10315.1152	-1
10319.4277	-1
10323.7402	-1
10328.0527	-1
10332.3652	-1
10336.6777	-1
10340.9902	-1
10345.3027	-1
10349.6152	-1
10353.9277	-1
10358.2402	-1
10362.5527	-1
10366.8652	-1
10371.1777	-1
10375.4902	-1
10379.8027	-1
10384.1152	-1
10388.4277	-1
10392.7402	-1
10397.0527	-1
10401.3652	-1
10405.6777	-1
10409.9902	-1
10414.3027	-1
10418.6152	-1
10422.9277	-1
10427.2402	-1
10431.5537	-1
10435.8672	-1
10440.1807	-1
10444.4941	-1
10448.8076	-1
10453.1211	-1
10457.4346	-1
10461.7480	-1
10466.0615	-1
10470.3750	-1
10474.6885	-1
10479.0020	-1
10483.3154	-1
10487.6289	-1
10491.9424	-1
10496.2559	-1
10500.5693	-1
10504.8828	-1
10509.1963	-1
10513.5098	-1
10517.8232	-1
10522.1367	-1
10526.4502	-1
10530.7637	-1
10535.0781	-1
10539.3926	-1
10543.7070	-1
10548.0215	-1
10552.3359	-1
10556.6504	-1
10560.9648	-1
10565.2793	-1
10569.5938	-1
10574.0605	1
10578.5273	1
10582.9951	-1
10587.4629	-1
10591.9307	-1
10596.3984	-1
10600.8662	-1
10605.3340	-1
10609.8018	-1
10614.2695	-1
10618.7373	-1
10623.2051	-1
10627.6729	-1
10632.1406	-1
10636.6279	1
10641.1152	1
10645.6035	-1
10650.0918	-1
10654.5801	-1
10659.0684	-1
10663.5566	-1
10668.0449	-1
10672.5342	-1
10677.0234	-1
10681.5127	-1
10686.0020	-1
10690.4912	-1
10694.9805	-1
10699.4844	1
10703.9893	-1
10708.4951	1
10713.0010	1
10717.5088	-1
10722.0166	-1
10726.5244	-1
10731.0322	-1
10735.5400	-1
10740.0479	-1
10744.5557	-1
10749.0635	-1
10753.5713	-1
10758.0791	-1
10762.5869	-1
10767.0947	-1
10771.6025	1
10776.1104	1
10780.6182	1
10785.1260	1
10789.6357	-1
10794.1455	-1
10798.6553	-1
10803.1650	-1
10807.6748	-1
10812.1846	-1
10816.6943	-1
10821.2041	-1
10825.7139	-1
10830.2236	-1
10834.7334	-1
10839.2432	-1
10843.7539	-1
10848.2646	-1
10852.7754	-1
10857.2861	-1
10861.7969	-1
10866.3076	-1
10870.8184	-1
10875.3291	-1
10879.8398	-1
10884.3506	-1
10888.8613	-1
10893.3721	-1
10897.8828	1
10902.3936	1
10906.9043	1
10911.4160	1
10915.9277	1
10920.4395	1
10924.9512	1
10929.4629	1
10933.9756	-1
10938.4883	-1
10943.0010	-1
10947.5137	-1
10952.0264	-1
10956.5391	-1
10961.0527	1
10965.5664	1
10970.0801	-1
10974.5938	-1
10979.1074	-1
10983.6211	-1
10988.1348	-1
10992.6484	-1
10997.1631	-1
11001.6777	-1
11006.1924	-1
11010.7070	-1
11015.2217	-1
11019.7363	-1
11024.2510	1
11028.7656	1
11033.2812	-1
11037.7969	-1
11042.3125	-1
11046.8281	-1
11051.3438	-1
11055.8594	-1
11060.3750	-1
11064.8906	-1
11069.4062	-1
11073.9219	-1
11078.4375	-1
11082.9531	-1
11087.4697	-1
11091.9863	-1
11096.5029	-1
11101.0195	-1
11105.5361	-1
11110.0527	-1
11114.5693	-1
11119.0859	-1
11123.6025	-1
11128.1191	-1
11132.6357	-1
11137.1523	-1
11141.6689	1
11146.1855	1
11150.7021	-1
11155.2188	-1
11159.7354	-1
11164.2520	-1
11168.7686	-1
11173.2852	-1
11177.8018	-1
11182.3184	-1
11186.8350	-1
11191.3516	-1
11195.8682	-1
11200.3848	-1
11204.9023	1
11209.4199	1
11213.9375	1
11218.4551	1
11222.9727	1
11227.4902	1
11232.0078	1
11236.5254	1
11241.0430	1
11245.5605	1
11250.0781	1
11254.5957	1
11259.1143	-1
11263.6328	-1
11268.1514	-1
11272.6699	-1
11277.1885	-1
11281.7070	-1
11286.2266	-1
11290.7461	-1
11295.2656	-1
11299.7852	-1
11304.3047	-1
11308.8252	-1
11313.3457	1
11317.8662	1
11322.3877	-1
11326.9092	-1
11331.4307	-1
11335.9521	-1
11340.4736	-1
11344.9951	-1
11349.5166	1
11354.0381	1
11358.5605	-1
11363.0830	-1
11367.6055	-1
11372.1279	-1
11376.6504	-1
11381.1729	-1
11385.6963	1
11390.2197	1
11394.7432	-1
11399.2666	-1
11403.7900	-1
11408.3135	-1
11412.8369	-1
11417.3604	-1
11421.8838	-1
11426.4072	-1
11430.9307	-1
11435.4541	-1
11439.9775	-1
11444.5010	-1
11449.0244	-1
11453.5479	-1
11458.0713	-1
11462.5947	-1
11467.1182	-1
11471.6416	-1
11476.1660	-1
11480.6904	-1
11485.2148	-1
11489.7393	-1
11494.2637	-1
11498.7881	-1
11503.3125	-1
11507.8369	-1
11512.3613	-1
11516.8857	-1
11521.4102	-1
11525.9346	-1
11530.4590	-1
11534.9834	-1
11539.5078	-1
11544.0322	-1
11548.5566	-1
11553.0811	-1
11557.6055	1
11562.1299	1
11566.6562	1
11571.1826	1
11575.7090	1
11580.2354	1
11584.7617	1
11589.2881	1
11593.8145	1
11598.3408	1
11602.8672	1
11607.3936	1
11611.9199	1
11616.4463	-1
11620.9727	-1
11625.4990	-1
11630.0254	-1
11634.5518	-1
11639.0781	-1
11643.6074	1
11648.1387	-1
11652.6699	-1
11657.2012	-1
11661.7334	-1
11666.2656	-1
11670.7979	-1
11675.3301	-1
11679.8623	-1
11684.3945	-1
11688.9268	-1
11693.4590	-1
11697.9912	-1
11702.5234	-1
11707.0557	-1
11711.5879	-1
11716.1201	-1
11720.6523	-1
11725.1846	-1
11729.7168	-1
11734.2490	-1
11738.7812	-1
11743.3135	-1
11747.8457	-1
11752.3779	-1
11756.9102	-1
11761.4424	-1
11765.9746	-1
11770.5068	-1
11775.0391	-1
11779.5713	-1
11784.1035	-1
11788.6357	-1
11793.1680	-1
11797.7002	-1
11802.2324	-1
11806.7646	-1
11811.2969	-1
11815.8291	-1
11820.3613	-1
11824.8936	-1
11829.4258	-1
11833.9580	-1
11838.4912	-1
11843.0244	-1
11847.5576	-1
11852.0908	-1
11856.6240	-1
11861.1572	-1
11865.6904	-1
11870.2236	-1
11874.7568	-1
11879.2900	-1
11883.8232	-1
11888.3564	-1
11892.8896	-1
11897.4229	-1
11901.9561	-1
11906.4893	-1
11911.0225	-1
11915.5557	-1
11920.0889	-1
11924.6221	-1
11929.1553	-1
11933.6885	-1
11938.2217	-1
11942.7549	-1
11947.2881	-1
11951.8213	-1
11956.3545	-1
11960.8877	-1
11965.4209	-1
11969.9541	-1
11974.4873	-1
11979.0205	-1
11983.5537	-1
11988.0869	-1
11992.6201	-1
11997.1533	-1
12001.6865	-1
12006.2197	-1
12010.7529	-1
12015.2861	-1
12019.8193	-1
12024.3525	-1
12028.8867	1
12033.4209	-1
12037.9551	-1
12042.4893	-1
12047.0234	-1
12051.5576	-1
12056.0918	-1
12060.6260	1
12065.1602	-1
12069.6943	-1
12074.2285	-1
12078.7627	-1
12083.2969	-1
12087.8311	-1
12092.3652	-1
12096.8994	-1
12101.4336	-1
12105.9678	-1
12110.5020	-1
12115.0361	-1
12119.5703	-1
12124.1045	-1
12128.6387	-1
12133.1729	-1
12137.7070	-1
12142.2412	-1
12146.7754	-1
12151.3096	-1
12155.8438	-1
12160.3779	-1
12164.9121	-1
12169.4463	-1
12173.9805	-1
12178.5146	-1
12183.0488	-1
12187.5830	-1
12192.1172	-1
12196.6514	-1
12201.1855	-1
12205.7197	-1
12210.2539	-1
12214.7881	-1
12219.3223	-1
12223.8564	-1
12228.3936	1
12232.9316	1
12237.4697	1
12242.0078	1
12246.5459	1
12251.0840	1
12255.6221	1
12260.1602	-1
12264.6982	1
12269.2363	-1
12273.7744	-1
12278.3125	-1
12282.8506	-1
12287.3887	-1
12291.9268	-1
12296.4648	-1
12301.0029	-1
12305.5410	-1
12310.0791	-1
12314.6172	-1
12319.1553	-1
12323.6934	-1
12328.2314	-1
12332.7695	-1
12337.3076	-1
12341.8457	-1
12346.3838	-1
12350.9219	-1
12355.4600	-1
12359.9980	-1
12364.5361	-1
12369.0742	-1
12373.6133	-1
12378.1523	-1
12382.6914	-1
12387.2305	-1
12391.7695	-1
12396.3086	-1
12400.8477	-1
12405.3867	-1
12409.9258	-1
12414.4648	-1
12419.0039	-1
12423.5430	-1
12428.0830	-1
12432.6230	-1
12437.1631	-1
12441.7031	-1
12446.2432	-1
12450.7832	-1
12455.3242	-1
12459.8652	-1
12464.4062	-1
12468.9473	-1
12473.4883	-1
12478.0293	-1
12482.5713	-1
12487.1133	-1
12491.6553	-1
12496.1973	-1
12500.7393	-1
12505.2812	-1
12509.8232	-1
12514.3652	-1
12518.9072	-1
12523.4492	-1
12527.9912	-1
12532.5332	-1
12537.0762	-1
12541.6191	-1
12546.1621	-1
12550.7051	-1
12555.2480	-1
12559.7910	-1
12564.3340	-1
12568.8770	-1
12573.4199	-1
12577.9629	-1
12582.5059	-1
12587.0488	-1
12591.5918	-1
12596.1348	-1
12600.6777	-1
12605.2207	-1
12609.7637	-1
12614.3066	-1
12618.8506	-1
12623.3945	-1
12627.9385	-1
12632.4824	-1
12637.0264	-1
12641.5703	-1
12646.1143	-1
12650.6582	-1
12655.2021	-1
12659.9307	1
12664.6592	-1
12669.3877	-1
12674.1162	-1
12678.8447	-1
12683.5732	-1
12688.3018	-1
12693.0439	1
12697.7871	-1
12702.5312	1
12707.2754	1
12712.0205	-1
12716.7656	-1
12721.5107	-1
12726.2559	-1
12731.0010	-1
12735.7461	-1
12740.4912	-1
12745.2363	-1
12749.9814	-1
12754.7266	-1
12759.4717	-1
12764.2168	-1
12768.9629	1
12773.7090	1
12778.4551	1
12783.2012	1
12787.9482	-1
12792.6953	-1
12797.4424	-1
12802.1895	-1
12806.9365	-1
12811.6836	-1
12816.4307	-1
12821.1777	-1
12825.9248	-1
12830.6719	-1
12835.4189	-1
12840.1660	-1
12844.9131	-1
12849.6602	-1
12854.4072	-1
12859.1543	-1
12863.9014	-1
12868.6484	-1
12873.3965	-1
12878.1445	-1
12882.8926	-1
12887.6406	-1
12892.3887	-1
12897.1367	-1
12901.8848	1
12906.6328	1
12911.3809	1
12916.1289	1
12920.8770	1
12925.6250	1
12930.3730	1
12935.1211	1
12939.8711	-1
12944.6211	-1
12949.3711	-1
12954.1211	-1
12958.8711	-1
12963.6211	-1
12968.3711	-1
12973.1211	-1
12977.8711	-1
12982.6211	-1
12987.3711	-1
12992.1211	-1
12996.8721	1
13001.6230	1
13006.3740	1
13011.1250	1
13015.8760	-1
13020.6270	-1
13025.3779	-1
13030.1289	-1
13034.8799	-1
13039.6309	-1
13044.3828	1
13049.1348	1
13053.8867	-1
13058.6387	-1
13063.3906	-1
13068.1426	-1
13072.8945	-1
13077.6465	-1
13082.3984	-1
13087.1504	-1
13091.9023	-1
13096.6543	-1
13101.4062	-1
13106.1582	-1
13110.9111	-1
13115.6641	-1
13120.4170	-1
13125.1699	-1
13129.9229	-1
13134.6758	-1
13139.4287	-1
13144.1816	-1
13148.9346	-1
13153.6875	-1
13158.4404	-1
13163.1934	-1
13167.9463	-1
13172.6992	-1
13177.4521	-1
13182.2051	-1
13186.9580	-1
13191.7109	-1
13196.4648	1
13201.2188	1
13205.9727	1
13210.7266	1
13215.4805	1
13220.2344	1
13224.9883	1
13229.7422	1
13234.4961	1
13239.2500	1
13244.0049	-1
13248.7598	-1
13253.5146	-1
13258.2695	-1
13263.0244	-1
13267.7793	-1
13272.5352	1
13277.2910	1
13282.0469	-1
13286.8027	-1
13291.5586	-1
13296.3145	-1
13301.0703	-1
13305.8262	-1
13310.5820	-1
13315.3379	-1
13320.0938	-1
13324.8496	-1
13329.6055	-1
13334.3613	-1
13339.1172	-1
13343.8730	-1
13348.6289	-1
13353.3848	-1
13358.1406	-1
13362.8965	-1
13367.6523	-1
13372.4082	-1
13377.1641	-1
13381.9199	-1
13386.6758	-1
13391.4316	-1
13396.1885	1
13400.9453	1
13405.7031	1
13410.4609	1
13415.2188	-1
13419.9766	-1
13424.7344	-1
13429.4922	-1
13434.2500	-1
13439.0078	-1
13443.7666	1
13448.5254	1
13453.2842	1
13458.0430	1
13462.8018	1
13467.5605	1
13472.3213	-1
13477.0820	-1
13481.8428	-1
13486.6035	-1
13491.3643	-1
13496.1250	-1
13500.8857	-1
13505.6465	-1
13510.4072	-1
13515.1680	-1
13519.9287	-1
13524.6895	-1
13529.4502	-1
13534.2109	-1
13538.9717	-1
13543.7324	-1
13548.4932	-1
13553.2539	-1
13558.0156	1
13562.7773	1
13567.5391	1
13572.3008	1
13577.0625	1
13581.8242	1
13586.5859	-1
13591.3477	-1
13596.1094	-1
13600.8711	-1
13605.6328	-1
13610.3945	-1
13615.1572	-1
13619.9199	-1
13624.6826	-1
13629.4453	-1
13634.2080	-1
13638.9707	-1
13643.7354	-1
13648.5000	-1
13653.2646	-1
13658.0293	-1
13662.7939	-1
13667.5586	-1
13672.3232	-1
13677.0879	-1
13681.8525	-1
13686.6172	-1
13691.3818	-1
13696.1465	-1
13700.9111	-1
13705.6758	-1
13710.4404	-1
13715.2051	-1
13719.9697	-1
13724.7344	-1
13729.4990	-1
13734.2637	-1
13739.0283	-1
13743.7930	-1
13748.5576	-1
13753.3223	-1
13758.0869	-1
13762.8516	-1
13767.6162	-1
13772.3809	-1
13777.1455	-1
13781.9102	-1
13786.6748	1
13791.4395	1
13796.2041	1
13800.9688	1
13805.7354	-1
13810.5020	-1
13815.2686	-1
13820.0352	-1
13824.8018	-1
13829.5684	-1
13834.3350	-1
13839.1016	-1
13843.8682	-1
13848.6348	-1
13853.4014	-1
13858.1680	-1
13862.9346	-1
13867.7012	-1
13872.4678	-1
13877.2344	-1
13882.0010	-1
13886.7676	-1
13891.5352	-1
13896.3027	-1
13901.0703	-1
13905.8379	-1
13910.6055	-1
13915.3730	-1
13920.1406	1
13924.9082	1
13929.6758	1
13934.4434	1
13939.2129	-1
13943.9824	-1
13948.7520	-1
13953.5215	-1
13958.2910	-1
13963.0605	-1
13967.8311	-1
13972.6016	-1
13977.3721	-1
13982.1426	-1
13986.9131	-1
13991.6836	-1
13996.4541	-1
14001.2246	-1
14005.9951	-1
14010.7656	-1
14015.5361	-1
14020.3066	-1
14025.0771	-1
14029.8477	-1
14034.6182	-1
14039.3887	-1
14044.1592	-1
14048.9297	-1
14053.7002	-1
14058.4707	-1
14063.2412	-1
14068.0117	-1
14072.7822	-1
14077.5527	-1
14082.3232	-1
14087.0938	-1
14091.8643	-1
14096.6348	-1
14101.4053	-1
14106.1758	-1
14110.9463	-1
14115.7168	-1
14120.4873	-1
14125.2578	-1
14130.0283	-1
14134.7988	-1
14139.5703	-1
14144.3418	-1
14149.1133	-1
14153.8848	-1
14158.6562	-1
14163.4277	-1
14168.1992	-1
14172.9707	-1
14177.7422	-1
14182.5137	-1
14187.2852	-1
14192.0566	-1
14196.8281	-1
14201.5996	-1
14206.3711	-1
14211.1426	-1
14215.9141	-1
14220.6855	-1
14225.4570	-1
14230.2285	-1
14235.0000	-1
14239.7715	-1
14244.5430	-1
14249.3145	-1
14254.0859	-1
14258.8574	-1
14263.6289	-1
14268.4004	-1
14273.1719	-1
14277.9434	-1
14282.7148	-1
14287.4863	-1
14292.2578	-1
14297.0293	-1
14301.8008	-1
14306.5723	-1
14311.3438	-1
14316.1152	-1
14320.8867	-1
14325.6582	-1
14330.4297	-1
14335.2012	-1
14339.9756	-1
14344.7500	-1
14349.5244	-1
14354.2988	-1
14359.0732	-1
14363.8477	-1
14368.6221	-1
14373.3965	-1
14378.1709	-1
14382.9453	-1
14387.7197	-1
14392.4941	-1
14397.2695	-1
14402.0449	-1
14406.8203	-1
14411.5957	-1
14416.3711	-1
14421.1465	-1
14425.9219	-1
14430.6973	-1
14435.4727	-1
14440.2480	-1
14445.0234	-1
14449.7988	-1
14454.5742	-1
14459.3496	-1
14464.1250	-1
14468.9004	-1
14473.6758	-1
14478.4512	-1
14483.2266	-1
14488.0020	-1
14492.7773	-1
14497.5527	-1
14502.3281	-1
14507.1035	-1
14511.8789	-1
14516.6543	-1
14521.4297	-1
14526.2051	-1
14530.9805	-1
14535.7559	-1
14540.5312	-1
14545.3066	-1
14550.0820	-1
14554.8721	1
14559.6641	-1
14564.4561	1
14569.2480	1
14574.0410	-1
14578.8340	-1
14583.6270	-1
14588.4199	-1
14593.2129	-1
14598.0059	-1
14602.7998	-1
14607.5938	-1
14612.3877	-1
14617.1816	-1
14621.9756	-1
14626.7695	-1
14631.5635	1
14636.3574	1
14641.1514	1
14645.9453	1
14650.7402	-1
14655.5352	-1
14660.3301	-1
14665.1250	-1
14669.9199	-1
14674.7148	-1
14679.5107	-1
14684.3066	-1
14689.1025	-1
14693.8984	-1
14698.6943	-1
14703.4902	-1
14708.2861	-1
14713.0820	-1
14717.8779	-1
14722.6738	-1
14727.4697	-1
14732.2656	-1
14737.0615	-1
14741.8574	-1
14746.6533	-1
14751.4492	-1
14756.2451	-1
14761.0410	-1
14765.8369	1
14770.6328	1
14775.4287	1
14780.2246	1
14785.0205	1
14789.8164	1
14794.6123	1
14799.4092	1
14804.2080	-1
14809.0068	-1
14813.8057	-1
14818.6045	-1
14823.4033	-1
14828.2021	-1
14833.0020	-1
14837.8018	-1
14842.6016	-1
14847.4014	-1
14852.2012	-1
14857.0010	-1
14861.8008	-1
14866.6006	-1
14871.4004	-1
14876.2002	-1
14881.0000	-1
14885.7998	-1
14890.5996	-1
14895.3994	-1
14900.1992	-1
14904.9990	-1
14909.7988	-1
14914.5986	-1
14919.3984	-1
14924.1982	-1
14928.9980	-1
14933.7979	-1
14938.5977	-1
14943.3975	-1
14948.1973	-1
14952.9971	-1
14957.7969	-1
14962.5967	-1
14967.3965	-1
14972.1963	-1
14976.9961	-1
14981.7959	-1
14986.5957	-1
14991.3955	-1
14996.1953	-1
15000.9951	-1
15005.7959	-1
15010.5967	-1
15015.3975	-1
15020.1982	-1
15024.9990	-1
15029.7998	-1
15034.6006	1
15039.4014	1
15044.2031	-1
15049.0049	-1
15053.8066	-1
15058.6084	-1
15063.4102	-1
15068.2119	-1
15073.0137	1
15077.8154	1
15082.6172	1
15087.4189	1
15092.2207	1
15097.0225	1
15101.8242	1
15106.6270	1
15111.4297	1
15116.2324	1
15121.0352	1
15125.8379	1
15130.6406	-1
15135.4434	-1
15140.2461	-1
15145.0488	-1
15149.8516	-1
15154.6543	-1
15159.4570	1
15164.2598	1
15169.0625	1
15173.8662	1
15178.6699	1
15183.4736	1
15188.2793	-1
15193.0850	-1
15197.8906	-1
15202.6963	-1
15207.5020	-1
15212.3076	-1
15217.1133	-1
15221.9189	-1
15226.7246	-1
15231.5303	-1
15236.3359	-1
15241.1416	-1
15245.9482	-1
15250.7549	-1
15255.5615	-1
15260.3682	-1
15265.1748	-1
15269.9814	-1
15274.7881	-1
15279.5947	-1
15284.4014	-1
15289.2080	-1
15294.0146	-1
15298.8213	-1
15303.6279	-1
15308.4346	-1
15313.2412	-1
15318.0479	-1
15322.8545	-1
15327.6611	-1
15332.4697	1
15337.2783	1
15342.0869	1
15346.8955	1
15351.7041	1
15356.5127	1
15361.3213	1
15366.1299	1
15370.9385	1
15375.7471	1
15380.5566	-1
15385.3662	-1
15390.1758	-1
15394.9854	-1
15399.7949	-1
15404.6045	-1
15409.4141	-1
15414.2236	-1
15419.0332	-1
15423.8428	-1
15428.6523	-1
15433.4619	-1
15438.2715	-1
15443.0811	-1
15447.8906	-1
15452.7002	-1
15457.5098	-1
15462.3193	-1
15467.1289	-1
15471.9385	-1
15476.7480	-1
15481.5576	-1
15486.3672	-1
15491.1768	-1
15495.9873	-1
15500.7979	-1
15505.6084	-1
15510.4189	-1
15515.2295	-1
15520.0400	-1
15524.8506	-1
15529.6611	-1
15534.4717	-1
15539.2822	-1
15544.0928	-1
15548.9033	-1
15553.7158	-1
15558.5283	-1
15563.3408	-1
15568.1533	-1
15572.9658	-1
15577.7783	-1
15582.5908	-1
15587.4033	-1
15592.2158	-1
15597.0283	-1
15601.8408	-1
15606.6533	-1
15611.4658	-1
15616.2783	-1
15621.0908	-1
15625.9033	-1
15630.7158	-1
15635.5283	-1
15640.3408	-1
15645.1533	-1
15649.9658	-1
15654.7783	-1
15659.5908	-1
15664.4033	-1
15669.2158	1
15674.0283	1
15678.8418	1
15683.6553	1
15688.4688	1
15693.2822	1
15698.0957	1
15702.9092	1
15707.7227	1
15712.5361	1
15717.3496	1
15722.1631	-1
15726.9766	-1
15731.7900	-1
15736.6035	-1
15741.4170	-1
15746.2305	-1
15751.0439	-1
15755.8574	-1
15760.6709	-1
15765.4844	-1
15770.2979	-1
15775.1113	-1
15779.9258	-1
15784.7402	-1
15789.5547	-1
15794.3691	-1
15799.1836	-1
15803.9980	-1
15808.8125	1
15813.6279	1
15818.4434	1
15823.2588	1
15828.0742	1
15832.8896	1
15837.7051	1
15842.5205	1
15847.3359	1
15852.1523	1
15856.9688	1
15861.7852	1
15866.6016	1
15871.4180	1
15876.2354	-1
15881.0527	-1
15885.8701	-1
15890.6875	-1
15895.5049	-1
15900.3223	-1
15905.1396	-1
15909.9570	-1
15914.7744	-1
15919.5918	-1
15924.4092	-1
15929.2266	-1
15934.0449	-1
15938.8633	-1
15943.6816	-1
15948.5000	-1
15953.3184	-1
15958.1367	-1
15962.9551	1
15967.7754	1
15972.5957	-1
15977.4160	-1
15982.2363	-1
15987.0566	-1
15991.8770	-1
15996.6973	-1
16001.5186	-1
16006.3398	-1
16011.1611	-1
16015.9824	-1
16020.8037	-1
16025.6250	-1
16030.4463	-1
16035.2676	-1
16040.0889	-1
16044.9102	-1
16049.7314	-1
16054.5527	-1
16059.3760	-1
16064.1992	-1
16069.0225	-1
16073.8457	-1
16078.6689	-1
16083.4922	-1
16088.3154	-1
16093.1387	-1
16097.9619	-1
16102.7852	-1
16107.6084	-1
16112.4316	-1
16117.2549	-1
16122.0781	-1
16126.9014	-1
16131.7246	-1
16136.5479	-1
16141.3711	-1
16146.1943	-1
16151.0176	-1
16155.8408	-1
16160.6641	-1
16165.4873	-1
16170.3105	-1
16175.1338	-1
16179.9570	-1
16184.7803	-1
16189.6035	-1
16194.4268	-1
16199.2500	-1
16204.0732	-1
16208.8965	-1
16213.7197	-1
16218.5430	-1
16223.3662	-1
16228.1895	-1
16233.0137	-1
16237.8379	-1
16242.6621	-1
16247.4863	-1
16252.3105	-1
16257.1348	-1
16261.9590	-1
16266.7832	-1
16271.6074	-1
16276.4316	-1
16281.2559	-1
16286.0801	-1
16290.9062	-1
16295.7324	-1
16300.5586	-1
16305.3848	-1
16310.2109	-1
16315.0371	-1
16319.8633	-1
16324.6895	-1
16329.5156	-1
16334.3418	-1
16339.1680	-1
16343.9941	-1
16348.8203	-1
16353.6465	-1
16358.4727	-1
16363.2988	-1
16368.1250	-1
16372.9512	-1
16377.7783	-1
16382.6055	-1
16387.4316	-1
16392.2578	-1
16397.0840	-1
16401.9102	-1
16406.7383	-1
16411.5664	-1
16416.3945	-1
16421.2227	-1
16426.0508	-1
16430.8789	-1
16435.7070	-1
16440.5352	-1
16445.3633	-1
16450.1914	-1
16455.0195	-1
16459.8477	-1
16464.6758	-1
16469.5039	-1
16474.3320	-1
16479.1602	-1
16483.9883	-1
16488.8164	-1
16493.6445	-1
16498.4727	-1
16503.3008	-1
16508.1289	-1
16512.9570	-1
16517.7852	-1
16522.6152	-1
16527.4453	-1
16532.2754	-1
16537.1055	-1
16541.9355	-1
16546.7656	-1
16551.5957	-1
16556.4258	-1
16561.2559	-1
16566.0859	-1
16570.9160	-1
16575.7461	-1
16580.5781	-1
16585.4102	-1
16590.2422	-1
16595.0742	-1
16599.9062	-1
16604.7383	-1
16609.5703	-1
16614.4023	-1
16619.2344	-1
16624.0664	-1
16628.8984	-1
16633.7305	-1
16638.5625	-1
16643.3945	-1
16648.2266	-1
16653.0586	-1
16657.8906	-1
16662.7227	-1
16667.5547	-1
16672.3867	-1
16677.2188	-1
16682.0508	-1
16686.8828	-1
16691.7148	-1
16696.5469	-1
16701.3789	-1
16706.2109	-1
16711.0430	-1
16715.8750	-1
16720.7070	-1
16725.5391	-1
16730.3711	-1
16735.2031	-1
16740.0352	-1
16744.8672	-1
16749.6992	-1
16754.5312	-1
16759.3633	-1
16764.1953	-1
16769.0273	-1
16773.8594	-1
16778.6914	-1
16783.5234	-1
16788.3555	-1
16793.1875	-1
16798.0195	-1
16802.8516	-1
16807.6836	-1
16812.5156	-1
16817.3477	-1
16822.1797	-1
16827.0117	-1
16831.8438	-1
16836.6758	-1
16841.5078	-1
16846.3398	-1
16851.1719	-1
16856.0039	-1
16860.8359	-1
16865.6680	-1
16870.5000	-1
16875.3320	-1
16880.1641	-1
16884.9961	-1
16889.8281	-1
16894.6602	-1
16899.4941	-1
16904.3281	-1
16909.1621	-1
16913.9961	-1
16918.8301	-1
16923.6641	-1
16928.4980	-1
16933.3438	1
16938.1914	-1
16943.0391	1
16947.8867	1
16952.7363	-1
16957.5859	-1
16962.4355	-1
16967.2852	-1
16972.1348	-1
16976.9844	-1
16981.8340	-1
16986.6836	-1
16991.5332	-1
16996.3828	-1
17001.2324	-1
17006.0820	-1
17010.9316	1
17015.7812	1
17020.6309	1
17025.4805	1
17030.3320	-1
17035.1836	-1
17040.0352	-1
17044.8867	-1
17049.7383	-1
17054.5898	-1
17059.4414	-1
17064.2930	-1
17069.1445	-1
17073.9961	-1
17078.8477	-1
17083.6992	-1
17088.5508	-1
17093.4023	-1
17098.2539	-1
17103.1055	-1
17107.9570	-1
17112.8086	-1
17117.6602	-1
17122.5117	-1
17127.3633	-1
17132.2148	-1
17137.0664	-1
17141.9297	1
17146.7949	-1
17151.6602	1
17156.5254	1
17161.3926	-1
17166.2598	-1
17171.1270	-1
17175.9941	-1
17180.8613	-1
17185.7285	-1
17190.5957	-1
17195.4629	-1
17200.3301	-1
17205.1973	-1
17210.0645	-1
17214.9316	-1
17219.7988	1
17224.6660	1
17229.5332	1
17234.4004	1
17239.2695	-1
17244.1387	-1
17249.0078	-1
17253.8770	-1
17258.7461	-1
17263.6152	-1
17268.4844	-1
17273.3535	-1
17278.2227	-1
17283.0918	-1
17287.9609	-1
17292.8301	-1
17297.6992	-1
17302.5684	-1
17307.4375	-1
17312.3066	-1
17317.1758	-1
17322.0449	-1
17326.9141	-1
17331.7832	-1
17336.6523	-1
17341.5215	-1
17346.3906	-1
17351.2598	-1
17356.1289	1
17360.9980	1
17365.8672	1
17370.7363	1
17375.6055	1
17380.4746	1
17385.3438	1
17390.2129	1
17395.0840	-1
17399.9551	-1
17404.8262	-1
17409.6973	-1
17414.5684	-1
17419.4395	-1
17424.3105	-1
17429.1816	-1
17434.0527	-1
17438.9238	-1
17443.7949	-1
17448.6660	-1
17453.5391	-1
17458.4121	-1
17463.2852	-1
17468.1582	-1
17473.0312	-1
17477.9043	-1
17482.7773	-1
17487.6504	-1
17492.5234	-1
17497.3965	-1
17502.2695	-1
17507.1426	-1
17512.0156	-1
17516.8887	-1
17521.7617	-1
17526.6348	-1
17531.5078	-1
17536.3809	-1
17541.2539	-1
17546.1270	-1
17551.0000	-1
17555.8730	-1
17560.7461	-1
17565.6191	-1
17570.4922	-1
17575.3652	-1
17580.2383	-1
17585.1113	-1
17589.9844	-1
17594.8574	-1
17599.7305	-1
17604.6035	-1
17609.4766	-1
17614.3633	1
17619.2500	-1
17624.1387	1
17629.0273	1
17633.9180	-1
17638.8086	-1
17643.6992	-1
17648.5898	-1
17653.4805	-1
17658.3711	-1
17663.2617	-1
17668.1523	-1
17673.0430	-1
17677.9336	-1
17682.8242	-1
17687.7148	-1
17692.6055	1
17697.4961	1
17702.3867	1
17707.2773	1
17712.1699	-1
17717.0625	-1
17721.9551	-1
17726.8477	-1
17731.7402	-1
17736.6328	-1
17741.5254	-1
17746.4180	-1
17751.3105	-1
17756.2031	-1
17761.0957	-1
17765.9883	-1
17770.8809	-1
17775.7734	-1
17780.6660	-1
17785.5586	-1
17790.4512	-1
17795.3438	-1
17800.2363	-1
17805.1289	-1
17810.0215	-1
17814.9141	-1
17819.8066	-1
17824.6992	-1
17829.5918	1
17834.4844	1
17839.3770	1
17844.2695	1
17849.1621	1
17854.0547	1
17858.9473	1
17863.8398	1
17868.7344	-1
17873.6289	-1
17878.5234	-1
17883.4180	-1
17888.3125	-1
17893.2070	-1
17898.1016	-1
17902.9961	-1
17907.8906	-1
17912.7852	-1
17917.6797	-1
17922.5742	-1
17927.4688	1
17932.3633	1
17937.2578	1
17942.1543	-1
17947.0508	-1
17951.9473	-1
17956.8438	-1
17961.7402	-1
17966.6367	-1
17971.5332	-1
17976.4297	-1
17981.3262	-1
17986.2227	-1
17991.1191	-1
17996.0156	-1
18000.9121	-1
18005.8086	1
18010.7051	-1
18015.6016	-1
18020.4980	-1
18025.3945	-1
18030.2910	-1
18035.1875	1
18040.0840	1
18044.9805	-1
18049.8770	1
18054.7734	-1
18059.6699	-1
18064.5664	-1
18069.4629	-1
18074.3594	-1
18079.2559	1
18084.1523	1
18089.0488	1
18093.9473	1
18098.8457	1
18103.7441	-1
18108.6426	-1
18113.5410	-1
18118.4395	-1
18123.3379	-1
18128.2363	-1
18133.1348	-1
18138.0332	-1
18142.9316	-1
18147.8301	-1
18152.7285	-1
18157.6270	-1
18162.5254	-1
18167.4238	-1
18172.3223	-1
18177.2207	-1
18182.1191	-1
18187.0176	-1
18191.9180	1
18196.8184	1
18201.7188	1
18206.6191	1
18211.5195	1
18216.4199	1
18221.3203	-1
18226.2207	-1
18231.1211	-1
18236.0215	-1
18240.9219	-1
18245.8223	-1
18250.7227	-1
18255.6230	-1
18260.5234	-1
18265.4238	-1
18270.3242	-1
18275.2246	-1
18280.1250	-1
18285.0254	-1
18289.9258	-1
18294.8262	-1
18299.7266	-1
18304.6270	-1
18309.5293	-1
18314.4316	-1
18319.3340	-1
18324.2363	-1
18329.1387	-1
18334.0410	-1
18338.9453	1
18343.8496	1
18348.7539	1
18353.6582	1
18358.5625	1
18363.4668	1
18368.3711	1
18373.2754	1
18378.1797	-1
18383.0840	-1
18387.9883	-1
18392.8926	-1
18397.7969	-1
18402.7012	-1
18407.6055	-1
18412.5098	-1
18417.4141	-1
18422.3184	-1
18427.2227	-1
18432.1270	-1
18437.0312	-1
18441.9355	-1
18446.8398	-1
18451.7441	-1
18456.6484	-1
18461.5527	-1
18466.4570	-1
18471.3613	-1
18476.2656	-1
18481.1699	-1
18486.0742	-1
18490.9785	-1
18495.8828	-1
18500.7871	-1
18505.6914	-1
18510.5957	-1
18515.5000	-1
18520.4043	-1
18525.3086	-1
18530.2129	-1
18535.1172	-1
18540.0215	-1
18544.9258	-1
18549.8301	-1
18554.7363	-1
18559.6426	-1
18564.5488	-1
18569.4551	-1
18574.3613	-1
18579.2676	-1
18584.1738	-1
18589.0801	-1
18593.9863	-1
18598.8926	-1
18603.7988	-1
18608.7051	-1
18613.6113	-1
18618.5176	-1
18623.4238	-1
18628.3301	-1
18633.2363	-1
18638.1426	-1
18643.0508	1
18647.9590	1
18652.8672	1
18657.7754	1
18662.6836	1
18667.5918	1
18672.5000	1
18677.4082	1
18682.3164	1
18687.2246	1
18692.1328	1
18697.0410	1
18701.9492	1
18706.8574	1
18711.7656	1
18716.6738	1
18721.5820	1
18726.4902	1
18731.4004	-1
18736.3105	-1
18741.2207	-1
18746.1309	-1
18751.0410	-1
18755.9512	-1
18760.8613	-1
18765.7715	-1
18770.6816	-1
18775.5918	-1
18780.5020	-1
18785.4121	-1
18790.3223	-1
18795.2324	-1
18800.1426	-1
18805.0527	-1
18809.9629	-1
18814.8730	-1
18819.7852	-1
18824.6973	-1
18829.6094	-1
18834.5215	-1
18839.4336	-1
18844.3457	-1
18849.2578	-1
18854.1699	-1
18859.0820	-1
18863.9941	-1
18868.9062	-1
18873.8184	-1
18878.7305	-1
18883.6426	-1
18888.5547	-1
18893.4668	-1
18898.3789	-1
18903.2910	-1
18908.2031	-1
18913.1152	-1
18918.0273	-1
18922.9395	-1
18927.8516	-1
18932.7637	-1
18937.6758	-1
18942.5879	-1
18947.5000	-1
18952.4121	-1
18957.3242	-1
18962.2363	-1
18967.1484	-1
18972.0605	-1
18976.9727	-1
18981.8848	-1
18986.7969	-1
18991.7090	-1
18996.6230	-1
19001.5371	-1
19006.4512	-1
19011.3652	-1
19016.2793	-1
19021.1934	-1
19026.1074	1
19031.0215	1
19035.9355	1
19040.8496	1
19045.7637	1
19050.6777	1
19055.5918	1
19060.5059	1
19065.4199	1
19070.3340	1
19075.2500	1
19080.1660	1
19085.0820	1
19089.9980	1
19094.9141	1
19099.8301	1
19104.7461	1
19109.6621	1
19114.5781	1
19119.4941	-1
19124.4102	-1
19129.3262	-1
19134.2422	-1
19139.1582	-1
19144.0742	-1
19148.9902	-1
19153.9062	-1
19158.8223	-1
19163.7383	-1
19168.6543	-1
19173.5703	-1
19178.4863	-1
19183.4023	-1
19188.3184	-1
19193.2344	-1
19198.1504	-1
19203.0664	-1
19207.9824	-1
19212.8984	-1
19217.8145	-1
19222.7305	-1
19227.6465	-1
19232.5625	-1
19237.4805	-1
19242.3984	-1
19247.3164	-1
19252.2344	-1
19257.1523	-1
19262.0703	-1
19266.9883	-1
19271.9062	-1
19276.8242	-1
19281.7422	-1
19286.6602	-1
19291.5781	-1
19296.4980	-1
19301.4180	-1
19306.3379	-1
19311.2578	-1
19316.1777	-1
19321.0977	-1
19326.0176	-1
19330.9375	-1
19335.8574	-1
19340.7773	-1
19345.6973	-1
19350.6172	-1
19355.5371	-1
19360.4570	-1
19365.3770	-1
19370.2969	-1
19375.2168	-1
19380.1367	-1
19385.0566	-1
19389.9766	-1
19394.8965	-1
19399.8164	-1
19404.7363	-1
19409.6562	-1
19414.5762	-1
19419.4961	-1
19424.4160	-1
19429.3359	-1
19434.2559	-1
19439.1758	-1
19444.0957	-1
19449.0156	-1
19453.9355	-1
19458.8555	-1
19463.7754	-1
19468.6953	-1
19473.6152	-1
19478.5352	-1
19483.4551	-1
19488.3750	-1
19493.2949	-1
19498.2148	-1
19503.1348	-1
19508.0547	-1
19512.9746	-1
19517.8945	-1
19522.8145	-1
19527.7344	-1
19532.6543	-1
19537.5742	-1
19542.4941	-1
19547.4141	-1
19552.3340	-1
19557.2539	-1
19562.1758	-1
19567.0977	-1
19572.0195	-1
19576.9414	-1
19581.8633	-1
19586.7852	-1
19591.7109	-1
19596.6367	-1
19601.5625	-1
19606.4883	-1
19611.4141	-1
19616.3398	-1
19621.2656	-1
19626.1914	-1
19631.1172	-1
19636.0430	-1
19640.9688	-1
19645.8945	-1
19650.8203	-1
19655.7461	-1
19660.6719	-1
19665.5977	-1
19670.5234	-1
19675.4492	-1
19680.3750	-1
19685.3008	-1
19690.2266	-1
19695.1523	-1
19700.0781	-1
19705.0039	-1
19709.9297	-1
19714.8555	-1
19719.7812	-1
19724.7070	-1
19729.6328	-1
19734.5586	-1
19739.4844	-1
19744.4102	-1
19749.3359	-1
19754.2617	-1
19759.1875	-1
19764.1133	-1
19769.0391	-1
19773.9648	-1
19778.8906	-1
19783.8164	-1
19788.7422	-1
19793.6680	-1
19798.5977	-1
19803.5273	-1
19808.4570	-1
19813.3867	-1
19818.3164	-1
19823.2461	-1
19828.1758	-1
19833.1055	-1
19838.0352	-1
19842.9648	-1
19847.8945	-1
19852.8242	-1
19857.7539	-1
19862.6836	-1
19867.6133	-1
19872.5430	-1
19877.4727	-1
19882.4023	-1
19887.3320	-1
19892.2617	-1
19897.1914	-1
19902.1211	-1
19907.0508	-1
19911.9805	-1
19916.9102	-1
19921.8398	-1
19926.7695	-1
19931.6992	-1
19936.6289	-1
19941.5586	-1
19946.4883	-1
19951.4180	-1
19956.3477	-1
19961.2773	-1
19966.2070	-1
19971.1367	-1
19976.0664	-1
19980.9961	-1
19985.9258	-1
19990.8555	-1
19995.7852	-1
20000.7148	-1
20005.6445	-1
20010.5742	-1
20015.5039	-1
20020.4336	-1
20025.3633	-1
20030.2930	-1
20035.2246	-1
20040.1562	-1
20045.0879	-1
20050.0195	-1
20054.9512	-1
20059.8828	-1
20064.8145	-1
20069.7461	-1
20074.6777	-1
20079.6094	-1
20084.5410	-1
20089.4727	-1
20094.4043	-1
20099.3359	-1
20104.2676	-1
20109.1992	-1
20114.1309	-1
20119.0625	-1
20123.9941	-1
20128.9258	-1
20133.8574	-1
20138.7891	-1
20143.7207	-1
20148.6523	-1
20153.5840	-1
20158.5156	-1
20163.4473	-1
20168.3789	-1
20173.3105	-1
20178.2422	-1
20183.1738	-1
20188.1055	-1
20193.0371	-1
20197.9688	-1
20202.9004	-1
20207.8320	-1
20212.7637	-1
20217.6953	-1
20222.6270	-1
20227.5586	-1
20232.4902	-1
20237.4219	-1
20242.3535	-1
20247.2852	-1
20252.2168	-1
20257.1484	-1
20262.0801	-1
20267.0117	-1
20271.9570	1
20276.9043	-1
20281.8516	1
20286.7988	1
20291.7461	-1
20296.6934	-1
20301.6406	-1
20306.5879	-1
20311.5352	-1
20316.4824	-1
20321.4297	-1
20326.3770	-1
20331.3242	-1
20336.2715	-1
20341.2324	1
20346.1953	-1
20351.1582	1
20356.1211	1
20361.0840	-1
20366.0469	-1
20371.0098	-1
20375.9727	-1
20380.9355	-1
20385.8984	-1
20390.8633	-1
20395.8281	-1
20400.7930	-1
20405.7578	-1
20410.7344	1
20415.7129	-1
20420.6914	1
20425.6699	1
20430.6504	-1
20435.6309	-1
20440.6113	-1
20445.5918	-1
20450.5723	-1
20455.5527	-1
20460.5332	-1
20465.5137	-1
20470.4941	-1
20475.4746	-1
20480.4551	-1
20485.4355	-1
20490.4160	1
20495.3965	1
20500.3770	1
20505.3574	1
20510.3398	-1
20515.3223	-1
20520.3047	-1
20525.2871	-1
20530.2695	-1
20535.2520	-1
20540.2344	-1
20545.2168	-1
20550.1992	-1
20555.1816	-1
20560.1641	-1
20565.1465	-1
20570.1289	-1
20575.1113	-1
20580.0938	-1
20585.0762	-1
20590.0586	-1
20595.0410	-1
20600.0254	-1
20605.0098	-1
20609.9941	-1
20614.9785	-1
20619.9629	-1
20624.9473	-1
20629.9316	1
20634.9160	1
20639.9004	1
20644.8848	1
20649.8691	1
20654.8535	1
20659.8379	1
20664.8223	1
20669.8086	-1
20674.7949	-1
20679.7812	-1
20684.7676	-1
20689.7539	-1
20694.7402	-1
20699.7266	-1
20704.7129	-1
20709.6992	-1
20714.6855	-1
20719.6719	-1
20724.6582	-1
20729.6445	1
20734.6309	1
20739.6172	-1
20744.6035	-1
20749.5898	-1
20754.5762	-1
20759.5625	-1
20764.5488	-1
20769.5371	1
20774.5254	1
20779.5137	1
20784.5020	1
20789.4902	-1
20794.4785	-1
20799.4668	-1
20804.4551	-1
20809.4434	-1
20814.4316	-1
20819.4199	-1
20824.4082	-1
20829.3965	-1
20834.3848	-1
20839.3730	-1
20844.3613	-1
20849.3496	-1
20854.3379	-1
20859.3262	-1
20864.3145	-1
20869.3027	-1
20874.2910	-1
20879.2812	-1
20884.2715	-1
20889.2617	-1
20894.2520	-1
20899.2422	-1
20904.2324	-1
20909.2227	-1
20914.2129	-1
20919.2031	-1
20924.1934	-1
20929.1836	-1
20934.1738	-1
20939.1641	-1
20944.1543	-1
20949.1445	-1
20954.1348	-1
20959.1250	-1
20964.1152	-1
20969.1055	-1
20974.0957	-1
20979.0859	-1
20984.0762	-1
20989.0664	-1
20994.0566	-1
20999.0488	-1
21004.0410	-1
21009.0332	-1
21014.0254	-1
21019.0176	-1
21024.0098	-1
21029.0020	-1
21033.9941	-1
21038.9863	-1
21043.9785	-1
21048.9707	-1
21053.9629	-1
21058.9551	-1
21063.9473	-1
21068.9395	-1
21073.9316	-1
21078.9238	-1
21083.9160	-1
21088.9082	-1
21093.9004	-1
21098.9043	1
21103.9102	-1
21108.9160	1
21113.9219	1
21118.9297	-1
21123.9375	-1
21128.9453	-1
21133.9668	1
21138.9902	-1
21144.0137	1
21149.0371	1
21154.0605	-1
21159.0840	-1
21164.1074	-1
21169.1309	-1
21174.1543	-1
21179.1777	-1
21184.2031	-1
21189.2285	-1
21194.2539	-1
21199.2793	-1
21204.3047	-1
21209.3301	-1
21214.3555	1
21219.3809	1
21224.4062	1
21229.4316	1
21234.4570	-1
21239.4824	-1
21244.5078	-1
21249.5332	-1
21254.5586	-1
21259.5840	-1
21264.6113	-1
21269.6387	-1
21274.6660	-1
21279.6934	-1
21284.7207	-1
21289.7480	-1
21294.7754	-1
21299.8027	-1
21304.8301	-1
21309.8574	-1
21314.8848	-1
21319.9121	-1
21324.9395	-1
21329.9668	-1
21334.9941	-1
21340.0215	-1
21345.0488	-1
21350.0879	1
21355.1289	-1
21360.1699	1
21365.2109	1
21370.2539	-1
21375.2969	-1
21380.3398	-1
21385.3828	-1
21390.4375	1
21395.4941	-1
21400.5508	1
21405.6074	1
21410.6660	-1
21415.7246	-1
21420.7832	-1
21425.8418	-1
21430.9004	-1
21435.9590	-1
21441.0176	-1
21446.0762	-1
21451.1348	-1
21456.1934	-1
21461.2520	-1
21466.3105	-1
21471.3691	1
21476.4277	1
21481.4863	1
21486.5449	1
21491.6055	-1
21496.6660	-1
21501.7266	-1
21506.7871	-1
21511.8477	-1
21516.9082	-1
21521.9688	-1
21527.0293	-1
21532.0898	-1
21537.1504	-1
21542.2109	-1
21547.2715	-1
21552.3320	-1
21557.3926	-1
21562.4531	-1
21567.5137	-1
21572.5742	-1
21577.6348	-1
21582.6953	-1
21587.7559	-1
21592.8164	-1
21597.8770	-1
21602.9375	-1
21607.9980	-1
21613.0586	1
21618.1211	1
21623.1836	1
21628.2461	-1
21633.3086	-1
21638.3711	-1
21643.4336	-1
21648.4961	-1
21653.5586	-1
21658.6211	-1
21663.6836	-1
21668.7461	-1
21673.8086	-1
21678.8711	-1
21683.9336	-1
21688.9961	-1
21694.0723	1
21699.1504	-1
21704.2285	1
21709.3066	1
21714.3867	-1
21719.4668	-1
21724.5469	-1
21729.6270	-1
21734.7070	-1
21739.7871	-1
21744.8672	-1
21749.9473	-1
21755.0273	-1
21760.1074	-1
21765.1875	-1
21770.2676	-1
21775.3477	1
21780.4277	1
21785.5078	1
21790.5879	1
21795.6699	-1
21800.7520	-1
21805.8340	-1
21810.9160	-1
21815.9980	-1
21821.0801	-1
21826.1621	-1
21831.2441	-1
21836.3262	-1
21841.4082	-1
21846.4902	-1
21851.5723	-1
21856.6543	-1
21861.7363	-1
21866.8184	-1
21871.9004	-1
21876.9824	-1
21882.0645	-1
21887.1465	-1
21892.2402	1
21897.3359	-1
21902.4316	1
21907.5273	1
21912.6250	-1
21917.7227	-1
21927.7637	-1
21937.8047	1
