0.0000	0
0.1124	-1
0.6236	-2
0.6647	2
0.7421	-2
0.7605	-2
0.7758	-2
0.7808	-2
0.8827	-2
0.9304	-2
1.0245	-2
1.1050	-2
1.1355	-2
1.1813	-2
1.1830	-2
1.2122	-2
1.4681	-2
1.5963	-2
1.6243	-2
1.6838	-2
1.9132	-2
1.9361	-2
1.9744	-2
2.0102	-2
2.1880	-2
2.2604	-2
2.2629	-2
2.3917	-2
2.4375	-2
2.6327	2
2.6458	-2
2.6955	2
2.8000	-2
2.8152	2
3.0967	-2
3.1899	-2
3.3580	2
3.9558	2
4.5608	2
5.7656	2
6.4903	2
7.2673	1
7.7450	2
8.2039	2
9.5893	2
10.6432	2
11.0071	2
11.3488	2
11.4961	2
11.8497	2
12.4949	2
12.5780	2
12.9636	2
13.4734	2
13.7284	2
14.4238	-1
14.9564	2
15.8726	2
17.2512	2
18.1680	2
21.0426	2
21.5806	1
28.7374	1
35.8956	-1
43.0537	-1
50.2118	-1
57.3699	-1
64.5281	-1
71.6862	-1
78.8444	-1
86.0027	-1
93.1610	-1
100.3192	-1
107.4775	-1
114.6358	-1
121.7944	1
128.9532	1
136.1120	1
143.2708	1
150.4310	-1
157.5912	-1
164.7514	-1
171.9117	-1
179.0719	-1
186.2321	-1
193.3927	1
200.5534	1
207.7142	-1
214.8750	-1
222.0358	-1
229.1967	-1
236.3575	-1
243.5183	-1
250.6792	-1
257.8402	-1
265.0012	-1
272.1622	-1
279.3232	-1
286.4841	-1
293.6453	-1
300.8064	-1
307.9675	-1
315.1287	-1
322.2898	-1
329.4509	-1
336.6122	1
343.7736	1
350.9351	1
358.0966	1
365.2582	1
372.4198	1
379.5828	-1
386.7458	-1
393.9088	-1
401.0717	-1
408.2347	-1
415.3977	-1
422.5608	-1
429.7239	-1
436.8871	-1
444.0502	-1
451.2133	-1
458.3764	-1
465.5400	1
472.7038	1
479.8676	1
487.0314	1
494.1960	-1
501.3605	-1
508.5250	-1
515.6895	-1
522.8541	-1
530.0186	-1
537.1835	1
544.3485	1
551.5140	-1
558.6794	-1
565.8449	-1
573.0104	-1
580.1758	-1
587.3413	-1
594.5076	1
601.6741	-1
608.8405	-1
616.0070	-1
623.1734	-1
630.3398	-1
637.5063	-1
644.6729	-1
651.8395	-1
659.0061	-1
666.1727	-1
673.3394	-1
680.5060	-1
687.6727	-1
694.8394	-1
702.0062	-1
709.1729	-1
716.3397	-1
723.5064	-1
730.6732	-1
737.8400	-1
745.0068	-1
752.1736	-1
759.3405	-1
766.5073	-1
773.6752	-1
780.8431	-1
788.0110	-1
795.1790	-1
802.3469	-1
809.5149	-1
816.6829	-1
823.8510	-1
831.0190	-1
838.1870	-1
845.3550	-1
852.5231	-1
859.6912	-1
866.8594	-1
874.0275	-1
881.1957	-1
888.3638	-1
895.5320	-1
902.7012	-1
909.8704	-1
917.0396	-1
924.2087	-1
931.3779	-1
938.5471	-1
945.7164	-1
952.8857	-1
960.0551	-1
967.2244	-1
974.3937	-1
981.5630	-1
988.7324	-1
995.9019	-1
1003.0713	-1
1010.2407	-1
1017.4102	-1
1024.5796	-1
1031.7491	-1
1038.9187	-1
1046.0883	-1
1053.2578	-1
1060.4274	-1
1067.6082	1
1074.7900	-1
1081.9723	1
1089.1545	1
1096.3374	-1
1103.5203	-1
1110.7031	-1
1117.8860	-1
1125.0688	-1
1132.2517	-1
1139.4347	-1
1146.6177	-1
1153.8007	-1
1160.9836	-1
1168.1666	-1
1175.3496	-1
1182.5328	1
1189.7162	1
1196.8995	1
1204.0829	1
1211.2668	-1
1218.4508	-1
1225.6348	-1
1232.8187	-1
1240.0027	-1
1247.1866	-1
1254.3711	-1
1261.5555	-1
1268.7400	-1
1275.9244	-1
1283.1089	-1
1290.2933	-1
1297.4778	1
1304.6624	1
1311.8469	-1
1319.0315	-1
1326.2161	-1
1333.4006	-1
1340.5852	-1
1347.7698	-1
1354.9543	-1
1362.1389	-1
1369.3236	-1
1376.5083	-1
1383.6930	-1
1390.8777	-1
1398.0626	1
1405.2476	1
1412.4329	1
1419.6182	1
1426.8035	1
1433.9888	1
1441.1744	-1
1448.3601	-1
1455.5458	-1
1462.7314	-1
1469.9171	-1
1477.1028	-1
1484.2886	-1
1491.4744	-1
1498.6602	-1
1505.8459	-1
1513.0317	-1
1520.2175	-1
1527.4037	1
1534.5906	-1
1541.7775	-1
1548.9644	-1
1556.1512	-1
1563.3381	-1
1570.5250	-1
1577.7123	-1
1584.8995	-1
1592.0868	-1
1599.2740	-1
1606.4613	-1
1613.6486	-1
1620.8361	-1
1628.0236	-1
1635.2111	-1
1642.3986	-1
1649.5861	-1
1656.7736	-1
1663.9612	-1
1671.1488	-1
1678.3364	-1
1685.5240	-1
1692.7117	-1
1699.8993	-1
1707.0870	-1
1714.2748	-1
1721.4625	-1
1728.6503	-1
1735.8380	-1
1743.0258	-1
1750.2136	-1
1757.4015	-1
1764.5894	-1
1771.7772	-1
1778.9651	-1
1786.1530	-1
1793.3409	-1
1800.5289	-1
1807.7169	-1
1814.9150	1
1822.1145	-1
1829.3142	1
1836.5139	1
1843.7148	-1
1850.9158	-1
1858.1167	-1
1865.3176	-1
1872.5186	-1
1879.7195	-1
1886.9205	-1
1894.1216	-1
1901.3226	-1
1908.5237	-1
1915.7247	-1
1922.9258	-1
1930.1271	1
1937.3285	1
1944.5299	1
1951.7313	1
1958.9343	-1
1966.1373	-1
1973.3403	-1
1980.5433	-1
1987.7463	-1
1994.9493	-1
2002.1525	-1
2009.3556	-1
2016.5587	-1
2023.7618	-1
2030.9650	-1
2038.1681	-1
2045.3713	-1
2052.5745	-1
2059.7776	-1
2066.9807	-1
2074.1838	-1
2081.3870	-1
2088.5903	-1
2095.7937	-1
2102.9971	-1
2110.2004	-1
2117.4038	-1
2124.6072	-1
2131.8108	1
2139.0144	1
2146.2192	-1
2153.4241	-1
2160.6289	-1
2167.8337	-1
2175.0386	-1
2182.2434	-1
2189.4482	-1
2196.6531	-1
2203.8579	-1
2211.0725	1
2218.2883	-1
2225.5046	1
2232.7209	1
2239.9380	-1
2247.1553	-1
2254.3826	1
2261.6108	-1
2268.8396	1
2276.0684	1
2283.2983	-1
2290.5283	-1
2297.7583	-1
2304.9883	-1
2312.2183	-1
2319.4482	-1
2326.6782	-1
2333.9082	-1
2341.1382	-1
2348.3682	-1
2355.5981	-1
2362.8281	-1
2370.0583	1
2377.2886	1
2384.5190	1
2391.7495	1
2398.9812	-1
2406.2129	-1
2413.4446	-1
2420.6763	-1
2427.9080	-1
2435.1396	-1
2442.3716	1
2449.6035	1
2456.8357	-1
2464.0679	-1
2471.3000	-1
2478.5322	-1
2485.7644	-1
2492.9966	-1
2500.2290	-1
2507.4614	-1
2514.6938	-1
2521.9263	-1
2529.1587	-1
2536.3911	-1
2543.6235	-1
2550.8560	-1
2558.0884	-1
2565.3208	-1
2572.5532	-1
2579.7856	-1
2587.0186	1
2594.2515	1
2601.4849	1
2608.7183	1
2615.9517	1
2623.1851	1
2630.4202	-1
2637.6553	-1
2644.8904	-1
2652.1255	-1
2659.3606	-1
2666.5957	-1
2673.8311	-1
2681.0664	-1
2688.3018	-1
2695.5371	-1
2702.7725	-1
2710.0078	-1
2717.2434	-1
2724.4790	-1
2731.7146	-1
2738.9502	-1
2746.1858	-1
2753.4214	-1
2760.6575	-1
2767.8936	-1
2775.1296	-1
2782.3657	-1
2789.6018	-1
2796.8379	-1
2804.0742	1
2811.3110	1
2818.5481	1
2825.7852	1
2833.0222	1
2840.2593	1
2847.4966	-1
2854.7339	-1
2861.9712	-1
2869.2085	-1
2876.4458	-1
2883.6831	-1
2890.9214	-1
2898.1597	-1
2905.3979	-1
2912.6362	-1
2919.8745	-1
2927.1128	-1
2934.3511	-1
2941.5894	-1
2948.8276	-1
2956.0659	-1
2963.3042	-1
2970.5425	-1
2977.7810	-1
2985.0195	-1
2992.2581	-1
2999.4966	-1
3006.7351	-1
3013.9736	-1
3021.2126	-1
3028.4517	-1
3035.6907	-1
3042.9297	-1
3050.1687	-1
3057.4077	-1
3064.6475	-1
3071.8872	-1
3079.1270	-1
3086.3667	-1
3093.6064	-1
3100.8462	-1
3108.0872	-1
3115.3281	-1
3122.5691	-1
3129.8101	-1
3137.0510	-1
3144.2920	-1
3151.5330	-1
3158.7739	-1
3166.0149	-1
3173.2559	-1
3180.4971	-1
3187.7383	-1
3194.9795	-1
3202.2207	-1
3209.4619	-1
3216.7031	-1
3223.9443	-1
3231.1855	-1
3238.4268	-1
3245.6680	-1
3252.9192	1
3260.1716	-1
3267.4246	1
3274.6775	1
3281.9314	-1
3289.1853	-1
3296.4392	-1
3303.6936	-1
3310.9590	1
3318.2253	-1
3325.4922	1
3332.7590	1
3340.0264	-1
3347.2937	-1
3354.5610	-1
3361.8284	-1
3369.0964	-1
3376.3735	1
3383.6519	-1
3390.9304	1
3398.2090	1
3405.4883	-1
3412.7676	-1
3420.0469	-1
3427.3262	-1
3434.6055	-1
3441.8848	-1
3449.1641	-1
3456.4434	-1
3463.7227	-1
3471.0020	-1
3478.2812	-1
3485.5605	-1
3492.8401	1
3500.1199	1
3507.3997	1
3514.6794	1
3521.9600	-1
3529.2405	-1
3536.5210	-1
3543.8015	-1
3551.0820	-1
3558.3625	-1
3565.6431	-1
3572.9236	-1
3580.2041	-1
3587.4846	-1
3594.7651	-1
3602.0457	-1
3609.3264	-1
3616.6072	-1
3623.8879	-1
3631.1687	-1
3638.4495	-1
3645.7302	-1
3653.0112	-1
3660.2922	-1
3667.5732	-1
3674.8542	-1
3682.1353	-1
3689.4163	-1
3696.6975	1
3703.9788	1
3711.2600	1
3718.5413	1
3725.8225	1
3733.1040	1
3740.3855	1
3747.6670	1
3754.9490	-1
3762.2310	-1
3769.5129	-1
3776.7949	-1
3784.0769	-1
3791.3589	-1
3798.6418	-1
3805.9248	-1
3813.2078	-1
3820.4907	-1
3827.7737	-1
3835.0566	-1
3842.3396	-1
3849.6226	-1
3856.9055	-1
3864.1885	-1
3871.4714	-1
3878.7544	-1
3886.0376	-1
3893.3208	-1
3900.6040	-1
3907.8872	-1
3915.1704	-1
3922.4536	-1
3929.7368	-1
3937.0200	-1
3944.3032	-1
3951.5864	-1
3958.8696	-1
3966.1528	-1
3973.4363	-1
3980.7197	-1
3988.0032	-1
3995.2866	-1
4002.5701	-1
4009.8535	-1
4017.1370	-1
4024.4204	-1
4031.7039	-1
4038.9873	-1
4046.2708	-1
4053.5542	-1
4060.8376	-1
4068.1211	-1
4075.4048	-1
4082.6885	-1
4089.9722	-1
4097.2559	-1
4104.5396	1
4111.8237	1
4119.1079	1
4126.3921	1
4133.6768	-1
4140.9614	-1
4148.2461	-1
4155.5308	-1
4162.8154	-1
4170.1001	-1
4177.3853	-1
4184.6704	-1
4191.9556	-1
4199.2407	-1
4206.5259	-1
4213.8110	-1
4221.0962	-1
4228.3813	-1
4235.6665	-1
4242.9517	-1
4250.2368	-1
4257.5220	-1
4264.8071	-1
4272.0923	-1
4279.3774	-1
4286.6724	1
4293.9688	-1
4301.2651	1
4308.5620	1
4315.8599	-1
4323.1577	-1
4330.4556	-1
4337.7534	-1
4345.0513	-1
4352.3491	-1
4359.6470	-1
4366.9448	-1
4374.2427	-1
4381.5405	-1
4388.8384	-1
4396.1362	-1
4403.4346	1
4410.7329	1
4418.0312	1
4425.3296	1
4432.6294	-1
4439.9292	-1
4447.2290	-1
4454.5288	-1
4461.8286	-1
4469.1284	-1
4476.4282	-1
4483.7280	-1
4491.0278	-1
4498.3276	-1
4505.6274	-1
4512.9272	-1
4520.2275	-1
4527.5278	-1
4534.8281	-1
4542.1284	-1
4549.4287	-1
4556.7290	-1
4564.0293	-1
4571.3296	-1
4578.6299	-1
4585.9302	-1
4593.2305	-1
4600.5308	-1
4607.8315	1
4615.1323	1
4622.4331	1
4629.7339	1
4637.0347	1
4644.3354	1
4651.6382	-1
4658.9409	-1
4666.2437	-1
4673.5464	-1
4680.8491	-1
4688.1519	-1
4695.4551	-1
4702.7583	-1
4710.0615	-1
4717.3647	-1
4724.6680	-1
4731.9712	-1
4739.2744	-1
4746.5776	-1
4753.8809	-1
4761.1841	-1
4768.4873	-1
4775.7905	-1
4783.0938	-1
4790.3970	-1
4797.7002	-1
4805.0034	-1
4812.3066	-1
4819.6099	-1
4826.9136	-1
4834.2173	-1
4841.5210	-1
4848.8247	-1
4856.1284	-1
4863.4321	-1
4870.7358	-1
4878.0396	-1
4885.3433	-1
4892.6562	1
4899.9707	-1
4907.2852	1
4914.6001	1
4921.9155	-1
4929.2310	-1
4936.5464	-1
4943.8618	-1
4951.1772	-1
4958.4927	-1
4965.8081	-1
4973.1235	-1
4980.4390	-1
4987.7544	-1
4995.0698	-1
5002.3853	-1
5009.7012	1
5017.0171	1
5024.3330	1
5031.6489	1
5038.9653	-1
5046.2817	-1
5053.5981	-1
5060.9146	-1
5068.2310	-1
5075.5474	-1
5082.8643	1
5090.1812	-1
5097.4980	-1
5104.8149	-1
5112.1318	-1
5119.4487	-1
5126.7656	-1
5134.0825	1
5141.3994	-1
5148.7163	-1
5156.0332	-1
5163.3501	-1
5170.6670	-1
5177.9839	-1
5185.3013	-1
5192.6187	-1
5199.9360	-1
5207.2534	-1
5214.5708	-1
5221.8882	-1
5229.2056	1
5236.5229	1
5243.8408	1
5251.1587	1
5258.4766	1
5265.7944	1
5273.1123	-1
5280.4302	-1
5287.7480	-1
5295.0659	-1
5302.3838	-1
5309.7017	-1
5317.0205	-1
5324.3394	-1
5331.6582	-1
5338.9771	-1
5346.2959	-1
5353.6147	-1
5360.9341	-1
5368.2534	-1
5375.5728	-1
5382.8921	-1
5390.2114	-1
5397.5308	-1
5404.8501	-1
5412.1694	-1
5419.4888	-1
5426.8081	-1
5434.1274	-1
5441.4468	-1
5448.7661	-1
5456.0854	-1
5463.4048	-1
5470.7241	-1
5478.0435	-1
5485.3628	-1
5492.6826	-1
5500.0024	-1
5507.3223	-1
5514.6421	-1
5521.9619	-1
5529.2817	-1
5536.6016	-1
5543.9214	-1
5551.2412	-1
5558.5610	-1
5565.8809	-1
5573.2007	-1
5580.5205	-1
5587.8496	1
5595.1802	-1
5602.5107	1
5609.8418	1
5617.1738	-1
5624.5059	-1
5631.8379	-1
5639.1699	-1
5646.5020	-1
5653.8340	-1
5661.1660	-1
5668.5073	1
5675.8501	-1
5683.1929	1
5690.5361	1
5697.8799	-1
5705.2241	-1
5712.5684	-1
5719.9219	1
5727.2764	-1
5734.6313	1
5741.9863	1
5749.3423	-1
5756.6982	-1
5764.0542	-1
5771.4102	-1
5778.7754	1
5786.1421	-1
5793.5088	1
5800.8755	1
5808.2432	-1
5815.6108	-1
5822.9785	-1
5830.3560	1
5837.7349	-1
5845.1138	1
5852.4927	1
5859.8726	-1
5867.2524	-1
5874.6421	1
5882.0332	-1
5889.4243	1
5896.8154	1
5904.2070	-1
5911.5991	-1
5919.0005	1
5926.4033	-1
5933.8066	1
5941.2100	1
5948.6138	-1
5956.0176	-1
5963.4214	-1
5970.8257	-1
5978.2393	1
5985.6538	-1
5993.0688	1
6000.4839	1
6007.8999	-1
6015.3159	-1
6022.7319	-1
6030.1479	-1
6037.5732	1
6045.0000	-1
6052.4268	1
6059.8535	1
6067.2812	-1
6074.7090	-1
6082.1367	-1
6089.5742	1
6097.0127	-1
6104.4517	1
6111.8906	1
6119.3306	-1
6126.7705	-1
6134.2104	-1
6141.6504	-1
6149.0903	-1
6156.5303	-1
6163.9707	-1
6171.4111	-1
6178.8516	-1
6186.2920	-1
6193.7324	-1
6201.1729	-1
6208.6133	1
6216.0542	1
6223.4961	-1
6230.9380	-1
6238.3799	-1
6245.8218	-1
6253.2637	-1
6260.7056	-1
6268.1475	-1
6275.5991	1
6283.0518	-1
6290.5049	1
6297.9580	1
6305.4116	-1
6312.8657	-1
6320.3291	1
6327.7935	-1
6335.2583	1
6342.7231	1
6350.1885	-1
6357.6538	-1
6365.1196	-1
6372.5942	1
6380.0703	-1
6387.5469	1
6395.0234	1
6402.5005	-1
6409.9775	-1
6417.4546	-1
6424.9316	-1
6432.4087	-1
6439.8857	-1
6447.3628	-1
6454.8398	-1
6462.3169	-1
6469.8037	1
6477.2915	-1
6484.7798	1
6492.2681	1
6499.7573	-1
6507.2466	-1
6514.7358	-1
6522.2251	-1
6529.7144	-1
6537.2036	-1
6544.6929	-1
6552.1821	-1
6559.6714	-1
6567.1606	-1
6574.6499	-1
6582.1392	-1
6589.6289	1
6597.1187	1
6604.6084	1
6612.0981	1
6619.5898	-1
6627.0815	-1
6634.5732	-1
6642.0649	-1
6649.5566	-1
6657.0483	-1
6664.5400	-1
6672.0317	-1
6679.5234	-1
6687.0151	-1
6694.5068	-1
6701.9985	-1
6709.4902	-1
6716.9819	-1
6724.4736	-1
6731.9653	-1
6739.4570	-1
6746.9487	-1
6754.4404	-1
6761.9321	-1
6769.4238	-1
6776.9155	-1
6784.4072	-1
6791.8989	-1
6799.3911	1
6806.8833	1
6814.3755	1
6821.8677	1
6829.3599	1
6836.8540	-1
6844.3481	-1
6851.8423	-1
6859.3364	-1
6866.8306	-1
6874.3247	-1
6881.8188	-1
6889.3130	-1
6896.8071	-1
6904.3013	-1
6911.7954	-1
6919.2896	-1
6926.7842	-1
6934.2788	-1
6941.7734	-1
6949.2681	-1
6956.7627	-1
6964.2573	-1
6971.7524	-1
6979.2476	-1
6986.7427	-1
6994.2378	-1
7001.7329	-1
7009.2280	-1
7016.7231	-1
7024.2183	-1
7031.7134	-1
7039.2085	-1
7046.7036	-1
7054.1987	-1
7061.7036	1
7069.2095	-1
7076.7153	1
7084.2217	1
7091.7290	-1
7099.2363	-1
7106.7437	-1
7114.2510	-1
7121.7583	-1
7129.2656	-1
7136.7729	-1
7144.2803	-1
7151.7876	-1
7159.2949	-1
7166.8022	-1
7174.3096	-1
7181.8174	1
7189.3252	1
7196.8330	1
7204.3408	1
7211.8501	-1
7219.3594	-1
7226.8687	-1
7234.3779	-1
7241.8872	-1
7249.3965	-1
7256.9062	1
7264.4160	1
7271.9258	-1
7279.4355	-1
7286.9453	-1
7294.4551	-1
7301.9648	-1
7309.4746	-1
7316.9844	-1
7324.4941	-1
7332.0039	-1
7339.5137	-1
7347.0234	-1
7354.5332	-1
7362.0430	-1
7369.5527	-1
7377.0625	-1
7384.5723	-1
7392.0820	-1
7399.5918	-1
7407.1030	-1
7414.6143	-1
7422.1255	-1
7429.6367	-1
7437.1479	-1
7444.6592	-1
7452.1704	-1
7459.6816	-1
7467.2026	1
7474.7251	-1
7482.2476	1
7489.7700	1
7497.2939	-1
7504.8179	-1
7512.3418	-1
7519.8657	-1
7527.3896	-1
7534.9136	-1
7542.4375	-1
7549.9614	-1
7557.4854	-1
7565.0093	-1
7572.5332	-1
7580.0571	-1
7587.5815	1
7595.1060	1
7602.6304	1
7610.1548	1
7617.6807	-1
7625.2065	-1
7632.7324	-1
7640.2583	-1
7647.7842	-1
7655.3101	-1
7662.8359	1
7670.3623	1
7677.8887	-1
7685.4150	-1
7692.9414	-1
7700.4678	-1
7707.9941	-1
7715.5205	-1
7723.0469	-1
7730.5732	-1
7738.0996	-1
7745.6260	-1
7753.1523	-1
7760.6787	-1
7768.2051	-1
7775.7314	-1
7783.2578	-1
7790.7842	-1
7798.3105	-1
7805.8369	-1
7813.3633	1
7820.8896	1
7828.4165	1
7835.9434	1
7843.4702	1
7850.9971	1
7858.5269	-1
7866.0566	-1
7873.5864	-1
7881.1162	-1
7888.6460	-1
7896.1758	-1
7903.7056	-1
7911.2354	-1
7918.7651	-1
7926.2949	-1
7933.8247	-1
7941.3545	-1
7948.8843	-1
7956.4146	-1
7963.9448	-1
7971.4751	-1
7979.0054	-1
7986.5356	-1
7994.0659	-1
8001.5962	-1
8009.1265	-1
8016.6567	-1
8024.1870	-1
8031.7173	-1
8039.2476	-1
8046.7778	-1
8054.3081	-1
8061.8384	-1
8069.3687	-1
8076.8989	-1
8084.4292	-1
8091.9595	-1
8099.4897	-1
8107.0200	-1
8114.5503	-1
8122.0806	-1
8129.6108	-1
8137.1411	-1
8144.6714	-1
8152.2017	-1
8159.7319	-1
8167.2622	-1
8174.7930	-1
8182.3237	-1
8189.8545	-1
8197.3848	-1
8204.9150	-1
8212.4453	-1
8219.9766	1
8227.5088	-1
8235.0410	-1
8242.5732	-1
8250.1055	-1
8257.6377	-1
8265.1797	1
8272.7227	-1
8280.2656	1
8287.8086	1
8295.3525	-1
8302.8965	-1
8310.4404	-1
8317.9844	-1
8325.5283	-1
8333.0723	-1
8340.6162	-1
8348.1602	-1
8355.7041	-1
8363.2480	-1
8370.7920	-1
8378.3359	-1
8385.8799	1
8393.4238	1
8400.9678	1
8408.5117	1
8416.0566	-1
8423.6016	-1
8431.1465	-1
8438.6914	-1
8446.2363	-1
8453.7812	-1
8461.3262	-1
8468.8711	-1
8476.4160	-1
8483.9609	-1
8491.5059	-1
8499.0508	-1
8506.5957	1
8514.1416	1
8521.6875	1
8529.2334	1
8536.7793	-1
8544.3252	-1
8551.8711	-1
8559.4170	-1
8566.9629	-1
8574.5088	-1
8582.0547	-1
8589.6006	-1
8597.1465	-1
8604.6924	-1
8612.2383	-1
8619.7842	-1
8627.3301	1
8634.8760	1
8642.4229	-1
8649.9697	-1
8657.5166	-1
8665.0635	-1
8672.6104	-1
8680.1572	-1
8687.7041	1
8695.2510	1
8702.7979	1
8710.3447	1
8717.8926	-1
8725.4404	-1
8732.9883	-1
8740.5361	-1
8748.0840	-1
8755.6318	-1
8763.1797	-1
8770.7275	-1
8778.2754	-1
8785.8232	-1
8793.3711	-1
8800.9189	-1
8808.4668	-1
8816.0146	-1
8823.5625	-1
8831.1104	-1
8838.6582	-1
8846.2061	-1
8853.7539	-1
8861.3018	-1
8868.8496	-1
8876.3975	-1
8883.9453	-1
8891.4932	-1
8899.0410	-1
8906.5889	-1
8914.1367	-1
8921.6846	-1
8929.2334	-1
8936.7822	-1
8944.3311	-1
8951.8799	-1
8959.4287	-1
8966.9775	-1
8974.5264	-1
8982.0752	-1
8989.6240	-1
8997.1729	-1
9004.7217	-1
9012.2705	-1
9019.8193	-1
9027.3682	-1
9034.9170	-1
9042.4658	-1
9050.0146	-1
9057.5635	-1
9065.1123	-1
9072.6611	-1
9080.2100	-1
9087.7588	-1
9095.3174	1
9102.8770	-1
9110.4375	1
9117.9980	1
9125.5586	-1
9133.1191	-1
9140.6797	-1
9148.2402	-1
9155.8008	-1
9163.3613	-1
9170.9219	-1
9178.4824	-1
9186.0430	-1
9193.6035	-1
9201.1641	-1
9208.7246	-1
9216.2861	1
9223.8477	-1
9231.4092	-1
9238.9707	-1
9246.5322	-1
9254.1035	1
9261.6758	-1
9269.2480	1
9276.8203	1
9284.3945	-1
9291.9688	-1
9299.5430	-1
9307.1172	-1
9314.6914	-1
9322.2656	-1
9329.8398	-1
9337.4141	-1
9344.9883	-1
9352.5625	-1
9360.1367	-1
9367.7109	-1
9375.2852	1
9382.8594	1
9390.4346	-1
9398.0098	-1
9405.5850	-1
9413.1602	-1
9420.7354	-1
9428.3105	-1
9435.8857	-1
9443.4609	-1
9451.0469	1
9458.6338	-1
9466.2217	1
9473.8096	1
9481.3984	-1
9488.9873	-1
9496.5762	-1
9504.1650	-1
9511.7539	-1
9519.3428	-1
9526.9316	-1
9534.5205	-1
9542.1094	-1
9549.6982	-1
9557.2871	-1
9564.8760	-1
9572.4658	1
9580.0557	1
9587.6455	1
9595.2354	1
9602.8262	-1
9610.4170	-1
9618.0078	-1
9625.5986	-1
9633.1895	-1
9640.7803	-1
9648.3711	-1
9655.9619	-1
9663.5527	-1
9671.1436	-1
9678.7344	-1
9686.3252	-1
9693.9170	-1
9701.5088	-1
9709.1006	-1
9716.6924	-1
9724.2842	-1
9731.8760	-1
9739.4678	-1
9747.0596	-1
9754.6514	-1
9762.2432	-1
9769.8350	-1
9777.4268	-1
9785.0186	1
9792.6104	1
9800.2021	1
9807.7939	1
9815.3857	1
9822.9775	1
9830.5693	1
9838.1611	1
9845.7549	-1
9853.3486	-1
9860.9424	-1
9868.5361	-1
9876.1299	-1
9883.7236	-1
9891.3174	-1
9898.9111	-1
9906.5049	-1
9914.0986	-1
9921.6924	-1
9929.2861	-1
9936.8809	-1
9944.4756	-1
9952.0703	-1
9959.6650	-1
9967.2598	-1
9974.8545	-1
9982.4502	-1
9990.0459	-1
9997.6416	-1
10005.2373	-1
10012.8330	-1
10020.4287	-1
10028.0244	-1
10035.6201	1
10043.2158	-1
10050.8115	-1
10058.4072	-1
10066.0029	-1
10073.5986	-1
10081.1943	1
10088.7900	1
10096.3857	-1
10103.9814	-1
10111.5771	-1
10119.1729	-1
10126.7686	-1
10134.3643	-1
10141.9600	1
10149.5557	1
10157.1523	-1
10164.7490	-1
10172.3457	-1
10179.9424	-1
10187.5391	-1
10195.1357	-1
10202.7324	1
10210.3291	-1
10217.9258	-1
10225.5225	-1
10233.1191	-1
10240.7158	-1
10248.3125	-1
10255.9092	1
10263.5068	1
10271.1045	1
10278.7021	1
10286.2998	1
10293.8975	1
10301.4951	1
10309.0928	1
10316.6904	1
10324.2881	1
10331.8896	-1
10339.4912	-1
10347.0928	-1
10354.6943	-1
10362.2959	-1
10369.8975	-1
10377.4990	-1
10385.1006	-1
10392.7021	-1
10400.3037	-1
10407.9053	-1
10415.5068	-1
10423.1084	-1
10430.7100	-1
10438.3115	-1
10445.9131	-1
10453.5146	-1
10461.1162	-1
10468.7178	-1
10476.3193	-1
10483.9209	-1
10491.5225	-1
10499.1240	-1
10506.7256	-1
10514.3271	-1
10521.9287	-1
10529.5303	-1
10537.1318	-1
10544.7334	-1
10552.3350	-1
10559.9365	-1
10567.5381	-1
10575.1396	-1
10582.7412	-1
10590.3428	-1
10597.9443	-1
10605.5469	1
10613.1504	-1
10620.7539	-1
10628.3574	-1
10635.9609	-1
10643.5645	-1
10651.1680	-1
10658.7715	-1
10666.3750	-1
10673.9785	-1
10681.5820	-1
10689.1855	-1
10696.7891	-1
10704.3926	-1
10711.9961	-1
10719.5996	-1
10727.2031	-1
10734.8066	-1
10742.4102	-1
10750.0137	-1
10757.6172	-1
10765.2217	-1
10772.8262	-1
10780.4307	-1
10788.0352	-1
10795.6396	-1
10803.2441	-1
10810.8486	-1
10818.4531	-1
10826.0576	-1
10833.6621	-1
10841.2676	-1
10848.8730	-1
10856.4785	-1
10864.0840	-1
10871.6895	-1
10879.2949	-1
10886.9004	-1
10894.5059	-1
10902.1113	-1
10909.7168	-1
10917.3223	-1
10924.9277	-1
10932.5342	-1
10940.1406	-1
10947.7471	-1
10955.3535	-1
10962.9600	-1
10970.5664	-1
10978.1729	-1
10985.7793	-1
10993.3857	-1
11000.9922	-1
11008.5986	-1
11016.2051	-1
11023.8115	-1
11031.4180	-1
11039.0244	-1
11046.6309	-1
11054.2373	-1
11061.8438	-1
11069.4502	-1
11077.0566	-1
11084.6631	-1
11092.2695	-1
11099.8760	-1
11107.4824	-1
11115.1006	1
11122.7197	-1
11130.3398	1
11137.9600	1
11145.5811	-1
11153.2021	-1
11160.8232	-1
11168.4443	-1
11176.0654	-1
11183.6865	-1
11191.3076	-1
11198.9287	-1
11206.5498	-1
11214.1709	-1
11221.7920	-1
11229.4131	-1
11237.0342	1
11244.6562	1
11252.2783	1
11259.9004	1
11267.5234	-1
11275.1465	-1
11282.7695	-1
11290.3926	-1
11298.0156	-1
11305.6387	-1
11313.2617	-1
11320.8848	-1
11328.5078	-1
11336.1309	-1
11343.7539	-1
11351.3770	-1
11359.0010	-1
11366.6250	-1
11374.2490	-1
11381.8730	-1
11389.4971	-1
11397.1211	-1
11404.7451	1
11412.3691	1
11419.9932	1
11427.6172	-1
11435.2412	-1
11442.8652	-1
11450.4893	-1
11458.1133	1
11465.7373	-1
11473.3613	-1
11480.9863	1
11488.6113	1
11496.2363	1
11503.8613	1
11511.4883	-1
11519.1152	-1
11526.7422	-1
11534.3691	-1
11541.9961	-1
11549.6230	-1
11557.2500	-1
11564.8770	-1
11572.5039	-1
11580.1309	-1
11587.7578	-1
11595.3848	-1
11603.0117	-1
11610.6387	-1
11618.2656	-1
11625.8926	-1
11633.5195	-1
11641.1465	-1
11648.7744	-1
11656.4023	-1
11664.0303	-1
11671.6582	-1
11679.2861	-1
11686.9141	-1
11694.5420	1
11702.1699	1
11709.7988	-1
11717.4277	-1
11725.0566	-1
11732.6855	-1
11740.3145	-1
11747.9434	-1
11755.5723	-1
11763.2012	-1
11770.8301	-1
11778.4590	-1
11786.0879	-1
11793.7168	-1
11801.3457	-1
11808.9746	-1
11816.6035	-1
11824.2324	-1
11831.8613	-1
11839.4902	-1
11847.1191	-1
11854.7480	-1
11862.3770	-1
11870.0059	-1
11877.6348	-1
11885.2637	-1
11892.8936	-1
11900.5234	-1
11908.1533	-1
11915.7832	-1
11923.4131	-1
11931.0430	-1
11938.6729	-1
11946.3027	-1
11953.9326	-1
11961.5732	1
11969.2148	-1
11976.8564	1
11984.4980	1
11992.1406	-1
11999.7832	-1
12007.4258	-1
12015.0684	-1
12022.7109	-1
12030.3535	-1
12037.9961	-1
12045.6387	-1
12053.2920	1
12060.9463	-1
12068.6006	1
12076.2549	1
12083.9102	-1
12091.5654	-1
12099.2207	-1
12106.8760	-1
12114.5312	-1
12122.1865	-1
12129.8428	-1
12137.4990	-1
12145.1553	-1
12152.8115	-1
12160.4678	-1
12168.1240	-1
12175.7803	1
12183.4365	1
12191.0928	1
12198.7490	1
12206.4062	-1
12214.0635	-1
12221.7207	-1
12229.3779	-1
12237.0352	-1
12244.6924	-1
12252.3506	1
12260.0088	1
12267.6670	-1
12275.3252	-1
12282.9834	-1
12290.6416	-1
12298.2998	-1
12305.9580	-1
12313.6162	-1
12321.2744	-1
12328.9326	-1
12336.5908	-1
12344.2490	-1
12351.9072	-1
12359.5654	-1
12367.2236	-1
12374.8818	-1
12382.5400	-1
12390.1982	-1
12397.8564	-1
12405.5146	1
12413.1738	1
12420.8330	1
12428.4922	1
12436.1514	1
12443.8105	1
12451.4707	-1
12459.1309	-1
12466.7910	-1
12474.4512	-1
12482.1113	-1
12489.7715	-1
12497.4326	-1
12505.0938	-1
12512.7549	-1
12520.4160	-1
12528.0771	-1
12535.7383	-1
12543.3994	1
12551.0605	1
12558.7236	1
12566.3867	-1
12574.0498	-1
12581.7129	-1
12589.3760	-1
12597.0391	-1
12604.7021	1
12612.3652	-1
12620.0283	-1
12627.6914	-1
12635.3545	-1
12643.0176	-1
12650.6807	-1
12658.3438	-1
12666.0068	-1
12673.6699	-1
12681.3330	-1
12688.9961	-1
12696.6592	-1
12704.3223	-1
12711.9854	-1
12719.6484	-1
12727.3115	-1
12734.9746	-1
12742.6377	-1
12750.3008	-1
12757.9639	1
12765.6270	1
12773.2900	-1
12780.9531	-1
12788.6162	-1
12796.2793	1
12803.9424	-1
12811.6055	-1
12819.2686	-1
12826.9316	1
12834.5947	-1
12842.2578	-1
12849.9209	-1
12857.5840	-1
12865.2471	-1
12872.9102	-1
12880.5742	1
12888.2402	-1
12895.9062	-1
12903.5723	-1
12911.2383	-1
12918.9043	-1
12926.5703	-1
12934.2363	-1
12941.9023	-1
12949.5684	-1
12957.2344	-1
12964.9004	-1
12972.5664	-1
12980.2334	-1
12987.9004	-1
12995.5674	-1
13003.2344	-1
13010.9014	-1
13018.5684	-1
13026.2363	-1
13033.9043	-1
13041.5723	-1
13049.2402	-1
13056.9082	-1
13064.5762	-1
13072.2451	-1
13079.9141	-1
13087.5830	-1
13095.2520	-1
13102.9209	-1
13110.5898	-1
13118.2588	-1
13125.9277	-1
13133.5967	-1
13141.2656	-1
13148.9346	-1
13156.6035	-1
13164.2725	-1
13171.9414	-1
13179.6104	-1
13187.2793	-1
13194.9482	-1
13202.6172	-1
13210.2861	-1
13217.9551	-1
13225.6240	-1
13233.2930	-1
13240.9619	-1
13248.6309	-1
13256.2998	-1
13263.9688	-1
13271.6377	-1
13279.3164	1
13286.9961	-1
13294.6768	1
13302.3574	1
13310.0381	-1
13317.7188	-1
13325.3994	-1
13333.0801	-1
13340.7607	-1
13348.4414	-1
13356.1221	-1
13363.8027	-1
13371.4834	-1
13379.1641	-1
13386.8447	-1
13394.5254	-1
13402.2070	1
13409.8887	1
13417.5713	-1
13425.2539	-1
13432.9365	-1
13440.6191	-1
13448.3018	-1
13455.9844	-1
13463.6670	-1
13471.3496	-1
13479.0420	1
13486.7354	-1
13494.4287	1
13502.1230	1
13509.8184	-1
13517.5137	-1
13525.2090	-1
13532.9043	-1
13540.5996	-1
13548.2949	-1
13555.9902	-1
13563.6855	-1
13571.3809	-1
13579.0762	-1
13586.7715	-1
13594.4668	-1
13602.1621	1
13609.8574	1
13617.5537	-1
13625.2500	-1
13632.9463	-1
13640.6426	-1
13648.3389	-1
13656.0352	-1
13663.7314	-1
13671.4277	-1
13679.1240	-1
13686.8311	1
13694.5391	-1
13702.2471	1
13709.9551	1
13717.6641	-1
13725.3730	-1
13733.0820	-1
13740.7910	-1
13748.5000	-1
13756.2090	-1
13763.9180	-1
13771.6270	-1
13779.3359	-1
13787.0449	-1
13794.7539	-1
13802.4629	-1
13810.1719	1
13817.8809	1
13825.5898	1
13833.2988	1
13841.0088	-1
13848.7188	-1
13856.4287	-1
13864.1387	-1
13871.8486	-1
13879.5586	-1
13887.2686	-1
13894.9785	-1
13902.6885	-1
13910.3984	-1
13918.1084	-1
13925.8184	-1
13933.5283	-1
13941.2383	-1
13948.9482	-1
13956.6582	-1
13964.3682	-1
13972.0781	-1
13979.7891	1
13987.5000	1
13995.2109	1
14002.9219	1
14010.6328	1
14018.3438	1
14026.0547	-1
14033.7656	-1
14041.4766	-1
14049.1875	-1
14056.8984	-1
14064.6094	-1
14072.3213	-1
14080.0332	-1
14087.7451	-1
14095.4570	-1
14103.1689	-1
14110.8809	-1
14118.5928	-1
14126.3047	-1
14134.0166	-1
14141.7285	-1
14149.4404	-1
14157.1523	-1
14164.8643	-1
14172.5762	-1
14180.2881	-1
14188.0000	-1
14195.7119	-1
14203.4238	-1
14211.1357	-1
14218.8477	-1
14226.5596	-1
14234.2715	-1
14241.9834	-1
14249.6953	-1
14257.4082	1
14265.1211	1
14272.8340	-1
14280.5469	-1
14288.2598	-1
14295.9727	1
14303.6855	-1
14311.3984	-1
14319.1113	-1
14326.8242	1
14334.5371	1
14342.2500	1
14349.9629	-1
14357.6758	-1
14365.3887	-1
14373.1016	-1
14380.8145	-1
14388.5273	-1
14396.2402	1
14403.9531	1
14411.6660	1
14419.3789	1
14427.0928	1
14434.8066	1
14442.5205	1
14450.2344	1
14457.9492	-1
14465.6641	-1
14473.3789	-1
14481.0938	-1
14488.8086	-1
14496.5234	-1
14504.2393	-1
14511.9551	-1
14519.6709	-1
14527.3867	-1
14535.1025	-1
14542.8184	-1
14550.5342	-1
14558.2500	-1
14565.9658	-1
14573.6816	-1
14581.3975	-1
14589.1133	-1
14596.8291	1
14604.5449	1
14612.2617	-1
14619.9785	1
14627.6953	-1
14635.4121	-1
14643.1289	-1
14650.8457	-1
14658.5625	-1
14666.2793	1
14673.9961	1
14681.7129	1
14689.4297	-1
14697.1465	-1
14704.8633	-1
14712.5801	-1
14720.2969	-1
14728.0137	-1
14735.7305	-1
14743.4473	-1
14751.1641	-1
14758.8809	-1
14766.5977	-1
14774.3145	-1
14782.0312	-1
14789.7480	-1
14797.4648	-1
14805.1816	-1
14812.8984	-1
14820.6152	-1
14828.3320	-1
14836.0488	-1
14843.7656	-1
14851.4824	-1
14859.1992	-1
14866.9160	-1
14874.6338	-1
14882.3516	-1
14890.0693	-1
14897.7871	-1
14905.5049	-1
14913.2227	-1
14920.9404	1
14928.6582	1
14936.3760	1
14944.0938	1
14951.8125	-1
14959.5312	-1
14967.2500	-1
14974.9688	-1
14982.6875	-1
14990.4062	-1
14998.1250	1
15005.8438	-1
15013.5625	-1
15021.2812	-1
15029.0000	-1
15036.7188	-1
15044.4375	-1
15052.1562	-1
15059.8750	-1
15067.5938	-1
15075.3125	-1
15083.0312	-1
15090.7500	-1
15098.4688	-1
15106.1875	-1
15113.9062	-1
15121.6250	-1
15129.3438	-1
15137.0625	-1
15144.7822	-1
15152.5020	-1
15160.2217	-1
15167.9414	-1
15175.6611	-1
15183.3809	-1
15191.1006	-1
15198.8203	-1
15206.5400	-1
15214.2598	-1
15221.9795	-1
15229.6992	-1
15237.4189	-1
15245.1387	-1
15252.8584	-1
15260.5781	-1
15268.2979	-1
15276.0176	-1
15283.7373	-1
15291.4570	-1
15299.1768	-1
15306.8965	-1
15314.6162	-1
15322.3359	-1
15330.0557	-1
15337.7754	-1
15345.4951	-1
15353.2148	-1
15360.9346	-1
15368.6543	-1
15376.3750	-1
15384.0957	-1
15391.8164	-1
15399.5371	-1
15407.2578	-1
15414.9785	-1
15422.6992	-1
15430.4199	-1
15438.1406	-1
15445.8613	-1
15453.5820	-1
15461.3027	-1
15469.0234	-1
15476.7441	-1
15484.4648	-1
15492.1855	-1
15499.9062	-1
15507.6270	-1
15515.3477	-1
15523.0684	-1
15530.7891	-1
15538.5098	-1
15546.2305	-1
15553.9512	-1
15561.6729	-1
15569.3945	-1
15577.1162	-1
15584.8379	-1
15592.5596	-1
15600.2812	-1
15608.0029	-1
15615.7246	-1
15623.4463	-1
15631.1680	-1
15638.8896	-1
15646.6113	-1
15654.3330	-1
15662.0645	1
15669.7969	-1
15677.5293	1
15685.2617	1
15692.9951	-1
15700.7285	-1
15708.4619	-1
15716.1953	-1
15723.9287	-1
15731.6621	-1
15739.3955	-1
15747.1289	-1
15754.8623	-1
15762.5957	-1
15770.3291	-1
15778.0625	-1
15785.8057	1
15793.5498	-1
15801.2939	1
15809.0381	1
15816.7832	-1
15824.5283	-1
15832.2734	-1
15840.0186	-1
15847.7637	-1
15855.5088	-1
15863.2539	-1
15870.9990	-1
15878.7441	-1
15886.4893	-1
15894.2344	-1
15901.9795	-1
15909.7256	1
15917.4717	1
15925.2178	1
15932.9639	1
15940.7109	-1
15948.4580	-1
15956.2051	-1
15963.9521	-1
15971.6992	-1
15979.4463	-1
15987.1934	-1
15994.9404	-1
16002.6875	-1
16010.4346	-1
16018.1816	-1
16025.9287	-1
16033.6758	-1
16041.4229	-1
16049.1699	-1
16056.9170	-1
16064.6641	-1
16072.4111	-1
16080.1582	-1
16087.9053	-1
16095.6523	-1
16103.3994	-1
16111.1465	-1
16118.8936	-1
16126.6406	1
16134.3877	1
16142.1357	1
16149.8838	1
16157.6318	-1
16165.3799	-1
16173.1279	-1
16180.8760	-1
16188.6240	-1
16196.3721	-1
16204.1201	-1
16211.8682	-1
16219.6162	-1
16227.3643	-1
16235.1123	-1
16242.8604	-1
16250.6094	-1
16258.3584	-1
16266.1074	-1
16273.8564	-1
16281.6055	-1
16289.3545	-1
16297.1035	1
16304.8525	1
16312.6016	1
16320.3506	1
16328.0996	1
16335.8486	1
16343.5977	-1
16351.3467	-1
16359.0957	-1
16366.8447	-1
16374.5938	-1
16382.3428	-1
16390.0918	1
16397.8418	1
16405.5918	1
16413.3418	1
16421.0918	1
16428.8418	1
16436.5918	-1
16444.3418	-1
16452.0918	-1
16459.8418	-1
16467.5918	-1
16475.3418	-1
16483.0918	1
16490.8418	1
16498.5938	-1
16506.3457	-1
16514.0977	-1
16521.8496	-1
16529.6016	-1
16537.3535	-1
16545.1055	-1
16552.8574	-1
16560.6094	-1
16568.3613	-1
16576.1133	-1
16583.8652	-1
16591.6172	-1
16599.3691	-1
16607.1211	-1
16614.8730	-1
16622.6250	-1
16630.3770	-1
16638.1289	-1
16645.8809	-1
16653.6328	-1
16661.3848	-1
16669.1367	-1
16676.8887	-1
16684.6406	1
16692.3926	1
16700.1445	-1
16707.8965	-1
16715.6484	-1
16723.4004	-1
16731.1523	-1
16738.9043	-1
16746.6562	-1
16754.4082	-1
16762.1602	-1
16769.9121	-1
16777.6641	-1
16785.4160	-1
16793.1699	-1
16800.9238	-1
16808.6777	-1
16816.4316	-1
16824.1855	-1
16831.9395	-1
16839.6934	-1
16847.4473	-1
16855.2012	-1
16862.9551	-1
16870.7090	-1
16878.4629	-1
16886.2168	-1
16893.9707	-1
16901.7246	-1
16909.4785	-1
16917.2324	-1
16924.9863	-1
16932.7402	-1
16940.4941	-1
16948.2480	-1
16956.0020	-1
16963.7559	-1
16971.5098	-1
16979.2637	-1
16987.0176	-1
16994.7715	-1
17002.5254	-1
17010.2793	-1
17018.0332	-1
17025.7871	-1
17033.5410	-1
17041.2949	-1
17049.0488	-1
17056.8027	-1
17064.5566	-1
17072.3105	-1
17080.0645	-1
17087.8184	-1
17095.5723	-1
17103.3262	-1
17111.0801	-1
17118.8340	-1
17126.5879	-1
17134.3418	-1
17142.0957	-1
17149.8496	-1
17157.6035	-1
17165.3574	1
17173.1113	1
17180.8652	-1
17188.6191	-1
17196.3730	-1
17204.1270	-1
17211.8809	-1
17219.6348	-1
17227.3887	1
17235.1426	1
17242.8965	1
17250.6504	1
17258.4043	1
17266.1582	1
17273.9121	1
17281.6660	1
17289.4199	1
17297.1758	1
17304.9316	1
17312.6875	1
17320.4434	1
17328.1992	1
17335.9551	1
17343.7109	1
17351.4668	1
17359.2227	1
17366.9785	1
17374.7344	1
17382.4902	1
17390.2461	1
17398.0020	1
17405.7578	1
17413.5137	1
17421.2695	-1
17429.0254	-1
17436.7812	-1
17444.5371	-1
17452.2930	-1
17460.0488	-1
17467.8047	-1
17475.5605	-1
17483.3164	-1
17491.0723	-1
17498.8281	-1
17506.5840	-1
17514.3398	1
17522.0977	1
17529.8555	1
17537.6133	1
17545.3711	1
17553.1289	-1
17560.8867	-1
17568.6445	-1
17576.4023	-1
17584.1602	-1
17591.9180	-1
17599.6777	1
17607.4375	-1
17615.1973	-1
17622.9570	-1
17630.7168	-1
17638.4766	-1
17646.2363	-1
17653.9961	-1
17661.7559	-1
17669.5156	-1
17677.2754	-1
17685.0352	-1
17692.7949	-1
17700.5547	-1
17708.3145	-1
17716.0742	-1
17723.8340	-1
17731.5938	-1
17739.3535	-1
17747.1133	-1
17754.8730	-1
17762.6328	-1
17770.3926	-1
17778.1523	-1
17785.9121	-1
17793.6719	-1
17801.4316	-1
17809.1914	-1
17816.9512	-1
17824.7109	-1
17832.4707	-1
17840.2305	-1
17847.9902	-1
17855.7500	-1
17863.5098	-1
17871.2695	-1
17879.0293	-1
17886.7891	-1
17894.5488	-1
17902.3086	-1
17910.0684	-1
17917.8281	-1
17925.5879	-1
17933.3496	-1
17941.1113	-1
17948.8730	-1
17956.6348	-1
17964.3965	-1
17972.1582	-1
17979.9199	-1
17987.6816	-1
17995.4434	-1
18003.2051	-1
18010.9668	-1
18018.7285	-1
18026.4902	-1
18034.2520	-1
18042.0137	-1
18049.7754	-1
18057.5371	-1
18065.2988	-1
18073.0605	-1
18080.8223	-1
18088.5840	-1
18096.3457	-1
18104.1074	-1
18111.8691	-1
18119.6309	-1
18127.3926	-1
18135.1543	-1
18142.9160	-1
18150.6777	-1
18158.4395	-1
18166.2012	-1
18173.9629	-1
18181.7246	-1
18189.4863	-1
18197.2480	-1
18205.0098	-1
18212.7715	-1
18220.5332	-1
18228.2949	-1
18236.0566	-1
18243.8184	-1
18251.5801	-1
18259.3418	-1
18267.1035	-1
18274.8672	-1
18282.6309	-1
18290.3945	-1
18298.1582	-1
18305.9219	-1
18313.6855	-1
18321.4492	-1
18329.2129	-1
18336.9766	-1
18344.7402	-1
18352.5039	-1
18360.2676	-1
18368.0312	-1
18375.7949	-1
18383.5586	-1
18391.3223	-1
18399.0859	-1
18406.8496	-1
18414.6133	-1
18422.3770	-1
18430.1406	-1
18437.9043	-1
18445.6680	-1
18453.4316	-1
18461.1953	-1
18468.9590	-1
18476.7227	-1
18484.4863	-1
18492.2500	-1
18500.0137	-1
18507.7773	-1
18515.5410	-1
18523.3047	-1
18531.0684	-1
18538.8320	-1
18546.5957	-1
18554.3594	-1
18562.1230	-1
18569.8867	-1
18577.6504	-1
18585.4141	-1
18593.1777	-1
18600.9414	-1
18608.7051	-1
18616.4688	-1
18624.2324	-1
18631.9961	-1
18639.7598	-1
18647.5234	-1
18655.2871	-1
18663.0508	-1
18670.8145	-1
18678.5781	-1
18686.3418	-1
18694.1055	-1
18701.8691	-1
18709.6328	-1
18717.3965	-1
18725.1621	-1
18732.9277	-1
18740.6934	-1
18748.4590	-1
18756.2246	-1
18763.9902	-1
18771.7559	-1
18779.5215	-1
18787.2871	-1
18795.0527	-1
18802.8184	-1
18810.5840	-1
18818.3496	-1
18826.1152	-1
18833.8809	-1
18841.6465	-1
18849.4121	-1
18857.1777	-1
18864.9434	-1
18872.7090	-1
18880.4746	-1
18888.2402	-1
18896.0059	-1
18903.7715	-1
18911.5371	-1
18919.3027	-1
18927.0684	-1
18934.8340	-1
18942.5996	-1
18950.3652	-1
18958.1309	-1
18965.8965	-1
18973.6621	-1
18981.4277	-1
18989.2051	1
18996.9824	-1
19004.7598	1
19012.5391	1
19020.3184	-1
19028.0977	-1
19035.8770	-1
19043.6562	-1
19051.4355	-1
19059.2148	-1
19066.9941	-1
19074.7734	-1
19082.5527	-1
19090.3320	-1
19098.1113	-1
19105.8906	-1
19113.6699	1
19121.4492	1
19129.2305	1
19137.0117	1
19144.7930	-1
19152.5742	-1
19160.3555	-1
19168.1367	-1
19175.9180	-1
19183.6992	-1
19191.4824	-1
19199.2656	-1
19207.0488	-1
19214.8320	-1
19222.6152	-1
19230.3984	-1
19238.1816	-1
19245.9648	-1
19253.7480	-1
19261.5312	-1
19269.3145	-1
19277.0977	-1
19284.8809	-1
19292.6641	-1
19300.4473	-1
19308.2305	-1
19316.0137	-1
19323.7969	-1
19331.5801	1
19339.3633	-1
19347.1465	-1
19354.9297	-1
19362.7129	-1
19370.5059	1
19378.3008	-1
19386.0957	1
19393.8906	1
19401.6855	-1
19409.4805	-1
19417.2773	-1
19425.0840	1
19432.8906	-1
19440.6973	1
19448.5039	1
19456.3125	-1
19464.1211	-1
19471.9375	1
19479.7559	-1
19487.5742	1
19495.3926	1
19503.2129	-1
19511.0332	-1
19518.8535	-1
19526.6738	-1
19534.4941	-1
19542.3145	-1
19550.1348	-1
19557.9551	-1
19565.7754	-1
19573.5957	-1
19581.4160	-1
19589.2363	-1
19597.0566	1
19604.8770	1
19612.6973	1
19620.5176	1
19628.3398	-1
19636.1621	-1
19643.9844	-1
19651.8066	-1
19659.6289	-1
19667.4512	-1
19675.2734	-1
19683.0957	-1
19690.9180	-1
19698.7402	-1
19706.5625	-1
19714.3848	-1
19722.2070	-1
19730.0312	-1
19737.8555	-1
19745.6797	-1
19753.5039	-1
19761.3281	-1
19769.1523	-1
19776.9766	-1
19784.8105	1
19792.6465	-1
19800.4824	1
19808.3184	1
19816.1562	-1
19823.9941	-1
19831.8320	-1
19839.6699	-1
19847.5078	-1
19855.3457	-1
19863.1836	-1
19871.0215	-1
19878.8594	-1
19886.7070	1
19894.5547	-1
19902.4023	1
19910.2520	1
19918.1016	-1
19925.9512	-1
19933.8008	-1
19941.6602	1
19949.5215	-1
19957.3828	1
19965.2441	1
19973.1055	-1
19980.9668	-1
19988.8379	1
19996.7109	-1
20004.5840	1
20012.4570	1
20020.3301	-1
20028.2051	-1
20036.0879	1
20043.9727	-1
20051.8574	1
20059.7422	1
20067.6270	-1
20075.5137	-1
20083.4082	1
20091.3047	-1
20099.2012	1
20107.0977	1
20114.9941	-1
20122.8926	-1
20130.7988	1
20138.7070	-1
20146.6152	1
20154.5234	1
20162.4336	-1
20170.3438	-1
20178.2539	-1
20186.1641	-1
20194.0742	-1
20201.9844	-1
20209.8945	-1
20217.8047	-1
20225.7148	-1
20233.6250	-1
20241.5352	-1
20249.4453	-1
20257.3555	1
20265.2656	1
20273.1758	1
20281.0859	1
20288.9980	-1
20296.9102	-1
20304.8223	-1
20312.7344	-1
20320.6465	-1
20328.5586	-1
20336.4707	-1
20344.3828	-1
20352.2949	-1
20360.2070	-1
20368.1191	-1
20376.0312	-1
20383.9434	-1
20391.8555	-1
20399.7676	-1
20407.6797	-1
20415.5918	-1
20423.5039	-1
20431.4160	-1
20439.3281	-1
20447.2402	-1
20455.1523	-1
20463.0645	-1
20470.9766	-1
20478.8887	1
20486.8008	1
20494.7129	1
20502.6250	1
20510.5371	1
20518.4492	1
20526.3613	1
20534.2773	-1
20542.1934	-1
20550.1094	-1
20558.0254	-1
20565.9414	-1
20573.8574	-1
20581.7734	-1
20589.6895	-1
20597.6055	-1
20605.5215	-1
20613.4375	-1
20621.3535	-1
20629.2695	-1
20637.1855	-1
20645.1016	-1
20653.0176	-1
20660.9336	-1
20668.8496	-1
20676.7656	-1
20684.6816	-1
20692.5977	-1
20700.5137	-1
20708.4297	-1
20716.3457	-1
20724.2617	-1
20732.1777	-1
20740.0938	-1
20748.0098	-1
20755.9258	-1
20763.8418	-1
20771.7578	-1
20779.6738	-1
20787.5898	-1
20795.5059	-1
20803.4219	-1
20811.3379	-1
20819.2539	-1
20827.1699	-1
20835.0859	-1
20843.0117	1
20850.9375	-1
20858.8652	1
20866.7930	1
20874.7207	-1
20882.6484	-1
20890.5859	1
20898.5234	-1
20906.4629	1
20914.4023	1
20922.3418	-1
20930.2812	-1
20938.2207	-1
20946.1602	-1
20954.0996	-1
20962.0391	-1
20969.9785	-1
20977.9180	-1
20985.8574	-1
20993.7969	-1
21001.7363	-1
21009.6758	-1
21017.6152	1
21025.5547	1
21033.4941	1
21041.4336	1
21049.3750	-1
21057.3164	-1
21065.2578	-1
21073.1992	-1
21081.1406	-1
21089.0820	-1
21097.0234	-1
21104.9648	-1
21112.9062	-1
21120.8477	-1
21128.7891	-1
21136.7305	-1
21144.6719	-1
21152.6133	-1
21160.5547	-1
21168.4961	-1
21176.4375	-1
21184.3789	-1
21192.3203	-1
21200.2617	-1
21208.2031	-1
21216.1445	-1
21224.0859	-1
21232.0273	-1
21239.9688	1
21247.9102	1
21255.8535	-1
21263.7969	-1
21271.7402	-1
21279.6836	-1
21287.6270	-1
21295.5703	-1
21303.5137	-1
21311.4648	1
21319.4180	-1
21327.3711	1
21335.3242	1
21343.2793	-1
21351.2344	-1
21359.1895	-1
21367.1445	-1
21375.0996	-1
21383.0547	-1
21391.0098	-1
21398.9648	-1
21406.9199	-1
21414.8750	-1
21422.8301	-1
21430.7852	-1
21438.7402	1
21446.6953	1
21454.6504	1
21462.6055	1
21470.5605	-1
21478.5156	-1
21486.4707	-1
21494.4258	-1
21502.3809	-1
21510.3359	-1
21518.2910	-1
21526.2461	-1
21534.2012	-1
21542.1562	-1
21550.1113	-1
21558.0664	-1
21566.0215	-1
21573.9766	-1
21581.9316	-1
21589.8867	-1
21597.8418	-1
21605.7969	-1
21613.7539	1
21621.7109	1
21629.6680	1
21637.6250	1
21645.5820	1
21653.5391	-1
21661.4961	-1
21669.4531	-1
21677.4102	-1
21685.3672	-1
21693.3242	1
21701.2812	-1
21709.2383	1
21717.1953	1
21725.1523	-1
21733.1094	-1
21741.0664	-1
21749.0234	-1
21756.9805	-1
21764.9375	-1
21772.8945	-1
21780.8516	-1
21788.8086	-1
21796.7656	-1
21804.7227	-1
21812.6797	-1
21820.6387	-1
21828.5977	-1
21836.5566	-1
21844.5156	-1
21852.4746	-1
21860.4336	-1
21868.3926	-1
21876.3516	-1
21884.3105	-1
21892.2695	-1
21900.2285	-1
21908.1875	-1
21916.1465	-1
21924.1055	-1
21932.0645	-1
21940.0234	-1
21947.9824	-1
21955.9414	-1
21963.9004	-1
21971.8594	-1
21979.8184	-1
21987.7773	-1
21995.7363	-1
22003.6953	-1
22011.6543	-1
22019.6133	-1
22027.5723	-1
22035.5312	-1
22043.4902	-1
22051.4492	-1
22059.4082	-1
22067.3672	-1
22075.3262	-1
22083.2852	-1
22091.2441	-1
22099.2031	-1
22107.1621	1
22115.1211	1
22123.0801	1
22131.0391	1
22139.0000	-1
22146.9609	-1
22154.9219	-1
22162.8828	-1
22170.8438	-1
22178.8047	-1
22186.7656	-1
22194.7266	-1
22202.6875	-1
22210.6484	-1
22218.6094	-1
22226.5703	-1
22234.5312	-1
22242.4922	-1
22250.4531	-1
22258.4141	-1
22266.3750	-1
22274.3359	-1
22282.2969	-1
22290.2676	1
22298.2383	-1
22306.2109	1
22314.1836	1
22322.1562	-1
22330.1289	-1
22338.1113	1
22346.0957	-1
22354.0801	1
22362.0645	1
22370.0488	-1
22378.0332	-1
22386.0273	1
22394.0234	-1
22402.0195	1
22410.0156	1
22418.0117	-1
22426.0078	-1
22434.0137	1
22442.0215	-1
22450.0293	1
22458.0371	1
22466.0449	-1
22474.0527	-1
22482.0703	1
22490.0879	-1
22498.1074	1
22506.1270	1
22514.1465	-1
22522.1660	-1
22530.1953	1
22538.2266	-1
22546.2578	1
22554.2891	1
22562.3203	-1
22570.3516	-1
22578.3828	-1
22586.4238	1
22594.4668	-1
22602.5098	1
22610.5527	1
22618.5957	-1
22626.6387	-1
22634.6816	-1
22642.7363	1
22650.7910	-1
22658.8457	1
22666.9004	1
22674.9570	-1
22683.0137	-1
22691.0801	1
22699.1465	-1
22707.2129	1
22715.2812	1
22723.3496	-1
22731.4180	-1
22739.4863	-1
22747.5645	1
22755.6445	-1
22763.7246	1
22771.8047	1
22779.8848	-1
22787.9648	-1
22796.0449	-1
22804.1348	1
22812.2266	-1
22820.3184	1
22828.4102	1
22836.5020	-1
22844.5938	-1
22852.6953	1
22860.7988	-1
22868.9023	1
22877.0059	1
22885.1094	-1
22893.2129	-1
22901.3262	1
22909.4414	-1
22917.5566	1
22925.6719	1
22933.7871	-1
22941.9023	-1
22950.0176	-1
22958.1328	-1
22966.2480	-1
22974.3633	-1
22982.4785	-1
22990.5938	-1
22998.7090	-1
23006.8242	-1
23014.9395	-1
23023.0547	-1
23031.1699	1
23039.2852	1
23047.4004	1
23055.5156	1
23063.6328	-1
23071.7500	-1
23079.8672	-1
23087.9844	-1
23096.1016	-1
23104.2188	-1
23112.3359	-1
23120.4531	-1
23128.5703	-1
23136.6875	-1
23144.8047	-1
23152.9219	-1
23161.0391	-1
23169.1562	-1
23177.2734	-1
23185.3906	-1
23193.5078	-1
23201.6250	-1
23209.7422	-1
23217.8594	-1
23225.9766	-1
23234.0938	-1
23242.2109	-1
23250.3281	-1
23258.4453	1
23266.5625	1
23274.6797	-1
23282.7969	-1
23290.9141	-1
23299.0312	-1
23307.1484	-1
23315.2656	-1
23323.3848	-1
23331.5039	-1
23339.6230	-1
23347.7422	-1
23355.8613	-1
23363.9883	1
23372.1172	-1
23380.2461	1
23388.3750	1
23396.5059	-1
23404.6367	-1
23412.7676	-1
23420.8984	-1
23429.0293	-1
23437.1602	-1
23445.2910	-1
23453.4219	-1
23461.5527	-1
23469.6836	-1
23477.8145	-1
23485.9453	-1
23494.0762	1
23502.2070	1
23510.3379	1
23518.4707	-1
23526.6035	-1
23534.7363	-1
23542.8691	-1
23551.0020	-1
23559.1348	-1
23567.2676	-1
23575.4004	-1
23583.5332	-1
23591.6660	-1
23599.7988	-1
23607.9316	-1
23616.0645	-1
23624.2070	1
23632.3496	-1
23640.4922	1
23648.6348	1
23656.7793	-1
23664.9238	-1
23673.0684	-1
23681.2129	-1
23689.3574	-1
23697.5020	-1
23705.6465	-1
23713.7910	-1
23721.9355	-1
23730.0801	-1
23738.2246	-1
23746.3691	-1
23754.5137	1
23762.6582	1
23770.8027	1
23778.9473	1
23787.0918	-1
23795.2363	-1
23803.3809	-1
23811.5254	-1
23819.6699	-1
23827.8145	-1
23835.9590	-1
23844.1035	-1
23852.2480	-1
23860.3926	-1
23868.5371	-1
23876.6816	-1
23884.8262	-1
23892.9707	-1
23901.1152	-1
23909.2598	-1
23917.4062	-1
23925.5527	-1
23933.6992	-1
23941.8457	-1
23949.9922	-1
23958.1387	-1
23966.2852	-1
23974.4316	-1
23982.5781	1
23990.7246	1
23998.8711	1
24007.0176	1
24015.1641	1
24023.3105	1
24031.4570	1
24039.6035	1
24047.7500	-1
24055.8965	-1
24064.0430	-1
24072.1895	-1
24080.3359	-1
24088.4824	-1
24096.6289	-1
24104.7754	-1
24112.9219	-1
24121.0684	-1
24129.2148	-1
24137.3613	-1
24145.5078	-1
24153.6543	-1
24161.8008	-1
24169.9473	-1
24178.0938	-1
24186.2402	-1
24194.3867	-1
24202.5332	-1
24210.6797	-1
24218.8281	-1
24226.9766	-1
24235.1250	-1
24243.2734	1
24251.4219	1
24259.5703	1
24267.7188	-1
24275.8672	-1
24284.0156	-1
24292.1641	-1
24300.3125	-1
24308.4609	-1
24316.6094	1
24324.7578	1
24332.9062	1
24341.0547	1
24349.2031	1
24357.3516	-1
24365.5000	-1
24373.6484	-1
24381.7969	-1
24389.9453	-1
24398.0938	-1
24406.2422	1
24414.3906	1
24422.5410	-1
24430.6914	-1
24438.8418	-1
24446.9922	-1
24455.1426	-1
24463.2930	-1
24471.4434	-1
24479.5938	-1
24487.7441	-1
24495.8945	-1
24504.0449	-1
24512.1953	-1
24520.3457	-1
24528.4961	-1
24536.6465	-1
24544.7969	-1
24552.9473	-1
24561.0977	-1
24569.2480	-1
24577.3984	-1
24585.5488	-1
24593.6992	-1
24601.8496	-1
24610.0000	-1
24618.1504	-1
24626.3008	-1
24634.4512	-1
24642.6016	-1
24650.7520	-1
24658.9023	-1
24667.0527	-1
24675.2031	-1
24683.3535	-1
24691.5039	-1
24699.6543	-1
24707.8047	-1
24715.9551	-1
24724.1055	-1
24732.2559	-1
24740.4062	-1
24748.5566	-1
24756.7070	-1
24764.8574	-1
24773.0078	-1
24781.1582	-1
24789.3086	-1
24797.4590	-1
24805.6094	-1
24813.7598	1
24821.9102	1
24830.0605	1
24838.2109	1
24846.3633	-1
24854.5156	-1
24862.6680	-1
24870.8203	-1
24878.9727	-1
24887.1250	-1
24895.2773	-1
24903.4297	-1
24911.5820	-1
24919.7344	-1
24927.8867	-1
24936.0391	-1
24944.1914	-1
24952.3438	-1
24960.4961	-1
24968.6484	-1
24976.8008	-1
24984.9531	-1
24993.1055	-1
25001.2578	-1
25009.4102	-1
25017.5625	-1
25025.7148	-1
25033.8672	-1
25042.0195	1
25050.1738	-1
25058.3281	-1
25066.4824	-1
25074.6367	-1
25082.7910	-1
25090.9453	-1
25099.0996	-1
25107.2539	-1
25115.4082	-1
25123.5625	-1
25131.7168	-1
25139.8711	-1
25148.0254	-1
25156.1797	-1
25164.3340	-1
25172.4883	-1
25180.6426	-1
25188.7969	-1
25196.9512	-1
25205.1055	-1
25213.2598	-1
25221.4141	-1
25229.5684	-1
25237.7227	-1
25245.8770	-1
25254.0312	-1
25262.1855	-1
25270.3398	-1
25278.4941	-1
25286.6484	-1
25294.8027	1
25302.9570	1
25311.1113	1
25319.2656	1
25327.4199	1
25335.5742	1
25343.7285	1
25351.8828	1
25360.0371	1
25368.1914	1
25376.3457	1
25384.5000	1
25392.6543	1
25400.8105	1
25408.9668	1
25417.1230	1
25425.2793	1
25433.4355	1
25441.5918	1
25449.7480	1
25457.9043	1
25466.0625	-1
25474.2207	-1
25482.3789	-1
25490.5371	-1
25498.6953	-1
25506.8535	-1
25515.0117	-1
25523.1699	-1
25531.3281	-1
25539.4863	-1
25547.6445	-1
25555.8027	-1
25563.9609	-1
25572.1191	-1
25580.2773	-1
25588.4355	-1
25596.5938	-1
25604.7520	-1
25612.9102	-1
25621.0684	-1
25629.2266	-1
25637.3848	-1
25645.5430	-1
25653.7012	-1
25661.8594	-1
25670.0176	-1
25678.1758	-1
25686.3340	-1
25694.4922	-1
25702.6504	-1
25710.8086	-1
25718.9668	-1
25727.1250	-1
25735.2832	-1
25743.4414	-1
25751.5996	-1
25759.7578	-1
25767.9160	-1
25776.0742	-1
25784.2324	-1
25792.3906	-1
25800.5488	-1
25808.7070	-1
25816.8652	-1
25825.0234	-1
25833.1816	-1
25841.3398	-1
25849.4980	-1
25857.6562	-1
25865.8145	-1
25873.9727	-1
25882.1309	-1
25890.2891	-1
25898.4473	-1
25906.6055	-1
25914.7637	-1
25922.9219	-1
25931.0801	-1
25939.2383	-1
25947.3965	-1
25955.5547	-1
25963.7129	-1
25971.8711	-1
25980.0293	-1
25988.1875	-1
25996.3457	-1
26004.5039	-1
26012.6621	-1
26020.8203	-1
26028.9785	-1
26037.1367	-1
26045.2949	-1
26053.4531	-1
26061.6113	-1
26069.7695	-1
26077.9277	-1
26086.0859	-1
26094.2441	-1
26102.4043	-1
26110.5645	-1
26118.7246	-1
26126.8848	-1
26135.0449	-1
26143.2051	-1
26151.3652	-1
26159.5254	-1
26167.6855	-1
26175.8457	-1
26184.0059	-1
26192.1660	-1
26200.3262	-1
26208.4863	-1
26216.6465	-1
26224.8066	-1
26232.9668	-1
26241.1270	-1
26249.2871	-1
26257.4473	-1
26265.6074	-1
26273.7676	-1
26281.9277	-1
26290.0879	-1
26298.2480	-1
26306.4082	-1
26314.5684	-1
26322.7285	-1
26330.8887	-1
26339.0488	-1
26347.2090	-1
26355.3691	-1
26363.5293	-1
26371.6895	-1
26379.8496	-1
26388.0098	-1
26396.1699	-1
26404.3301	-1
26412.4902	-1
26420.6504	-1
26428.8105	-1
26436.9707	-1
26445.1309	-1
26453.2910	-1
26461.4512	-1
26469.6113	-1
26477.9668	1
26486.3223	-1
26494.6777	-1
26503.0332	-1
26511.3887	-1
26519.7441	-1
26528.0996	-1
26536.5977	-1
26545.0957	1
