0.0000	0
0.0863	2
0.1657	2
0.1791	1
0.2560	2
0.5465	2
0.6465	2
0.8341	2
0.8385	2
0.8692	2
1.0280	2
1.0334	2
1.0562	2
1.1156	2
1.1163	2
1.2785	2
1.3066	2
1.7124	2
1.9456	2
1.9558	2
1.9930	2
2.2983	2
2.4533	2
7.3093	1
14.4411	-1
16.4287	-2
17.4056	-2
17.8527	-2
20.9575	-2
21.3081	-2
21.5732	1
23.3955	-2
24.0320	-2
24.3651	-2
24.9363	-2
25.0123	-2
25.1788	-2
25.2488	-2
25.5835	-2
26.9779	-2
27.3105	-2
27.4398	-2
28.7053	1
35.8387	-1
42.9721	-1
50.1055	-1
57.2390	-1
64.3724	-1
71.5058	-1
78.6394	-1
85.7729	-1
92.9065	-1
100.0400	-1
107.1736	-1
114.3072	-1
121.4410	1
128.5750	1
135.7089	1
142.8429	1
149.9784	-1
157.1140	-1
164.2496	-1
171.3852	-1
178.5208	-1
185.6564	-1
192.7921	-1
199.9277	-1
207.0634	-1
214.1991	-1
221.3348	-1
228.4705	-1
235.6063	-1
242.7421	-1
249.8779	-1
257.0137	-1
264.1495	-1
271.2853	-1
278.4212	-1
285.5572	-1
292.6931	-1
299.8290	-1
306.9650	-1
314.1009	-1
321.2371	1
328.3732	1
335.5094	1
342.6457	1
349.7820	1
356.9184	1
364.0551	1
371.1918	1
378.3296	-1
385.4673	-1
392.6051	-1
399.7429	-1
406.8806	-1
414.0184	-1
421.1573	1
428.2963	1
435.4362	-1
442.5762	-1
449.7161	-1
456.8560	-1
463.9959	-1
471.1359	-1
478.2759	-1
485.4160	-1
492.5561	-1
499.6962	-1
506.8362	-1
513.9763	-1
521.1165	-1
528.2567	-1
535.3969	-1
542.5371	-1
549.6773	-1
556.8175	-1
563.9578	-1
571.0981	-1
578.2385	-1
585.3788	-1
592.5191	-1
599.6594	-1
606.7998	-1
613.9402	-1
621.0806	-1
628.2209	-1
635.3614	-1
642.5018	-1
649.6423	-1
656.7828	-1
663.9233	-1
671.0638	-1
678.2043	-1
685.3448	-1
692.4855	-1
699.6261	-1
706.7667	-1
713.9073	-1
721.0480	-1
728.1886	-1
735.3297	-1
742.4708	-1
749.6119	-1
756.7531	-1
763.8942	-1
771.0353	-1
778.1766	1
785.3180	1
792.4594	1
799.6008	1
806.7423	1
813.8845	-1
821.0267	-1
828.1689	-1
835.3112	-1
842.4534	-1
849.5956	-1
856.7397	-1
863.8838	-1
871.0279	-1
878.1720	-1
885.3161	-1
892.4602	-1
899.6044	-1
906.7486	-1
913.8928	-1
921.0370	-1
928.1813	-1
935.3255	-1
942.4698	-1
949.6141	-1
956.7584	-1
963.9026	-1
971.0470	-1
978.1913	-1
985.3358	-1
992.4802	-1
999.6246	-1
1006.7690	-1
1013.9134	-1
1021.0578	-1
1028.2023	-1
1035.3468	-1
1042.4913	-1
1049.6359	-1
1056.7804	-1
1063.9352	1
1071.0912	-1
1078.2474	1
1085.4037	1
1092.5605	-1
1099.7174	-1
1106.8743	-1
1114.0311	-1
1121.1880	-1
1128.3448	-1
1135.5018	-1
1142.6588	-1
1149.8158	-1
1156.9728	-1
1164.1298	-1
1171.2867	-1
1178.4440	1
1185.6013	1
1192.7587	1
1199.9160	1
1207.0740	-1
1214.2319	-1
1221.3899	-1
1228.5479	-1
1235.7058	-1
1242.8638	-1
1250.0219	-1
1257.1799	-1
1264.3380	-1
1271.4961	-1
1278.6542	-1
1285.8123	-1
1292.9706	-1
1300.1289	-1
1307.2872	-1
1314.4456	-1
1321.6039	-1
1328.7622	-1
1335.9205	-1
1343.0789	-1
1350.2372	-1
1357.3955	-1
1364.5538	-1
1371.7122	-1
1378.8708	1
1386.0295	1
1393.1884	1
1400.3472	1
1407.5060	1
1414.6649	1
1421.8239	1
1428.9828	1
1436.1427	-1
1443.3026	-1
1450.4625	-1
1457.6224	-1
1464.7823	-1
1471.9423	-1
1479.1023	-1
1486.2623	-1
1493.4224	-1
1500.5824	-1
1507.7424	-1
1514.9025	-1
1522.0632	-1
1529.2240	-1
1536.3848	-1
1543.5455	-1
1550.7063	-1
1557.8671	-1
1565.0278	-1
1572.1887	-1
1579.3496	-1
1586.5105	-1
1593.6714	-1
1600.8323	-1
1607.9932	-1
1615.1542	-1
1622.3152	-1
1629.4762	-1
1636.6372	-1
1643.7982	-1
1650.9592	-1
1658.1202	-1
1665.2812	-1
1672.4424	-1
1679.6035	-1
1686.7646	-1
1693.9258	-1
1701.0869	-1
1708.2480	-1
1715.4092	-1
1722.5703	-1
1729.7314	-1
1736.8927	-1
1744.0540	-1
1751.2152	-1
1758.3765	-1
1765.5377	-1
1772.6990	-1
1779.8605	1
1787.0227	-1
1794.1849	-1
1801.3472	-1
1808.5195	1
1815.6931	-1
1822.8669	1
1830.0409	1
1837.2153	-1
1844.3898	-1
1851.5642	-1
1858.7386	-1
1865.9131	-1
1873.0875	-1
1880.2621	-1
1887.4366	-1
1894.6112	-1
1901.7858	-1
1908.9603	-1
1916.1349	-1
1923.3097	1
1930.4846	1
1937.6595	1
1944.8346	1
1952.0101	-1
1959.1857	-1
1966.3612	-1
1973.5367	-1
1980.7123	-1
1987.8878	-1
1995.0635	-1
2002.2391	-1
2009.4148	-1
2016.5905	-1
2023.7661	-1
2030.9418	-1
2038.1178	-1
2045.2938	-1
2052.4697	-1
2059.6458	-1
2066.8218	-1
2073.9978	-1
2081.1738	-1
2088.3499	-1
2095.5259	-1
2102.7019	-1
2109.8779	-1
2117.0540	-1
2124.2300	1
2131.4062	1
2138.5830	-1
2145.7598	-1
2152.9365	-1
2160.1133	-1
2167.2900	-1
2174.4668	-1
2181.6436	-1
2188.8203	-1
2195.9971	-1
2203.1836	1
2210.3713	-1
2217.5593	1
2224.7473	1
2231.9363	-1
2239.1252	-1
2246.3235	1
2253.5229	-1
2260.7227	1
2267.9224	1
2275.1228	-1
2282.3232	-1
2289.5237	-1
2296.7241	-1
2303.9246	-1
2311.1250	-1
2318.3254	-1
2325.5259	-1
2332.7263	-1
2339.9268	-1
2347.1272	-1
2354.3276	-1
2361.5283	1
2368.7290	1
2375.9299	1
2383.1309	1
2390.3323	-1
2397.5337	-1
2404.7351	-1
2411.9365	-1
2419.1379	-1
2426.3394	-1
2433.5410	-1
2440.7427	-1
2447.9443	-1
2455.1460	-1
2462.3477	-1
2469.5493	-1
2476.7510	-1
2483.9526	-1
2491.1543	-1
2498.3560	-1
2505.5576	-1
2512.7595	-1
2519.9614	-1
2527.1633	-1
2534.3652	-1
2541.5671	-1
2548.7690	-1
2555.9709	-1
2563.1733	1
2570.3757	1
2577.5784	1
2584.7810	1
2591.9836	1
2599.1863	1
2606.3889	1
2613.5916	1
2620.7944	-1
2627.9976	-1
2635.2007	-1
2642.4038	-1
2649.6069	-1
2656.8101	-1
2664.0134	1
2671.2168	1
2678.4204	-1
2685.6240	-1
2692.8276	-1
2700.0312	-1
2707.2349	-1
2714.4385	-1
2721.6426	1
2728.8467	1
2736.0510	-1
2743.2554	-1
2750.4597	-1
2757.6641	-1
2764.8684	-1
2772.0728	-1
2779.2773	-1
2786.4819	-1
2793.6865	-1
2800.8911	-1
2808.0957	-1
2815.3003	-1
2822.5049	-1
2829.7095	-1
2836.9141	-1
2844.1187	-1
2851.3232	-1
2858.5278	-1
2865.7329	-1
2872.9380	-1
2880.1431	-1
2887.3481	-1
2894.5532	-1
2901.7583	-1
2908.9634	-1
2916.1685	-1
2923.3735	-1
2930.5786	-1
2937.7837	-1
2944.9888	-1
2952.1941	-1
2959.3994	-1
2966.6047	-1
2973.8101	-1
2981.0154	-1
2988.2207	-1
2995.4263	1
3002.6318	1
3009.8379	-1
3017.0439	-1
3024.2500	-1
3031.4561	-1
3038.6621	-1
3045.8682	-1
3053.0750	-1
3060.2817	-1
3067.4885	-1
3074.6953	-1
3081.9021	-1
3089.1089	-1
3096.3159	-1
3103.5229	-1
3110.7300	-1
3117.9370	-1
3125.1440	-1
3132.3511	-1
3139.5581	-1
3146.7651	-1
3153.9722	-1
3161.1792	-1
3168.3862	-1
3175.5933	-1
3182.8003	-1
3190.0073	-1
3197.2144	-1
3204.4214	-1
3211.6284	-1
3218.8354	-1
3226.0427	-1
3233.2500	-1
3240.4666	1
3247.6843	-1
3254.9023	1
3262.1206	1
3269.3391	-1
3276.5579	-1
3283.7766	-1
3290.9958	-1
3298.2236	1
3305.4526	-1
3312.6819	1
3319.9111	1
3327.1414	-1
3334.3716	-1
3341.6018	-1
3348.8320	-1
3356.0623	-1
3363.3020	1
3370.5430	-1
3377.7842	1
3385.0254	1
3392.2678	-1
3399.5103	-1
3406.7527	-1
3413.9951	-1
3421.2375	-1
3428.4800	-1
3435.7224	-1
3442.9648	-1
3450.2073	-1
3457.4497	-1
3464.6921	-1
3471.9346	-1
3479.1777	1
3486.4209	1
3493.6641	1
3500.9075	1
3508.1519	-1
3515.3962	-1
3522.6406	-1
3529.8850	-1
3537.1294	-1
3544.3738	-1
3551.6189	1
3558.8640	1
3566.1094	-1
3573.3547	-1
3580.6001	-1
3587.8455	-1
3595.0908	-1
3602.3362	-1
3609.5820	1
3616.8279	1
3624.0740	-1
3631.3201	-1
3638.5662	-1
3645.8123	-1
3653.0583	-1
3660.3044	-1
3667.5513	1
3674.7988	1
3682.0466	-1
3689.2944	-1
3696.5422	-1
3703.7900	-1
3711.0378	-1
3718.2856	-1
3725.5339	1
3732.7825	-1
3740.0310	-1
3747.2795	-1
3754.5281	-1
3761.7766	-1
3769.0251	-1
3776.2742	1
3783.5237	-1
3790.7732	-1
3798.0227	-1
3805.2722	-1
3812.5217	-1
3819.7712	-1
3827.0217	1
3834.2722	1
3841.5227	-1
3848.7732	-1
3856.0237	-1
3863.2742	-1
3870.5247	-1
3877.7751	-1
3885.0259	-1
3892.2766	-1
3899.5273	-1
3906.7781	-1
3914.0288	-1
3921.2795	-1
3928.5303	-1
3935.7810	-1
3943.0317	-1
3950.2825	-1
3957.5332	-1
3964.7839	-1
3972.0359	1
3979.2878	1
3986.5400	-1
3993.7922	-1
4001.0444	-1
4008.2966	-1
4015.5488	-1
4022.8013	-1
4030.0537	-1
4037.3062	-1
4044.5586	-1
4051.8110	-1
4059.0635	-1
4066.3159	-1
4073.5686	-1
4080.8213	-1
4088.0740	-1
4095.3267	-1
4102.5796	-1
4109.8325	-1
4117.0864	-1
4124.3403	-1
4131.5942	-1
4138.8481	-1
4146.1021	-1
4153.3560	-1
4160.6113	-1
4167.8667	-1
4175.1221	-1
4182.3774	-1
4189.6333	-1
4196.8892	-1
4204.1450	-1
4211.4009	-1
4218.6567	-1
4225.9126	-1
4233.1685	-1
4240.4243	-1
4247.6802	-1
4254.9360	-1
4262.1919	-1
4269.4629	1
4276.7354	-1
4284.0078	1
4291.2803	1
4298.5542	-1
4305.8281	-1
4313.1021	-1
4320.3760	-1
4327.6499	-1
4334.9238	-1
4342.1982	-1
4349.4727	-1
4356.7471	-1
4364.0215	-1
4371.2959	-1
4378.5703	-1
4385.8452	1
4393.1201	1
4400.3950	1
4407.6699	1
4414.9463	-1
4422.2227	-1
4429.4990	-1
4436.7754	-1
4444.0518	-1
4451.3281	-1
4458.6050	1
4465.8818	1
4473.1592	-1
4480.4365	-1
4487.7139	-1
4494.9912	-1
4502.2686	-1
4509.5459	-1
4516.8232	-1
4524.1006	-1
4531.3779	-1
4538.6553	-1
4545.9326	-1
4553.2100	-1
4560.4878	-1
4567.7656	-1
4575.0435	-1
4582.3213	-1
4589.5991	-1
4596.8770	-1
4604.1553	1
4611.4336	1
4618.7119	1
4625.9902	1
4633.2710	-1
4640.5518	-1
4647.8325	-1
4655.1133	-1
4662.3940	-1
4669.6748	-1
4676.9556	-1
4684.2363	-1
4691.5171	-1
4698.7979	-1
4706.0786	-1
4713.3594	-1
4720.6406	-1
4727.9219	-1
4735.2031	-1
4742.4844	-1
4749.7656	-1
4757.0469	-1
4764.3281	-1
4771.6094	-1
4778.8906	-1
4786.1719	-1
4793.4531	-1
4800.7344	-1
4808.0156	-1
4815.2969	-1
4822.5781	-1
4829.8594	-1
4837.1406	-1
4844.4219	-1
4851.7036	-1
4858.9854	-1
4866.2671	-1
4873.5635	1
4880.8613	-1
4888.1597	1
4895.4580	1
4902.7578	-1
4910.0576	-1
4917.3574	-1
4924.6572	-1
4931.9570	-1
4939.2568	-1
4946.5566	-1
4953.8564	-1
4961.1562	-1
4968.4561	-1
4975.7559	-1
4983.0557	-1
4990.3560	1
4997.6562	-1
5004.9565	1
5012.2568	1
5019.5576	1
5026.8589	1
5034.1616	-1
5041.4644	-1
5048.7671	-1
5056.0698	-1
5063.3726	-1
5070.6753	-1
5077.9780	-1
5085.2808	-1
5092.5835	-1
5099.8862	-1
5107.1890	-1
5114.4917	-1
5121.7949	-1
5129.0981	-1
5136.4014	-1
5143.7046	-1
5151.0078	-1
5158.3110	-1
5165.6147	1
5172.9185	1
5180.2222	-1
5187.5259	-1
5194.8296	-1
5202.1333	-1
5209.4370	1
5216.7407	-1
5224.0444	-1
5231.3481	1
5238.6523	1
5245.9565	1
5253.2607	1
5260.5649	1
5267.8716	-1
5275.1782	-1
5282.4849	-1
5289.7915	-1
5297.0981	-1
5304.4048	-1
5311.7114	-1
5319.0181	-1
5326.3247	-1
5333.6313	-1
5340.9380	-1
5348.2446	-1
5355.5518	-1
5362.8589	-1
5370.1660	-1
5377.4731	-1
5384.7803	-1
5392.0874	-1
5399.3950	-1
5406.7026	-1
5414.0103	-1
5421.3179	-1
5428.6255	-1
5435.9331	-1
5443.2412	-1
5450.5493	-1
5457.8574	-1
5465.1655	-1
5472.4736	-1
5479.7817	-1
5487.0903	-1
5494.3989	-1
5501.7075	-1
5509.0161	-1
5516.3247	-1
5523.6333	-1
5530.9424	-1
5538.2515	-1
5545.5605	-1
5552.8696	-1
5560.1787	-1
5567.4878	-1
5574.7969	-1
5582.1162	1
5589.4370	-1
5596.7578	1
5604.0786	1
5611.4004	-1
5618.7222	-1
5626.0439	-1
5633.3657	-1
5640.6875	-1
5648.0093	-1
5655.3315	-1
5662.6631	1
5669.9956	-1
5677.3286	1
5684.6616	1
5691.9951	-1
5699.3286	-1
5706.6626	-1
5714.0098	1
5721.3584	-1
5728.7070	1
5736.0562	1
5743.4062	-1
5750.7563	-1
5758.1064	-1
5765.4565	-1
5772.8159	1
5780.1768	-1
5787.5376	1
5794.8989	1
5802.2612	-1
5809.6235	-1
5816.9858	-1
5824.3628	1
5831.7412	-1
5839.1196	1
5846.4980	1
5853.8770	-1
5861.2568	-1
5868.6460	1
5876.0366	-1
5883.4272	1
5890.8184	1
5898.2104	-1
5905.6025	-1
5913.0039	1
5920.4062	-1
5927.8091	1
5935.2119	1
5942.6157	-1
5950.0195	-1
5957.4233	-1
5964.8271	-1
5972.2402	1
5979.6543	-1
5987.0688	1
5994.4834	1
6001.8984	-1
6009.3135	-1
6016.7285	-1
6024.1440	-1
6031.5688	1
6038.9951	-1
6046.4214	1
6053.8477	1
6061.2754	-1
6068.7031	-1
6076.1309	-1
6083.5713	1
6091.0132	-1
6098.4556	1
6105.8979	1
6113.3418	-1
6120.7856	-1
6128.2295	-1
6135.6733	-1
6143.1172	-1
6150.5610	-1
6158.0049	-1
6165.4487	-1
6172.8926	-1
6180.3364	-1
6187.7803	-1
6195.2241	-1
6202.6685	1
6210.1128	1
6217.5586	-1
6225.0044	-1
6232.4502	-1
6239.8960	-1
6247.3418	-1
6254.7876	-1
6262.2334	-1
6269.6890	1
6277.1460	-1
6284.6030	1
6292.0601	1
6299.5181	-1
6306.9761	-1
6314.4438	1
6321.9126	-1
6329.3818	1
6336.8511	1
6344.3213	-1
6351.7915	-1
6359.2617	-1
6366.7412	1
6374.2222	-1
6381.7031	1
6389.1841	1
6396.6665	-1
6404.1489	-1
6411.6313	-1
6419.1138	-1
6426.5962	-1
6434.0786	-1
6441.5610	-1
6449.0435	-1
6456.5259	-1
6464.0176	1
6471.5103	-1
6479.0034	1
6486.4966	1
6493.9907	-1
6501.4849	-1
6508.9790	-1
6516.4731	-1
6523.9673	-1
6531.4614	-1
6538.9561	-1
6546.4507	-1
6553.9453	-1
6561.4399	-1
6568.9346	-1
6576.4292	-1
6583.9238	1
6591.4185	1
6598.9131	1
6606.4077	1
6613.9043	-1
6621.4009	-1
6628.8975	-1
6636.3940	-1
6643.8906	-1
6651.3872	-1
6658.8838	-1
6666.3804	-1
6673.8770	-1
6681.3735	-1
6688.8701	-1
6696.3667	-1
6703.8633	-1
6711.3599	-1
6718.8564	-1
6726.3530	-1
6733.8496	-1
6741.3462	-1
6748.8428	-1
6756.3394	-1
6763.8359	-1
6771.3330	-1
6778.8301	-1
6786.3271	-1
6793.8242	1
6801.3213	1
6808.8184	1
6816.3154	1
6823.8125	1
6831.3115	-1
6838.8105	-1
6846.3096	-1
6853.8086	-1
6861.3076	-1
6868.8066	-1
6876.3057	-1
6883.8047	-1
6891.3037	-1
6898.8032	-1
6906.3027	-1
6913.8022	-1
6921.3018	-1
6928.8013	-1
6936.3008	-1
6943.8003	-1
6951.2998	-1
6958.7993	-1
6966.2988	-1
6973.7983	-1
6981.2979	-1
6988.7974	-1
6996.2969	-1
7003.7964	-1
7011.2964	-1
7018.7964	-1
7026.2964	-1
7033.7964	-1
7041.2964	-1
7048.7964	-1
7056.3057	1
7063.8159	-1
7071.3267	1
7078.8374	1
7086.3491	-1
7093.8608	-1
7101.3726	-1
7108.8843	-1
7116.3960	-1
7123.9077	-1
7131.4194	-1
7138.9312	-1
7146.4429	-1
7153.9546	-1
7161.4663	-1
7168.9780	-1
7176.4902	1
7184.0024	1
7191.5146	1
7199.0269	1
7206.5415	-1
7214.0562	-1
7221.5708	-1
7229.0854	-1
7236.6001	-1
7244.1147	-1
7251.6294	-1
7259.1440	-1
7266.6587	-1
7274.1733	-1
7281.6880	-1
7289.2026	-1
7296.7173	-1
7304.2319	-1
7311.7466	-1
7319.2612	-1
7326.7759	-1
7334.2905	-1
7341.8052	-1
7349.3198	-1
7356.8345	-1
7364.3491	-1
7371.8638	-1
7379.3784	-1
7386.8936	1
7394.4092	1
7401.9263	-1
7409.4434	-1
7416.9604	-1
7424.4775	-1
7431.9946	-1
7439.5117	-1
7447.0288	-1
7454.5459	-1
7462.0732	1
7469.6016	-1
7477.1304	1
7484.6592	1
7492.1895	-1
7499.7197	-1
7507.2500	-1
7514.7803	-1
7522.3105	-1
7529.8408	-1
7537.3711	-1
7544.9014	-1
7552.4316	-1
7559.9619	-1
7567.4922	-1
7575.0225	-1
7582.5532	1
7590.0840	1
7597.6147	1
7605.1455	1
7612.6782	-1
7620.2109	-1
7627.7437	-1
7635.2764	-1
7642.8091	-1
7650.3418	-1
7657.8745	-1
7665.4072	-1
7672.9399	-1
7680.4727	-1
7688.0054	-1
7695.5381	-1
7703.0708	-1
7710.6035	-1
7718.1362	-1
7725.6689	-1
7733.2017	-1
7740.7344	-1
7748.2671	-1
7755.7998	-1
7763.3325	-1
7770.8652	-1
7778.3979	-1
7785.9307	-1
7793.4639	1
7800.9971	1
7808.5303	1
7816.0635	1
7823.5972	1
7831.1309	1
7838.6650	1
7846.1992	1
7853.7358	-1
7861.2725	-1
7868.8091	-1
7876.3457	-1
7883.8823	-1
7891.4189	-1
7898.9556	-1
7906.4922	-1
7914.0288	-1
7921.5654	-1
7929.1021	-1
7936.6387	-1
7944.1758	-1
7951.7129	-1
7959.2500	-1
7966.7871	-1
7974.3242	-1
7981.8613	-1
7989.3984	-1
7996.9355	-1
8004.4727	-1
8012.0098	-1
8019.5469	-1
8027.0840	-1
8034.6226	1
8042.1611	-1
8049.6997	-1
8057.2383	-1
8064.7769	-1
8072.3154	-1
8079.8545	-1
8087.3940	-1
8094.9336	-1
8102.4731	-1
8110.0127	-1
8117.5522	-1
8125.0918	-1
8132.6313	-1
8140.1709	-1
8147.7104	-1
8155.2500	-1
8162.7896	-1
8170.3291	-1
8177.8691	-1
8185.4092	-1
8192.9492	-1
8200.4893	-1
8208.0293	-1
8215.5693	-1
8223.1104	-1
8230.6514	-1
8238.1924	-1
8245.7334	-1
8253.2744	-1
8260.8252	1
8268.3779	-1
8275.9307	1
8283.4834	1
8291.0381	-1
8298.5928	-1
8306.1475	-1
8313.7021	-1
8321.2568	-1
8328.8115	-1
8336.3662	-1
8343.9209	-1
8351.4756	-1
8359.0303	-1
8366.5850	-1
8374.1396	-1
8381.6953	1
8389.2510	1
8396.8066	1
8404.3623	1
8411.9199	-1
8419.4775	-1
8427.0352	-1
8434.5928	-1
8442.1504	-1
8449.7080	-1
8457.2656	-1
8464.8232	-1
8472.3809	-1
8479.9385	-1
8487.4961	-1
8495.0537	-1
8502.6113	-1
8510.1689	-1
8517.7266	-1
8525.2842	-1
8532.8418	-1
8540.3994	-1
8547.9580	1
8555.5166	1
8563.0752	1
8570.6338	1
8578.1924	1
8585.7510	1
8593.3096	-1
8600.8682	-1
8608.4268	-1
8615.9854	-1
8623.5439	-1
8631.1025	-1
8638.6621	1
8646.2217	1
8653.7852	-1
8661.3486	-1
8668.9121	-1
8676.4756	-1
8684.0391	-1
8691.6025	-1
8699.1660	-1
8706.7295	-1
8714.2930	-1
8721.8564	-1
8729.4199	-1
8736.9834	-1
8744.5479	-1
8752.1123	-1
8759.6768	-1
8767.2412	-1
8774.8057	-1
8782.3701	-1
8789.9346	-1
8797.4990	-1
8805.0635	-1
8812.6279	-1
8820.1924	-1
8827.7568	-1
8835.3223	1
8842.8877	-1
8850.4531	-1
8858.0186	-1
8865.5840	-1
8873.1494	1
8880.7148	-1
8888.2803	-1
8895.8457	-1
8903.4111	-1
8910.9766	-1
8918.5420	-1
8926.1074	-1
8933.6729	-1
8941.2383	-1
8948.8037	-1
8956.3691	-1
8963.9346	-1
8971.5000	-1
8979.0654	-1
8986.6309	-1
8994.1963	-1
9001.7617	-1
9009.3271	-1
9016.8926	-1
9024.4580	-1
9032.0264	-1
9039.5947	-1
9047.1631	-1
9054.7314	-1
9062.2998	-1
9069.8682	-1
9077.4365	-1
9085.0049	-1
9092.5869	1
9100.1699	-1
9107.7529	1
9115.3359	1
9122.9199	-1
9130.5039	-1
9138.0879	-1
9145.6719	-1
9153.2559	-1
9160.8398	-1
9168.4238	-1
9176.0078	-1
9183.5918	-1
9191.1758	-1
9198.7598	-1
9206.3438	-1
9213.9287	1
9221.5137	-1
9229.0986	-1
9236.6836	-1
9244.2686	-1
9251.8682	1
9259.4688	-1
9267.0693	1
9274.6699	1
9282.2725	-1
9289.8750	-1
9297.4775	-1
9305.0801	-1
9312.6826	-1
9320.2852	-1
9327.8877	-1
9335.4902	-1
9343.0928	-1
9350.6953	-1
9358.2979	-1
9365.9004	-1
9373.5029	1
9381.1064	1
9388.7109	-1
9396.3154	-1
9403.9199	-1
9411.5244	-1
9419.1289	-1
9426.7334	-1
9434.3379	-1
9441.9424	-1
9449.5566	1
9457.1719	-1
9464.7871	1
9472.4023	1
9480.0186	-1
9487.6348	-1
9495.2510	-1
9502.8672	-1
9510.4834	-1
9518.0996	-1
9525.7158	-1
9533.3320	-1
9540.9482	-1
9548.5645	-1
9556.1807	-1
9563.7969	-1
9571.4131	1
9579.0303	1
9586.6475	1
9594.2646	1
9601.8818	-1
9609.4990	-1
9617.1162	-1
9624.7334	-1
9632.3506	-1
9639.9678	-1
9647.5859	1
9655.2041	1
9662.8223	-1
9670.4404	-1
9678.0586	-1
9685.6768	-1
9693.2949	-1
9700.9131	-1
9708.5312	-1
9716.1494	-1
9723.7676	-1
9731.3857	-1
9739.0039	-1
9746.6221	-1
9754.2402	1
9761.8584	1
9769.4766	-1
9777.0947	-1
9784.7129	-1
9792.3311	-1
9799.9492	-1
9807.5674	-1
9815.1855	1
9822.8037	1
9830.4219	1
9838.0400	1
9845.6592	-1
9853.2783	-1
9860.8975	-1
9868.5166	-1
9876.1357	-1
9883.7549	-1
9891.3740	-1
9898.9932	-1
9906.6123	-1
9914.2314	-1
9921.8506	-1
9929.4697	-1
9937.0889	1
9944.7080	1
9952.3281	-1
9959.9482	-1
9967.5684	-1
9975.1885	-1
9982.8086	-1
9990.4287	-1
9998.0488	-1
10005.6689	-1
10013.2891	-1
10020.9092	-1
10028.5293	-1
10036.1494	-1
10043.7705	1
10051.3916	1
10059.0127	1
10066.6338	1
10074.2549	1
10081.8760	-1
10089.4971	-1
10097.1182	-1
10104.7393	-1
10112.3604	-1
10119.9814	-1
10127.6025	1
10135.2236	-1
10142.8447	-1
10150.4658	-1
10158.0869	-1
10165.7080	-1
10173.3291	-1
10180.9502	-1
10188.5713	-1
10196.1924	-1
10203.8135	-1
10211.4346	-1
10219.0557	-1
10226.6768	1
10234.2979	1
10241.9189	-1
10249.5400	-1
10257.1611	-1
10264.7822	-1
10272.4033	-1
10280.0244	-1
10287.6465	-1
10295.2686	-1
10302.8906	-1
10310.5127	-1
10318.1348	-1
10325.7568	-1
10333.3789	1
10341.0010	1
10348.6230	1
10356.2451	1
10363.8672	1
10371.4893	1
10379.1113	1
10386.7334	-1
10394.3555	-1
10401.9775	-1
10409.5996	-1
10417.2217	-1
10424.8438	-1
10432.4668	-1
10440.0898	-1
10447.7129	-1
10455.3359	-1
10462.9590	-1
10470.5820	-1
10478.2061	-1
10485.8301	-1
10493.4541	-1
10501.0781	-1
10508.7021	-1
10516.3262	-1
10523.9502	-1
10531.5742	-1
10539.1982	-1
10546.8223	-1
10554.4463	-1
10562.0703	-1
10569.6953	-1
10577.3203	-1
10584.9453	-1
10592.5703	-1
10600.1953	-1
10607.8203	-1
10615.4453	-1
10623.0703	-1
10630.6953	-1
10638.3203	-1
10645.9453	-1
10653.5703	-1
10661.1953	-1
10668.8203	-1
10676.4453	-1
10684.0703	-1
10691.6953	-1
10699.3203	-1
10706.9453	-1
10714.5703	-1
10722.1953	-1
10729.8203	-1
10737.4453	-1
10745.0703	-1
10752.6953	-1
10760.3203	-1
10767.9453	-1
10775.5703	-1
10783.1953	-1
10790.8203	-1
10798.4453	-1
10806.0703	-1
10813.6953	-1
10821.3203	-1
10828.9453	-1
10836.5703	-1
10844.1953	-1
10851.8203	-1
10859.4453	-1
10867.0703	-1
10874.6953	-1
10882.3203	-1
10889.9463	-1
10897.5723	-1
10905.1982	-1
10912.8242	-1
10920.4502	-1
10928.0762	-1
10935.7021	-1
10943.3281	-1
10950.9541	-1
10958.5801	-1
10966.2061	-1
10973.8320	-1
10981.4580	-1
10989.0840	-1
10996.7100	-1
11004.3359	-1
11011.9619	-1
11019.5879	-1
11027.2139	-1
11034.8398	-1
11042.4658	-1
11050.0918	-1
11057.7178	-1
11065.3438	-1
11072.9697	-1
11080.5957	-1
11088.2217	-1
11095.8486	-1
11103.4756	-1
11111.1025	-1
11118.7393	1
11126.3779	-1
11134.0166	1
11141.6553	1
11149.2949	-1
11156.9346	-1
11164.5742	-1
11172.2139	-1
11179.8535	-1
11187.4932	-1
11195.1338	-1
11202.7744	-1
11210.4150	-1
11218.0557	-1
11225.6963	-1
11233.3369	-1
11240.9775	1
11248.6182	1
11256.2588	1
11263.8994	1
11271.5430	-1
11279.1865	-1
11286.8301	-1
11294.4736	-1
11302.1172	-1
11309.7607	-1
11317.4043	-1
11325.0479	-1
11332.6914	-1
11340.3350	-1
11347.9785	-1
11355.6221	-1
11363.2656	-1
11370.9092	-1
11378.5527	-1
11386.1963	-1
11393.8398	-1
11401.4834	-1
11409.1270	1
11416.7715	1
11424.4160	1
11432.0605	1
11439.7051	1
11447.3496	-1
11454.9941	-1
11462.6387	-1
11470.2832	-1
11477.9277	-1
11485.5723	-1
11493.2168	1
11500.8613	1
11508.5068	1
11516.1553	-1
11523.8037	-1
11531.4521	-1
11539.1006	-1
11546.7490	-1
11554.3975	-1
11562.0459	1
11569.6943	1
11577.3438	-1
11584.9932	-1
11592.6426	-1
11600.2920	-1
11607.9414	-1
11615.5908	-1
11623.2412	-1
11630.8916	-1
11638.5420	-1
11646.1924	-1
11653.8428	-1
11661.4932	-1
11669.1445	-1
11676.7959	-1
11684.4473	-1
11692.0986	-1
11699.7500	-1
11707.4014	-1
11715.0527	-1
11722.7041	-1
11730.3555	-1
11738.0068	-1
11745.6582	-1
11753.3096	-1
11760.9609	-1
11768.6123	-1
11776.2637	-1
11783.9150	-1
11791.5664	-1
11799.2178	-1
11806.8691	-1
11814.5205	-1
11822.1719	-1
11829.8232	-1
11837.4746	-1
11845.1260	-1
11852.7783	-1
11860.4307	-1
11868.0830	-1
11875.7354	-1
11883.3877	-1
11891.0400	-1
11898.6924	-1
11906.3447	-1
11913.9971	-1
11921.6494	-1
11929.3018	-1
11936.9541	-1
11944.6064	-1
11952.2588	-1
11959.9111	-1
11967.5742	1
11975.2383	-1
11982.9023	1
11990.5664	1
11998.2324	-1
12005.8984	-1
12013.5645	-1
12021.2305	-1
12028.8965	-1
12036.5625	-1
12044.2285	-1
12051.8945	-1
12059.5732	1
12067.2529	-1
12074.9336	1
12082.6143	1
12090.2949	-1
12097.9756	-1
12105.6562	-1
12113.3369	-1
12121.0176	-1
12128.6982	-1
12136.3799	-1
12144.0615	-1
12151.7432	-1
12159.4248	-1
12167.1064	-1
12174.7881	-1
12182.4697	1
12190.1514	1
12197.8330	1
12205.5146	1
12213.1973	-1
12220.8799	-1
12228.5625	-1
12236.2451	-1
12243.9277	-1
12251.6104	-1
12259.2930	-1
12266.9756	-1
12274.6582	-1
12282.3408	-1
12290.0234	-1
12297.7061	-1
12305.3887	-1
12313.0713	-1
12320.7539	-1
12328.4365	-1
12336.1191	-1
12343.8018	-1
12351.4844	-1
12359.1670	-1
12366.8496	-1
12374.5322	-1
12382.2148	-1
12389.8975	-1
12397.5811	1
12405.2646	1
12412.9482	1
12420.6318	1
12428.3154	1
12435.9990	1
12443.6836	-1
12451.3682	-1
12459.0527	-1
12466.7373	-1
12474.4219	-1
12482.1064	-1
12489.7910	-1
12497.4756	-1
12505.1602	-1
12512.8447	-1
12520.5293	-1
12528.2139	-1
12535.8984	-1
12543.5830	-1
12551.2676	-1
12558.9521	-1
12566.6377	-1
12574.3232	-1
12582.0088	-1
12589.6943	-1
12597.3799	-1
12605.0654	-1
12612.7510	-1
12620.4365	-1
12628.1221	1
12635.8076	1
12643.4932	-1
12651.1787	-1
12658.8643	-1
12666.5498	-1
12674.2354	-1
12681.9209	-1
12689.6064	-1
12697.2920	-1
12704.9775	-1
12712.6631	-1
12720.3486	-1
12728.0342	-1
12735.7207	1
12743.4072	1
12751.0938	1
12758.7803	1
12766.4668	1
12774.1533	1
12781.8398	1
12789.5264	1
12797.2129	1
12804.9014	-1
12812.5898	-1
12820.2783	-1
12827.9668	-1
12835.6553	-1
12843.3438	-1
12851.0322	-1
12858.7207	-1
12866.4092	-1
12874.0977	-1
12881.7861	-1
12889.4746	-1
12897.1641	-1
12904.8535	-1
12912.5430	-1
12920.2324	-1
12927.9219	-1
12935.6113	-1
12943.3008	-1
12950.9902	-1
12958.6797	-1
12966.3691	-1
12974.0586	-1
12981.7480	-1
12989.4385	-1
12997.1289	-1
13004.8193	-1
13012.5098	-1
13020.2002	-1
13027.8906	-1
13035.5811	-1
13043.2715	-1
13050.9619	-1
13058.6523	-1
13066.3428	-1
13074.0332	-1
13081.7236	-1
13089.4141	-1
13097.1045	-1
13104.7949	-1
13112.4854	-1
13120.1758	-1
13127.8662	-1
13135.5566	-1
13143.2471	-1
13150.9375	-1
13158.6279	-1
13166.3184	-1
13174.0098	-1
13181.7012	-1
13189.3926	-1
13197.0840	-1
13204.7754	-1
13212.4668	-1
13220.1582	-1
13227.8496	-1
13235.5410	-1
13243.2324	-1
13250.9238	-1
13258.6152	-1
13266.3066	-1
13273.9980	-1
13281.6895	-1
13289.3945	1
13297.1006	-1
13304.8076	1
13312.5146	1
13320.2227	-1
13327.9307	-1
13335.6387	-1
13343.3467	-1
13351.0547	-1
13358.7627	-1
13366.4717	-1
13374.1807	-1
13381.8896	-1
13389.5986	-1
13397.3076	-1
13405.0166	-1
13412.7256	1
13420.4346	1
13428.1445	-1
13435.8545	-1
13443.5645	-1
13451.2744	-1
13458.9844	-1
13466.6943	-1
13474.4053	-1
13482.1162	-1
13489.8359	1
13497.5576	-1
13505.2793	1
13513.0010	1
13520.7236	-1
13528.4463	-1
13536.1689	-1
13543.8916	-1
13551.6143	-1
13559.3369	-1
13567.0596	-1
13574.7822	-1
13582.5049	-1
13590.2275	-1
13597.9502	-1
13605.6729	-1
13613.3955	1
13621.1182	1
13628.8418	-1
13636.5654	-1
13644.2891	-1
13652.0127	-1
13659.7363	-1
13667.4600	-1
13675.1836	-1
13682.9072	-1
13690.6309	-1
13698.3662	1
13706.1025	-1
13713.8398	1
13721.5771	1
13729.3154	-1
13737.0537	-1
13744.7920	-1
13752.5303	-1
13760.2686	-1
13768.0068	-1
13775.7451	-1
13783.4834	-1
13791.2217	-1
13798.9600	-1
13806.6982	-1
13814.4365	-1
13822.1758	1
13829.9150	1
13837.6543	1
13845.3936	1
13853.1348	-1
13860.8760	-1
13868.6172	-1
13876.3584	-1
13884.0996	-1
13891.8408	-1
13899.5820	-1
13907.3232	-1
13915.0645	-1
13922.8057	-1
13930.5469	-1
13938.2881	-1
13946.0303	-1
13953.7725	-1
13961.5146	-1
13969.2568	-1
13976.9990	-1
13984.7412	-1
13992.4834	-1
14000.2256	-1
14007.9678	-1
14015.7100	-1
14023.4521	-1
14031.1943	-1
14038.9365	1
14046.6787	1
14054.4209	1
14062.1631	1
14069.9053	1
14077.6475	1
14085.3906	1
14093.1338	1
14100.8789	-1
14108.6240	-1
14116.3691	-1
14124.1143	-1
14131.8594	-1
14139.6045	-1
14147.3506	-1
14155.0967	-1
14162.8428	-1
14170.5889	-1
14178.3350	-1
14186.0811	-1
14193.8271	-1
14201.5732	-1
14209.3193	-1
14217.0654	-1
14224.8115	-1
14232.5576	-1
14240.3037	1
14248.0498	1
14255.7969	-1
14263.5439	-1
14271.2910	-1
14279.0381	-1
14286.7852	-1
14294.5322	-1
14302.2793	-1
14310.0264	-1
14317.7734	-1
14325.5205	-1
14333.2676	-1
14341.0146	-1
14348.7617	-1
14356.5088	-1
14364.2559	-1
14372.0029	-1
14379.7500	-1
14387.4971	-1
14395.2441	-1
14402.9912	-1
14410.7393	-1
14418.4873	-1
14426.2354	-1
14433.9834	-1
14441.7314	-1
14449.4795	1
14457.2275	-1
14464.9756	-1
14472.7236	-1
14480.4717	-1
14488.2197	-1
14495.9678	1
14503.7158	1
14511.4639	1
14519.2119	1
14526.9600	1
14534.7090	1
14542.4580	1
14550.2070	1
14557.9561	1
14565.7051	1
14573.4541	1
14581.2031	1
14588.9521	1
14596.7051	-1
14604.4580	-1
14612.2109	-1
14619.9639	-1
14627.7168	-1
14635.4697	-1
14643.2227	-1
14650.9756	-1
14658.7285	-1
14666.4814	-1
14674.2344	-1
14681.9873	-1
14689.7422	1
14697.4971	1
14705.2520	1
14713.0068	1
14720.7627	-1
14728.5186	-1
14736.2744	-1
14744.0303	-1
14751.7861	-1
14759.5420	-1
14767.2988	-1
14775.0557	-1
14782.8125	-1
14790.5693	-1
14798.3262	-1
14806.0830	-1
14813.8398	-1
14821.5967	-1
14829.3535	-1
14837.1104	-1
14844.8672	-1
14852.6240	-1
14860.3809	-1
14868.1377	-1
14875.8945	-1
14883.6514	-1
14891.4082	-1
14899.1650	-1
14906.9229	-1
14914.6807	-1
14922.4385	-1
14930.1963	-1
14937.9541	-1
14945.7119	-1
14953.4697	-1
14961.2275	-1
14968.9854	-1
14976.7432	-1
14984.5010	-1
14992.2588	-1
15000.0166	-1
15007.7744	-1
15015.5322	-1
15023.2900	-1
15031.0479	-1
15038.8057	-1
15046.5654	1
15054.3252	1
15062.0850	1
15069.8447	-1
15077.6045	-1
15085.3643	-1
15093.1240	-1
15100.8838	-1
15108.6436	-1
15116.4043	-1
15124.1650	-1
15131.9258	-1
15139.6865	-1
15147.4473	-1
15155.2080	-1
15162.9688	-1
15170.7295	-1
15178.4902	-1
15186.2510	-1
15194.0117	-1
15201.7725	-1
15209.5332	-1
15217.2939	-1
15225.0547	-1
15232.8154	-1
15240.5762	-1
15248.3369	-1
15256.0986	-1
15263.8604	-1
15271.6221	-1
15279.3838	-1
15287.1455	-1
15294.9072	-1
15302.6689	-1
15310.4307	-1
15318.1924	-1
15325.9541	-1
15333.7158	-1
15341.4775	-1
15349.2393	-1
15357.0010	-1
15364.7627	-1
15372.5244	-1
15380.2861	-1
15388.0479	-1
15395.8115	-1
15403.5752	-1
15411.3389	-1
15419.1025	-1
15426.8662	-1
15434.6299	-1
15442.3936	-1
15450.1572	-1
15457.9209	-1
15465.6846	-1
15473.4482	-1
15481.2119	-1
15488.9766	-1
15496.7412	-1
15504.5059	-1
15512.2705	-1
15520.0352	-1
15527.7998	-1
15535.5645	-1
15543.3291	-1
15551.0938	-1
15558.8584	-1
15566.6230	-1
15574.3877	-1
15582.1523	-1
15589.9170	-1
15597.6816	-1
15605.4463	-1
15613.2109	-1
15620.9756	-1
15628.7402	-1
15636.5049	-1
15644.2695	-1
15652.0342	-1
15659.7988	-1
15667.5635	-1
15675.3281	-1
15683.1074	1
15690.8887	-1
15698.6699	1
15706.4512	1
15714.2344	-1
15722.0176	-1
15729.8008	-1
15737.5840	-1
15745.3672	-1
15753.1504	-1
15760.9336	-1
15768.7168	-1
15776.5000	-1
15784.2832	-1
15792.0664	-1
15799.8496	-1
15807.6475	1
15815.4463	-1
15823.2451	1
15831.0439	1
15838.8438	-1
15846.6436	-1
15854.4434	-1
15862.2432	-1
15870.0430	-1
15877.8428	-1
15885.6426	-1
15893.4424	-1
15901.2422	-1
15909.0420	-1
15916.8418	-1
15924.6416	-1
15932.4424	1
15940.2432	1
15948.0439	1
15955.8447	1
15963.6455	-1
15971.4463	-1
15979.2471	-1
15987.0479	-1
15994.8486	-1
16002.6494	-1
16010.4512	1
16018.2529	1
16026.0547	-1
16033.8564	-1
16041.6582	-1
16049.4600	-1
16057.2617	-1
16065.0635	-1
16072.8652	-1
16080.6670	-1
16088.4688	-1
16096.2705	-1
16104.0723	-1
16111.8740	-1
16119.6768	-1
16127.4795	-1
16135.2822	-1
16143.0850	-1
16150.8877	-1
16158.6904	-1
16166.4932	1
16174.2959	1
16182.0986	1
16189.9014	1
16197.7041	1
16205.5068	1
16213.3105	-1
16221.1143	-1
16228.9180	-1
16236.7217	-1
16244.5254	-1
16252.3291	-1
16260.1328	1
16267.9365	-1
16275.7402	-1
16283.5439	-1
16291.3477	-1
16299.1514	-1
16306.9551	-1
16314.7588	1
16322.5625	1
16330.3662	1
16338.1719	-1
16345.9775	-1
16353.7832	-1
16361.5889	-1
16369.3945	-1
16377.2002	-1
16385.0059	-1
16392.8125	-1
16400.6191	-1
16408.4258	-1
16416.2324	-1
16424.0391	-1
16431.8457	-1
16439.6523	-1
16447.4590	-1
16455.2656	-1
16463.0723	-1
16470.8789	-1
16478.6855	-1
16486.4922	-1
16494.2988	-1
16502.1055	-1
16509.9121	-1
16517.7188	-1
16525.5254	-1
16533.3320	-1
16541.1387	-1
16548.9453	-1
16556.7520	-1
16564.5586	-1
16572.3652	-1
16580.1719	-1
16587.9785	-1
16595.7852	-1
16603.5918	-1
16611.3984	-1
16619.2051	-1
16627.0117	-1
16634.8184	-1
16642.6250	-1
16650.4316	-1
16658.2383	-1
16666.0449	1
16673.8516	1
16681.6582	1
16689.4648	1
16697.2715	1
16705.0781	1
16712.8848	1
16720.6914	1
16728.4980	-1
16736.3047	-1
16744.1113	-1
16751.9180	-1
16759.7246	-1
16767.5312	-1
16775.3379	1
16783.1445	1
16790.9512	1
16798.7578	1
16806.5645	1
16814.3711	1
16822.1797	-1
16829.9883	-1
16837.7969	-1
16845.6055	-1
16853.4141	-1
16861.2227	-1
16869.0312	1
16876.8398	1
16884.6484	-1
16892.4570	-1
16900.2656	-1
16908.0742	-1
16915.8828	-1
16923.6914	-1
16931.5000	1
16939.3086	1
16947.1172	-1
16954.9258	-1
16962.7344	-1
16970.5430	-1
16978.3516	-1
16986.1602	-1
16993.9688	1
17001.7773	-1
17009.5859	-1
17017.3945	-1
17025.2031	-1
17033.0117	-1
17040.8203	-1
17048.6289	1
17056.4375	1
17064.2461	1
17072.0547	1
17079.8652	1
17087.6758	-1
17095.4863	-1
17103.2969	-1
17111.1074	-1
17118.9180	-1
17126.7285	-1
17134.5391	-1
17142.3496	-1
17150.1602	-1
17157.9707	-1
17165.7812	-1
17173.5918	-1
17181.4043	-1
17189.2168	-1
17197.0293	-1
17204.8418	-1
17212.6543	-1
17220.4668	-1
17228.2793	-1
17236.0918	-1
17243.9043	-1
17251.7168	-1
17259.5293	-1
17267.3418	-1
17275.1543	-1
17282.9668	-1
17290.7793	-1
17298.5918	-1
17306.4043	-1
17314.2168	-1
17322.0293	-1
17329.8418	-1
17337.6543	-1
17345.4668	-1
17353.2793	-1
17361.0918	-1
17368.9043	-1
17376.7168	-1
17384.5293	-1
17392.3418	-1
17400.1543	-1
17407.9668	-1
17415.7793	1
17423.5918	1
17431.4043	1
17439.2168	1
17447.0312	1
17454.8457	1
17462.6602	1
17470.4746	1
17478.2891	1
17486.1035	1
17493.9180	1
17501.7324	1
17509.5469	1
17517.3613	1
17525.1758	-1
17532.9902	-1
17540.8047	-1
17548.6191	-1
17556.4336	-1
17564.2480	-1
17572.0625	-1
17579.8770	-1
17587.6914	-1
17595.5059	-1
17603.3203	-1
17611.1348	-1
17618.9492	-1
17626.7637	-1
17634.5781	-1
17642.3926	-1
17650.2070	-1
17658.0215	-1
17665.8359	-1
17673.6504	-1
17681.4648	-1
17689.2793	-1
17697.0938	-1
17704.9082	-1
17712.7227	-1
17720.5371	-1
17728.3516	-1
17736.1660	-1
17743.9805	-1
17751.7949	-1
17759.6113	-1
17767.4277	-1
17775.2441	-1
17783.0605	-1
17790.8770	-1
17798.6934	-1
17806.5098	1
17814.3262	1
17822.1426	1
17829.9590	-1
17837.7754	-1
17845.5918	-1
17853.4082	-1
17861.2246	-1
17869.0410	-1
17876.8574	-1
17884.6738	-1
17892.4902	-1
17900.3066	-1
17908.1230	-1
17915.9395	-1
17923.7559	-1
17931.5723	-1
17939.3887	-1
17947.2051	-1
17955.0215	-1
17962.8379	-1
17970.6562	-1
17978.4746	-1
17986.2930	-1
17994.1113	-1
18001.9297	-1
18009.7480	-1
18017.5664	-1
18025.3848	-1
18033.2031	-1
18041.0215	-1
18048.8398	-1
18056.6582	-1
18064.4766	-1
18072.2949	-1
18080.1133	-1
18087.9316	-1
18095.7500	-1
18103.5684	-1
18111.3867	-1
18119.2051	-1
18127.0234	-1
18134.8418	-1
18142.6602	-1
18150.4785	-1
18158.2969	-1
18166.1152	-1
18173.9336	-1
18181.7520	-1
18189.5703	-1
18197.3887	-1
18205.2070	-1
18213.0254	-1
18220.8438	-1
18228.6621	-1
18236.4805	-1
18244.2988	-1
18252.1172	-1
18259.9355	-1
18267.7539	-1
18275.5723	-1
18283.3906	-1
18291.2090	-1
18299.0293	-1
18306.8496	-1
18314.6699	-1
18322.4902	-1
18330.3105	-1
18338.1309	-1
18345.9512	-1
18353.7715	-1
18361.5918	-1
18369.4121	-1
18377.2324	-1
18385.0527	-1
18392.8730	-1
18400.6934	-1
18408.5137	-1
18416.3340	-1
18424.1543	-1
18431.9746	-1
18439.7969	-1
18447.6191	-1
18455.4414	-1
18463.2637	-1
18471.0859	-1
18478.9082	-1
18486.7305	-1
18494.5527	-1
18502.3750	-1
18510.1973	-1
18518.0195	-1
18525.8418	-1
18533.6641	-1
18541.4863	-1
18549.3086	-1
18557.1309	-1
18564.9531	-1
18572.7754	-1
18580.5977	-1
18588.4199	-1
18596.2422	-1
18604.0645	-1
18611.8867	-1
18619.7090	-1
18627.5312	-1
18635.3535	-1
18643.1758	-1
18650.9980	-1
18658.8203	-1
18666.6426	-1
18674.4648	-1
18682.2871	-1
18690.1094	-1
18697.9316	-1
18705.7539	-1
18713.5762	-1
18721.3984	-1
18729.2207	-1
18737.0430	-1
18744.8652	-1
18752.6875	-1
18760.5098	-1
18768.3340	-1
18776.1582	-1
18783.9824	-1
18791.8066	-1
18799.6309	-1
18807.4551	-1
18815.2793	-1
18823.1035	-1
18830.9277	-1
18838.7520	-1
18846.5762	-1
18854.4004	-1
18862.2246	-1
18870.0488	-1
18877.8730	-1
18885.6973	-1
18893.5215	-1
18901.3457	-1
18909.1699	-1
18916.9941	-1
18924.8184	-1
18932.6426	-1
18940.4668	-1
18948.2910	-1
18956.1152	-1
18963.9395	-1
18971.7637	-1
18979.5879	-1
18987.4121	-1
18995.2363	-1
19003.0605	-1
19010.8848	-1
19018.7090	-1
19026.5332	-1
19034.3730	1
19042.2148	-1
19050.0566	1
19057.8984	1
19065.7422	-1
19073.5859	-1
19081.4297	-1
19089.2734	-1
19097.1172	-1
19104.9609	-1
19112.8047	-1
19120.6484	-1
19128.4922	-1
19136.3359	-1
19144.1797	-1
19152.0234	-1
19159.8672	1
19167.7109	1
19175.5547	1
19183.3984	1
19191.2441	-1
19199.0898	-1
19206.9355	-1
19214.7812	-1
19222.6270	-1
19230.4727	-1
19238.3184	-1
19246.1641	-1
19254.0098	-1
19261.8555	-1
19269.7012	-1
19277.5469	-1
19285.3926	1
19293.2383	-1
19301.0840	-1
19308.9297	-1
19316.7754	-1
19324.6211	-1
19332.4668	-1
19340.3145	-1
19348.1621	-1
19356.0098	-1
19363.8574	-1
19371.7051	-1
19379.5527	-1
19387.4004	-1
19395.2480	-1
19403.0957	-1
19410.9434	-1
19418.8047	1
19426.6680	-1
19434.5312	1
19442.3945	1
19450.2578	-1
19458.1211	-1
19465.9844	-1
19473.8574	1
19481.7324	-1
19489.6074	1
19497.4824	1
19505.3574	-1
19513.2324	-1
19521.1172	1
19529.0020	-1
19536.8887	1
19544.7754	1
19552.6621	-1
19560.5488	-1
19568.4355	-1
19576.3223	-1
19584.2090	-1
19592.0957	-1
19599.9824	-1
19607.8691	-1
19615.7559	-1
19623.6426	-1
19631.5293	-1
19639.4160	-1
19647.3027	1
19655.1895	1
19663.0762	1
19670.9629	1
19678.8516	-1
19686.7402	-1
19694.6289	-1
19702.5176	-1
19710.4062	-1
19718.2949	-1
19726.1836	-1
19734.0723	-1
19741.9609	-1
19749.8496	-1
19757.7383	-1
19765.6270	-1
19773.5156	-1
19781.4043	-1
19789.2930	-1
19797.1816	-1
19805.0703	-1
19812.9590	-1
19820.8477	-1
19828.7363	-1
19836.6406	1
19844.5449	-1
19852.4492	1
19860.3535	1
19868.2598	-1
19876.1660	-1
19884.0723	-1
19891.9785	-1
19899.8848	-1
19907.7910	-1
19915.6973	-1
19923.6035	-1
19931.5098	-1
19939.4316	1
19947.3535	-1
19955.2754	1
19963.1973	1
19971.1211	-1
19979.0449	-1
19986.9688	-1
19994.9062	1
20002.8457	-1
20010.7852	1
20018.7246	1
20026.6641	-1
20034.6035	-1
20042.5527	1
20050.5039	-1
20058.4551	1
20066.4062	1
20074.3574	-1
20082.3105	-1
20090.2715	1
20098.2344	-1
20106.1973	1
20114.1602	1
20122.1250	-1
20130.0898	-1
20138.0625	1
20146.0371	-1
20154.0117	1
20161.9863	1
20169.9609	-1
20177.9375	-1
20185.9219	1
20193.9082	-1
20201.8945	1
20209.8809	1
20217.8672	-1
20225.8535	-1
20233.8398	-1
20241.8262	-1
20249.8125	-1
20257.7988	-1
20265.7852	-1
20273.7715	-1
20281.7578	-1
20289.7441	-1
20297.7305	-1
20305.7168	-1
20313.7031	1
20321.6895	1
20329.6758	1
20337.6641	1
20345.6523	-1
20353.6406	-1
20361.6289	-1
20369.6172	-1
20377.6055	-1
20385.5938	-1
20393.5820	-1
20401.5703	-1
20409.5586	-1
20417.5469	-1
20425.5352	-1
20433.5234	-1
20441.5117	-1
20449.5000	-1
20457.4883	-1
20465.4766	-1
20473.4648	-1
20481.4531	-1
20489.4414	-1
20497.4297	-1
20505.4180	-1
20513.4062	-1
20521.3945	-1
20529.3828	-1
20537.3711	1
20545.3594	1
20553.3477	1
20561.3359	1
20569.3242	1
20577.3125	1
20585.3008	1
20593.2910	-1
20601.2812	-1
20609.2715	-1
20617.2617	-1
20625.2520	-1
20633.2422	-1
20641.2324	-1
20649.2227	-1
20657.2129	-1
20665.2031	-1
20673.1934	-1
20681.1836	-1
20689.1738	-1
20697.1641	-1
20705.1543	-1
20713.1445	-1
20721.1348	-1
20729.1250	-1
20737.1152	-1
20745.1055	-1
20753.0957	-1
20761.0859	-1
20769.0762	-1
20777.0664	-1
20785.0566	-1
20793.0469	-1
20801.0371	-1
20809.0273	-1
20817.0176	-1
20825.0078	-1
20832.9980	-1
20840.9883	-1
20848.9785	-1
20856.9688	-1
20864.9590	-1
20872.9492	-1
20880.9395	-1
20888.9297	-1
20896.9199	-1
20904.9219	1
20912.9258	-1
20920.9297	1
20928.9336	1
20936.9375	-1
20944.9434	-1
20952.9629	1
20960.9824	-1
20969.0039	1
20977.0254	1
20985.0488	-1
20993.0723	-1
21001.0957	-1
21009.1191	-1
21017.1426	-1
21025.1660	-1
21033.1895	-1
21041.2129	-1
21049.2363	-1
21057.2598	-1
21065.2832	-1
21073.3066	-1
21081.3301	1
21089.3535	1
21097.3770	1
21105.4004	1
21113.4258	-1
21121.4512	-1
21129.4766	-1
21137.5020	-1
21145.5273	-1
21153.5527	-1
21161.5781	-1
21169.6035	-1
21177.6289	-1
21185.6543	-1
21193.6797	-1
21201.7051	-1
21209.7305	-1
21217.7559	-1
21225.7812	-1
21233.8066	-1
21241.8320	-1
21249.8574	-1
21257.8828	-1
21265.9082	-1
21273.9336	-1
21281.9590	-1
21289.9844	-1
21298.0098	-1
21306.0352	1
21314.0605	1
21322.0879	-1
21330.1152	-1
21338.1426	-1
21346.1699	-1
21354.1973	-1
21362.2246	-1
21370.2520	-1
21378.2930	1
21386.3359	-1
21394.3789	1
21402.4219	1
21410.4668	-1
21418.5117	-1
21426.5566	-1
21434.6016	-1
21442.6465	-1
21450.6914	-1
21458.7363	-1
21466.7812	-1
21474.8262	-1
21482.8711	-1
21490.9160	-1
21498.9609	-1
21507.0059	1
21515.0508	1
21523.0957	1
21531.1406	1
21539.1875	-1
21547.2344	-1
21555.2812	-1
21563.3281	-1
21571.3750	-1
21579.4219	-1
21587.4688	-1
21595.5156	-1
21603.5625	-1
21611.6094	-1
21619.6562	-1
21627.7031	-1
21635.7500	-1
21643.7969	-1
21651.8438	-1
21659.8906	-1
21667.9375	-1
21675.9844	-1
21684.0312	-1
21692.0781	-1
21700.1250	-1
21708.1719	-1
21716.2188	-1
21724.2656	-1
21732.3145	1
21740.3633	1
21748.4121	1
21756.4609	1
21764.5098	1
21772.5586	1
21780.6074	1
21788.6562	1
21796.7051	-1
21804.7539	-1
21812.8027	-1
21820.8516	-1
21828.9004	-1
21836.9492	-1
21845.0000	-1
21853.0508	-1
21861.1016	-1
21869.1523	-1
21877.2031	-1
21885.2539	-1
21893.3047	1
21901.3555	1
21909.4062	1
21917.4570	1
21925.5078	-1
21933.5586	-1
21941.6094	-1
21949.6602	-1
21957.7109	-1
21965.7617	-1
21973.8145	-1
21981.8672	-1
21989.9199	-1
21997.9727	-1
22006.0254	-1
22014.0781	-1
22022.1328	-1
22030.1875	-1
22038.2422	-1
22046.2969	-1
22054.3516	-1
22062.4062	-1
22070.4609	-1
22078.5156	-1
22086.5703	-1
22094.6250	-1
22102.6797	-1
22110.7344	-1
22118.7891	-1
22126.8438	-1
22134.8984	-1
22142.9531	-1
22151.0078	-1
22159.0625	-1
22167.1172	-1
22175.1719	-1
22183.2266	-1
22191.2812	-1
22199.3359	-1
22207.3906	-1
22215.4453	-1
22223.5000	-1
22231.5547	-1
22239.6094	-1
22247.6641	-1
22255.7188	-1
22263.7734	-1
22271.8281	-1
22279.8828	-1
22287.9375	-1
22295.9922	-1
22304.0469	-1
22312.1035	-1
22320.1602	-1
22328.2168	-1
22336.2734	-1
22344.3301	-1
22352.3867	-1
22360.4434	-1
22368.5137	1
22376.5859	-1
22384.6582	1
22392.7305	1
22400.8027	-1
22408.8750	-1
22416.9570	1
22425.0410	-1
22433.1250	1
22441.2090	1
22449.2930	-1
22457.3789	-1
22465.4785	1
22473.5781	-1
22481.6797	1
22489.7812	1
22497.8828	-1
22505.9844	-1
22514.0996	1
22522.2168	-1
22530.3340	1
22538.4512	1
22546.5703	-1
22554.6895	-1
22562.8164	1
22570.9453	-1
22579.0742	1
22587.2031	1
22595.3320	-1
22603.4629	-1
22611.6016	1
22619.7422	-1
22627.8828	1
22636.0234	1
22644.1660	-1
22652.3086	-1
22660.4512	-1
22668.6016	1
22676.7539	-1
22684.9062	1
22693.0586	1
22701.2109	-1
22709.3633	-1
22717.5176	-1
22725.6797	1
22733.8438	-1
22742.0078	1
22750.1719	1
22758.3359	-1
22766.5000	-1
22774.6738	1
22782.8496	-1
22791.0254	1
22799.2012	1
22807.3770	-1
22815.5527	-1
22823.7285	-1
22831.9141	1
22840.1016	-1
22848.2891	1
22856.4766	1
22864.6641	-1
22872.8516	-1
22881.0391	-1
22889.2363	1
22897.4355	-1
22905.6348	1
22913.8340	1
22922.0332	-1
22930.2324	-1
22938.4414	1
22946.6523	-1
22954.8633	1
22963.0742	1
22971.2852	-1
22979.4961	-1
22987.7168	1
22995.9395	-1
23004.1621	1
23012.3848	1
23020.6094	-1
23028.8340	-1
23037.0586	-1
23045.2832	-1
23053.5078	-1
23061.7324	-1
23069.9570	-1
23078.1816	-1
23086.4062	-1
23094.6309	-1
23102.8555	-1
23111.0801	-1
23119.3047	1
23127.5293	1
23135.7539	1
23143.9785	1
23152.2051	-1
23160.4316	-1
23168.6582	-1
23176.8848	-1
23185.1113	-1
23193.3379	-1
23201.5645	-1
23209.7910	-1
23218.0176	-1
23226.2441	-1
23234.4707	-1
23242.6973	-1
23250.9238	-1
23259.1504	-1
23267.3770	-1
23275.6035	-1
23283.8301	-1
23292.0566	-1
23300.2832	1
23308.5098	1
23316.7363	-1
23324.9629	-1
23333.1895	-1
23341.4160	-1
23349.6426	-1
23357.8691	-1
23366.0977	-1
23374.3262	-1
23382.5547	-1
23390.7832	-1
23399.0117	-1
23407.2402	-1
23415.4688	-1
23423.6973	-1
23431.9258	-1
23440.1543	-1
23448.3828	-1
23456.6230	1
23464.8652	-1
23473.1074	1
23481.3496	1
23489.5938	-1
23497.8379	-1
23506.0820	-1
23514.3262	-1
23522.5703	-1
23530.8145	-1
23539.0586	-1
23547.3027	-1
23555.5469	-1
23563.7910	-1
23572.0352	-1
23580.2793	-1
23588.5234	1
23596.7676	1
23605.0117	1
23613.2559	-1
23621.5000	-1
23629.7441	-1
23637.9883	-1
23646.2324	-1
23654.4766	-1
23662.7207	-1
23670.9648	-1
23679.2090	-1
23687.4531	-1
23695.6973	-1
23703.9414	-1
23712.1875	-1
23720.4434	1
23728.7012	-1
23736.9590	1
23745.2168	1
23753.4746	-1
23761.7324	-1
23769.9902	-1
23778.2480	-1
23786.5059	-1
23794.7637	-1
23803.0215	-1
23811.2793	-1
23819.5371	-1
23827.7949	-1
23836.0527	-1
23844.3105	-1
23852.5703	1
23860.8301	1
23869.0898	1
23877.3496	1
23885.6094	-1
23893.8691	-1
23902.1289	-1
23910.3887	-1
23918.6484	-1
23926.9082	-1
23935.1680	-1
23943.4277	-1
23951.6875	-1
23959.9473	-1
23968.2070	-1
23976.4668	-1
23984.7266	-1
23992.9863	-1
24001.2461	-1
24009.5059	-1
24017.7656	-1
24026.0254	-1
24034.2852	1
24042.5449	1
24050.8047	1
24059.0664	1
24067.3281	-1
24075.5898	-1
24083.8516	-1
24092.1133	-1
24100.3750	-1
24108.6367	-1
24116.8984	1
24125.1602	1
24133.4219	1
24141.6836	1
24149.9473	-1
24158.2109	-1
24166.4746	-1
24174.7383	-1
24183.0020	-1
24191.2656	-1
24199.5293	-1
24207.7930	-1
24216.0566	-1
24224.3203	-1
24232.5840	-1
24240.8477	-1
24249.1113	-1
24257.3750	-1
24265.6387	-1
24273.9023	-1
24282.1660	-1
24290.4297	-1
24298.6934	-1
24306.9570	-1
24315.2207	-1
24323.4844	-1
24331.7480	-1
24340.0117	-1
24348.2754	-1
24356.5391	-1
24364.8027	-1
24373.0664	-1
24381.3301	-1
24389.5938	-1
24397.8574	-1
24406.1211	-1
24414.3848	-1
24422.6484	-1
24430.9121	-1
24439.1758	-1
24447.4395	-1
24455.7031	-1
24463.9668	-1
24472.2305	-1
24480.4941	-1
24488.7578	-1
24497.0215	-1
24505.2852	-1
24513.5488	-1
24521.8125	-1
24530.0762	-1
24538.3398	-1
24546.6035	1
24554.8672	1
24563.1309	1
24571.3945	1
24579.6582	1
24587.9219	1
24596.1855	1
24604.4512	1
24612.7168	1
24620.9824	1
24629.2480	1
24637.5137	1
24645.7793	1
24654.0449	1
24662.3105	1
24670.5762	1
24678.8418	-1
24687.1074	-1
24695.3730	-1
24703.6387	-1
24711.9043	-1
24720.1699	-1
24728.4355	1
24736.7012	1
24744.9688	-1
24753.2363	-1
24761.5039	-1
24769.7715	-1
24778.0391	-1
24786.3066	-1
24794.5762	-1
24802.8457	-1
24811.1152	-1
24819.3848	-1
24827.6543	-1
24835.9238	-1
24844.1934	-1
24852.4629	-1
24860.7324	-1
24869.0020	-1
24877.2715	-1
24885.5410	-1
24893.8105	-1
24902.0801	-1
24910.3496	-1
24918.6191	-1
24926.8887	-1
24935.1582	-1
24943.4277	-1
24951.6973	-1
24959.9668	-1
24968.2363	-1
24976.5059	-1
24984.7754	-1
24993.0449	-1
25001.3145	-1
25009.5840	-1
25017.8535	-1
25026.1230	-1
25034.3926	-1
25042.6621	-1
25050.9316	-1
25059.2012	-1
25067.4707	-1
25075.7402	-1
25084.0098	-1
25092.2793	-1
25100.5488	-1
25108.8184	-1
25117.0879	-1
25125.3574	-1
25133.6270	-1
25141.8984	-1
25150.1699	-1
25158.4414	-1
25166.7129	-1
25174.9844	-1
25183.2559	-1
25191.5273	-1
25199.7988	-1
25208.0703	-1
25216.3418	-1
25224.6133	-1
25232.8848	-1
25241.1562	-1
25249.4277	-1
25257.6992	-1
25265.9707	-1
25274.2422	-1
25282.5137	-1
25290.7852	-1
25299.0566	-1
25307.3281	-1
25315.5996	-1
25323.8711	-1
25332.1426	-1
25340.4141	-1
25348.6855	-1
25356.9570	-1
25365.2285	-1
25373.5000	-1
25381.7715	-1
25390.0430	-1
25398.3145	-1
25406.5859	-1
25414.8574	-1
25423.1289	-1
25431.4004	-1
25439.6719	-1
25447.9434	-1
25456.2148	-1
25464.4863	-1
25472.7578	-1
25481.0293	-1
25489.3008	-1
25497.5723	-1
25505.8438	-1
25514.1152	-1
25522.3867	-1
25530.6582	-1
25538.9297	-1
25547.2012	-1
25555.4727	-1
25563.7441	-1
25572.0156	-1
25580.2871	-1
25588.5586	1
25596.8301	1
25605.1016	1
25613.3730	1
25621.6465	1
25629.9199	1
25638.1934	1
25646.4668	1
25654.7402	-1
25663.0137	-1
25671.2871	-1
25679.5605	-1
25687.8340	-1
25696.1074	-1
25704.3809	1
25712.6543	1
25720.9277	-1
25729.2012	-1
25737.4746	-1
25745.7480	-1
25754.0215	-1
25762.2949	-1
25770.5684	1
25778.8438	-1
25787.1191	-1
25795.3945	-1
25803.6699	-1
25811.9453	-1
25820.2207	-1
25828.4961	-1
25836.7715	-1
25845.0469	-1
25853.3223	-1
25861.5977	-1
25869.8730	-1
25878.1484	-1
25886.4238	-1
25894.6992	-1
25902.9746	-1
25911.2500	-1
25919.5254	-1
25927.8027	-1
25936.0801	-1
25944.3574	-1
25952.6348	-1
25960.9121	-1
25969.1895	-1
25977.4668	-1
25985.7441	-1
25994.0215	-1
26002.2988	-1
26010.5762	-1
26018.8535	-1
26027.1309	-1
26035.4082	-1
26043.6855	-1
26051.9629	-1
26060.2402	-1
26068.5176	-1
26076.7949	-1
26085.0723	-1
26093.3496	-1
26101.6270	-1
26109.9043	-1
26118.1816	-1
26126.4590	-1
26134.7363	-1
26143.0137	-1
26151.2910	-1
26159.5684	-1
26167.8457	-1
26176.1230	1
26184.4004	1
26192.6777	1
26200.9551	-1
26209.2324	1
26217.5098	-1
26225.7871	-1
26234.0645	-1
26242.3418	-1
26250.6191	-1
26258.8965	1
26267.1738	1
26275.4512	1
26283.7305	-1
26292.0098	-1
26300.2891	-1
26308.5684	-1
26316.8477	-1
26325.1270	-1
26333.4062	-1
26341.6855	-1
26349.9648	-1
26358.2441	-1
26366.5234	-1
26374.8027	-1
26383.0840	-1
26391.3652	-1
26399.6465	-1
26407.9277	-1
26416.2090	-1
26424.4902	-1
26432.7715	-1
26441.0527	-1
26449.3340	-1
26457.6152	-1
26465.8965	-1
26474.1777	-1
26482.4590	-1
26490.7402	-1
26499.0215	-1
26507.3027	-1
26515.5840	-1
26523.8652	-1
26532.1465	-1
26540.4277	-1
26548.7090	-1
26556.9902	-1
26565.2715	-1
26573.5527	-1
26581.8340	-1
26590.1152	-1
26598.3965	-1
26606.6777	-1
26620.8809	1
26635.0859	-1
