0.0000	0
0.0007	-1
0.2601	-2
0.3231	2
0.4683	2
0.4961	2
0.5192	2
0.5753	2
0.7042	2
0.7150	2
0.8791	2
0.9316	2
0.9698	-2
0.9967	2
1.1786	-2
1.2058	2
1.2207	2
1.2491	2
1.2576	2
1.2956	2
1.3314	2
1.4001	2
1.4212	2
1.4752	2
1.5053	2
1.5279	2
1.5912	2
1.6995	2
1.7134	2
1.7353	2
1.7461	2
1.7793	-2
1.8476	-2
1.8804	2
1.9072	2
1.9091	-2
1.9195	-2
1.9477	2
1.9631	2
1.9814	-2
2.0007	2
2.0751	2
2.0832	-2
2.1410	2
2.2138	2
2.2235	2
2.3096	2
2.3238	2
2.3312	-2
2.3720	2
2.5181	2
2.6085	2
2.6453	-2
2.7941	2
2.8093	2
2.8232	-2
2.8624	-2
2.9175	2
2.9623	-2
2.9952	-2
2.9966	-2
3.0144	2
3.4163	-2
3.5745	-2
3.6720	2
3.7461	-2
4.0086	-2
4.4673	-2
4.5027	-2
4.5137	-2
4.6443	-2
4.6531	-2
4.6812	-2
4.6860	-2
4.8018	-2
5.0859	-2
5.2354	-2
5.3730	-2
5.5008	-2
5.5250	-2
5.5501	-2
5.5961	-2
5.6473	-2
5.6975	-2
5.8177	-2
6.2042	-2
6.4120	-2
6.6678	-2
6.8247	-2
6.9057	1
6.9302	-2
7.0032	-2
7.0576	-2
7.2025	-2
7.2144	-2
7.3188	-2
7.3973	-2
7.4494	-2
7.4611	-2
7.5289	-2
8.0029	-2
8.0826	-2
8.2497	-2
8.4298	-2
9.0900	-2
9.2833	-2
9.3058	-2
9.3846	-2
9.5013	-2
9.7403	-2
9.7530	-2
9.7841	-2
10.2332	-2
10.2411	-2
10.8050	-2
10.9825	-2
11.0282	-2
11.6890	-2
11.8091	-2
11.8531	-2
12.6700	-2
13.2664	-2
13.4898	-2
13.8123	-1
14.2102	-2
14.3561	-2
14.9180	-2
15.0209	-2
16.2419	-2
17.4994	-2
18.4555	-2
19.5160	-2
20.7195	1
27.6267	1
34.5355	-1
41.4443	-1
48.3533	-1
55.2754	1
62.1990	-1
69.1231	1
76.0472	1
82.9732	-1
89.8992	-1
96.8253	-1
103.7513	-1
110.6774	-1
117.6034	-1
124.5295	-1
131.4557	-1
138.3818	-1
145.3217	1
152.2633	-1
159.2053	1
166.1473	1
173.0905	-1
180.0337	-1
186.9769	-1
193.9201	-1
200.8633	-1
207.8065	-1
214.7499	-1
221.6932	-1
228.6365	-1
235.5798	-1
242.5232	-1
249.4665	-1
256.4102	1
263.3539	1
270.2987	-1
277.2435	-1
284.1882	-1
291.1330	-1
298.0778	-1
305.0226	-1
311.9674	-1
318.9123	-1
325.8572	-1
332.8022	-1
339.7471	-1
346.7047	1
353.6640	-1
360.6240	1
367.5841	1
374.5451	-1
381.5060	-1
388.4669	-1
395.4279	-1
402.3889	-1
409.3502	-1
416.3292	1
423.3096	-1
430.2905	1
437.2715	1
444.2536	-1
451.2357	-1
458.2179	-1
465.2000	-1
472.1822	-1
479.1643	-1
486.1466	-1
493.1289	-1
500.1111	-1
507.0934	-1
514.0757	-1
521.0580	-1
528.0406	1
535.0233	1
542.0060	1
548.9887	1
555.9736	-1
562.9586	-1
569.9435	-1
576.9284	-1
583.9133	-1
590.8983	-1
597.8834	-1
604.8685	-1
611.8536	-1
618.8387	-1
625.8238	-1
632.8089	-1
639.7941	-1
646.7793	-1
653.7645	-1
660.7498	-1
667.7350	-1
674.7202	-1
681.7055	-1
688.6908	-1
695.6761	-1
702.6614	-1
709.6467	-1
716.6321	-1
723.6179	1
730.6037	1
737.5896	1
744.5755	1
751.5629	-1
758.5504	-1
765.5378	-1
772.5252	-1
779.5126	-1
786.5001	-1
793.4876	-1
800.4752	-1
807.4627	-1
814.4503	-1
821.4378	-1
828.4254	-1
835.4130	-1
842.4007	-1
849.3884	-1
856.3760	-1
863.3637	-1
870.3514	-1
877.3394	-1
884.3274	-1
891.3154	-1
898.3035	-1
905.3055	1
912.3093	-1
919.3138	1
926.3184	1
933.3239	-1
940.3293	-1
947.3348	-1
954.3403	-1
961.3458	-1
968.3513	-1
975.3569	-1
982.3625	-1
989.3682	-1
996.3738	-1
1003.3923	-1
1010.4115	1
1017.4349	1
1024.4600	-1
1031.4854	1
1038.5109	1
1045.5375	-1
1052.5641	-1
1059.5907	-1
1066.6173	-1
1073.6439	-1
1080.6707	-1
1087.7128	1
1094.7565	-1
1101.8007	1
1108.8448	1
1115.8900	-1
1122.9352	-1
1129.9803	-1
1137.0255	-1
1144.0707	-1
1151.1158	-1
1158.1616	-1
1165.2074	-1
1172.2532	-1
1179.2990	-1
1186.3447	-1
1193.3905	-1
1200.4370	1
1207.4835	1
1214.5300	1
1221.5765	1
1228.6244	-1
1235.6722	-1
1242.7201	-1
1249.7679	-1
1256.8158	-1
1263.8636	-1
1270.9116	-1
1277.9596	-1
1285.0076	-1
1292.0555	-1
1299.1035	-1
1306.1515	-1
1313.1996	-1
1320.2477	-1
1327.2958	-1
1334.3439	-1
1341.3920	-1
1348.4401	-1
1355.4883	-1
1362.5365	-1
1369.5847	-1
1376.6331	-1
1383.6814	-1
1390.7297	-1
1397.7782	1
1404.8268	1
1411.8754	1
1418.9241	1
1425.9729	1
1433.0217	1
1440.0707	1
1447.1196	1
1454.1698	-1
1461.2200	-1
1468.2703	-1
1475.3206	-1
1482.3708	-1
1489.4211	-1
1496.4716	-1
1503.5220	-1
1510.5724	-1
1517.6228	-1
1524.6732	-1
1531.7236	-1
1538.7742	-1
1545.8247	-1
1552.8752	-1
1559.9258	-1
1566.9763	-1
1574.0269	-1
1581.0774	-1
1588.1281	-1
1595.1787	-1
1602.2294	-1
1609.2800	-1
1616.3307	-1
1623.3815	-1
1630.4323	-1
1637.4830	-1
1644.5338	-1
1651.5846	-1
1658.6354	-1
1665.6874	-1
1672.7394	-1
1679.7914	-1
1686.8434	-1
1693.8954	-1
1700.9474	-1
1707.9995	-1
1715.0516	-1
1722.1038	-1
1729.1559	-1
1736.2080	-1
1743.2601	-1
1750.3123	1
1757.3645	-1
1764.4167	1
1771.4690	-1
1778.5212	-1
1785.5735	-1
1792.6257	-1
1799.6780	-1
1806.7302	1
1813.7825	1
1820.8348	1
1827.8872	1
1834.9396	1
1841.9919	1
1849.0444	1
1856.0969	1
1863.1503	1
1870.2036	1
1877.2570	1
1884.3104	1
1891.3639	1
1898.4174	1
1905.4723	-1
1912.5272	-1
1919.5822	-1
1926.6371	-1
1933.6920	-1
1940.7469	-1
1947.8022	1
1954.8575	1
1961.9135	-1
1968.9695	-1
1976.0255	-1
1983.0815	-1
1990.1376	-1
1997.1936	-1
2004.2498	-1
2011.3059	-1
2018.3621	-1
2025.4182	-1
2032.4744	-1
2039.5305	-1
2046.5869	-1
2053.6433	-1
2060.6997	-1
2067.7561	-1
2074.8125	-1
2081.8689	-1
2088.9253	-1
2095.9817	-1
2103.0381	-1
2110.0945	-1
2117.1509	-1
2124.2073	-1
2131.2639	-1
2138.3206	-1
2145.3772	-1
2152.4338	-1
2159.4905	-1
2166.5471	-1
2173.6040	1
2180.6609	1
2187.7185	1
2194.7761	1
2201.8340	1
2208.8918	1
2215.9497	1
2223.0076	1
2230.0654	1
2237.1233	1
2244.1814	-1
2251.2395	-1
2258.2976	-1
2265.3557	-1
2272.4138	-1
2279.4719	-1
2286.5303	-1
2293.5886	-1
2300.6470	-1
2307.7053	-1
2314.7637	-1
2321.8220	-1
2328.8806	-1
2335.9392	-1
2342.9978	-1
2350.0564	-1
2357.1150	-1
2364.1736	-1
2371.2322	-1
2378.2908	-1
2385.3494	-1
2392.4080	-1
2399.4666	-1
2406.5251	-1
2413.5840	-1
2420.6428	-1
2427.7017	-1
2434.7605	-1
2441.8193	-1
2448.8782	-1
2455.9373	-1
2462.9963	-1
2470.0554	-1
2477.1145	-1
2484.1736	-1
2491.2327	-1
2498.2920	-1
2505.3513	-1
2512.4106	-1
2519.4700	-1
2526.5293	-1
2533.5886	-1
2540.6482	-1
2547.7078	-1
2554.7673	-1
2561.8269	-1
2568.8865	-1
2575.9460	-1
2583.0056	-1
2590.0652	-1
2597.1248	-1
2604.1843	-1
2611.2439	-1
2618.3035	-1
2625.3650	1
2632.4268	1
2639.4885	1
2646.5503	1
2653.6121	1
2660.6741	1
2667.7361	1
2674.7981	1
2681.8601	1
2688.9221	1
2695.9841	1
2703.0464	1
2710.1086	1
2717.1709	1
2724.2332	1
2731.2954	1
2738.3577	1
2745.4202	1
2752.4829	-1
2759.5457	-1
2766.6084	-1
2773.6711	-1
2780.7339	-1
2787.7966	-1
2794.8596	-1
2801.9226	-1
2808.9856	-1
2816.0486	-1
2823.1116	-1
2830.1746	-1
2837.2378	-1
2844.3010	-1
2851.3643	-1
2858.4275	-1
2865.4907	-1
2872.5540	-1
2879.6172	-1
2886.6804	-1
2893.7437	-1
2900.8069	-1
2907.8701	-1
2914.9333	-1
2921.9968	-1
2929.0603	-1
2936.1238	-1
2943.1873	-1
2950.2507	-1
2957.3142	-1
2964.3779	-1
2971.4417	-1
2978.5054	-1
2985.5691	-1
2992.6328	-1
2999.6965	-1
3006.7603	-1
3013.8240	-1
3020.8877	-1
3027.9514	-1
3035.0151	-1
3042.0789	-1
3049.1428	-1
3056.2068	-1
3063.2708	-1
3070.3347	-1
3077.3987	-1
3084.4626	-1
3091.5269	-1
3098.5911	-1
3105.6553	-1
3112.7195	-1
3119.7837	-1
3126.8479	-1
3133.9124	-1
3140.9768	-1
3148.0413	-1
3155.1057	-1
3162.1702	-1
3169.2346	-1
3176.2991	-1
3183.3635	-1
3190.4280	-1
3197.4924	-1
3204.5569	-1
3211.6213	-1
3218.6860	-1
3225.7507	-1
3232.8154	-1
3239.8801	-1
3246.9448	-1
3254.0095	-1
3261.0828	-1
3268.1560	-1
3275.2292	-1
3282.3025	-1
3289.3757	-1
3296.4490	-1
3303.5222	-1
3310.5955	-1
3317.6687	-1
3324.7419	-1
3331.8152	-1
3338.8884	-1
3345.9619	-1
3353.0354	-1
3360.1089	-1
3367.1824	-1
3374.2559	-1
3381.3293	-1
3388.4028	-1
3395.4763	-1
3402.5498	-1
3409.6233	-1
3416.6968	-1
3423.7703	-1
3430.8440	-1
3437.9177	-1
3444.9915	-1
3452.0652	-1
3459.1389	-1
3466.2126	-1
3473.2864	-1
3480.3601	-1
3487.4338	-1
3494.5076	-1
3501.5813	-1
3508.6550	-1
3515.7290	-1
3522.8030	-1
3529.8770	-1
3536.9509	-1
3544.0249	-1
3551.0989	-1
3558.1729	-1
3565.2468	-1
3572.3208	-1
3579.3948	-1
3586.4688	-1
3593.5427	-1
3600.6169	-1
3607.6912	-1
3614.7654	-1
3621.8396	-1
3628.9138	-1
3635.9880	-1
3643.0623	-1
3650.1365	-1
3657.2107	-1
3664.2849	-1
3671.3591	-1
3678.4333	-1
3685.5078	1
3692.5823	1
3699.6567	1
3706.7312	1
3713.8057	1
3720.8801	1
3727.9548	1
3735.0295	1
3742.1042	1
3749.1790	1
3756.2537	1
3763.3284	1
3770.4033	1
3777.4783	1
3784.5532	1
3791.6282	1
3798.7031	1
3805.7783	1
3812.8535	1
3819.9287	1
3827.0039	1
3834.0806	-1
3841.1572	-1
3848.2339	-1
3855.3105	-1
3862.3872	-1
3869.4639	-1
3876.5408	-1
3883.6177	-1
3890.6946	-1
3897.7715	-1
3904.8484	-1
3911.9253	-1
3919.0032	-1
3926.0811	-1
3933.1589	-1
3940.2368	-1
3947.3147	-1
3954.3926	-1
3961.4707	-1
3968.5488	-1
3975.6270	-1
3982.7051	-1
3989.7832	-1
3996.8613	-1
4003.9395	-1
4011.0176	-1
4018.0957	-1
4025.1738	-1
4032.2520	-1
4039.3301	-1
4046.4084	-1
4053.4868	-1
4060.5652	-1
4067.6436	-1
4074.7219	-1
4081.8003	-1
4088.8801	-1
4095.9600	-1
4103.0400	-1
4110.1201	-1
4117.2002	-1
4124.2803	-1
4131.3604	-1
4138.4404	-1
4145.5205	-1
4152.6006	-1
4159.6807	-1
4166.7607	-1
4173.8408	-1
4180.9209	-1
4188.0010	-1
4195.0811	-1
4202.1611	-1
4209.2412	-1
4216.3213	-1
4223.4014	-1
4230.4814	-1
4237.5615	-1
4244.6416	-1
4251.7217	-1
4258.8022	-1
4265.8828	-1
4272.9634	-1
4280.0439	-1
4287.1245	-1
4294.2051	-1
4301.2856	-1
4308.3662	-1
4315.4468	-1
4322.5273	-1
4329.6079	-1
4336.6885	-1
4343.7690	-1
4350.8496	-1
4357.9302	-1
4365.0107	-1
4372.0913	-1
4379.1719	-1
4386.2524	-1
4393.3330	-1
4400.4136	-1
4407.4946	-1
4414.5757	-1
4421.6567	-1
4428.7402	-1
4435.8237	-1
4442.9072	-1
4449.9907	-1
4457.0742	-1
4464.1577	-1
4471.2417	-1
4478.3257	-1
4485.4097	-1
4492.4937	-1
4499.5776	-1
4506.6616	-1
4513.7456	-1
4520.8296	-1
4527.9136	-1
4534.9976	-1
4542.0815	-1
4549.1655	-1
4556.2495	-1
4563.3335	-1
4570.4175	-1
4577.5015	-1
4584.5854	-1
4591.6694	-1
4598.7534	-1
4605.8374	-1
4612.9214	-1
4620.0054	-1
4627.0894	-1
4634.1738	-1
4641.2583	-1
4648.3428	-1
4655.4272	-1
4662.5117	-1
4669.5962	-1
4676.6807	-1
4683.7651	-1
4690.8496	-1
4697.9341	-1
4705.0186	-1
4712.1030	-1
4719.1875	-1
4726.2720	-1
4733.3564	-1
4740.4409	-1
4747.5254	-1
4754.6099	-1
4761.6943	-1
4768.7803	-1
4775.8662	-1
4782.9521	-1
4790.0381	-1
4797.1240	-1
4804.2100	-1
4811.2959	-1
4818.3818	-1
4825.4678	-1
4832.5537	-1
4839.6396	-1
4846.7256	-1
4853.8115	-1
4860.8975	-1
4867.9834	-1
4875.0693	-1
4882.1553	-1
4889.2412	-1
4896.3271	-1
4903.4131	-1
4910.4990	-1
4917.5850	-1
4924.6709	-1
4931.7568	-1
4938.8433	-1
4945.9297	-1
4953.0161	-1
4960.1025	-1
4967.1890	-1
4974.2754	-1
4981.3618	-1
4988.4482	-1
4995.5347	-1
5002.6211	-1
5009.7075	-1
5016.7939	-1
5023.8809	-1
5030.9678	-1
5038.0547	-1
5045.1416	-1
5052.2285	-1
5059.3154	-1
5066.4023	-1
5073.4893	-1
5080.5762	-1
5087.6631	-1
5094.7646	1
5101.8682	-1
5108.9717	1
5116.0752	1
5123.1802	-1
5130.2852	-1
5137.3901	-1
5144.4951	-1
5151.6001	-1
5158.7051	-1
5165.8101	-1
5172.9150	-1
5180.0200	-1
5187.1250	-1
5194.2300	-1
5201.3350	-1
5208.4404	1
5215.5459	1
5222.6514	1
5229.7573	1
5236.8643	-1
5243.9712	-1
5251.0781	-1
5258.1851	-1
5265.2920	-1
5272.3989	-1
5279.5063	-1
5286.6138	-1
5293.7212	-1
5300.8286	-1
5307.9360	-1
5315.0435	-1
5322.1509	-1
5329.2583	-1
5336.3657	-1
5343.4731	-1
5350.5806	-1
5357.6880	-1
5364.7959	-1
5371.9038	-1
5379.0117	-1
5386.1196	-1
5393.2275	-1
5400.3354	-1
5407.4434	1
5414.5518	1
5421.6602	1
5428.7686	1
5435.8770	1
5442.9854	1
5450.0938	1
5457.2021	1
5464.3125	-1
5471.4229	-1
5478.5332	-1
5485.6436	-1
5492.7539	-1
5499.8643	-1
5506.9746	-1
5514.0850	-1
5521.1953	-1
5528.3057	-1
5535.4160	-1
5542.5264	-1
5549.6377	-1
5556.7490	-1
5563.8604	-1
5570.9717	-1
5578.0830	-1
5585.1943	-1
5592.3062	-1
5599.4180	-1
5606.5298	-1
5613.6416	-1
5620.7534	-1
5627.8652	-1
5634.9780	1
5642.0908	-1
5649.2036	1
5656.3164	-1
5663.4292	-1
5670.5420	-1
5677.6548	-1
5684.7676	-1
5691.8804	1
5698.9932	1
5706.1060	-1
5713.2188	-1
5720.3315	-1
5727.4443	-1
5734.5571	-1
5741.6699	-1
5748.7827	1
5755.8955	1
5763.0083	1
5770.1211	1
5777.2349	1
5784.3486	1
5791.4624	1
5798.5762	1
5805.6904	-1
5812.8047	-1
5819.9189	-1
5827.0332	-1
5834.1475	-1
5841.2617	-1
5848.3760	-1
5855.4902	-1
5862.6045	-1
5869.7188	-1
5876.8330	-1
5883.9473	-1
5891.0630	-1
5898.1787	-1
5905.2944	-1
5912.4102	-1
5919.5259	-1
5926.6416	-1
5933.7573	1
5940.8730	1
5947.9893	1
5955.1055	1
5962.2222	1
5969.3394	1
5976.4570	-1
5983.5747	-1
5990.6924	-1
5997.8101	-1
6004.9277	-1
6012.0454	-1
6019.1631	-1
6026.2808	-1
6033.3984	-1
6040.5161	-1
6047.6338	-1
6054.7515	-1
6061.8696	1
6068.9883	1
6076.1069	1
6083.2266	1
6090.3481	-1
6097.4697	-1
6104.5913	-1
6111.7129	-1
6118.8345	-1
6125.9561	-1
6133.0776	-1
6140.1992	-1
6147.3208	-1
6154.4424	-1
6161.5640	-1
6168.6855	-1
6175.8076	1
6182.9302	1
6190.0527	1
6197.1758	1
6204.2993	-1
6211.4229	-1
6218.5464	-1
6225.6704	-1
6232.7944	-1
6239.9185	-1
6247.0425	-1
6254.1665	-1
6261.2905	-1
6268.4146	-1
6275.5386	-1
6282.6626	-1
6289.7866	-1
6296.9106	-1
6304.0347	-1
6311.1587	-1
6318.2827	-1
6325.4067	-1
6332.5308	-1
6339.6548	-1
6346.7788	-1
6353.9028	-1
6361.0269	-1
6368.1509	-1
6375.2754	-1
6382.3999	-1
6389.5244	-1
6396.6489	-1
6403.7734	-1
6410.8979	-1
6418.0229	-1
6425.1479	-1
6432.2729	-1
6439.3979	-1
6446.5229	-1
6453.6479	-1
6460.7729	-1
6467.8979	-1
6475.0229	-1
6482.1479	-1
6489.2729	-1
6496.3979	-1
6503.5229	-1
6510.6479	-1
6517.7729	-1
6524.8979	-1
6532.0229	-1
6539.1479	-1
6546.2729	-1
6553.3979	-1
6560.5229	-1
6567.6479	-1
6574.7729	-1
6581.8979	-1
6589.0234	-1
6596.1489	-1
6603.2744	-1
6610.3999	-1
6617.5254	-1
6624.6509	-1
6631.7764	-1
6638.9019	-1
6646.0273	-1
6653.1528	-1
6660.2783	-1
6667.4038	-1
6674.5293	-1
6681.6548	-1
6688.7803	-1
6695.9058	-1
6703.0312	-1
6710.1567	-1
6717.2827	1
6724.4087	1
6731.5347	1
6738.6606	1
6745.7866	1
6752.9160	-1
6760.0454	-1
6767.1748	-1
6774.3042	-1
6781.4336	-1
6788.5630	-1
6795.6924	-1
6802.8218	-1
6809.9512	-1
6817.0806	-1
6824.2100	-1
6831.3394	-1
6838.4688	-1
6845.5981	-1
6852.7275	-1
6859.8569	-1
6866.9863	-1
6874.1157	-1
6881.2451	-1
6888.3745	-1
6895.5039	-1
6902.6333	-1
6909.7632	-1
6916.8931	-1
6924.0229	-1
6931.1528	-1
6938.2827	-1
6945.4126	-1
6952.5425	-1
6959.6724	-1
6966.8022	-1
6973.9321	-1
6981.0620	-1
6988.1919	-1
6995.3218	-1
7002.4517	-1
7009.5815	-1
7016.7114	-1
7023.8413	-1
7030.9712	-1
7038.1011	-1
7045.2310	-1
7052.3613	-1
7059.4917	-1
7066.6221	-1
7073.7524	-1
7080.8828	-1
7088.0132	-1
7095.1455	-1
7102.2778	-1
7109.4102	-1
7116.5425	-1
7123.6748	-1
7130.8071	-1
7137.9399	-1
7145.0728	-1
7152.2056	-1
7159.3384	-1
7166.4712	-1
7173.6040	-1
7180.7368	-1
7187.8696	-1
7195.0024	-1
7202.1353	-1
7209.2681	-1
7216.4009	-1
7223.5347	-1
7230.6685	-1
7237.8022	-1
7244.9360	-1
7252.0698	-1
7259.2036	-1
7266.3374	-1
7273.4712	-1
7280.6050	-1
7287.7388	-1
7295.0654	1
7302.3936	-1
7309.7217	-1
7317.0498	-1
7324.3779	-1
7331.7061	-1
7339.0342	-1
7346.3760	1
7353.7192	-1
7361.0630	1
7368.4067	1
7375.7515	-1
7383.0962	-1
7390.4409	-1
7397.7856	-1
7405.1304	-1
7412.4751	-1
7419.8198	-1
7427.1646	-1
7434.5229	1
7441.8828	-1
7449.2446	1
7456.6064	1
7463.9692	-1
7471.3320	-1
7478.6948	-1
7486.0576	-1
7493.4204	-1
7500.7832	-1
7508.1460	-1
7515.5088	-1
7522.8716	-1
7530.2344	-1
7537.5972	-1
7544.9600	-1
7552.3232	1
7559.6870	-1
7567.0508	-1
7574.4146	-1
7581.7783	-1
7589.1421	-1
7596.5059	-1
7603.8823	1
7611.2607	-1
7618.6392	1
7626.0181	1
7633.3984	-1
7640.7788	-1
7648.1592	-1
7655.5396	-1
7662.9199	-1
7670.3003	-1
7677.6807	-1
7685.0610	-1
7692.4414	-1
7699.8218	-1
7707.2021	-1
7714.5962	1
7721.9922	-1
7729.3887	1
7736.7852	1
7744.1826	-1
7751.5801	-1
7758.9775	-1
7766.3750	-1
7773.7725	-1
7781.1699	-1
7788.5674	-1
7795.9648	-1
7803.3623	-1
7810.7598	-1
7818.1572	-1
7825.5547	-1
7832.9526	1
7840.3506	1
7847.7485	1
7855.1465	1
7862.5454	-1
7869.9443	-1
7877.3433	-1
7884.7422	-1
7892.1411	-1
7899.5400	-1
7906.9390	-1
7914.3379	-1
7921.7368	-1
7929.1357	-1
7936.5347	-1
7943.9336	-1
7951.3330	-1
7958.7324	-1
7966.1318	-1
7973.5312	-1
7980.9307	-1
7988.3301	-1
7995.7300	1
8003.1299	-1
8010.5298	-1
8017.9297	-1
8025.3296	1
8032.7295	-1
8040.1294	-1
8047.5293	-1
8054.9292	1
8062.3291	1
8069.7290	1
8077.1289	1
8084.5293	1
8091.9302	1
8099.3315	-1
8106.7329	-1
8114.1343	-1
8121.5356	-1
8128.9370	-1
8136.3384	-1
8143.7402	-1
8151.1421	-1
8158.5439	-1
8165.9458	-1
8173.3477	-1
8180.7495	-1
8188.1514	-1
8195.5537	-1
8202.9561	-1
8210.3584	-1
8217.7607	-1
8225.1631	-1
8232.5654	-1
8239.9678	-1
8247.3701	-1
8254.7725	-1
8262.1748	-1
8269.5771	-1
8276.9795	-1
8284.3818	-1
8291.7842	-1
8299.1865	-1
8306.5889	-1
8313.9912	-1
8321.3936	-1
8328.7959	-1
8336.1982	-1
8343.6006	-1
8351.0029	-1
8358.4053	-1
8365.8086	1
8373.2119	1
8380.6152	1
8388.0186	1
8395.4219	1
8402.8252	1
8410.2285	1
8417.6318	1
8425.0352	1
8432.4385	1
8439.8418	1
8447.2451	1
8454.6484	-1
8462.0518	-1
8469.4551	-1
8476.8584	-1
8484.2617	-1
8491.6660	-1
8499.0703	-1
8506.4746	-1
8513.8789	-1
8521.2832	-1
8528.6875	-1
8536.0918	-1
8543.4971	1
8550.9023	1
8558.3076	1
8565.7129	1
8573.1201	-1
8580.5273	-1
8587.9346	-1
8595.3418	-1
8602.7490	-1
8610.1562	-1
8617.5635	-1
8624.9707	-1
8632.3779	-1
8639.7852	-1
8647.1924	-1
8654.5996	-1
8662.0078	-1
8669.4160	-1
8676.8242	-1
8684.2324	-1
8691.6406	-1
8699.0488	-1
8706.4570	1
8713.8652	1
8721.2734	1
8728.6816	1
8736.0898	-1
8743.4980	-1
8750.9062	-1
8758.3145	-1
8765.7227	-1
8773.1309	-1
8780.5400	-1
8787.9492	-1
8795.3584	-1
8802.7676	-1
8810.1768	-1
8817.5859	-1
8824.9951	-1
8832.4043	-1
8839.8135	-1
8847.2227	-1
8854.6318	-1
8862.0410	-1
8869.4502	-1
8876.8594	-1
8884.2686	-1
8891.6777	-1
8899.0869	-1
8906.4961	-1
8913.9053	-1
8921.3145	-1
8928.7236	-1
8936.1328	-1
8943.5420	-1
8950.9512	-1
8958.3604	-1
8965.7695	-1
8973.1787	-1
8980.5879	-1
8987.9971	-1
8995.4062	-1
9002.8154	-1
9010.2246	-1
9017.6338	-1
9025.0430	-1
9032.4521	-1
9039.8613	-1
9047.2725	-1
9054.6836	-1
9062.0947	-1
9069.5059	-1
9076.9170	-1
9084.3281	-1
9091.7393	-1
9099.1504	-1
9106.5615	-1
9113.9727	-1
9121.3838	-1
9128.7949	-1
9136.2070	-1
9143.6191	-1
9151.0312	-1
9158.4434	-1
9165.8555	-1
9173.2676	-1
9180.6797	-1
9188.0918	-1
9195.5039	-1
9202.9160	-1
9210.3281	-1
9217.7402	-1
9225.1523	-1
9232.5645	-1
9239.9766	-1
9247.3887	-1
9254.8008	-1
9262.2129	-1
9269.6250	-1
9277.0371	-1
9284.4492	-1
9291.8613	-1
9299.2734	-1
9306.6855	-1
9314.0977	-1
9321.5098	-1
9328.9219	-1
9336.3340	-1
9343.7461	-1
9351.1582	-1
9358.5703	-1
9365.9824	-1
9373.3945	-1
9380.8066	-1
9388.2188	-1
9395.6309	-1
9403.0430	-1
9410.4551	-1
9417.8672	-1
9425.2793	-1
9432.6914	-1
9440.1035	-1
9447.5156	-1
9454.9277	-1
9462.3535	1
9469.7812	-1
9477.2090	1
9484.6367	1
9492.0654	-1
9499.4941	-1
9506.9229	-1
9514.3662	1
9521.8115	-1
9529.2578	1
9536.7041	1
9544.1533	-1
9551.6025	-1
9559.0518	-1
9566.5010	-1
9573.9502	-1
9581.4209	1
9588.8936	-1
9596.3672	1
9603.8408	1
9611.3164	-1
9618.7920	-1
9626.2676	-1
9633.7432	-1
9641.2188	-1
9648.6943	-1
9656.1709	-1
9663.6475	-1
9671.1250	-1
9678.6025	-1
9686.0801	-1
9693.5576	-1
9701.0352	1
9708.5127	1
9715.9932	-1
9723.4736	-1
9730.9541	-1
9738.4346	-1
9745.9150	-1
9753.3955	-1
9760.8770	-1
9768.3584	-1
9775.8604	1
9783.3652	-1
9790.8711	1
9798.3770	1
9805.8857	-1
9813.3945	-1
9820.9033	-1
9828.4121	-1
9835.9209	-1
9843.4297	-1
9850.9385	-1
9858.4473	-1
9865.9561	-1
9873.4648	-1
9880.9736	-1
9888.4824	-1
9895.9922	1
9903.5020	1
9911.0117	1
9918.5225	1
9926.0352	-1
9933.5479	-1
9941.0605	-1
9948.5732	-1
9956.0859	-1
9963.5986	-1
9971.1123	-1
9978.6260	-1
9986.1396	-1
9993.6533	-1
10001.1670	-1
10008.6807	-1
10016.1943	-1
10023.7080	-1
10031.2227	-1
10038.7373	-1
10046.2520	-1
10053.7666	-1
10061.2812	-1
10068.7959	-1
10076.3105	-1
10083.8252	-1
10091.3398	-1
10098.8545	-1
10106.3691	1
10113.8838	1
10121.3994	1
10128.9150	1
10136.4307	1
10143.9463	1
10151.4619	1
10158.9785	1
10166.4980	-1
10174.0176	-1
10181.5371	-1
10189.0566	-1
10196.5762	-1
10204.0957	-1
10211.6182	-1
10219.1406	-1
10226.6631	-1
10234.1855	-1
10241.7080	-1
10249.2305	-1
10256.7539	-1
10264.2773	-1
10271.8008	-1
10279.3242	-1
10286.8477	-1
10294.3711	-1
10301.8945	-1
10309.4180	-1
10316.9414	-1
10324.4648	-1
10331.9883	-1
10339.5117	-1
10347.0352	-1
10354.5586	-1
10362.0820	-1
10369.6055	-1
10377.1289	-1
10384.6523	-1
10392.1768	-1
10399.7012	-1
10407.2256	-1
10414.7500	-1
10422.2744	-1
10429.7988	-1
10437.3232	-1
10444.8477	-1
10452.3721	-1
10459.8965	-1
10467.4209	-1
10474.9453	-1
10482.4697	-1
10489.9941	-1
10497.5186	-1
10505.0430	-1
10512.5674	-1
10520.0918	-1
10527.6162	1
10535.1406	1
10542.6650	1
10550.1895	1
10557.7158	1
10565.2422	1
10572.7686	1
10580.2959	1
10587.8232	1
10595.3506	1
10602.8828	-1
10610.4150	-1
10617.9473	-1
10625.4795	-1
10633.0117	-1
10640.5439	-1
10648.0762	-1
10655.6084	-1
10663.1406	-1
10670.6729	-1
10678.2051	-1
10685.7373	-1
10693.2695	-1
10700.8018	-1
10708.3340	-1
10715.8662	-1
10723.3984	-1
10730.9307	-1
10738.4639	-1
10745.9971	-1
10753.5303	-1
10761.0635	-1
10768.5967	-1
10776.1299	-1
10783.6670	-1
10791.2041	-1
10798.7412	-1
10806.2783	-1
10813.8154	-1
10821.3525	-1
10828.8896	-1
10836.4268	-1
10843.9639	-1
10851.5010	-1
10859.0381	-1
10866.5752	-1
10874.1162	-1
10881.6572	-1
10889.1982	-1
10896.7393	-1
10904.2803	-1
10911.8213	-1
10919.3623	-1
10926.9033	-1
10934.4443	-1
10941.9854	-1
10949.5264	-1
10957.0674	-1
10964.6094	-1
10972.1514	-1
10979.6934	-1
10987.2354	-1
10994.7773	-1
11002.3193	-1
11009.8613	-1
11017.4033	-1
11024.9453	-1
11032.5098	1
11040.0762	-1
11047.6436	1
11055.2129	-1
11062.7822	-1
11070.3516	-1
11077.9209	-1
11085.4902	-1
11093.0596	-1
11100.6289	1
11108.1992	-1
11115.7695	-1
11123.3682	1
11130.9688	-1
11138.5703	1
11146.1719	1
11153.7754	-1
11161.3789	-1
11168.9824	-1
11176.5859	-1
11184.1895	-1
11191.7930	-1
11199.3965	-1
11207.0186	1
11214.6426	-1
11222.2676	1
11229.8926	1
11237.5195	-1
11245.1465	-1
11252.7734	-1
11260.4004	-1
11268.0273	-1
11275.6738	1
11283.3223	-1
11290.9707	1
11298.6191	1
11306.2705	-1
11313.9219	-1
11321.5732	-1
11329.2246	-1
11336.8760	-1
11344.5273	-1
11352.1787	-1
11359.8301	-1
11367.4814	-1
11375.1328	-1
11382.7842	-1
11390.4355	-1
11398.0869	1
11405.7383	1
11413.3906	1
11421.0430	1
11428.6973	-1
11436.3516	-1
11444.0059	-1
11451.6602	-1
11459.3145	-1
11466.9688	-1
11474.6240	-1
11482.2793	-1
11489.9346	-1
11497.5898	-1
11505.2451	-1
11512.9004	-1
11520.5557	-1
11528.2109	-1
11535.8662	-1
11543.5215	-1
11551.1768	-1
11558.8320	-1
11566.4883	1
11574.1445	1
11581.8008	1
11589.4580	-1
11597.1152	-1
11604.7725	-1
11612.4297	-1
11620.0869	-1
11627.7441	-1
11635.4014	1
11643.0586	1
11650.7158	1
11658.3750	1
11666.0342	1
11673.6953	-1
11681.3564	-1
11689.0176	-1
11696.6787	-1
11704.3398	-1
11712.0010	-1
11719.6621	-1
11727.3232	-1
11734.9844	-1
11742.6455	-1
11750.3066	-1
11757.9678	-1
11765.6289	-1
11773.2900	-1
11780.9512	-1
11788.6123	-1
11796.2734	-1
11803.9346	-1
11811.5967	-1
11819.2588	-1
11826.9209	-1
11834.5830	-1
11842.2451	-1
11849.9072	-1
11857.5693	1
11865.2314	1
11872.8936	1
11880.5557	1
11888.2188	1
11895.8818	1
11903.5449	1
11911.2090	-1
11918.8730	-1
11926.5371	-1
11934.2012	-1
11941.8652	-1
11949.5293	-1
11957.1934	-1
11964.8574	-1
11972.5215	-1
11980.1855	-1
11987.8496	-1
11995.5137	-1
12003.1787	-1
12010.8438	-1
12018.5088	-1
12026.1738	-1
12033.8389	-1
12041.5039	-1
12049.1689	-1
12056.8340	-1
12064.4990	-1
12072.1641	-1
12079.8291	-1
12087.4941	-1
12095.1650	-1
12102.8359	-1
12110.5068	-1
12118.1777	-1
12125.8486	-1
12133.5195	-1
12141.1904	-1
12148.8613	-1
12156.5322	-1
12164.2031	-1
12171.8740	-1
12179.5449	-1
12187.2158	-1
12194.8867	-1
12202.5576	-1
12210.2285	-1
12217.8994	-1
12225.5703	-1
12233.2412	-1
12240.9121	-1
12248.5830	-1
12256.2539	-1
12263.9248	-1
12271.5957	-1
12279.2676	-1
12286.9395	-1
12294.6113	-1
12302.2832	-1
12309.9551	-1
12317.6270	-1
12325.2988	-1
12332.9707	-1
12340.6426	-1
12348.3145	-1
12355.9863	-1
12363.6582	-1
12371.3301	-1
12379.0020	-1
12386.6738	-1
12394.3457	-1
12402.0176	-1
12409.7109	1
12417.4062	-1
12425.1025	1
12432.7998	-1
12440.4971	-1
12448.1943	-1
12455.8916	-1
12463.5889	-1
12471.2861	-1
12478.9834	1
12486.6816	-1
12494.3799	-1
12502.0781	-1
12509.7764	-1
12517.4746	-1
12525.1729	-1
12532.8721	1
12540.5713	1
12548.2715	1
12555.9717	1
12563.6729	-1
12571.3740	-1
12579.0752	-1
12586.7764	-1
12594.4775	-1
12602.1787	-1
12609.8809	-1
12617.5830	-1
12625.2852	-1
12632.9873	-1
12640.6895	-1
12648.3916	-1
12656.0947	1
12663.7979	1
12671.5029	1
12679.2080	1
12686.9141	-1
12694.6201	-1
12702.3262	-1
12710.0322	-1
12717.7383	-1
12725.4443	-1
12733.1504	-1
12740.8564	-1
12748.5625	-1
12756.2686	-1
12763.9746	-1
12771.6807	-1
12779.3887	1
12787.0967	1
12794.8047	1
12802.5127	1
12810.2217	-1
12817.9307	-1
12825.6396	-1
12833.3486	-1
12841.0576	-1
12848.7666	-1
12856.4785	-1
12864.1904	-1
12871.9023	-1
12879.6143	-1
12887.3262	-1
12895.0381	-1
12902.7520	-1
12910.4658	-1
12918.1797	-1
12925.8936	-1
12933.6074	-1
12941.3213	-1
12949.0371	1
12956.7529	1
12964.4688	1
12972.1846	1
12979.9014	-1
12987.6182	-1
12995.3350	-1
13003.0518	-1
13010.7686	-1
13018.4854	-1
13026.2051	-1
13033.9248	-1
13041.6445	-1
13049.3643	-1
13057.0840	-1
13064.8037	-1
13072.5234	-1
13080.2432	-1
13087.9629	-1
13095.6826	-1
13103.4023	-1
13111.1221	-1
13118.8438	-1
13126.5654	-1
13134.2871	-1
13142.0088	-1
13149.7305	-1
13157.4521	-1
13165.1738	-1
13172.8955	-1
13180.6172	-1
13188.3389	-1
13196.0605	-1
13203.7822	-1
13211.5039	1
13219.2256	1
13226.9473	1
13234.6689	1
13242.3906	1
13250.1152	-1
13257.8398	-1
13265.5645	-1
13273.2891	-1
13281.0137	-1
13288.7383	-1
13296.4639	-1
13304.1895	-1
13311.9150	-1
13319.6406	-1
13327.3662	-1
13335.0918	-1
13342.8203	-1
13350.5488	-1
13358.2773	-1
13366.0059	-1
13373.7344	-1
13381.4629	-1
13389.1914	-1
13396.9199	-1
13404.6484	-1
13412.3770	-1
13420.1055	-1
13427.8340	-1
13435.5625	-1
13443.2910	-1
13451.0195	-1
13458.7480	-1
13466.4766	-1
13474.2051	-1
13481.9355	-1
13489.6660	-1
13497.3965	-1
13505.1270	-1
13512.8574	-1
13520.5879	-1
13528.3184	-1
13536.0488	-1
13543.7793	-1
13551.5098	-1
13559.2402	-1
13566.9707	-1
13574.7012	-1
13582.4316	-1
13590.1621	-1
13597.8926	-1
13605.6230	-1
13613.3535	-1
13621.0850	-1
13628.8164	-1
13636.5479	-1
13644.2793	-1
13652.0322	1
13659.7871	-1
13667.5420	1
13675.2979	1
13683.0537	-1
13690.8096	-1
13698.5654	-1
13706.3213	-1
13714.0771	-1
13721.8330	-1
13729.5898	-1
13737.3467	-1
13745.1035	-1
13752.8604	-1
13760.6172	-1
13768.3740	-1
13776.1318	1
13783.8896	1
13791.6475	1
13799.4062	1
13807.1660	-1
13814.9258	-1
13822.6855	-1
13830.4453	-1
13838.2051	-1
13845.9648	-1
13853.7256	-1
13861.4863	-1
13869.2471	-1
13877.0078	-1
13884.7686	-1
13892.5293	-1
13900.2900	-1
13908.0508	-1
13915.8115	-1
13923.5723	-1
13931.3330	-1
13939.0938	-1
13946.8555	1
13954.6172	1
13962.3789	1
13970.1406	1
13977.9023	1
13985.6641	1
13993.4258	-1
14001.1875	-1
14008.9492	-1
14016.7119	-1
14024.4746	-1
14032.2373	-1
14040.0020	1
14047.7676	-1
14055.5332	-1
14063.2988	-1
14071.0645	-1
14078.8301	-1
14086.5957	-1
14094.3613	-1
14102.1270	-1
14109.8926	-1
14117.6582	-1
14125.4238	-1
14133.1895	-1
14140.9551	-1
14148.7207	-1
14156.4863	-1
14164.2520	-1
14172.0176	-1
14179.7832	-1
14187.5498	-1
14195.3164	-1
14203.0830	-1
14210.8496	-1
14218.6162	-1
14226.3828	-1
14234.1494	-1
14241.9160	-1
14249.6826	-1
14257.4492	-1
14265.2158	-1
14272.9824	-1
14280.7490	-1
14288.5156	-1
14296.2822	-1
14304.0488	-1
14311.8154	-1
14319.5820	-1
14327.3496	1
14335.1172	1
14342.8848	1
14350.6533	1
14358.4219	1
14366.1904	1
14373.9590	1
14381.7275	1
14389.4961	1
14397.2646	1
14405.0332	1
14412.8018	1
14420.5703	1
14428.3398	-1
14436.1094	-1
14443.8789	-1
14451.6484	-1
14459.4180	-1
14467.1875	-1
14474.9570	-1
14482.7266	-1
14490.4961	-1
14498.2656	-1
14506.0352	-1
14513.8047	-1
14521.5801	1
14529.3555	1
14537.1309	1
14544.9072	1
14552.6836	-1
14560.4600	-1
14568.2363	-1
14576.0127	-1
14583.7891	-1
14591.5654	-1
14599.3418	1
14607.1191	-1
14614.8965	-1
14622.6738	-1
14630.4512	-1
14638.2285	-1
14646.0059	-1
14653.7832	-1
14661.5605	-1
14669.3379	-1
14677.1152	-1
14684.8926	-1
14692.6699	-1
14700.4473	-1
14708.2246	-1
14716.0020	-1
14723.7793	-1
14731.5566	-1
14739.3340	-1
14747.1113	-1
14754.8887	-1
14762.6660	-1
14770.4434	-1
14778.2207	-1
14785.9980	-1
14793.7754	-1
14801.5527	-1
14809.3301	-1
14817.1074	-1
14824.8848	-1
14832.6621	-1
14840.4404	-1
14848.2188	-1
14855.9971	-1
14863.7754	-1
14871.5537	-1
14879.3320	-1
14887.1104	-1
14894.8887	-1
14902.6670	-1
14910.4453	-1
14918.2236	-1
14926.0020	-1
14933.7803	-1
14941.5586	-1
14949.3369	-1
14957.1152	-1
14964.8936	-1
14972.6719	-1
14980.4502	-1
14988.2285	-1
14996.0068	-1
15003.7852	-1
15011.5635	-1
15019.3418	-1
15027.1201	-1
15034.8984	-1
15042.6768	-1
15050.4551	-1
15058.2334	-1
15066.0117	-1
15073.7900	-1
15081.5684	-1
15089.3467	-1
15097.1250	-1
15104.9033	-1
15112.6816	-1
15120.4629	1
15128.2441	1
15136.0254	1
15143.8066	1
15151.5879	1
15159.3691	1
15167.1504	1
15174.9316	1
15182.7129	1
15190.4941	1
15198.2764	1
15206.0586	1
15213.8408	1
15221.6230	1
15229.4053	1
15237.1875	1
15244.9697	1
15252.7520	1
15260.5342	1
15268.3164	1
15276.0986	1
15283.8809	1
15291.6631	1
15299.4473	-1
15307.2314	-1
15315.0156	-1
15322.7998	-1
15330.5840	-1
15338.3682	-1
15346.1533	-1
15353.9385	-1
15361.7236	-1
15369.5088	-1
15377.2939	-1
15385.0791	-1
15392.8643	-1
15400.6494	-1
15408.4346	-1
15416.2197	-1
15424.0049	-1
15431.7900	-1
15439.5762	-1
15447.3623	-1
15455.1484	-1
15462.9346	-1
15470.7207	-1
15478.5068	-1
15486.2949	1
15494.0830	1
15501.8711	1
15509.6592	1
15517.4473	1
15525.2354	1
15533.0234	1
15540.8115	1
15548.5996	-1
15556.3877	-1
15564.1758	-1
15571.9639	-1
15579.7520	-1
15587.5400	-1
15595.3291	-1
15603.1182	-1
15610.9072	-1
15618.6963	-1
15626.4854	-1
15634.2744	-1
15642.0645	-1
15649.8545	-1
15657.6445	-1
15665.4346	-1
15673.2246	-1
15681.0156	-1
15688.8066	-1
15696.5977	-1
15704.3887	-1
15712.1797	-1
15719.9707	-1
15727.7617	-1
15735.5527	-1
15743.3438	-1
15751.1348	-1
15758.9258	-1
15766.7168	-1
15774.5078	-1
15782.2988	-1
15790.0898	-1
15797.8809	-1
15805.6719	-1
15813.4629	-1
15821.2539	-1
15829.0498	-1
15836.8457	-1
15844.6416	-1
15852.4375	-1
15860.2334	-1
15868.0293	-1
15875.8291	1
15883.6289	1
15891.4287	1
15899.2285	1
15907.0283	1
15914.8281	1
15922.6279	1
15930.4277	1
15938.2275	1
15946.0273	1
15953.8271	1
15961.6270	1
15969.4268	1
15977.2266	1
15985.0273	-1
15992.8281	-1
16000.6289	-1
16008.4297	-1
16016.2305	-1
16024.0312	-1
16031.8320	-1
16039.6328	-1
16047.4346	-1
16055.2363	-1
16063.0381	-1
16070.8398	-1
16078.6416	-1
16086.4434	-1
16094.2451	-1
16102.0469	-1
16109.8486	-1
16117.6504	-1
16125.4521	-1
16133.2539	-1
16141.0557	-1
16148.8574	-1
16156.6592	-1
16164.4609	-1
16172.2637	-1
16180.0664	-1
16187.8691	-1
16195.6719	-1
16203.4746	-1
16211.2773	-1
16219.0801	-1
16226.8828	-1
16234.6855	-1
16242.4883	-1
16250.2910	-1
16258.0938	-1
16265.8965	-1
16273.6992	-1
16281.5020	-1
16289.3047	-1
16297.1074	-1
16304.9102	-1
16312.7139	1
16320.5176	-1
16328.3213	-1
16336.1250	-1
16343.9287	-1
16351.7324	-1
16359.5361	-1
16367.3398	-1
16375.1436	-1
16382.9473	-1
16390.7520	-1
16398.5566	-1
16406.3613	-1
16414.1660	-1
16421.9707	-1
16429.7754	-1
16437.5801	-1
16445.3848	-1
16453.1895	-1
16460.9941	-1
16468.7988	-1
16476.6035	-1
16484.4082	-1
16492.2129	-1
16500.0176	-1
16507.8223	-1
16515.6270	-1
16523.4316	-1
16531.2363	-1
16539.0410	-1
16546.8457	-1
16554.6504	-1
16562.4551	-1
16570.2598	-1
16578.0645	-1
16585.8691	-1
16593.6738	-1
16601.4785	-1
16609.2832	-1
16617.0879	-1
16624.8926	-1
16632.6973	-1
16640.5039	-1
16648.3105	1
16656.1172	1
16663.9238	1
16671.7305	1
16679.5371	1
16687.3438	1
16695.1504	1
16702.9570	1
16710.7637	1
16718.5703	1
16726.3770	1
16734.1836	1
16741.9902	1
16749.7969	1
16757.6035	1
16765.4102	1
16773.2168	1
16781.0234	-1
16788.8301	-1
16796.6367	-1
16804.4434	-1
16812.2500	-1
16820.0566	-1
16827.8633	-1
16835.6699	-1
16843.4766	-1
16851.2832	-1
16859.0898	-1
16866.8965	-1
16874.7051	-1
16882.5137	-1
16890.3223	-1
16898.1309	-1
16905.9395	-1
16913.7480	-1
16921.5566	-1
16929.3652	-1
16937.1738	-1
16944.9824	-1
16952.7910	-1
16960.5996	-1
16968.4082	-1
16976.2168	-1
16984.0254	-1
16991.8340	-1
16999.6426	-1
17007.4512	-1
17015.2598	-1
17023.0684	-1
17030.8770	-1
17038.6855	-1
17046.4941	-1
17054.3027	-1
17062.1113	-1
17069.9199	-1
17077.7285	-1
17085.5371	-1
17093.3457	-1
17101.1543	-1
17108.9629	-1
17116.7715	-1
17124.5801	-1
17132.3887	-1
17140.1973	-1
17148.0059	-1
17155.8184	1
17163.6309	1
17171.4434	1
17179.2559	1
17187.0684	1
17194.8809	1
17202.6934	1
17210.5059	1
17218.3184	1
17226.1309	1
17233.9434	1
17241.7559	1
17249.5684	1
17257.3809	1
17265.1934	1
17273.0059	1
17280.8184	1
17288.6309	-1
17296.4434	-1
17304.2559	-1
17312.0684	-1
17319.8809	-1
17327.6934	-1
17335.5059	-1
17343.3184	-1
17351.1309	-1
17358.9434	-1
17366.7559	-1
17374.5684	-1
17382.3809	-1
17390.1934	-1
17398.0059	-1
17405.8184	-1
17413.6309	-1
17421.4434	-1
17429.2559	-1
17437.0684	-1
17444.8809	-1
17452.6934	-1
17460.5059	-1
17468.3184	-1
17476.1309	-1
17483.9434	-1
17491.7559	-1
17499.5684	-1
17507.3809	-1
17515.1934	-1
17523.0078	-1
17530.8223	-1
17538.6367	-1
17546.4512	-1
17554.2656	-1
17562.0801	-1
17569.8945	-1
17577.7090	-1
17585.5234	-1
17593.3379	-1
17601.1523	-1
17608.9668	-1
17616.7812	-1
17624.5957	-1
17632.4102	-1
17640.2246	-1
17648.0391	-1
17655.8535	-1
17663.6680	-1
17671.4824	-1
17679.2969	-1
17687.1113	-1
17694.9258	-1
17702.7402	-1
17710.5547	-1
17718.3691	-1
17726.1836	-1
17733.9980	-1
17741.8125	-1
17749.6270	-1
17757.4434	-1
17765.2598	-1
17773.0762	-1
17780.8926	-1
17788.7090	-1
17796.5254	-1
17804.3418	-1
17812.1582	-1
17819.9746	-1
17827.7910	-1
17835.6074	-1
17843.4238	-1
17851.2422	-1
17859.0605	-1
17866.8789	-1
17874.6973	-1
17882.5156	-1
17890.3340	-1
17898.1523	-1
17905.9707	-1
17913.7891	-1
17921.6074	-1
17929.4258	-1
17937.2441	-1
17945.0625	-1
17952.8809	-1
17960.6992	-1
17968.5176	-1
17976.3359	-1
17984.1543	-1
17991.9727	-1
17999.7910	-1
18007.6094	-1
18015.4277	-1
18023.2461	-1
18031.0645	-1
18038.8867	-1
18046.7090	-1
18054.5312	-1
18062.3535	-1
18070.1758	-1
18077.9980	-1
18085.8203	-1
18093.6426	-1
18101.4648	-1
18109.2871	-1
18117.1094	-1
18124.9316	-1
18132.7539	-1
18140.5762	-1
18148.3984	-1
18156.2207	-1
18164.0430	-1
18171.8652	-1
18179.6875	-1
18187.5098	-1
18195.3320	-1
18203.1543	-1
18210.9766	-1
18218.7988	-1
18226.6211	-1
18234.4434	-1
18242.2656	-1
18250.0879	-1
18257.9102	-1
18265.7324	-1
18273.5566	-1
18281.3809	-1
18289.2051	-1
18297.0293	-1
18304.8535	-1
18312.6777	-1
18320.5020	-1
18328.3262	-1
18336.1504	-1
18343.9746	-1
18351.7988	-1
18359.6230	-1
18367.4473	-1
18375.2715	-1
18383.0957	-1
18390.9199	-1
18398.7441	-1
18406.5684	-1
18414.3926	-1
18422.2168	-1
18430.0410	-1
18437.8652	-1
18445.6895	-1
18453.5137	-1
18461.3398	-1
18469.1660	-1
18476.9922	-1
18484.8184	-1
18492.6445	-1
18500.4707	-1
18508.2969	-1
18516.1230	-1
18523.9492	-1
18531.7754	-1
18539.6016	-1
18547.4277	-1
18555.2539	-1
18563.0801	-1
18570.9062	-1
18578.7324	-1
18586.5586	-1
18594.3848	-1
18602.2109	-1
18610.0371	-1
18617.8633	-1
18625.6895	-1
18633.5156	-1
18641.3418	-1
18649.1699	-1
18656.9980	-1
18664.8262	-1
18672.6543	-1
18680.4824	-1
18688.3105	-1
18696.1406	-1
18703.9707	-1
18711.8008	-1
18719.6309	-1
18727.4609	-1
18735.2910	-1
18743.1211	-1
18750.9512	-1
18758.7812	-1
18766.6113	-1
18774.4414	-1
18782.2715	-1
18790.1016	-1
18797.9336	-1
18805.7656	-1
18813.5977	-1
18821.4297	-1
18829.2617	-1
18837.0938	-1
18844.9258	-1
18852.7578	-1
18860.5898	-1
18868.4219	-1
18876.2539	-1
18884.0859	-1
18891.9180	-1
18899.7500	-1
18907.5820	-1
18915.4141	-1
18923.2461	-1
18931.0781	-1
18938.9102	-1
18946.7422	-1
18954.5742	-1
18962.4062	-1
18970.2383	-1
18978.0703	-1
18985.9023	-1
18993.7344	-1
19001.5664	-1
19009.3984	-1
19017.2305	-1
19025.0625	-1
19032.8945	-1
19040.7266	-1
19048.5586	-1
19056.3906	-1
19064.2227	-1
19072.0547	-1
19079.8867	-1
19087.7188	-1
19095.5508	-1
19103.3828	-1
19111.2148	-1
19119.0469	-1
19126.8789	-1
19134.7109	-1
19142.5430	-1
19150.3750	-1
19158.2070	-1
19166.0391	-1
19173.8711	-1
19181.7031	-1
19189.5352	-1
19197.3672	-1
19205.1992	-1
19213.0332	-1
19220.8672	-1
19228.7012	-1
19236.5352	-1
19244.3691	-1
19252.2031	-1
19260.0371	-1
19267.8711	-1
19275.7051	-1
19283.5391	-1
19291.3730	-1
19299.2070	-1
19307.0410	-1
19314.8750	-1
19322.7090	-1
19330.5430	-1
19338.3770	-1
19346.2109	-1
19354.0449	-1
19361.8789	-1
19369.7129	-1
19377.5469	-1
19385.3809	-1
19393.2148	-1
19401.0488	-1
19408.8828	-1
19416.7168	-1
19424.5508	-1
19432.3848	-1
19440.2188	-1
19448.0527	-1
19455.8867	-1
19463.7207	-1
19471.5547	-1
19479.3887	-1
19487.2227	-1
19495.0586	-1
19502.8945	-1
19510.7305	-1
19518.5664	-1
19526.4023	-1
19534.2383	-1
19542.0762	-1
19549.9141	-1
19557.7520	-1
19565.5898	-1
19573.4277	-1
19581.2656	-1
19589.1035	-1
19596.9414	-1
19604.7793	-1
19612.6172	-1
19620.4551	-1
19628.2930	-1
19636.1309	-1
19643.9688	-1
19651.8066	-1
19659.6445	-1
19667.4824	-1
19675.3203	-1
19683.1582	-1
19690.9961	-1
19698.8340	-1
19706.6914	1
19714.5527	-1
19722.4141	1
19730.2754	1
19738.1387	-1
19746.0020	-1
19753.8652	-1
19761.7285	-1
19769.5918	-1
19777.4551	-1
19785.3203	-1
19793.1855	-1
19801.0508	-1
19808.9160	-1
19816.7812	-1
19824.6465	-1
19832.5117	1
19840.3770	1
19848.2422	1
19856.1074	1
19863.9746	-1
19871.8418	-1
19879.7090	-1
19887.5762	-1
19895.4434	-1
19903.3105	-1
19911.1797	1
19919.0488	1
19926.9180	-1
19934.7871	-1
19942.6562	-1
19950.5254	-1
19958.3945	-1
19966.2637	-1
19974.1348	-1
19982.0059	-1
19989.8770	-1
19997.7480	-1
20005.6191	-1
20013.4902	-1
20021.3613	1
20029.2324	1
20037.1035	1
20044.9746	1
20052.8477	-1
20060.7207	-1
20068.5938	-1
20076.4668	-1
20084.3398	-1
20092.2129	-1
20100.0879	1
20107.9629	1
20115.8379	-1
20123.7129	-1
20131.5879	-1
20139.4629	-1
20147.3379	-1
20155.2129	-1
20163.0898	-1
20170.9668	-1
20178.8438	-1
20186.7207	-1
20194.5977	-1
20202.4746	-1
20210.3535	1
20218.2324	1
20226.1113	1
20233.9902	1
20241.8711	-1
20249.7520	-1
20257.6328	-1
20265.5137	-1
20273.3945	-1
20281.2754	-1
20289.1562	-1
20297.0371	-1
20304.9180	-1
20312.7988	-1
20320.6797	-1
20328.5605	-1
20336.4414	-1
20344.3223	-1
20352.2031	-1
20360.0840	-1
20367.9648	-1
20375.8457	-1
20383.7266	-1
20391.6074	-1
20399.4883	-1
20407.3691	-1
20415.2500	-1
20423.1309	-1
20431.0137	1
20438.8965	1
20446.7812	1
20454.6660	1
20462.5508	1
20470.4355	1
20478.3203	1
20486.2051	1
20494.0898	-1
20501.9746	-1
20509.8594	-1
20517.7441	-1
20525.6289	-1
20533.5137	-1
20541.3984	-1
20549.2832	-1
20557.1680	-1
20565.0527	-1
20572.9375	-1
20580.8223	-1
20588.7070	1
20596.5918	1
20604.4766	1
20612.3613	1
20620.2500	-1
20628.1387	-1
20636.0273	-1
20643.9160	-1
20651.8047	-1
20659.6934	-1
20667.5820	-1
20675.4707	-1
20683.3594	-1
20691.2480	-1
20699.1367	-1
20707.0254	-1
20714.9141	-1
20722.8027	-1
20730.6914	-1
20738.5801	-1
20746.4688	-1
20754.3574	-1
20762.2461	-1
20770.1348	-1
20778.0234	-1
20785.9121	-1
20793.8008	-1
20801.6895	-1
20809.5781	-1
20817.4668	-1
20825.3555	-1
20833.2441	-1
20841.1328	-1
20849.0215	-1
20856.9102	-1
20864.7988	-1
20872.6875	-1
20880.5762	-1
20888.4648	-1
20896.3535	-1
20904.2461	1
20912.1387	1
20920.0312	1
20927.9238	1
20935.8164	1
20943.7090	1
20951.6016	1
20959.4941	1
20967.3867	1
20975.2793	1
20983.1719	1
20991.0645	1
20998.9590	-1
21006.8535	-1
21014.7480	-1
21022.6426	-1
21030.5371	-1
21038.4316	-1
21046.3262	-1
21054.2207	-1
21062.1152	-1
21070.0098	-1
21077.9043	-1
21085.7988	-1
21093.6934	-1
21101.5879	-1
21109.4824	-1
21117.3770	-1
21125.2715	-1
21133.1660	-1
21141.0625	-1
21148.9590	-1
21156.8555	-1
21164.7520	-1
21172.6484	-1
21180.5449	-1
21188.4414	-1
21196.3379	-1
21204.2344	-1
21212.1309	-1
21220.0273	-1
21227.9238	-1
21235.8223	-1
21243.7207	-1
21251.6191	-1
21259.5176	-1
21267.4160	-1
21275.3145	-1
21283.2148	1
21291.1152	1
21299.0176	1
21306.9199	1
21314.8223	1
21322.7246	1
21330.6270	1
21338.5293	1
21346.4316	1
21354.3340	1
21362.2363	1
21370.1387	1
21378.0410	-1
21385.9434	-1
21393.8457	-1
21401.7480	-1
21409.6504	-1
21417.5527	-1
21425.4551	-1
21433.3574	-1
21441.2598	-1
21449.1621	-1
21457.0645	-1
21464.9668	-1
21472.8691	-1
21480.7715	-1
21488.6738	-1
21496.5762	-1
21504.4785	-1
21512.3809	-1
21520.2852	-1
21528.1895	-1
21536.0938	-1
21543.9980	-1
21551.9023	-1
21559.8066	-1
21567.7148	1
21575.6230	1
21583.5312	1
21591.4414	1
21599.3516	1
21607.2617	1
21615.1719	1
21623.0820	1
21630.9922	-1
21638.9023	-1
21646.8125	-1
21654.7227	-1
21662.6328	-1
21670.5430	-1
21678.4551	-1
21686.3672	-1
21694.2793	-1
21702.1914	-1
21710.1035	-1
21718.0156	-1
21725.9297	-1
21733.8438	-1
21741.7578	-1
21749.6719	-1
21757.5859	-1
21765.5000	-1
21773.4160	-1
21781.3320	-1
21789.2480	-1
21797.1641	-1
21805.0801	-1
21812.9961	-1
21820.9121	-1
21828.8281	-1
21836.7441	-1
21844.6602	-1
21852.5762	-1
21860.4922	-1
21868.4082	-1
21876.3242	-1
21884.2402	-1
21892.1562	-1
21900.0723	-1
21907.9883	-1
21915.9043	-1
21923.8203	-1
21931.7363	-1
21939.6523	-1
21947.5684	-1
21955.4844	-1
21963.4023	-1
21971.3203	-1
21979.2383	-1
21987.1562	-1
21995.0742	-1
22002.9922	-1
22010.9102	-1
22018.8281	-1
22026.7461	-1
22034.6641	-1
22042.5820	-1
22050.5000	-1
22058.4180	-1
22066.3359	-1
22074.2539	-1
22082.1719	-1
22090.0898	-1
22098.0078	-1
22105.9258	-1
22113.8438	-1
22121.7617	-1
22129.6797	-1
22137.5977	-1
22145.5156	-1
22153.4336	-1
22161.3516	-1
22169.2695	-1
22177.1875	-1
22185.1055	-1
22193.0234	-1
22200.9414	-1
22208.8594	-1
22216.7773	-1
22224.6953	-1
22232.6133	-1
22240.5312	-1
22248.4531	-1
22256.3750	-1
22264.2969	-1
22272.2188	-1
22280.1406	-1
22288.0625	-1
22295.9844	-1
22303.9062	-1
22311.8281	-1
22319.7500	-1
22327.6719	-1
22335.5938	-1
22343.5176	-1
22351.4414	-1
22359.3652	-1
22367.2891	-1
22375.2129	-1
22383.1367	-1
22391.0605	-1
22398.9844	-1
22406.9082	-1
22414.8320	-1
22422.7559	-1
22430.6797	-1
22438.6035	-1
22446.5273	-1
22454.4512	-1
22462.3750	-1
22470.2988	-1
22478.2227	-1
22486.1465	-1
22494.0703	-1
22501.9941	-1
22509.9180	-1
22517.8418	-1
22525.7656	-1
22533.6895	-1
22541.6133	-1
22549.5371	-1
22557.4609	-1
22565.3848	-1
22573.3086	-1
22581.2324	-1
22589.1562	-1
22597.0801	-1
22605.0039	-1
22612.9277	-1
22620.8516	-1
22628.7754	-1
22636.6992	-1
22644.6230	-1
22652.5469	-1
22660.4707	-1
22668.3945	-1
22676.3184	-1
22684.2422	-1
22692.1660	-1
22700.0898	-1
22708.0137	-1
22715.9375	-1
22723.8613	-1
22731.7852	-1
22739.7090	-1
22747.6328	-1
22755.5566	-1
22763.4805	-1
22771.4062	-1
22779.3320	-1
22787.2578	-1
22795.1836	-1
22803.1094	-1
22811.0352	-1
22818.9609	-1
22826.8867	-1
22834.8125	-1
22842.7383	-1
22850.6641	-1
22858.5898	-1
22866.5156	-1
22874.4414	-1
22882.3672	-1
22890.2930	-1
22898.2188	-1
22906.1445	-1
22914.0703	-1
22921.9961	-1
22929.9219	-1
22937.8477	-1
22945.7734	-1
22953.6992	-1
22961.6250	-1
22969.5508	-1
22977.4766	-1
22985.4023	-1
22993.3281	-1
23001.2539	-1
23009.1797	-1
23017.1055	-1
23025.0312	-1
23032.9570	-1
23040.8828	-1
23048.8086	-1
23056.7344	-1
23064.6602	-1
23072.5859	-1
23080.5117	-1
23088.4375	-1
23096.3633	-1
23104.2891	-1
23112.2148	-1
23120.1406	-1
23128.2500	1
23136.3594	1
23144.4688	1
23152.5781	-1
23160.6875	-1
23168.7969	-1
23176.9062	-1
23185.0156	-1
23193.1250	-1
23201.2344	-1
23209.3438	-1
23217.4551	-1
23225.5664	-1
23233.6777	-1
23241.7891	-1
23249.9004	-1
23258.0117	-1
23266.1230	-1
23274.2480	1
23282.3750	-1
23290.5020	1
23298.6289	1
23306.7559	-1
23314.8828	-1
23323.0117	-1
23331.1406	-1
23339.2695	-1
23347.3984	-1
23355.5273	-1
23363.6562	-1
23371.7852	-1
23379.9141	-1
23388.0430	-1
23396.1719	-1
23404.3008	1
23412.4297	1
23420.5586	1
23428.6875	1
23436.8184	-1
23444.9492	-1
23453.0801	-1
23461.2109	-1
23469.3418	-1
23477.4727	-1
23485.6035	-1
23493.7344	-1
23501.8652	-1
23509.9961	-1
23518.1270	-1
23526.2578	-1
23534.3887	-1
23542.5195	-1
23550.6504	-1
23558.7812	-1
23566.9121	-1
23575.0430	-1
23583.1738	-1
23591.3047	-1
23599.4355	-1
23607.5664	-1
23615.6973	-1
23623.8281	-1
23631.9590	1
23640.0898	1
23648.2207	1
23656.3516	1
23664.4824	1
23672.6133	1
23680.7441	1
23688.8750	1
23697.0078	-1
23705.1406	-1
23713.2734	-1
23721.4062	-1
23729.5391	-1
23737.6719	-1
23745.8066	-1
23753.9414	-1
23762.0762	-1
23770.2109	-1
23778.3457	-1
23786.4805	-1
23794.6152	1
23802.7500	1
23810.8848	-1
23819.0195	-1
23827.1543	-1
23835.2891	-1
23843.4238	-1
23851.5586	-1
23859.6934	-1
23867.8281	-1
23875.9629	-1
23884.0977	-1
23892.2324	-1
23900.3672	-1
23908.5020	1
23916.6387	-1
23924.7754	-1
23932.9121	-1
23941.0488	-1
23949.1855	-1
23957.3223	-1
23965.4590	1
23973.5957	-1
23981.7324	-1
23989.8691	-1
23998.0059	-1
24006.1426	-1
24014.2793	-1
24022.4160	-1
24030.5527	-1
24038.6895	-1
24046.8262	-1
24054.9629	-1
24063.0996	-1
24071.2363	-1
24079.3730	-1
24087.5098	-1
24095.6465	-1
24103.7832	-1
24111.9199	-1
24120.0566	1
24128.1934	1
24136.3301	1
24144.4668	1
24152.6035	1
24160.7402	1
24168.8770	1
24177.0137	1
24185.1523	-1
24193.2910	-1
24201.4297	-1
24209.5684	-1
24217.7070	-1
24225.8457	-1
24233.9844	-1
24242.1230	-1
24250.2617	-1
24258.4004	-1
24266.5391	-1
24274.6777	-1
24282.8164	1
24290.9551	1
24299.0938	1
24307.2324	1
24315.3730	1
24323.5137	1
24331.6543	1
24339.7949	1
24347.9355	-1
24356.0762	-1
24364.2168	-1
24372.3574	-1
24380.4980	-1
24388.6387	-1
24396.7793	1
24404.9199	1
24413.0605	-1
24421.2012	-1
24429.3418	-1
24437.4824	-1
24445.6230	-1
24453.7637	-1
24461.9043	-1
24470.0449	-1
24478.1855	-1
24486.3262	-1
24494.4668	-1
24502.6074	-1
24510.7480	-1
24518.8887	-1
24527.0293	-1
24535.1699	-1
24543.3105	-1
24551.4512	-1
24559.5938	1
24567.7363	1
24575.8789	1
24584.0215	1
24592.1641	1
24600.3066	1
24608.4492	-1
24616.5918	-1
24624.7344	-1
24632.8770	-1
24641.0195	-1
24649.1621	-1
24657.3066	1
24665.4512	1
24673.5977	-1
24681.7441	-1
24689.8906	-1
24698.0371	-1
24706.1836	-1
24714.3301	-1
24722.4766	-1
24730.6230	-1
24738.7695	-1
24746.9160	-1
24755.0625	-1
24763.2090	-1
24771.3555	-1
24779.5020	-1
24787.6484	-1
24795.7949	-1
24803.9414	-1
24812.0879	-1
24820.2344	-1
24828.3809	-1
24836.5273	-1
24844.6738	-1
24852.8203	-1
24860.9668	-1
24869.1133	-1
24877.2598	-1
24885.4062	-1
24893.5527	-1
24901.6992	-1
24909.8457	-1
24917.9922	-1
24926.1387	-1
24934.2852	-1
24942.4316	-1
24950.5781	-1
24958.7246	-1
24966.8730	1
24975.0215	1
24983.1699	1
24991.3184	1
24999.4668	1
25007.6152	1
25015.7637	1
25023.9121	1
25032.0605	1
25040.2090	1
25048.3574	1
25056.5059	1
25064.6562	-1
25072.8066	-1
25080.9570	-1
25089.1074	-1
25097.2578	-1
25105.4082	-1
25113.5586	-1
25121.7090	-1
25129.8594	-1
25138.0098	-1
25146.1602	-1
25154.3105	-1
25162.4609	-1
25170.6113	-1
25178.7617	-1
25186.9121	-1
25195.0625	-1
25203.2129	-1
25211.3633	-1
25219.5137	-1
25227.6641	-1
25235.8145	-1
25243.9648	-1
25252.1152	-1
25260.2656	-1
25268.4160	-1
25276.5664	-1
25284.7168	-1
25292.8672	-1
25301.0176	-1
25309.1680	-1
25317.3184	-1
25325.4688	-1
25333.6191	-1
25341.7695	-1
25349.9199	-1
25358.0703	-1
25366.2207	-1
25374.3711	-1
25382.5215	-1
25390.6719	-1
25398.8223	-1
25406.9727	-1
25415.1230	-1
25423.2734	-1
25431.4238	-1
25439.5742	-1
25447.7246	-1
25455.8770	-1
25464.0293	-1
25472.1816	-1
25480.3340	-1
25488.4863	-1
25496.6387	-1
25504.7910	-1
25512.9434	-1
25521.0957	-1
25529.2480	-1
25537.4004	-1
25545.5527	-1
25553.7070	-1
25561.8613	-1
25570.0156	-1
25578.1699	-1
25586.3242	-1
25594.4785	-1
25602.6328	-1
25610.7871	-1
25618.9414	-1
25627.0957	-1
25635.2500	-1
25643.4043	-1
25651.5586	-1
25659.7129	-1
25667.8672	-1
25676.0215	-1
25684.1758	-1
25692.3301	-1
25700.4844	-1
25708.6387	-1
25716.7930	-1
25724.9473	-1
25733.1016	-1
25741.2559	-1
25749.4102	-1
25757.5645	-1
25765.7188	-1
25773.8730	-1
25782.0273	-1
25790.1816	-1
25798.3359	-1
25806.4902	-1
25814.6445	-1
25822.7988	-1
25830.9531	-1
25839.1074	-1
25847.2637	-1
25855.4199	-1
25863.5762	-1
25871.7324	-1
25879.8887	-1
25888.0449	-1
25896.2031	-1
25904.3613	-1
25912.5195	-1
25920.6777	-1
25928.8359	-1
25936.9941	-1
25945.1523	-1
25953.3105	-1
25961.4688	-1
25969.6270	-1
25977.7852	-1
25985.9434	-1
25994.1016	-1
26002.2598	-1
26010.4180	-1
26018.5762	-1
26026.7344	-1
26034.8926	-1
26043.0508	-1
26051.2090	-1
26059.3672	-1
26067.5254	-1
26075.6836	-1
26083.8418	-1
26092.0000	-1
26100.1582	-1
26108.3164	-1
26116.4746	-1
26124.6328	-1
26132.7910	-1
26140.9512	-1
26149.1113	-1
26157.2715	-1
26165.4316	-1
26173.5918	-1
26181.7520	-1
26189.9121	-1
26198.0723	-1
26206.2324	-1
26214.3926	-1
26222.5527	-1
26230.7129	-1
26238.8730	-1
26247.0332	-1
26255.1934	-1
26263.3535	-1
26271.5137	-1
26279.6738	-1
26287.8340	-1
26295.9941	-1
26304.1543	-1
26312.3145	-1
26320.4746	-1
26328.6348	-1
26336.7949	-1
26344.9551	-1
26353.1152	-1
26361.2754	-1
26369.4355	-1
26377.5957	-1
26385.7559	-1
26393.9160	-1
26402.0762	-1
26410.2363	-1
26418.3965	-1
26426.5566	-1
26434.7168	-1
26442.8770	-1
26451.0371	-1
26459.2109	1
26467.3867	-1
26475.5645	1
26483.7422	1
26491.9199	-1
26500.0977	-1
26508.2754	-1
26516.4531	-1
26524.6309	-1
26532.8086	-1
26540.9863	-1
26549.1641	-1
26557.3418	-1
26565.5195	-1
26573.6973	-1
26581.8750	-1
26590.0527	1
26598.2305	1
26606.4082	1
26614.5859	1
26622.7656	-1
26630.9453	-1
26639.1250	-1
26647.3047	-1
26655.4844	-1
26663.6641	-1
26671.8438	-1
26680.0234	-1
26688.2031	-1
26696.3828	-1
26704.5625	-1
26712.7422	-1
26720.9219	-1
26729.1016	-1
26737.2812	-1
26745.4609	-1
26753.6406	-1
26761.8203	-1
26770.0000	1
26778.1797	1
26786.3594	1
26794.5391	1
26802.7188	1
26810.8984	1
26819.0781	-1
26827.2578	-1
26835.4375	-1
26843.6172	-1
26851.7969	-1
26859.9766	-1
26868.1582	-1
26876.3398	-1
26884.5215	-1
26892.7031	-1
26900.8848	-1
26909.0664	-1
26917.2480	1
26925.4297	1
26933.6113	1
26941.7930	1
26949.9746	-1
26958.1562	-1
26966.3379	-1
26974.5195	-1
26982.7012	-1
26990.8828	-1
26999.0645	-1
27007.2461	-1
27015.4277	-1
27023.6094	-1
27031.7910	-1
27039.9727	-1
27048.1562	1
27056.3398	1
27064.5234	-1
27072.7070	-1
27080.8906	-1
27089.0742	-1
27097.2578	-1
27105.4414	-1
27113.6250	1
27121.8086	1
27129.9922	1
27138.1758	1
27146.3594	-1
27154.5430	-1
27162.7266	-1
27170.9102	-1
27179.0938	-1
27187.2773	-1
27195.4609	-1
27203.6445	-1
27211.8281	-1
27220.0117	-1
27228.1953	-1
27236.3789	-1
27244.5625	1
27252.7461	1
27260.9297	1
27269.1152	1
27277.3008	-1
27285.4863	-1
27293.6719	-1
27301.8574	-1
27310.0430	-1
27318.2285	-1
27326.4141	-1
27334.5996	-1
27342.7852	-1
27350.9707	-1
27359.1562	-1
27367.3418	-1
27375.5273	-1
27383.7129	-1
27391.8984	-1
27400.0840	-1
27408.2695	-1
27416.4551	-1
27424.6406	-1
27432.8262	-1
27441.0117	-1
27449.1973	-1
27457.3828	-1
27465.5684	-1
27473.7539	1
27481.9395	1
27490.1270	1
27498.3145	1
27506.5020	1
27514.6895	1
27522.8770	1
27531.0645	1
27539.2520	-1
27547.4395	-1
27555.6270	-1
27563.8145	-1
27572.0020	-1
27580.1895	-1
27588.3770	-1
27596.5645	-1
27604.7520	-1
27612.9395	-1
27621.1270	-1
27629.3145	-1
27637.5020	-1
27645.6895	-1
27653.8770	-1
27662.0645	-1
27670.2520	-1
27678.4395	-1
27686.6270	-1
27694.8145	-1
27703.0020	-1
27711.1895	-1
27719.3770	-1
27727.5645	-1
27735.7520	-1
27743.9395	-1
27752.1270	-1
27760.3145	-1
27768.5020	-1
27776.6895	-1
27784.8770	-1
27793.0645	-1
27801.2520	-1
27809.4395	-1
27817.6270	-1
27825.8145	-1
27834.0039	1
27842.1934	1
27850.3828	1
27858.5723	1
27866.7617	1
27874.9512	1
27883.1406	1
27891.3301	1
27899.5195	1
27907.7090	1
27915.8984	1
27924.0879	1
27932.2773	-1
27940.4668	-1
27948.6562	-1
27956.8457	-1
27965.0352	-1
27973.2246	-1
27981.4141	-1
27989.6035	-1
27997.7930	-1
28005.9824	-1
28014.1719	-1
28022.3613	-1
28030.5508	-1
28038.7402	-1
28046.9297	-1
28055.1191	-1
28063.3086	-1
28071.4980	-1
28079.6895	-1
28087.8809	-1
28096.0723	-1
28104.2637	-1
28112.4551	-1
28120.6465	-1
28128.8379	-1
28137.0293	-1
28145.2207	-1
28153.4121	-1
28161.6035	-1
28169.7949	-1
28177.9863	-1
28186.1777	-1
28194.3691	-1
28202.5605	-1
28210.7520	-1
28218.9434	-1
28227.1348	-1
28235.3262	-1
28243.5176	-1
28251.7090	-1
28259.9004	-1
28268.0918	-1
28276.2832	-1
28284.4746	-1
28292.6660	-1
28300.8574	-1
28309.0488	-1
28317.2402	-1
28325.4316	-1
28333.6230	-1
28341.8145	-1
28350.0059	-1
28358.1973	-1
28366.3887	-1
28374.5801	-1
28382.7715	-1
28390.9629	-1
28399.1543	-1
28407.3457	-1
28415.5371	-1
28423.7305	-1
28431.9238	-1
28440.1172	-1
28448.3105	-1
28456.5039	-1
28464.6973	-1
28472.8906	1
28481.0840	-1
28489.2773	-1
28497.4707	-1
28505.6641	-1
28513.8574	-1
28522.0508	-1
28530.2441	1
28538.4395	-1
28546.6348	-1
28554.8301	-1
28563.0254	-1
28571.2207	-1
28579.4160	-1
28587.6113	1
28595.8066	-1
28604.0020	1
28612.1973	-1
28620.3926	-1
28628.5879	-1
28636.7832	-1
28644.9785	-1
28653.1738	1
28661.3691	1
28669.5645	-1
28677.7598	1
28685.9551	-1
28694.1504	-1
28702.3457	-1
28710.5410	-1
28718.7363	-1
28726.9316	1
28735.1289	1
28743.3262	1
28751.5234	-1
28759.7207	-1
28767.9180	-1
28776.1152	-1
28784.3125	-1
28792.5098	-1
28800.7070	-1
28808.9043	1
28817.1016	-1
28825.2988	-1
28833.4961	-1
28841.6934	-1
28849.8906	-1
28858.0879	1
28866.2852	1
28874.4824	1
28882.6797	-1
28890.8770	-1
28899.0742	1
28907.2715	-1
28915.4688	-1
28923.6660	-1
28931.8633	-1
28940.0605	1
28948.2578	1
28956.4551	1
28964.6523	-1
28972.8496	-1
28981.0469	-1
28989.2441	-1
28997.4414	-1
29005.6387	-1
29013.8359	1
29022.0332	1
29030.2305	1
29038.4277	-1
29046.6250	-1
29054.8223	-1
29063.0195	-1
29071.2168	-1
29079.4141	-1
29087.6113	1
29095.8086	-1
29104.0059	-1
29112.2031	-1
29120.4004	-1
29128.5977	-1
29136.7949	-1
29144.9922	1
29153.1914	1
29161.3906	1
29169.5898	-1
29177.7891	-1
29185.9883	-1
29194.1875	-1
29202.3867	-1
29210.5859	-1
29218.7852	-1
29226.9844	-1
29235.1836	-1
29243.3828	-1
29251.5820	-1
29259.7812	-1
29267.9805	-1
29276.1797	-1
29284.3789	-1
29292.5781	-1
29300.7773	-1
29308.9766	-1
29317.1777	-1
29325.3789	-1
29333.5801	-1
29341.7812	-1
29349.9824	-1
29358.1836	-1
29366.3848	-1
29374.5859	-1
29382.7871	-1
29390.9883	-1
29399.1895	-1
29407.3906	-1
29415.5918	-1
29423.7930	-1
29431.9941	-1
29440.1953	-1
29448.3965	-1
29456.5977	-1
29464.7988	-1
29473.0000	-1
29481.2012	-1
29489.4023	-1
29497.6035	-1
29505.8047	-1
29514.0078	-1
29522.2109	-1
29530.4141	-1
29538.6172	-1
29546.8203	-1
29555.0234	-1
29563.2285	-1
29571.4336	-1
29579.6387	-1
29587.8438	-1
29596.0488	-1
29604.2539	-1
29612.4590	-1
29620.6641	-1
29628.8691	-1
29637.0742	-1
29645.2793	-1
29653.4844	-1
29661.6895	-1
29669.8945	-1
29678.0996	-1
29686.3047	-1
29694.5098	-1
29702.7148	-1
29710.9199	-1
29719.1250	-1
29727.3301	-1
29735.5352	-1
29743.7402	-1
29751.9453	-1
29760.1504	-1
29768.3555	-1
29776.5605	-1
29784.7656	-1
29792.9707	-1
29801.1758	-1
29809.3809	-1
29817.5859	-1
29825.7910	-1
29833.9961	-1
29842.2012	-1
29850.4062	-1
29858.6113	-1
29866.8164	-1
29875.0215	-1
29883.2266	-1
29891.4316	-1
29899.6367	-1
29907.8418	-1
29916.0469	-1
29924.2520	-1
29932.4570	-1
29940.6621	-1
29948.8672	-1
29957.0723	-1
29965.2773	-1
29973.4824	-1
29981.6875	-1
29989.8926	-1
29998.0977	-1
30006.3027	-1
30014.5078	-1
30022.7129	-1
30030.9180	-1
30039.1230	-1
30047.3281	-1
30055.5332	-1
30063.7383	-1
30071.9434	-1
30080.1484	-1
30088.3535	-1
30096.5586	-1
30104.7637	-1
30112.9688	-1
30121.1738	-1
30129.3789	-1
30137.5840	-1
30145.7891	-1
30153.9941	-1
30162.1992	-1
30170.4043	-1
30178.6094	-1
30186.8145	-1
30195.0195	-1
30203.2246	-1
30211.4297	-1
30219.6348	-1
30227.8398	-1
30236.0449	-1
30244.2500	-1
30252.4570	-1
30260.6641	-1
30268.8711	-1
30277.0781	-1
30285.2852	-1
30293.4922	-1
30301.6992	-1
30309.9062	-1
30318.1133	-1
30326.3203	-1
30334.5273	-1
30342.7344	-1
30350.9414	-1
30359.1484	-1
30367.3555	-1
30375.5625	-1
30383.7695	-1
30391.9766	-1
30400.1836	-1
30408.3906	-1
30416.5977	-1
30424.8047	-1
30433.0117	-1
30441.2188	-1
30449.4258	-1
30457.6328	-1
30465.8398	-1
30474.0469	-1
30482.2539	-1
30490.4609	-1
30498.6680	-1
30506.8887	1
30515.1113	-1
30523.3359	1
30531.5605	1
30539.7852	-1
30548.0098	-1
30556.2344	-1
30564.4590	-1
30572.6836	-1
30580.9082	-1
30589.1328	-1
30597.3574	-1
30605.5820	-1
30613.8066	-1
30622.0312	-1
30630.2559	-1
30638.4805	1
30646.7051	1
30654.9297	1
30663.1543	1
30671.3809	-1
30679.6074	-1
30687.8340	-1
30696.0605	-1
30704.2871	-1
30712.5137	-1
30720.7402	-1
30728.9668	-1
30737.1934	-1
30745.4199	-1
30753.6465	-1
30761.8730	-1
30770.0996	-1
30778.3262	-1
30786.5527	-1
30794.7793	-1
30803.0059	-1
30811.2324	-1
30819.4590	-1
30827.6855	-1
30835.9121	-1
30844.1387	-1
30852.3652	-1
30860.6035	1
30868.8438	-1
30877.0840	1
30885.3262	1
30893.5684	-1
30901.8105	-1
30910.0527	-1
30918.2949	-1
30926.5371	-1
30934.7793	-1
30943.0215	-1
30951.2637	-1
30959.5059	-1
30967.7480	-1
30975.9902	-1
30984.2324	-1
30992.4746	1
31000.7188	1
31008.9629	1
31017.2070	1
31025.4512	-1
31033.6953	-1
31041.9395	-1
31050.1836	-1
31058.4277	-1
31066.6719	-1
31074.9160	-1
31083.1602	-1
31091.4043	-1
31099.6484	-1
31107.8926	-1
31116.1367	-1
31124.3828	-1
31132.6289	-1
31140.8750	-1
31149.1211	-1
31157.3672	-1
31165.6133	-1
31173.8594	1
31182.1055	1
31190.3516	-1
31198.5977	-1
31206.8438	-1
31215.0898	-1
31223.3359	-1
31231.5820	-1
31239.8281	1
31248.0742	1
31256.3203	1
31264.5664	1
31272.8125	1
31281.0586	1
31289.3066	-1
31297.5547	-1
31305.8027	-1
31314.0508	-1
31322.2988	-1
31330.5469	-1
31338.7949	-1
31347.0430	-1
31355.2910	-1
31363.5391	-1
31371.7871	-1
31380.0352	-1
31388.2832	-1
31396.5312	-1
31404.7793	-1
31413.0273	-1
31421.2754	-1
31429.5234	-1
31437.7734	-1
31446.0234	-1
31454.2734	-1
31462.5234	-1
31470.7734	-1
31479.0234	-1
31487.2734	-1
31495.5234	-1
31503.7734	-1
31512.0234	-1
31520.2734	-1
31528.5234	-1
31536.7734	-1
31545.0234	-1
31553.2734	-1
31561.5234	-1
31569.7734	-1
31578.0234	-1
31586.2734	-1
31594.5234	-1
31602.7734	-1
31611.0234	-1
31619.2734	-1
31627.5234	-1
31635.7734	-1
31644.0234	-1
31652.2734	-1
31660.5371	1
31668.8027	-1
31677.0703	1
31685.3379	1
31693.6074	-1
31701.8770	-1
31710.1465	-1
31718.4160	-1
31726.6855	-1
31734.9551	-1
31743.2246	-1
31751.4941	-1
31759.7637	-1
31768.0332	-1
31776.3027	-1
31784.5723	-1
31792.8418	1
31801.1113	1
31809.3809	1
31817.6504	1
31825.9199	-1
31834.1895	-1
31842.4590	-1
31850.7285	-1
31858.9980	-1
31867.2676	-1
31875.5391	-1
31883.8105	-1
31892.0820	-1
31900.3535	-1
31908.6250	-1
31916.8965	-1
31925.1680	1
31933.4395	1
31941.7109	1
31949.9824	1
31958.2539	-1
31966.5254	-1
31974.7969	-1
31983.0684	-1
31991.3398	-1
31999.6113	-1
32007.8828	-1
32016.1543	-1
32024.4258	-1
32032.6973	-1
32040.9688	-1
32049.2402	-1
32057.5137	1
32065.7871	1
32074.0605	1
32082.3340	1
32090.6074	-1
32098.8809	-1
32107.1543	-1
32115.4277	-1
32123.7012	-1
32131.9746	-1
32140.2480	1
32148.5215	1
32156.7969	-1
32165.0723	-1
32173.3477	-1
32181.6230	-1
32189.8984	-1
32198.1738	-1
32206.4492	1
32214.7246	-1
32223.0000	-1
32231.2754	-1
32239.5508	-1
32247.8262	-1
32256.1016	-1
32264.3770	1
32272.6523	-1
32280.9277	-1
32289.2031	-1
32297.4785	-1
32305.7539	-1
32314.0293	-1
32322.3066	-1
32330.5840	-1
32338.8613	-1
32347.1387	-1
32355.4160	-1
32363.6934	-1
32371.9707	1
32380.2480	-1
32388.5254	1
32396.8027	-1
32405.0801	-1
32413.3574	-1
32421.6348	-1
32429.9121	-1
32438.1895	-1
32446.4668	-1
32454.7441	-1
32463.0215	-1
32471.2988	-1
32479.5762	-1
32487.8535	-1
32496.1309	-1
32504.4082	-1
32512.6855	-1
32520.9629	-1
32529.2402	-1
32537.5195	1
32545.7988	1
32554.0781	1
32562.3574	1
32570.6367	1
32578.9160	1
32587.1953	1
32595.4746	1
32603.7539	1
32612.0332	1
32620.3125	-1
32628.5918	-1
32636.8711	-1
32645.1504	-1
32653.4297	-1
32661.7090	-1
32669.9883	-1
32678.2676	-1
32686.5469	-1
32694.8262	-1
32703.1055	-1
32711.3848	-1
32719.6641	-1
32727.9434	-1
32736.2227	-1
32744.5020	-1
32752.7812	-1
32761.0605	-1
32769.3398	-1
32777.6211	-1
32785.9023	-1
32794.1836	-1
32802.4648	-1
32810.7461	-1
32819.0273	1
32827.3086	-1
32835.5898	-1
32843.8711	-1
32852.1523	-1
32860.4336	-1
32868.7148	-1
32876.9961	1
32885.2773	1
32893.5586	-1
32901.8398	-1
32910.1211	-1
32918.4023	-1
32926.6836	-1
32934.9648	-1
32943.2461	1
32951.5273	1
32959.8086	1
32968.0898	1
32976.3711	1
32984.6562	-1
32992.9414	-1
33001.2266	-1
33009.5117	-1
33017.7969	-1
33026.0820	-1
33034.3672	1
33042.6523	1
33050.9375	1
33059.2227	1
33067.5078	1
33075.7930	1
33084.0781	-1
33092.3633	-1
33100.6484	-1
33108.9336	-1
33117.2188	-1
33125.5039	-1
33133.7891	-1
33142.0742	-1
33150.3594	-1
33158.6445	-1
33166.9297	-1
33175.2148	-1
33183.5000	-1
33191.7852	-1
33200.0703	-1
33208.3555	-1
33216.6406	-1
33224.9258	-1
33233.2109	1
33241.4961	1
33249.7812	-1
33258.0664	-1
33266.3516	-1
33274.6367	-1
33282.9219	-1
33291.2070	-1
33299.4922	-1
33307.7773	-1
33316.0625	-1
33324.3477	-1
33332.6328	-1
33340.9180	-1
33349.2070	1
33357.4961	1
33365.7852	1
33374.0742	1
33382.3633	1
33390.6523	1
33398.9414	1
33407.2305	1
33415.5195	-1
33423.8086	-1
33432.0977	-1
33440.3867	-1
33448.6758	-1
33456.9648	-1
33465.2539	-1
33473.5430	-1
33481.8320	-1
33490.1211	-1
33498.4102	-1
33506.6992	-1
33514.9883	-1
33523.2773	-1
33531.5664	-1
33539.8555	-1
33548.1445	-1
33556.4336	-1
33564.7227	-1
33573.0117	-1
33581.3008	-1
33589.5898	-1
33597.8789	-1
33606.1680	-1
33614.4609	1
33622.7539	1
33631.0469	1
33639.3398	1
33647.6328	1
33655.9258	1
33664.2188	1
33672.5117	1
33680.8047	-1
33689.0977	-1
33697.3906	-1
33705.6836	-1
33713.9766	-1
33722.2695	-1
33730.5625	-1
33738.8555	-1
33747.1484	-1
33755.4414	-1
33763.7344	-1
33772.0273	-1
33780.3242	-1
33788.6211	-1
33796.9180	-1
33805.2148	-1
33813.5117	-1
33821.8086	-1
33830.1055	-1
33838.4023	-1
33846.6992	-1
33854.9961	-1
33863.2930	-1
33871.5898	-1
33879.8867	-1
33888.1836	-1
33896.4805	-1
33904.7773	-1
33913.0742	-1
33921.3711	-1
33929.6680	-1
33937.9648	-1
33946.2617	-1
33954.5586	-1
33962.8555	-1
33971.1523	-1
33979.4492	1
33987.7461	1
33996.0430	1
34004.3398	1
34012.6367	1
34020.9336	1
34029.2305	1
34037.5273	1
34045.8242	1
34054.1211	1
34062.4180	1
34070.7148	1
34079.0117	-1
34087.3086	-1
34095.6055	-1
34103.9023	-1
34112.1992	-1
34120.4961	-1
34128.7930	-1
34137.0898	-1
34145.3867	-1
34153.6836	-1
34161.9805	-1
34170.2773	-1
34178.5742	-1
34186.8711	-1
34195.1680	-1
34203.4648	-1
34211.7617	-1
34220.0586	-1
34228.3594	-1
34236.6602	-1
34244.9609	-1
34253.2617	-1
34261.5625	-1
34269.8633	-1
34278.1641	1
34286.4648	1
34294.7656	1
34303.0664	-1
34311.3672	-1
34319.6680	-1
34327.9688	-1
34336.2695	-1
34344.5703	-1
34352.8711	-1
34361.1719	-1
34369.4727	-1
34377.7734	-1
34386.0742	-1
34394.3750	-1
34402.6758	-1
34410.9766	-1
34419.2773	-1
34427.5781	-1
34435.8789	-1
34444.1797	-1
34452.4805	-1
34460.7812	-1
34469.0820	-1
34477.3828	-1
34485.6836	-1
34493.9844	-1
34502.2852	-1
34510.5859	-1
34518.8867	-1
34527.1875	-1
34535.4883	-1
34543.7891	-1
34552.0898	-1
34560.3906	-1
34568.6914	-1
34576.9922	-1
34585.2930	-1
34593.5938	-1
34601.8984	-1
34610.2031	-1
34618.5078	-1
34626.8125	-1
34635.1172	-1
34643.4219	-1
34651.7266	-1
34660.0312	-1
34668.3359	-1
34676.6406	-1
34684.9453	-1
34693.2500	-1
34701.5547	-1
34709.8594	-1
34718.1641	-1
34726.4688	-1
34734.7734	-1
34743.0781	-1
34751.3828	-1
34759.6875	-1
34767.9922	-1
34776.2969	-1
34784.6016	-1
34792.9062	-1
34801.2109	-1
34809.5156	-1
34817.8203	-1
34826.1250	-1
34834.4297	-1
34842.7344	-1
34851.0391	-1
34859.3438	-1
34867.6484	-1
34875.9531	-1
34884.2578	-1
34892.5625	-1
34900.8672	-1
34909.1719	-1
34917.4766	-1
34925.7812	-1
34934.0859	-1
34942.3906	-1
34950.6953	-1
34959.0000	-1
34967.3047	-1
34975.6094	-1
34983.9141	-1
34992.2188	-1
35000.5234	-1
35008.8281	-1
35017.1328	-1
35025.4375	-1
35033.7422	-1
35042.0469	-1
35050.3516	-1
35058.6562	-1
35066.9609	-1
35075.2656	-1
35083.5703	-1
35091.8750	-1
35100.1797	-1
35108.4844	-1
35116.7891	-1
35125.0938	-1
35133.3984	-1
35141.7031	-1
35150.0078	-1
35158.3125	-1
35166.6172	-1
35174.9219	-1
35183.2266	-1
35191.5352	-1
35199.8438	-1
35208.1523	-1
35216.4609	-1
35224.7695	-1
35233.0781	-1
35241.3867	-1
35249.6953	-1
35258.0039	-1
35266.3125	-1
35274.6211	-1
35282.9297	-1
35291.2383	-1
35299.5469	-1
35307.8555	-1
35316.1641	-1
35324.4727	-1
35332.7812	-1
35341.0898	-1
35349.3984	-1
35357.7070	-1
35366.0156	-1
35374.3242	-1
35382.6328	-1
35390.9414	-1
35399.2500	-1
35407.5586	-1
35415.8672	-1
35424.1758	-1
35432.4844	-1
35440.7930	-1
35449.1055	-1
35457.4180	-1
35465.7305	-1
35474.0430	-1
35482.3555	-1
35490.6680	-1
35498.9805	-1
35507.2930	-1
35515.6055	-1
35523.9180	-1
35532.2305	-1
35540.5430	-1
35548.8555	-1
35557.1680	-1
35565.4805	-1
35573.7930	-1
35582.1055	-1
35590.4180	-1
35598.7305	-1
35607.0430	-1
35615.3555	-1
35623.6680	-1
35631.9805	-1
35640.2930	-1
35648.6055	-1
35656.9180	-1
35665.2305	-1
35673.5430	-1
35681.8555	-1
35690.1680	-1
35698.4805	-1
35706.7930	-1
35715.1055	-1
35723.4180	-1
35731.7305	-1
35740.0430	-1
35748.3555	-1
35756.6680	-1
35764.9805	-1
35773.2930	-1
35781.6055	-1
35789.9180	-1
35798.2305	-1
35806.5430	-1
35814.8555	-1
35823.1680	-1
35831.4805	-1
35839.7930	-1
35848.1055	-1
35856.4180	-1
35864.7305	-1
35873.0430	-1
35881.3555	-1
35889.6680	-1
35897.9844	-1
35906.3008	-1
35914.6172	-1
35922.9336	-1
35931.2500	-1
35939.5664	-1
35947.8828	-1
35956.1992	-1
35964.5156	-1
35972.8320	-1
35981.1484	-1
35989.4648	-1
35997.7812	-1
36006.0977	-1
36014.4141	-1
36022.7305	-1
36031.0469	-1
36039.3633	-1
36047.6797	-1
36055.9961	-1
36064.3125	-1
36072.6289	-1
36080.9453	-1
36089.2617	-1
36097.5781	-1
36105.8945	-1
36114.2109	-1
36122.5273	-1
36130.8438	-1
36139.1602	-1
36147.4883	1
36155.8203	-1
36164.1523	1
36172.4844	1
36180.8164	-1
36189.1484	-1
36197.4805	-1
36205.8125	-1
36214.1445	-1
36222.4766	-1
36230.8086	-1
36239.1406	-1
36247.4727	-1
36255.8047	-1
36264.1484	1
36272.4961	-1
36280.8438	1
36289.1914	1
36297.5391	-1
36305.8867	-1
36314.2344	-1
36322.5820	-1
36330.9297	-1
36339.2773	-1
36347.6250	-1
36355.9727	-1
36364.3203	-1
36372.6680	-1
36381.0312	1
36389.3945	-1
36397.7578	1
36406.1211	1
36414.4883	-1
36422.8555	-1
36431.2227	-1
36439.5898	-1
36447.9570	-1
36456.3242	-1
36464.6914	-1
36473.0586	-1
36481.4258	-1
36489.7930	-1
36498.1602	-1
36506.5273	-1
36514.8945	1
36523.2617	1
36531.6289	1
36539.9961	1
36548.3633	-1
36556.7305	-1
36565.0977	-1
36573.4648	-1
36581.8320	-1
36590.1992	-1
36598.5664	-1
36606.9336	-1
36615.3008	-1
36623.6680	-1
36632.0352	-1
36640.4023	-1
36648.7695	-1
36657.1367	-1
36665.5039	-1
36673.8711	-1
36682.2383	-1
36690.6055	-1
36698.9727	-1
36707.3398	-1
36715.7070	-1
36724.0742	-1
36732.4414	-1
36740.8086	-1
36749.1758	1
36757.5430	1
36765.9102	1
36774.2773	1
36782.6445	1
36791.0117	1
36799.3789	1
36807.7461	1
36816.1133	-1
36824.4805	-1
36832.8477	-1
36841.2148	-1
36849.5820	-1
36857.9492	-1
36866.3164	-1
36874.6836	-1
36883.0508	-1
36891.4180	-1
36899.7852	-1
36908.1523	-1
36916.5195	-1
36924.8906	-1
36933.2617	-1
36941.6328	-1
36950.0039	-1
36958.3750	-1
36966.7461	-1
36975.1172	-1
36983.4883	-1
36991.8594	-1
37000.2305	-1
37008.6016	-1
37016.9727	1
37025.3438	1
37033.7148	1
37042.0859	1
37050.4570	1
37058.8281	1
37067.1992	-1
37075.5703	-1
37083.9414	-1
37092.3125	-1
37100.6836	-1
37109.0547	-1
37117.4258	-1
37125.7969	-1
37134.1680	-1
37142.5391	-1
37150.9102	-1
37159.2812	-1
37167.6523	-1
37176.0234	-1
37184.3945	-1
37192.7656	-1
37201.1367	-1
37209.5078	-1
37217.8789	-1
37226.2500	-1
37234.6211	-1
37242.9922	-1
37251.3633	-1
37259.7344	-1
37268.1055	-1
37276.4766	-1
37284.8477	-1
37293.2188	-1
37301.5898	-1
37309.9609	-1
37318.3320	-1
37326.7031	-1
37335.0742	-1
37343.4453	-1
37351.8164	-1
37360.1875	-1
37368.5586	-1
37376.9297	-1
37385.3008	-1
37393.6719	-1
37402.0430	-1
37410.4141	-1
37418.7852	-1
37427.1562	-1
37435.5273	-1
37443.8984	-1
37452.2695	-1
37460.6406	-1
37469.0156	-1
37477.3906	-1
37485.7656	-1
37494.1406	-1
37502.5156	-1
37510.8906	-1
37519.2656	-1
37527.6406	-1
37536.0273	1
37544.4141	-1
37552.8008	1
37561.1875	1
37569.5781	-1
37577.9688	-1
37586.3594	-1
37594.7617	1
37603.1641	-1
37611.5664	1
37619.9688	1
37628.3750	-1
37636.7812	-1
37645.1875	-1
37653.5938	-1
37662.0000	-1
37670.4062	-1
37678.8125	-1
37687.2188	-1
37695.6250	-1
37704.0312	-1
37712.4375	-1
37720.8438	-1
37729.2500	1
37737.6562	1
37746.0625	1
37754.4688	1
37762.8750	-1
37771.2812	-1
37779.6875	-1
37788.0938	-1
37796.5000	-1
37804.9062	-1
37813.3125	-1
37821.7188	-1
37830.1250	-1
37838.5312	-1
37846.9375	-1
37855.3438	-1
37863.7500	-1
37872.1562	-1
37880.5625	-1
37888.9688	-1
37897.3750	-1
37905.7812	-1
37914.1875	-1
37922.5938	-1
37931.0000	-1
37939.4062	-1
37947.8125	-1
37956.2344	1
37964.6562	-1
37973.0781	1
37981.5000	1
37989.9219	-1
37998.3438	-1
38006.7656	-1
38015.1914	-1
38023.6289	1
38032.0664	-1
38040.5078	1
38048.9492	1
38057.3906	-1
38065.8320	-1
38074.2734	-1
38082.7148	-1
38091.1562	-1
38099.5977	-1
38108.0391	-1
38116.4805	-1
38124.9219	-1
38133.3633	-1
38141.8047	-1
38150.2461	-1
38158.6875	1
38167.1289	1
38175.5703	1
38184.0117	1
38192.4531	-1
38200.8945	-1
38209.3359	-1
38217.7773	-1
38226.2188	-1
38234.6602	-1
38243.1016	-1
38251.5430	-1
38259.9844	-1
38268.4258	-1
38276.8672	-1
38285.3086	-1
38293.7500	-1
38302.1914	-1
38310.6367	-1
38319.0820	-1
38327.5273	-1
38335.9727	-1
38344.4180	-1
38352.8633	-1
38361.3086	-1
38369.7539	-1
38378.1992	-1
38386.6445	-1
38395.0898	1
38403.5352	1
38411.9805	1
38420.4258	-1
38428.8711	-1
38437.3164	-1
38445.7617	-1
38454.2070	-1
38462.6523	-1
38471.0977	-1
38479.5430	-1
38487.9883	-1
38496.4336	-1
38504.8789	-1
38513.3242	-1
38521.7695	-1
38530.2266	1
38538.6875	-1
38547.1484	1
38555.6094	1
38564.0703	-1
38572.5312	-1
38580.9922	-1
38589.4531	-1
38597.9141	-1
38606.3750	-1
38614.8359	-1
38623.2969	-1
38631.7578	-1
38640.2188	-1
38648.6797	-1
38657.1406	-1
38665.6016	1
38674.0625	1
38682.5234	1
38690.9844	1
38699.4453	-1
38707.9062	-1
38716.3672	-1
38724.8281	-1
38733.2891	-1
38741.7500	-1
38750.2109	-1
38758.6719	-1
38767.1328	-1
38775.5938	-1
38784.0547	-1
38792.5156	-1
38800.9766	-1
38809.4375	-1
38817.8984	-1
38826.3594	-1
38834.8203	-1
38843.2812	-1
38851.7422	-1
38860.2188	1
38868.6953	-1
38877.1719	1
38885.6484	1
38894.1250	-1
38902.6016	-1
38919.9258	1
38937.4258	-1
