0.0000	0
0.0009	-1
0.8481	-2
1.0275	-2
1.1312	-2
1.3731	-2
1.4642	2
1.4670	-2
1.7890	-2
1.8029	-2
1.8552	-2
2.1393	-2
2.5021	2
2.6928	2
2.8882	2
2.9656	-2
3.1754	2
3.3400	-2
3.3941	2
3.4460	2
3.4782	-2
3.5824	-2
3.8168	-2
3.8970	-2
3.9450	-2
4.0756	-2
4.1368	-2
4.6642	-2
4.8560	2
4.8607	2
5.1698	-2
5.2522	2
5.3438	-2
5.3850	-2
5.4887	-2
5.5281	2
5.6615	2
5.8385	2
6.2266	-2
6.3745	2
6.4242	-2
6.4388	-2
6.6131	2
6.6785	2
7.0565	-2
7.1395	-2
7.1577	-2
7.1813	-2
7.6105	-2
7.6791	2
7.9056	-2
8.4951	-2
8.5450	1
8.7791	-2
8.9108	2
9.0773	-2
10.1854	2
10.6423	2
10.6716	-2
10.8054	2
11.5160	-2
11.9409	-2
12.0909	2
17.0912	-1
25.6381	1
34.1850	1
42.7339	-1
51.2827	-1
59.8316	-1
68.3995	1
76.9696	-1
85.5402	1
94.1109	1
102.6846	-1
111.2582	-1
119.8319	-1
128.4057	-1
136.9794	-1
145.5531	-1
154.1269	-1
162.7007	-1
171.2745	-1
179.8680	1
188.4645	-1
197.0617	1
205.6589	1
214.2587	-1
222.8584	-1
231.4582	-1
240.0580	-1
248.6577	-1
257.2575	-1
265.8574	-1
274.4573	-1
283.0572	-1
291.6571	-1
300.2570	-1
308.8570	-1
317.4577	1
326.0585	1
334.6616	-1
343.2647	-1
351.8679	-1
360.4710	-1
369.0741	-1
377.6772	-1
386.2805	-1
394.8837	-1
403.4869	-1
412.0902	-1
420.6934	-1
429.3170	1
437.9438	-1
446.5713	1
455.1989	1
463.8277	-1
472.4565	-1
481.0853	-1
489.7141	-1
498.3430	-1
506.9728	-1
515.6218	1
524.2731	-1
532.9250	1
541.5769	1
550.2299	-1
558.8828	-1
567.5358	-1
576.1887	-1
584.8417	-1
593.4946	-1
602.1479	-1
610.8012	-1
619.4546	-1
628.1080	-1
636.7614	-1
645.4147	-1
654.0689	1
662.7232	1
671.3776	1
680.0319	1
688.6875	-1
697.3431	-1
705.9987	-1
714.6542	-1
723.3098	-1
731.9654	-1
740.6216	-1
749.2778	-1
757.9340	-1
766.5901	-1
775.2463	-1
783.9025	-1
792.5593	-1
801.2161	-1
809.8729	-1
818.5297	-1
827.1865	-1
835.8434	-1
844.5003	-1
853.1572	-1
861.8141	-1
870.4711	-1
879.1280	-1
887.7849	-1
896.4425	1
905.1002	1
913.7578	1
922.4155	1
931.0767	-1
939.7379	-1
948.3991	-1
957.0603	-1
965.7216	-1
974.3828	-1
983.0443	-1
991.7057	-1
1000.3671	-1
1009.0286	-1
1017.6900	-1
1026.3514	-1
1035.0129	-1
1043.6744	-1
1052.3359	-1
1060.9974	-1
1069.6589	-1
1078.3204	-1
1086.9821	-1
1095.6437	-1
1104.3053	-1
1112.9669	-1
1121.6509	1
1130.3375	-1
1139.0250	1
1147.7126	1
1156.4030	-1
1165.0933	-1
1173.7836	-1
1182.4739	-1
1191.1642	-1
1199.8545	-1
1208.5450	-1
1217.2356	-1
1225.9261	-1
1234.6167	-1
1243.3240	1
1252.0342	-1
1260.7452	1
1269.4564	1
1278.1687	-1
1286.8810	-1
1295.5933	-1
1304.3055	-1
1313.0178	-1
1321.7346	-1
1330.4661	1
1339.1996	-1
1347.9333	-1
1356.6676	1
1365.4020	1
1374.1377	-1
1382.8734	-1
1391.6091	-1
1400.3448	-1
1409.0806	-1
1417.8163	-1
1426.5521	-1
1435.2880	-1
1444.0238	-1
1452.7596	-1
1461.4955	-1
1470.2313	-1
1478.9680	1
1487.7050	1
1496.4419	1
1505.1788	1
1513.9167	-1
1522.6547	-1
1531.3926	-1
1540.1305	-1
1548.8684	-1
1557.6063	-1
1566.3444	-1
1575.0824	-1
1583.8204	-1
1592.5585	-1
1601.2965	-1
1610.0345	-1
1618.7727	-1
1627.5109	-1
1636.2490	-1
1644.9872	-1
1653.7253	-1
1662.4636	-1
1671.2021	-1
1679.9407	-1
1688.6792	-1
1697.4177	-1
1706.1562	-1
1714.8948	-1
1723.6337	1
1732.3726	1
1741.1116	1
1749.8507	1
1758.5903	1
1767.3300	1
1776.0697	1
1784.8094	1
1793.5508	-1
1802.2921	-1
1811.0334	-1
1819.7748	-1
1828.5161	-1
1837.2574	-1
1845.9990	-1
1854.7406	-1
1863.4822	-1
1872.2238	-1
1880.9653	-1
1889.7069	-1
1898.4486	-1
1907.1903	-1
1915.9320	-1
1924.6737	-1
1933.4154	-1
1942.1571	-1
1950.8989	-1
1959.6407	-1
1968.3826	-1
1977.1244	-1
1985.8662	-1
1994.6080	-1
2003.3500	-1
2012.0919	-1
2020.8339	-1
2029.5758	-1
2038.3177	-1
2047.0597	-1
2055.8018	-1
2064.5439	-1
2073.2861	-1
2082.0283	-1
2090.7705	-1
2099.5127	-1
2108.2549	1
2116.9971	1
2125.7393	-1
2134.4814	1
2143.2236	-1
2151.9658	-1
2160.7080	-1
2169.4502	-1
2178.1924	-1
2186.9346	1
2195.6770	-1
2204.4194	-1
2213.1619	-1
2221.9043	-1
2230.6467	-1
2239.3892	-1
2248.1333	1
2256.8777	1
2265.6221	1
2274.3665	1
2283.1108	1
2291.8552	1
2300.5999	1
2309.3445	1
2318.0891	1
2326.8337	1
2335.5784	-1
2344.3230	-1
2353.0676	-1
2361.8123	-1
2370.5569	-1
2379.3015	-1
2388.0461	1
2396.7908	1
2405.5359	1
2414.2810	1
2423.0264	-1
2431.7717	-1
2440.5171	-1
2449.2625	-1
2458.0078	-1
2466.7532	-1
2475.4990	1
2484.2449	-1
2492.9907	-1
2501.7366	-1
2510.4824	-1
2519.2283	-1
2527.9741	-1
2536.7202	-1
2545.4663	-1
2554.2124	-1
2562.9585	-1
2571.7046	-1
2580.4507	-1
2589.1970	-1
2597.9434	-1
2606.6897	-1
2615.4360	-1
2624.1824	-1
2632.9287	-1
2641.6753	-1
2650.4219	-1
2659.1685	-1
2667.9150	-1
2676.6616	-1
2685.4082	-1
2694.1550	1
2702.9023	1
2711.6499	1
2720.3979	1
2729.1460	1
2737.8940	1
2746.6421	1
2755.3901	1
2764.1384	1
2772.8870	-1
2781.6355	-1
2790.3840	-1
2799.1326	-1
2807.8813	-1
2816.6301	-1
2825.3789	-1
2834.1277	-1
2842.8765	-1
2851.6252	-1
2860.3740	-1
2869.1228	-1
2877.8726	1
2886.6226	1
2895.3726	1
2904.1226	1
2912.8730	-1
2921.6235	-1
2930.3740	-1
2939.1245	-1
2947.8750	-1
2956.6255	-1
2965.3762	1
2974.1272	1
2982.8782	-1
2991.6292	-1
3000.3801	-1
3009.1311	-1
3017.8821	-1
3026.6331	-1
3035.3843	-1
3044.1355	-1
3052.8867	-1
3061.6379	-1
3070.3892	-1
3079.1404	-1
3087.8918	-1
3096.6433	-1
3105.3948	-1
3114.1462	-1
3122.8977	-1
3131.6492	-1
3140.4009	-1
3149.1526	-1
3157.9043	-1
3166.6560	-1
3175.4077	-1
3184.1594	-1
3192.9111	-1
3201.6628	-1
3210.4146	-1
3219.1663	-1
3227.9180	-1
3236.6697	-1
3245.4216	-1
3254.1736	-1
3262.9255	-1
3271.6775	-1
3280.4294	-1
3289.1814	-1
3297.9333	-1
3306.6853	-1
3315.4373	-1
3324.1892	-1
3332.9412	-1
3341.6931	-1
3350.4453	-1
3359.1975	-1
3367.9497	-1
3376.7019	-1
3385.4541	-1
3394.2063	-1
3402.9585	-1
3411.7107	-1
3420.4629	-1
3429.2151	-1
3437.9673	-1
3446.7195	-1
3455.4722	1
3464.2249	1
3472.9800	-1
3481.7351	-1
3490.4902	-1
3499.2454	-1
3508.0005	-1
3516.7556	-1
3525.5107	-1
3534.2661	-1
3543.0215	-1
3551.7769	-1
3560.5322	-1
3569.2876	-1
3578.0432	-1
3586.7988	-1
3595.5544	-1
3604.3101	-1
3613.0657	-1
3621.8213	-1
3630.5769	-1
3639.3325	-1
3648.0881	-1
3656.8438	-1
3665.5994	-1
3674.3550	-1
3683.1108	-1
3691.8667	-1
3700.6226	-1
3709.3784	-1
3718.1343	-1
3726.8901	-1
3735.6460	-1
3744.4019	-1
3753.1577	-1
3761.9136	-1
3770.6694	-1
3779.4253	-1
3788.1814	-1
3796.9375	-1
3805.6936	-1
3814.4497	-1
3823.2058	-1
3831.9619	-1
3840.7180	-1
3849.4741	-1
3858.2302	-1
3866.9863	-1
3875.7424	-1
3884.4988	-1
3893.2551	-1
3902.0115	-1
3910.7678	-1
3919.5242	-1
3928.2805	-1
3937.0369	-1
3945.7935	-1
3954.5500	-1
3963.3066	-1
3972.0632	-1
3980.8198	-1
3989.5764	-1
3998.3330	-1
4007.0896	-1
4015.8462	-1
4024.6028	-1
4033.3594	-1
4042.1160	-1
4050.8730	1
4059.6301	1
4068.3875	1
4077.1448	1
4085.9021	1
4094.6594	1
4103.4170	1
4112.1743	1
4120.9316	1
4129.6890	1
4138.4463	1
4147.2036	1
4155.9609	1
4164.7188	1
4173.4766	1
4182.2344	1
4190.9937	-1
4199.7529	-1
4208.5122	-1
4217.2715	-1
4226.0308	-1
4234.7900	-1
4243.5498	-1
4252.3096	-1
4261.0693	-1
4269.8291	-1
4278.5889	-1
4287.3486	-1
4296.1084	-1
4304.8682	-1
4313.6279	-1
4322.3877	-1
4331.1475	-1
4339.9072	-1
4348.6675	-1
4357.4277	-1
4366.1880	-1
4374.9482	-1
4383.7085	-1
4392.4688	-1
4401.2290	-1
4409.9893	-1
4418.7495	-1
4427.5098	-1
4436.2700	-1
4445.0303	-1
4453.7905	-1
4462.5508	-1
4471.3110	-1
4480.0713	-1
4488.8315	-1
4497.5918	-1
4506.3525	-1
4515.1133	-1
4523.8740	-1
4532.6348	-1
4541.3955	-1
4550.1562	-1
4558.9175	1
4567.6792	1
4576.4409	1
4585.2026	1
4593.9644	1
4602.7261	1
4611.4878	1
4620.2495	1
4629.0117	1
4637.7739	1
4646.5361	1
4655.2983	1
4664.0610	1
4672.8237	1
4681.5864	1
4690.3521	-1
4699.1177	-1
4707.8833	-1
4716.6489	-1
4725.4146	-1
4734.1802	-1
4742.9458	-1
4751.7114	-1
4760.4771	-1
4769.2427	-1
4778.0083	-1
4786.7739	-1
4795.5400	-1
4804.3062	-1
4813.0723	-1
4821.8384	-1
4830.6045	-1
4839.3706	-1
4848.1367	-1
4856.9028	-1
4865.6689	-1
4874.4351	-1
4883.2012	-1
4891.9673	-1
4900.7334	-1
4909.4995	-1
4918.2656	-1
4927.0317	-1
4935.7979	-1
4944.5645	-1
4953.3311	-1
4962.0977	-1
4970.8643	-1
4979.6309	-1
4988.3975	-1
4997.1641	-1
5005.9307	-1
5014.6973	-1
5023.4639	-1
5032.2305	-1
5040.9971	-1
5049.7637	-1
5058.5308	-1
5067.2979	-1
5076.0649	-1
5084.8320	-1
5093.5991	-1
5102.3662	-1
5111.1333	-1
5119.9004	-1
5128.6675	-1
5137.4346	-1
5146.2017	-1
5154.9688	-1
5163.7358	-1
5172.5029	-1
5181.2700	-1
5190.0371	-1
5198.8042	-1
5207.5713	-1
5216.3403	-1
5225.1094	-1
5233.8784	-1
5242.6475	-1
5251.4165	-1
5260.1855	-1
5268.9551	-1
5277.7246	-1
5286.4941	-1
5295.2637	-1
5304.0332	-1
5312.8027	-1
5321.5732	-1
5330.3438	-1
5339.1143	-1
5347.8853	-1
5356.6562	-1
5365.4272	-1
5374.1987	-1
5382.9707	-1
5391.7427	-1
5400.5146	-1
5409.2866	-1
5418.0586	-1
5426.8306	-1
5435.6025	-1
5444.3745	-1
5453.1465	-1
5461.9185	-1
5470.6904	-1
5479.4624	-1
5488.2344	-1
5497.0063	-1
5505.7783	-1
5514.5503	-1
5523.3223	-1
5532.0942	-1
5540.8662	-1
5549.6382	-1
5558.4102	-1
5567.1821	-1
5575.9541	-1
5584.7266	-1
5593.4990	-1
5602.2715	-1
5611.0439	-1
5619.8164	-1
5628.5889	-1
5637.3652	-1
5646.1416	-1
5654.9180	-1
5663.6943	-1
5672.4707	-1
5681.2471	-1
5690.0234	-1
5698.7998	-1
5707.5762	-1
5716.3525	-1
5725.1289	-1
5733.9053	-1
5742.6821	-1
5751.4590	-1
5760.2358	-1
5769.0127	-1
5777.7896	-1
5786.5664	-1
5795.3433	-1
5804.1201	-1
5812.8970	-1
5821.6738	-1
5830.4507	-1
5839.2275	-1
5848.0044	-1
5856.7812	-1
5865.5581	-1
5874.3350	-1
5883.1118	-1
5891.8887	-1
5900.6655	-1
5909.4424	-1
5918.2192	-1
5926.9961	-1
5935.7729	-1
5944.5498	-1
5953.3271	-1
5962.1045	-1
5970.8818	-1
5979.6592	-1
5988.4365	-1
5997.2139	-1
6005.9912	-1
6014.7686	-1
6023.5459	-1
6032.3232	-1
6041.1006	-1
6049.8779	-1
6058.6553	-1
6067.4326	-1
6076.2100	-1
6084.9873	-1
6093.7646	-1
6102.5420	-1
6111.3198	-1
6120.0977	-1
6128.8755	-1
6137.6533	-1
6146.4312	-1
6155.2090	-1
6163.9868	-1
6172.7646	-1
6181.5425	-1
6190.3203	-1
6199.0981	-1
6207.8760	-1
6216.6538	-1
6225.4316	-1
6234.2095	-1
6242.9873	-1
6251.7651	-1
6260.5430	-1
6269.3208	-1
6278.0986	-1
6286.8765	-1
6295.6543	-1
6304.4531	1
6313.2549	-1
6322.0571	1
6330.8599	1
6339.6636	-1
6348.4673	-1
6357.2710	-1
6366.0747	-1
6374.8784	-1
6383.6821	-1
6392.4858	-1
6401.2896	-1
6410.0933	-1
6418.8970	-1
6427.7007	-1
6436.5044	-1
6445.3086	1
6454.1128	1
6462.9170	1
6471.7212	1
6480.5264	-1
6489.3315	-1
6498.1367	-1
6506.9419	-1
6515.7471	-1
6524.5522	-1
6533.3579	-1
6542.1636	-1
6550.9692	-1
6559.7749	-1
6568.5806	-1
6577.3862	-1
6586.1924	-1
6594.9985	-1
6603.8047	-1
6612.6108	-1
6621.4170	-1
6630.2231	-1
6639.0293	1
6647.8354	1
6656.6416	-1
6665.4478	-1
6674.2539	-1
6683.0601	-1
6691.8662	-1
6700.6724	-1
6709.4785	1
6718.2847	1
6727.0918	1
6735.8989	1
6744.7061	1
6753.5132	1
6762.3208	-1
6771.1284	-1
6779.9360	-1
6788.7437	-1
6797.5513	-1
6806.3589	-1
6815.1670	-1
6823.9751	-1
6832.7832	-1
6841.5913	-1
6850.3994	-1
6859.2075	-1
6868.0166	-1
6876.8257	-1
6885.6348	-1
6894.4438	-1
6903.2529	-1
6912.0620	-1
6920.8711	-1
6929.6802	-1
6938.4893	-1
6947.2983	-1
6956.1074	-1
6964.9165	-1
6973.7256	-1
6982.5347	-1
6991.3438	-1
7000.1528	-1
7008.9619	-1
7017.7710	-1
7026.5801	-1
7035.3892	-1
7044.1982	-1
7053.0073	-1
7061.8164	-1
7070.6255	-1
7079.4351	-1
7088.2446	-1
7097.0542	-1
7105.8638	-1
7114.6733	-1
7123.4829	-1
7132.2925	-1
7141.1021	-1
7149.9116	-1
7158.7212	-1
7167.5308	-1
7176.3403	-1
7185.1504	1
7193.9604	1
7202.7705	1
7211.5806	1
7220.3911	1
7229.2017	1
7238.0122	1
7246.8228	1
7255.6333	1
7264.4438	1
7273.2549	1
7282.0659	1
7290.8770	1
7299.6880	1
7308.4990	1
7317.3101	1
7326.1235	-1
7334.9370	-1
7343.7505	-1
7352.5640	-1
7361.3774	-1
7370.1909	-1
7379.0044	-1
7387.8179	-1
7396.6313	-1
7405.4448	-1
7414.2583	-1
7423.0718	-1
7431.8857	-1
7440.6997	-1
7449.5137	-1
7458.3276	-1
7467.1416	-1
7475.9556	-1
7484.7695	-1
7493.5835	-1
7502.3975	-1
7511.2114	-1
7520.0254	-1
7528.8394	-1
7537.6533	-1
7546.4673	-1
7555.2812	-1
7564.0952	-1
7572.9092	-1
7581.7231	-1
7590.5371	-1
7599.3511	-1
7608.1650	-1
7616.9790	-1
7625.7930	-1
7634.6069	-1
7643.4214	-1
7652.2358	-1
7661.0503	-1
7669.8647	-1
7678.6792	-1
7687.4937	-1
7696.3081	-1
7705.1226	-1
7713.9370	-1
7722.7515	-1
7731.5659	-1
7740.3804	-1
7749.1948	-1
7758.0093	-1
7766.8237	-1
7775.6382	-1
7784.4526	-1
7793.2671	-1
7802.0820	-1
7810.8970	-1
7819.7119	-1
7828.5269	-1
7837.3418	-1
7846.1567	-1
7854.9717	1
7863.7871	1
7872.6025	1
7881.4180	1
7890.2334	1
7899.0493	1
7907.8652	1
7916.6812	1
7925.4971	1
7934.3140	-1
7943.1309	-1
7951.9478	-1
7960.7646	-1
7969.5815	-1
7978.3984	-1
7987.2153	1
7996.0322	1
8004.8491	1
8013.6660	1
8022.4829	-1
8031.2998	-1
8040.1167	-1
8048.9336	-1
8057.7505	-1
8066.5674	-1
8075.3843	1
8084.2012	1
8093.0190	-1
8101.8369	-1
8110.6548	-1
8119.4727	-1
8128.2905	-1
8137.1084	-1
8145.9263	-1
8154.7441	-1
8163.5620	-1
8172.3799	-1
8181.1978	-1
8190.0156	-1
8198.8340	-1
8207.6523	-1
8216.4707	-1
8225.2891	-1
8234.1074	-1
8242.9258	-1
8251.7441	-1
8260.5625	-1
8269.3809	-1
8278.1992	-1
8287.0176	-1
8295.8359	-1
8304.6562	-1
8313.4766	-1
8322.2969	-1
8331.1172	-1
8339.9375	-1
8348.7578	-1
8357.5781	-1
8366.3984	-1
8375.2188	-1
8384.0391	-1
8392.8594	-1
8401.6797	-1
8410.5000	-1
8419.3203	-1
8428.1406	-1
8436.9609	-1
8445.7812	-1
8454.6016	-1
8463.4229	-1
8472.2441	-1
8481.0654	-1
8489.8867	-1
8498.7080	-1
8507.5293	-1
8516.3506	-1
8525.1719	-1
8533.9932	-1
8542.8145	-1
8551.6357	-1
8560.4570	-1
8569.2793	-1
8578.1016	-1
8586.9238	-1
8595.7461	-1
8604.5684	-1
8613.3906	-1
8622.2129	-1
8631.0352	-1
8639.8574	-1
8648.6797	-1
8657.5020	-1
8666.3242	-1
8675.1465	-1
8683.9688	-1
8692.7910	-1
8701.6133	-1
8710.4355	-1
8719.2578	-1
8728.0801	-1
8736.9023	-1
8745.7246	-1
8754.5469	-1
8763.3691	-1
8772.1914	-1
8781.0146	-1
8789.8379	-1
8798.6611	-1
8807.4844	-1
8816.3076	-1
8825.1309	-1
8833.9541	-1
8842.7773	-1
8851.6006	-1
8860.4238	-1
8869.2471	-1
8878.0703	-1
8886.8936	-1
8895.7168	-1
8904.5400	-1
8913.3633	-1
8922.1865	-1
8931.0098	-1
8939.8340	-1
8948.6582	-1
8957.4824	-1
8966.3066	-1
8975.1309	-1
8983.9551	-1
8992.7793	-1
9001.6035	-1
9010.4277	-1
9019.2520	-1
9028.0762	-1
9036.9004	-1
9045.7246	-1
9054.5488	-1
9063.3730	-1
9072.1973	-1
9081.0303	1
9089.8730	1
9098.7188	-1
9107.5645	1
9116.4102	1
9125.2578	-1
9134.1055	-1
9142.9531	-1
9151.8008	-1
9160.6484	-1
9169.4961	-1
9178.3438	-1
9187.1914	-1
9196.0557	1
9204.9229	-1
9213.7900	1
9222.6572	1
9231.5273	-1
9240.3975	-1
9249.2676	-1
9258.1377	-1
9267.0078	-1
9275.8779	-1
9284.7480	-1
9293.6182	-1
9302.4883	-1
9311.3584	-1
9320.2285	-1
9329.0986	-1
9337.9707	1
9346.8447	-1
9355.7188	-1
9364.5928	-1
9373.4668	-1
9382.3408	-1
9391.2148	-1
9400.1074	1
9409.0020	-1
9417.8965	1
9426.7910	1
9435.6865	-1
9444.5820	-1
9453.4775	-1
9462.3730	-1
9471.2686	-1
9480.1641	-1
9489.0596	-1
9497.9551	-1
9506.8506	-1
9515.7461	-1
9524.6416	-1
9533.5557	1
9542.4717	-1
9551.3887	1
9560.3057	1
9569.2246	-1
9578.1436	-1
9587.0625	-1
9595.9814	-1
9604.9004	-1
9613.8193	-1
9622.7383	-1
9631.6572	-1
9640.5762	-1
9649.4951	-1
9658.4141	-1
9667.3330	-1
9676.2529	1
9685.1729	1
9694.0928	1
9703.0127	1
9711.9346	-1
9720.8564	-1
9729.7783	-1
9738.7002	-1
9747.6221	-1
9756.5439	-1
9765.4668	-1
9774.3896	-1
9783.3125	-1
9792.2354	-1
9801.1582	-1
9810.0811	-1
9819.0039	-1
9827.9268	-1
9836.8496	-1
9845.7725	-1
9854.6953	-1
9863.6182	-1
9872.5410	-1
9881.4639	-1
9890.3867	-1
9899.3096	-1
9908.2324	-1
9917.1553	-1
9926.0781	1
9935.0010	1
9943.9238	1
9952.8467	1
9961.7695	1
9970.6934	1
9979.6172	1
9988.5410	1
9997.4668	-1
10006.3926	-1
10015.3184	-1
10024.2441	-1
10033.1699	-1
10042.0957	-1
10051.0225	-1
10059.9492	-1
10068.8760	-1
10077.8027	-1
10086.7295	-1
10095.6562	-1
10104.5830	-1
10113.5098	-1
10122.4365	-1
10131.3633	-1
10140.2900	-1
10149.2168	-1
10158.1436	-1
10167.0703	-1
10175.9971	-1
10184.9238	-1
10193.8506	-1
10202.7773	-1
10211.7041	-1
10220.6309	-1
10229.5576	-1
10238.4844	-1
10247.4111	-1
10256.3379	-1
10265.2656	-1
10274.1934	-1
10283.1211	-1
10292.0488	-1
10300.9766	-1
10309.9043	-1
10318.8320	-1
10327.7598	-1
10336.6875	-1
10345.6152	-1
10354.5430	-1
10363.4707	-1
10372.3984	-1
10381.3262	-1
10390.2539	-1
10399.1816	-1
10408.1094	-1
10417.0371	-1
10425.9648	1
10434.8936	1
10443.8223	1
10452.7510	1
10461.6797	1
10470.6084	1
10479.5371	1
10488.4658	1
10497.3945	1
10506.3232	1
10515.2520	1
10524.1807	1
10533.1094	1
10542.0381	1
10550.9668	1
10559.8955	1
10568.8291	-1
10577.7627	-1
10586.6963	-1
10595.6299	-1
10604.5635	-1
10613.4971	-1
10622.4316	-1
10631.3662	-1
10640.3008	-1
10649.2354	-1
10658.1699	-1
10667.1045	-1
10676.0400	-1
10684.9756	-1
10693.9111	-1
10702.8467	-1
10711.7832	-1
10720.7197	-1
10729.6562	-1
10738.5928	-1
10747.5293	-1
10756.4658	-1
10765.4023	-1
10774.3389	-1
10783.2754	-1
10792.2119	-1
10801.1484	-1
10810.0850	-1
10819.0215	-1
10827.9580	-1
10836.8945	-1
10845.8311	-1
10854.7676	-1
10863.7041	-1
10872.6406	-1
10881.5771	-1
10890.5137	-1
10899.4502	-1
10908.3867	-1
10917.3232	-1
10926.2598	-1
10935.1963	-1
10944.1328	-1
10953.0693	-1
10962.0059	-1
10970.9424	-1
10979.8789	-1
10988.8154	-1
10997.7529	-1
11006.6904	-1
11015.6279	-1
11024.5654	-1
11033.5029	-1
11042.4404	-1
11051.3779	-1
11060.3154	-1
11069.2529	-1
11078.1904	-1
11087.1279	-1
11096.0654	-1
11105.0039	1
11113.9424	1
11122.8809	1
11131.8193	1
11140.7588	-1
11149.6982	-1
11158.6377	-1
11167.5771	-1
11176.5166	-1
11185.4561	-1
11194.3965	-1
11203.3369	-1
11212.2773	-1
11221.2178	-1
11230.1582	-1
11239.0986	-1
11248.0391	-1
11256.9795	-1
11265.9199	-1
11274.8604	-1
11283.8008	-1
11292.7412	-1
11301.6816	-1
11310.6221	-1
11319.5625	-1
11328.5029	-1
11337.4434	-1
11346.3838	-1
11355.3252	-1
11364.2666	-1
11373.2080	-1
11382.1494	-1
11391.0908	-1
11400.0322	-1
11408.9736	-1
11417.9150	-1
11426.8564	-1
11435.7979	-1
11444.7393	-1
11453.6807	-1
11462.6240	-1
11471.5674	-1
11480.5107	-1
11489.4541	-1
11498.3975	-1
11507.3408	-1
11516.2842	-1
11525.2275	-1
11534.1709	-1
11543.1143	-1
11552.0576	-1
11561.0010	-1
11569.9443	-1
11578.8887	-1
11587.8330	-1
11596.7773	-1
11605.7217	-1
11614.6660	-1
11623.6104	-1
11632.5547	-1
11641.5156	1
11650.4785	-1
11659.4424	1
11668.4062	1
11677.3701	-1
11686.3340	-1
11695.2988	-1
11704.2803	1
11713.2637	-1
11722.2480	1
11731.2324	1
11740.2188	-1
11749.2051	-1
11758.1914	-1
11767.1777	-1
11776.1641	-1
11785.1670	1
11794.1719	-1
11803.1777	1
11812.1836	1
11821.1914	-1
11830.1992	-1
11839.2070	-1
11848.2148	-1
11857.2227	-1
11866.2305	-1
11875.2383	-1
11884.2461	-1
11893.2539	-1
11902.2617	-1
11911.2695	-1
11920.2773	-1
11929.2852	1
11938.2930	1
11947.3027	-1
11956.3125	-1
11965.3223	-1
11974.3320	-1
11983.3418	-1
11992.3516	-1
12001.3613	-1
12010.3711	-1
12019.3975	1
12028.4258	-1
12037.4541	1
12046.4824	1
12055.5127	-1
12064.5430	-1
12073.5732	-1
12082.6035	-1
12091.6338	-1
12100.6641	-1
12109.6943	-1
12118.7246	-1
12127.7549	-1
12136.7852	-1
12145.8154	-1
12154.8457	-1
12163.8760	1
12172.9072	1
12181.9385	1
12190.9697	1
12200.0029	-1
12209.0361	-1
12218.0693	-1
12227.1025	-1
12236.1357	-1
12245.1689	-1
12254.2021	-1
12263.2354	-1
12272.2686	-1
12281.3018	-1
12290.3350	-1
12299.3682	-1
12308.4014	-1
12317.4346	-1
12326.4678	-1
12335.5010	-1
12344.5342	-1
12353.5674	-1
12362.6016	-1
12371.6357	-1
12380.6699	-1
12389.7041	-1
12398.7383	-1
12407.7725	-1
12416.8066	1
12425.8408	1
12434.8750	1
12443.9092	1
12452.9434	1
12461.9775	1
12471.0117	1
12480.0459	1
12489.0840	-1
12498.1221	-1
12507.1602	-1
12516.1982	-1
12525.2363	-1
12534.2744	-1
12543.3125	-1
12552.3506	-1
12561.3887	-1
12570.4268	-1
12579.4648	-1
12588.5029	-1
12597.5410	-1
12606.5791	-1
12615.6172	-1
12624.6553	-1
12633.6934	-1
12642.7314	-1
12651.7695	-1
12660.8076	-1
12669.8457	-1
12678.8838	-1
12687.9219	-1
12696.9600	-1
12705.9980	-1
12715.0361	-1
12724.0742	-1
12733.1123	-1
12742.1504	-1
12751.1885	-1
12760.2266	-1
12769.2646	-1
12778.3027	-1
12787.3408	-1
12796.3789	-1
12805.4170	-1
12814.4561	-1
12823.4951	-1
12832.5342	-1
12841.5732	-1
12850.6123	-1
12859.6514	-1
12868.6904	-1
12877.7295	-1
12886.7686	-1
12895.8076	-1
12904.8467	-1
12913.8857	-1
12922.9248	1
12931.9639	1
12941.0039	1
12950.0439	1
12959.0840	1
12968.1240	1
12977.1641	1
12986.2041	1
12995.2451	1
13004.2861	1
13013.3291	-1
13022.3721	-1
13031.4150	-1
13040.4580	-1
13049.5010	-1
13058.5439	-1
13067.5869	-1
13076.6299	-1
13085.6729	-1
13094.7158	-1
13103.7588	-1
13112.8018	-1
13121.8447	-1
13130.8877	-1
13139.9307	-1
13148.9736	-1
13158.0166	-1
13167.0596	-1
13176.1035	-1
13185.1475	-1
13194.1914	-1
13203.2354	-1
13212.2793	-1
13221.3232	-1
13230.3682	-1
13239.4131	-1
13248.4580	-1
13257.5029	-1
13266.5479	-1
13275.5928	-1
13284.6387	-1
13293.6846	-1
13302.7305	-1
13311.7764	-1
13320.8223	-1
13329.8682	-1
13338.9141	-1
13347.9600	-1
13357.0059	-1
13366.0527	-1
13375.0996	-1
13384.1465	-1
13393.1934	-1
13402.2402	-1
13411.2871	-1
13420.3340	-1
13429.3809	-1
13438.4277	-1
13447.4746	-1
13456.5215	-1
13465.5684	-1
13474.6152	-1
13483.6621	-1
13492.7090	-1
13501.7559	-1
13510.8027	-1
13519.8496	-1
13528.9131	1
13537.9785	-1
13547.0439	1
13556.1094	1
13565.1758	-1
13574.2422	-1
13583.3086	-1
13592.3750	-1
13601.4414	-1
13610.5078	-1
13619.5742	-1
13628.6406	-1
13637.7236	1
13646.8086	-1
13655.8936	1
13664.9785	1
13674.0654	-1
13683.1523	-1
13692.2393	-1
13701.3262	-1
13710.4131	-1
13719.5000	-1
13728.5869	-1
13737.6895	1
13746.7939	-1
13755.8984	1
13765.0039	1
13774.1094	-1
13783.2148	-1
13792.3203	-1
13801.4258	-1
13810.5322	-1
13819.6543	1
13828.7783	-1
13837.9033	1
13847.0283	1
13856.1553	-1
13865.2822	-1
13874.4092	-1
13883.5361	-1
13892.6631	-1
13901.7900	-1
13910.9170	-1
13920.0439	-1
13929.1709	-1
13938.2979	-1
13947.4248	-1
13956.5518	-1
13965.6797	1
13974.8076	1
13983.9355	1
13993.0635	1
14002.1934	-1
14011.3232	-1
14020.4531	-1
14029.5830	-1
14038.7129	-1
14047.8428	-1
14056.9736	-1
14066.1045	-1
14075.2354	-1
14084.3662	-1
14093.4971	-1
14102.6279	-1
14111.7588	-1
14120.8896	-1
14130.0205	-1
14139.1514	-1
14148.2822	-1
14157.4131	-1
14166.5439	-1
14175.6748	-1
14184.8057	-1
14193.9365	-1
14203.0674	-1
14212.1982	-1
14221.3301	1
14230.4619	1
14239.5938	1
14248.7256	1
14257.8574	1
14266.9893	1
14276.1211	1
14285.2529	1
14294.3867	-1
14303.5205	-1
14312.6543	-1
14321.7881	-1
14330.9219	-1
14340.0557	-1
14349.1904	-1
14358.3252	-1
14367.4600	-1
14376.5947	-1
14385.7295	-1
14394.8643	-1
14403.9990	-1
14413.1338	-1
14422.2686	-1
14431.4033	-1
14440.5381	-1
14449.6729	-1
14458.8096	-1
14467.9463	1
14477.0830	-1
14486.2197	-1
14495.3564	-1
14504.4932	-1
14513.6299	-1
14522.7666	1
14531.9033	1
14541.0400	1
14550.1768	-1
14559.3135	-1
14568.4502	-1
14577.5869	-1
14586.7236	-1
14595.8604	-1
14604.9971	1
14614.1338	1
14623.2705	-1
14632.4072	-1
14641.5439	-1
14650.6807	-1
14659.8174	-1
14668.9541	-1
14678.0908	-1
14687.2275	-1
14696.3643	-1
14705.5010	-1
14714.6377	-1
14723.7744	-1
14732.9111	-1
14742.0479	-1
14751.1846	-1
14760.3213	-1
14769.4580	-1
14778.5947	-1
14787.7334	1
14796.8730	-1
14806.0127	-1
14815.1523	-1
14824.2920	-1
14833.4316	-1
14842.5713	-1
14851.7119	-1
14860.8525	-1
14869.9932	-1
14879.1338	-1
14888.2744	-1
14897.4150	-1
14906.5557	-1
14915.6963	-1
14924.8369	-1
14933.9775	-1
14943.1182	-1
14952.2588	-1
14961.4004	-1
14970.5420	-1
14979.6836	-1
14988.8252	-1
14997.9668	-1
15007.1084	-1
15016.2500	-1
15025.3916	-1
15034.5332	-1
15043.6748	-1
15052.8164	-1
15061.9580	-1
15071.0996	-1
15080.2412	-1
15089.3828	-1
15098.5244	-1
15107.6660	-1
15116.8076	-1
15125.9492	-1
15135.0908	-1
15144.2324	-1
15153.3740	-1
15162.5156	-1
15171.6738	1
15180.8340	-1
15189.9951	1
15199.1562	1
15208.3184	-1
15217.4814	-1
15226.6445	-1
15235.8076	-1
15244.9707	-1
15254.1338	-1
15263.2969	-1
15272.4600	-1
15281.6230	-1
15290.7861	-1
15299.9492	-1
15309.1123	-1
15318.2754	1
15327.4385	1
15336.6016	1
15345.7646	1
15354.9297	-1
15364.0947	-1
15373.2598	-1
15382.4248	-1
15391.5898	-1
15400.7549	-1
15409.9199	1
15419.0859	1
15428.2520	-1
15437.4180	-1
15446.5840	-1
15455.7500	-1
15464.9160	-1
15474.0820	-1
15483.2480	-1
15492.4141	-1
15501.5801	-1
15510.7461	-1
15519.9121	-1
15529.0781	-1
15538.2441	-1
15547.4102	-1
15556.5762	-1
15565.7422	-1
15574.9082	-1
15584.0742	-1
15593.2412	1
15602.4082	1
15611.5752	1
15620.7422	1
15629.9102	-1
15639.0781	-1
15648.2461	-1
15657.4141	-1
15666.5820	-1
15675.7500	-1
15684.9180	1
15694.0859	1
15703.2549	1
15712.4238	1
15721.5938	-1
15730.7637	-1
15739.9336	-1
15749.1035	-1
15758.2734	-1
15767.4434	-1
15776.6143	1
15785.7852	1
15794.9570	-1
15804.1289	-1
15813.3008	-1
15822.4727	-1
15831.6445	-1
15840.8164	-1
15849.9883	-1
15859.1602	-1
15868.3320	-1
15877.5039	-1
15886.6758	-1
15895.8477	-1
15905.0195	-1
15914.1914	-1
15923.3633	-1
15932.5352	-1
15941.7070	-1
15950.8789	-1
15960.0508	-1
15969.2227	-1
15978.3945	-1
15987.5664	-1
15996.7383	-1
16005.9102	-1
16015.0840	1
16024.2578	1
16033.4316	1
16042.6055	1
16051.7793	1
16060.9561	-1
16070.1328	-1
16079.3096	-1
16088.4863	-1
16097.6631	-1
16106.8398	-1
16116.0166	-1
16125.1934	-1
16134.3701	-1
16143.5469	-1
16152.7236	-1
16161.9004	-1
16171.0771	-1
16180.2539	-1
16189.4307	-1
16198.6074	-1
16207.7842	-1
16216.9609	-1
16226.1377	-1
16235.3145	-1
16244.4912	-1
16253.6680	-1
16262.8447	-1
16272.0215	-1
16281.1982	-1
16290.3750	-1
16299.5518	-1
16308.7285	-1
16317.9053	-1
16327.0820	-1
16336.2588	-1
16345.4355	-1
16354.6123	-1
16363.7891	-1
16372.9658	-1
16382.1426	-1
16391.3223	-1
16400.5020	-1
16409.6816	-1
16418.8613	-1
16428.0410	-1
16437.2207	-1
16446.4004	-1
16455.5801	-1
16464.7598	-1
16473.9395	-1
16483.1191	-1
16492.2988	-1
16501.4785	-1
16510.6582	-1
16519.8379	-1
16529.0176	-1
16538.1973	-1
16547.3770	-1
16556.5566	-1
16565.7363	-1
16574.9160	-1
16584.0957	-1
16593.2754	-1
16602.4551	-1
16611.6367	-1
16620.8184	-1
16630.0000	-1
16639.1816	-1
16648.3789	1
16657.5801	-1
16666.7812	1
16675.9824	1
16685.1836	-1
16694.3848	-1
16703.5859	-1
16712.7871	-1
16721.9883	-1
16731.1895	-1
16740.3906	-1
16749.5918	-1
16758.7930	-1
16767.9941	-1
16777.1953	-1
16786.3965	-1
16795.5996	1
16804.8027	1
16814.0059	1
16823.2090	1
16832.4121	-1
16841.6152	-1
16850.8184	-1
16860.0215	-1
16869.2246	-1
16878.4277	-1
16887.6309	-1
16896.8340	-1
16906.0391	-1
16915.2441	-1
16924.4492	-1
16933.6543	-1
16942.8594	-1
16952.0645	-1
16961.2695	-1
16970.4746	-1
16979.6797	-1
16988.8848	-1
16998.0898	-1
17007.2949	-1
17016.5000	-1
17025.7051	-1
17034.9102	-1
17044.1152	-1
17053.3203	1
17062.5254	1
17071.7305	1
17080.9355	1
17090.1406	1
17099.3457	1
17108.5508	1
17117.7559	1
17126.9629	-1
17136.1699	-1
17145.3770	-1
17154.5840	-1
17163.7910	-1
17172.9980	-1
17182.2051	-1
17191.4121	-1
17200.6191	-1
17209.8262	-1
17219.0332	-1
17228.2402	-1
17237.4473	-1
17246.6543	-1
17255.8613	-1
17265.0684	-1
17274.2754	-1
17283.4824	-1
17292.6895	-1
17301.8965	-1
17311.1035	-1
17320.3105	-1
17329.5176	-1
17338.7246	-1
17347.9316	1
17357.1387	1
17366.3457	1
17375.5527	1
17384.7598	1
17393.9668	1
17403.1738	1
17412.3809	1
17421.5898	-1
17430.7988	-1
17440.0078	-1
17449.2168	-1
17458.4258	-1
17467.6348	-1
17476.8438	-1
17486.0527	-1
17495.2617	-1
17504.4707	-1
17513.6797	-1
17522.8887	-1
17532.0977	-1
17541.3066	-1
17550.5156	-1
17559.7246	-1
17568.9336	-1
17578.1426	-1
17587.3516	-1
17596.5605	-1
17605.7695	-1
17614.9785	-1
17624.1875	-1
17633.3965	-1
17642.6074	1
17651.8184	1
17661.0293	1
17670.2402	1
17679.4512	1
17688.6621	1
17697.8730	-1
17707.0840	-1
17716.2949	-1
17725.5059	-1
17734.7168	-1
17743.9277	-1
17753.1387	1
17762.3496	1
17771.5605	-1
17780.7715	-1
17789.9824	-1
17799.1934	-1
17808.4043	-1
17817.6152	-1
17826.8262	-1
17836.0371	-1
17845.2480	-1
17854.4590	-1
17863.6699	-1
17872.8809	-1
17882.0918	-1
17891.3027	-1
17900.5137	-1
17909.7246	-1
17918.9355	-1
17928.1465	-1
17937.3594	-1
17946.5723	-1
17955.7852	-1
17964.9980	-1
17974.2109	-1
17983.4238	-1
17992.6367	-1
18001.8496	-1
18011.0625	-1
18020.2754	-1
18029.4883	-1
18038.7012	-1
18047.9141	-1
18057.1270	-1
18066.3398	-1
18075.5527	-1
18084.7656	-1
18093.9785	-1
18103.1914	-1
18112.4043	-1
18121.6172	-1
18130.8301	-1
18140.0430	-1
18149.2559	-1
18158.4688	1
18167.6816	1
18176.8945	1
18186.1074	1
18195.3203	1
18204.5332	1
18213.7461	1
18222.9590	1
18232.1719	1
18241.3848	1
18250.5977	1
18259.8105	1
18269.0234	1
18278.2363	1
18287.4492	1
18296.6621	1
18305.8770	-1
18315.0918	-1
18324.3066	-1
18333.5215	-1
18342.7363	-1
18351.9512	-1
18361.1660	-1
18370.3809	-1
18379.5957	-1
18388.8105	-1
18398.0254	-1
18407.2402	-1
18416.4551	-1
18425.6699	-1
18434.8848	-1
18444.0996	-1
18453.3145	-1
18462.5293	-1
18471.7441	-1
18480.9590	-1
18490.1738	-1
18499.3887	-1
18508.6035	-1
18517.8184	-1
18527.0352	-1
18536.2520	-1
18545.4688	-1
18554.6855	-1
18563.9023	-1
18573.1191	-1
18582.3359	-1
18591.5527	-1
18600.7695	-1
18609.9863	-1
18619.2031	-1
18628.4199	-1
18637.6367	-1
18646.8535	-1
18656.0703	-1
18665.2871	-1
18674.5039	-1
18683.7207	-1
18692.9375	-1
18702.1543	-1
18711.3711	-1
18720.5879	-1
18729.8047	-1
18739.0215	-1
18748.2402	1
18757.4590	1
18766.6777	1
18775.8965	1
18785.1152	1
18794.3340	1
18803.5527	1
18812.7715	1
18821.9902	1
18831.2090	1
18840.4277	-1
18849.6465	-1
18858.8652	-1
18868.0840	-1
18877.3027	-1
18886.5215	-1
18895.7402	1
18904.9590	1
18914.1777	1
18923.3965	1
18932.6152	-1
18941.8340	-1
18951.0527	-1
18960.2715	-1
18969.4902	-1
18978.7090	-1
18987.9277	1
18997.1465	1
19006.3672	-1
19015.5879	-1
19024.8086	-1
19034.0293	-1
19043.2500	-1
19052.4707	-1
19061.6914	-1
19070.9121	-1
19080.1328	-1
19089.3535	-1
19098.5742	-1
19107.7949	-1
19117.0176	1
19126.2402	1
19135.4629	1
19144.6855	1
19153.9082	1
19163.1309	1
19172.3535	1
19181.5762	-1
19190.7988	1
19200.0215	-1
19209.2441	-1
19218.4668	-1
19227.6895	-1
19236.9121	-1
19246.1348	-1
19255.3574	-1
19264.5801	-1
19273.8027	-1
19283.0254	-1
19292.2480	-1
19301.4707	-1
19310.6934	-1
19319.9160	-1
19329.1387	-1
19338.3613	-1
19347.5840	-1
19356.8086	-1
19366.0332	-1
19375.2578	-1
19384.4824	-1
19393.7070	-1
19402.9316	-1
19412.1562	-1
19421.3809	-1
19430.6055	-1
19439.8301	-1
19449.0547	-1
19458.2793	-1
19467.5039	-1
19476.7285	-1
19485.9531	-1
19495.1777	-1
19504.4023	-1
19513.6270	-1
19522.8535	-1
19532.0801	-1
19541.3066	-1
19550.5332	-1
19559.7598	-1
19568.9863	-1
19578.2129	-1
19587.4395	-1
19596.6660	-1
19605.8926	-1
19615.1191	-1
19624.3457	-1
19633.5723	-1
19642.7988	-1
19652.0254	-1
19661.2520	-1
19670.4785	-1
19679.7051	-1
19688.9316	-1
19698.1582	-1
19707.3848	-1
19716.6113	-1
19725.8379	-1
19735.0645	-1
19744.2910	-1
19753.5176	-1
19762.7441	-1
19771.9707	-1
19781.1973	-1
19790.4238	-1
19799.6523	1
19808.8809	1
19818.1094	1
19827.3379	1
19836.5664	1
19845.7949	1
19855.0234	1
19864.2520	1
19873.4805	1
19882.7090	1
19891.9375	1
19901.1660	1
19910.3945	-1
19919.6230	-1
19928.8516	-1
19938.0801	-1
19947.3086	-1
19956.5371	-1
19965.7656	1
19974.9941	1
19984.2227	1
19993.4512	1
20002.6797	-1
20011.9082	-1
20021.1367	-1
20030.3652	-1
20039.5938	-1
20048.8223	-1
20058.0508	1
20067.2793	1
20076.5078	1
20085.7363	-1
20094.9648	-1
20104.1934	-1
20113.4219	-1
20122.6504	-1
20131.8789	-1
20141.1074	1
20150.3359	-1
20159.5645	-1
20168.7930	-1
20178.0215	-1
20187.2500	-1
20196.4785	-1
20205.7070	1
20214.9355	1
20224.1660	-1
20233.3965	-1
20242.6270	-1
20251.8574	-1
20261.0879	-1
20270.3184	-1
20279.5488	-1
20288.7793	-1
20298.0098	-1
20307.2402	-1
20316.4707	-1
20325.7012	-1
20334.9316	-1
20344.1621	-1
20353.3926	-1
20362.6230	-1
20371.8535	-1
20381.0840	-1
20390.3145	-1
20399.5449	-1
20408.7754	-1
20418.0059	-1
20427.2363	-1
20436.4668	-1
20445.6973	-1
20454.9277	-1
20464.1582	-1
20473.3887	-1
20482.6191	-1
20491.8496	-1
20501.0820	1
20510.3145	1
20519.5469	1
20528.7793	1
20538.0117	1
20547.2441	1
20556.4766	1
20565.7090	1
20574.9434	1
20584.1777	1
20593.4121	1
20602.6465	1
20611.8809	1
20621.1152	1
20630.3496	1
20639.5840	-1
20648.8184	-1
20658.0527	-1
20667.2871	-1
20676.5215	-1
20685.7559	-1
20694.9902	1
20704.2246	1
20713.4590	1
20722.6934	-1
20731.9277	-1
20741.1621	-1
20750.3965	-1
20759.6309	-1
20768.8652	-1
20778.0996	-1
20787.3340	-1
20796.5684	-1
20805.8027	-1
20815.0371	-1
20824.2715	-1
20833.5059	-1
20842.7402	-1
20851.9746	-1
20861.2090	-1
20870.4434	-1
20879.6777	-1
20888.9121	-1
20898.1465	-1
20907.3809	-1
20916.6152	-1
20925.8496	-1
20935.0840	-1
20944.3184	-1
20953.5527	-1
20962.7871	-1
20972.0215	-1
20981.2559	-1
20990.4902	-1
20999.7246	-1
21008.9590	-1
21018.1934	-1
21027.4277	-1
21036.6621	-1
21045.8965	-1
21055.1309	-1
21064.3652	-1
21073.5996	-1
21082.8340	-1
21092.0684	-1
21101.3027	-1
21110.5410	-1
21119.7793	-1
21129.0176	-1
21138.2559	-1
21147.4941	-1
21156.7324	-1
21165.9707	-1
21175.2090	-1
21184.4473	-1
21193.6855	-1
21202.9238	-1
21212.1621	-1
21221.4004	-1
21230.6387	-1
21239.8770	-1
21249.1152	-1
21258.3535	-1
21267.5918	-1
21276.8301	-1
21286.0684	-1
21295.3066	-1
21304.5449	-1
21313.7832	-1
21323.0215	-1
21332.2598	-1
21341.4980	-1
21350.7363	-1
21359.9746	-1
21369.2129	-1
21378.4512	-1
21387.6914	1
21396.9336	-1
21406.1758	-1
21415.4180	-1
21424.6602	-1
21433.9023	-1
21443.1445	-1
21452.3867	-1
21461.6289	-1
21470.8711	-1
21480.1133	-1
21489.3555	-1
21498.5977	-1
21507.8398	-1
21517.0820	-1
21526.3242	-1
21535.5664	-1
21544.8086	-1
21554.0508	-1
21563.2930	-1
21572.5352	-1
21581.7773	-1
21591.0195	-1
21600.2617	-1
21609.5039	-1
21618.7461	-1
21627.9883	-1
21637.2305	-1
21646.4727	-1
21655.7148	-1
21664.9570	-1
21674.1992	-1
21683.4414	-1
21692.6836	-1
21701.9258	-1
21711.1680	-1
21720.4102	-1
21729.6523	-1
21738.8945	-1
21748.1367	-1
21757.3789	-1
21766.6211	-1
21775.8633	-1
21785.1055	-1
21794.3477	-1
21803.5898	-1
21812.8320	-1
21822.0742	-1
21831.3164	-1
21840.5586	-1
21849.8008	-1
21859.0430	-1
21868.2852	-1
21877.5273	-1
21886.7695	-1
21896.0137	-1
21905.2578	-1
21914.5020	-1
21923.7461	-1
21932.9902	-1
21942.2344	-1
21951.4805	-1
21960.7266	-1
21969.9727	-1
21979.2188	-1
21988.4648	-1
21997.7109	-1
22006.9570	-1
22016.2031	-1
22025.4492	-1
22034.6953	-1
22043.9414	-1
22053.1875	-1
22062.4336	-1
22071.6797	-1
22080.9258	-1
22090.1719	-1
22099.4180	-1
22108.6641	-1
22117.9102	-1
22127.1562	-1
22136.4023	-1
22145.6484	-1
22154.8945	-1
22164.1406	-1
22173.3867	-1
22182.6328	-1
22191.8789	-1
22201.1250	-1
22210.3711	-1
22219.6172	-1
22228.8633	-1
22238.1094	-1
22247.3555	-1
22256.6016	-1
22265.8477	-1
22275.0938	-1
22284.3398	-1
22293.5859	-1
22302.8320	-1
22312.0781	-1
22321.3242	-1
22330.5703	-1
22339.8184	-1
22349.0664	-1
22358.3145	-1
22367.5625	-1
22376.8105	-1
22386.0586	-1
22395.3066	-1
22404.5547	-1
22413.8027	-1
22423.0508	-1
22432.2988	-1
22441.5469	-1
22450.7949	-1
22460.0430	-1
22469.2910	-1
22478.5391	-1
22487.7871	-1
22497.0352	-1
22506.2832	-1
22515.5312	-1
22524.7793	-1
22534.0273	-1
22543.2754	-1
22552.5234	-1
22561.7715	-1
22571.0195	-1
22580.2676	-1
22589.5156	-1
22598.7637	-1
22608.0117	-1
22617.2598	-1
22626.5078	-1
22635.7559	-1
22645.0039	-1
22654.2520	-1
22663.5000	-1
22672.7480	-1
22681.9961	-1
22691.2441	-1
22700.4922	-1
22709.7402	-1
22718.9883	-1
22728.2363	-1
22737.4844	-1
22746.7324	-1
22755.9805	-1
22765.2285	-1
22774.4766	-1
22783.7266	-1
22792.9766	-1
22802.2266	-1
22811.4766	-1
22820.7266	-1
22829.9766	-1
22839.2266	-1
22848.4766	-1
22857.7266	-1
22866.9766	-1
22876.2266	-1
22885.4766	-1
22894.7285	-1
22903.9805	-1
22913.2324	-1
22922.4844	-1
22931.7363	-1
22940.9883	-1
22950.2402	-1
22959.4922	-1
22968.7441	-1
22977.9961	-1
22987.2480	-1
22996.5000	-1
23005.7520	-1
23015.0039	-1
23024.2559	-1
23033.5078	-1
23042.7598	-1
23052.0117	-1
23061.2637	-1
23070.5156	-1
23079.7676	-1
23089.0195	-1
23098.2715	-1
23107.5234	-1
23116.7754	-1
23126.0273	-1
23135.2793	-1
23144.5312	-1
23153.7832	-1
23163.0352	-1
23172.2871	-1
23181.5391	-1
23190.7910	-1
23200.0430	-1
23209.2949	-1
23218.5469	-1
23227.7988	-1
23237.0508	-1
23246.3027	-1
23255.7285	1
23265.1543	1
23274.5801	-1
23284.0059	-1
23293.4316	-1
23302.8574	-1
23312.2832	-1
23321.7090	-1
23331.1348	-1
23340.5605	-1
23349.9863	-1
23359.4121	-1
23368.8379	-1
23378.2637	-1
23387.6992	1
23397.1348	1
23406.5703	1
23416.0059	1
23425.4414	1
23434.8770	1
23444.3125	1
23453.7480	1
23463.1836	-1
23472.6191	-1
23482.0547	-1
23491.4902	-1
23500.9258	-1
23510.3613	-1
23519.7988	-1
23529.2363	-1
23538.6738	-1
23548.1113	-1
23557.5488	-1
23566.9863	-1
23576.4238	-1
23585.8613	-1
23595.2988	-1
23604.7363	-1
23614.1738	-1
23623.6113	-1
23633.0488	-1
23642.4863	-1
23651.9238	-1
23661.3613	-1
23670.7988	-1
23680.2363	-1
23689.6738	-1
23699.1113	-1
23708.5488	-1
23717.9863	-1
23727.4238	-1
23736.8613	-1
23746.2988	-1
23755.7363	-1
23765.1738	-1
23774.6113	-1
23784.0488	-1
23793.4863	-1
23802.9238	-1
23812.3613	-1
23821.7988	-1
23831.2363	-1
23840.6738	-1
23850.1113	-1
23859.5488	-1
23868.9863	-1
23878.4238	-1
23887.8613	-1
23897.2988	-1
23906.7363	-1
23916.1895	1
23925.6426	-1
23935.0977	1
23944.5527	1
23954.0078	-1
23963.4629	-1
23972.9180	-1
23982.3730	-1
23991.8281	-1
24001.2832	-1
24010.7383	-1
24020.1934	-1
24029.6484	-1
24039.1035	-1
24048.5586	-1
24058.0137	-1
24067.4707	1
24076.9277	1
24086.3848	1
24095.8418	1
24105.2988	-1
24114.7559	-1
24124.2129	-1
24133.6699	-1
24143.1270	-1
24152.5840	-1
24162.0410	-1
24171.4980	-1
24180.9551	-1
24190.4121	-1
24199.8691	-1
24209.3262	-1
24218.7852	-1
24228.2441	-1
24237.7031	-1
24247.1621	-1
24256.6211	-1
24266.0801	-1
24275.5391	1
24284.9980	1
24294.4570	-1
24303.9160	-1
24313.3750	-1
24322.8340	-1
24332.2930	-1
24341.7520	-1
24351.2109	1
24360.6699	1
24370.1289	1
24379.5879	1
24389.0469	1
24398.5059	1
24407.9668	-1
24417.4277	-1
24426.8887	-1
24436.3496	-1
24445.8105	-1
24455.2715	-1
24464.7324	1
24474.1934	1
24483.6543	-1
24493.1152	-1
24502.5762	-1
24512.0371	-1
24521.4980	-1
24530.9590	-1
24540.4219	-1
24549.8848	-1
24559.3477	-1
24568.8105	-1
24578.2734	-1
24587.7363	-1
24597.1992	-1
24606.6621	-1
24616.1250	-1
24625.5879	-1
24635.0508	-1
24644.5137	-1
24653.9766	-1
24663.4395	-1
24672.9023	-1
24682.3652	-1
24691.8281	-1
24701.2910	-1
24710.7539	1
24720.2168	1
24729.6797	1
24739.1426	-1
24748.6055	-1
24758.0684	-1
24767.5312	-1
24776.9941	-1
24786.4570	-1
24795.9199	1
24805.3828	1
24814.8457	-1
24824.3086	-1
24833.7715	1
24843.2344	-1
24852.6973	-1
24862.1602	-1
24871.6230	-1
24881.0859	1
24890.5488	1
24900.0117	-1
24909.4746	-1
24918.9375	-1
24928.4004	-1
24937.8633	-1
24947.3262	-1
24956.7910	1
24966.2559	1
24975.7207	1
24985.1855	1
24994.6504	1
25004.1152	1
25013.5820	-1
25023.0488	-1
25032.5156	-1
25041.9824	-1
25051.4492	-1
25060.9160	-1
25070.3828	1
25079.8496	1
25089.3203	-1
25098.7910	-1
25108.2617	-1
25117.7324	-1
25127.2031	-1
25136.6738	-1
25146.1445	-1
25155.6152	-1
25165.0859	-1
25174.5566	-1
25184.0273	-1
25193.4980	-1
25202.9688	-1
25212.4395	-1
25221.9102	-1
25231.3809	-1
25240.8516	-1
25250.3223	-1
25259.7930	-1
25269.2637	-1
25278.7344	-1
25288.2051	-1
25297.6758	-1
25307.1465	-1
25316.6172	-1
25326.0879	-1
25335.5586	-1
25345.0293	-1
25354.5000	-1
25363.9707	-1
25373.4414	-1
25382.9121	-1
25392.3828	-1
25401.8535	-1
25411.3242	-1
25420.7949	-1
25430.2656	-1
25439.7363	-1
25449.2070	-1
25458.6777	-1
25468.1484	-1
25477.6191	-1
25487.0898	-1
25496.5605	-1
25506.0312	-1
25515.5020	-1
25524.9727	-1
25534.4434	-1
25543.9141	-1
25553.3848	-1
25562.8555	-1
25572.3262	-1
25581.7969	-1
25591.2676	-1
25600.7383	-1
25610.2090	-1
25619.6797	-1
25629.1504	-1
25638.6211	-1
25648.0918	-1
25657.5625	-1
25667.0332	-1
25676.5039	-1
25685.9746	-1
25695.4453	-1
25704.9160	-1
25714.3867	-1
25723.8574	-1
25733.3281	-1
25742.7988	-1
25752.2695	-1
25761.7402	-1
25771.2129	-1
25780.6855	-1
25790.1582	-1
25799.6309	-1
25809.1035	-1
25818.5762	-1
25828.0488	-1
25837.5215	-1
25846.9941	-1
25856.4668	-1
25865.9395	-1
25875.4121	-1
25884.8848	-1
25894.3574	-1
25903.8301	-1
25913.3027	-1
25922.7754	-1
25932.2480	-1
25941.7207	-1
25951.1934	-1
25960.6660	-1
25970.1387	-1
25979.6113	-1
25989.0840	-1
25998.5566	-1
26008.0293	-1
26017.5020	-1
26026.9746	-1
26036.4473	-1
26045.9199	-1
26055.3926	1
26064.8652	1
26074.3379	1
26083.8105	1
26093.2832	1
26102.7559	1
26112.2285	1
26121.7012	1
26131.1738	1
26140.6465	1
26150.1191	1
26159.5938	1
26169.0684	1
26178.5430	1
26188.0176	1
26197.4922	1
26206.9668	1
26216.4414	1
26225.9160	1
26235.3906	1
26244.8652	1
26254.3398	1
26263.8145	1
26273.2891	1
26282.7637	1
26292.2402	1
26301.7168	1
26311.1934	1
26320.6699	1
26330.1465	1
26339.6230	-1
26349.0996	-1
26358.5762	-1
26368.0527	-1
26377.5293	-1
26387.0059	-1
26396.4824	-1
26405.9590	-1
26415.4355	-1
26424.9121	-1
26434.3887	-1
26443.8652	-1
26453.3438	-1
26462.8223	-1
26472.3008	-1
26481.7793	-1
26491.2578	-1
26500.7363	-1
26510.2168	-1
26519.6973	-1
26529.1777	-1
26538.6582	-1
26548.1387	-1
26557.6191	-1
26567.0996	-1
26576.5801	-1
26586.0605	-1
26595.5410	-1
26605.0215	-1
26614.5020	-1
26623.9824	-1
26633.4629	-1
26642.9434	-1
26652.4238	-1
26661.9043	-1
26671.3848	-1
26680.8652	-1
26690.3457	-1
26699.8262	-1
26709.3066	-1
26718.7871	-1
26728.2676	-1
26737.7520	-1
26747.2363	-1
26756.7207	-1
26766.2051	-1
26775.6895	-1
26785.1738	-1
26794.6582	-1
26804.1426	-1
26813.6270	-1
26823.1113	-1
26832.5957	-1
26842.0801	-1
26851.5645	-1
26861.0488	-1
26870.5332	-1
26880.0176	-1
26889.5020	-1
26898.9863	-1
26908.4727	-1
26917.9590	-1
26927.4453	-1
26936.9316	-1
26946.4180	-1
26955.9043	-1
26965.3906	-1
26974.8770	-1
26984.3633	-1
26993.8496	-1
27003.3359	-1
27012.8223	-1
27022.3086	-1
27031.7949	-1
27041.2812	-1
27050.7676	-1
27060.2539	-1
27069.7402	-1
27079.2266	-1
27088.7129	-1
27098.1992	-1
27107.6855	-1
27117.1719	-1
27126.6582	-1
27136.1445	-1
27145.6309	-1
27155.1172	-1
27164.6035	-1
27174.0898	-1
27183.5762	-1
27193.0625	-1
27202.5488	-1
27212.0352	-1
27221.5215	-1
27231.0078	-1
27240.4941	-1
27249.9805	-1
27259.4668	-1
27268.9531	-1
27278.4395	-1
27287.9258	-1
27297.4121	-1
27306.8984	-1
27316.3848	-1
27325.8711	-1
27335.3574	-1
27344.8438	-1
27354.3301	-1
27363.8184	-1
27373.3066	-1
27382.7949	-1
27392.2832	-1
27401.7715	-1
27411.2598	-1
27420.7480	-1
27430.2363	-1
27439.7246	-1
27449.2129	-1
27458.7012	-1
27468.1895	-1
27477.6777	-1
27487.1660	-1
27496.6543	-1
27506.1426	-1
27515.6309	-1
27525.1191	-1
27534.6074	-1
27544.0957	-1
27553.5840	-1
27563.0723	-1
27572.5605	-1
27582.0488	-1
27591.5371	-1
27601.0254	-1
27610.5137	-1
27620.0020	-1
27629.4902	-1
27638.9785	-1
27648.4668	-1
27657.9551	-1
27667.4434	-1
27676.9316	-1
27686.4199	-1
27695.9082	-1
27705.3965	-1
27714.8848	-1
27724.3730	-1
27733.8613	-1
27743.3496	-1
27752.8379	-1
27762.3262	-1
27771.8145	-1
27781.3027	-1
27790.7910	-1
27800.2793	-1
27809.7676	-1
27819.2559	-1
27828.7441	-1
27838.2324	-1
27847.7207	-1
27857.2090	-1
27866.6973	-1
27876.1855	-1
27885.6738	-1
27895.1621	-1
27904.6504	-1
27914.1387	-1
27923.6270	-1
27933.1172	-1
27942.6074	-1
27952.0977	-1
27961.5879	-1
27971.0781	-1
27980.5684	-1
27990.0586	-1
27999.5488	-1
28009.0391	-1
28018.5430	1
28028.0469	-1
28037.5527	1
28047.0586	1
28056.5645	-1
28066.0703	-1
28075.5762	-1
28085.0820	-1
28094.5879	-1
28104.0938	-1
28113.5996	-1
28123.1055	-1
28132.6113	-1
28142.1172	-1
28151.6230	-1
28161.1289	-1
28170.6367	1
28180.1445	1
28189.6523	1
28199.1602	1
28208.6680	-1
28218.1758	-1
28227.6836	-1
28237.1914	-1
28246.6992	-1
28256.2070	-1
28265.7148	-1
28275.2227	-1
28284.7305	-1
28294.2383	-1
28303.7461	-1
28313.2539	-1
28322.7637	-1
28332.2734	-1
28341.7832	-1
28351.2930	-1
28360.8027	-1
28370.3125	-1
28379.8223	-1
28389.3320	-1
28398.8418	-1
28408.3516	-1
28417.8613	-1
28427.3711	-1
28436.8809	1
28446.3906	1
28455.9004	1
28465.4102	1
28474.9199	1
28484.4297	1
28493.9395	1
28503.4492	1
28512.9609	-1
28522.4727	-1
28531.9844	-1
28541.4961	-1
28551.0078	-1
28560.5195	-1
28570.0312	-1
28579.5430	-1
28589.0547	-1
28598.5664	-1
28608.0781	-1
28617.5898	-1
28627.1016	-1
28636.6133	-1
28646.1250	-1
28655.6367	-1
28665.1484	-1
28674.6602	-1
28684.1738	1
28693.6875	-1
28703.2012	-1
28712.7148	-1
28722.2285	-1
28731.7422	-1
28741.2559	-1
28750.7695	1
28760.2832	1
28769.7969	-1
28779.3105	-1
28788.8242	-1
28798.3379	-1
28807.8516	-1
28817.3652	-1
28826.8789	1
28836.3926	-1
28845.9062	-1
28855.4199	-1
28864.9336	-1
28874.4473	-1
28883.9609	-1
28893.4746	-1
28902.9883	-1
28912.5020	-1
28922.0156	-1
28931.5293	-1
28941.0430	-1
28950.5566	-1
28960.0703	-1
28969.5840	-1
28979.0977	-1
28988.6113	-1
28998.1250	-1
29007.6387	1
29017.1523	1
29026.6660	1
29036.1816	1
29045.6973	1
29055.2129	1
29064.7285	1
29074.2441	1
29083.7598	1
29093.2754	1
29102.7910	-1
29112.3066	-1
29121.8223	-1
29131.3379	-1
29140.8535	-1
29150.3691	-1
29159.8848	1
29169.4004	1
29178.9160	1
29188.4316	1
29197.9492	-1
29207.4668	-1
29216.9844	-1
29226.5020	-1
29236.0195	-1
29245.5371	-1
29255.0547	1
29264.5723	1
29274.0938	-1
29283.6152	-1
29293.1367	-1
29302.6582	-1
29312.1797	-1
29321.7012	-1
29331.2227	-1
29340.7441	-1
29350.2656	-1
29359.7871	-1
29369.3086	-1
29378.8301	-1
29388.3516	-1
29397.8730	-1
29407.3945	-1
29416.9160	-1
29426.4375	-1
29435.9590	-1
29445.4805	-1
29455.0020	-1
29464.5234	-1
29474.0449	-1
29483.5664	-1
29493.0879	-1
29502.6094	-1
29512.1309	-1
29521.6523	-1
29531.1738	-1
29540.6953	-1
29550.2168	-1
29559.7383	-1
29569.2598	-1
29578.7812	-1
29588.3027	-1
29597.8242	-1
29607.3457	-1
29616.8672	-1
29626.3887	-1
29635.9102	-1
29645.4316	-1
29654.9531	-1
29664.4746	-1
29673.9961	-1
29683.5176	-1
29693.0391	-1
29702.5605	-1
29712.0820	-1
29721.6035	-1
29731.1250	-1
29740.6465	-1
29750.1680	-1
29759.6895	-1
29769.2109	-1
29778.7324	-1
29788.2539	-1
29797.7754	-1
29807.2969	-1
29816.8184	-1
29826.3398	-1
29835.8613	-1
29845.3828	-1
29854.9043	-1
29864.4258	-1
29873.9473	-1
29883.4688	-1
29892.9902	-1
29902.5137	-1
29912.0371	-1
29921.5605	-1
29931.0840	-1
29940.6074	-1
29950.1309	-1
29959.6543	-1
29969.1777	-1
29978.7012	-1
29988.2246	-1
29997.7480	-1
30007.2715	-1
30016.7949	-1
30026.3184	-1
30035.8418	-1
30045.3652	-1
30054.8887	-1
30064.4121	-1
30073.9355	-1
30083.4590	-1
30092.9824	-1
30102.5059	-1
30112.0293	-1
30121.5527	-1
30131.0762	-1
30140.5996	-1
30150.1230	-1
30159.6465	-1
30169.1699	-1
30178.6934	-1
30188.2168	-1
30197.7402	-1
30207.2637	-1
30216.7871	-1
30226.3105	-1
30235.8340	-1
30245.3574	-1
30254.8809	-1
30264.4043	-1
30273.9277	-1
30283.4512	-1
30292.9746	-1
30302.5000	1
30312.0254	1
30321.5508	1
30331.0762	1
30340.6016	1
30350.1270	1
30359.6523	1
30369.1777	1
30378.7031	1
30388.2285	1
30397.7539	1
30407.2793	1
30416.8047	1
30426.3301	1
30435.8555	1
30445.3809	1
30454.9062	1
30464.4316	1
30473.9570	1
30483.4824	1
30493.0078	1
30502.5332	1
30512.0645	-1
30521.5957	-1
30531.1270	-1
30540.6582	-1
30550.1895	-1
30559.7207	-1
30569.2520	-1
30578.7832	-1
30588.3145	-1
30597.8457	-1
30607.3770	-1
30616.9082	-1
30626.4395	-1
30635.9707	-1
30645.5020	-1
30655.0332	-1
30664.5645	-1
30674.0957	-1
30683.6270	-1
30693.1582	-1
30702.6895	-1
30712.2207	-1
30721.7520	-1
30731.2832	-1
30740.8164	-1
30750.3496	-1
30759.8828	-1
30769.4160	-1
30778.9492	-1
30788.4824	-1
30798.0156	-1
30807.5488	-1
30817.0820	-1
30826.6152	-1
30836.1484	-1
30845.6816	-1
30855.2148	-1
30864.7480	-1
30874.2812	-1
30883.8145	-1
30893.3477	-1
30902.8809	-1
30912.4141	-1
30921.9473	-1
30931.4805	-1
30941.0137	-1
30950.5469	-1
30960.0801	-1
30969.6133	-1
30979.1465	-1
30988.6797	-1
30998.2129	-1
31007.7461	-1
31017.2793	-1
31026.8125	-1
31036.3457	-1
31045.8789	-1
31055.4121	-1
31064.9453	-1
31074.4785	-1
31084.0137	-1
31093.5488	-1
31103.0840	-1
31112.6191	-1
31122.1543	-1
31131.6895	-1
31141.2246	-1
31150.7598	-1
31160.2949	-1
31169.8301	-1
31179.3652	-1
31188.9004	-1
31198.4355	-1
31207.9707	-1
31217.5059	-1
31227.0410	-1
31236.5762	-1
31246.1113	-1
31255.6465	-1
31265.1816	-1
31274.7168	-1
31284.2520	-1
31293.7871	-1
31303.3223	-1
31312.8574	-1
31322.3926	-1
31331.9277	-1
31341.4629	-1
31350.9980	-1
31360.5332	-1
31370.0684	-1
31379.6035	-1
31389.1387	-1
31398.6738	-1
31408.2090	-1
31417.7441	-1
31427.2793	-1
31436.8145	-1
31446.3496	-1
31455.8848	-1
31465.4199	-1
31474.9551	-1
31484.4902	-1
31494.0254	-1
31503.5605	-1
31513.0957	-1
31522.6309	-1
31532.1660	-1
31541.7012	-1
31551.2363	-1
31560.7715	-1
31570.3066	-1
31579.8418	-1
31589.3770	-1
31598.9121	-1
31608.4473	-1
31617.9824	-1
31627.5176	-1
31637.0527	-1
31646.5879	-1
31656.1230	-1
31665.6582	-1
31675.1934	-1
31684.9219	1
31694.6504	-1
31704.3789	-1
31714.1074	-1
31723.8359	-1
31733.5645	-1
31743.2930	-1
31753.0352	1
31762.7793	-1
31772.5234	1
31782.2676	1
31792.0137	-1
31801.7598	-1
31811.5059	-1
31821.2520	-1
31830.9980	-1
31840.7441	-1
31850.4902	-1
31860.2363	-1
31869.9824	-1
31879.7285	-1
31889.4746	-1
31899.2207	-1
31908.9668	1
31918.7129	1
31928.4590	1
31938.2051	1
31947.9531	-1
31957.7012	-1
31967.4492	-1
31977.1973	-1
31986.9453	-1
31996.6934	-1
32006.4414	-1
32016.1895	-1
32025.9375	-1
32035.6855	-1
32045.4336	-1
32055.1816	-1
32064.9297	1
32074.6777	1
32084.4258	-1
32094.1738	-1
32103.9219	-1
32113.6699	-1
32123.4180	-1
32133.1660	-1
32142.9141	1
32152.6621	1
32162.4102	-1
32172.1582	-1
32181.9062	-1
32191.6543	-1
32201.4023	-1
32211.1504	-1
32220.9004	1
32230.6504	1
32240.4004	1
32250.1504	1
32259.9004	-1
32269.6504	-1
32279.4004	-1
32289.1504	-1
32298.9004	-1
32308.6504	-1
32318.4004	-1
32328.1504	-1
32337.9004	-1
32347.6504	-1
32357.4004	-1
32367.1504	-1
32376.9004	-1
32386.6504	-1
32396.4004	-1
32406.1504	-1
32415.9004	-1
32425.6504	-1
32435.4023	-1
32445.1543	-1
32454.9062	-1
32464.6582	-1
32474.4102	-1
32484.1621	-1
32493.9141	1
32503.6660	1
32513.4180	1
32523.1699	1
32532.9219	1
32542.6738	1
32552.4258	1
32562.1777	1
32571.9316	-1
32581.6855	-1
32591.4395	-1
32601.1934	-1
32610.9473	-1
32620.7012	-1
32630.4551	-1
32640.2090	-1
32649.9629	-1
32659.7168	-1
32669.4707	-1
32679.2246	-1
32688.9785	-1
32698.7324	-1
32708.4863	-1
32718.2402	-1
32727.9941	-1
32737.7480	-1
32747.5020	1
32757.2559	1
32767.0098	1
32776.7656	1
32786.5195	1
32796.2734	1
32806.0273	-1
32815.7812	-1
32825.5352	-1
32835.2891	-1
32845.0430	-1
32854.7969	-1
32864.5508	-1
32874.3047	-1
32884.0586	-1
32893.8125	-1
32903.5664	-1
32913.3203	-1
32923.0742	-1
32932.8281	-1
32942.5820	-1
32952.3359	-1
32962.0898	-1
32971.8438	-1
32981.6016	1
32991.3594	1
33001.1172	1
33010.8750	-1
33020.6328	-1
33030.3906	-1
33040.1484	-1
33049.9062	-1
33059.6641	-1
33069.4219	-1
33079.1797	-1
33088.9375	-1
33098.6953	-1
33108.4531	-1
33118.2109	-1
33127.9688	1
33137.7266	1
33147.4844	1
33157.2422	1
33167.0000	1
33176.7578	1
33186.5156	1
33196.2773	-1
33206.0391	-1
33215.8008	-1
33225.5625	-1
33235.3242	-1
33245.0859	-1
33254.8477	-1
33264.6094	-1
33274.3711	-1
33284.1328	-1
33293.8945	-1
33303.6562	-1
33313.4180	-1
33323.1797	-1
33332.9414	-1
33342.7031	-1
33352.4648	-1
33362.2266	-1
33371.9883	-1
33381.7500	-1
33391.5117	-1
33401.2734	-1
33411.0352	-1
33420.7969	-1
33430.5586	-1
33440.3203	-1
33450.0820	-1
33459.8438	-1
33469.6055	-1
33479.3672	-1
33489.1289	-1
33498.8906	-1
33508.6523	-1
33518.4141	-1
33528.1758	-1
33537.9375	-1
33547.6992	-1
33557.4609	-1
33567.2227	-1
33576.9844	-1
33586.7461	-1
33596.5078	-1
33606.2695	-1
33616.0312	-1
33625.7930	-1
33635.5547	-1
33645.3164	-1
33655.0781	-1
33664.8398	-1
33674.6016	-1
33684.3633	-1
33694.1250	-1
33703.8867	-1
33713.6484	-1
33723.4141	1
33733.1797	-1
33742.9453	-1
33752.7109	-1
33762.4766	-1
33772.2422	-1
33782.0078	-1
33791.7734	1
33801.5391	1
33811.3047	-1
33821.0703	-1
33830.8359	-1
33840.6016	-1
33850.3672	-1
33860.1328	-1
33869.8984	1
33879.6641	1
33889.4297	1
33899.1953	-1
33908.9609	-1
33918.7266	-1
33928.4922	-1
33938.2578	-1
33948.0234	-1
33957.7891	1
33967.5547	1
33977.3203	-1
33987.0859	-1
33996.8516	-1
34006.6172	-1
34016.3828	-1
34026.1484	-1
34035.9141	-1
34045.6797	-1
34055.4453	-1
34065.2109	-1
34074.9766	-1
34084.7422	-1
34094.5078	-1
34104.2734	-1
34114.0391	-1
34123.8047	-1
34133.5703	-1
34143.3359	-1
34153.1016	1
34162.8672	1
34172.6328	1
34182.3984	1
34192.1641	-1
34201.9297	-1
34211.6953	-1
34221.4609	-1
34231.2266	-1
34240.9922	-1
34250.7578	1
34260.5234	1
34270.2891	1
34280.0547	1
34289.8203	-1
34299.5859	-1
34309.3516	-1
34319.1172	-1
34328.8828	-1
34338.6484	-1
34348.4141	1
34358.1797	1
34367.9453	1
34377.7109	-1
34387.4766	1
34397.2422	-1
34407.0078	-1
34416.7734	-1
34426.5391	-1
34436.3047	-1
34446.0703	-1
34455.8398	-1
34465.6094	-1
34475.3789	-1
34485.1484	-1
34494.9180	-1
34504.6875	-1
34514.4570	-1
34524.2266	-1
34533.9961	-1
34543.7656	-1
34553.5352	-1
34563.3047	1
34573.0742	1
34582.8438	1
34592.6133	1
34602.3828	1
34612.1523	1
34621.9219	1
34631.6914	1
34641.4609	1
34651.2305	1
34661.0000	1
34670.7695	1
34680.5391	1
34690.3125	-1
34700.0859	-1
34709.8594	-1
34719.6328	-1
34729.4062	-1
34739.1797	-1
34748.9570	-1
34758.7344	-1
34768.5117	-1
34778.2891	-1
34788.0664	-1
34797.8438	-1
34807.6211	-1
34817.3984	-1
34827.1758	-1
34836.9531	-1
34846.7305	-1
34856.5078	-1
34866.2852	-1
34876.0625	-1
34885.8398	-1
34895.6172	-1
34905.3945	-1
34915.1719	-1
34924.9492	-1
34934.7266	-1
34944.5039	-1
34954.2812	-1
34964.0586	-1
34973.8359	-1
34983.6133	-1
34993.3906	-1
35003.1680	-1
35012.9453	-1
35022.7227	-1
35032.5000	-1
35042.2773	-1
35052.0547	-1
35061.8320	-1
35071.6094	-1
35081.3867	-1
35091.1641	-1
35100.9414	-1
35110.7188	-1
35120.4961	-1
35130.2734	-1
35140.0508	-1
35149.8281	-1
35159.6055	-1
35169.3828	-1
35179.1602	-1
35188.9375	-1
35198.7148	-1
35208.4922	-1
35218.2695	-1
35228.0469	-1
35237.8242	-1
35247.6016	-1
35257.3789	-1
35267.1562	-1
35276.9336	-1
35286.7109	-1
35296.4883	-1
35306.2656	-1
35316.0430	-1
35325.8203	-1
35335.5977	-1
35345.3750	-1
35355.1523	-1
35364.9297	-1
35374.7070	-1
35384.4844	-1
35394.2617	-1
35404.0391	-1
35413.8164	-1
35423.5938	-1
35433.3711	-1
35443.1484	-1
35452.9258	-1
35462.7031	-1
35472.4805	-1
35482.2578	-1
35492.0352	-1
35501.8125	-1
35511.5898	-1
35521.3672	-1
35531.1445	-1
35540.9219	-1
35550.6992	-1
35560.4766	-1
35570.2539	-1
35580.0312	-1
35589.8086	-1
35599.5859	-1
35609.3633	-1
35619.1406	-1
35628.9219	-1
35638.7031	-1
35648.4844	-1
35658.2656	-1
35668.0469	-1
35677.8281	-1
35687.6094	-1
35697.3906	-1
35707.1719	-1
35716.9531	-1
35726.7344	-1
35736.5156	-1
35746.2969	-1
35756.0781	-1
35765.8594	-1
35775.6406	-1
35785.4219	-1
35795.2031	-1
35804.9844	-1
35814.7656	-1
35824.5469	-1
35834.3281	-1
35844.1094	-1
35853.8906	-1
35863.6719	-1
35873.4531	-1
35883.2344	-1
35893.0156	-1
35902.7969	-1
35912.5781	-1
35922.3594	-1
35932.1406	-1
35941.9219	-1
35951.7031	-1
35961.4844	-1
35971.2656	-1
35981.0508	-1
35990.8359	-1
36000.6211	-1
36010.4062	-1
36020.1914	-1
36029.9766	-1
36039.7617	-1
36049.5469	-1
36059.3320	-1
36069.1172	-1
36078.9023	-1
36088.6875	-1
36098.4727	-1
36108.2578	-1
36118.0430	-1
36127.8281	-1
36137.6133	-1
36147.3984	-1
36157.1836	-1
36166.9688	-1
36176.7539	-1
36186.5391	-1
36196.3242	-1
36206.1094	-1
36215.8945	-1
36225.6797	-1
36235.4648	-1
36245.2500	-1
36255.0352	-1
36264.8203	-1
36274.6055	-1
36284.3906	-1
36294.1758	-1
36303.9609	-1
36313.7461	-1
36323.5312	-1
36333.3164	-1
36343.1016	-1
36352.8867	-1
36362.6719	-1
36372.4570	-1
36382.2422	-1
36392.0273	-1
36401.8125	-1
36411.5977	-1
36421.3828	-1
36431.1680	-1
36440.9531	-1
36450.7383	-1
36460.5234	-1
36470.3086	-1
36480.0938	-1
36489.8789	-1
36499.6641	-1
36509.4492	-1
36519.2344	-1
36529.0195	-1
36538.8047	-1
36548.5898	-1
36558.3750	-1
36568.1602	-1
36577.9570	1
36587.7578	-1
36597.5586	1
36607.3594	1
36617.1602	-1
36626.9609	-1
36636.7617	-1
36646.5625	-1
36656.3633	-1
36666.1641	-1
36675.9648	-1
36685.7656	-1
36695.5664	-1
36705.3672	-1
36715.1680	-1
36724.9688	-1
36734.7695	1
36744.5703	1
36754.3711	1
36764.1719	1
36773.9766	-1
36783.7812	-1
36793.5859	-1
36803.3906	-1
36813.1953	-1
36823.0000	-1
36832.8047	-1
36842.6094	-1
36852.4141	-1
36862.2188	-1
36872.0234	-1
36881.8281	-1
36891.6328	-1
36901.4375	-1
36911.2422	-1
36921.0469	-1
36930.8516	-1
36940.6562	-1
36950.4609	-1
36960.2656	-1
36970.0703	-1
36979.8750	-1
36989.6797	-1
36999.4961	1
37009.3125	-1
37019.1289	1
37028.9453	1
37038.7656	-1
37048.5859	-1
37058.4062	-1
37068.2266	-1
37078.0469	-1
37087.8672	-1
37097.6875	-1
37107.5078	-1
37117.3281	-1
37127.1484	-1
37136.9688	-1
37146.7891	-1
37156.6094	1
37166.4297	1
37176.2500	1
37186.0703	1
37195.8906	-1
37205.7109	-1
37215.5312	-1
37225.3516	-1
37235.1719	-1
37244.9922	-1
37254.8125	-1
37264.6328	-1
37274.4531	-1
37284.2734	-1
37294.0938	-1
37303.9141	-1
37313.7344	-1
37323.5547	-1
37333.3750	-1
37343.1953	-1
37353.0156	-1
37362.8359	-1
37372.6562	-1
37382.4766	-1
37392.2969	-1
37402.1172	-1
37411.9375	-1
37421.7578	-1
37431.5781	1
37441.3984	1
37451.2188	1
37461.0391	1
37470.8594	1
37480.6797	1
37490.5000	1
37500.3203	-1
37510.1406	1
37519.9609	-1
37529.7812	-1
37539.6016	-1
37549.4219	-1
37559.2422	-1
37569.0664	-1
37578.8906	-1
37588.7148	-1
37598.5391	-1
37608.3633	-1
37618.1875	-1
37628.0117	-1
37637.8359	-1
37647.6602	-1
37657.4844	-1
37667.3086	-1
37677.1328	-1
37686.9570	-1
37696.7812	-1
37706.6055	-1
37716.4297	-1
37726.2539	-1
37736.0781	-1
37745.9023	-1
37755.7266	-1
37765.5508	-1
37775.3750	-1
37785.1992	-1
37795.0234	-1
37804.8477	-1
37814.6719	-1
37824.4961	-1
37834.3203	-1
37844.1445	-1
37853.9688	-1
37863.7930	-1
37873.6172	-1
37883.4414	-1
37893.2656	-1
37903.0898	-1
37912.9141	-1
37922.7383	-1
37932.5625	-1
37942.3867	-1
37952.2266	1
37962.0664	-1
37971.9062	1
37981.7461	1
37991.5898	-1
38001.4336	-1
38011.2773	-1
38021.1211	-1
38030.9648	-1
38040.8086	-1
38050.6523	-1
38060.4961	-1
38070.3398	-1
38080.1836	-1
38090.0273	-1
38099.8711	-1
38109.7148	1
38119.5586	1
38129.4023	1
38139.2461	1
38149.0898	-1
38158.9336	-1
38168.7773	-1
38178.6211	-1
38188.4648	-1
38198.3086	-1
38208.1523	-1
38217.9961	-1
38227.8398	-1
38237.6836	-1
38247.5273	-1
38257.3711	-1
38267.2148	-1
38277.0625	-1
38286.9102	-1
38296.7578	-1
38306.6055	-1
38316.4531	-1
38326.3008	-1
38336.1484	-1
38345.9961	-1
38355.8438	-1
38365.6914	-1
38375.5391	-1
38385.3867	1
38395.2344	1
38405.0820	1
38414.9297	1
38424.7773	1
38434.6250	1
38444.4727	1
38454.3203	1
38464.1680	-1
38474.0156	-1
38483.8633	-1
38493.7109	-1
38503.5586	-1
38513.4062	-1
38523.2539	-1
38533.1016	-1
38542.9492	-1
38552.7969	-1
38562.6445	-1
38572.4922	-1
38582.3398	1
38592.1914	1
38602.0430	-1
38611.8945	-1
38621.7461	-1
38631.5977	-1
38641.4492	-1
38651.3008	-1
38661.1523	1
38671.0039	1
38680.8555	-1
38690.7070	-1
38700.5586	-1
38710.4102	-1
38720.2617	-1
38730.1133	-1
38739.9648	-1
38749.8164	-1
38759.6680	-1
38769.5195	-1
38779.3711	-1
38789.2227	-1
38799.0742	-1
38808.9258	-1
38818.7773	-1
38828.6289	-1
38838.4805	-1
38848.3320	-1
38858.1836	-1
38868.0352	-1
38877.8867	-1
38887.7383	-1
38897.5898	-1
38907.4414	-1
38917.2930	-1
38927.1445	-1
38936.9961	-1
38946.8477	-1
38956.6992	-1
38966.5508	-1
38976.4023	1
38986.2539	1
38996.1055	1
39005.9570	1
39015.8086	1
39025.6602	1
39035.5117	1
39045.3633	1
39055.2148	1
39065.0664	1
39074.9180	1
39084.7695	1
39094.6250	-1
39104.4805	-1
39114.3359	-1
39124.1914	-1
39134.0469	-1
39143.9023	-1
39153.7578	-1
39163.6133	-1
39173.4688	-1
39183.3242	-1
39193.1797	-1
39203.0352	-1
39212.8906	-1
39222.7461	-1
39232.6016	-1
39242.4570	-1
39252.3125	-1
39262.1680	-1
39272.0273	1
39281.8867	1
39291.7461	1
39301.6055	1
39311.4648	-1
39321.3242	-1
39331.1836	-1
39341.0430	-1
39350.9023	-1
39360.7617	-1
39370.6211	-1
39380.4805	-1
39390.3398	-1
39400.1992	-1
39410.0586	-1
39419.9180	-1
39429.7773	-1
39439.6367	-1
39449.4961	-1
39459.3555	-1
39469.2148	-1
39479.0742	-1
39488.9336	-1
39498.7930	-1
39508.6523	-1
39518.5117	-1
39528.3711	-1
39538.2305	-1
39548.0898	-1
39557.9492	-1
39567.8086	-1
39577.6680	-1
39587.5273	-1
39597.3867	-1
39607.2461	1
39617.1055	-1
39626.9648	-1
39636.8242	-1
39646.6836	-1
39656.5430	-1
39666.4023	-1
39676.2617	-1
39686.1211	-1
39695.9805	-1
39705.8398	-1
39715.6992	-1
39725.5586	-1
39735.4180	-1
39745.2773	-1
39755.1367	-1
39764.9961	-1
39774.8555	-1
39784.7148	-1
39794.5781	1
39804.4414	1
39814.3047	1
39824.1680	1
39834.0312	1
39843.8945	1
39853.7578	1
39863.6211	1
39873.4844	1
39883.3477	1
39893.2109	1
39903.0742	1
39912.9375	1
39922.8008	-1
39932.6641	-1
39942.5273	-1
39952.3906	-1
39962.2539	-1
39972.1172	-1
39981.9805	1
39991.8438	1
40001.7070	1
40011.5703	1
40021.4336	-1
40031.2969	-1
40041.1602	-1
40051.0234	-1
40060.8867	-1
40070.7500	-1
40080.6133	-1
40090.4766	-1
40100.3398	-1
40110.2031	-1
40120.0664	-1
40129.9297	-1
40139.7930	-1
40149.6562	-1
40159.5195	-1
40169.3828	-1
40179.2461	-1
40189.1094	-1
40198.9727	-1
40208.8359	-1
40218.6992	-1
40228.5625	-1
40238.4258	-1
40248.2891	-1
40258.1523	-1
40268.0156	-1
40277.8789	-1
40287.7422	-1
40297.6055	-1
40307.4688	-1
40317.3359	-1
40327.2031	-1
40337.0703	-1
40346.9375	-1
40356.8047	-1
40366.6719	-1
40376.5391	-1
40386.4062	-1
40396.2734	-1
40406.1406	-1
40416.0078	-1
40425.8750	-1
40435.7422	-1
40445.6094	-1
40455.4766	-1
40465.3438	-1
40475.2109	-1
40485.0781	-1
40494.9453	1
40504.8125	1
40514.6797	1
40524.5469	1
40534.4141	1
40544.2812	1
40554.1484	1
40564.0156	1
40573.8828	1
40583.7500	1
40593.6172	1
40603.4844	1
40613.3516	1
40623.2188	1
40633.0859	1
40642.9531	1
40652.8203	1
40662.6914	-1
40672.5625	-1
40682.4336	-1
40692.3047	-1
40702.1758	-1
40712.0469	-1
40721.9180	-1
40731.7891	-1
40741.6602	-1
40751.5312	-1
40761.4023	-1
40771.2734	-1
40781.1445	1
40791.0195	1
40800.8945	1
40810.7695	1
40820.6445	1
40830.5195	-1
40840.3945	-1
40850.2695	-1
40860.1445	-1
40870.0195	-1
40879.8945	-1
40889.7695	-1
40899.6445	-1
40909.5195	-1
40919.3945	-1
40929.2695	-1
40939.1445	-1
40949.0195	-1
40958.8945	-1
40968.7695	-1
40978.6445	-1
40988.5195	-1
40998.3945	-1
41008.2695	-1
41018.1445	-1
41028.0195	-1
41037.8945	-1
41047.7695	-1
41057.6445	-1
41067.5195	-1
41077.3945	-1
41087.2695	-1
41097.1445	-1
41107.0195	-1
41116.8945	-1
41126.7695	-1
41136.6445	-1
41146.5195	-1
41156.3945	-1
41166.2695	-1
41176.1445	-1
41186.0195	-1
41195.8945	-1
41205.7695	-1
41215.6445	-1
41225.5195	-1
41235.3945	-1
41245.2695	-1
41255.1445	-1
41265.0195	-1
41274.8945	-1
41284.7695	-1
41294.6445	-1
41304.5195	-1
41314.3945	-1
41324.2695	-1
41334.1445	-1
41344.0195	-1
41353.8945	-1
41363.7695	-1
41373.6445	-1
41383.5195	-1
41393.3945	-1
41403.2695	-1
41413.1445	-1
41423.0234	1
41432.9023	1
41442.7812	1
41452.6602	-1
41462.5391	-1
41472.4180	-1
41482.2969	-1
41492.1758	-1
41502.0547	-1
41511.9336	-1
41521.8125	-1
41531.6914	-1
41541.5703	-1
41551.4492	-1
41561.3281	-1
41571.2070	-1
41581.0859	-1
41590.9648	-1
41600.8438	-1
41610.7227	-1
41620.6016	-1
41630.4805	-1
41640.3594	-1
41650.2383	-1
41660.1172	-1
41669.9961	-1
41679.8750	-1
41689.7539	-1
41699.6328	-1
41709.5117	-1
41719.3906	-1
41729.2695	-1
41739.1484	-1
41749.0273	-1
41758.9062	-1
41768.7852	-1
41778.6641	-1
41788.5430	-1
41798.4219	-1
41808.3047	-1
41818.1875	-1
41828.0703	-1
41837.9531	-1
41847.8359	-1
41857.7188	-1
41867.6016	-1
41877.4844	-1
41887.3672	-1
41897.2500	-1
41907.1328	-1
41917.0156	-1
41926.8984	-1
41936.7812	-1
41946.6641	-1
41956.5469	-1
41966.4297	-1
41976.3125	-1
41986.1953	-1
41996.0781	-1
42005.9609	-1
42015.8438	-1
42025.7266	-1
42035.6094	-1
42045.4922	-1
42055.3750	-1
42065.2578	-1
42075.1406	-1
42085.0234	-1
42094.9062	-1
42104.7891	-1
42114.6719	-1
42124.5547	-1
42134.4375	-1
42144.3203	-1
42154.2031	-1
42164.0898	-1
42173.9766	-1
42183.8633	-1
42193.7500	-1
42203.6367	-1
42213.5234	-1
42223.4102	-1
42233.2969	-1
42243.1836	-1
42253.0703	-1
42262.9570	-1
42272.8438	-1
42282.7305	-1
42292.6172	-1
42302.5039	-1
42312.3906	-1
42322.2773	-1
42332.1641	-1
42342.0508	-1
42351.9375	-1
42361.8242	-1
42371.7109	-1
42381.5977	-1
42391.4844	-1
42401.3711	-1
42411.2578	-1
42421.1445	-1
42431.0312	-1
42440.9180	-1
42450.8047	-1
42460.6914	-1
42470.5781	-1
42480.4648	-1
42490.3516	-1
42500.2383	-1
42510.1250	-1
42520.0117	-1
42529.8984	-1
42539.7852	-1
42549.6719	-1
42559.5586	-1
42569.4453	-1
42579.3320	-1
42589.2188	-1
42599.1055	-1
42608.9922	-1
42618.8789	-1
42628.7656	-1
42638.6523	-1
42648.5391	-1
42658.4258	-1
42668.3125	-1
42678.1992	-1
42688.0859	-1
42697.9727	-1
42707.8594	-1
42717.7461	-1
42727.6328	-1
42737.5195	-1
42747.4062	-1
42757.2969	-1
42767.1875	-1
42777.0781	-1
42786.9688	-1
42796.8594	-1
42806.7500	-1
42816.6406	-1
42826.5312	-1
42836.4219	-1
42846.3125	-1
42856.2031	-1
42866.0938	-1
42875.9844	-1
42885.8750	-1
42895.7656	-1
42905.6562	-1
42915.5469	-1
42925.4375	-1
42935.3281	-1
42945.2188	-1
42955.1094	-1
42965.0000	-1
42974.8906	-1
42984.7812	-1
42994.6719	-1
43004.5625	-1
43014.4531	-1
43024.3438	-1
43034.2344	-1
43044.1250	-1
43054.0156	-1
43063.9062	-1
43073.7969	-1
43083.6875	-1
43093.5781	-1
43103.4688	-1
43113.3594	-1
43123.2500	-1
43133.1406	-1
43143.0312	-1
43152.9219	-1
43162.8125	-1
43172.7031	-1
43182.5938	-1
43192.4844	-1
43202.3750	-1
43212.2656	-1
43222.1562	-1
43232.0469	-1
43241.9375	-1
43251.8281	-1
43261.7188	-1
43271.6094	-1
43281.5000	-1
43291.4062	1
43301.3125	-1
43311.2188	1
43321.1250	1
43331.0352	-1
43340.9453	-1
43350.8555	-1
43360.7656	-1
43370.6758	-1
43380.5859	-1
43390.4961	-1
43400.4062	-1
43410.3164	-1
43420.2266	-1
43430.1484	1
43440.0703	-1
43449.9922	1
43459.9141	1
43469.8398	-1
43479.7656	-1
43489.6914	-1
43499.6172	-1
43509.5430	-1
43519.4688	-1
43529.3945	-1
43539.3203	-1
43549.2461	-1
43559.1719	-1
43569.1094	1
43579.0508	-1
43588.9922	1
43598.9336	1
43608.8750	-1
43618.8164	-1
43628.7578	-1
43638.6992	-1
43648.6406	-1
43658.5820	-1
43668.5234	-1
43678.4648	-1
43688.4062	-1
43698.3477	-1
43708.2891	-1
43718.2305	-1
43728.1719	1
43738.1133	1
43748.0547	1
43757.9961	1
43767.9375	-1
43777.8789	-1
43787.8203	-1
43797.7617	-1
43807.7031	-1
43817.6445	-1
43827.5859	-1
43837.5273	-1
43847.4688	-1
43857.4102	-1
43867.3516	-1
43877.2930	-1
43887.2344	-1
43897.1758	-1
43907.1172	-1
43917.0586	-1
43927.0000	-1
43936.9414	-1
43946.8828	-1
43956.8242	-1
43966.7656	-1
43976.7070	-1
43986.6484	-1
43996.5898	-1
44006.5352	1
44016.4805	1
44026.4258	1
44036.3711	1
44046.3164	1
44056.2617	1
44066.2070	1
44076.1523	1
44086.0977	-1
44096.0430	-1
44105.9883	-1
44115.9336	-1
44125.8789	-1
44135.8242	-1
44145.7695	-1
44155.7148	-1
44165.6602	-1
44175.6055	-1
44185.5508	-1
44195.4961	-1
44205.4414	1
44215.3867	1
44225.3320	1
44235.2773	1
44245.2227	-1
44255.1680	-1
44265.1133	-1
44275.0586	-1
44285.0039	-1
44294.9492	-1
44304.8945	-1
44314.8398	-1
44324.7852	-1
44334.7305	-1
44344.6758	-1
44354.6211	-1
44364.5664	-1
44374.5117	-1
44384.4570	-1
44394.4023	-1
44404.3477	-1
44414.2930	-1
44424.2383	-1
44434.1836	-1
44444.1289	-1
44454.0742	-1
44464.0195	-1
44473.9648	-1
44483.9141	-1
44493.8633	-1
44503.8125	-1
44513.7617	-1
44523.7109	-1
44533.6602	-1
44543.6094	-1
44553.5586	-1
44563.5078	-1
44573.4570	-1
44583.4062	-1
44593.3555	-1
44603.3047	1
44613.2539	1
44623.2031	-1
44633.1523	-1
44643.1016	-1
44653.0508	-1
44663.0000	-1
44672.9492	-1
44682.8984	-1
44692.8477	-1
44702.7969	-1
44712.7461	-1
44722.6953	-1
44732.6445	-1
44742.5938	-1
44752.5430	-1
44762.4922	-1
44772.4414	-1
44782.3906	-1
44792.3398	-1
44802.2891	-1
44812.2383	-1
44822.1875	-1
44832.1367	-1
44842.0859	-1
44852.0352	-1
44861.9844	-1
44871.9336	-1
44881.8828	-1
44891.8320	-1
44901.7812	-1
44911.7305	-1
44921.6797	-1
44931.6289	-1
44941.5938	1
44951.5586	-1
44961.5234	1
44971.4883	1
44981.4531	-1
44991.4180	-1
45001.3828	-1
45011.3633	1
45021.3438	-1
45031.3242	1
45041.3047	1
45051.2891	-1
45061.2734	-1
45071.2578	-1
45081.2422	-1
45091.2266	-1
45101.2109	-1
45111.1953	-1
45121.1797	-1
45131.1641	-1
45141.1484	-1
45151.1328	-1
45161.1172	-1
45171.1016	1
45181.0859	1
45191.0703	1
45201.0547	1
45211.0391	-1
45221.0234	-1
45231.0078	-1
45240.9922	-1
45250.9766	-1
45260.9609	-1
45270.9453	-1
45280.9297	-1
45290.9141	-1
45300.8984	-1
45310.8828	-1
45320.8672	-1
45330.8555	-1
45340.8438	-1
45350.8320	-1
45360.8203	-1
45370.8086	-1
45380.7969	-1
45390.7852	-1
45400.7734	-1
45410.7617	-1
45420.7500	-1
45430.7383	-1
45440.7383	1
45450.7383	-1
45460.7383	1
45470.7383	1
45480.7422	-1
45490.7461	-1
45500.7500	-1
45510.7539	-1
45520.7695	1
45530.7891	-1
45540.8086	1
45550.8281	1
45560.8477	-1
45570.8672	-1
45580.8867	-1
45590.9062	-1
45600.9258	-1
45610.9453	-1
45620.9648	-1
45630.9844	-1
45641.0039	-1
45651.0234	-1
45661.0430	-1
45671.0625	-1
45681.0820	1
45691.1016	1
45701.1211	1
45711.1406	1
45721.1641	-1
45731.1875	-1
45741.2109	-1
45751.2344	-1
45761.2578	-1
45771.2812	-1
45781.3047	-1
45791.3281	-1
45801.3516	-1
45811.3750	-1
45821.3984	-1
45831.4219	-1
45841.4453	-1
45851.4688	-1
45861.4922	-1
45871.5156	-1
45881.5391	-1
45891.5625	-1
45901.5859	-1
45911.6094	-1
45921.6328	-1
45931.6562	-1
45941.6797	-1
45951.7031	-1
45961.7266	1
45971.7500	1
45981.7734	1
45991.7969	-1
46001.8203	-1
46011.8438	-1
46021.8672	-1
46031.8906	-1
46041.9141	-1
46051.9375	-1
46061.9609	-1
46071.9844	-1
46082.0078	-1
46092.0312	-1
46102.0547	-1
46112.0781	-1
46122.1172	1
46132.1562	-1
46142.1953	1
46152.2344	1
46162.2773	-1
46172.3203	-1
46182.3633	-1
46192.4062	-1
46202.4492	-1
46212.4922	-1
46222.5352	-1
46232.5781	-1
46242.6211	-1
46252.6641	-1
46262.7070	-1
46272.7500	-1
46282.7930	1
46292.8359	1
46302.8789	1
46312.9219	1
46322.9648	-1
46333.0078	-1
46343.0508	-1
46353.0938	-1
46363.1367	-1
46373.1797	-1
46383.2227	-1
46393.2656	-1
46403.3086	-1
46413.3516	-1
46423.3945	-1
46433.4375	-1
46443.4805	-1
46453.5234	-1
46463.5664	-1
46473.6094	-1
46483.6523	-1
46493.6953	-1
46503.7383	-1
46513.7969	1
46523.8555	-1
46533.9141	1
46543.9727	1
46554.0312	-1
46564.0938	-1
46576.5078	-1
46588.9219	1
