0.0000	0
0.0007	-1
0.1664	-2
0.1739	-2
0.3597	-2
0.3984	-2
0.4521	-2
0.4640	-2
0.4698	-2
0.4913	-2
0.5297	-2
0.6702	-2
0.7349	-2
0.8224	-2
0.8293	-2
0.8312	-2
0.8354	-2
0.8809	-2
0.9470	2
0.9555	-2
0.9710	-2
0.9881	-2
1.0066	-2
1.0626	-2
1.0746	-2
1.0941	-2
1.1033	2
1.1077	-2
1.1408	-2
1.1444	-2
1.1776	-2
1.2151	-2
1.2219	-2
1.2277	2
1.2348	-2
1.2785	-2
1.2814	-2
1.3008	-2
1.3423	2
1.3468	-2
1.3582	-2
1.3993	-2
1.4416	-2
1.4455	-2
1.4810	-2
1.4872	2
1.4918	-2
1.4970	-2
1.5133	-2
1.5337	2
1.5770	-2
1.6036	-2
1.6077	-2
1.6406	-2
1.6579	-2
1.6909	-2
1.6949	-2
1.6965	-2
1.7082	-2
1.7499	-2
1.7499	-2
1.7644	2
1.7791	2
1.7830	-2
1.7925	-2
1.7960	-2
1.8443	-2
1.8946	-2
1.9332	-2
1.9415	-2
1.9494	-2
2.0441	2
2.0477	-2
2.0854	-2
2.1005	-2
2.1535	2
2.1542	-2
2.2111	-2
2.2621	2
2.2758	-2
2.2960	-2
2.2994	-2
2.3155	2
2.3229	-2
2.3482	-2
2.3783	-2
2.3885	-2
2.4298	-2
2.4621	2
2.4716	-2
2.4738	2
2.4973	-2
2.5309	-2
2.5692	-2
2.6565	-2
2.6791	-2
2.7478	-2
2.8984	2
3.2332	-2
3.3006	2
3.6183	2
3.7507	2
3.8256	2
4.0915	2
4.1131	2
4.1671	2
4.3691	-2
4.4787	2
4.5709	2
4.6151	2
5.1521	2
5.1712	2
5.7153	2
6.0888	2
7.9539	1
15.9087	-1
23.8638	1
31.8189	1
39.7750	-1
47.7312	-1
55.6874	-1
63.6562	1
71.6265	-1
79.5973	1
87.5680	1
95.5402	-1
103.5123	-1
111.4845	-1
119.4566	-1
127.4287	-1
135.4009	-1
143.3732	-1
151.3454	-1
159.3177	-1
167.3024	1
175.2886	-1
183.2752	1
191.2619	1
199.2496	-1
207.2374	-1
215.2252	-1
223.2130	-1
231.2008	-1
239.1886	-1
247.1765	-1
255.1644	-1
263.1524	-1
271.1403	-1
279.1283	-1
287.1162	-1
295.1045	1
303.0929	1
311.0822	-1
319.0715	-1
327.0609	-1
335.0502	-1
343.0396	-1
351.0289	-1
359.0184	-1
367.0078	-1
374.9973	-1
382.9867	-1
390.9761	-1
398.9778	1
406.9808	-1
414.9842	1
422.9876	1
430.9917	-1
438.9958	-1
447.0000	-1
455.0041	-1
463.0083	-1
471.0128	-1
479.0303	1
487.0493	-1
495.0688	1
503.0883	1
511.1091	-1
519.1298	-1
527.1506	-1
535.1714	-1
543.1923	-1
551.2131	-1
559.2340	-1
567.2549	-1
575.2759	-1
583.2968	-1
591.3177	-1
599.3387	-1
607.3600	1
615.3813	1
623.4028	1
631.4243	1
639.4471	-1
647.4699	-1
655.4927	-1
663.5156	-1
671.5384	-1
679.5612	-1
687.5842	-1
695.6071	-1
703.6301	-1
711.6530	-1
719.6760	-1
727.6990	-1
735.7220	-1
743.7451	-1
751.7682	-1
759.7913	-1
767.8143	-1
775.8374	-1
783.8606	-1
791.8838	-1
799.9070	-1
807.9302	-1
815.9534	-1
823.9766	-1
832.0001	1
840.0237	1
848.0474	1
856.0712	1
864.0961	-1
872.1212	-1
880.1462	-1
888.1712	-1
896.1962	-1
904.2213	-1
912.2465	-1
920.2718	-1
928.2971	-1
936.3224	-1
944.3478	-1
952.3731	-1
960.3986	-1
968.4240	-1
976.4495	-1
984.4749	-1
992.5004	-1
1000.5258	-1
1008.5514	-1
1016.5770	-1
1024.6025	-1
1032.6281	-1
1040.6664	1
1048.7063	-1
1056.7467	1
1064.7871	1
1072.8282	-1
1080.8694	-1
1088.9105	-1
1096.9517	-1
1104.9928	-1
1113.0339	-1
1121.0752	-1
1129.1165	-1
1137.1577	-1
1145.1990	-1
1153.2529	1
1161.3086	-1
1169.3646	1
1177.4208	1
1185.4777	-1
1193.5345	-1
1201.5914	-1
1209.6483	-1
1217.7052	-1
1225.7625	-1
1233.8318	1
1241.9026	-1
1249.9738	1
1258.0449	1
1266.1174	-1
1274.1899	-1
1282.2625	-1
1290.3350	-1
1298.4075	-1
1306.4800	-1
1314.5527	-1
1322.6255	-1
1330.6982	-1
1338.7710	-1
1346.8438	-1
1354.9165	-1
1362.9896	1
1371.0627	1
1379.1359	1
1387.2091	1
1395.2836	-1
1403.3582	-1
1411.4327	-1
1419.5073	-1
1427.5819	-1
1435.6565	-1
1443.7312	-1
1451.8059	-1
1459.8806	-1
1467.9553	-1
1476.0300	-1
1484.1047	-1
1492.1796	-1
1500.2544	-1
1508.3292	-1
1516.4041	-1
1524.4789	-1
1532.5537	-1
1540.6287	-1
1548.7036	-1
1556.7786	-1
1564.8535	-1
1572.9285	-1
1581.0034	-1
1589.0786	1
1597.1539	1
1605.2292	1
1613.3047	1
1621.3801	1
1629.4556	1
1637.5311	1
1645.6067	1
1653.6838	-1
1661.7610	-1
1669.8381	-1
1677.9153	-1
1685.9924	-1
1694.0696	-1
1702.1469	-1
1710.2241	-1
1718.3014	-1
1726.3787	-1
1734.4559	-1
1742.5332	-1
1750.6116	-1
1758.6899	-1
1766.7683	-1
1774.8467	-1
1782.9250	-1
1791.0034	-1
1799.0819	1
1807.1604	1
1815.2390	1
1823.3176	1
1831.3965	1
1839.4755	1
1847.5547	-1
1855.6339	-1
1863.7131	-1
1871.7924	-1
1879.8716	-1
1887.9508	-1
1896.0303	-1
1904.1097	-1
1912.1892	-1
1920.2687	-1
1928.3481	-1
1936.4276	-1
1944.5072	-1
1952.5868	-1
1960.6664	-1
1968.7460	-1
1976.8256	-1
1984.9052	-1
1992.9849	-1
2001.0647	-1
2009.1445	-1
2017.2244	-1
2025.3042	-1
2033.3840	-1
2041.4640	-1
2049.5439	-1
2057.6240	-1
2065.7041	-1
2073.7842	-1
2081.8643	-1
2089.9451	-1
2098.0259	-1
2106.1067	-1
2114.1875	-1
2122.2683	-1
2130.3491	-1
2138.4304	1
2146.5117	1
2154.5930	1
2162.6743	1
2170.7566	1
2178.8389	1
2186.9211	1
2195.0034	1
2203.0857	1
2211.1682	1
2219.2507	1
2227.3333	1
2235.4165	-1
2243.4998	-1
2251.5830	-1
2259.6663	-1
2267.7495	-1
2275.8328	-1
2283.9160	-1
2291.9993	-1
2300.0825	-1
2308.1658	-1
2316.2490	-1
2324.3325	-1
2332.4160	-1
2340.4995	-1
2348.5830	-1
2356.6665	-1
2364.7500	-1
2372.8335	-1
2380.9175	1
2389.0017	1
2397.0859	1
2405.1702	1
2413.2544	1
2421.3389	-1
2429.4233	-1
2437.5078	-1
2445.5923	-1
2453.6768	-1
2461.7612	-1
2469.8459	1
2477.9309	-1
2486.0159	-1
2494.1008	-1
2502.1858	-1
2510.2708	-1
2518.3557	-1
2526.4417	1
2534.5276	1
2542.6135	1
2550.6995	1
2558.7859	-1
2566.8723	-1
2574.9587	-1
2583.0454	-1
2591.1321	-1
2599.2188	-1
2607.3074	1
2615.3960	1
2623.4849	-1
2631.5737	-1
2639.6626	-1
2647.7515	-1
2655.8403	-1
2663.9292	-1
2672.0181	-1
2680.1069	-1
2688.1958	-1
2696.2847	-1
2704.3735	-1
2712.4624	-1
2720.5515	-1
2728.6406	-1
2736.7297	-1
2744.8188	-1
2752.9080	-1
2760.9971	-1
2769.0864	-1
2777.1758	-1
2785.2651	-1
2793.3545	-1
2801.4438	-1
2809.5332	-1
2817.6228	-1
2825.7124	-1
2833.8020	-1
2841.8916	-1
2849.9812	-1
2858.0708	-1
2866.1606	-1
2874.2505	-1
2882.3403	-1
2890.4302	-1
2898.5200	-1
2906.6099	-1
2914.6997	-1
2922.7896	-1
2930.8794	-1
2938.9692	-1
2947.0591	-1
2955.1489	-1
2963.2393	1
2971.3298	1
2979.4204	1
2987.5110	1
2995.6030	1
3003.6953	1
3011.7876	1
3019.8799	1
3027.9722	1
3036.0645	1
3044.1570	1
3052.2495	1
3060.3420	1
3068.4346	1
3076.5276	-1
3084.6206	-1
3092.7136	-1
3100.8066	-1
3108.8997	-1
3116.9927	-1
3125.0859	-1
3133.1792	-1
3141.2725	-1
3149.3657	-1
3157.4590	-1
3165.5522	-1
3173.6458	-1
3181.7393	-1
3189.8328	-1
3197.9263	-1
3206.0198	-1
3214.1133	-1
3222.2097	-1
3230.3062	-1
3238.4026	-1
3246.4990	-1
3254.5955	-1
3262.6919	-1
3270.7886	-1
3278.8853	-1
3286.9819	-1
3295.0786	-1
3303.1753	-1
3311.2720	-1
3319.3689	-1
3327.4658	-1
3335.5627	-1
3343.6597	-1
3351.7566	-1
3359.8535	-1
3367.9507	-1
3376.0479	-1
3384.1450	-1
3392.2422	-1
3400.3394	-1
3408.4365	-1
3416.5339	-1
3424.6313	-1
3432.7288	-1
3440.8262	-1
3448.9236	-1
3457.0210	-1
3465.1184	-1
3473.2158	-1
3481.3132	-1
3489.4106	-1
3497.5081	-1
3505.6055	-1
3513.7031	-1
3521.8008	-1
3529.8984	-1
3537.9961	-1
3546.0938	-1
3554.1914	-1
3562.2893	-1
3570.3872	-1
3578.4851	-1
3586.5830	-1
3594.6809	-1
3602.7788	-1
3610.8770	-1
3618.9751	-1
3627.0732	-1
3635.1714	-1
3643.2695	-1
3651.3677	-1
3659.4658	-1
3667.5640	-1
3675.6621	-1
3683.7603	-1
3691.8584	-1
3699.9565	-1
3708.0549	1
3716.1533	1
3724.2517	1
3732.3501	1
3740.4487	1
3748.5474	1
3756.6479	-1
3764.7485	-1
3772.8491	-1
3780.9497	-1
3789.0503	-1
3797.1509	-1
3805.2520	1
3813.3530	1
3821.4543	1
3829.5557	1
3837.6570	1
3845.7583	1
3853.8599	1
3861.9614	1
3870.0630	1
3878.1648	1
3886.2666	1
3894.3684	1
3902.4702	1
3910.5720	1
3918.6741	1
3926.7761	1
3934.8782	1
3942.9829	-1
3951.0876	-1
3959.1924	-1
3967.2971	-1
3975.4019	-1
3983.5066	-1
3991.6116	-1
3999.7166	-1
4007.8215	-1
4015.9265	-1
4024.0315	-1
4032.1365	-1
4040.2417	-1
4048.3469	-1
4056.4521	-1
4064.5574	-1
4072.6626	-1
4080.7678	-1
4088.8750	-1
4096.9819	-1
4105.0889	-1
4113.1958	-1
4121.3027	-1
4129.4097	-1
4137.5171	-1
4145.6245	-1
4153.7319	-1
4161.8394	-1
4169.9468	-1
4178.0542	-1
4186.1616	-1
4194.2690	-1
4202.3765	-1
4210.4839	-1
4218.5913	-1
4226.6987	-1
4234.8066	-1
4242.9146	-1
4251.0225	-1
4259.1304	-1
4267.2383	-1
4275.3462	-1
4283.4575	-1
4291.5688	-1
4299.6802	-1
4307.7915	-1
4315.9028	-1
4324.0142	-1
4332.1255	-1
4340.2368	-1
4348.3481	-1
4356.4595	-1
4364.5708	-1
4372.6821	-1
4380.7939	-1
4388.9058	-1
4397.0176	-1
4405.1294	-1
4413.2412	-1
4421.3530	-1
4429.4648	-1
4437.5767	-1
4445.6885	-1
4453.8003	-1
4461.9121	-1
4470.0239	-1
4478.1362	-1
4486.2485	-1
4494.3608	-1
4502.4731	-1
4510.5854	-1
4518.6978	-1
4526.8110	-1
4534.9243	-1
4543.0376	-1
4551.1509	-1
4559.2642	-1
4567.3774	-1
4575.4912	-1
4583.6050	-1
4591.7188	-1
4599.8325	-1
4607.9463	-1
4616.0601	-1
4624.1738	-1
4632.2876	-1
4640.4014	-1
4648.5151	-1
4656.6289	-1
4664.7427	-1
4672.8564	-1
4680.9702	-1
4689.0840	-1
4697.1978	-1
4705.3115	-1
4713.4253	-1
4721.5396	-1
4729.6538	-1
4737.7681	-1
4745.8823	-1
4753.9966	-1
4762.1108	-1
4770.2256	-1
4778.3403	-1
4786.4551	-1
4794.5698	-1
4802.6846	-1
4810.7993	-1
4818.9146	-1
4827.0298	-1
4835.1450	-1
4843.2603	-1
4851.3755	-1
4859.4907	-1
4867.6060	-1
4875.7212	-1
4883.8364	-1
4891.9517	-1
4900.0669	-1
4908.1821	-1
4916.2979	-1
4924.4136	-1
4932.5293	-1
4940.6450	-1
4948.7607	-1
4956.8765	-1
4964.9922	-1
4973.1079	-1
4981.2236	-1
4989.3394	-1
4997.4551	-1
5005.5708	-1
5013.6865	-1
5021.8022	-1
5029.9180	-1
5038.0337	-1
5046.1494	-1
5054.2651	-1
5062.3833	-1
5070.5015	-1
5078.6196	-1
5086.7378	-1
5094.8560	-1
5102.9741	-1
5111.0923	-1
5119.2104	-1
5127.3286	-1
5135.4468	-1
5143.5654	-1
5151.6841	-1
5159.8027	-1
5167.9214	-1
5176.0400	-1
5184.1587	-1
5192.2773	-1
5200.3960	-1
5208.5146	-1
5216.6333	-1
5224.7520	-1
5232.8706	-1
5240.9893	-1
5249.1079	-1
5257.2266	-1
5265.3452	-1
5273.4639	-1
5281.5825	-1
5289.7012	-1
5297.8198	-1
5305.9390	-1
5314.0581	-1
5322.1772	-1
5330.2964	-1
5338.4155	-1
5346.5347	-1
5354.6538	-1
5362.7729	-1
5370.8921	-1
5379.0112	-1
5387.1304	-1
5395.2495	-1
5403.3687	-1
5411.4878	-1
5419.6069	-1
5427.7261	-1
5435.8452	-1
5443.9644	-1
5452.0835	-1
5460.2026	-1
5468.3218	-1
5476.4409	-1
5484.5601	-1
5492.6792	-1
5500.8008	-1
5508.9224	-1
5517.0439	-1
5525.1655	-1
5533.2871	-1
5541.4087	-1
5549.5303	-1
5557.6519	-1
5565.7734	-1
5573.8950	-1
5582.0166	-1
5590.1382	-1
5598.2603	-1
5606.3823	-1
5614.5044	-1
5622.6265	-1
5630.7485	-1
5638.8706	-1
5646.9927	-1
5655.1147	-1
5663.2368	-1
5671.3589	-1
5679.4810	-1
5687.6030	-1
5695.7251	-1
5703.8472	-1
5711.9692	-1
5720.0913	-1
5728.2134	-1
5736.3354	-1
5744.4580	-1
5752.5806	-1
5760.7031	-1
5768.8257	-1
5776.9482	-1
5785.0708	-1
5793.1934	-1
5801.3159	-1
5809.4385	-1
5817.5610	-1
5825.6978	1
5833.8359	-1
5841.9746	1
5850.1133	1
5858.2534	-1
5866.3936	-1
5874.5337	-1
5882.6738	-1
5890.8140	-1
5898.9541	-1
5907.0942	-1
5915.2344	-1
5923.3745	-1
5931.5146	-1
5939.6548	-1
5947.7949	-1
5955.9355	1
5964.0762	1
5972.2168	1
5980.3574	1
5988.4995	-1
5996.6416	-1
6004.7837	-1
6012.9258	-1
6021.0679	-1
6029.2100	-1
6037.3525	-1
6045.4951	-1
6053.6377	-1
6061.7803	-1
6069.9229	-1
6078.0654	-1
6086.2080	-1
6094.3506	-1
6102.4932	-1
6110.6357	-1
6118.7783	-1
6126.9209	-1
6135.0635	-1
6143.2061	-1
6151.3486	-1
6159.4912	-1
6167.6338	-1
6175.7764	-1
6183.9194	1
6192.0625	1
6200.2056	1
6208.3486	1
6216.4917	1
6224.6348	1
6232.7783	1
6240.9219	1
6249.0664	-1
6257.2109	-1
6265.3555	-1
6273.5000	-1
6281.6445	-1
6289.7891	-1
6297.9351	1
6306.0811	1
6314.2271	-1
6322.3730	-1
6330.5190	-1
6338.6650	-1
6346.8110	-1
6354.9570	-1
6363.1040	1
6371.2510	1
6379.3979	-1
6387.5449	-1
6395.6919	-1
6403.8389	-1
6411.9858	-1
6420.1328	-1
6428.2798	-1
6436.4268	-1
6444.5737	-1
6452.7207	-1
6460.8677	-1
6469.0146	-1
6477.1621	-1
6485.3096	-1
6493.4570	-1
6501.6045	-1
6509.7520	-1
6517.8994	-1
6526.0469	-1
6534.1943	-1
6542.3418	-1
6550.4893	-1
6558.6367	-1
6566.7842	-1
6574.9316	-1
6583.0791	-1
6591.2266	-1
6599.3740	-1
6607.5215	-1
6615.6689	-1
6623.8169	-1
6631.9648	-1
6640.1128	-1
6648.2607	-1
6656.4087	-1
6664.5566	-1
6672.7051	1
6680.8540	1
6689.0029	1
6697.1519	1
6705.3013	1
6713.4507	1
6721.6006	1
6729.7505	1
6737.9004	1
6746.0503	1
6754.2002	1
6762.3501	1
6770.5005	-1
6778.6509	-1
6786.8013	-1
6794.9517	-1
6803.1021	-1
6811.2524	-1
6819.4028	-1
6827.5532	-1
6835.7036	-1
6843.8540	-1
6852.0044	-1
6860.1548	-1
6868.3071	-1
6876.4595	-1
6884.6118	-1
6892.7642	-1
6900.9165	-1
6909.0688	-1
6917.2212	-1
6925.3735	-1
6933.5259	-1
6941.6782	-1
6949.8306	-1
6957.9829	-1
6966.1353	-1
6974.2876	-1
6982.4399	-1
6990.5923	-1
6998.7446	-1
7006.8970	-1
7015.0498	-1
7023.2026	-1
7031.3555	-1
7039.5083	-1
7047.6611	-1
7055.8140	-1
7063.9668	1
7072.1196	1
7080.2729	1
7088.4263	1
7096.5796	1
7104.7329	1
7112.8862	1
7121.0400	1
7129.1938	1
7137.3477	1
7145.5015	1
7153.6553	1
7161.8101	-1
7169.9648	-1
7178.1196	-1
7186.2744	-1
7194.4292	-1
7202.5840	-1
7210.7388	-1
7218.8936	-1
7227.0483	-1
7235.2031	-1
7243.3579	-1
7251.5127	-1
7259.6689	1
7267.8252	1
7275.9814	1
7284.1387	-1
7292.2959	-1
7300.4531	-1
7308.6104	-1
7316.7676	-1
7324.9248	-1
7333.0845	-1
7341.2441	-1
7349.4038	-1
7357.5635	-1
7365.7231	-1
7373.8828	-1
7382.0430	-1
7390.2031	-1
7398.3633	-1
7406.5234	-1
7414.6836	-1
7422.8438	-1
7431.0039	-1
7439.1641	-1
7447.3242	-1
7455.4844	-1
7463.6445	-1
7471.8047	-1
7479.9648	-1
7488.1250	-1
7496.2852	-1
7504.4453	-1
7512.6055	-1
7520.7656	-1
7528.9263	-1
7537.0869	-1
7545.2476	-1
7553.4082	-1
7561.5688	-1
7569.7295	-1
7577.8901	-1
7586.0508	-1
7594.2114	-1
7602.3721	-1
7610.5327	-1
7618.6934	-1
7626.8540	-1
7635.0146	-1
7643.1753	-1
7651.3359	-1
7659.4966	-1
7667.6572	-1
7675.8179	-1
7683.9785	-1
7692.1392	-1
7700.2998	-1
7708.4604	-1
7716.6211	-1
7724.7827	-1
7732.9443	-1
7741.1060	-1
7749.2676	-1
7757.4292	-1
7765.5908	-1
7773.7529	-1
7781.9150	-1
7790.0771	-1
7798.2393	-1
7806.4014	-1
7814.5635	-1
7822.7271	-1
7830.8906	-1
7839.0542	-1
7847.2178	-1
7855.3813	-1
7863.5449	-1
7871.7085	-1
7879.8721	-1
7888.0356	-1
7896.1992	-1
7904.3628	-1
7912.5264	-1
7920.6899	-1
7928.8535	-1
7937.0171	-1
7945.1807	-1
7953.3442	-1
7961.5078	-1
7969.6729	-1
7977.8379	-1
7986.0029	-1
7994.1680	-1
8002.3330	-1
8010.4980	-1
8018.6631	-1
8026.8281	-1
8034.9932	-1
8043.1582	-1
8051.3232	-1
8059.4883	-1
8067.6538	-1
8075.8193	-1
8083.9849	-1
8092.1504	-1
8100.3159	-1
8108.4814	-1
8116.6475	-1
8124.8135	-1
8132.9795	-1
8141.1455	-1
8149.3115	-1
8157.4775	-1
8165.6436	-1
8173.8096	-1
8181.9756	-1
8190.1416	-1
8198.3076	-1
8206.4736	-1
8214.6396	-1
8222.8057	-1
8230.9717	-1
8239.1377	-1
8247.3037	-1
8255.4697	-1
8263.6357	-1
8271.8018	-1
8279.9678	-1
8288.1338	-1
8296.2998	-1
8304.4658	-1
8312.6328	-1
8320.7998	-1
8328.9668	-1
8337.1338	-1
8345.3008	-1
8353.4678	-1
8361.6348	-1
8369.8018	-1
8377.9688	-1
8386.1357	-1
8394.3184	1
8402.5029	-1
8410.6875	1
8418.8721	1
8427.0576	-1
8435.2432	-1
8443.4287	-1
8451.6143	-1
8459.7998	-1
8467.9863	-1
8476.1729	-1
8484.3594	-1
8492.5615	1
8500.7646	-1
8508.9688	1
8517.1729	1
8525.3770	-1
8533.5811	-1
8541.7852	-1
8549.9893	-1
8558.1934	-1
8566.3975	-1
8574.6025	-1
8582.8076	-1
8591.0127	-1
8599.2178	-1
8607.4229	-1
8615.6279	-1
8623.8330	1
8632.0391	-1
8640.2451	-1
8648.4512	-1
8656.6572	-1
8664.8633	-1
8673.0693	-1
8681.2881	1
8689.5078	-1
8697.7285	1
8705.9492	1
8714.1719	-1
8722.3945	-1
8730.6172	-1
8738.8398	-1
8747.0625	-1
8755.2852	-1
8763.5078	-1
8771.7305	-1
8779.9531	-1
8788.1758	-1
8796.3984	-1
8804.6348	1
8812.8721	-1
8821.1094	1
8829.3467	1
8837.5859	-1
8845.8252	-1
8854.0645	-1
8862.3037	-1
8870.5430	-1
8878.7822	-1
8887.0215	-1
8895.2607	-1
8903.5000	-1
8911.7393	-1
8919.9785	-1
8928.2178	-1
8936.4580	1
8944.6982	1
8952.9385	1
8961.1787	1
8969.4209	-1
8977.6631	-1
8985.9053	-1
8994.1475	-1
9002.3896	-1
9010.6318	-1
9018.8740	-1
9027.1162	-1
9035.3584	-1
9043.6006	-1
9051.8428	-1
9060.0850	-1
9068.3271	-1
9076.5693	-1
9084.8115	-1
9093.0537	-1
9101.2959	-1
9109.5381	-1
9117.7803	-1
9126.0225	-1
9134.2646	-1
9142.5068	-1
9150.7490	-1
9158.9912	-1
9167.2344	1
9175.4775	1
9183.7207	1
9191.9639	1
9200.2070	1
9208.4502	1
9216.6934	1
9224.9365	1
9233.1807	-1
9241.4248	-1
9249.6689	-1
9257.9131	-1
9266.1572	-1
9274.4014	-1
9282.6465	1
9290.8916	1
9299.1387	-1
9307.3857	-1
9315.6328	-1
9323.8799	-1
9332.1270	-1
9340.3740	-1
9348.6221	-1
9356.8701	-1
9365.1182	-1
9373.3662	-1
9381.6143	-1
9389.8623	-1
9398.1104	-1
9406.3584	-1
9414.6064	-1
9422.8545	-1
9431.1025	-1
9439.3506	-1
9447.5986	-1
9455.8467	-1
9464.0947	-1
9472.3428	-1
9480.5908	-1
9488.8389	-1
9497.0869	-1
9505.3350	-1
9513.5830	-1
9521.8311	-1
9530.0791	-1
9538.3271	-1
9546.5752	-1
9554.8232	-1
9563.0713	-1
9571.3193	-1
9579.5674	-1
9587.8154	-1
9596.0635	-1
9604.3115	-1
9612.5596	-1
9620.8076	-1
9629.0557	-1
9637.3037	-1
9645.5518	1
9653.8008	1
9662.0498	-1
9670.2988	-1
9678.5479	-1
9686.7969	-1
9695.0459	-1
9703.2949	-1
9711.5439	-1
9719.7930	-1
9728.0420	-1
9736.2910	-1
9744.5400	-1
9752.7891	-1
9761.0381	1
9769.2871	1
9777.5361	1
9785.7861	1
9794.0361	1
9802.2861	1
9810.5361	1
9818.7861	1
9827.0361	1
9835.2861	1
9843.5361	1
9851.7861	1
9860.0361	1
9868.2861	1
9876.5361	1
9884.7861	1
9893.0381	-1
9901.2900	-1
9909.5420	-1
9917.7939	-1
9926.0459	-1
9934.2979	-1
9942.5498	-1
9950.8018	-1
9959.0537	-1
9967.3057	-1
9975.5576	-1
9983.8096	-1
9992.0645	-1
10000.3193	-1
10008.5742	-1
10016.8291	-1
10025.0840	-1
10033.3389	-1
10041.5938	-1
10049.8486	-1
10058.1035	-1
10066.3584	-1
10074.6133	-1
10082.8682	-1
10091.1230	-1
10099.3779	-1
10107.6328	-1
10115.8877	-1
10124.1426	-1
10132.3975	-1
10140.6523	-1
10148.9072	-1
10157.1621	-1
10165.4170	-1
10173.6719	-1
10181.9268	-1
10190.1836	-1
10198.4414	-1
10206.6992	-1
10214.9570	-1
10223.2148	-1
10231.4727	-1
10239.7305	-1
10247.9883	-1
10256.2461	-1
10264.5039	-1
10272.7617	-1
10281.0195	-1
10289.2773	-1
10297.5352	-1
10305.7930	-1
10314.0508	-1
10322.3086	-1
10330.5664	-1
10338.8252	-1
10347.0840	-1
10355.3428	-1
10363.6016	-1
10371.8604	-1
10380.1191	-1
10388.3779	-1
10396.6367	-1
10404.8955	-1
10413.1543	-1
10421.4131	-1
10429.6719	-1
10437.9307	-1
10446.1895	-1
10454.4482	-1
10462.7070	-1
10470.9658	-1
10479.2246	-1
10487.4844	-1
10495.7441	-1
10504.0039	-1
10512.2637	-1
10520.5234	-1
10528.7832	-1
10537.0439	-1
10545.3047	-1
10553.5654	-1
10561.8262	-1
10570.0869	-1
10578.3477	-1
10586.6084	-1
10594.8691	-1
10603.1299	-1
10611.3906	-1
10619.6514	-1
10627.9121	-1
10636.1729	-1
10644.4336	-1
10652.6943	-1
10660.9551	-1
10669.2158	-1
10677.4766	-1
10685.7373	-1
10693.9980	-1
10702.2588	-1
10710.5195	-1
10718.7803	-1
10727.0410	-1
10735.3027	-1
10743.5645	-1
10751.8398	1
10760.1172	-1
10768.3945	1
10776.6719	1
10784.9512	-1
10793.2305	-1
10801.5098	-1
10809.8047	1
10818.1025	-1
10826.4033	1
10834.7051	1
10843.0088	-1
10851.3125	-1
10859.6162	-1
10867.9199	-1
10876.2236	-1
10884.5400	1
10892.8594	-1
10901.1787	1
10909.4980	1
10917.8184	-1
10926.1387	-1
10934.4590	-1
10942.7793	-1
10951.0996	-1
10959.4199	-1
10967.7412	-1
10976.0625	-1
10984.3838	-1
10992.7051	-1
11001.0264	-1
11009.3477	-1
11017.6689	1
11025.9902	1
11034.3125	-1
11042.6348	-1
11050.9570	-1
11059.2793	-1
11067.6016	-1
11075.9238	-1
11084.2461	-1
11092.5684	-1
11100.9053	1
11109.2441	-1
11117.5830	1
11125.9219	1
11134.2627	-1
11142.6035	-1
11150.9443	-1
11159.2852	-1
11167.6260	-1
11175.9668	-1
11184.3076	-1
11192.6484	-1
11200.9893	-1
11209.3301	-1
11217.6709	-1
11226.0117	-1
11234.3525	1
11242.6934	1
11251.0352	1
11259.3770	1
11267.7197	-1
11276.0625	-1
11284.4053	-1
11292.7480	-1
11301.0908	-1
11309.4336	-1
11317.7764	-1
11326.1191	-1
11334.4619	-1
11342.8047	-1
11351.1475	-1
11359.4902	-1
11367.8340	-1
11376.1777	-1
11384.5215	-1
11392.8652	-1
11401.2090	-1
11409.5527	-1
11417.8965	1
11426.2402	1
11434.5840	1
11442.9277	1
11451.2715	1
11459.6152	1
11467.9590	-1
11476.3027	-1
11484.6465	-1
11492.9902	-1
11501.3340	-1
11509.6777	-1
11518.0264	1
11526.3750	1
11534.7266	-1
11543.0781	-1
11551.4297	-1
11559.7812	-1
11568.1328	-1
11576.4844	-1
11584.8359	-1
11593.1875	-1
11601.5391	-1
11609.8906	-1
11618.2422	-1
11626.5938	-1
11634.9453	-1
11643.2969	-1
11651.6484	-1
11660.0000	-1
11668.3516	-1
11676.7031	-1
11685.0547	-1
11693.4062	-1
11701.7578	-1
11710.1094	-1
11718.4609	-1
11726.8125	-1
11735.1650	-1
11743.5176	-1
11751.8701	-1
11760.2227	-1
11768.5752	-1
11776.9277	-1
11785.2803	-1
11793.6328	-1
11801.9854	-1
11810.3379	-1
11818.6904	-1
11827.0430	-1
11835.3965	1
11843.7500	1
11852.1035	1
11860.4570	1
11868.8105	1
11877.1641	1
11885.5176	1
11893.8711	1
11902.2246	1
11910.5781	1
11918.9336	-1
11927.2891	-1
11935.6445	-1
11944.0000	-1
11952.3555	-1
11960.7109	-1
11969.0664	-1
11977.4219	-1
11985.7773	-1
11994.1328	-1
12002.4883	-1
12010.8438	-1
12019.2012	-1
12027.5586	-1
12035.9160	-1
12044.2734	-1
12052.6309	-1
12060.9883	-1
12069.3467	-1
12077.7051	-1
12086.0635	-1
12094.4219	-1
12102.7803	-1
12111.1387	-1
12119.4971	-1
12127.8555	-1
12136.2139	-1
12144.5723	-1
12152.9307	-1
12161.2891	-1
12169.6484	-1
12178.0078	-1
12186.3672	-1
12194.7266	-1
12203.0859	-1
12211.4453	-1
12219.8047	-1
12228.1641	-1
12236.5234	-1
12244.8828	-1
12253.2422	-1
12261.6016	-1
12269.9619	-1
12278.3223	-1
12286.6826	-1
12295.0430	-1
12303.4033	-1
12311.7637	-1
12320.1250	-1
12328.4863	-1
12336.8477	-1
12345.2090	-1
12353.5703	-1
12361.9316	-1
12370.2930	-1
12378.6543	-1
12387.0156	-1
12395.3770	-1
12403.7383	-1
12412.0996	-1
12420.4609	-1
12428.8223	-1
12437.1836	-1
12445.5449	-1
12453.9062	-1
12462.2676	-1
12470.6289	-1
12478.9902	-1
12487.3516	-1
12495.7266	1
12504.1025	-1
12512.4795	1
12520.8564	1
12529.2344	-1
12537.6123	-1
12545.9902	-1
12554.3682	-1
12562.7461	-1
12571.1240	-1
12579.5020	-1
12587.8799	-1
12596.2715	1
12604.6650	-1
12613.0596	1
12621.4541	1
12629.8496	-1
12638.2451	-1
12646.6406	-1
12655.0361	-1
12663.4316	-1
12671.8271	-1
12680.2236	-1
12688.6338	1
12697.0459	-1
12705.4580	1
12713.8701	1
12722.2832	-1
12730.6963	-1
12739.1094	-1
12747.5225	-1
12755.9365	-1
12764.3633	1
12772.7920	-1
12781.2207	1
12789.6494	1
12798.0791	-1
12806.5088	-1
12814.9385	-1
12823.3682	-1
12831.7988	-1
12840.2295	-1
12848.6602	-1
12857.0908	-1
12865.5215	-1
12873.9521	-1
12882.3828	-1
12890.8135	-1
12899.2441	1
12907.6748	1
12916.1055	1
12924.5361	1
12932.9697	-1
12941.4033	-1
12949.8369	-1
12958.2705	-1
12966.7041	-1
12975.1377	-1
12983.5713	-1
12992.0049	-1
13000.4385	-1
13008.8721	-1
13017.3057	-1
13025.7393	-1
13034.1729	-1
13042.6064	-1
13051.0400	-1
13059.4736	-1
13067.9072	-1
13076.3408	-1
13084.7744	-1
13093.2080	-1
13101.6416	-1
13110.0752	-1
13118.5088	-1
13126.9424	-1
13135.3770	1
13143.8115	1
13152.2461	1
13160.6807	1
13169.1152	1
13177.5498	1
13185.9844	1
13194.4189	1
13202.8584	-1
13211.2979	-1
13219.7373	-1
13228.1768	-1
13236.6162	-1
13245.0557	-1
13253.4951	-1
13261.9346	-1
13270.3740	-1
13278.8135	-1
13287.2529	-1
13295.6924	-1
13304.1318	-1
13312.5713	-1
13321.0107	-1
13329.4502	-1
13337.8896	-1
13346.3291	-1
13354.7686	-1
13363.2080	-1
13371.6475	-1
13380.0869	-1
13388.5264	-1
13396.9658	-1
13405.4053	-1
13413.8447	-1
13422.2842	-1
13430.7236	-1
13439.1631	-1
13447.6025	-1
13456.0420	-1
13464.4814	-1
13472.9209	-1
13481.3604	-1
13489.7998	-1
13498.2393	-1
13506.6797	-1
13515.1201	-1
13523.5605	-1
13532.0010	-1
13540.4414	-1
13548.8818	-1
13557.3223	-1
13565.7627	-1
13574.2031	-1
13582.6436	-1
13591.0840	-1
13599.5244	-1
13607.9658	1
13616.4072	1
13624.8486	1
13633.2900	1
13641.7314	1
13650.1729	1
13658.6143	1
13667.0586	-1
13675.5029	-1
13683.9473	-1
13692.3916	-1
13700.8359	-1
13709.2803	-1
13717.7246	-1
13726.1689	-1
13734.6133	-1
13743.0576	-1
13751.5020	-1
13759.9463	-1
13768.3906	-1
13776.8350	-1
13785.2793	-1
13793.7236	-1
13802.1680	-1
13810.6123	-1
13819.0586	-1
13827.5049	-1
13835.9512	-1
13844.3975	-1
13852.8438	-1
13861.2900	-1
13869.7373	-1
13878.1846	-1
13886.6318	-1
13895.0791	-1
13903.5264	-1
13911.9736	-1
13920.4209	-1
13928.8682	-1
13937.3154	-1
13945.7627	-1
13954.2100	-1
13962.6572	-1
13971.1045	-1
13979.5518	-1
13987.9990	-1
13996.4463	-1
14004.8936	-1
14013.3555	1
14021.8203	-1
14030.2871	1
14038.7539	1
14047.2217	-1
14055.6895	-1
14064.1572	-1
14072.6250	-1
14081.0928	-1
14089.5605	-1
14098.0283	-1
14106.4961	-1
14114.9639	-1
14123.4316	-1
14131.8994	-1
14140.3672	-1
14148.8350	1
14157.3027	1
14165.7705	1
14174.2393	1
14182.7090	-1
14191.1787	-1
14199.6484	-1
14208.1182	-1
14216.5879	-1
14225.0576	-1
14233.5273	-1
14241.9971	-1
14250.4668	-1
14258.9365	-1
14267.4062	-1
14275.8760	-1
14284.3457	-1
14292.8154	-1
14301.2852	-1
14309.7549	-1
14318.2246	-1
14326.6943	-1
14335.1641	-1
14343.6338	-1
14352.1035	-1
14360.5732	-1
14369.0430	-1
14377.5127	-1
14385.9824	1
14394.4531	1
14402.9238	1
14411.3945	1
14419.8652	1
14428.3359	1
14436.8066	1
14445.2773	1
14453.7490	-1
14462.2207	-1
14470.6924	-1
14479.1641	-1
14487.6357	-1
14496.1074	-1
14504.5791	1
14513.0508	1
14521.5244	-1
14529.9980	-1
14538.4717	-1
14546.9453	-1
14555.4189	-1
14563.8926	-1
14572.3662	-1
14580.8398	-1
14589.3135	-1
14597.7871	-1
14606.2607	-1
14614.7344	-1
14623.2090	-1
14631.6836	-1
14640.1582	-1
14648.6328	-1
14657.1074	-1
14665.5820	-1
14674.0566	-1
14682.5312	-1
14691.0059	-1
14699.4805	-1
14707.9551	-1
14716.4297	-1
14724.9043	-1
14733.3789	-1
14741.8535	-1
14750.3281	-1
14758.8027	-1
14767.2773	-1
14775.7520	-1
14784.2266	-1
14792.7012	-1
14801.1758	-1
14809.6504	-1
14818.1250	-1
14826.6006	-1
14835.0762	-1
14843.5518	-1
14852.0273	-1
14860.5029	1
14868.9785	-1
14877.4541	-1
14885.9297	1
14894.4053	1
14902.8809	1
14911.3574	-1
14919.8340	-1
14928.3105	-1
14936.7871	-1
14945.2637	-1
14953.7402	-1
14962.2168	-1
14970.6934	-1
14979.1699	-1
14987.6465	-1
14996.1230	-1
15004.5996	-1
15013.0762	1
15021.5537	1
15030.0312	1
15038.5117	-1
15046.9922	-1
15055.4727	-1
15063.9531	-1
15072.4336	-1
15080.9141	-1
15089.3945	-1
15097.8750	-1
15106.3555	-1
15114.8359	-1
15123.3164	-1
15131.7969	-1
15140.2783	-1
15148.7598	-1
15157.2412	-1
15165.7227	-1
15174.2041	-1
15182.6855	-1
15191.1670	-1
15199.6484	-1
15208.1299	-1
15216.6113	-1
15225.0928	-1
15233.5742	-1
15242.0557	-1
15250.5371	-1
15259.0186	-1
15267.5000	-1
15275.9814	-1
15284.4629	-1
15292.9443	-1
15301.4258	-1
15309.9072	-1
15318.3887	-1
15326.8701	-1
15335.3516	-1
15343.8330	-1
15352.3145	-1
15360.7959	-1
15369.2773	-1
15377.7744	1
15386.2734	-1
15394.7725	1
15403.2715	1
15411.7725	-1
15420.2734	-1
15428.7744	-1
15437.2754	-1
15445.7764	-1
15454.2773	-1
15462.7783	-1
15471.2793	-1
15479.7803	-1
15488.2812	-1
15496.7822	-1
15505.2832	-1
15513.7842	1
15522.2852	1
15530.7861	1
15539.2871	1
15547.7900	-1
15556.2930	-1
15564.7959	-1
15573.2988	-1
15581.8018	-1
15590.3047	-1
15598.8076	-1
15607.3105	-1
15615.8135	-1
15624.3164	-1
15632.8193	-1
15641.3223	-1
15649.8262	1
15658.3301	1
15666.8340	1
15675.3379	1
15683.8418	-1
15692.3457	-1
15700.8496	-1
15709.3535	-1
15717.8574	-1
15726.3613	-1
15734.8652	-1
15743.3691	-1
15751.8730	-1
15760.3770	-1
15768.8809	-1
15777.3848	-1
15785.8896	1
15794.3945	1
15802.9004	1
15811.4062	1
15819.9121	-1
15828.4180	-1
15836.9238	-1
15845.4297	-1
15853.9355	-1
15862.4414	-1
15870.9482	-1
15879.4551	-1
15887.9619	-1
15896.4688	-1
15904.9756	-1
15913.4824	-1
15921.9893	-1
15930.4961	-1
15939.0029	-1
15947.5098	-1
15956.0166	-1
15964.5234	-1
15973.0303	1
15981.5371	1
15990.0439	-1
15998.5508	-1
16007.0576	-1
16015.5645	-1
16024.0713	-1
16032.5781	-1
16041.0859	-1
16049.5938	-1
16058.1016	-1
16066.6094	-1
16075.1172	-1
16083.6250	-1
16092.1338	1
16100.6426	1
16109.1514	1
16117.6602	1
16126.1689	-1
16134.6777	-1
16143.1865	-1
16151.6953	-1
16160.2041	-1
16168.7129	-1
16177.2227	-1
16185.7324	-1
16194.2422	-1
16202.7520	-1
16211.2617	-1
16219.7715	-1
16228.2812	-1
16236.7910	-1
16245.3008	-1
16253.8105	-1
16262.3203	-1
16270.8301	-1
16279.3398	-1
16287.8496	-1
16296.3594	-1
16304.8691	-1
16313.3789	-1
16321.8887	-1
16330.3994	1
16338.9102	1
16347.4209	1
16355.9316	1
16364.4424	1
16372.9541	1
16381.4658	1
16389.9766	1
16398.4883	1
16407.0000	1
16415.5117	1
16424.0234	1
16432.5371	-1
16441.0508	-1
16449.5645	-1
16458.0781	-1
16466.5918	-1
16475.1055	-1
16483.6191	-1
16492.1328	-1
16500.6465	-1
16509.1602	-1
16517.6738	-1
16526.1875	-1
16534.7012	-1
16543.2148	-1
16551.7285	-1
16560.2422	-1
16568.7559	-1
16577.2695	-1
16585.7832	-1
16594.2969	-1
16602.8105	-1
16611.3242	-1
16619.8379	-1
16628.3516	-1
16636.8652	-1
16645.3789	-1
16653.8926	-1
16662.4062	-1
16670.9199	-1
16679.4336	-1
16687.9492	1
16696.4648	1
16704.9805	1
16713.4961	1
16722.0117	1
16730.5273	1
16739.0430	1
16747.5586	1
16756.0742	1
16764.5898	1
16773.1055	-1
16781.6250	-1
16790.1445	-1
16798.6641	-1
16807.1836	-1
16815.7031	-1
16824.2227	-1
16832.7422	-1
16841.2617	-1
16849.7812	-1
16858.3008	-1
16866.8203	-1
16875.3398	-1
16883.8594	-1
16892.3789	-1
16900.8984	-1
16909.4180	-1
16917.9375	-1
16926.4570	-1
16934.9766	-1
16943.4961	-1
16952.0156	-1
16960.5352	-1
16969.0547	-1
16977.5742	-1
16986.0938	-1
16994.6133	-1
17003.1328	-1
17011.6523	-1
17020.1719	-1
17028.6914	-1
17037.2109	-1
17045.7305	-1
17054.2500	-1
17062.7695	-1
17071.2891	-1
17079.8086	-1
17088.3281	-1
17096.8477	-1
17105.3672	-1
17113.8867	-1
17122.4062	-1
17130.9258	-1
17139.4473	-1
17147.9688	-1
17156.4902	-1
17165.0117	-1
17173.5332	-1
17182.0547	-1
17190.5762	-1
17199.0977	-1
17207.6191	-1
17216.1406	-1
17224.6621	-1
17233.1836	-1
17241.7070	-1
17250.2305	-1
17258.7539	-1
17267.2773	-1
17275.8008	-1
17284.3242	-1
17292.8477	-1
17301.3711	-1
17309.8945	-1
17318.4180	-1
17326.9414	-1
17335.4648	-1
17343.9883	-1
17352.5117	-1
17361.0352	-1
17369.5586	-1
17378.0820	-1
17386.6055	-1
17395.1289	1
17403.6523	1
17412.1758	1
17420.6992	1
17429.2227	1
17437.7461	1
17446.2695	1
17454.7930	1
17463.3164	1
17471.8398	1
17480.3633	1
17488.8867	1
17497.4102	1
17505.9336	1
17514.4590	1
17522.9844	1
17531.5098	1
17540.0352	1
17548.5605	-1
17557.0859	-1
17565.6113	-1
17574.1367	-1
17582.6621	-1
17591.1875	-1
17599.7129	-1
17608.2383	-1
17616.7637	-1
17625.2891	-1
17633.8145	-1
17642.3398	-1
17650.8652	-1
17659.3906	-1
17667.9160	-1
17676.4414	-1
17684.9668	-1
17693.4922	-1
17702.0176	-1
17710.5430	-1
17719.0684	-1
17727.5938	-1
17736.1191	-1
17744.6445	-1
17753.1699	-1
17761.6953	-1
17770.2207	-1
17778.7461	-1
17787.2715	-1
17795.7969	-1
17804.3223	-1
17812.8477	-1
17821.3730	-1
17829.8984	-1
17838.4238	-1
17846.9492	-1
17855.4746	-1
17864.0000	-1
17872.5254	-1
17881.0508	-1
17889.5762	-1
17898.1016	-1
17906.6289	-1
17915.1562	-1
17923.6836	-1
17932.2109	-1
17940.7383	-1
17949.2656	-1
17957.7930	-1
17966.3203	-1
17974.8477	-1
17983.3750	-1
17991.9023	-1
18000.4297	-1
18008.9570	1
18017.4863	1
18026.0156	1
18034.5449	1
18043.0742	1
18051.6035	1
18060.1328	1
18068.6621	1
18077.1914	1
18085.7207	1
18094.2500	1
18102.7793	1
18111.3086	1
18119.8398	1
18128.3711	1
18136.9023	1
18145.4336	1
18153.9648	1
18162.4961	1
18171.0273	1
18179.5586	1
18188.0898	1
18196.6211	1
18205.1523	1
18213.6836	-1
18222.2148	-1
18230.7461	-1
18239.2773	-1
18247.8086	-1
18256.3398	-1
18264.8711	-1
18273.4023	-1
18281.9336	-1
18290.4648	-1
18298.9961	-1
18307.5273	-1
18316.0586	-1
18324.5898	-1
18333.1211	-1
18341.6523	-1
18350.1836	-1
18358.7148	-1
18367.2480	-1
18375.7812	-1
18384.3145	-1
18392.8477	-1
18401.3809	-1
18409.9141	-1
18418.4473	-1
18426.9805	-1
18435.5137	-1
18444.0469	-1
18452.5801	-1
18461.1133	-1
18469.6504	-1
18478.1875	-1
18486.7246	-1
18495.2617	-1
18503.7988	-1
18512.3359	-1
18520.8730	-1
18529.4102	-1
18537.9473	-1
18546.4844	-1
18555.0215	-1
18563.5586	-1
18572.0957	-1
18580.6328	-1
18589.1699	-1
18597.7070	-1
18606.2441	-1
18614.7812	-1
18623.3184	-1
18631.8555	-1
18640.3926	-1
18648.9297	-1
18657.4668	-1
18666.0039	-1
18674.5410	-1
18683.0781	-1
18691.6152	-1
18700.1523	-1
18708.6895	-1
18717.2266	-1
18725.7637	-1
18734.3008	-1
18742.8379	-1
18751.3750	-1
18759.9121	-1
18768.4492	-1
18776.9863	-1
18785.5234	-1
18794.0605	-1
18802.5977	-1
18811.1348	-1
18819.6719	-1
18828.2090	-1
18836.7461	-1
18845.2832	-1
18853.8203	-1
18862.3574	-1
18870.8945	-1
18879.4316	-1
18887.9688	-1
18896.5059	-1
18905.0430	-1
18913.5801	-1
18922.1172	-1
18930.6543	-1
18939.1914	-1
18947.7285	-1
18956.2656	-1
18964.8027	-1
18973.3398	-1
18981.8770	-1
18990.4141	-1
18998.9512	-1
19007.4883	-1
19016.0254	-1
19024.5625	-1
19033.1016	1
19041.6406	1
19050.1797	1
19058.7188	1
19067.2578	1
19075.7969	1
19084.3359	1
19092.8750	1
19101.4141	1
19109.9531	1
19118.4961	-1
19127.0391	-1
19135.5820	-1
19144.1250	-1
19152.6680	-1
19161.2109	-1
19169.7539	-1
19178.2969	-1
19186.8398	-1
19195.3828	-1
19203.9258	-1
19212.4688	-1
19221.0117	-1
19229.5547	-1
19238.0977	-1
19246.6406	-1
19255.1836	-1
19263.7266	-1
19272.2715	1
19280.8164	1
19289.3613	1
19297.9062	1
19306.4512	1
19314.9961	1
19323.5410	1
19332.0859	1
19340.6309	1
19349.1758	1
19357.7207	1
19366.2656	1
19374.8105	1
19383.3555	1
19391.9004	1
19400.4453	1
19408.9902	1
19417.5352	-1
19426.0801	-1
19434.6250	-1
19443.1699	-1
19451.7148	-1
19460.2598	-1
19468.8066	-1
19477.3535	-1
19485.9004	-1
19494.4473	-1
19502.9941	-1
19511.5410	-1
19520.0879	-1
19528.6348	-1
19537.1816	-1
19545.7285	-1
19554.2754	-1
19562.8223	-1
19571.3691	-1
19579.9160	-1
19588.4629	-1
19597.0098	-1
19605.5566	-1
19614.1035	-1
19622.6504	-1
19631.1973	-1
19639.7441	-1
19648.2910	-1
19656.8379	-1
19665.3848	-1
19673.9336	-1
19682.4824	-1
19691.0312	-1
19699.5801	-1
19708.1289	-1
19716.6777	-1
19725.2266	-1
19733.7754	-1
19742.3242	-1
19750.8730	-1
19759.4219	-1
19767.9707	-1
19776.5195	-1
19785.0684	-1
19793.6172	-1
19802.1660	-1
19810.7148	-1
19819.2637	-1
19827.8145	-1
19836.3652	-1
19844.9160	-1
19853.4668	-1
19862.0176	-1
19870.5684	-1
19879.1191	-1
19887.6699	-1
19896.2207	-1
19904.7715	-1
19913.3223	-1
19921.8730	-1
19930.4238	-1
19938.9746	-1
19947.5254	-1
19956.0762	-1
19964.6270	-1
19973.1777	-1
19981.7285	-1
19990.2793	-1
19998.8301	-1
20007.3809	-1
20015.9316	-1
20024.4824	-1
20033.0332	-1
20041.5840	-1
20050.1348	-1
20058.6855	-1
20067.2363	-1
20075.7871	-1
20084.3418	-1
20092.8965	-1
20101.4512	-1
20110.0059	-1
20118.5605	-1
20127.1152	-1
20135.6699	-1
20144.2246	-1
20152.7793	-1
20161.3340	-1
20169.8887	-1
20178.4434	-1
20186.9980	-1
20195.5527	-1
20204.1074	-1
20212.6621	-1
20221.2168	-1
20229.7715	-1
20238.3262	-1
20246.8809	-1
20255.4355	-1
20263.9902	-1
20272.5449	-1
20281.0996	-1
20289.6543	-1
20298.2090	-1
20306.7637	-1
20315.3184	-1
20323.8730	-1
20332.4277	-1
20340.9824	-1
20349.5371	-1
20358.0918	-1
20366.6465	-1
20375.2012	-1
20383.7559	-1
20392.3105	-1
20400.8652	-1
20409.4199	-1
20417.9746	-1
20426.5293	-1
20435.0840	-1
20443.6387	-1
20452.1934	-1
20460.7480	-1
20469.3027	-1
20477.8574	-1
20486.4121	-1
20494.9668	-1
20503.5215	-1
20512.0762	-1
20520.6309	-1
20529.1855	-1
20537.7402	-1
20546.3008	-1
20554.8613	-1
20563.4219	-1
20571.9824	-1
20580.5430	-1
20589.1035	-1
20597.6641	-1
20606.2246	-1
20614.7852	-1
20623.3457	-1
20631.9062	-1
20640.4668	-1
20649.0273	-1
20657.5879	-1
20666.1484	-1
20674.7090	-1
20683.2695	-1
20691.8301	-1
20700.3906	-1
20708.9512	-1
20717.5117	-1
20726.0723	-1
20734.6328	-1
20743.1934	-1
20751.7539	-1
20760.3145	-1
20768.8750	-1
20777.4355	-1
20785.9961	-1
20794.5566	-1
20803.1172	-1
20811.6777	-1
20820.2383	-1
20828.7988	-1
20837.3594	-1
20845.9199	-1
20854.4844	1
20863.0508	-1
20871.6172	-1
20880.1836	-1
20888.7500	-1
20897.3164	-1
20905.8828	-1
20914.4492	-1
20923.0156	-1
20931.5820	-1
20940.1484	-1
20948.7148	-1
20957.2812	-1
20965.8477	-1
20974.4141	-1
20982.9805	-1
20991.5469	-1
21000.1133	-1
21008.6797	-1
21017.2461	-1
21025.8125	-1
21034.3789	-1
21042.9453	-1
21051.5117	-1
21060.0781	-1
21068.6445	-1
21077.2109	-1
21085.7773	-1
21094.3438	-1
21102.9102	-1
21111.4766	-1
21120.0430	-1
21128.6094	-1
21137.1758	-1
21145.7422	-1
21154.3086	-1
21162.8750	-1
21171.4414	-1
21180.0078	-1
21188.5742	-1
21197.1406	-1
21205.7070	-1
21214.2734	-1
21222.8418	-1
21231.4102	-1
21239.9785	-1
21248.5469	-1
21257.1152	-1
21265.6836	-1
21274.2520	-1
21282.8203	-1
21291.3887	-1
21299.9570	-1
21308.5254	-1
21317.0938	-1
21325.6621	-1
21334.2305	-1
21342.7988	-1
21351.3672	-1
21359.9355	-1
21368.5039	-1
21377.0723	-1
21385.6406	-1
21394.2090	-1
21402.7773	-1
21411.3457	-1
21419.9141	-1
21428.4824	-1
21437.0508	-1
21445.6191	-1
21454.1875	-1
21462.7559	-1
21471.3242	-1
21479.8945	-1
21488.4648	-1
21497.0352	-1
21505.6055	-1
21514.1758	-1
21522.7461	-1
21531.3164	-1
21539.8867	-1
21548.4570	-1
21557.0273	-1
21565.5977	-1
21574.1680	-1
21582.7383	-1
21591.3086	-1
21599.8789	-1
21608.4492	-1
21617.0195	-1
21625.5898	-1
21634.1602	-1
21642.7305	-1
21651.3008	-1
21659.8711	-1
21668.4414	-1
21677.0117	-1
21685.5820	-1
21694.1523	-1
21702.7227	-1
21711.2930	-1
21719.8633	-1
21728.4336	-1
21737.0039	-1
21745.5742	-1
21754.1445	-1
21762.7148	-1
21771.2852	-1
21779.8555	-1
21788.4258	-1
21796.9961	-1
21805.5664	-1
21814.1367	-1
21822.7070	-1
21831.2773	-1
21839.8477	-1
21848.4180	-1
21856.9883	-1
21865.5586	-1
21874.1289	-1
21882.6992	-1
21891.2695	-1
21899.8398	-1
21908.4102	-1
21916.9805	-1
21925.5508	-1
21934.1211	-1
21942.6914	-1
21951.2617	-1
21959.8320	-1
21968.4023	-1
21976.9727	-1
21985.5430	-1
21994.1152	-1
22002.6875	-1
22011.2598	-1
22019.8457	1
22028.4316	-1
22037.0195	1
22045.6074	1
22054.1973	-1
22062.7871	-1
22071.3770	-1
22079.9668	-1
22088.5566	-1
22097.1465	-1
22105.7363	-1
22114.3262	-1
22122.9160	-1
22131.5059	-1
22140.0957	-1
22148.6855	-1
22157.2754	1
22165.8652	1
22174.4551	1
22183.0449	1
22191.6367	-1
22200.2285	-1
22208.8203	-1
22217.4121	-1
22226.0039	-1
22234.5957	-1
22243.1875	-1
22251.7793	-1
22260.3711	-1
22268.9629	-1
22277.5547	-1
22286.1465	-1
22294.7383	-1
22303.3301	-1
22311.9219	-1
22320.5137	-1
22329.1055	-1
22337.6973	-1
22346.2891	-1
22354.8809	-1
22363.4727	-1
22372.0645	-1
22380.6562	-1
22389.2480	-1
22397.8398	1
22406.4316	1
22415.0234	1
22423.6152	1
22432.2070	1
22440.8008	1
22449.3945	1
22457.9883	1
22466.5820	-1
22475.1758	-1
22483.7695	-1
22492.3633	-1
22500.9570	-1
22509.5508	-1
22518.1465	-1
22526.7422	-1
22535.3379	-1
22543.9336	-1
22552.5293	-1
22561.1250	-1
22569.7207	-1
22578.3164	-1
22586.9121	-1
22595.5078	-1
22604.1035	-1
22612.6992	-1
22621.2949	1
22629.8906	1
22638.4863	-1
22647.0820	-1
22655.6777	-1
22664.2734	-1
22672.8691	-1
22681.4648	-1
22690.0625	-1
22698.6602	-1
22707.2578	-1
22715.8555	-1
22724.4531	-1
22733.0508	-1
22741.6484	-1
22750.2461	-1
22758.8438	-1
22767.4414	-1
22776.0391	-1
22784.6367	-1
22793.2344	-1
22801.8320	-1
22810.4297	-1
22819.0273	-1
22827.6250	-1
22836.2227	-1
22844.8203	-1
22853.4180	-1
22862.0156	-1
22870.6133	-1
22879.2109	-1
22887.8086	-1
22896.4062	1
22905.0039	1
22913.6016	1
22922.1992	1
22930.7969	1
22939.3945	1
22947.9941	-1
22956.5938	-1
22965.1934	-1
22973.7930	-1
22982.3926	-1
22990.9922	-1
22999.5918	-1
23008.1914	-1
23016.7910	-1
23025.3906	-1
23033.9902	-1
23042.5898	-1
23051.1914	-1
23059.7930	-1
23068.3945	-1
23076.9961	-1
23085.5977	-1
23094.1992	-1
23102.8008	-1
23111.4023	-1
23120.0039	-1
23128.6055	-1
23137.2070	-1
23145.8086	-1
23154.4102	-1
23163.0117	-1
23171.6133	-1
23180.2148	-1
23188.8164	-1
23197.4180	-1
23206.0195	-1
23214.6211	-1
23223.2227	-1
23231.8242	-1
23240.4258	-1
23249.0273	-1
23257.6289	-1
23266.2305	-1
23274.8320	-1
23283.4336	-1
23292.0352	-1
23300.6367	-1
23309.2383	1
23317.8398	1
23326.4414	1
23335.0430	1
23343.6445	1
23352.2461	1
23360.8477	1
23369.4492	1
23378.0527	-1
23386.6562	-1
23395.2598	-1
23403.8633	-1
23412.4668	-1
23421.0703	-1
23429.6758	-1
23438.2812	-1
23446.8867	-1
23455.4922	-1
23464.0977	-1
23472.7031	-1
23481.3086	-1
23489.9141	-1
23498.5195	-1
23507.1250	-1
23515.7305	-1
23524.3359	-1
23532.9414	-1
23541.5469	-1
23550.1523	-1
23558.7578	-1
23567.3633	-1
23575.9688	-1
23584.5742	1
23593.1797	1
23601.7852	1
23610.3906	1
23618.9961	1
23627.6016	1
23636.2090	1
23644.8164	1
23653.4238	1
23662.0312	1
23670.6387	1
23679.2461	1
23687.8535	1
23696.4609	1
23705.0703	1
23713.6797	1
23722.2891	1
23730.8984	1
23739.5078	1
23748.1172	1
23756.7266	1
23765.3359	1
23773.9453	-1
23782.5547	-1
23791.1641	-1
23799.7734	-1
23808.3828	-1
23816.9922	-1
23825.6016	-1
23834.2109	-1
23842.8203	-1
23851.4297	-1
23860.0391	-1
23868.6484	-1
23877.2578	-1
23885.8672	-1
23894.4766	-1
23903.0859	-1
23911.6953	-1
23920.3047	-1
23928.9141	-1
23937.5234	-1
23946.1328	-1
23954.7422	-1
23963.3516	-1
23971.9609	-1
23980.5723	1
23989.1836	1
23997.7949	1
24006.4062	1
24015.0176	-1
24023.6289	-1
24032.2402	-1
24040.8516	-1
24049.4629	-1
24058.0742	-1
24066.6855	1
24075.2969	1
24083.9102	1
24092.5234	1
24101.1367	-1
24109.7500	-1
24118.3633	-1
24126.9766	-1
24135.5898	-1
24144.2031	-1
24152.8184	1
24161.4336	-1
24170.0488	-1
24178.6641	-1
24187.2793	-1
24195.8945	-1
24204.5098	-1
24213.1250	1
24221.7402	-1
24230.3555	-1
24238.9707	-1
24247.5859	-1
24256.2012	-1
24264.8164	-1
24273.4316	-1
24282.0469	-1
24290.6621	-1
24299.2773	-1
24307.8926	-1
24316.5078	-1
24325.1250	-1
24333.7422	-1
24342.3594	-1
24350.9766	-1
24359.5938	-1
24368.2109	-1
24376.8281	-1
24385.4453	-1
24394.0625	-1
24402.6797	-1
24411.2969	-1
24419.9141	-1
24428.5312	-1
24437.1484	-1
24445.7656	-1
24454.3828	-1
24463.0000	-1
24471.6172	-1
24480.2344	-1
24488.8516	-1
24497.4688	-1
24506.0859	-1
24514.7031	-1
24523.3203	-1
24531.9375	-1
24540.5547	-1
24549.1719	-1
24557.7891	-1
24566.4062	-1
24575.0234	-1
24583.6426	-1
24592.2617	-1
24600.8809	-1
24609.5000	-1
24618.1191	-1
24626.7383	-1
24635.3594	-1
24643.9805	-1
24652.6016	-1
24661.2227	-1
24669.8438	-1
24678.4648	-1
24687.0859	-1
24695.7070	-1
24704.3281	-1
24712.9492	-1
24721.5703	-1
24730.1914	-1
24738.8145	-1
24747.4375	-1
24756.0605	-1
24764.6836	-1
24773.3066	-1
24781.9297	-1
24790.5527	-1
24799.1758	-1
24807.7988	-1
24816.4219	-1
24825.0449	-1
24833.6680	-1
24842.2910	-1
24850.9141	-1
24859.5371	-1
24868.1602	-1
24876.7832	-1
24885.4062	-1
24894.0293	-1
24902.6523	-1
24911.2754	-1
24919.8984	-1
24928.5215	-1
24937.1445	-1
24945.7676	-1
24954.3906	-1
24963.0137	-1
24971.6367	-1
24980.2598	-1
24988.8828	-1
24997.5059	-1
25006.1289	-1
25014.7520	-1
25023.3750	-1
25031.9980	-1
25040.6211	-1
25049.2441	-1
25057.8672	-1
25066.4902	-1
25075.1133	-1
25083.7363	-1
25092.3594	-1
25100.9824	-1
25109.6055	-1
25118.2285	-1
25126.8516	-1
25135.4746	-1
25144.0977	-1
25152.7207	-1
25161.3438	-1
25169.9668	-1
25178.5898	-1
25187.2129	-1
25195.8359	-1
25204.4590	-1
25213.0820	-1
25221.7051	-1
25230.3281	-1
25238.9512	-1
25247.5742	-1
25256.1992	-1
25264.8242	-1
25273.4492	-1
25282.0742	-1
25290.6992	-1
25299.3242	-1
25307.9512	-1
25316.5781	-1
25325.2051	-1
25333.8320	-1
25342.4590	-1
25351.0859	-1
25359.7129	-1
25368.3398	-1
25376.9668	-1
25385.5938	-1
25394.2207	-1
25402.8477	-1
25411.4746	-1
25420.1016	-1
25428.7285	-1
25437.3555	-1
25445.9824	-1
25454.6094	-1
25463.2363	-1
25471.8633	-1
25480.4902	-1
25489.1172	-1
25497.7441	-1
25506.3711	-1
25514.9980	-1
25523.6250	-1
25532.2520	-1
25540.8789	-1
25549.5059	-1
25558.1328	-1
25566.7598	-1
25575.3867	-1
25584.0137	-1
25592.6406	-1
25601.2676	-1
25609.8945	-1
25618.5215	-1
25627.1484	-1
25635.7754	-1
25644.4023	-1
25653.0293	-1
25661.6562	-1
25670.2832	-1
25678.9102	-1
25687.5371	-1
25696.1641	-1
25704.7910	-1
25713.4180	-1
25722.0449	-1
25730.6719	-1
25739.2988	-1
25747.9434	1
25756.5879	-1
25765.2344	1
25773.8809	1
25782.5273	-1
25791.1738	-1
25799.8203	-1
25808.4668	-1
25817.1133	-1
25825.7598	-1
25834.4062	-1
25843.0527	-1
25851.6992	-1
25860.3457	-1
25868.9922	-1
25877.6387	-1
25886.2871	1
25894.9355	1
25903.5840	1
25912.2324	1
25920.8809	-1
25929.5293	-1
25938.1777	-1
25946.8262	-1
25955.4746	-1
25964.1230	-1
25972.7734	1
25981.4238	1
25990.0742	-1
25998.7246	-1
26007.3750	-1
26016.0254	-1
26024.6758	-1
26033.3262	-1
26041.9766	-1
26050.6270	-1
26059.2773	-1
26067.9277	-1
26076.5781	-1
26085.2285	-1
26093.8789	-1
26102.5293	-1
26111.1797	-1
26119.8301	-1
26128.4805	-1
26137.1309	-1
26145.7812	1
26154.4316	1
26163.0840	1
26171.7363	1
26180.3887	-1
26189.0410	-1
26197.6934	-1
26206.3457	-1
26214.9980	-1
26223.6504	-1
26232.3027	1
26240.9551	1
26249.6074	1
26258.2598	1
26266.9121	-1
26275.5645	-1
26284.2168	-1
26292.8691	-1
26301.5215	-1
26310.1738	-1
26318.8262	1
26327.4785	1
26336.1328	-1
26344.7871	-1
26353.4414	-1
26362.0957	-1
26370.7500	-1
26379.4043	-1
26388.0586	-1
26396.7129	-1
26405.3672	-1
26414.0215	-1
26422.6758	-1
26431.3301	-1
26439.9844	1
26448.6387	1
26457.2930	1
26465.9473	1
26474.6035	-1
26483.2598	-1
26491.9160	-1
26500.5723	-1
26509.2285	-1
26517.8848	-1
26526.5410	-1
26535.1973	-1
26543.8535	-1
26552.5098	-1
26561.1660	-1
26569.8223	-1
26578.4785	-1
26587.1348	-1
26595.7910	-1
26604.4473	-1
26613.1035	-1
26621.7598	-1
26630.4160	-1
26639.0723	-1
26647.7285	-1
26656.3848	-1
26665.0410	-1
26673.6973	-1
26682.3535	-1
26691.0098	-1
26699.6660	-1
26708.3223	-1
26716.9785	-1
26725.6348	-1
26734.2930	-1
26742.9512	-1
26751.6094	-1
26760.2676	-1
26768.9258	-1
26777.5840	-1
26786.2422	-1
26794.9004	-1
26803.5586	-1
26812.2168	-1
26820.8750	-1
26829.5332	-1
26838.1914	-1
26846.8496	-1
26855.5078	-1
26864.1660	-1
26872.8242	-1
26881.4824	-1
26890.1406	1
26898.7988	1
26907.4570	1
26916.1152	1
26924.7734	1
26933.4316	1
26942.0898	1
26950.7480	1
26959.4082	-1
26968.0684	-1
26976.7285	-1
26985.3887	-1
26994.0488	-1
27002.7090	-1
27011.3691	-1
27020.0293	-1
27028.6895	-1
27037.3496	-1
27046.0098	-1
27054.6699	-1
27063.3301	-1
27071.9902	-1
27080.6504	-1
27089.3105	-1
27097.9707	-1
27106.6309	-1
27115.2910	1
27123.9512	-1
27132.6113	-1
27141.2715	-1
27149.9316	-1
27158.5918	-1
27167.2520	-1
27175.9121	1
27184.5723	1
27193.2324	1
27201.8926	1
27210.5547	1
27219.2168	1
27227.8789	1
27236.5430	1
27245.2070	1
27253.8711	1
27262.5352	1
27271.2012	1
27279.8672	1
27288.5332	1
27297.1992	1
27305.8672	-1
27314.5352	-1
27323.2031	-1
27331.8711	-1
27340.5391	-1
27349.2070	-1
27357.8750	-1
27366.5430	-1
27375.2109	-1
27383.8789	-1
27392.5469	-1
27401.2148	-1
27409.8828	-1
27418.5508	-1
27427.2188	-1
27435.8867	-1
27444.5547	-1
27453.2227	-1
27461.8926	-1
27470.5625	-1
27479.2324	-1
27487.9023	-1
27496.5723	-1
27505.2422	-1
27513.9121	-1
27522.5820	-1
27531.2520	-1
27539.9219	-1
27548.5918	-1
27557.2617	-1
27565.9316	-1
27574.6016	-1
27583.2715	-1
27591.9414	-1
27600.6113	-1
27609.2812	-1
27617.9512	-1
27626.6211	-1
27635.2910	-1
27643.9609	-1
27652.6309	-1
27661.3008	-1
27669.9707	-1
27678.6406	-1
27687.3105	-1
27695.9805	-1
27704.6504	-1
27713.3203	-1
27721.9902	-1
27730.6602	-1
27739.3301	-1
27748.0000	-1
27756.6699	-1
27765.3398	-1
27774.0098	-1
27782.6797	-1
27791.3496	-1
27800.0195	-1
27808.6895	-1
27817.3594	-1
27826.0293	-1
27834.6992	-1
27843.3691	-1
27852.0391	-1
27860.7090	-1
27869.3789	-1
27878.0488	-1
27886.7188	-1
27895.3887	-1
27904.0586	-1
27912.7285	-1
27921.3984	-1
27930.0684	-1
27938.7383	-1
27947.4082	-1
27956.0781	-1
27964.7480	-1
27973.4180	-1
27982.0898	1
27990.7637	1
27999.4375	1
28008.1113	1
28016.7852	1
28025.4590	1
28034.1328	1
28042.8066	1
28051.4805	1
28060.1543	1
28068.8281	-1
28077.5020	-1
28086.1758	-1
28094.8496	-1
28103.5234	-1
28112.1973	-1
28120.8711	-1
28129.5449	-1
28138.2188	-1
28146.8926	-1
28155.5664	-1
28164.2402	-1
28172.9160	-1
28181.5918	-1
28190.2676	-1
28198.9434	-1
28207.6191	-1
28216.2949	-1
28224.9707	-1
28233.6465	-1
28242.3223	-1
28250.9980	-1
28259.6738	-1
28268.3496	-1
28277.0254	-1
28285.7012	-1
28294.3770	-1
28303.0527	-1
28311.7285	-1
28320.4043	-1
28329.0801	-1
28337.7559	-1
28346.4316	-1
28355.1074	-1
28363.7832	-1
28372.4590	-1
28381.1348	-1
28389.8105	-1
28398.4863	-1
28407.1621	-1
28415.8379	-1
28424.5137	-1
28433.1895	-1
28441.8652	-1
28450.5410	-1
28459.2168	-1
28467.8926	-1
28476.5684	-1
28485.2441	-1
28493.9199	-1
28502.5957	-1
28511.2715	-1
28519.9473	-1
28528.6230	-1
28537.2988	-1
28545.9746	-1
28554.6504	-1
28563.3262	-1
28572.0020	-1
28580.6777	-1
28589.3555	-1
28598.0332	-1
28606.7109	-1
28615.3887	-1
28624.0664	-1
28632.7441	-1
28641.4219	-1
28650.0996	-1
28658.7773	-1
28667.4551	-1
28676.1328	-1
28684.8105	-1
28693.4883	-1
28702.1660	-1
28710.8438	-1
28719.5215	-1
28728.1992	-1
28736.8770	-1
28745.5566	-1
28754.2363	-1
28762.9160	-1
28771.5957	-1
28780.2754	-1
28788.9551	-1
28797.6348	-1
28806.3145	-1
28814.9941	-1
28823.6738	-1
28832.3535	-1
28841.0332	-1
28849.7148	-1
28858.3965	-1
28867.0781	-1
28875.7598	-1
28884.4414	-1
28893.1230	-1
28901.8047	-1
28910.4863	-1
28919.1680	-1
28927.8496	-1
28936.5312	-1
28945.2129	-1
28953.8945	-1
28962.5762	-1
28971.2578	-1
28979.9395	-1
28988.6211	-1
28997.3027	-1
29005.9844	-1
29014.6660	-1
29023.3477	-1
29032.0293	-1
29040.7109	-1
29049.3926	-1
29058.0742	-1
29066.7559	-1
29075.4375	-1
29084.1191	-1
29092.8008	-1
29101.4824	-1
29110.1641	-1
29118.8457	-1
29127.5273	-1
29136.2227	1
29144.9199	-1
29153.6172	1
29162.3145	1
29171.0137	-1
29179.7129	-1
29188.4121	-1
29197.1113	-1
29205.8105	-1
29214.5098	-1
29223.2090	-1
29231.9082	-1
29240.6074	-1
29249.3066	-1
29258.0059	-1
29266.7051	-1
29275.4043	1
29284.1035	1
29292.8027	1
29301.5020	1
29310.2031	-1
29318.9043	-1
29327.6055	-1
29336.3066	-1
29345.0078	-1
29353.7090	-1
29362.4102	-1
29371.1113	-1
29379.8125	-1
29388.5137	-1
29397.2148	-1
29405.9160	-1
29414.6172	-1
29423.3184	-1
29432.0195	-1
29440.7207	-1
29449.4219	-1
29458.1230	-1
29466.8262	-1
29475.5293	-1
29484.2324	-1
29492.9355	-1
29501.6387	-1
29510.3418	-1
29519.0449	1
29527.7480	1
29536.4512	1
29545.1543	1
29553.8574	1
29562.5605	1
29571.2637	1
29579.9668	1
29588.6738	-1
29597.3809	-1
29606.0879	-1
29614.7949	-1
29623.5020	-1
29632.2090	-1
29640.9160	-1
29649.6230	-1
29658.3301	-1
29667.0371	-1
29675.7441	-1
29684.4512	-1
29693.1582	-1
29701.8652	-1
29710.5723	-1
29719.2793	-1
29727.9863	-1
29736.6934	-1
29745.4004	-1
29754.1074	-1
29762.8145	-1
29771.5215	-1
29780.2285	-1
29788.9355	-1
29797.6426	-1
29806.3496	-1
29815.0566	-1
29823.7637	-1
29832.4707	-1
29841.1777	-1
29849.8848	-1
29858.5918	-1
29867.2988	-1
29876.0059	-1
29884.7129	-1
29893.4199	-1
29902.1270	-1
29910.8340	-1
29919.5410	-1
29928.2480	-1
29936.9551	-1
29945.6621	-1
29954.3691	-1
29963.0762	-1
29971.7832	-1
29980.4902	-1
29989.1973	-1
29997.9043	-1
30006.6113	1
30015.3184	1
30024.0254	1
30032.7324	1
30041.4395	1
30050.1465	1
30058.8535	1
30067.5625	1
30076.2715	1
30084.9805	1
30093.6895	1
30102.3984	1
30111.1074	1
30119.8164	1
30128.5254	1
30137.2344	1
30145.9453	-1
30154.6562	-1
30163.3672	-1
30172.0781	-1
30180.7891	-1
30189.5000	-1
30198.2129	1
30206.9258	1
30215.6387	-1
30224.3516	-1
30233.0645	-1
30241.7773	-1
30250.4902	-1
30259.2031	-1
30267.9160	-1
30276.6289	-1
30285.3418	-1
30294.0547	-1
30302.7676	-1
30311.4805	-1
30320.1953	-1
30328.9102	-1
30337.6250	-1
30346.3398	-1
30355.0547	-1
30363.7695	-1
30372.4844	1
30381.1992	-1
30389.9141	-1
30398.6289	-1
30407.3438	-1
30416.0586	-1
30424.7734	-1
30433.4883	1
30442.2031	1
30450.9180	1
30459.6328	-1
30468.3477	-1
30477.0625	-1
30485.7773	-1
30494.4941	-1
30503.2109	-1
30511.9277	-1
30520.6445	-1
30529.3613	-1
30538.0781	-1
30546.7949	-1
30555.5117	-1
30564.2285	-1
30572.9453	-1
30581.6621	-1
30590.3789	-1
30599.0957	-1
30607.8125	-1
30616.5293	-1
30625.2461	-1
30633.9629	-1
30642.6797	-1
30651.3965	-1
30660.1133	-1
30668.8301	-1
30677.5469	-1
30686.2637	-1
30694.9805	-1
30703.6973	-1
30712.4141	-1
30721.1309	-1
30729.8477	-1
30738.5645	-1
30747.2812	-1
30755.9980	-1
30764.7148	-1
30773.4316	-1
30782.1484	-1
30790.8652	-1
30799.5820	-1
30808.2988	-1
30817.0156	-1
30825.7324	-1
30834.4492	-1
30843.1660	-1
30851.8828	-1
30860.5996	-1
30869.3164	-1
30878.0332	1
30886.7500	1
30895.4668	1
30904.1836	1
30912.9004	1
30921.6172	1
30930.3340	1
30939.0527	1
30947.7715	1
30956.4902	1
30965.2090	1
30973.9277	1
30982.6465	1
30991.3652	1
31000.0840	1
31008.8027	1
31017.5215	1
31026.2402	1
31034.9590	-1
31043.6777	-1
31052.3965	-1
31061.1152	-1
31069.8340	-1
31078.5527	-1
31087.2715	-1
31095.9902	-1
31104.7090	-1
31113.4277	-1
31122.1465	-1
31130.8652	-1
31139.5840	1
31148.3027	1
31157.0234	1
31165.7441	1
31174.4648	1
31183.1855	1
31191.9082	-1
31200.6309	-1
31209.3535	-1
31218.0762	-1
31226.7988	-1
31235.5215	-1
31244.2441	1
31252.9668	1
31261.6934	-1
31270.4199	-1
31279.1465	-1
31287.8730	-1
31296.5996	-1
31305.3262	-1
31314.0527	-1
31322.7793	-1
31331.5059	-1
31340.2324	-1
31348.9590	-1
31357.6855	-1
31366.4121	-1
31375.1387	-1
31383.8652	-1
31392.5918	-1
31401.3184	-1
31410.0449	-1
31418.7715	-1
31427.4980	-1
31436.2246	-1
31444.9512	-1
31453.6777	-1
31462.4043	-1
31471.1309	-1
31479.8574	-1
31488.5840	-1
31497.3105	-1
31506.0371	-1
31514.7637	-1
31523.4902	-1
31532.2168	-1
31540.9434	-1
31549.6699	-1
31558.3965	-1
31567.1230	-1
31575.8516	-1
31584.5801	-1
31593.3086	-1
31602.0371	-1
31610.7656	-1
31619.4941	-1
31628.2246	-1
31636.9551	-1
31645.6855	-1
31654.4160	-1
31663.1465	-1
31671.8770	-1
31680.6074	-1
31689.3379	-1
31698.0684	-1
31706.7988	-1
31715.5293	-1
31724.2598	-1
31732.9902	-1
31741.7207	-1
31750.4512	-1
31759.1816	-1
31767.9121	-1
31776.6426	-1
31785.3730	-1
31794.1035	-1
31802.8340	-1
31811.5645	-1
31820.2949	-1
31829.0254	-1
31837.7559	-1
31846.4863	-1
31855.2168	-1
31863.9473	-1
31872.6777	-1
31881.4082	-1
31890.1387	-1
31898.8691	-1
31907.5996	-1
31916.3301	-1
31925.0605	-1
31933.7910	-1
31942.5215	1
31951.2520	1
31959.9824	1
31968.7129	1
31977.4434	1
31986.1738	1
31994.9043	1
32003.6348	1
32012.3652	1
32021.0996	-1
32029.8340	-1
32038.5684	-1
32047.3027	-1
32056.0371	-1
32064.7715	-1
32073.5059	-1
32082.2402	-1
32090.9746	-1
32099.7090	-1
32108.4434	-1
32117.1777	-1
32125.9121	-1
32134.6465	-1
32143.3809	-1
32152.1152	-1
32160.8496	-1
32169.5840	-1
32178.3184	-1
32187.0527	-1
32195.7871	-1
32204.5215	-1
32213.2559	-1
32221.9902	-1
32230.7246	-1
32239.4590	-1
32248.1934	-1
32256.9277	-1
32265.6621	-1
32274.3965	-1
32283.1309	-1
32291.8652	-1
32300.5996	-1
32309.3340	-1
32318.0684	-1
32326.8027	-1
32335.5371	-1
32344.2715	-1
32353.0059	-1
32361.7402	-1
32370.4746	-1
32379.2090	-1
32387.9434	-1
32396.6777	-1
32405.4121	-1
32414.1465	-1
32422.8809	-1
32431.6152	-1
32440.3516	-1
32449.0879	-1
32457.8242	-1
32466.5605	-1
32475.2969	-1
32484.0332	-1
32492.7695	-1
32501.5059	-1
32510.2422	-1
32518.9785	-1
32527.7148	-1
32536.4512	-1
32545.1875	-1
32553.9238	-1
32562.6602	-1
32571.3965	-1
32580.1328	-1
32588.8691	-1
32597.6055	-1
32606.3418	-1
32615.0781	-1
32623.8145	-1
32632.5508	-1
32641.2871	-1
32650.0234	-1
32658.7598	-1
32667.4961	-1
32676.2324	-1
32684.9688	-1
32693.7051	-1
32702.4414	-1
32711.1777	-1
32719.9141	-1
32728.6504	-1
32737.3867	-1
32746.1230	-1
32754.8594	-1
32763.5957	-1
32772.3320	-1
32781.0703	-1
32789.8086	-1
32798.5469	-1
32807.2852	-1
32816.0234	-1
32824.7617	-1
32833.5000	-1
32842.2383	-1
32850.9766	-1
32859.7148	-1
32868.4531	-1
32877.1914	-1
32885.9297	-1
32894.6680	-1
32903.4062	-1
32912.1445	-1
32920.8828	-1
32929.6211	-1
32938.3594	-1
32947.0977	-1
32955.8359	-1
32964.5742	-1
32973.3125	-1
32982.0508	-1
32990.7891	-1
32999.5273	-1
33008.2656	-1
33017.0078	-1
33025.7500	-1
33034.4922	-1
33043.2344	-1
33051.9766	-1
33060.7188	-1
33069.4609	-1
33078.2031	-1
33086.9453	-1
33095.6875	-1
33104.4297	-1
33113.1719	-1
33121.9141	-1
33130.6562	-1
33139.3984	-1
33148.1406	-1
33156.8828	-1
33165.6250	-1
33174.3672	-1
33183.1094	-1
33191.8516	-1
33200.5938	-1
33209.3359	-1
33218.0781	-1
33226.8203	-1
33235.5625	-1
33244.3047	-1
33253.0469	-1
33261.7891	-1
33270.5312	-1
33279.2734	-1
33288.0156	-1
33296.7578	-1
33305.5000	-1
33314.2422	-1
33322.9844	-1
33331.7266	-1
33340.4688	-1
33349.2109	-1
33357.9531	-1
33366.6953	-1
33375.4375	-1
33384.1797	-1
33392.9219	-1
33401.6641	-1
33410.4062	-1
33419.1484	-1
33427.8906	-1
33436.6328	-1
33445.5586	1
33454.4844	1
33463.4102	-1
33472.3359	-1
33481.2617	-1
33490.1875	-1
33499.1133	-1
33508.0391	-1
33516.9648	-1
33525.8906	-1
33534.8164	-1
33543.7422	-1
33552.6680	-1
33561.5938	-1
33570.5312	1
33579.4727	-1
33588.4141	1
33597.3555	1
33606.2969	-1
33615.2383	-1
33624.1797	-1
33633.1211	-1
33642.0625	-1
33651.0039	-1
33659.9453	-1
33668.8867	-1
33677.8281	-1
33686.7695	-1
33695.7109	-1
33704.6523	-1
33713.5938	1
33722.5391	1
33731.4844	1
33740.4297	1
33749.3750	-1
33758.3203	-1
33767.2656	-1
33776.2109	-1
33785.1562	-1
33794.1016	-1
33803.0469	-1
33811.9922	-1
33820.9375	-1
33829.8828	-1
33838.8281	-1
33847.7734	-1
33856.7188	-1
33865.6641	-1
33874.6094	-1
33883.5547	-1
33892.5000	-1
33901.4453	-1
33910.3906	-1
33919.3359	-1
33928.2812	-1
33937.2266	-1
33946.1719	-1
33955.1367	1
33964.1055	-1
33973.0742	1
33982.0430	1
33991.0117	-1
33999.9805	-1
34008.9492	-1
34017.9180	-1
34026.8867	-1
34035.8555	-1
34044.8242	-1
34053.7930	-1
34062.7617	-1
34071.7305	-1
34080.6992	-1
34089.6680	-1
34098.6367	1
34107.6055	1
34116.5742	1
34125.5430	1
34134.5156	-1
34143.4883	-1
34152.4609	-1
34161.4336	-1
34170.4062	-1
34179.3789	-1
34188.3516	-1
34197.3242	-1
34206.2969	-1
34215.2695	-1
34224.2422	-1
34233.2148	-1
34242.1875	-1
34251.1602	-1
34260.1328	-1
34269.1055	-1
34278.0781	-1
34287.0508	-1
34296.0234	-1
34304.9961	-1
34313.9688	-1
34322.9414	-1
34331.9141	-1
34340.8867	-1
34349.8594	1
34358.8320	1
34367.8047	1
34376.7773	1
34385.7500	1
34394.7227	1
34403.6953	1
34412.6680	1
34421.6445	-1
34430.6211	-1
34439.5977	-1
34448.5742	-1
34457.5508	-1
34466.5273	-1
34475.5039	-1
34484.4805	-1
34493.4570	-1
34502.4336	-1
34511.4102	-1
34520.3867	-1
34529.3633	-1
34538.3398	-1
34547.3164	-1
34556.2930	-1
34565.2695	-1
34574.2461	-1
34583.2227	-1
34592.1992	-1
34601.1758	-1
34610.1523	-1
34619.1289	-1
34628.1055	-1
34637.0820	-1
34646.0586	-1
34655.0352	-1
34664.0117	-1
34672.9883	-1
34681.9648	-1
34690.9453	-1
34699.9258	-1
34708.9062	-1
34717.8867	-1
34726.8672	-1
34735.8477	-1
34744.8281	-1
34753.8086	-1
34762.7891	-1
34771.7695	-1
34780.7500	-1
34789.7305	-1
34798.7109	-1
34807.6914	-1
34816.6719	-1
34825.6641	1
34834.6602	-1
34843.6562	1
34852.6523	1
34861.6484	-1
34870.6445	-1
34879.6406	-1
34888.6367	-1
34897.6328	-1
34906.6289	-1
34915.6250	-1
34924.6211	-1
34933.6172	-1
34942.6133	-1
34951.6094	-1
34960.6055	-1
34969.6016	1
34978.5977	1
34987.5938	1
34996.5898	1
35005.5898	-1
35014.5898	-1
35023.5898	-1
35032.5898	-1
35041.5898	-1
35050.5898	-1
35059.5898	-1
35068.5898	-1
35077.5898	-1
35086.5898	-1
35095.5898	-1
35104.5898	-1
35113.5898	-1
35122.5898	-1
35131.5898	-1
35140.5898	-1
35149.5898	-1
35158.5898	-1
35167.5898	-1
35176.5898	-1
35185.5898	-1
35194.5898	-1
35203.5898	-1
35212.5898	-1
35221.5898	1
35230.5898	1
35239.5898	1
35248.5898	1
35257.5898	1
35266.5898	1
35275.5898	1
35284.5898	1
35293.5938	-1
35302.5977	-1
35311.6016	-1
35320.6055	-1
35329.6094	-1
35338.6133	-1
35347.6172	-1
35356.6211	-1
35365.6250	-1
35374.6289	-1
35383.6328	-1
35392.6367	-1
35401.6406	-1
35410.6445	-1
35419.6484	-1
35428.6523	-1
35437.6562	-1
35446.6602	-1
35455.6641	-1
35464.6680	-1
35473.6719	-1
35482.6758	-1
35491.6797	-1
35500.6836	-1
35509.6875	-1
35518.6914	-1
35527.6953	-1
35536.6992	-1
35545.7031	1
35554.7070	-1
35563.7109	-1
35572.7148	1
35581.7188	-1
35590.7227	-1
35599.7266	-1
35608.7305	-1
35617.7344	-1
35626.7383	-1
35635.7422	-1
35644.7461	-1
35653.7500	-1
35662.7539	-1
35671.7578	-1
35680.7617	-1
35689.7656	-1
35698.7695	-1
35707.7734	-1
35716.7773	-1
35725.7812	-1
35734.7852	-1
35743.7891	1
35752.7930	1
35761.8008	1
35770.8086	1
35779.8164	1
35788.8242	1
35797.8320	1
35806.8398	1
35815.8477	1
35824.8555	1
35833.8633	1
35842.8711	1
35851.8789	1
35860.8867	1
35869.8984	-1
35878.9102	-1
35887.9219	-1
35896.9336	-1
35905.9453	-1
35914.9570	-1
35923.9688	-1
35932.9805	-1
35941.9922	-1
35951.0039	-1
35960.0156	-1
35969.0273	-1
35978.0391	-1
35987.0508	-1
35996.0625	-1
36005.0742	-1
36014.0859	-1
36023.0977	-1
36032.1094	-1
36041.1211	-1
36050.1328	-1
36059.1445	-1
36068.1562	-1
36077.1680	-1
36086.1797	1
36095.1914	1
36104.2031	1
36113.2148	1
36122.2266	1
36131.2383	1
36140.2500	1
36149.2617	1
36158.2734	-1
36167.2852	-1
36176.2969	-1
36185.3086	-1
36194.3203	-1
36203.3320	-1
36212.3438	-1
36221.3594	-1
36230.3750	-1
36239.3906	-1
36248.4062	-1
36257.4219	-1
36266.4375	-1
36275.4531	-1
36284.4688	-1
36293.4844	-1
36302.5000	-1
36311.5156	-1
36320.5312	-1
36329.5469	-1
36338.5625	-1
36347.5781	-1
36356.5938	-1
36365.6094	-1
36374.6250	-1
36383.6406	-1
36392.6562	-1
36401.6719	-1
36410.6875	-1
36419.7031	-1
36428.7188	-1
36437.7344	-1
36446.7500	-1
36455.7656	-1
36464.7812	-1
36473.7969	-1
36482.8125	-1
36491.8281	-1
36500.8438	-1
36509.8594	-1
36518.8750	-1
36527.8906	-1
36536.9062	-1
36545.9219	-1
36554.9375	-1
36563.9531	-1
36572.9688	-1
36581.9844	-1
36591.0000	-1
36600.0156	-1
36609.0312	-1
36618.0469	-1
36627.0625	-1
36636.0781	-1
36645.0938	-1
36654.1094	-1
36663.1250	-1
36672.1406	-1
36681.1562	-1
36690.1719	-1
36699.1875	-1
36708.2031	-1
36717.2188	-1
36726.2344	-1
36735.2500	-1
36744.2656	-1
36753.2812	-1
36762.2969	-1
36771.3125	-1
36780.3281	-1
36789.3438	-1
36798.3594	-1
36807.3750	1
36816.3906	1
36825.4062	1
36834.4219	1
36843.4375	1
36852.4531	1
36861.4688	1
36870.4844	1
36879.5000	1
36888.5156	1
36897.5352	1
36906.5547	1
36915.5742	1
36924.5938	1
36933.6133	1
36942.6328	1
36951.6523	1
36960.6719	1
36969.6914	1
36978.7109	1
36987.7305	1
36996.7500	1
37005.7695	1
37014.7891	1
37023.8086	-1
37032.8281	-1
37041.8477	-1
37050.8672	-1
37059.8867	-1
37068.9062	-1
37077.9258	-1
37086.9453	-1
37095.9648	-1
37104.9844	-1
37114.0039	-1
37123.0234	-1
37132.0469	-1
37141.0703	-1
37150.0938	-1
37159.1172	-1
37168.1406	-1
37177.1641	-1
37186.1875	-1
37195.2109	-1
37204.2344	-1
37213.2578	-1
37222.2812	-1
37231.3047	-1
37240.3281	-1
37249.3516	-1
37258.3750	-1
37267.3984	-1
37276.4219	-1
37285.4453	-1
37294.4688	-1
37303.4922	-1
37312.5156	-1
37321.5391	-1
37330.5625	-1
37339.5859	-1
37348.6094	-1
37357.6328	-1
37366.6562	-1
37375.6797	-1
37384.7031	-1
37393.7266	-1
37402.7500	-1
37411.7734	-1
37420.7969	-1
37429.8203	-1
37438.8438	-1
37447.8672	-1
37456.8906	-1
37465.9141	-1
37474.9375	-1
37483.9609	-1
37492.9844	-1
37502.0078	-1
37511.0312	-1
37520.0547	-1
37529.0781	-1
37538.1016	-1
37547.1250	-1
37556.1484	-1
37565.1719	-1
37574.1953	-1
37583.2188	-1
37592.2422	-1
37601.2656	-1
37610.2891	-1
37619.3164	1
37628.3438	1
37637.3711	1
37646.3984	1
37655.4258	1
37664.4531	1
37673.4805	1
37682.5078	1
37691.5352	1
37700.5625	1
37709.5898	1
37718.6172	1
37727.6445	1
37736.6719	1
37745.6992	-1
37754.7266	-1
37763.7539	-1
37772.7812	-1
37781.8086	-1
37790.8359	-1
37799.8633	1
37808.8906	-1
37817.9180	-1
37826.9453	-1
37835.9727	-1
37845.0000	-1
37854.0273	-1
37863.0547	-1
37872.0859	-1
37881.1172	-1
37890.1484	-1
37899.1797	-1
37908.2109	-1
37917.2422	-1
37926.2734	-1
37935.3047	-1
37944.3359	-1
37953.3672	-1
37962.3984	-1
37971.4297	-1
37980.4609	-1
37989.4922	-1
37998.5234	-1
38007.5547	-1
38016.5859	-1
38025.6172	-1
38034.6484	-1
38043.6797	-1
38052.7109	-1
38061.7422	-1
38070.7734	-1
38079.8047	-1
38088.8359	-1
38097.8672	-1
38106.8984	-1
38115.9297	-1
38124.9609	-1
38133.9922	-1
38143.0234	-1
38152.0547	-1
38161.0859	-1
38170.1172	-1
38179.1484	-1
38188.1797	-1
38197.2109	-1
38206.2422	-1
38215.2734	-1
38224.3047	-1
38233.3359	-1
38242.3672	-1
38251.3984	-1
38260.4297	-1
38269.4609	-1
38278.4922	-1
38287.5234	-1
38296.5586	-1
38305.5938	-1
38314.6289	-1
38323.6641	-1
38332.6992	-1
38341.7344	-1
38350.7695	-1
38359.8047	-1
38368.8398	-1
38377.8750	-1
38386.9102	-1
38395.9453	-1
38404.9805	-1
38414.0156	-1
38423.0508	-1
38432.0859	-1
38441.1211	-1
38450.1562	-1
38459.1914	-1
38468.2266	-1
38477.2617	-1
38486.2969	-1
38495.3320	-1
38504.3672	-1
38513.4062	-1
38522.4453	-1
38531.4844	-1
38540.5234	-1
38549.5625	-1
38558.6016	-1
38567.6406	-1
38576.6797	-1
38585.7188	-1
38594.7578	-1
38603.7969	-1
38612.8359	-1
38621.8750	-1
38630.9141	-1
38639.9531	-1
38648.9922	-1
38658.0312	-1
38667.0703	-1
38676.1094	-1
38685.1484	-1
38694.1875	-1
38703.2266	-1
38712.2656	-1
38721.3047	-1
38730.3438	-1
38739.3828	-1
38748.4219	-1
38757.4609	-1
38766.5000	-1
38775.5391	-1
38784.5781	-1
38793.6172	-1
38802.6562	-1
38811.6953	-1
38820.7344	-1
38829.7734	-1
38838.8125	-1
38847.8516	-1
38856.8906	-1
38865.9297	-1
38874.9688	-1
38884.0078	-1
38893.0469	-1
38902.0859	-1
38911.1250	-1
38920.1641	-1
38929.2031	-1
38938.2422	-1
38947.2812	-1
38956.3203	-1
38965.3594	-1
38974.3984	-1
38983.4375	-1
38992.4766	-1
39001.5156	-1
39010.5547	-1
39019.5938	-1
39028.6328	-1
39037.6719	-1
39046.7109	-1
39055.7500	-1
39064.7891	-1
39073.8281	-1
39082.8672	-1
39091.9062	-1
39100.9453	-1
39109.9844	-1
39119.0234	-1
39128.0625	-1
39137.1016	-1
39146.1406	-1
39155.1797	-1
39164.2188	-1
39173.2578	-1
39182.2969	-1
39191.3359	-1
39200.3750	-1
39209.4141	-1
39218.4570	-1
39227.5000	-1
39236.5430	-1
39245.5859	-1
39254.6289	-1
39263.6719	-1
39272.7148	-1
39281.7578	-1
39290.8008	-1
39299.8438	-1
39308.8867	-1
39317.9297	-1
39326.9727	-1
39336.0156	-1
39345.0586	-1
39354.1016	-1
39363.1445	-1
39372.1875	-1
39381.2305	-1
39390.2734	-1
39399.3164	-1
39408.3594	-1
39417.4023	-1
39426.4453	-1
39435.4883	-1
39444.5312	-1
39453.5742	-1
39462.6172	-1
39471.6602	-1
39480.7031	-1
39489.7461	-1
39498.7891	-1
39507.8320	-1
39516.8750	-1
39525.9180	-1
39534.9609	-1
39544.0039	-1
39553.0469	-1
39562.0898	-1
39571.1328	-1
39580.1758	-1
39589.2188	-1
39598.2617	-1
39607.3047	-1
39616.3477	-1
39625.3906	-1
39634.4336	-1
39643.4766	-1
39652.5195	-1
39661.5625	-1
39670.6055	-1
39679.6484	-1
39688.6914	-1
39697.7344	-1
39706.7930	1
39715.8516	-1
39724.9102	1
39733.9688	1
39743.0273	-1
39752.0859	-1
39761.1445	-1
39770.2031	-1
39779.2617	-1
39788.3203	-1
39797.3789	-1
39806.4375	-1
39815.4961	-1
39824.5547	-1
39833.6289	1
39842.7031	-1
39851.7773	1
39860.8516	1
39869.9258	-1
39879.0000	-1
39888.0742	-1
39897.1484	-1
39906.2227	-1
39915.2969	-1
39924.3711	-1
39933.4453	-1
39942.5195	-1
39951.5938	-1
39960.6836	1
39969.7734	-1
39978.8633	1
39987.9531	1
39997.0469	-1
40006.1406	-1
40015.2344	-1
40024.3281	-1
40033.4219	-1
40042.5156	-1
40051.6094	-1
40060.7031	-1
40069.7969	-1
40078.8906	-1
40087.9844	-1
40097.0781	-1
40106.1719	1
40115.2656	1
40124.3594	1
40133.4531	1
40142.5508	-1
40151.6484	-1
40160.7461	-1
40169.8438	-1
40178.9414	-1
40188.0391	-1
40197.1367	-1
40206.2344	-1
40215.3320	-1
40224.4297	-1
40233.5273	-1
40242.6250	-1
40251.7227	-1
40260.8203	-1
40269.9180	-1
40279.0156	-1
40288.1133	-1
40297.2109	-1
40306.3086	1
40315.4062	1
40324.5039	1
40333.6016	1
40342.6992	1
40351.7969	1
40360.8945	-1
40369.9922	-1
40379.0898	-1
40388.1875	-1
40397.2852	-1
40406.3828	-1
40415.4805	1
40424.5781	1
40433.6797	-1
40442.7812	-1
40451.8828	-1
40460.9844	-1
40470.0859	-1
40479.1875	-1
40488.2891	-1
40497.3906	-1
40506.4922	-1
40515.5938	-1
40524.6953	-1
40533.7969	-1
40542.8984	-1
40552.0000	-1
40561.1016	-1
40570.2031	-1
40579.3047	-1
40588.4062	-1
40597.5078	1
40606.6094	-1
40615.7109	-1
40624.8125	-1
40633.9141	-1
40643.0156	-1
40652.1172	1
40661.2188	-1
40670.3203	1
40679.4219	1
40688.5234	-1
40697.6250	-1
40706.7266	-1
40715.8281	-1
40724.9297	-1
40734.0312	-1
40743.1328	1
40752.2344	1
40761.3359	-1
40770.4375	-1
40779.5391	-1
40788.6406	-1
40797.7422	-1
40806.8438	-1
40815.9453	-1
40825.0469	-1
40834.1484	-1
40843.2500	-1
40852.3516	-1
40861.4531	-1
40870.5547	-1
40879.6562	-1
40888.7578	-1
40897.8594	-1
40906.9609	-1
40916.0625	-1
40925.1680	-1
40934.2734	-1
40943.3789	-1
40952.4844	-1
40961.5898	-1
40970.6953	-1
40979.8008	-1
40988.9062	-1
40998.0117	-1
41007.1172	-1
41016.2227	-1
41025.3281	-1
41034.4336	-1
41043.5391	-1
41052.6445	-1
41061.7500	-1
41070.8555	-1
41079.9609	-1
41089.0664	-1
41098.1719	-1
41107.2773	-1
41116.3828	-1
41125.4883	-1
41134.5938	-1
41143.6992	-1
41152.8047	-1
41161.9102	-1
41171.0156	-1
41180.1211	-1
41189.2266	-1
41198.3320	-1
41207.4375	-1
41216.5547	1
41225.6719	-1
41234.7930	1
41243.9141	1
41253.0352	-1
41262.1562	-1
41271.2773	-1
41280.4102	1
41289.5430	-1
41298.6758	1
41307.8125	1
41316.9492	-1
41326.0859	-1
41335.2227	-1
41344.3594	-1
41353.4961	-1
41362.6328	-1
41371.7695	-1
41380.9062	-1
41390.0430	-1
41399.1797	-1
41408.3164	-1
41417.4531	-1
41426.5898	1
41435.7266	1
41444.8633	1
41454.0000	1
41463.1367	-1
41472.2734	-1
41481.4102	-1
41490.5469	-1
41499.6836	-1
41508.8203	-1
41517.9570	-1
41527.0938	-1
41536.2305	-1
41545.3672	-1
41554.5039	-1
41563.6406	-1
41572.7773	-1
41581.9141	-1
41591.0508	-1
41600.1875	-1
41609.3242	-1
41618.4609	-1
41627.5977	-1
41636.7344	-1
41645.8711	-1
41655.0078	-1
41664.1445	-1
41673.2969	1
41682.4492	-1
41691.6016	1
41700.7539	1
41709.9102	-1
41719.0664	-1
41728.2227	-1
41737.3789	-1
41746.5469	1
41755.7148	-1
41764.8828	1
41774.0508	1
41783.2227	-1
41792.3945	-1
41801.5664	-1
41810.7383	-1
41819.9102	-1
41829.0820	-1
41838.2539	-1
41847.4258	-1
41856.5977	-1
41865.7695	-1
41874.9414	-1
41884.1133	-1
41893.2852	1
41902.4570	1
41911.6289	1
41920.8008	1
41929.9727	-1
41939.1445	-1
41948.3164	-1
41957.4883	-1
41966.6602	-1
41975.8320	-1
41985.0039	-1
41994.1758	-1
42003.3477	-1
42012.5195	-1
42021.6914	-1
42030.8633	1
42040.0352	-1
42049.2070	1
42058.3789	1
42067.5508	-1
42076.7227	-1
42085.8945	-1
42095.0664	-1
42104.2383	-1
42113.4102	-1
42122.5859	-1
42131.7617	-1
42140.9375	-1
42150.1133	-1
42159.2891	-1
42168.4648	-1
42177.6406	-1
42186.8164	-1
42195.9922	-1
42205.1680	-1
42214.3438	-1
42223.5195	-1
42232.6953	-1
42241.8711	-1
42251.0469	-1
42260.2227	-1
42269.3984	-1
42278.5742	-1
42287.7500	-1
42296.9375	1
42306.1250	-1
42315.3164	1
42324.5078	1
42333.6992	-1
42342.8906	-1
42352.0820	-1
42361.2734	-1
42370.4648	-1
42379.6562	-1
42388.8477	-1
42398.0391	-1
42407.2305	-1
42416.4219	-1
42425.6133	-1
42434.8047	-1
42443.9961	1
42453.1875	1
42462.3789	1
42471.5703	1
42480.7617	-1
42489.9531	-1
42499.1445	-1
42508.3359	-1
42517.5273	-1
42526.7188	-1
42535.9102	-1
42545.1016	-1
42554.2930	-1
42563.4844	-1
42572.6758	-1
42581.8672	-1
42591.0586	-1
42600.2500	-1
42609.4414	-1
42618.6328	-1
42627.8242	-1
42637.0156	-1
42646.2070	-1
42655.4102	1
42664.6172	-1
42673.8242	1
42683.0312	1
42692.2383	-1
42701.4453	-1
42711.3359	-1
42721.2266	1
