9.3771	1
18.7675	1
28.1600	-1
37.5529	1
46.9459	1
56.3404	-1
65.7348	-1
75.1294	-1
84.5410	1
93.9548	-1
103.3692	1
112.7836	1
122.1990	-1
131.6145	-1
141.0299	-1
150.4454	-1
159.8609	-1
169.2763	-1
178.6919	-1
188.1075	-1
197.5231	-1
206.9548	1
216.3887	-1
225.8231	1
235.2576	1
244.6940	-1
254.1305	-1
263.5670	-1
273.0035	-1
282.4400	-1
291.8765	-1
301.3132	-1
310.7498	-1
320.1865	-1
329.6231	-1
339.0598	-1
348.4964	-1
357.9337	1
367.3710	1
376.8097	-1
386.2484	-1
395.6871	-1
405.1259	-1
414.5646	-1
424.0033	-1
433.4421	-1
442.8810	-1
452.3198	-1
461.7587	-1
471.1975	-1
480.6522	1
490.1091	-1
499.5665	1
509.0240	1
518.4828	-1
527.9417	-1
537.4006	-1
546.8594	-1
556.3184	-1
565.7776	-1
575.2604	1
584.7452	-1
594.2305	1
603.7158	1
613.2033	-1
622.6909	-1
632.1784	-1
641.6660	-1
651.1535	-1
660.6411	-1
670.1287	-1
679.6164	-1
689.1041	-1
698.5917	-1
708.0794	-1
717.5671	-1
727.0562	1
736.5453	1
746.0345	1
755.5237	1
765.0162	-1
774.5087	-1
784.0012	-1
793.4937	-1
802.9861	-1
812.4786	-1
821.9713	-1
831.4640	-1
840.9567	-1
850.4493	-1
859.9420	-1
869.4347	-1
878.9276	-1
888.4204	-1
897.9133	-1
907.4061	-1
916.8990	-1
926.3918	-1
935.8848	-1
945.3778	-1
954.8708	-1
964.3638	-1
973.8568	-1
983.3497	-1
992.8433	1
1002.3375	1
1011.8316	1
1021.3258	1
1030.8228	-1
1040.3197	-1
1049.8167	-1
1059.3136	-1
1068.8105	-1
1078.3075	-1
1087.8066	-1
1097.3059	-1
1106.8052	-1
1116.3044	-1
1125.8037	-1
1135.3030	-1
1144.8024	-1
1154.3018	-1
1163.8011	-1
1173.3005	-1
1182.7999	-1
1192.2993	-1
1201.7988	-1
1211.2983	-1
1220.7980	-1
1230.2976	-1
1239.8151	1
1249.3346	-1
1258.8546	1
1268.3746	1
1277.8964	-1
1287.4182	-1
1296.9401	-1
1306.4619	-1
1315.9838	-1
1325.5056	-1
1335.0275	-1
1344.5494	-1
1354.0714	-1
1363.5934	-1
1373.1343	1
1382.6775	-1
1392.2214	1
1401.7654	1
1411.3112	-1
1420.8569	-1
1430.4028	-1
1439.9487	-1
1449.4946	-1
1459.0406	-1
1468.5997	-1
1478.1643	1
1487.7312	-1
1497.2986	1
1506.8661	1
1516.4347	-1
1526.0033	-1
1535.5719	-1
1545.1405	-1
1554.7092	-1
1564.2780	-1
1573.8468	-1
1583.4156	-1
1592.9845	-1
1602.5533	-1
1612.1222	-1
1621.6910	-1
1631.2604	1
1640.8298	1
1650.3993	1
1659.9688	1
1669.5391	-1
1679.1094	-1
1688.6797	-1
1698.2500	-1
1707.8203	-1
1717.3906	-1
1726.9611	-1
1736.5315	-1
1746.1019	-1
1755.6724	-1
1765.2428	-1
1774.8132	-1
1784.3838	-1
1793.9543	-1
1803.5249	-1
1813.0955	-1
1822.6660	-1
1832.2366	-1
1841.8079	-1
1851.3792	-1
1860.9504	-1
1870.5217	-1
1880.0930	-1
1889.6643	-1
1899.2357	1
1908.8071	1
1918.3787	1
1927.9502	1
1937.5217	1
1947.0933	1
1956.6652	1
1966.2372	1
1975.8103	-1
1985.3834	-1
1994.9565	-1
2004.5297	-1
2014.1028	-1
2023.6759	-1
2033.2491	-1
2042.8224	-1
2052.3955	-1
2061.9688	-1
2071.5420	-1
2081.1152	-1
2090.6885	-1
2100.2617	-1
2109.8350	-1
2119.4082	-1
2128.9814	-1
2138.5547	-1
2148.1282	-1
2157.7017	-1
2167.2751	-1
2176.8486	-1
2186.4221	-1
2195.9956	-1
2205.5701	1
2215.1445	1
2224.7192	1
2234.2939	1
2243.8687	1
2253.4434	1
2263.0181	1
2272.5930	1
2282.1685	-1
2291.7439	-1
2301.3193	-1
2310.8948	-1
2320.4702	-1
2330.0457	-1
2339.6211	-1
2349.1965	-1
2358.7720	-1
2368.3477	-1
2377.9233	-1
2387.4990	-1
2397.0757	-1
2406.6523	-1
2416.2290	-1
2425.8057	-1
2435.3823	-1
2444.9590	-1
2454.5356	-1
2464.1123	-1
2473.6890	-1
2483.2656	-1
2492.8423	-1
2502.4189	-1
2511.9968	1
2521.5747	1
2531.1528	-1
2540.7310	-1
2550.3091	-1
2559.8872	-1
2569.4653	-1
2579.0435	-1
2588.6218	-1
2598.2002	-1
2607.7786	-1
2617.3569	-1
2626.9353	-1
2636.5137	-1
2646.0923	-1
2655.6709	-1
2665.2495	-1
2674.8281	-1
2684.4067	-1
2693.9854	-1
2703.5642	-1
2713.1431	-1
2722.7219	-1
2732.3008	-1
2741.8796	-1
2751.4585	-1
2761.0374	-1
2770.6162	-1
2780.1951	-1
2789.7739	-1
2799.3528	-1
2808.9316	-1
2818.5107	-1
2828.0898	-1
2837.6689	-1
2847.2480	-1
2856.8271	-1
2866.4062	-1
2875.9854	-1
2885.5645	-1
2895.1436	-1
2904.7227	-1
2914.3018	-1
2923.8809	-1
2933.4602	-1
2943.0396	-1
2952.6189	-1
2962.1982	-1
2971.7776	-1
2981.3569	-1
2990.9363	1
3000.5156	1
3010.0952	1
3019.6748	1
3029.2544	1
3038.8340	1
3048.4155	1
3057.9973	1
3067.5791	1
3077.1609	1
3086.7427	1
3096.3245	1
3105.9062	1
3115.4880	1
3125.0698	1
3134.6519	1
3144.2344	-1
3153.8169	-1
3163.3994	-1
3172.9819	-1
3182.5645	-1
3192.1470	-1
3201.7295	-1
3211.3120	-1
3220.8945	-1
3230.4771	-1
3240.0596	-1
3249.6421	-1
3259.2253	1
3268.8086	1
3278.3921	1
3287.9756	1
3297.5591	1
3307.1426	1
3316.7290	-1
3326.3154	-1
3335.9019	-1
3345.4883	-1
3355.0747	-1
3364.6611	-1
3374.2478	-1
3383.8345	-1
3393.4211	-1
3403.0078	-1
3412.5945	-1
3422.1812	-1
3431.7678	-1
3441.3545	-1
3450.9412	-1
3460.5278	-1
3470.1145	-1
3479.7014	-1
3489.2883	-1
3498.8752	-1
3508.4622	-1
3518.0491	-1
3527.6360	-1
3537.2229	-1
3546.8101	-1
3556.3972	-1
3565.9844	-1
3575.5715	-1
3585.1587	-1
3594.7458	-1
3604.3333	-1
3613.9207	-1
3623.5081	-1
3633.0955	-1
3642.6829	-1
3652.2703	-1
3661.8577	-1
3671.4451	-1
3681.0325	-1
3690.6199	-1
3700.2073	-1
3709.7947	-1
3719.3823	-1
3728.9700	-1
3738.5576	-1
3748.1453	-1
3757.7329	-1
3767.3206	-1
3776.9082	-1
3786.4961	-1
3796.0840	-1
3805.6719	-1
3815.2598	-1
3824.8477	-1
3834.4355	-1
3844.0234	-1
3853.6113	-1
3863.1992	-1
3872.7871	-1
3882.3750	-1
3891.9661	-1
3901.5571	-1
3911.1482	-1
3920.7393	-1
3930.3303	-1
3939.9214	-1
3949.5125	-1
3959.1035	-1
3968.6946	-1
3978.2856	-1
3987.8767	-1
3997.4678	-1
4007.0601	-1
4016.6523	-1
4026.2446	-1
4035.8369	-1
4045.4292	-1
4055.0215	-1
4064.6140	-1
4074.2065	-1
4083.7991	-1
4093.3916	-1
4102.9839	-1
4112.5762	-1
4122.1689	-1
4131.7617	-1
4141.3545	-1
4150.9473	-1
4160.5400	-1
4170.1328	-1
4179.7256	-1
4189.3184	-1
4198.9111	-1
4208.5039	-1
4218.0967	-1
4227.6895	-1
4237.2822	-1
4246.8750	-1
4256.4678	-1
4266.0605	-1
4275.6533	-1
4285.2461	-1
4294.8394	-1
4304.4326	-1
4314.0259	-1
4323.6191	-1
4333.2124	-1
4342.8057	-1
4352.4019	1
4361.9985	1
4371.5952	1
4381.1919	1
4390.7886	1
4400.3853	1
4409.9819	1
4419.5791	-1
4429.1763	-1
4438.7734	-1
4448.3706	-1
4457.9678	-1
4467.5649	-1
4477.1626	-1
4486.7603	-1
4496.3579	-1
4505.9556	-1
4515.5532	-1
4525.1509	-1
4534.7485	-1
4544.3462	-1
4553.9438	-1
4563.5415	-1
4573.1392	-1
4582.7368	-1
4592.3350	-1
4601.9331	-1
4611.5312	-1
4621.1294	-1
4630.7275	-1
4640.3257	-1
4649.9243	1
4659.5229	1
4669.1216	1
4678.7202	1
4688.3188	1
4697.9180	1
4707.5171	1
4717.1172	1
4726.7173	1
4736.3174	1
4745.9175	1
4755.5176	1
4765.1182	1
4774.7188	1
4784.3193	1
4793.9199	1
4803.5205	1
4813.1211	1
4822.7217	1
4832.3232	1
4841.9248	1
4851.5264	1
4861.1279	-1
4870.7295	-1
4880.3311	-1
4889.9326	-1
4899.5342	-1
4909.1357	-1
4918.7373	1
4928.3389	1
4937.9404	1
4947.5420	1
4957.1436	1
4966.7451	1
4976.3545	-1
4985.9639	-1
4995.5732	-1
5005.1826	-1
5014.7920	-1
5024.4014	-1
5034.0107	-1
5043.6201	-1
5053.2295	-1
5062.8389	-1
5072.4482	-1
5082.0576	-1
5091.6670	-1
5101.2764	-1
5110.8857	-1
5120.4951	-1
5130.1045	-1
5139.7139	-1
5149.3237	-1
5158.9336	-1
5168.5435	-1
5178.1533	-1
5187.7632	-1
5197.3730	-1
5206.9829	-1
5216.5928	-1
5226.2026	-1
5235.8125	-1
5245.4224	-1
5255.0322	-1
5264.6421	-1
5274.2520	-1
5283.8618	-1
5293.4717	-1
5303.0815	-1
5312.6914	-1
5322.3018	-1
5331.9121	-1
5341.5225	-1
5351.1328	-1
5360.7432	-1
5370.3535	-1
5379.9639	-1
5389.5742	-1
5399.1846	-1
5408.7949	-1
5418.4053	-1
5428.0156	-1
5437.6260	-1
5447.2363	-1
5456.8467	-1
5466.4570	-1
5476.0674	-1
5485.6777	-1
5495.2881	-1
5504.8984	-1
5514.5088	-1
5524.1191	-1
5533.7295	-1
5543.3398	-1
5552.9507	-1
5562.5615	-1
5572.1724	-1
5581.7832	-1
5591.3940	-1
5601.0049	-1
5610.6157	-1
5620.2266	-1
5629.8374	-1
5639.4482	-1
5649.0591	-1
5658.6699	-1
5668.2817	-1
5677.8936	-1
5687.5054	-1
5697.1172	-1
5706.7290	-1
5716.3408	-1
5725.9526	-1
5735.5645	-1
5745.1763	-1
5754.7881	-1
5764.3999	-1
5774.0117	-1
5783.6235	-1
5793.2354	-1
5802.8472	-1
5812.4590	-1
5822.0708	-1
5831.6826	-1
5841.2949	-1
5850.9072	-1
5860.5195	-1
5870.1318	-1
5879.7441	-1
5889.3564	-1
5898.9688	-1
5908.5811	-1
5918.1934	-1
5927.8057	-1
5937.4180	-1
5947.0303	-1
5956.6426	-1
5966.2549	-1
5975.8672	-1
5985.4795	-1
5995.0918	-1
6004.7041	-1
6014.3164	-1
6023.9287	-1
6033.5410	-1
6043.1533	-1
6052.7656	-1
6062.3779	-1
6071.9956	-1
6081.6133	-1
6091.2310	-1
6100.8486	-1
6110.4663	-1
6120.0840	-1
6129.7017	-1
6139.3193	-1
6148.9370	-1
6158.5547	-1
6168.1724	-1
6177.7900	-1
6187.4077	-1
6197.0254	-1
6206.6431	-1
6216.2607	-1
6225.8784	-1
6235.4961	-1
6245.1143	-1
6254.7324	-1
6264.3506	-1
6273.9688	-1
6283.5869	-1
6293.2051	-1
6302.8232	-1
6312.4414	-1
6322.0596	-1
6331.6777	-1
6341.4771	1
6351.2764	1
6361.0757	1
6370.8750	1
6380.6748	1
6390.4746	1
6400.2744	1
6410.0742	1
6419.8740	1
6429.6738	1
6439.4766	-1
6449.2793	-1
6459.0820	-1
6468.8848	-1
6478.6875	-1
6488.4902	-1
6498.2930	-1
6508.0957	-1
6517.8984	-1
6527.7012	-1
6537.5039	-1
6547.3066	-1
6557.1099	-1
6566.9131	-1
6576.7163	-1
6586.5195	-1
6596.3228	-1
6606.1260	-1
6615.9292	-1
6625.7324	-1
6635.5356	-1
6645.3389	-1
6655.1421	-1
6664.9453	-1
6674.7490	-1
6684.5527	-1
6694.3564	-1
6704.1602	-1
6713.9639	-1
6723.7676	-1
6733.5713	-1
6743.3750	-1
6753.1787	-1
6762.9824	-1
6772.7861	-1
6782.5898	-1
6792.3936	-1
6802.1973	-1
6812.0010	-1
6821.8047	-1
6831.6084	-1
6841.4121	-1
6851.2158	-1
6861.0195	-1
6870.8232	-1
6880.6270	-1
6890.4307	-1
6900.2344	-1
6910.0386	-1
6919.8428	-1
6929.6470	-1
6939.4512	-1
6949.2554	-1
6959.0596	-1
6968.8638	-1
6978.6680	-1
6988.4722	-1
6998.2764	-1
7008.0806	-1
7017.8848	-1
7027.7080	1
7037.5332	-1
7047.3589	1
7057.1846	1
7067.0117	-1
7076.8389	-1
7086.6660	-1
7096.4932	-1
7106.3203	-1
7116.1475	-1
7125.9746	-1
7135.8018	-1
7145.6289	-1
7155.4561	-1
7165.2832	-1
7175.1104	-1
7184.9380	1
7194.7656	1
7204.5933	1
7214.4214	1
7224.2505	-1
7234.0796	-1
7243.9087	-1
7253.7378	-1
7263.5669	-1
7273.3960	-1
7283.2251	-1
7293.0542	-1
7302.8833	-1
7312.7124	-1
7322.5415	-1
7332.3706	-1
7342.1997	-1
7352.0288	-1
7361.8579	-1
7371.6870	-1
7381.5161	-1
7391.3452	-1
7401.1753	-1
7411.0054	-1
7420.8354	-1
7430.6655	-1
7440.4956	-1
7450.3257	1
7460.1558	-1
7469.9858	1
7479.8159	1
7489.6460	1
7499.4761	1
7509.3062	1
7519.1367	1
7528.9673	1
7538.7988	-1
7548.6304	-1
7558.4619	-1
7568.2935	-1
7578.1250	-1
7587.9565	-1
7597.7886	-1
7607.6206	-1
7617.4526	-1
7627.2847	-1
7637.1167	-1
7646.9487	-1
7656.7817	-1
7666.6147	-1
7676.4478	-1
7686.2808	-1
7696.1138	-1
7705.9468	-1
7715.7798	-1
7725.6128	-1
7735.4458	-1
7745.2788	-1
7755.1118	-1
7764.9448	-1
7774.7783	-1
7784.6118	-1
7794.4453	-1
7804.2788	-1
7814.1123	-1
7823.9458	-1
7833.7793	1
7843.6128	1
7853.4463	-1
7863.2798	-1
7873.1133	-1
7882.9468	-1
7892.7803	-1
7902.6138	-1
7912.4473	-1
7922.2808	-1
7932.1143	-1
7941.9478	-1
7951.7812	-1
7961.6147	-1
7971.4487	-1
7981.2827	-1
7991.1167	-1
8000.9507	-1
8010.7847	-1
8020.6187	-1
8030.4536	1
8040.2886	1
8050.1235	1
8059.9585	1
8069.7935	1
8079.6284	1
8089.4634	1
8099.2983	1
8109.1338	1
8118.9692	1
8128.8047	1
8138.6401	1
8148.4756	1
8158.3110	1
8168.1475	-1
8177.9839	-1
8187.8203	-1
8197.6562	-1
8207.4922	-1
8217.3281	-1
8227.1650	-1
8237.0020	-1
8246.8389	-1
8256.6758	-1
8266.5127	-1
8276.3496	-1
8286.1865	-1
8296.0244	-1
8305.8623	-1
8315.7002	-1
8325.5381	-1
8335.3760	-1
8345.2139	1
8355.0518	1
8364.8906	1
8374.7295	1
8384.5684	1
8394.4072	1
8404.2490	-1
8414.0908	-1
8423.9326	-1
8433.7744	-1
8443.6162	-1
8453.4580	-1
8463.3008	1
8473.1436	-1
8482.9863	-1
8492.8291	-1
8502.6719	-1
8512.5146	-1
8522.3574	-1
8532.2002	-1
8542.0430	-1
8551.8857	-1
8561.7285	-1
8571.5713	-1
8581.4141	-1
8591.2568	-1
8601.0996	-1
8610.9424	-1
8620.7852	-1
8630.6279	-1
8640.4707	-1
8650.3135	-1
8660.1562	-1
8669.9990	-1
8679.8418	-1
8689.6846	-1
8699.5273	-1
8709.3701	-1
8719.2129	-1
8729.0557	-1
8738.8984	-1
8748.7412	-1
8758.5840	-1
8768.4277	-1
8778.2715	-1
8788.1152	-1
8797.9590	-1
8807.8027	-1
8817.6465	-1
8827.4902	-1
8837.3340	-1
8847.1777	-1
8857.0215	-1
8866.8652	-1
8876.7090	-1
8886.5527	1
8896.3965	-1
8906.2402	-1
8916.0840	-1
8925.9277	-1
8935.7715	-1
8945.6152	-1
8955.4590	-1
8965.3027	-1
8975.1465	-1
8984.9902	-1
8994.8340	-1
9004.6777	-1
9014.5215	1
9024.3662	1
9034.2109	1
9044.0557	-1
9053.9004	1
9063.7451	-1
9073.5898	-1
9083.4346	-1
9093.2793	-1
9103.1240	-1
9112.9688	1
9122.8135	1
9132.6582	1
9142.5029	-1
9152.3477	-1
9162.1924	-1
9172.0371	-1
9181.8818	-1
9191.7266	-1
9201.5713	-1
9211.4160	-1
9221.2607	-1
9231.1055	-1
9240.9502	-1
9250.7949	-1
9260.6396	-1
9270.4844	-1
9280.3291	-1
9290.1738	-1
9300.0186	-1
9309.8633	-1
9319.7090	-1
9329.5547	-1
9339.4004	-1
9349.2461	-1
9359.0918	-1
9368.9375	-1
9378.7832	-1
9388.6289	-1
9398.4746	-1
9408.3203	-1
9418.1660	-1
9428.0117	-1
9437.8574	-1
9447.7031	-1
9457.5488	-1
9467.3945	-1
9477.2402	-1
9487.0859	-1
9496.9316	-1
9506.7773	-1
9516.6230	-1
9526.4688	-1
9536.3145	-1
9546.1602	-1
9556.0059	-1
9565.8516	-1
9575.6973	-1
9585.5430	-1
9595.3887	-1
9605.2344	-1
9615.0820	-1
9624.9297	-1
9634.7773	-1
9644.6250	-1
9654.4727	-1
9664.3203	-1
9674.1680	-1
9684.0156	-1
9693.8633	-1
9703.7109	-1
9713.5586	-1
9723.4062	-1
9733.2539	-1
9743.1016	-1
9752.9492	-1
9762.7969	-1
9772.6445	-1
9782.4922	-1
9792.3398	-1
9802.1875	-1
9812.0352	-1
9821.8828	-1
9831.7305	-1
9841.5781	-1
9851.4258	-1
9861.2734	-1
9871.1211	-1
9880.9688	-1
9890.8164	-1
9900.6641	-1
9910.5137	-1
9920.3633	-1
9930.2129	-1
9940.0625	-1
9949.9121	-1
9959.7617	-1
9969.6113	-1
9979.4609	-1
9989.3105	-1
9999.1602	-1
10009.0098	-1
10018.8594	-1
10028.7090	-1
10038.5586	-1
10048.4082	-1
10058.2578	-1
10068.2969	1
10078.3369	-1
10088.3770	-1
10098.4170	-1
10108.4570	-1
10118.4971	-1
10128.5371	-1
10138.5918	1
10148.6475	-1
10158.7041	1
10168.7607	1
10178.8184	-1
10188.8760	-1
10198.9336	-1
10208.9912	-1
10219.0488	-1
10229.1064	-1
10239.1641	-1
10249.2217	-1
10259.2930	1
10269.3662	-1
10279.4395	1
10289.5127	1
10299.5869	-1
10309.6611	-1
10319.7354	-1
10329.8096	-1
10339.8838	-1
10349.9580	-1
10360.0322	-1
10370.1064	-1
10380.1807	-1
10390.2549	-1
10400.3291	-1
10410.4033	-1
10420.4785	1
10430.5537	-1
10440.6289	-1
10450.7041	-1
10460.7793	-1
10470.8545	-1
10480.9297	-1
10491.0205	1
10501.1123	-1
10511.2051	1
10521.2979	1
10531.3916	-1
10541.4854	-1
10551.5791	-1
10561.6729	-1
10571.7666	-1
10581.8604	-1
10591.9541	-1
10602.0479	-1
10612.1416	-1
10622.2354	-1
10632.3291	-1
10642.4365	1
10652.5459	-1
10662.6553	1
10672.7646	1
10682.8750	-1
10692.9854	-1
10703.0957	-1
10713.2061	-1
10723.3164	-1
10733.4268	-1
10743.5371	-1
10753.6475	-1
10763.7578	-1
10773.8682	-1
10783.9785	-1
10794.0889	-1
10804.2002	1
10814.3115	1
10824.4229	1
10834.5342	1
10844.6465	-1
10854.7588	-1
10864.8711	-1
10874.9834	-1
10885.0957	-1
10895.2080	-1
10905.3203	1
10915.4326	1
10925.5459	-1
10935.6592	-1
10945.7725	-1
10955.8857	-1
10965.9990	-1
10976.1123	-1
10986.2256	-1
10996.3389	-1
11006.4521	-1
11016.5654	-1
11026.6787	-1
11036.7920	-1
11046.9053	-1
11057.0186	-1
11067.1318	-1
11077.2451	-1
11087.3584	-1
11097.4717	-1
11107.5850	1
11117.6992	1
11127.8135	1
11137.9277	1
11148.0420	1
11158.1562	1
11168.2705	-1
11178.3848	-1
11188.4990	-1
11198.6133	-1
11208.7275	-1
11218.8418	-1
11228.9561	-1
11239.0703	-1
11249.1846	-1
11259.2988	-1
11269.4131	-1
11279.5273	-1
11289.6426	1
11299.7578	1
11309.8730	1
11319.9883	1
11330.1035	-1
11340.2188	-1
11350.3340	-1
11360.4492	-1
11370.5645	-1
11380.6797	-1
11390.7959	1
11400.9121	1
11411.0293	-1
11421.1465	-1
11431.2637	-1
11441.3809	-1
11451.4980	-1
11461.6152	-1
11471.7324	-1
11481.8496	-1
11491.9668	-1
11502.0840	-1
11512.2012	-1
11522.3184	-1
11532.4355	-1
11542.5527	-1
11552.6699	-1
11562.7871	-1
11572.9043	-1
11583.0215	-1
11593.1387	-1
11603.2559	-1
11613.3730	-1
11623.4902	-1
11633.6074	-1
11643.7246	-1
11653.8418	1
11663.9590	1
11674.0762	-1
11684.1934	-1
11694.3105	-1
11704.4277	-1
11714.5449	-1
11724.6621	-1
11734.7803	1
11744.8984	1
11755.0166	1
11765.1348	1
11775.2529	1
11785.3711	1
11795.4893	1
11805.6074	1
11815.7266	-1
11825.8457	-1
11835.9648	-1
11846.0840	-1
11856.2031	-1
11866.3223	-1
11876.4414	-1
11886.5605	-1
11896.6797	-1
11906.7988	-1
11916.9180	-1
11927.0371	-1
11937.1572	-1
11947.2773	-1
11957.3975	-1
11967.5176	-1
11977.6377	-1
11987.7578	-1
11997.8779	-1
12007.9980	-1
12018.1182	-1
12028.2383	-1
12038.3584	-1
12048.4785	-1
12058.5986	-1
12068.7188	-1
12078.8389	-1
12088.9590	-1
12099.0791	-1
12109.1992	-1
12119.3193	-1
12129.4395	-1
12139.5596	-1
12149.6797	-1
12159.7998	-1
12169.9199	-1
12180.0400	-1
12190.1602	-1
12200.2803	-1
12210.4004	-1
12220.5205	-1
12230.6406	-1
12240.7607	-1
12250.8809	-1
12261.0010	-1
12271.1211	-1
12281.2412	-1
12291.3613	-1
12301.4834	1
12311.6055	1
12321.7275	1
12331.8496	1
12341.9717	-1
12352.0938	-1
12362.2158	-1
12372.3379	-1
12382.4600	-1
12392.5820	-1
12402.7051	-1
12412.8281	-1
12422.9512	-1
12433.0742	-1
12443.1973	-1
12453.3203	-1
12463.4434	-1
12473.5664	-1
12483.6895	-1
12493.8125	-1
12503.9355	-1
12514.0586	-1
12524.1826	-1
12534.3066	-1
12544.4307	-1
12554.5547	-1
12564.6787	-1
12574.8027	-1
12584.9268	-1
12595.0508	-1
12605.1748	-1
12615.2988	-1
12625.4229	-1
12635.5469	-1
12645.6709	-1
12655.7949	-1
12665.9189	-1
12676.0430	-1
12686.1670	-1
12696.2910	-1
12706.4160	-1
12716.5410	-1
12726.6660	-1
12736.7910	-1
12746.9160	-1
12757.0410	-1
12767.1660	-1
12777.2910	-1
12787.4160	-1
12797.5410	-1
12807.6660	-1
12817.7910	-1
12827.9160	-1
12838.0410	-1
12848.1660	-1
12858.2910	-1
12868.4160	-1
12878.5410	-1
12888.6660	-1
12898.7910	-1
12908.9160	-1
12919.0410	-1
12929.1660	-1
12939.2910	-1
12949.4170	-1
12959.5430	-1
12969.6689	-1
12979.7949	-1
12989.9209	-1
13000.0469	-1
13010.1729	-1
13020.2988	-1
13030.4385	1
13040.5801	-1
13050.7217	1
13060.8633	1
13071.0059	-1
13081.1484	-1
13091.2920	-1
13101.4482	1
13111.6064	-1
13121.7646	1
13131.9229	1
13142.0820	-1
13152.2412	-1
13162.4004	-1
13172.5596	-1
13182.7188	-1
13192.8906	1
13203.0645	-1
13213.2383	1
13223.4121	1
13233.5869	-1
13243.7617	-1
13253.9365	-1
13264.1113	-1
13274.2861	-1
13284.4609	-1
13294.6357	-1
13304.8105	-1
13314.9854	-1
13325.1602	-1
13335.3350	-1
13345.5098	-1
13355.6855	1
13365.8613	1
13376.0381	-1
13386.2148	-1
13396.3916	-1
13406.5684	-1
13416.7451	-1
13426.9219	-1
13437.0986	-1
13447.2754	-1
13457.4648	1
13467.6553	-1
13477.8467	1
13488.0381	1
13498.2305	-1
13508.4229	-1
13518.6152	-1
13528.8076	-1
13539.0000	-1
13549.1924	-1
13559.3848	-1
13569.5771	-1
13579.7695	-1
13589.9619	-1
13600.1543	-1
13610.3467	-1
13620.5391	1
13630.7314	1
13640.9238	1
13651.1162	1
13661.3096	-1
13671.5029	-1
13681.6963	-1
13691.8896	-1
13702.0830	-1
13712.2764	-1
13722.4707	-1
13732.6650	1
13742.8594	-1
13753.0537	-1
13763.2480	-1
13773.4424	-1
13783.6367	-1
13793.8311	1
13804.0254	-1
13814.2197	-1
13824.4141	-1
13834.6084	-1
13844.8027	-1
13854.9971	-1
13865.1914	-1
13875.3857	-1
13885.5801	-1
13895.7744	-1
13905.9688	-1
13916.1631	-1
13926.3574	1
13936.5518	1
13946.7471	1
13956.9424	1
13967.1377	1
13977.3330	1
13987.5283	-1
13997.7236	-1
14007.9189	-1
14018.1143	-1
14028.3096	-1
14038.5049	-1
14048.7002	-1
14058.8955	-1
14069.0908	-1
14079.2861	-1
14089.4814	-1
14099.6768	-1
14109.8730	1
14120.0693	1
14130.2656	-1
14140.4619	-1
14150.6582	-1
14160.8545	-1
14171.0508	-1
14181.2471	-1
14191.4434	1
14201.6396	1
14211.8369	1
14222.0342	1
14232.2314	-1
14242.4287	-1
14252.6260	-1
14262.8232	-1
14273.0205	-1
14283.2178	-1
14293.4150	1
14303.6133	1
14313.8115	-1
14324.0098	-1
14334.2080	-1
14344.4062	-1
14354.6045	-1
14364.8027	-1
14375.0010	-1
14385.1992	-1
14395.3975	-1
14405.5957	-1
14415.7939	-1
14425.9922	-1
14436.1914	1
14446.3906	1
14456.5908	-1
14466.7910	-1
14476.9912	-1
14487.1914	-1
14497.3916	-1
14507.5918	-1
14517.7930	-1
14527.9941	-1
14538.1953	-1
14548.3965	-1
14558.5977	-1
14568.7988	-1
14579.0000	-1
14589.2012	-1
14599.4023	-1
14609.6035	-1
14619.8047	-1
14630.0059	-1
14640.2070	-1
14650.4082	-1
14660.6094	-1
14670.8105	-1
14681.0117	-1
14691.2129	-1
14701.4141	-1
14711.6152	-1
14721.8164	-1
14732.0176	-1
14742.2188	-1
14752.4199	-1
14762.6211	-1
14772.8223	-1
14783.0234	-1
14793.2246	-1
14803.4258	-1
14813.6270	-1
14823.8281	-1
14834.0293	-1
14844.2305	-1
14854.4316	-1
14864.6328	-1
14874.8340	-1
14885.0352	-1
14895.2363	-1
14905.4375	-1
14915.6387	-1
14925.8398	-1
14936.0410	-1
14946.2422	-1
14956.4434	-1
14966.6445	-1
14976.8457	-1
14987.0469	-1
14997.2480	-1
15007.4502	-1
15017.6523	-1
15027.8545	-1
15038.0566	-1
15048.2588	-1
15058.4609	-1
15068.6631	-1
15078.8652	-1
15089.0674	-1
15099.2695	-1
15109.4717	-1
15119.6738	-1
15129.8760	-1
15140.0781	-1
15150.2803	-1
15160.4961	1
15170.7129	-1
15180.9307	1
15191.1484	1
15201.3672	-1
15211.5859	-1
15221.8047	-1
15232.0234	-1
15242.2422	-1
15252.4609	-1
15262.6797	-1
15272.8984	-1
15283.1299	1
15293.3633	-1
15303.5967	1
15313.8311	1
15324.0654	-1
15334.2998	-1
15344.5342	-1
15354.7686	-1
15365.0029	-1
15375.2373	-1
15385.4727	-1
15395.7207	1
15405.9697	-1
15416.2197	1
15426.4697	1
15436.7207	-1
15446.9717	-1
15457.2227	-1
15467.4736	-1
15477.7246	-1
15487.9893	1
15498.2559	-1
15508.5225	1
15518.7891	1
15529.0566	-1
15539.3242	-1
15549.5918	-1
15559.8594	-1
15570.1270	-1
15580.3945	-1
15590.6631	-1
15600.9316	-1
15611.2002	-1
15621.4688	-1
15631.7373	-1
15642.0059	-1
15652.2744	1
15662.5430	1
15672.8115	1
15683.0801	1
15693.3506	-1
15703.6211	-1
15713.8916	-1
15724.1621	-1
15734.4326	-1
15744.7031	-1
15754.9736	-1
15765.2441	-1
15775.5146	-1
15785.7852	-1
15796.0557	-1
15806.3262	-1
15816.5967	-1
15826.8672	-1
15837.1377	-1
15847.4082	-1
15857.6787	-1
15867.9492	-1
15878.2197	-1
15888.4902	-1
15898.7607	-1
15909.0312	-1
15919.3018	-1
15929.5723	-1
15939.8438	1
15950.1152	1
15960.3867	1
15970.6582	1
15980.9297	1
15991.2012	1
16001.4727	1
16011.7441	1
16022.0186	-1
16032.2930	-1
16042.5674	-1
16052.8418	-1
16063.1162	-1
16073.3906	-1
16083.6650	-1
16093.9395	-1
16104.2139	-1
16114.4883	-1
16124.7627	-1
16135.0371	-1
16145.3115	1
16155.5869	1
16165.8623	-1
16176.1377	-1
16186.4131	-1
16196.6885	-1
16206.9639	-1
16217.2393	-1
16227.5146	1
16237.7900	1
16248.0654	-1
16258.3408	-1
16268.6162	-1
16278.8916	-1
16289.1670	-1
16299.4424	-1
16309.7178	-1
16319.9932	-1
16330.2686	-1
16340.5439	-1
16350.8193	-1
16361.0947	-1
16371.3701	-1
16381.6455	-1
16391.9219	-1
16402.1973	-1
16412.4727	-1
16422.7480	-1
16433.0234	-1
16443.2988	-1
16453.5742	-1
16463.8496	-1
16474.1250	-1
16484.4004	-1
16494.6758	-1
16504.9512	-1
16515.2266	-1
16525.5020	-1
16535.7773	-1
16546.0527	-1
16556.3301	1
16566.6074	1
16576.8848	1
16587.1621	-1
16597.4395	-1
16607.7168	-1
16617.9941	-1
16628.2715	-1
16638.5488	-1
16648.8262	-1
16659.1035	-1
16669.3809	-1
16679.6582	-1
16689.9355	-1
16700.2129	-1
16710.4922	-1
16720.7715	-1
16731.0508	-1
16741.3301	-1
16751.6094	-1
16761.8887	-1
16772.1680	-1
16782.4473	-1
16792.7266	-1
16803.0059	-1
16813.2852	-1
16823.5645	-1
16833.8438	-1
16844.1230	-1
16854.4023	-1
16864.6816	-1
16874.9609	-1
16885.2402	-1
16895.5195	-1
16905.7988	-1
16916.0781	-1
16926.3574	-1
16936.6367	-1
16946.9160	-1
16957.1973	-1
16967.4785	-1
16977.7598	-1
16988.0410	-1
16998.3223	-1
17008.6152	1
17018.9102	-1
17029.2051	1
17039.5000	1
17049.7969	-1
17060.0938	-1
17070.3906	-1
17080.6875	-1
17090.9844	-1
17101.2812	-1
17111.5781	-1
17121.8750	-1
17132.1719	-1
17142.4688	-1
17152.7656	-1
17163.0625	-1
17173.3594	1
17183.6562	1
17193.9531	1
17204.2500	1
17214.5488	-1
17224.8477	-1
17235.1465	-1
17245.4453	-1
17255.7441	-1
17266.0430	-1
17276.3418	-1
17286.6406	-1
17296.9395	-1
17307.2383	-1
17317.5371	-1
17327.8359	-1
17338.1348	1
17348.4336	-1
17358.7324	-1
17369.0312	-1
17379.3301	1
17389.6289	-1
17399.9277	-1
17410.2266	-1
17420.5254	-1
17430.8242	-1
17441.1230	-1
17451.4219	-1
17461.7207	-1
17472.0195	-1
17482.3184	1
17492.6172	1
17502.9180	1
17513.2188	1
17523.5195	1
17533.8203	1
17544.1211	-1
17554.4219	-1
17564.7227	-1
17575.0234	-1
17585.3242	-1
17595.6250	-1
17605.9258	-1
17616.2266	-1
17626.5273	-1
17636.8281	-1
17647.1289	-1
17657.4297	-1
17667.7305	-1
17678.0312	-1
17688.3320	-1
17698.6328	-1
17708.9336	-1
17719.2344	-1
17729.5352	1
17739.8359	1
17750.1367	1
17760.4375	1
17770.7402	1
17781.0430	1
17791.3457	-1
17801.6484	-1
17811.9512	-1
17822.2539	-1
17832.5566	-1
17842.8594	-1
17853.1621	-1
17863.4648	-1
17873.7676	-1
17884.0703	-1
17894.3730	-1
17904.6758	-1
17914.9785	-1
17925.2812	-1
17935.5840	-1
17945.8867	-1
17956.1895	-1
17966.4922	-1
17976.7949	-1
17987.0977	-1
17997.4004	-1
18007.7031	-1
18018.0059	-1
18028.3086	-1
18038.6113	-1
18048.9141	-1
18059.2168	-1
18069.5195	-1
18079.8223	-1
18090.1250	-1
18100.4277	-1
18110.7305	-1
18121.0332	-1
18131.3359	-1
18141.6387	-1
18151.9414	-1
18162.2441	1
18172.5469	1
18182.8516	1
18193.1562	-1
18203.4609	-1
18213.7656	-1
18224.0703	-1
18234.3750	-1
18244.6797	-1
18254.9844	-1
18265.2891	-1
18275.5938	-1
18285.8984	-1
18296.2031	-1
18306.5078	-1
18316.8125	-1
18327.1172	-1
18337.4219	-1
18347.7266	-1
18358.0312	-1
18368.3359	-1
18378.6406	-1
18388.9453	-1
18399.2500	-1
18409.5547	-1
18419.8594	-1
18430.1641	-1
18440.4688	-1
18450.7734	-1
18461.0801	-1
18471.3867	-1
18481.6934	-1
18492.0000	-1
18502.3066	-1
18512.6133	-1
18522.9199	-1
18533.2266	-1
18543.5332	-1
18553.8398	-1
18564.1465	-1
18574.4531	-1
18584.7598	-1
18595.0664	-1
18605.3730	-1
18615.6797	-1
18625.9863	-1
18636.2930	-1
18646.5996	-1
18656.9062	-1
18667.2266	1
18677.5488	-1
18687.8711	1
18698.1934	1
18708.5176	-1
18718.8418	-1
18729.1660	-1
18739.4902	-1
18749.8145	-1
18760.1387	-1
18770.4629	-1
18780.7871	-1
18791.1113	-1
18801.4355	-1
18811.7598	-1
18822.0840	-1
18832.4082	1
18842.7324	1
18853.0566	1
18863.3809	1
18873.7070	-1
18884.0332	-1
18894.3594	-1
18904.6855	-1
18915.0117	-1
18925.3379	-1
18935.6641	-1
18945.9902	-1
18956.3164	-1
18966.6426	-1
18976.9688	-1
18987.2949	-1
18997.6211	-1
19007.9473	-1
19018.2734	-1
19028.5996	-1
19038.9258	-1
19049.2520	-1
19059.5781	-1
19069.9043	-1
19080.2305	-1
19090.5566	-1
19100.8828	-1
19111.2090	-1
19121.5371	1
19131.8652	1
19142.1934	1
19152.5215	1
19162.8496	1
19173.1777	1
19183.5059	1
19193.8340	1
19204.1641	-1
19214.4941	-1
19224.8242	-1
19235.1543	-1
19245.4844	-1
19255.8145	-1
19266.1445	-1
19276.4746	-1
19286.8047	-1
19297.1348	-1
19307.4648	-1
19317.7949	-1
19328.1250	-1
19338.4551	-1
19348.7852	-1
19359.1152	-1
19369.4453	-1
19379.7754	-1
19390.1055	-1
19400.4355	-1
19410.7656	-1
19421.0957	-1
19431.4258	-1
19441.7559	-1
19452.0859	-1
19462.4160	-1
19472.7461	-1
19483.0762	-1
19493.4062	-1
19503.7363	-1
19514.0664	1
19524.3965	1
19534.7285	1
19545.0605	1
19555.3926	1
19565.7246	1
19576.0566	1
19586.3887	1
19596.7207	1
19607.0527	1
19617.3848	-1
19627.7168	-1
19638.0488	-1
19648.3809	-1
19658.7129	-1
19669.0449	-1
19679.3770	-1
19689.7090	-1
19700.0410	-1
19710.3730	-1
19720.7051	-1
19731.0371	-1
19741.3691	-1
19751.7012	-1
19762.0332	-1
19772.3652	-1
19782.6973	-1
19793.0293	-1
19803.3633	1
19813.6973	1
19824.0312	1
19834.3652	1
19844.6992	1
19855.0332	1
19865.3672	-1
19875.7012	-1
19886.0352	-1
19896.3691	-1
19906.7031	-1
19917.0371	-1
19927.3730	-1
19937.7090	-1
19948.0449	-1
19958.3809	-1
19968.7168	-1
19979.0527	-1
19989.3887	-1
19999.7246	-1
20010.0605	-1
20020.3965	-1
20030.7324	-1
20041.0684	-1
20051.4062	-1
20061.7441	-1
20072.0820	-1
20082.4199	-1
20092.7578	-1
20103.0957	-1
20113.4336	-1
20123.7715	-1
20134.1094	-1
20144.4473	-1
20154.7852	-1
20165.1230	-1
20175.4609	-1
20185.7988	-1
20196.1367	-1
20206.4746	-1
20216.8125	-1
20227.1504	-1
20237.4902	-1
20247.8301	-1
20258.1699	-1
20268.5098	-1
20278.8496	-1
20289.1895	-1
20299.5293	1
20309.8691	1
20320.2090	1
20330.5488	1
20340.8887	1
20351.2285	1
20361.5684	1
20371.9082	1
20382.2480	-1
20392.5879	-1
20402.9277	-1
20413.2676	-1
20423.6074	-1
20433.9473	-1
20444.2871	-1
20454.6270	-1
20464.9668	-1
20475.3066	-1
20485.6465	-1
20495.9863	-1
20506.3262	-1
20516.6660	-1
20527.0059	-1
20537.3457	-1
20547.6855	-1
20558.0254	-1
20568.3652	-1
20578.7051	-1
20589.0449	-1
20599.3848	-1
20609.7246	-1
20620.0645	-1
20630.4043	-1
20640.7441	-1
20651.0840	-1
20661.4238	-1
20671.7637	-1
20682.1035	-1
20692.4434	-1
20702.7832	-1
20713.1230	-1
20723.4629	-1
20733.8027	-1
20744.1426	-1
20754.4844	-1
20764.8262	-1
20775.1680	-1
20785.5098	-1
20795.8516	-1
20806.1934	-1
20816.5352	-1
20826.8770	-1
20837.2188	-1
20847.5605	-1
20857.9023	-1
20868.2441	-1
20878.5859	-1
20888.9277	-1
20899.2695	-1
20909.6113	-1
20919.9531	-1
20930.2949	-1
20940.6367	1
20950.9785	1
20961.3203	1
20971.6621	1
20982.0039	1
20992.3457	1
21002.6875	1
21013.0293	1
21023.3711	1
21033.7129	1
21044.0547	1
21054.3965	1
21064.7383	1
21075.0820	1
21085.4258	1
21095.7695	1
21106.1133	1
21116.4570	1
21126.8027	1
21137.1484	1
21147.4941	1
21157.8398	1
21168.1855	1
21178.5312	1
21188.8789	-1
21199.2285	-1
21209.5781	-1
21219.9277	-1
21230.2773	-1
21240.6270	-1
21250.9766	-1
21261.3262	-1
21271.6758	-1
21282.0254	-1
21292.3750	-1
21302.7246	-1
21313.0742	-1
21323.4238	-1
21333.7734	-1
21344.1230	-1
21354.4727	-1
21364.8223	-1
21375.1719	-1
21385.5215	-1
21395.8711	-1
21406.2207	-1
21416.5703	-1
21426.9199	-1
21437.2695	-1
21447.6191	-1
21457.9688	-1
21468.3184	-1
21478.6680	-1
21489.0176	-1
21499.3672	-1
21509.7168	-1
21520.0664	-1
21530.4160	-1
21540.7656	-1
21551.1152	-1
21561.4648	-1
21571.8145	-1
21582.1641	-1
21592.5137	-1
21602.8633	-1
21613.2129	-1
21623.5625	-1
21633.9121	-1
21644.2617	-1
21654.6113	-1
21664.9609	-1
21675.3105	-1
21685.6602	-1
21696.0098	-1
21706.3594	-1
21716.7090	-1
21727.0586	-1
21737.4082	-1
21747.7578	-1
21758.1074	-1
21768.4570	-1
21778.8066	-1
21789.1562	-1
21799.5059	-1
21809.8555	1
21820.2051	1
21830.5566	1
21840.9082	1
21851.2598	1
21861.6113	1
21871.9629	1
21882.3145	1
21892.6660	1
21903.0176	1
21913.3691	1
21923.7207	1
21934.0762	1
21944.4316	1
21954.7871	1
21965.1426	1
21975.4980	1
21985.8535	1
21996.2090	1
22006.5645	1
22016.9199	-1
22027.2754	-1
22037.6309	-1
22047.9863	-1
22058.3418	-1
22068.6973	-1
22079.0527	-1
22089.4082	-1
22099.7637	-1
22110.1191	-1
22120.4746	-1
22130.8301	-1
22141.1855	-1
22151.5410	-1
22161.8965	-1
22172.2520	-1
22182.6074	-1
22192.9629	-1
22203.3184	-1
22213.6738	-1
22224.0293	-1
22234.3848	-1
22244.7402	-1
22255.0957	-1
22265.4512	-1
22275.8066	-1
22286.1621	-1
22296.5176	-1
22306.8730	-1
22317.2285	-1
22327.5840	-1
22337.9395	-1
22348.2949	-1
22358.6504	-1
22369.0059	-1
22379.3613	-1
22389.7168	-1
22400.0723	-1
22410.4277	-1
22420.7832	-1
22431.1387	-1
22441.4941	-1
22451.8516	-1
22462.2090	-1
22472.5664	-1
22482.9238	-1
22493.2812	-1
22503.6387	-1
22513.9961	-1
22524.3535	-1
22534.7109	-1
22545.0684	-1
22555.4258	-1
22565.7832	-1
22576.1406	-1
22586.4980	-1
22596.8555	-1
22607.2129	-1
22617.5703	-1
22627.9277	-1
22638.2852	-1
22648.6426	-1
22659.0000	-1
22669.3574	-1
22679.7148	-1
22690.0723	-1
22700.4297	1
22710.7871	1
22721.1445	1
22731.5020	1
22741.8613	1
22752.2207	1
22762.5801	1
22772.9395	1
22783.2988	1
22793.6582	1
22804.0176	1
22814.3770	1
22824.7363	1
22835.0957	1
22845.4551	1
22855.8145	1
22866.1738	1
22876.5332	1
22886.8926	1
22897.2520	1
22907.6133	1
22917.9746	1
22928.3359	-1
22938.6973	-1
22949.0586	-1
22959.4199	-1
22969.7812	-1
22980.1426	-1
22990.5039	-1
23000.8652	-1
23011.2266	-1
23021.5879	-1
23031.9492	-1
23042.3105	-1
23052.6719	-1
23063.0332	-1
23073.3945	-1
23083.7559	-1
23094.1172	-1
23104.4785	-1
23114.8398	-1
23125.2012	-1
23135.5625	-1
23145.9238	-1
23156.2852	-1
23166.6465	-1
23177.0078	-1
23187.3691	-1
23197.7305	-1
23208.0918	-1
23218.4531	-1
23228.8145	-1
23239.1758	-1
23249.5371	-1
23259.8984	-1
23270.2598	-1
23280.6211	-1
23290.9824	-1
23301.3438	-1
23311.7051	-1
23322.0664	-1
23332.4277	-1
23342.7891	-1
23353.1504	-1
23363.5117	-1
23373.8730	-1
23384.2344	-1
23394.5957	-1
23404.9570	-1
23415.3184	-1
23425.6836	-1
23436.0488	-1
23446.4141	-1
23456.7793	-1
23467.1445	-1
23477.5098	-1
23487.8750	-1
23498.2402	-1
23508.6055	-1
23518.9707	-1
23529.3359	-1
23539.7012	-1
23550.0664	-1
23560.4316	-1
23570.7969	-1
23581.1621	-1
23591.5273	-1
23601.8926	-1
23612.2578	-1
23622.6230	-1
23632.9883	-1
23643.3535	-1
23653.7188	-1
23664.0840	-1
23674.4492	-1
23684.8145	-1
23695.1797	-1
23705.5449	-1
23715.9102	-1
23726.2754	-1
23736.6406	-1
23747.0059	-1
23757.3711	-1
23767.7363	-1
23778.1016	-1
23788.4668	-1
23798.8320	-1
23809.1973	-1
23819.5625	-1
23829.9277	-1
23840.2930	-1
23850.6582	-1
23861.0254	-1
23871.3926	-1
23881.7598	-1
23892.1270	-1
23902.4941	-1
23912.8613	-1
23923.2285	-1
23933.5957	-1
23943.9629	-1
23954.3301	-1
23964.6973	-1
23975.0645	-1
23985.4316	-1
23995.7988	-1
24006.1660	-1
24016.5332	-1
24026.9004	-1
24037.2676	-1
24047.6348	-1
24058.0020	-1
24068.3691	-1
24078.7363	-1
24089.1035	-1
24099.4707	-1
24109.8379	1
24120.2051	1
24130.5723	1
24140.9414	1
24151.3105	1
24161.6797	1
24172.0488	1
24182.4199	-1
24192.7910	-1
24203.1621	-1
24213.5332	-1
24223.9043	-1
24234.2754	-1
24244.6465	-1
24255.0176	-1
24265.3887	-1
24275.7598	-1
24286.1309	-1
24296.5020	-1
24306.8730	-1
24317.2441	-1
24327.6152	-1
24337.9863	-1
24348.3574	-1
24358.7285	-1
24369.0996	-1
24379.4707	-1
24389.8418	-1
24400.2129	-1
24410.5840	-1
24420.9551	-1
24431.3281	-1
24441.7012	-1
24452.0742	-1
24462.4473	-1
24472.8203	-1
24483.1934	-1
24493.5664	-1
24503.9395	-1
24514.3125	-1
24524.6855	-1
24535.0586	-1
24545.4316	-1
24555.8047	-1
24566.1777	-1
24576.5508	-1
24586.9238	-1
24597.2969	-1
24607.6699	-1
24618.0449	-1
24628.4199	-1
24638.7949	-1
24649.1699	-1
24659.5449	-1
24669.9199	-1
24680.2949	-1
24690.6699	-1
24701.0449	-1
24711.4199	-1
24721.7949	-1
24732.1699	-1
24742.5449	-1
24752.9199	-1
24763.2949	-1
24773.6699	-1
24784.0449	-1
24794.4199	-1
24804.7969	-1
24815.1738	-1
24825.5508	-1
24835.9277	-1
24846.3047	-1
24856.6816	-1
24867.0586	-1
24877.4355	-1
24887.8125	-1
24898.1895	-1
24908.5664	-1
24918.9434	-1
24929.3203	-1
24939.6973	-1
24950.0742	-1
24960.4512	-1
24970.8281	-1
24981.2051	-1
24991.5820	-1
25001.9590	-1
25012.3359	-1
25022.7129	-1
25033.0898	-1
25043.4668	-1
25053.8438	-1
25064.2207	-1
25074.5977	-1
25084.9746	-1
25095.3516	-1
25105.7285	-1
25116.1055	-1
25126.4824	-1
25136.8594	-1
25147.2363	-1
25157.6133	-1
25167.9902	-1
25178.3672	-1
25188.7441	-1
25199.1211	-1
25209.4980	-1
25219.8750	-1
25230.2520	-1
25240.6289	-1
25251.0059	-1
25261.3828	-1
25271.7598	-1
25282.1367	-1
25292.5137	-1
25302.8906	-1
25313.2676	-1
25323.6445	-1
25334.0215	-1
25344.3984	-1
25354.7754	-1
25365.1523	-1
25375.5293	-1
25385.9062	-1
25396.2832	-1
25406.6602	-1
25417.0371	-1
25427.4141	-1
25437.7930	-1
25448.1719	-1
25458.5508	-1
25468.9297	-1
25479.3086	-1
25489.6895	-1
25500.0703	-1
25510.4512	-1
25520.8320	-1
25531.2129	-1
25541.5938	-1
25551.9746	-1
25562.3555	-1
25572.7363	-1
25583.1172	-1
25593.4980	-1
25603.8789	-1
25614.2598	-1
25624.6406	-1
25635.0215	-1
25645.4023	-1
25655.7832	-1
25666.1641	-1
25676.5449	-1
25686.9258	-1
25697.3066	-1
25707.6875	-1
25718.0684	-1
25728.4492	-1
25738.8301	-1
25749.2109	-1
25759.5918	-1
25769.9727	-1
25780.3535	-1
25790.7344	-1
25801.1152	-1
25811.4961	-1
25821.8770	-1
25832.2578	-1
25842.6387	-1
25853.0195	-1
25863.4023	-1
25873.7852	-1
25884.1680	-1
25894.5508	-1
25904.9336	-1
25915.3164	-1
25925.6992	-1
25936.0820	-1
25946.4648	-1
25956.8477	-1
25967.2305	-1
25977.6133	-1
25987.9961	-1
25998.3789	-1
26008.7617	-1
26019.1445	-1
26029.5273	-1
26039.9102	-1
26050.2930	-1
26060.6758	-1
26071.0586	-1
26081.4414	-1
26091.8242	-1
26102.2070	-1
26112.5898	-1
26122.9727	-1
26133.3555	-1
26143.7383	-1
26154.1211	-1
26164.5039	-1
26174.8887	-1
26185.2734	-1
26195.6582	-1
26206.0430	-1
26216.4277	-1
26226.8125	-1
26237.1973	-1
26247.5820	-1
26257.9668	-1
26268.3516	-1
26278.7363	-1
26289.1211	-1
26299.5059	-1
26309.8906	-1
26320.2754	-1
26330.6602	-1
26341.0449	-1
26351.4297	-1
26361.8145	-1
26372.1992	-1
26382.5840	-1
26392.9688	-1
26403.3535	-1
26413.7383	-1
26424.1230	-1
26434.5078	-1
26444.8926	-1
26455.2773	-1
26465.6621	-1
26476.0469	-1
26486.4316	-1
26496.8164	-1
26507.2012	-1
26517.5859	-1
26527.9707	-1
26538.3555	-1
26548.7402	-1
26559.1250	-1
26569.5098	-1
26580.0605	1
26590.6113	1
26601.1641	-1
26611.7168	-1
26622.2695	-1
26632.8223	-1
26643.3750	-1
26653.9277	-1
26664.4805	-1
26675.0332	-1
26685.5859	-1
26696.1387	-1
26706.6914	-1
26717.2441	-1
26727.8105	1
26738.3789	-1
26748.9473	1
26759.5156	1
26770.0859	-1
26780.6562	-1
26791.2266	-1
26801.7969	-1
26812.3672	-1
26822.9375	-1
26833.5078	-1
26844.0781	-1
26854.6484	-1
26865.2188	-1
26875.7891	-1
26886.3594	-1
26896.9297	1
26907.5000	1
26918.0703	1
26928.6406	1
26939.2129	-1
26949.7852	-1
26960.3574	-1
26970.9297	-1
26981.5020	-1
26992.0742	-1
27002.6465	-1
27013.2188	-1
27023.7910	-1
27034.3633	-1
27044.9355	-1
27055.5078	-1
27066.0801	-1
27076.6523	-1
27087.2246	-1
27097.7969	-1
27108.3691	-1
27118.9414	-1
27129.5137	-1
27140.0859	-1
27150.6582	-1
27161.2305	-1
27171.8027	-1
27182.3750	-1
27192.9473	1
27203.5215	1
27214.0957	1
27224.6699	1
27235.2441	1
27245.8184	1
27256.3926	1
27266.9668	1
27277.5410	-1
27288.1152	-1
27298.6895	-1
27309.2637	-1
27319.8379	-1
27330.4121	-1
27340.9883	-1
27351.5645	-1
27362.1406	-1
27372.7168	-1
27383.2930	-1
27393.8691	-1
27404.4453	-1
27415.0215	-1
27425.5977	-1
27436.1738	-1
27446.7500	-1
27457.3262	-1
27467.9023	1
27478.4785	1
27489.0547	1
27499.6309	1
27510.2070	1
27520.7832	1
27531.3613	-1
27541.9395	-1
27552.5176	-1
27563.0957	-1
27573.6738	-1
27584.2520	-1
27594.8301	-1
27605.4082	-1
27615.9863	-1
27626.5645	-1
27637.1426	-1
27647.7207	-1
27658.2988	1
27668.8770	-1
27679.4551	-1
27690.0332	-1
27700.6113	-1
27711.1895	-1
27721.7676	-1
27732.3457	-1
27742.9238	-1
27753.5020	-1
27764.0801	-1
27774.6582	-1
27785.2363	-1
27795.8145	1
27806.3926	1
27816.9707	1
27827.5488	1
27838.1270	1
27848.7070	-1
27859.2871	-1
27869.8672	-1
27880.4473	-1
27891.0273	-1
27901.6074	-1
27912.1875	1
27922.7676	1
27933.3477	-1
27943.9277	-1
27954.5078	-1
27965.0879	-1
27975.6680	-1
27986.2480	-1
27996.8301	-1
28007.4121	-1
28017.9941	-1
28028.5762	-1
28039.1582	-1
28049.7402	-1
28060.3223	-1
28070.9043	-1
28081.4863	-1
28092.0684	-1
28102.6504	-1
28113.2324	-1
28123.8145	-1
28134.3965	-1
28144.9785	-1
28155.5605	-1
28166.1426	-1
28176.7246	-1
28187.3066	-1
28197.8887	-1
28208.4707	-1
28219.0527	-1
28229.6348	-1
28240.2168	-1
28250.7988	-1
28261.3809	-1
28271.9629	-1
28282.5449	-1
28293.1270	-1
28303.7090	-1
28314.2910	-1
28324.8730	-1
28335.4551	-1
28346.0371	-1
28356.6191	-1
28367.2012	-1
28377.7852	1
28388.3691	1
28398.9531	1
28409.5371	1
28420.1211	1
28430.7051	1
28441.2891	1
28451.8750	1
28462.4609	1
28473.0469	1
28483.6328	1
28494.2188	1
28504.8047	1
28515.3906	1
28525.9766	1
28536.5625	1
28547.1484	-1
28557.7344	-1
28568.3203	-1
28578.9062	-1
28589.4922	-1
28600.0781	-1
28610.6641	-1
28621.2500	-1
28631.8359	-1
28642.4219	-1
28653.0078	-1
28663.5938	-1
28674.1797	-1
28684.7656	-1
28695.3516	-1
28705.9375	-1
28716.5234	-1
28727.1094	-1
28737.6953	-1
28748.2812	-1
28758.8672	-1
28769.4531	-1
28780.0391	-1
28790.6250	-1
28801.2129	-1
28811.8008	-1
28822.3887	-1
28832.9766	-1
28843.5645	-1
28854.1523	-1
28864.7402	-1
28875.3281	-1
28885.9160	-1
28896.5039	-1
28907.0918	-1
28917.6797	-1
28928.2676	-1
28938.8555	-1
28949.4434	-1
28960.0312	-1
28970.6191	-1
28981.2070	-1
28991.7949	1
29002.3828	1
29012.9707	1
29023.5605	1
29034.1504	1
29044.7402	1
29055.3301	1
29065.9199	1
29076.5098	1
29087.0996	1
29097.6895	1
29108.2793	1
29118.8691	1
29129.4590	1
29140.0508	-1
29150.6426	-1
29161.2344	-1
29171.8262	-1
29182.4180	-1
29193.0098	-1
29203.6016	-1
29214.1934	-1
29224.7852	-1
29235.3770	-1
29245.9688	-1
29256.5605	-1
29267.1523	-1
29277.7441	-1
29288.3359	-1
29298.9277	-1
29309.5195	-1
29320.1113	-1
29330.7031	-1
29341.2949	-1
29351.8867	-1
29362.4785	-1
29373.0703	-1
29383.6621	-1
29394.2539	-1
29404.8457	-1
29415.4375	-1
29426.0293	-1
29436.6211	-1
29447.2129	-1
29457.8047	-1
29468.3965	-1
29478.9883	-1
29489.5801	-1
29500.1719	-1
29510.7637	-1
29521.3555	-1
29531.9473	-1
29542.5391	-1
29553.1309	-1
29563.7227	-1
29574.3145	-1
29584.9082	1
29595.5020	1
29606.0957	1
29616.6895	1
29627.2891	-1
29637.8887	-1
29648.4883	-1
29659.0879	-1
29669.6875	-1
29680.2871	-1
29690.8867	-1
29701.4863	-1
29712.0859	-1
29722.6855	-1
29733.2852	-1
29743.8848	-1
29754.4844	-1
29765.0840	-1
29775.6836	-1
29786.2832	-1
29796.8828	-1
29807.4824	-1
29818.0820	-1
29828.6816	-1
29839.2812	-1
29849.8809	-1
29860.4805	-1
29871.0801	-1
29881.6797	-1
29892.2793	-1
29902.8789	-1
29913.4785	-1
29924.0781	-1
29934.6777	-1
29945.2793	-1
29955.8809	-1
29966.4824	-1
29977.0840	-1
29987.6855	-1
29998.2871	-1
30008.8887	-1
30019.4902	-1
30030.0918	-1
30040.6934	-1
30051.2949	-1
30061.8965	-1
30072.4980	-1
30083.0996	-1
30093.7012	-1
30104.3027	-1
30114.9043	-1
30125.5059	-1
30136.1074	-1
30146.7090	-1
30157.3105	-1
30167.9121	-1
30178.5137	-1
30189.1152	-1
30199.7188	-1
30210.3223	-1
30220.9258	-1
30231.5293	-1
30242.1328	-1
30252.7363	-1
30263.3398	-1
30273.9434	-1
30284.5469	-1
30295.1504	-1
30305.7539	-1
30316.3574	-1
30326.9609	-1
30337.5645	-1
30348.1680	-1
30358.7715	-1
30369.3750	-1
30379.9785	-1
30390.5820	-1
30401.1855	-1
30411.7891	-1
30422.3926	-1
30432.9961	-1
30443.5996	-1
30454.2031	-1
30464.8066	-1
30475.4102	-1
30486.0137	-1
30496.6172	-1
30507.2207	-1
30517.8242	-1
30528.4277	-1
30539.0312	-1
30549.6348	-1
30560.2383	-1
30570.8418	-1
30581.4453	-1
30592.0488	-1
30602.6523	-1
30613.2559	-1
30623.8594	-1
30634.4629	-1
30645.0664	-1
30655.6699	-1
30666.2734	-1
30676.8770	-1
30687.4805	-1
30698.0840	-1
30708.6875	-1
30719.2910	-1
30729.8945	-1
30740.4980	-1
30751.1016	-1
30761.7051	-1
30772.3086	-1
30782.9121	-1
30793.5156	-1
30804.1191	-1
30814.7227	-1
30825.3262	-1
30835.9297	-1
30846.5332	-1
30857.1367	-1
30867.7402	-1
30878.3438	-1
30888.9473	-1
30899.5527	-1
30910.1582	-1
30920.7637	-1
30931.3691	-1
30941.9746	-1
30952.5801	-1
30963.1855	-1
30973.7910	-1
30984.3965	-1
30995.0020	-1
31005.6074	-1
31016.2129	-1
31026.8184	-1
31037.4238	-1
31048.0293	-1
31058.6348	-1
31069.2402	-1
31079.8457	-1
31090.4512	-1
31101.0566	-1
31111.6621	-1
31122.2676	-1
31132.8730	-1
31143.4785	-1
31154.0840	-1
31164.6895	-1
31175.2949	-1
31185.9004	-1
31196.5059	-1
31207.1113	-1
31217.7168	-1
31228.3223	-1
31238.9277	-1
31249.7207	1
31260.5156	-1
31271.3105	-1
31282.1055	-1
31292.9004	-1
31303.6953	-1
31314.4902	-1
31325.2988	1
31336.1074	-1
31346.9180	1
31357.7285	1
31368.5391	-1
31379.3496	-1
31390.1602	-1
31400.9707	-1
31411.7812	-1
31422.5918	-1
31433.4023	-1
31444.2129	-1
31455.0234	-1
31465.8340	-1
31476.6445	-1
31487.4551	-1
31498.2676	1
31509.0801	1
31519.8926	1
31530.7051	1
31541.5176	-1
31552.3301	-1
31563.1426	-1
31573.9551	-1
31584.7676	-1
31595.5801	-1
31606.3926	-1
31617.2051	-1
31628.0176	-1
31638.8301	-1
31649.6426	-1
31660.4551	-1
31671.2695	-1
31682.0840	-1
31692.8984	-1
31703.7129	-1
31714.5273	-1
31725.3418	-1
31736.1562	-1
31746.9707	-1
31757.7852	-1
31768.5996	-1
31779.4141	1
31790.2285	-1
31801.0430	-1
31811.8574	1
31822.6719	1
31833.4863	1
31844.3008	1
31855.1152	1
31865.9297	1
31876.7441	1
31887.5605	-1
31898.3770	-1
31909.1934	-1
31920.0098	-1
31930.8262	-1
31941.6426	-1
31952.4590	-1
31963.2754	-1
31974.0918	-1
31984.9082	-1
31995.7246	-1
32006.5410	-1
32017.3594	-1
32028.1777	-1
32038.9961	-1
32049.8145	-1
32060.6328	-1
32071.4512	-1
32082.2695	-1
32093.0879	-1
32103.9062	-1
32114.7246	-1
32125.5430	-1
32136.3613	-1
32147.1797	-1
32157.9980	-1
32168.8164	-1
32179.6348	-1
32190.4531	-1
32201.2715	-1
32212.0898	-1
32222.9082	-1
32233.7266	-1
32244.5449	-1
32255.3633	-1
32266.1816	-1
32277.0000	-1
32287.8184	-1
32298.6367	-1
32309.4551	-1
32320.2734	-1
32331.0918	-1
32341.9121	-1
32352.7324	-1
32363.5527	-1
32374.3730	-1
32385.1934	-1
32396.0137	-1
32406.8340	1
32417.6543	1
32428.4746	1
32439.2949	1
32450.1152	1
32460.9355	1
32471.7559	1
32482.5762	1
32493.3965	1
32504.2168	1
32515.0371	1
32525.8574	1
32536.6777	1
32547.4980	1
32558.3184	1
32569.1387	1
32579.9629	-1
32590.7871	-1
32601.6113	-1
32612.4355	-1
32623.2598	-1
32634.0840	-1
32644.9082	-1
32655.7324	-1
32666.5566	-1
32677.3809	-1
32688.2051	-1
32699.0293	-1
32709.8535	-1
32720.6777	-1
32731.5020	-1
32742.3262	-1
32753.1504	-1
32763.9746	-1
32774.8008	-1
32785.6250	-1
32796.4492	-1
32807.2734	-1
32818.0977	-1
32828.9219	-1
32839.7461	-1
32850.5703	-1
32861.3945	-1
32872.2188	-1
32883.0430	-1
32893.8672	-1
32904.6914	-1
32915.5156	-1
32926.3398	-1
32937.1641	-1
32947.9883	-1
32958.8125	-1
32969.6367	1
32980.4609	1
32991.2852	1
33002.1133	1
33012.9414	1
33023.7695	1
33034.5977	1
33045.4258	1
33056.2539	1
33067.0820	1
33077.9102	1
33088.7383	1
33099.5664	-1
33110.3945	-1
33121.2227	-1
33132.0508	-1
33142.8789	-1
33153.7070	-1
33164.5352	-1
33175.3633	-1
33186.1914	-1
33197.0195	-1
33207.8477	-1
33218.6758	-1
33229.5078	1
33240.3398	1
33251.1719	1
33262.0039	1
33272.8359	-1
33283.6680	-1
33294.5000	-1
33305.3320	-1
33316.1641	-1
33326.9961	-1
33337.8281	-1
33348.6602	-1
33359.4922	-1
33370.3242	-1
33381.1562	-1
33391.9883	-1
33402.8203	-1
33413.6523	-1
33424.4844	-1
33435.3164	-1
33446.1484	-1
33456.9805	-1
33467.8125	-1
33478.6445	-1
33489.4766	-1
33500.3086	-1
33511.1406	-1
33521.9727	-1
33532.8047	-1
33543.6367	-1
33554.4688	-1
33565.3008	-1
33576.1328	-1
33586.9648	-1
33597.7969	-1
33608.6289	-1
33619.4609	-1
33630.2930	-1
33641.1250	-1
33651.9570	-1
33662.7891	-1
33673.6211	-1
33684.4531	-1
33695.2852	-1
33706.1172	-1
33716.9492	-1
33727.7812	-1
33738.6133	-1
33749.4453	-1
33760.2773	-1
33771.1094	-1
33781.9414	-1
33792.7773	1
33803.6133	1
33814.4492	1
33825.2852	1
33836.1211	1
33846.9570	1
33857.7930	1
33868.6289	1
33879.4648	1
33890.3008	1
33901.1367	-1
33911.9727	-1
33922.8086	-1
33933.6445	-1
33944.4805	-1
33955.3164	-1
33966.1523	-1
33976.9883	-1
33987.8242	-1
33998.6602	-1
34009.4961	-1
34020.3320	-1
34031.1680	-1
34042.0039	-1
34052.8398	-1
34063.6758	-1
34074.5117	-1
34085.3477	-1
34096.1875	-1
34107.0273	-1
34117.8672	-1
34128.7070	-1
34139.5469	-1
34150.3867	-1
34161.2266	-1
34172.0664	-1
34182.9062	-1
34193.7461	-1
34204.5859	-1
34215.4258	-1
34226.2656	-1
34237.1055	-1
34247.9453	-1
34258.7852	-1
34269.6250	-1
34280.4648	-1
34291.3047	-1
34302.1445	-1
34312.9844	-1
34323.8242	-1
34334.6641	-1
34345.5039	-1
34356.3438	-1
34367.1836	-1
34378.0234	-1
34388.8633	-1
34399.7031	-1
34410.5430	-1
34421.3828	-1
34432.2227	-1
34443.0625	-1
34453.9023	-1
34464.7422	-1
34475.5820	-1
34486.4219	-1
34497.2617	-1
34508.1016	-1
34518.9414	-1
34529.7812	-1
34540.6211	-1
34551.4609	-1
34562.3008	-1
34573.1406	-1
34583.9805	-1
34594.8203	-1
34605.6602	-1
34616.5000	-1
34627.3398	-1
34638.1797	-1
34649.0195	-1
34659.8594	-1
34670.6992	-1
34681.5391	-1
34692.3789	-1
34703.2188	-1
34714.0586	-1
34724.8984	-1
34735.7383	-1
34746.5781	-1
34757.4180	-1
34768.2578	-1
34779.0977	-1
34789.9375	-1
34800.7773	-1
34811.6172	-1
34822.4570	-1
34833.2969	-1
34844.1367	-1
34854.9766	-1
34865.8164	-1
34876.6562	-1
34887.4961	-1
34898.3359	-1
34909.1758	-1
34920.0156	-1
34930.8555	-1
34941.6992	-1
34952.5430	-1
34963.3867	-1
34974.2305	-1
34985.0742	-1
34995.9180	-1
35006.7617	-1
35017.6055	-1
35028.4492	-1
35039.2930	-1
35050.1367	-1
35060.9805	-1
35071.8242	-1
35082.6680	-1
35093.5117	-1
35104.3555	-1
35115.1992	-1
35126.0430	-1
35136.8867	-1
35147.7305	-1
35158.5742	-1
35169.4180	-1
35180.2617	-1
35191.1055	-1
35201.9492	-1
35212.7930	-1
35223.6367	-1
35234.4805	-1
35245.3242	-1
35256.1680	-1
35267.0117	-1
35277.8555	-1
35288.6992	-1
35299.5430	-1
35310.3867	-1
35321.2305	-1
35332.0742	-1
35342.9180	-1
35353.7617	-1
35364.6055	-1
35375.4492	-1
35386.2930	-1
35397.1367	-1
35407.9805	-1
35418.8242	-1
35429.6680	-1
35440.5117	-1
35451.3555	-1
35462.1992	-1
35473.0430	-1
35483.8867	-1
35494.7305	-1
35505.5742	-1
35516.4180	-1
35527.2617	-1
35538.1055	-1
35548.9492	-1
35559.8086	1
35570.6680	-1
35581.5273	1
35592.3867	1
35603.2500	-1
35614.1133	-1
35624.9766	-1
35635.8398	-1
35646.7031	-1
35657.5664	-1
35668.4297	-1
35679.2930	-1
35690.1562	-1
35701.0195	-1
35711.8828	-1
35722.7461	-1
35733.6094	1
35744.4727	1
35755.3359	1
35766.1992	1
35777.0664	-1
35787.9336	-1
35798.8008	-1
35809.6680	-1
35820.5352	-1
35831.4023	-1
35842.2695	-1
35853.1367	-1
35864.0039	-1
35874.8711	-1
35885.7383	-1
35896.6055	-1
35907.4727	-1
35918.3398	-1
35929.2070	-1
35940.0742	-1
35950.9414	-1
35961.8086	-1
35972.6758	-1
35983.5430	-1
35994.4102	-1
36005.2773	-1
36016.1445	-1
36027.0117	-1
36037.8789	1
36048.7461	1
36059.6133	1
36070.4805	1
36081.3477	1
36092.2148	1
36103.0820	1
36113.9492	1
36124.8203	-1
36135.6914	-1
36146.5625	-1
36157.4336	-1
36168.3047	-1
36179.1758	-1
36190.0469	-1
36200.9180	-1
36211.7891	-1
36222.6602	-1
36233.5312	-1
36244.4023	-1
36255.2734	-1
36266.1445	-1
36277.0156	-1
36287.8867	-1
36298.7578	-1
36309.6289	-1
36320.5000	-1
36331.3711	-1
36342.2422	-1
36353.1133	-1
36363.9844	-1
36374.8555	-1
36385.7266	-1
36396.5977	-1
36407.4688	-1
36418.3398	-1
36429.2109	-1
36440.0820	-1
36450.9531	-1
36461.8242	-1
36472.6953	-1
36483.5664	-1
36494.4375	-1
36505.3086	-1
36516.1797	-1
36527.0508	-1
36537.9219	-1
36548.7930	-1
36559.6641	-1
36570.5352	-1
36581.4062	-1
36592.2773	-1
36603.1484	-1
36614.0195	-1
36624.8906	-1
36635.7617	-1
36646.6328	1
36657.5039	1
36668.3750	1
36679.2461	1
36690.1172	1
36700.9883	1
36711.8594	1
36722.7305	1
36733.6016	1
36744.4727	1
36755.3438	1
36766.2148	1
36777.0898	1
36787.9648	1
36798.8398	1
36809.7148	1
36820.5898	-1
36831.4648	-1
36842.3398	-1
36853.2148	-1
36864.0898	-1
36874.9648	-1
36885.8398	-1
36896.7148	-1
36907.5898	-1
36918.4648	-1
36929.3398	-1
36940.2148	-1
36951.0938	-1
36961.9727	-1
36972.8516	-1
36983.7305	-1
36994.6094	-1
37005.4883	-1
37016.3672	-1
37027.2461	-1
37038.1250	-1
37049.0039	-1
37059.8828	-1
37070.7617	-1
37081.6406	-1
37092.5195	-1
37103.3984	-1
37114.2773	-1
37125.1562	-1
37136.0352	-1
37146.9141	-1
37157.7930	-1
37168.6719	-1
37179.5508	-1
37190.4297	-1
37201.3086	-1
37212.1875	-1
37223.0664	-1
37233.9453	-1
37244.8242	-1
37255.7031	-1
37266.5820	-1
37277.4609	-1
37288.3398	-1
37299.2188	-1
37310.0977	-1
37320.9766	-1
37331.8555	-1
37342.7344	-1
37353.6133	-1
37364.4922	-1
37375.3711	-1
37386.2500	-1
37397.1289	-1
37408.0078	-1
37418.8867	-1
37429.7656	-1
37440.6445	-1
37451.5234	-1
37462.4023	-1
37473.2812	-1
37484.1602	-1
37495.0391	-1
37505.9180	-1
37516.7969	-1
37527.6758	-1
37538.5547	1
37549.4336	1
37560.3125	1
37571.1914	1
37582.0703	1
37592.9492	1
37603.8281	1
37614.7070	1
37625.5859	1
37636.4648	1
37647.3438	1
37658.2227	1
37669.1016	1
37679.9805	1
37690.8633	1
37701.7461	1
37712.6289	1
37723.5117	1
37734.3945	1
37745.2773	1
37756.1602	-1
37767.0430	-1
37777.9258	-1
37788.8086	-1
37799.6914	-1
37810.5742	-1
37821.4570	-1
37832.3398	-1
37843.2227	-1
37854.1055	-1
37864.9883	-1
37875.8711	-1
37886.7539	-1
37897.6367	-1
37908.5195	-1
37919.4023	-1
37930.2852	-1
37941.1680	-1
37952.0508	-1
37962.9336	-1
37973.8164	-1
37984.6992	-1
37995.5820	-1
38006.4648	-1
38017.3477	-1
38028.2305	-1
38039.1133	-1
38049.9961	-1
38060.8789	-1
38071.7617	-1
38082.6484	1
38093.5352	1
38104.4219	1
38115.3086	1
38126.1953	1
38137.0820	1
38147.9688	1
38158.8555	1
38169.7422	1
38180.6289	1
38191.5156	1
38202.4023	1
38213.2930	-1
38224.1836	-1
38235.0742	-1
38245.9648	-1
38256.8555	-1
38267.7461	-1
38278.6367	-1
38289.5273	-1
38300.4180	-1
38311.3086	-1
38322.1992	-1
38333.0898	-1
38343.9805	-1
38354.8711	-1
38365.7617	-1
38376.6523	-1
38387.5430	-1
38398.4336	-1
38409.3242	-1
38420.2148	-1
38431.1055	-1
38441.9961	-1
38452.8867	-1
38463.7773	-1
38474.6680	-1
38485.5586	-1
38496.4492	-1
38507.3398	-1
38518.2305	-1
38529.1211	-1
38540.0117	-1
38550.9023	-1
38561.7930	-1
38572.6836	-1
38583.5742	-1
38594.4648	-1
38605.3555	-1
38616.2461	-1
38627.1367	-1
38638.0273	-1
38648.9180	-1
38659.8086	-1
38670.6992	-1
38681.5898	-1
38692.4805	-1
38703.3711	-1
38714.2617	-1
38725.1523	-1
38736.0430	-1
38746.9336	-1
38757.8242	-1
38768.7148	-1
38779.6055	-1
38790.4961	-1
38801.3906	1
38812.2852	1
38823.1797	1
38834.0742	1
38844.9688	1
38855.8633	1
38866.7578	1
38877.6523	1
38888.5469	1
38899.4414	-1
38910.3359	-1
38921.2305	-1
38932.1250	-1
38943.0195	-1
38953.9141	-1
38964.8086	-1
38975.7031	-1
38986.5977	-1
38997.4922	-1
39008.3867	-1
39019.2812	-1
39030.1758	-1
39041.0703	-1
39051.9648	-1
39062.8594	-1
39073.7539	-1
39084.6484	-1
39095.5430	-1
39106.4375	-1
39117.3320	-1
39128.2266	-1
39139.1211	-1
39150.0156	-1
39160.9102	-1
39171.8047	-1
39182.6992	-1
39193.5938	-1
39204.4883	-1
39215.3828	-1
39226.2773	-1
39237.1719	-1
39248.0664	-1
39258.9609	-1
39269.8555	-1
39280.7500	-1
39291.6445	-1
39302.5391	-1
39313.4336	-1
39324.3281	-1
39335.2227	-1
39346.1172	-1
39357.0117	-1
39367.9062	-1
39378.8008	-1
39389.6953	-1
39400.5898	-1
39411.4844	-1
39422.3789	-1
39433.2734	-1
39444.1680	-1
39455.0625	-1
39465.9570	-1
39476.8516	-1
39487.7500	-1
39498.6484	-1
39509.5469	-1
39520.4453	-1
39531.3438	-1
39542.2422	-1
39553.1406	-1
39564.0391	-1
39574.9375	-1
39585.8359	-1
39596.7344	-1
39607.6328	-1
39618.5312	-1
39629.4297	-1
39640.3281	-1
39651.2266	-1
39662.1250	-1
39673.0234	-1
39683.9219	-1
39694.8203	-1
39705.7188	-1
39716.6172	-1
39727.5156	-1
39738.4141	-1
39749.3125	-1
39760.2109	-1
39771.1094	-1
39782.0078	-1
39792.9062	-1
39803.8047	-1
39814.7031	-1
39825.6016	-1
39836.5000	-1
39847.3984	-1
39858.2969	-1
39869.1953	-1
39880.0938	-1
39890.9922	-1
39901.8906	-1
39912.7891	-1
39923.6875	-1
39934.5859	-1
39945.4844	-1
39956.3828	-1
39967.2812	-1
39978.1797	-1
39989.0781	-1
39999.9766	-1
40010.8750	-1
40021.7734	-1
40032.6719	-1
40043.5703	-1
40054.4688	-1
40065.3672	-1
40076.2656	-1
40087.1641	-1
40098.0625	-1
40108.9609	-1
40119.8594	-1
40130.7578	-1
40141.6562	-1
40152.5547	-1
40163.4531	-1
40174.3516	-1
40185.2500	-1
40196.1484	-1
40207.0508	-1
40217.9531	-1
40228.8555	-1
40239.7578	-1
40250.6602	-1
40261.5625	-1
40272.4648	-1
40283.3672	-1
40294.2695	-1
40305.1719	-1
40316.0742	-1
40326.9766	-1
40337.8789	-1
40348.7812	-1
40359.6836	-1
40370.5859	-1
40381.4883	-1
40392.3906	-1
40403.2969	-1
40414.2031	-1
40425.1094	-1
40436.0156	-1
40446.9219	-1
40457.8281	-1
40468.7344	-1
40479.6406	-1
40490.5469	-1
40501.4531	-1
40512.3594	-1
40523.2656	-1
40534.1719	-1
40545.0781	-1
40555.9844	-1
40566.8906	-1
40577.7969	-1
40588.7031	-1
40599.6094	-1
40610.5156	-1
40621.4219	-1
40632.3281	-1
40643.2344	-1
40654.1406	-1
40665.0469	-1
40675.9531	-1
40686.8594	-1
40697.7656	-1
40708.6719	-1
40719.5781	-1
40730.4844	-1
40741.3906	-1
40752.2969	-1
40763.2031	-1
40774.1094	-1
40785.0156	-1
40795.9219	-1
40806.8281	-1
40817.7344	-1
40828.6406	-1
40839.5469	-1
40850.4531	-1
40861.3594	-1
40872.2656	-1
40883.1719	-1
40894.0781	-1
40904.9844	-1
40915.8906	-1
40926.7969	-1
40937.7148	1
40948.6367	-1
40959.5586	1
40970.4805	1
40981.4023	-1
40992.3242	-1
41003.2461	-1
41014.1680	-1
41025.0898	-1
41036.0117	-1
41046.9336	-1
41057.8555	-1
41068.7773	-1
41079.6992	-1
41090.6211	-1
41101.5430	-1
41112.4648	1
41123.3867	1
41134.3086	1
41145.2305	1
41156.1523	-1
41167.0742	-1
41177.9961	-1
41188.9180	-1
41199.8398	-1
41210.7617	-1
41221.6836	-1
41232.6055	-1
41243.5273	-1
41254.4492	-1
41265.3711	-1
41276.2930	-1
41287.2148	-1
41298.1367	-1
41309.0586	-1
41319.9805	-1
41330.9023	-1
41341.8242	-1
41352.7500	-1
41363.6758	-1
41374.6016	-1
41385.5273	-1
41396.4531	-1
41407.3906	1
41418.3281	-1
41429.2656	1
41440.2031	1
41451.1445	-1
41462.0859	-1
41473.0273	-1
41483.9688	-1
41494.9102	-1
41505.8516	-1
41516.7930	-1
41527.7344	-1
41538.6758	-1
41549.6172	-1
41560.5586	-1
41571.5000	-1
41582.4414	1
41593.3828	1
41604.3242	1
41615.2656	1
41626.2070	-1
41637.1484	-1
41648.0898	-1
41659.0312	-1
41669.9727	-1
41680.9141	-1
41691.8555	-1
41702.7969	-1
41713.7383	-1
41724.6797	-1
41735.6211	-1
41746.5625	-1
41757.5039	-1
41768.4453	-1
41779.3867	-1
41790.3281	-1
41801.2695	-1
41812.2109	-1
41823.1523	-1
41834.0938	-1
41845.0352	-1
41855.9766	-1
41866.9180	-1
41877.8594	-1
41888.8008	1
41899.7422	1
41910.6836	1
41921.6250	1
41932.5664	1
41943.5078	1
41954.4492	1
41965.3906	1
41976.3359	-1
41987.2812	-1
41998.2266	-1
42009.1719	-1
42020.1172	-1
42031.0625	-1
42042.0078	-1
42052.9531	-1
42063.8984	-1
42074.8438	-1
42085.7891	-1
42096.7344	-1
42107.6797	-1
42118.6250	-1
42129.5703	-1
42140.5156	-1
42151.4609	-1
42162.4062	-1
42173.3516	-1
42184.2969	-1
42195.2422	-1
42206.1875	-1
42217.1328	-1
42228.0781	-1
42239.0234	-1
42249.9688	-1
42260.9141	-1
42271.8594	-1
42282.8047	-1
42293.7500	-1
42304.6992	-1
42315.6484	-1
42326.5977	-1
42337.5469	-1
42348.4961	-1
42359.4453	-1
42370.3945	-1
42381.3438	-1
42392.2930	-1
42403.2422	-1
42414.1914	-1
42425.1406	-1
42436.0898	-1
42447.0391	-1
42457.9883	-1
42468.9492	1
42479.9102	-1
42490.8750	1
42501.8398	1
42512.8047	-1
42523.7695	-1
42534.7344	-1
42545.6992	-1
42556.6641	-1
42567.6289	-1
42578.5938	-1
42589.5586	-1
42600.5234	-1
42611.4883	-1
42622.4531	-1
42633.4180	-1
42644.3828	1
42655.3477	1
42666.3125	1
42677.2773	1
42688.2461	-1
42699.2148	-1
42710.1836	-1
42721.1523	-1
42732.1211	-1
42743.0898	-1
42754.0586	-1
42765.0273	-1
42775.9961	-1
42786.9648	-1
42797.9336	-1
42808.9023	-1
42819.8711	-1
42830.8398	-1
42841.8086	-1
42852.7773	-1
42863.7461	-1
42874.7148	-1
42885.6836	-1
42896.6523	-1
42907.6211	-1
42918.5898	-1
42929.5586	-1
42940.5273	-1
42951.4961	1
42962.4648	1
42973.4336	1
42984.4023	1
42995.3711	1
43006.3398	1
43017.3086	1
43028.2773	1
43039.2461	-1
43050.2148	-1
43061.1836	-1
43072.1523	-1
43083.1211	-1
43094.0898	-1
43105.0586	1
43116.0273	1
43127.0000	-1
43137.9727	-1
43148.9453	-1
43159.9180	-1
43170.8906	-1
43181.8633	-1
43192.8359	-1
43203.8086	-1
43214.7812	-1
43225.7539	-1
43236.7266	-1
43247.6992	-1
43258.6719	-1
43269.6445	-1
43280.6172	-1
43291.5898	-1
43302.5625	-1
43313.5352	-1
43324.5078	-1
43335.4805	-1
43346.4531	-1
43357.4258	-1
43368.3984	-1
43379.3711	-1
43390.3438	-1
43401.3164	-1
43412.2891	-1
43423.2617	-1
43434.2344	-1
43445.2070	-1
43456.1797	-1
43467.1523	-1
43478.1250	-1
43489.0977	-1
43500.0703	-1
43511.0430	-1
43522.0156	-1
43532.9883	-1
43543.9609	-1
43554.9336	-1
43565.9062	-1
43576.8789	-1
43587.8516	-1
43598.8242	-1
43609.7969	-1
43620.7695	-1
43631.7422	-1
43642.7148	-1
43653.6875	-1
43664.6602	-1
43675.6328	-1
43686.6055	-1
43697.5781	-1
43708.5508	-1
43719.5234	1
43730.4961	1
43741.4688	1
43752.4414	1
43763.4141	1
43774.3867	1
43785.3594	1
43796.3320	1
43807.3047	1
43818.2773	1
43829.2539	1
43840.2305	1
43851.2070	1
43862.1836	1
43873.1602	1
43884.1367	1
43895.1133	1
43906.0898	1
43917.0664	-1
43928.0430	-1
43939.0195	-1
43949.9961	-1
43960.9727	-1
43971.9492	-1
43982.9258	-1
43993.9023	-1
44004.8789	-1
44015.8555	-1
44026.8320	-1
44037.8086	-1
44048.7852	-1
44059.7617	-1
44070.7383	-1
44081.7148	-1
44092.6914	-1
44103.6680	-1
44114.6445	-1
44125.6211	-1
44136.5977	-1
44147.5742	-1
44158.5508	-1
44169.5273	-1
44180.5039	-1
44191.4805	-1
44202.4570	-1
44213.4336	-1
44224.4102	-1
44235.3867	-1
44246.3672	1
44257.3477	1
44268.3281	1
44279.3086	1
44290.2891	1
44301.2695	1
44312.2500	1
44323.2305	1
44334.2109	1
44345.1914	1
44356.1719	-1
44367.1523	-1
44378.1328	-1
44389.1133	-1
44400.0938	-1
44411.0742	-1
44422.0547	-1
44433.0352	-1
44444.0156	-1
44454.9961	-1
44465.9766	-1
44476.9570	-1
44487.9375	-1
44498.9180	-1
44509.8984	-1
44520.8789	-1
44531.8594	-1
44542.8398	-1
44553.8203	-1
44564.8008	-1
44575.7812	-1
44586.7617	-1
44597.7422	-1
44608.7227	-1
44619.7031	-1
44630.6836	-1
44641.6641	-1
44652.6445	-1
44663.6250	-1
44674.6055	-1
44685.5898	-1
44696.5742	-1
44707.5586	-1
44718.5430	-1
44729.5273	-1
44740.5117	-1
44751.4961	-1
44762.4805	-1
44773.4648	-1
44784.4492	-1
44795.4336	-1
44806.4180	-1
44817.4023	-1
44828.3867	-1
44839.3711	-1
44850.3555	-1
44861.3398	-1
44872.3242	-1
44883.3086	1
44894.2930	1
44905.2773	1
44916.2617	1
44927.2461	1
44938.2305	1
44949.2148	1
44960.1992	1
44971.1836	1
44982.1680	1
44993.1523	1
45004.1367	1
45015.1211	1
45026.1055	1
45037.0898	1
45048.0742	1
45059.0586	-1
45070.0430	-1
45081.0273	-1
45092.0117	-1
45102.9961	-1
45113.9805	-1
45124.9648	-1
45135.9492	-1
45146.9336	-1
45157.9180	-1
45168.9023	-1
45179.8867	-1
45190.8711	-1
45201.8555	-1
45212.8398	-1
45223.8242	-1
45234.8086	-1
45245.7930	-1
45256.7773	-1
45267.7617	-1
45278.7461	-1
45289.7305	-1
45300.7148	-1
45311.6992	-1
45322.6836	-1
45333.6680	-1
45344.6523	-1
45355.6367	-1
45366.6211	-1
45377.6055	-1
45388.5938	1
45399.5820	1
45410.5703	1
45421.5586	1
45432.5469	1
45443.5352	1
45454.5234	1
45465.5117	1
45476.5000	1
45487.4883	1
45498.4766	-1
45509.4648	-1
45520.4531	-1
45531.4414	-1
45542.4297	-1
45553.4180	-1
45564.4102	-1
45575.4023	-1
45586.3945	-1
45597.3867	-1
45608.3789	-1
45619.3711	-1
45630.3633	-1
45641.3555	-1
45652.3477	-1
45663.3398	-1
45674.3320	-1
45685.3242	-1
45696.3164	-1
45707.3086	-1
45718.3008	-1
45729.2930	-1
45740.2852	-1
45751.2773	-1
45762.2695	-1
45773.2617	-1
45784.2539	-1
45795.2461	-1
45806.2383	-1
45817.2305	-1
45828.2227	-1
45839.2148	-1
45850.2070	-1
45861.1992	-1
45872.1914	-1
45883.1836	-1
45894.1758	-1
45905.1680	-1
45916.1602	-1
45927.1523	-1
45938.1445	-1
45949.1367	-1
45960.1289	1
45971.1211	1
45982.1133	1
45993.1055	1
46004.0977	1
46015.0898	1
46026.0820	1
46037.0781	-1
46048.0742	-1
46059.0703	-1
46070.0664	-1
46081.0625	-1
46092.0586	-1
46103.0547	-1
46114.0508	-1
46125.0469	-1
46136.0430	-1
46147.0391	-1
46158.0352	-1
46169.0312	-1
46180.0273	-1
46191.0234	-1
46202.0195	-1
46213.0156	-1
46224.0117	-1
46235.0078	-1
46246.0039	-1
46257.0000	-1
46267.9961	-1
46278.9922	-1
46289.9883	-1
46300.9844	-1
46311.9805	-1
46322.9766	-1
46333.9727	-1
46344.9688	-1
46355.9648	-1
46366.9648	-1
46377.9648	-1
46388.9648	-1
46399.9648	-1
46410.9648	-1
46421.9648	-1
46432.9648	-1
46443.9648	-1
46454.9648	-1
46465.9648	-1
46476.9648	-1
46487.9648	-1
46498.9648	-1
46509.9648	-1
46520.9648	-1
46531.9648	-1
46542.9648	-1
46553.9648	-1
46564.9648	-1
46575.9648	-1
46586.9648	-1
46597.9648	-1
46608.9648	-1
46619.9648	-1
46630.9648	-1
46641.9648	-1
46652.9648	-1
46663.9648	-1
46674.9648	-1
46685.9648	-1
46696.9648	-1
46707.9648	-1
46718.9648	-1
46729.9648	-1
46740.9648	-1
46751.9648	-1
46762.9648	-1
46773.9648	-1
46784.9648	-1
46795.9648	-1
46806.9648	-1
46817.9648	-1
46828.9648	-1
46839.9648	-1
46850.9648	-1
46861.9648	-1
46872.9648	-1
46883.9648	-1
46894.9648	-1
46905.9648	-1
46916.9648	-1
46927.9648	-1
46938.9648	-1
46949.9648	-1
46960.9648	-1
46971.9648	-1
46982.9648	-1
46993.9648	-1
47004.9648	-1
47015.9648	-1
47026.9648	-1
47037.9648	-1
47048.9648	-1
47059.9648	-1
47070.9688	-1
47081.9727	-1
47092.9766	-1
47103.9805	-1
47114.9844	-1
47125.9883	-1
47136.9922	-1
47147.9961	-1
47159.0000	-1
47170.0039	-1
47181.0078	-1
47192.0117	-1
47203.0156	-1
47214.0195	-1
47225.0234	-1
47236.0273	-1
47247.0312	-1
47258.0352	-1
47269.0391	-1
47280.0430	-1
47291.0469	-1
47302.0508	-1
47313.0547	-1
47324.0586	-1
47335.0625	-1
47346.0664	-1
47357.0703	-1
47368.0742	-1
47379.0781	-1
47390.0820	-1
47401.0859	-1
47412.0898	-1
47423.0938	-1
47434.0977	-1
47445.1016	-1
47456.1055	-1
47467.1094	-1
47478.1133	-1
47489.1172	-1
47500.1211	-1
47511.1250	-1
47522.1289	-1
47533.1328	-1
47544.1367	-1
47555.1406	-1
47566.1445	-1
47577.1484	-1
47588.1523	-1
47599.1562	-1
47610.1602	-1
47621.1641	-1
47632.1680	-1
47643.1719	-1
47654.1758	-1
47665.1797	-1
47676.1836	-1
47687.1875	-1
47698.1914	-1
47709.1953	-1
47720.1992	-1
47731.2031	-1
47742.2070	-1
47753.3945	1
47764.5820	1
47775.7695	1
47786.9570	-1
47798.1445	-1
47809.3320	-1
47820.5195	-1
47831.7070	-1
47842.8945	-1
47854.0820	-1
47865.2695	-1
47876.4570	-1
47887.6445	-1
47898.8320	-1
47910.0195	-1
47921.2070	-1
47932.3945	-1
47943.5820	-1
47954.7695	-1
47965.9570	-1
47977.1445	-1
47988.3398	1
47999.5352	1
48010.7305	1
48021.9258	1
48033.1211	1
48044.3164	1
48055.5117	1
48066.7109	-1
48077.9102	-1
48089.1094	-1
48100.3086	-1
48111.5078	-1
48122.7070	-1
48133.9062	-1
48145.1055	-1
48156.3047	-1
48167.5039	-1
48178.7031	-1
48189.9023	-1
48201.1016	-1
48212.3008	-1
48223.5000	-1
48234.6992	-1
48245.8984	-1
48257.0977	-1
48268.2969	-1
48279.4961	-1
48290.6953	-1
48301.8945	-1
48313.0938	-1
48324.2930	-1
48335.4922	-1
48346.6914	-1
48357.8906	-1
48369.0898	-1
48380.2891	-1
48391.4883	-1
48402.6875	-1
48413.8867	-1
48425.0859	-1
48436.2852	-1
48447.4844	-1
48458.6836	-1
48469.8828	-1
48481.0820	-1
48492.2812	-1
48503.4805	-1
48514.6797	-1
48525.8789	-1
48537.0938	1
48548.3086	-1
48559.5234	1
48570.7383	1
48581.9570	-1
48593.1758	-1
48604.3945	-1
48615.6133	-1
48626.8320	-1
48638.0508	-1
48649.2695	-1
48660.4883	-1
48671.7070	-1
48682.9258	-1
48694.1562	1
48705.3906	-1
48716.6250	1
48727.8594	1
48739.0938	-1
48750.3281	-1
48761.5625	-1
48772.7969	-1
48784.0312	-1
48795.2656	-1
48806.5000	-1
48817.7344	-1
48828.9688	-1
48840.2031	-1
48851.4492	1
48862.6992	-1
48873.9492	1
48885.1992	1
48896.4492	-1
48907.6992	-1
48918.9492	-1
48930.1992	-1
48941.4492	-1
48952.6992	-1
48963.9531	-1
48975.2070	-1
48986.4609	-1
48997.7148	-1
49008.9688	-1
49020.2227	-1
49031.4766	1
49042.7305	1
49053.9844	1
49065.2383	1
49076.4922	-1
49087.7461	-1
49099.0000	-1
49110.2539	-1
49121.5078	-1
49132.7617	-1
49144.0156	-1
49155.2695	-1
49166.5234	-1
49177.7773	-1
49189.0312	-1
49200.2852	-1
49211.5391	1
49222.7930	1
49234.0469	1
49245.3008	1
49256.5547	-1
49267.8086	-1
49279.0625	-1
49290.3164	-1
49301.5703	-1
49312.8242	-1
49324.0781	-1
49335.3320	-1
49346.5859	-1
49357.8398	-1
49369.0938	-1
49380.3477	-1
49391.6055	1
49402.8633	1
49414.1211	1
49425.3789	1
49436.6367	-1
49447.8945	-1
49459.1523	-1
49470.4102	-1
49481.6680	-1
49492.9258	-1
49504.1836	-1
49515.4414	-1
49526.6992	-1
49537.9570	-1
49549.2148	-1
49560.4727	-1
49571.7305	-1
49582.9883	-1
49594.2461	-1
49605.5039	-1
49616.7617	-1
49628.0195	-1
49639.2773	-1
49650.5352	-1
49661.7930	-1
49673.0508	-1
49684.3086	-1
49695.5664	-1
49706.8242	-1
49718.0820	-1
49729.3398	-1
49740.5977	-1
49751.8555	-1
49763.1133	-1
49774.3750	1
49785.6367	-1
49796.8984	-1
49808.1602	-1
49819.4219	-1
49830.6836	-1
49841.9453	-1
49853.2070	1
49864.4688	1
49875.7305	1
49886.9922	1
49898.2539	1
49909.5156	-1
49920.7773	-1
49932.0391	-1
49943.3008	-1
49954.5625	-1
49965.8242	-1
49977.0859	-1
49988.3477	-1
49999.6094	-1
50010.8711	-1
50022.1328	-1
50033.3945	-1
50044.6562	-1
50055.9180	-1
50067.1797	-1
50078.4414	-1
50089.7031	-1
50100.9648	-1
50112.2266	-1
50123.4883	-1
50134.7500	-1
50146.0117	-1
50157.2734	-1
50168.5352	-1
50179.7969	-1
50191.0586	-1
50202.3203	-1
50213.5820	-1
50224.8438	-1
50236.1055	-1
50247.3711	-1
50258.6367	-1
50269.9023	-1
50281.1680	-1
50292.4336	-1
50303.6992	-1
50314.9648	-1
50326.2305	-1
50337.4961	-1
50348.7617	-1
50360.0273	-1
50371.2930	-1
50382.5586	-1
50393.8242	-1
50405.1016	1
50416.3789	-1
50427.6602	1
50438.9414	1
50450.2227	-1
50461.5039	-1
50472.7852	-1
50484.0781	1
50495.3750	-1
50506.6719	1
50517.9688	1
50529.2656	-1
50540.5625	-1
50551.8594	-1
50563.1562	-1
50574.4531	-1
50585.7500	-1
50597.0469	-1
50608.3438	-1
50619.6406	-1
50630.9375	-1
50642.2344	-1
50653.5312	-1
50664.8281	1
50676.1250	1
50687.4219	1
50698.7188	1
50710.0156	-1
50721.3125	-1
50732.6094	-1
50743.9062	-1
50755.2031	-1
50766.5000	-1
50777.7969	-1
50789.0938	-1
50800.3906	-1
50811.6875	-1
50822.9844	-1
50834.2812	-1
50845.5781	-1
50856.8750	-1
50868.1719	-1
50879.4688	-1
50890.7656	-1
50902.0625	-1
50913.3594	-1
50924.6562	-1
50935.9531	-1
50947.2500	-1
50958.5469	-1
50969.8594	1
50981.1719	-1
50992.4844	1
51003.7969	1
51015.1133	-1
51026.4297	-1
51037.7461	-1
51049.0625	-1
51060.3906	1
51071.7227	-1
51083.0547	1
51094.3867	1
51105.7188	-1
51117.0508	-1
51128.3828	-1
51139.7148	-1
51151.0469	-1
51162.3789	-1
51173.7109	-1
51185.0430	-1
51196.3750	-1
51207.7070	-1
51219.0391	-1
51230.3711	-1
51241.7031	1
51253.0352	1
51264.3672	1
51275.6992	1
51287.0312	-1
51298.3633	-1
51309.6953	-1
51321.0273	-1
51332.3594	-1
51343.6914	-1
51355.0234	-1
51366.3555	-1
51377.6875	-1
51389.0195	-1
51400.3516	-1
51411.6836	-1
51423.0195	-1
51434.3555	-1
51445.6914	-1
51457.0273	-1
51468.3633	-1
51479.6992	-1
51491.0352	-1
51502.3711	-1
51513.7070	-1
51525.0430	-1
51536.3789	-1
51547.7148	-1
51559.0508	1
51570.3867	1
51581.7227	1
51593.0586	-1
51604.3945	-1
51615.7305	-1
51627.0664	-1
51638.4023	-1
51649.7383	-1
51661.0742	-1
51672.4102	-1
51683.7461	-1
51695.0820	-1
51706.4180	-1
51717.7539	-1
51729.0898	-1
51740.4375	1
51751.7891	-1
51763.1406	1
51774.4922	1
51785.8438	-1
51797.1953	-1
51808.5469	-1
51819.8984	-1
51831.2500	-1
51842.6016	-1
51853.9531	-1
51865.3047	-1
51876.6562	-1
51888.0078	-1
51899.3594	-1
51910.7109	-1
51922.0625	1
51933.4141	1
51944.7656	1
51956.1172	1
51967.4727	-1
51978.8281	-1
51990.1836	-1
52001.5391	-1
52012.8945	-1
52024.2500	-1
52035.6055	-1
52046.9609	-1
52058.3164	-1
52069.6719	-1
52081.0273	-1
52092.3828	-1
52103.7383	-1
52115.0938	-1
52126.4492	-1
52137.8047	-1
52149.1602	-1
52160.5156	-1
52171.8711	-1
52183.2383	1
52194.6094	-1
52205.9805	1
52217.3516	1
52228.7227	-1
52240.0938	-1
