0.0000	0
0.0332	1
1.2538	2
1.2828	-1
1.2883	2
1.6686	2
2.5330	1
2.6475	2
2.6563	2
2.8928	-2
3.0848	-2
3.1623	2
3.7405	2
3.8121	2
3.9629	2
4.4982	2
5.4866	2
5.4957	-2
5.6901	2
5.6965	-2
5.7574	2
5.7727	2
5.8100	-2
6.1654	-2
6.1894	-2
6.3168	-2
6.4107	-2
6.8850	2
6.9088	-2
6.9092	2
7.0672	2
7.1219	2
7.3115	-2
7.4662	2
8.2245	-2
8.5116	2
8.5546	2
8.6026	-2
8.6740	2
9.4847	2
9.5071	2
9.6891	-2
9.8260	2
9.8700	1
10.1971	2
10.3575	2
10.3707	2
10.4877	-2
10.7293	-2
10.8671	2
11.1420	2
11.4308	-2
12.1100	2
12.3772	2
12.4590	2
13.6615	2
17.2088	-1
17.7237	-2
18.0621	-2
24.5478	1
31.8870	1
39.2278	-1
46.5687	-1
53.9096	-1
61.2505	-1
68.5914	-1
75.9323	-1
83.2733	-1
90.6143	-1
97.9553	-1
105.2964	-1
112.6374	-1
119.9784	-1
127.3198	1
134.6612	1
142.0027	1
149.3442	1
156.6871	-1
164.0300	-1
171.3730	-1
178.7159	-1
186.0589	-1
193.4018	-1
200.7454	1
208.0891	1
215.4329	-1
222.7766	-1
230.1203	-1
237.4641	-1
244.8078	-1
252.1516	-1
259.4955	-1
266.8393	-1
274.1832	-1
281.5271	-1
288.8710	-1
296.2149	-1
303.5590	-1
310.9030	-1
318.2471	-1
325.5912	-1
332.9353	-1
340.2794	-1
347.6240	1
354.9686	1
362.3132	1
369.6579	1
377.0026	1
384.3473	1
391.6929	-1
399.0385	-1
406.3841	-1
413.7297	-1
421.0753	-1
428.4209	-1
435.7669	1
443.1130	1
450.4602	-1
457.8074	-1
465.1546	-1
472.5018	-1
479.8490	-1
487.1962	-1
494.5446	-1
501.8929	-1
509.2413	-1
516.5896	-1
523.9380	-1
531.2864	-1
538.6349	-1
545.9834	-1
553.3319	-1
560.6804	-1
568.0289	-1
575.3774	-1
582.7261	-1
590.0748	-1
597.4235	-1
604.7722	-1
612.1209	-1
619.4696	-1
626.8187	1
634.1679	1
641.5179	1
648.8680	1
656.2181	1
663.5685	-1
670.9189	-1
678.2693	-1
685.6198	-1
692.9702	-1
700.3206	-1
707.6711	-1
715.0217	-1
722.3723	-1
729.7229	-1
737.0735	-1
744.4241	-1
751.7748	-1
759.1255	-1
766.4762	-1
773.8269	-1
781.1776	-1
788.5283	-1
795.8792	-1
803.2301	-1
810.5810	-1
817.9319	-1
825.2828	-1
832.6337	-1
839.9857	-1
847.3376	-1
854.6896	-1
862.0416	-1
869.3936	-1
876.7457	-1
884.0984	-1
891.4511	-1
898.8038	-1
906.1566	-1
913.5093	-1
920.8620	-1
928.2155	-1
935.5689	-1
942.9224	-1
950.2758	-1
957.6293	-1
964.9827	-1
972.3363	-1
979.6899	-1
987.0436	-1
994.3972	-1
1001.7509	-1
1009.1045	-1
1016.4582	-1
1023.8119	-1
1031.1656	-1
1038.5194	-1
1045.8732	-1
1053.2269	-1
1060.5809	-1
1067.9349	-1
1075.2889	-1
1082.6429	-1
1089.9969	-1
1097.3618	1
1104.7279	-1
1112.0944	1
1119.4608	1
1126.8284	-1
1134.1959	-1
1141.5635	-1
1148.9310	-1
1156.2986	-1
1163.6661	-1
1171.0338	-1
1178.4015	-1
1185.7692	-1
1193.1368	-1
1200.5045	-1
1207.8722	-1
1215.2401	1
1222.6082	1
1229.9762	1
1237.3444	1
1244.7139	-1
1252.0834	-1
1259.4529	-1
1266.8224	-1
1274.1919	-1
1281.5614	-1
1288.9315	-1
1296.3016	-1
1303.6718	-1
1311.0419	-1
1318.4120	-1
1325.7821	-1
1333.1523	-1
1340.5226	-1
1347.8928	-1
1355.2631	-1
1362.6333	-1
1370.0035	-1
1377.3738	-1
1384.7440	-1
1392.1143	-1
1399.4845	-1
1406.8547	-1
1414.2250	-1
1421.5953	1
1428.9657	1
1436.3367	1
1443.7076	1
1451.0786	1
1458.4497	1
1465.8208	1
1473.1919	1
1480.5646	-1
1487.9373	-1
1495.3099	-1
1502.6826	-1
1510.0553	-1
1517.4280	-1
1524.8009	-1
1532.1738	-1
1539.5468	-1
1546.9197	-1
1554.2926	-1
1561.6655	-1
1569.0386	-1
1576.4116	-1
1583.7847	-1
1591.1577	-1
1598.5308	-1
1605.9038	-1
1613.2775	1
1620.6521	-1
1628.0267	-1
1635.4014	-1
1642.7760	-1
1650.1506	-1
1657.5253	-1
1664.9001	-1
1672.2750	-1
1679.6499	-1
1687.0248	-1
1694.3997	-1
1701.7745	-1
1709.1501	-1
1716.5258	-1
1723.9014	-1
1731.2770	-1
1738.6526	-1
1746.0282	-1
1753.4039	-1
1760.7797	-1
1768.1554	-1
1775.5311	-1
1782.9069	-1
1790.2826	-1
1797.6584	-1
1805.0343	-1
1812.4102	-1
1819.7860	-1
1827.1619	-1
1834.5377	-1
1841.9137	-1
1849.2897	-1
1856.6656	-1
1864.0538	1
1871.4432	-1
1878.8330	1
1886.2228	1
1893.6130	-1
1901.0033	-1
1908.3936	-1
1915.7838	-1
1923.1741	-1
1930.5643	-1
1937.9547	-1
1945.3451	-1
1952.7355	-1
1960.1259	-1
1967.5162	-1
1974.9066	-1
1982.2972	1
1989.6880	1
1997.0787	1
2004.4695	1
2011.8608	-1
2019.2522	-1
2026.6436	-1
2034.0349	-1
2041.4263	-1
2048.8176	-1
2056.2090	-1
2063.6003	-1
2070.9917	-1
2078.3833	-1
2085.7749	-1
2093.1665	-1
2100.5581	-1
2107.9497	-1
2115.3413	-1
2122.7329	-1
2130.1245	-1
2137.5161	-1
2144.9077	-1
2152.2993	-1
2159.6909	-1
2167.0825	-1
2174.4741	-1
2181.8657	-1
2189.2576	1
2196.6497	1
2204.0422	-1
2211.4348	-1
2218.8274	-1
2226.2200	-1
2233.6125	-1
2241.0051	-1
2248.3977	-1
2255.7903	-1
2263.1829	-1
2270.5852	1
2277.9890	-1
2285.3931	1
2292.7971	1
2300.2021	-1
2307.6072	-1
2315.0222	1
2322.4385	-1
2329.8552	1
2337.2720	1
2344.6897	-1
2352.1074	-1
2359.5251	-1
2366.9429	-1
2374.3606	-1
2381.7783	-1
2389.1963	-1
2396.6143	-1
2404.0322	-1
2411.4502	-1
2418.8682	-1
2426.2861	-1
2433.7043	1
2441.1226	1
2448.5408	1
2455.9590	1
2463.3787	-1
2470.7983	-1
2478.2180	-1
2485.6377	-1
2493.0574	-1
2500.4771	-1
2507.8972	-1
2515.3174	-1
2522.7375	-1
2530.1577	-1
2537.5779	-1
2544.9980	-1
2552.4182	1
2559.8384	-1
2567.2585	-1
2574.6787	1
2582.0989	-1
2589.5190	-1
2596.9392	-1
2604.3594	-1
2611.7798	-1
2619.2002	-1
2626.6206	-1
2634.0410	-1
2641.4614	-1
2648.8818	-1
2656.3025	1
2663.7231	1
2671.1443	1
2678.5654	1
2685.9866	1
2693.4077	1
2700.8313	-1
2708.2549	-1
2715.6785	-1
2723.1021	-1
2730.5256	-1
2737.9492	-1
2745.3738	1
2752.7986	1
2760.2234	-1
2767.6482	-1
2775.0730	-1
2782.4978	-1
2789.9226	-1
2797.3474	-1
2804.7722	-1
2812.1970	-1
2819.6218	-1
2827.0466	-1
2834.4714	-1
2841.8962	-1
2849.3213	-1
2856.7463	-1
2864.1714	-1
2871.5964	-1
2879.0215	-1
2886.4465	-1
2893.8718	-1
2901.2971	-1
2908.7224	-1
2916.1477	-1
2923.5730	-1
2930.9983	-1
2938.4236	-1
2945.8489	-1
2953.2742	-1
2960.6995	-1
2968.1248	-1
2975.5500	-1
2982.9756	-1
2990.4011	-1
2997.8267	-1
3005.2522	-1
3012.6777	-1
3020.1033	-1
3027.5288	-1
3034.9543	-1
3042.3799	-1
3049.8054	-1
3057.2310	-1
3064.6565	-1
3072.0823	1
3079.5081	1
3086.9341	1
3094.3601	1
3101.7876	-1
3109.2151	-1
3116.6426	-1
3124.0701	-1
3131.4978	-1
3138.9255	-1
3146.3533	-1
3153.7810	-1
3161.2087	-1
3168.6365	-1
3176.0642	-1
3183.4919	-1
3190.9199	-1
3198.3479	-1
3205.7759	-1
3213.2039	-1
3220.6318	-1
3228.0598	-1
3235.4890	-1
3242.9182	-1
3250.3474	-1
3257.7766	-1
3265.2058	-1
3272.6350	-1
3280.0645	-1
3287.4939	-1
3294.9233	-1
3302.3528	-1
3309.7822	-1
3317.2117	-1
3324.6411	-1
3332.0706	-1
3339.5095	1
3346.9497	-1
3354.3904	1
3361.8311	1
3369.2727	-1
3376.7144	-1
3384.1560	-1
3391.5977	-1
3399.0491	1
3406.5017	-1
3413.9546	1
3421.4075	1
3428.8616	-1
3436.3157	-1
3443.7698	-1
3451.2239	-1
3458.6780	-1
3466.1416	1
3473.6064	-1
3481.0715	1
3488.5366	1
3496.0029	-1
3503.4692	-1
3510.9355	-1
3518.4019	-1
3525.8682	-1
3533.3345	-1
3540.8008	-1
3548.2671	-1
3555.7334	-1
3563.1997	-1
3570.6660	-1
3578.1323	-1
3585.5989	1
3593.0657	1
3600.5325	1
3607.9993	1
3615.4675	-1
3622.9358	-1
3630.4041	-1
3637.8723	-1
3645.3406	-1
3652.8088	-1
3660.2776	-1
3667.7463	-1
3675.2151	-1
3682.6838	-1
3690.1526	-1
3697.6213	-1
3705.0901	1
3712.5588	1
3720.0276	-1
3727.4963	-1
3734.9651	-1
3742.4338	-1
3749.9026	-1
3757.3713	-1
3764.8403	-1
3772.3093	-1
3779.7783	-1
3787.2473	-1
3794.7163	-1
3802.1853	-1
3809.6545	1
3817.1238	1
3824.5930	1
3832.0623	1
3839.5315	1
3847.0007	1
3854.4731	-1
3861.9456	-1
3869.4180	-1
3876.8904	-1
3884.3628	-1
3891.8352	-1
3899.3076	-1
3906.7800	-1
3914.2524	-1
3921.7249	-1
3929.1973	-1
3936.6697	-1
3944.1421	-1
3951.6145	-1
3959.0869	-1
3966.5593	-1
3974.0317	-1
3981.5042	-1
3988.9768	-1
3996.4495	-1
4003.9221	-1
4011.3948	-1
4018.8674	-1
4026.3401	-1
4033.8127	-1
4041.2854	-1
4048.7581	-1
4056.2307	-1
4063.7034	-1
4071.1760	-1
4078.6489	-1
4086.1218	-1
4093.5947	-1
4101.0674	-1
4108.5400	-1
4116.0127	-1
4123.4858	-1
4130.9590	-1
4138.4321	-1
4145.9053	-1
4153.3784	-1
4160.8516	-1
4168.3247	-1
4175.7979	-1
4183.2710	-1
4190.7441	-1
4198.2173	-1
4205.6904	-1
4213.1636	1
4220.6367	1
4228.1104	1
4235.5840	1
4243.0596	-1
4250.5352	-1
4258.0107	-1
4265.4863	-1
4272.9619	-1
4280.4375	-1
4287.9131	-1
4295.3887	-1
4302.8643	-1
4310.3398	-1
4317.8154	-1
4325.2910	-1
4332.7666	-1
4340.2422	-1
4347.7178	-1
4355.1934	-1
4362.6689	-1
4370.1445	-1
4377.6201	-1
4385.0957	-1
4392.5713	-1
4400.0566	1
4407.5430	-1
4415.0298	1
4422.5166	1
4430.0039	-1
4437.4912	-1
4444.9785	-1
4452.4658	-1
4459.9531	-1
4467.4404	-1
4474.9277	-1
4482.4150	-1
4489.9023	-1
4497.3896	-1
4504.8770	-1
4512.3643	-1
4519.8521	1
4527.3398	1
4534.8276	1
4542.3154	1
4549.8042	-1
4557.2930	-1
4564.7817	-1
4572.2705	-1
4579.7593	-1
4587.2480	-1
4594.7368	-1
4602.2256	-1
4609.7144	-1
4617.2031	-1
4624.6919	-1
4632.1807	-1
4639.6694	-1
4647.1582	-1
4654.6470	-1
4662.1357	-1
4669.6245	-1
4677.1133	-1
4684.6021	-1
4692.0908	-1
4699.5796	-1
4707.0684	-1
4714.5571	-1
4722.0459	-1
4729.5352	1
4737.0244	1
4744.5137	1
4752.0029	1
4759.4922	1
4766.9814	1
4774.4717	-1
4781.9619	-1
4789.4521	-1
4796.9424	-1
4804.4326	-1
4811.9229	-1
4819.4136	-1
4826.9043	-1
4834.3950	-1
4841.8857	-1
4849.3765	-1
4856.8672	-1
4864.3579	-1
4871.8486	-1
4879.3394	-1
4886.8301	-1
4894.3208	-1
4901.8115	-1
4909.3022	-1
4916.7930	-1
4924.2837	-1
4931.7744	-1
4939.2651	-1
4946.7559	-1
4954.2471	-1
4961.7383	-1
4969.2295	-1
4976.7207	-1
4984.2119	-1
4991.7031	-1
4999.1943	-1
5006.6855	-1
5014.1768	-1
5021.6777	1
5029.1797	-1
5036.6821	1
5044.1846	1
5051.6875	-1
5059.1904	-1
5066.6934	-1
5074.1963	-1
5081.6992	-1
5089.2021	-1
5096.7051	-1
5104.2080	-1
5111.7109	-1
5119.2139	-1
5126.7168	-1
5134.2197	-1
5141.7231	1
5149.2266	1
5156.7300	1
5164.2334	1
5171.7373	-1
5179.2412	-1
5186.7451	-1
5194.2490	-1
5201.7529	-1
5209.2568	-1
5216.7607	-1
5224.2646	-1
5231.7686	-1
5239.2725	-1
5246.7764	-1
5254.2803	-1
5261.7847	-1
5269.2891	-1
5276.7935	-1
5284.2979	-1
5291.8022	-1
5299.3066	-1
5306.8110	-1
5314.3154	-1
5321.8198	-1
5329.3242	-1
5336.8286	-1
5344.3330	-1
5351.8374	1
5359.3423	1
5366.8472	1
5374.3521	1
5381.8569	1
5389.3618	1
5396.8667	1
5404.3716	1
5411.8774	-1
5419.3833	-1
5426.8892	-1
5434.3950	-1
5441.9009	-1
5449.4067	-1
5456.9126	-1
5464.4185	-1
5471.9243	-1
5479.4302	-1
5486.9360	-1
5494.4419	-1
5501.9478	-1
5509.4536	-1
5516.9595	-1
5524.4653	-1
5531.9712	-1
5539.4771	-1
5546.9829	-1
5554.4893	-1
5561.9956	-1
5569.5020	-1
5577.0083	-1
5584.5146	-1
5592.0210	-1
5599.5273	-1
5607.0337	-1
5614.5400	-1
5622.0464	-1
5629.5527	-1
5637.0596	-1
5644.5664	-1
5652.0732	-1
5659.5801	-1
5667.0869	-1
5674.5938	-1
5682.1006	-1
5689.6074	-1
5697.1143	-1
5704.6211	-1
5712.1279	-1
5719.6348	-1
5727.1416	-1
5734.6577	1
5742.1753	-1
5749.6934	1
5757.2114	1
5764.7300	-1
5772.2485	-1
5779.7671	-1
5787.2856	-1
5794.8042	-1
5802.3228	-1
5809.8418	-1
5817.3711	1
5824.9014	-1
5832.4321	1
5839.9629	1
5847.4946	-1
5855.0264	-1
5862.5581	-1
5870.0996	1
5877.6421	-1
5885.1851	1
5892.7280	1
5900.2720	-1
5907.8159	-1
5915.3599	-1
5922.9038	-1
5930.4570	1
5938.0117	-1
5945.5664	1
5953.1211	1
5960.6763	-1
5968.2314	-1
5975.7876	-1
5983.3525	1
5990.9185	-1
5998.4849	1
6006.0513	1
6013.6182	-1
6021.1855	-1
6028.7612	1
6036.3384	-1
6043.9155	1
6051.4927	1
6059.0708	-1
6066.6489	-1
6074.2363	1
6081.8247	-1
6089.4136	1
6097.0024	1
6104.5923	-1
6112.1821	-1
6119.7720	-1
6127.3618	-1
6134.9609	1
6142.5615	-1
6150.1621	1
6157.7632	1
6165.3647	-1
6172.9663	-1
6180.5679	-1
6188.1699	-1
6195.7808	1
6203.3931	-1
6211.0054	1
6218.6177	1
6226.2310	-1
6233.8442	-1
6241.4575	-1
6249.0801	1
6256.7041	-1
6264.3281	1
6271.9521	1
6279.5776	-1
6287.2031	-1
6294.8286	-1
6302.4541	-1
6310.0796	-1
6317.7051	-1
6325.3306	-1
6332.9561	-1
6340.5815	-1
6348.2070	-1
6355.8325	-1
6363.4580	-1
6371.0835	1
6378.7090	1
6386.3359	-1
6393.9629	-1
6401.5898	-1
6409.2168	-1
6416.8438	-1
6424.4707	-1
6432.0977	-1
6439.7344	1
6447.3721	-1
6455.0103	1
6462.6484	1
6470.2866	-1
6477.9268	-1
6485.5747	1
6493.2236	-1
6500.8730	1
6508.5225	1
6516.1729	-1
6523.8232	-1
6531.4736	-1
6539.1328	1
6546.7935	-1
6554.4546	1
6562.1157	1
6569.7778	-1
6577.4399	-1
6585.1021	-1
6592.7642	-1
6600.4263	-1
6608.0884	-1
6615.7505	-1
6623.4126	-1
6631.0747	-1
6638.7461	1
6646.4185	-1
6654.0913	1
6661.7642	1
6669.4375	-1
6677.1108	-1
6684.7842	-1
6692.4575	-1
6700.1309	-1
6707.8042	-1
6715.4775	-1
6723.1509	-1
6730.8242	-1
6738.4976	-1
6746.1709	-1
6753.8442	-1
6761.5181	1
6769.1919	1
6776.8657	1
6784.5396	1
6792.2144	-1
6799.8892	-1
6807.5640	-1
6815.2388	-1
6822.9136	-1
6830.5884	-1
6838.2632	-1
6845.9380	-1
6853.6128	-1
6861.2876	-1
6868.9624	-1
6876.6372	-1
6884.3120	-1
6891.9868	-1
6899.6616	-1
6907.3364	-1
6915.0112	-1
6922.6860	-1
6930.3613	-1
6938.0366	-1
6945.7119	-1
6953.3872	-1
6961.0625	-1
6968.7378	-1
6976.4131	1
6984.0884	1
6991.7637	1
6999.4390	1
7007.1143	1
7014.7905	-1
7022.4668	-1
7030.1431	-1
7037.8193	-1
7045.4956	-1
7053.1719	-1
7060.8481	-1
7068.5244	-1
7076.2007	-1
7083.8770	-1
7091.5532	-1
7099.2295	-1
7106.9062	-1
7114.5830	-1
7122.2598	-1
7129.9365	-1
7137.6133	-1
7145.2900	-1
7152.9668	-1
7160.6436	-1
7168.3203	-1
7175.9971	-1
7183.6738	-1
7191.3506	-1
7199.0273	-1
7206.7041	-1
7214.3809	-1
7222.0576	-1
7229.7344	-1
7237.4111	-1
7245.0972	1
7252.7842	-1
7260.4717	1
7268.1592	1
7275.8472	-1
7283.5352	-1
7291.2231	-1
7298.9111	-1
7306.5991	-1
7314.2871	-1
7321.9751	-1
7329.6631	-1
7337.3511	-1
7345.0391	-1
7352.7271	-1
7360.4150	-1
7368.1035	1
7375.7920	1
7383.4805	1
7391.1689	1
7398.8579	-1
7406.5469	-1
7414.2358	-1
7421.9248	-1
7429.6138	-1
7437.3027	-1
7444.9917	-1
7452.6807	-1
7460.3696	-1
7468.0586	-1
7475.7476	-1
7483.4365	-1
7491.1260	1
7498.8154	1
7506.5054	-1
7514.1953	-1
7521.8853	-1
7529.5752	-1
7537.2651	-1
7544.9551	-1
7552.6450	-1
7560.3350	-1
7568.0249	-1
7575.7148	-1
7583.4048	-1
7591.0947	-1
7598.7852	-1
7606.4756	-1
7614.1660	-1
7621.8564	-1
7629.5469	-1
7637.2373	-1
7644.9277	-1
7652.6182	-1
7660.3179	1
7668.0186	-1
7675.7197	1
7683.4209	1
7691.1230	-1
7698.8252	-1
7706.5273	-1
7714.2295	-1
7721.9316	-1
7729.6338	-1
7737.3359	-1
7745.0381	-1
7752.7402	-1
7760.4424	-1
7768.1445	-1
7775.8467	-1
7783.5493	1
7791.2520	1
7798.9546	1
7806.6572	1
7814.3618	-1
7822.0664	-1
7829.7710	-1
7837.4756	-1
7845.1802	-1
7852.8848	-1
7860.5894	-1
7868.2939	-1
7875.9985	-1
7883.7031	-1
7891.4077	-1
7899.1123	-1
7906.8169	-1
7914.5215	-1
7922.2261	-1
7929.9307	-1
7937.6353	-1
7945.3398	-1
7953.0444	-1
7960.7490	-1
7968.4536	-1
7976.1582	-1
7983.8628	-1
7991.5674	-1
7999.2725	1
8006.9775	1
8014.6826	1
8022.3877	1
8030.0928	1
8037.7979	1
8045.5029	1
8053.2080	1
8060.9160	-1
8068.6240	-1
8076.3320	-1
8084.0400	-1
8091.7480	-1
8099.4561	-1
8107.1641	-1
8114.8721	-1
8122.5801	-1
8130.2881	-1
8137.9961	-1
8145.7041	-1
8153.4126	-1
8161.1211	-1
8168.8296	-1
8176.5381	-1
8184.2466	-1
8191.9551	-1
8199.6631	-1
8207.3711	-1
8215.0791	-1
8222.7871	-1
8230.4951	-1
8238.2031	-1
8245.9121	-1
8253.6211	-1
8261.3301	-1
8269.0391	-1
8276.7480	-1
8284.4570	-1
8292.1660	-1
8299.8750	-1
8307.5840	-1
8315.2930	-1
8323.0020	-1
8330.7109	-1
8338.4199	-1
8346.1289	-1
8353.8379	-1
8361.5469	-1
8369.2559	-1
8376.9648	-1
8384.6738	-1
8392.3828	-1
8400.0918	-1
8407.8008	-1
8415.5098	-1
8423.2188	-1
8430.9277	1
8438.6387	-1
8446.3496	-1
8454.0605	-1
8461.7715	-1
8469.4824	-1
8477.2021	1
8484.9238	-1
8492.6455	1
8500.3672	1
8508.0898	-1
8515.8125	-1
8523.5352	-1
8531.2578	-1
8538.9805	-1
8546.7031	-1
8554.4258	-1
8562.1484	-1
8569.8711	-1
8577.5938	-1
8585.3164	-1
8593.0391	-1
8600.7617	1
8608.4844	1
8616.2070	1
8623.9297	1
8631.6533	-1
8639.3770	-1
8647.1006	-1
8654.8242	-1
8662.5479	-1
8670.2715	-1
8677.9951	-1
8685.7188	-1
8693.4424	-1
8701.1660	-1
8708.8896	-1
8716.6133	-1
8724.3369	1
8732.0605	-1
8739.7842	-1
8747.5078	-1
8755.2314	-1
8762.9551	-1
8770.6787	-1
8778.4023	-1
8786.1260	-1
8793.8496	-1
8801.5732	-1
8809.2969	-1
8817.0205	-1
8824.7451	1
8832.4697	1
8840.1943	1
8847.9189	1
8855.6436	1
8863.3682	1
8871.0928	1
8878.8174	-1
8886.5420	-1
8894.2666	-1
8901.9912	-1
8909.7158	-1
8917.4404	-1
8925.1660	-1
8932.8916	-1
8940.6172	-1
8948.3428	-1
8956.0684	-1
8963.7939	-1
8971.5195	1
8979.2451	1
8986.9717	-1
8994.6982	-1
9002.4248	-1
9010.1514	-1
9017.8779	-1
9025.6045	-1
9033.3311	-1
9041.0576	-1
9048.7842	-1
9056.5107	-1
9064.2373	-1
9071.9639	-1
9079.6914	-1
9087.4189	-1
9095.1465	-1
9102.8740	-1
9110.6016	-1
9118.3291	-1
9126.0566	-1
9133.7842	-1
9141.5117	-1
9149.2393	-1
9156.9668	-1
9164.6943	-1
9172.4219	-1
9180.1494	-1
9187.8770	-1
9195.6045	-1
9203.3320	-1
9211.0596	-1
9218.7871	-1
9226.5146	-1
9234.2422	-1
9241.9697	-1
9249.6973	-1
9257.4248	-1
9265.1523	-1
9272.8799	-1
9280.6074	-1
9288.3350	-1
9296.0625	-1
9303.7900	-1
9311.5176	-1
9319.2451	-1
9326.9824	1
9334.7207	-1
9342.4600	1
9350.1992	1
9357.9385	-1
9365.6777	-1
9373.4170	-1
9381.1562	-1
9388.8955	-1
9396.6348	-1
9404.3740	-1
9412.1133	-1
9419.8525	-1
9427.5918	-1
9435.3311	-1
9443.0703	-1
9450.8105	1
9458.5508	-1
9466.2910	-1
9474.0312	-1
9481.7715	-1
9489.5215	1
9497.2725	-1
9505.0234	1
9512.7744	1
9520.5264	-1
9528.2783	-1
9536.0303	-1
9543.7822	-1
9551.5342	-1
9559.2861	-1
9567.0381	-1
9574.7900	-1
9582.5420	-1
9590.2939	-1
9598.0459	-1
9605.7979	-1
9613.5498	1
9621.3018	1
9629.0547	-1
9636.8076	-1
9644.5605	-1
9652.3135	-1
9660.0664	-1
9667.8193	-1
9675.5723	-1
9683.3252	-1
9691.0879	1
9698.8516	-1
9706.6152	1
9714.3789	1
9722.1436	-1
9729.9082	-1
9737.6729	-1
9745.4375	-1
9753.2021	-1
9760.9668	-1
9768.7314	-1
9776.4961	-1
9784.2607	-1
9792.0254	-1
9799.7900	-1
9807.5547	-1
9815.3193	1
9823.0850	1
9830.8506	1
9838.6162	1
9846.3828	-1
9854.1494	-1
9861.9160	-1
9869.6826	-1
9877.4492	-1
9885.2158	-1
9892.9824	-1
9900.7490	-1
9908.5156	-1
9916.2822	-1
9924.0488	-1
9931.8154	-1
9939.5820	-1
9947.3486	-1
9955.1152	-1
9962.8818	-1
9970.6484	-1
9978.4150	-1
9986.1816	-1
9993.9482	-1
10001.7148	-1
10009.4814	-1
10017.2480	-1
10025.0146	-1
10032.7812	1
10040.5479	1
10048.3145	1
10056.0820	1
10063.8496	1
10071.6172	1
10079.3848	1
10087.1523	1
10094.9199	-1
10102.6875	-1
10110.4551	-1
10118.2227	-1
10125.9902	-1
10133.7578	-1
10141.5254	1
10149.2939	1
10157.0635	-1
10164.8330	-1
10172.6025	-1
10180.3721	-1
10188.1416	-1
10195.9111	-1
10203.6807	-1
10211.4502	-1
10219.2197	-1
10226.9893	-1
10234.7588	-1
10242.5283	-1
10250.2979	-1
10258.0674	-1
10265.8369	-1
10273.6064	-1
10281.3760	-1
10289.1455	-1
10296.9150	-1
10304.6846	-1
10312.4541	-1
10320.2236	-1
10327.9932	-1
10335.7627	-1
10343.5322	-1
10351.3018	-1
10359.0713	-1
10366.8408	-1
10374.6104	-1
10382.3799	-1
10390.1494	-1
10397.9189	-1
10405.6885	-1
10413.4580	-1
10421.2275	-1
10428.9971	-1
10436.7666	-1
10444.5361	-1
10452.3057	-1
10460.0752	-1
10467.8447	-1
10475.6143	-1
10483.3838	-1
10491.1533	-1
10498.9229	-1
10506.6924	1
10514.4619	-1
10522.2314	-1
10530.0010	-1
10537.7705	1
10545.5400	-1
10553.3096	-1
10561.0791	-1
10568.8486	-1
10576.6182	-1
10584.3877	-1
10592.1582	-1
10599.9287	-1
10607.6992	-1
10615.4697	-1
10623.2402	-1
10631.0107	-1
10638.7822	1
10646.5537	1
10654.3252	1
10662.0967	1
10669.8682	1
10677.6396	1
10685.4111	1
10693.1826	1
10700.9541	-1
10708.7256	-1
10716.4971	1
10724.2686	-1
10732.0400	-1
10739.8115	-1
10747.5830	-1
10755.3545	1
10763.1260	1
10770.8975	1
10778.6689	1
10786.4424	-1
10794.2158	-1
10801.9893	-1
10809.7627	-1
10817.5361	-1
10825.3096	-1
10833.0830	-1
10840.8564	-1
10848.6299	-1
10856.4033	-1
10864.1768	-1
10871.9502	-1
10879.7236	-1
10887.4971	-1
10895.2705	-1
10903.0439	-1
10910.8174	-1
10918.5908	-1
10926.3652	-1
10934.1396	-1
10941.9141	-1
10949.6885	-1
10957.4629	-1
10965.2373	-1
10973.0117	-1
10980.7861	-1
10988.5605	-1
10996.3350	-1
11004.1094	-1
11011.8838	-1
11019.6582	-1
11027.4326	-1
11035.2070	-1
11042.9814	-1
11050.7559	-1
11058.5303	-1
11066.3047	-1
11074.0791	-1
11081.8535	-1
11089.6279	-1
11097.4023	-1
11105.1768	-1
11112.9512	-1
11120.7256	-1
11128.5000	-1
11136.2744	-1
11144.0488	-1
11151.8232	-1
11159.5977	-1
11167.3721	-1
11175.1465	-1
11182.9209	-1
11190.6953	-1
11198.4697	-1
11206.2441	-1
11214.0186	-1
11221.7930	-1
11229.5674	-1
11237.3418	-1
11245.1162	-1
11252.8906	-1
11260.6650	-1
11268.4395	-1
11276.2139	-1
11283.9883	-1
11291.7627	-1
11299.5381	-1
11307.3135	-1
11315.0889	-1
11322.8643	-1
11330.6396	-1
11338.4150	-1
11346.1904	-1
11353.9658	-1
11361.7412	-1
11369.5166	-1
11377.2920	-1
11385.0674	-1
11392.8525	1
11400.6396	-1
11408.4268	1
11416.2139	1
11424.0020	-1
11431.7900	-1
11439.5781	-1
11447.3662	-1
11455.1543	-1
11462.9424	-1
11470.7305	-1
11478.5186	-1
11486.3066	-1
11494.0947	-1
11501.8828	-1
11509.6709	-1
11517.4600	1
11525.2490	1
11533.0381	1
11540.8271	1
11548.6172	-1
11556.4072	-1
11564.1973	-1
11571.9873	-1
11579.7773	-1
11587.5674	-1
11595.3574	-1
11603.1475	-1
11610.9375	-1
11618.7275	-1
11626.5176	-1
11634.3076	-1
11642.0977	-1
11649.8877	-1
11657.6777	-1
11665.4678	-1
11673.2578	-1
11681.0479	-1
11688.8389	-1
11696.6299	-1
11704.4209	-1
11712.2119	-1
11720.0029	-1
11727.7939	-1
11735.5850	1
11743.3760	1
11751.1670	1
11758.9580	1
11766.7490	1
11774.5400	1
11782.3311	1
11790.1221	1
11797.9150	-1
11805.7080	-1
11813.5010	-1
11821.2939	-1
11829.0869	-1
11836.8799	-1
11844.6729	-1
11852.4658	-1
11860.2588	-1
11868.0518	-1
11875.8447	-1
11883.6377	-1
11891.4316	-1
11899.2256	-1
11907.0195	-1
11914.8135	-1
11922.6074	-1
11930.4014	-1
11938.1963	1
11945.9912	-1
11953.7861	1
11961.5811	-1
11969.3760	-1
11977.1709	-1
11984.9658	-1
11992.7607	-1
12000.5557	-1
12008.3506	-1
12016.1455	-1
12023.9404	-1
12031.7354	-1
12039.5303	-1
12047.3252	-1
12055.1201	-1
12062.9150	-1
12070.7100	-1
12078.5049	-1
12086.2998	-1
12094.0947	-1
12101.8896	-1
12109.6846	-1
12117.4795	-1
12125.2744	-1
12133.0693	-1
12140.8652	-1
12148.6611	-1
12156.4570	-1
12164.2529	-1
12172.0488	-1
12179.8447	-1
12187.6406	-1
12195.4365	-1
12203.2324	-1
12211.0283	-1
12218.8242	-1
12226.6201	-1
12234.4170	-1
12242.2139	-1
12250.0107	-1
12257.8174	1
12265.6250	-1
12273.4336	1
12281.2422	1
12289.0518	-1
12296.8613	-1
12304.6709	-1
12312.4805	-1
12320.2900	-1
12328.0996	-1
12335.9092	-1
12343.7188	-1
12351.5391	1
12359.3604	-1
12367.1816	1
12375.0029	1
12382.8252	-1
12390.6475	-1
12398.4697	-1
12406.2920	-1
12414.1143	-1
12421.9365	-1
12429.7588	-1
12437.5811	-1
12445.4033	-1
12453.2256	-1
12461.0479	-1
12468.8701	-1
12476.6934	1
12484.5166	1
12492.3398	1
12500.1631	1
12507.9873	-1
12515.8115	-1
12523.6357	-1
12531.4600	-1
12539.2842	-1
12547.1084	-1
12554.9326	-1
12562.7568	-1
12570.5811	-1
12578.4053	-1
12586.2295	-1
12594.0537	-1
12601.8789	1
12609.7041	1
12617.5293	1
12625.3545	1
12633.1797	-1
12641.0049	-1
12648.8301	-1
12656.6553	-1
12664.4805	-1
12672.3057	-1
12680.1309	-1
12687.9561	-1
12695.7812	-1
12703.6064	-1
12711.4316	-1
12719.2568	-1
12727.0830	1
12734.9102	1
12742.7373	1
12750.5645	1
12758.3926	-1
12766.2207	-1
12774.0488	-1
12781.8770	-1
12789.7051	-1
12797.5332	-1
12805.3623	-1
12813.1914	-1
12821.0205	-1
12828.8496	-1
12836.6787	-1
12844.5078	-1
12852.3369	-1
12860.1660	-1
12867.9951	-1
12875.8242	-1
12883.6533	-1
12891.4824	-1
12899.3115	-1
12907.1406	-1
12914.9697	-1
12922.7988	-1
12930.6279	-1
12938.4570	-1
12946.2861	-1
12954.1152	-1
12961.9443	1
12969.7734	-1
12977.6025	-1
12985.4316	-1
12993.2607	-1
13001.0898	1
13008.9189	1
13016.7480	1
13024.5781	1
13032.4082	1
13040.2383	1
13048.0684	1
13055.8984	1
13063.7305	-1
13071.5625	-1
13079.3945	-1
13087.2266	-1
13095.0586	-1
13102.8906	-1
13110.7227	-1
13118.5547	-1
13126.3867	-1
13134.2188	-1
13142.0508	-1
13149.8828	-1
13157.7178	-1
13165.5527	-1
13173.3877	-1
13181.2227	-1
13189.0576	-1
13196.8926	-1
13204.7275	-1
13212.5625	-1
13220.3975	-1
13228.2324	-1
13236.0674	-1
13243.9023	-1
13251.7373	-1
13259.5723	-1
13267.4072	-1
13275.2422	-1
13283.0771	-1
13290.9121	-1
13298.7471	-1
13306.5820	-1
13314.4170	-1
13322.2520	-1
13330.0869	-1
13337.9219	-1
13345.7568	-1
13353.5918	-1
13361.4268	-1
13369.2617	-1
13377.0967	-1
13384.9316	-1
13392.7676	-1
13400.6035	-1
13408.4395	-1
13416.2754	-1
13424.1113	-1
13431.9473	-1
13439.7832	-1
13447.6191	-1
13455.4551	-1
13463.2910	-1
13471.1270	-1
13478.9629	-1
13486.7988	-1
13494.6348	-1
13502.4707	-1
13510.3066	-1
13518.1426	-1
13525.9785	-1
13533.8145	-1
13541.6504	-1
13549.4863	-1
13557.3223	-1
13565.1582	-1
13572.9941	-1
13580.8301	-1
13588.6660	-1
13596.5020	-1
13604.3486	1
13612.1963	-1
13620.0439	1
13627.8916	1
13635.7402	-1
13643.5889	-1
13651.4375	-1
13659.2861	-1
13667.1348	-1
13674.9834	-1
13682.8330	-1
13690.6826	-1
13698.5322	-1
13706.3818	-1
13714.2314	-1
13722.0811	-1
13729.9307	1
13737.7803	1
13745.6309	-1
13753.4814	-1
13761.3320	-1
13769.1826	-1
13777.0332	-1
13784.8838	-1
13792.7344	-1
13800.5850	-1
13808.4463	1
13816.3086	-1
13824.1709	1
13832.0332	1
13839.8975	-1
13847.7617	-1
13855.6260	-1
13863.4902	-1
13871.3545	-1
13879.2188	-1
13887.0830	-1
13894.9473	-1
13902.8115	-1
13910.6758	-1
13918.5400	-1
13926.4043	-1
13934.2686	1
13942.1328	1
13949.9980	-1
13957.8633	-1
13965.7285	-1
13973.5938	-1
13981.4590	-1
13989.3242	-1
13997.1895	-1
14005.0547	-1
14012.9199	-1
14020.7949	1
14028.6719	-1
14036.5488	1
14044.4258	1
14052.3037	-1
14060.1816	-1
14068.0596	-1
14075.9375	-1
14083.8154	-1
14091.6934	-1
14099.5713	-1
14107.4492	-1
14115.3271	-1
14123.2051	-1
14131.0830	-1
14138.9609	-1
14146.8389	1
14154.7168	1
14162.5947	1
14170.4727	1
14178.3516	-1
14186.2305	-1
14194.1094	-1
14201.9883	-1
14209.8672	-1
14217.7461	-1
14225.6250	-1
14233.5039	-1
14241.3828	-1
14249.2617	-1
14257.1406	-1
14265.0195	-1
14272.8984	1
14280.7773	1
14288.6562	1
14296.5352	1
14304.4141	-1
14312.2930	-1
14320.1719	-1
14328.0508	-1
14335.9297	-1
14343.8086	-1
14351.6885	-1
14359.5684	-1
14367.4482	-1
14375.3281	-1
14383.2080	-1
14391.0879	-1
14398.9678	1
14406.8477	1
14414.7275	1
14422.6074	1
14430.4883	-1
14438.3691	-1
14446.2500	-1
14454.1309	-1
14462.0117	-1
14469.8926	-1
14477.7734	-1
14485.6543	-1
14493.5352	-1
14501.4160	-1
14509.2969	-1
14517.1777	-1
14525.0586	-1
14532.9395	-1
14540.8203	-1
14548.7012	-1
14556.5820	-1
14564.4629	-1
14572.3438	-1
14580.2246	-1
14588.1055	-1
14595.9863	-1
14603.8672	-1
14611.7480	-1
14619.6299	1
14627.5117	1
14635.3936	1
14643.2754	1
14651.1572	1
14659.0391	1
14666.9209	1
14674.8027	1
14682.6846	-1
14690.5664	-1
14698.4482	-1
14706.3301	-1
14714.2119	-1
14722.0938	-1
14729.9766	1
14737.8594	1
14745.7422	-1
14753.6250	-1
14761.5078	-1
14769.3906	-1
14777.2734	-1
14785.1562	-1
14793.0391	1
14800.9219	1
14808.8047	-1
14816.6885	-1
14824.5723	-1
14832.4561	-1
14840.3398	-1
14848.2236	-1
14856.1074	-1
14863.9912	-1
14871.8750	-1
14879.7588	-1
14887.6426	-1
14895.5264	-1
14903.4102	-1
14911.2939	-1
14919.1777	-1
14927.0615	-1
14934.9453	-1
14942.8291	-1
14950.7129	-1
14958.5967	-1
14966.4805	-1
14974.3643	-1
14982.2480	-1
14990.1318	-1
14998.0156	-1
15005.8994	-1
15013.7832	-1
15021.6670	-1
15029.5508	-1
15037.4346	-1
15045.3193	-1
15053.2041	-1
15061.0889	-1
15068.9736	-1
15076.8584	-1
15084.7432	-1
15092.6279	1
15100.5127	1
15108.3975	1
15116.2822	1
15124.1670	1
15132.0518	1
15139.9365	1
15147.8213	1
15155.7070	1
15163.5928	1
15171.4785	1
15179.3643	-1
15187.2500	-1
15195.1357	-1
15203.0215	-1
15210.9072	-1
15218.7930	-1
15226.6787	-1
15234.5645	-1
15242.4502	-1
15250.3359	-1
15258.2217	-1
15266.1074	-1
15273.9941	-1
15281.8809	-1
15289.7676	-1
15297.6543	-1
15305.5410	-1
15313.4277	-1
15321.3145	-1
15329.2012	-1
15337.0879	-1
15344.9746	-1
15352.8613	-1
15360.7480	-1
15368.6357	-1
15376.5234	-1
15384.4111	-1
15392.2988	-1
15400.1865	-1
15408.0742	-1
15415.9619	-1
15423.8496	-1
15431.7373	-1
15439.6250	-1
15447.5127	-1
15455.4004	-1
15463.2881	-1
15471.1758	-1
15479.0635	-1
15486.9512	-1
15494.8389	-1
15502.7266	-1
15510.6143	-1
15518.5020	-1
15526.3896	-1
15534.2773	-1
15542.1650	-1
15550.0527	-1
15557.9414	-1
15565.8301	-1
15573.7188	-1
15581.6074	-1
15589.4961	-1
15597.3848	-1
15605.2744	-1
15613.1641	-1
15621.0537	-1
15628.9434	-1
15636.8330	-1
15644.7227	-1
15652.6123	-1
15660.5020	-1
15668.3916	-1
15676.2812	-1
15684.1709	-1
15692.0605	-1
15699.9502	-1
15707.8398	-1
15715.7295	-1
15723.6191	-1
15731.5088	-1
15739.3984	-1
15747.2881	-1
15755.1777	-1
15763.0674	-1
15770.9570	-1
15778.8467	-1
15786.7363	-1
15794.6260	-1
15802.5156	-1
15810.4053	-1
15818.2949	-1
15826.1846	-1
15834.0742	-1
15841.9639	-1
15849.8535	-1
15857.7432	-1
15865.6328	-1
15873.5225	-1
15881.4121	-1
15889.3018	-1
15897.1914	-1
15905.0811	-1
15912.9707	-1
15920.8604	-1
15928.7500	-1
15936.6396	-1
15944.5293	-1
15952.4189	-1
15960.3086	-1
15968.1982	-1
15976.0879	-1
15983.9785	-1
15991.8691	-1
15999.7598	-1
16007.6504	-1
16015.5410	-1
16023.4316	-1
16031.3223	-1
16039.2227	1
16047.1250	-1
16055.0273	1
16062.9297	1
16070.8330	-1
16078.7363	-1
16086.6396	-1
16094.5430	-1
16102.4463	-1
16110.3496	-1
16118.2529	-1
16126.1562	-1
16134.0596	-1
16141.9629	-1
16149.8662	-1
16157.7695	-1
16165.6826	1
16173.5967	-1
16181.5107	1
16189.4258	1
16197.3418	-1
16205.2578	-1
16213.1738	-1
16221.0898	-1
16229.0059	-1
16236.9219	-1
16244.8379	-1
16252.7539	-1
16260.6699	-1
16268.5859	-1
16276.5020	-1
16284.4180	-1
16292.3340	1
16300.2500	1
16308.1660	1
16316.0820	1
16324.0000	-1
16331.9180	-1
16339.8359	-1
16347.7539	-1
16355.6719	-1
16363.5898	-1
16371.5078	-1
16379.4258	-1
16387.3438	-1
16395.2617	-1
16403.1797	-1
16411.0977	-1
16419.0156	-1
16426.9336	-1
16434.8516	-1
16442.7695	-1
16450.6875	-1
16458.6055	-1
16466.5234	-1
16474.4414	-1
16482.3594	-1
16490.2773	-1
16498.1953	-1
16506.1133	-1
16514.0312	1
16521.9492	1
16529.8672	1
16537.7852	1
16545.7031	1
16553.6211	1
16561.5391	1
16569.4590	1
16577.3809	-1
16585.3027	-1
16593.2246	-1
16601.1465	-1
16609.0684	-1
16616.9902	-1
16624.9121	1
16632.8340	1
16640.7559	-1
16648.6777	-1
16656.5996	-1
16664.5215	-1
16672.4434	-1
16680.3652	-1
16688.2871	-1
16696.2090	-1
16704.1309	-1
16712.0527	-1
16719.9746	-1
16727.8965	-1
16735.8184	-1
16743.7402	-1
16751.6621	-1
16759.5840	-1
16767.5059	-1
16775.4277	-1
16783.3496	-1
16791.2715	-1
16799.1934	-1
16807.1152	-1
16815.0371	-1
16822.9590	-1
16830.8809	-1
16838.8027	-1
16846.7246	-1
16854.6465	-1
16862.5684	-1
16870.4902	-1
16878.4121	-1
16886.3340	-1
16894.2559	-1
16902.1777	-1
16910.0996	-1
16918.0215	-1
16925.9434	-1
16933.8652	-1
16941.7871	-1
16949.7090	-1
16957.6309	-1
16965.5527	-1
16973.4766	1
16981.4004	1
16989.3242	1
16997.2480	1
17005.1719	1
17013.0957	1
17021.0195	1
17028.9434	1
17036.8672	1
17044.7910	1
17052.7148	1
17060.6387	1
17068.5625	1
17076.4863	1
17084.4102	-1
17092.3340	-1
17100.2578	-1
17108.1816	-1
17116.1055	-1
17124.0293	-1
17131.9531	-1
17139.8770	-1
17147.8008	-1
17155.7246	-1
17163.6484	-1
17171.5723	-1
17179.4980	1
17187.4238	1
17195.3496	1
17203.2754	1
17211.2031	-1
17219.1309	-1
17227.0586	-1
17234.9863	-1
17242.9141	-1
17250.8418	-1
17258.7734	1
17266.7051	1
17274.6367	-1
17282.5684	-1
17290.5000	-1
17298.4316	-1
17306.3633	-1
17314.2949	-1
17322.2266	-1
17330.1582	-1
17338.0898	-1
17346.0215	-1
17353.9531	-1
17361.8848	-1
17369.8164	-1
17377.7480	-1
17385.6797	-1
17393.6113	-1
17401.5430	-1
17409.4746	-1
17417.4082	-1
17425.3418	-1
17433.2754	-1
17441.2090	-1
17449.1426	-1
17457.0762	-1
17465.0098	-1
17472.9434	-1
17480.8770	-1
17488.8105	-1
17496.7441	-1
17504.6777	-1
17512.6113	-1
17520.5449	-1
17528.4785	-1
17536.4121	-1
17544.3457	-1
17552.2793	-1
17560.2129	1
17568.1465	1
17576.0801	1
17584.0137	1
17591.9473	-1
17599.8809	-1
17607.8145	-1
17615.7480	-1
17623.6816	1
17631.6152	-1
17639.5488	-1
17647.4824	1
17655.4160	-1
17663.3496	-1
17671.2832	-1
17679.2168	-1
17687.1504	-1
17695.0840	-1
17703.0195	-1
17710.9551	-1
17718.8906	-1
17726.8262	-1
17734.7617	-1
17742.6973	-1
17750.6328	-1
17758.5684	-1
17766.5039	-1
17774.4395	-1
17782.3750	-1
17790.3105	-1
17798.2461	-1
17806.1816	-1
17814.1172	-1
17822.0527	-1
17829.9883	-1
17837.9238	-1
17845.8594	-1
17853.7949	-1
17861.7305	-1
17869.6660	-1
17877.6016	-1
17885.5371	-1
17893.4727	1
17901.4082	1
17909.3438	1
17917.2793	1
17925.2148	1
17933.1504	-1
17941.0859	-1
17949.0215	-1
17956.9570	1
17964.8926	-1
17972.8281	-1
17980.7637	-1
17988.6992	1
17996.6348	1
18004.5703	1
18012.5059	1
18020.4414	-1
18028.3770	-1
18036.3125	-1
18044.2480	-1
18052.1836	-1
18060.1191	-1
18068.0547	-1
18075.9902	-1
18083.9258	-1
18091.8613	-1
18099.7969	-1
18107.7324	-1
18115.6680	-1
18123.6035	-1
18131.5391	-1
18139.4746	-1
18147.4102	-1
18155.3457	-1
18163.2812	-1
18171.2168	-1
18179.1523	-1
18187.0879	-1
18195.0234	-1
18202.9590	-1
18210.8945	-1
18218.8301	-1
18226.7656	-1
18234.7012	-1
18242.6367	-1
18250.5723	-1
18258.5098	1
18266.4473	1
18274.3848	1
18282.3223	1
18290.2598	1
18298.1973	1
18306.1348	1
18314.0742	-1
18322.0137	-1
18329.9531	-1
18337.8926	-1
18345.8320	-1
18353.7715	-1
18361.7109	-1
18369.6504	-1
18377.5898	-1
18385.5293	-1
18393.4688	-1
18401.4082	-1
18409.3477	-1
18417.2871	-1
18425.2266	-1
18433.1660	-1
18441.1055	-1
18449.0449	-1
18456.9844	-1
18464.9238	-1
18472.8633	-1
18480.8027	-1
18488.7422	-1
18496.6816	-1
18504.6250	-1
18512.5684	-1
18520.5117	-1
18528.4551	-1
18536.3984	-1
18544.3418	-1
18552.2852	-1
18560.2285	-1
18568.1719	-1
18576.1152	-1
18584.0586	-1
18592.0020	-1
18599.9453	-1
18607.8887	-1
18615.8320	-1
18623.7754	-1
18631.7188	-1
18639.6621	-1
18647.6055	-1
18655.5488	-1
18663.4922	-1
18671.4355	-1
18679.3789	-1
18687.3223	-1
18695.2656	-1
18703.2090	-1
18711.1523	-1
18719.0957	-1
18727.0391	-1
18734.9824	-1
18742.9258	-1
18750.8691	-1
18758.8125	-1
18766.7559	-1
18774.6992	-1
18782.6426	-1
18790.5898	-1
18798.5371	-1
18806.4844	-1
18814.4316	-1
18822.3789	-1
18830.3262	-1
18838.2734	-1
18846.2207	-1
18854.1680	-1
18862.1152	-1
18870.0625	-1
18878.0098	-1
18885.9570	-1
18893.9043	-1
18901.8516	-1
18909.7988	-1
18917.7461	-1
18925.6934	-1
18933.6406	-1
18941.5879	-1
18949.5352	-1
18957.4824	-1
18965.4297	-1
18973.3770	-1
18981.3242	-1
18989.2715	-1
18997.2188	-1
19005.1660	-1
19013.1133	-1
19021.0605	-1
19029.0078	-1
19036.9551	-1
19044.9023	-1
19052.8496	-1
19060.7969	-1
19068.7441	-1
19076.6914	-1
19084.6387	-1
19092.5859	-1
19100.5332	-1
19108.4805	-1
19116.4277	-1
19124.3750	-1
19132.3223	-1
19140.2695	-1
19148.2168	-1
19156.1641	-1
19164.1113	-1
19172.0586	-1
19180.0059	-1
19187.9531	-1
19195.9004	-1
19203.8477	-1
19211.7949	-1
19219.7422	-1
19227.6895	-1
19235.6367	-1
19243.5840	-1
19251.5312	-1
19259.4785	-1
19267.4277	-1
19275.3770	-1
19283.3262	-1
19291.2754	-1
19299.2246	-1
19307.1738	-1
19315.1230	-1
19323.0723	-1
19331.0215	-1
19338.9707	-1
19346.9199	-1
19354.8691	-1
19362.8184	-1
19370.7676	-1
19378.7168	-1
19386.6660	-1
19394.7930	1
19402.9199	-1
19411.0469	-1
19419.1738	-1
19427.3008	-1
19435.4277	-1
19443.5547	-1
19451.6934	1
19459.8340	-1
19467.9746	1
19476.1152	1
19484.2559	-1
19492.3965	-1
19500.5371	-1
19508.6777	-1
19516.8184	-1
19524.9590	-1
19533.0996	-1
19541.2402	-1
19549.3809	-1
19557.5215	-1
19565.6621	-1
19573.8027	-1
19581.9434	1
19590.0840	1
19598.2246	1
19606.3652	1
19614.5078	-1
19622.6504	-1
19630.7930	-1
19638.9355	-1
19647.0781	-1
19655.2207	-1
19663.3633	-1
19671.5059	-1
19679.6484	-1
19687.7910	-1
19695.9336	-1
19704.0762	-1
19712.2188	-1
19720.3613	-1
19728.5039	-1
19736.6465	-1
19744.7891	-1
19752.9316	-1
19761.0742	-1
19769.2168	-1
19777.3594	-1
19785.5020	-1
19793.6445	-1
19801.7871	-1
19809.9297	1
19818.0723	-1
19826.2148	-1
19834.3574	-1
19842.5000	-1
19850.6523	1
19858.8066	-1
19866.9609	1
19875.1152	1
19883.2715	-1
19891.4277	-1
19899.5840	-1
19907.7500	1
19915.9160	-1
19924.0820	1
19932.2480	1
19940.4160	-1
19948.5840	-1
19956.7617	1
19964.9395	-1
19973.1172	1
19981.2949	1
19989.4746	-1
19997.6543	-1
20005.8340	-1
20014.0137	-1
20022.1934	-1
20030.3730	-1
20038.5527	-1
20046.7324	-1
20054.9121	-1
20063.0918	-1
20071.2715	-1
20079.4512	-1
20087.6309	1
20095.8105	1
20103.9902	1
20112.1699	1
20120.3516	-1
20128.5332	-1
20136.7148	-1
20144.8965	-1
20153.0781	-1
20161.2598	-1
20169.4414	-1
20177.6230	-1
20185.8047	-1
20193.9863	-1
20202.1680	-1
20210.3496	-1
20218.5312	-1
20226.7129	-1
20234.8945	-1
20243.0762	-1
20251.2578	-1
20259.4395	-1
20267.6211	-1
20275.8027	-1
20283.9941	1
20292.1855	-1
20300.3789	1
20308.5723	1
20316.7656	-1
20324.9590	-1
20333.1523	-1
20341.3457	-1
20349.5391	-1
20357.7324	-1
20365.9258	-1
20374.1191	-1
20382.3125	-1
20390.5156	1
20398.7188	-1
20406.9238	1
20415.1289	1
20423.3340	-1
20431.5391	-1
20439.7441	-1
20447.9590	1
20456.1738	-1
20464.3906	1
20472.6074	1
20480.8242	-1
20489.0410	-1
20497.2676	1
20505.4941	-1
20513.7207	1
20521.9473	1
20530.1758	-1
20538.4043	-1
20546.6426	1
20554.8809	-1
20563.1211	1
20571.3613	1
20579.6016	-1
20587.8418	-1
20596.0918	1
20604.3418	-1
20612.5918	1
20620.8418	1
20629.0938	-1
20637.3457	-1
20645.6055	1
20653.8672	-1
20662.1289	1
20670.3906	1
20678.6543	-1
20686.9180	-1
20695.1816	-1
20703.4453	-1
20711.7090	-1
20719.9727	-1
20728.2363	-1
20736.5000	-1
20744.7637	-1
20753.0273	-1
20761.2910	-1
20769.5547	-1
20777.8184	1
20786.0820	1
20794.3457	1
20802.6094	1
20810.8730	-1
20819.1367	-1
20827.4004	-1
20835.6641	-1
20843.9277	-1
20852.1914	-1
20860.4551	-1
20868.7188	-1
20876.9824	-1
20885.2461	-1
20893.5098	-1
20901.7734	-1
20910.0371	-1
20918.3008	-1
20926.5645	-1
20934.8281	-1
20943.0918	-1
20951.3555	-1
20959.6191	-1
20967.8828	-1
20976.1465	-1
20984.4102	-1
20992.6738	-1
21000.9375	-1
21009.2012	1
21017.4648	1
21025.7305	1
21033.9961	1
21042.2617	1
21050.5273	1
21058.7930	1
21067.0586	-1
21075.3242	-1
21083.5898	-1
21091.8555	-1
21100.1211	-1
21108.3867	-1
21116.6523	-1
21124.9180	-1
21133.1836	-1
21141.4492	-1
21149.7148	-1
21157.9805	-1
21166.2461	-1
21174.5117	-1
21182.7773	-1
21191.0430	-1
21199.3086	-1
21207.5742	-1
21215.8398	-1
21224.1055	-1
21232.3711	-1
21240.6367	-1
21248.9023	-1
21257.1680	-1
21265.4336	-1
21273.6992	-1
21281.9648	-1
21290.2305	-1
21298.4961	-1
21306.7617	-1
21315.0293	-1
21323.2969	-1
21331.5645	-1
21339.8320	-1
21348.0996	-1
21356.3672	-1
21364.6348	-1
21372.9023	-1
21381.1699	-1
21389.4453	1
21397.7227	-1
21406.0000	1
21414.2773	1
21422.5566	-1
21430.8359	-1
21439.1230	1
21447.4121	-1
21455.7012	1
21463.9902	1
21472.2812	-1
21480.5723	-1
21488.8633	-1
21497.1543	-1
21505.4453	-1
21513.7363	-1
21522.0273	-1
21530.3184	-1
21538.6094	-1
21546.9004	-1
21555.1914	-1
21563.4824	-1
21571.7734	1
21580.0645	1
21588.3555	1
21596.6465	1
21604.9395	-1
21613.2324	-1
21621.5254	-1
21629.8184	-1
21638.1113	-1
21646.4043	-1
21654.6973	-1
21662.9902	-1
21671.2832	-1
21679.5762	-1
21687.8691	-1
21696.1621	-1
21704.4551	-1
21712.7480	-1
21721.0410	-1
21729.3340	-1
21737.6270	-1
21745.9199	-1
21754.2129	-1
21762.5059	-1
21770.7988	-1
21779.0918	-1
21787.3848	-1
21795.6777	-1
21803.9707	1
21812.2637	1
21820.5586	-1
21828.8535	-1
21837.1484	-1
21845.4434	-1
21853.7383	-1
21862.0332	-1
21870.3281	-1
21878.6328	1
21886.9395	-1
21895.2461	1
21903.5527	1
21911.8594	-1
21920.1660	-1
21928.4727	-1
21936.7793	-1
21945.0859	-1
21953.3926	-1
21961.6992	-1
21970.0059	-1
21978.3125	-1
21986.6191	-1
21994.9258	-1
22003.2324	-1
22011.5410	1
22019.8496	1
22028.1582	1
22036.4668	1
22044.7773	-1
22053.0879	-1
22061.3984	-1
22069.7090	-1
22078.0195	-1
22086.3301	-1
22094.6406	-1
22102.9512	-1
22111.2617	-1
22119.5723	-1
22127.8828	-1
22136.1934	-1
22144.5039	-1
22152.8145	-1
22161.1250	-1
22169.4355	-1
22177.7461	-1
22186.0566	-1
22194.3672	-1
22202.6777	-1
22210.9883	-1
22219.2988	-1
22227.6094	-1
22235.9199	-1
22244.2305	1
22252.5410	1
22260.8516	1
22269.1621	1
22277.4727	1
22285.7832	1
22294.0938	1
22302.4043	1
22310.7168	-1
22319.0293	-1
22327.3418	-1
22335.6543	-1
22343.9668	-1
22352.2793	-1
22360.5938	1
22368.9082	1
22377.2227	-1
22385.5371	-1
22393.8516	-1
22402.1660	-1
22410.4805	-1
22418.7949	-1
22427.1094	-1
22435.4238	-1
22443.7383	-1
22452.0527	-1
22460.3672	-1
22468.6816	-1
22476.9961	-1
22485.3105	-1
22493.6250	-1
22501.9395	-1
22510.2539	-1
22518.5684	-1
22526.8828	-1
22535.1973	-1
22543.5117	-1
22551.8262	-1
22560.1406	-1
22568.4551	-1
22576.7695	-1
22585.0840	-1
22593.3984	-1
22601.7129	-1
22610.0273	-1
22618.3418	-1
22626.6562	-1
22634.9707	-1
22643.2852	-1
22651.5996	-1
22659.9141	-1
22668.2285	-1
22676.5430	-1
22684.8574	-1
22693.1719	-1
22701.4863	-1
22709.8008	-1
22718.1152	-1
22726.4316	1
22734.7480	1
22743.0645	-1
22751.3809	-1
22759.6973	-1
22768.0137	-1
22776.3301	-1
22784.6465	-1
22792.9629	-1
22801.2793	-1
22809.5957	-1
22817.9121	-1
22826.2285	-1
22834.5449	-1
22842.8633	-1
22851.1816	-1
22859.5000	-1
22867.8184	-1
22876.1367	-1
22884.4551	-1
22892.7734	-1
22901.1016	1
22909.4316	-1
22917.7617	1
22926.0918	1
22934.4219	-1
22942.7520	-1
22951.0918	1
22959.4336	-1
22967.7754	1
22976.1172	1
22984.4590	-1
22992.8008	-1
23001.1523	1
23009.5059	-1
23017.8594	1
23026.2129	1
23034.5664	-1
23042.9199	-1
23051.2832	1
23059.6484	-1
23068.0137	1
23076.3789	1
23084.7461	-1
23093.1133	-1
23101.4883	1
23109.8652	-1
23118.2422	1
23126.6191	1
23134.9961	-1
23143.3750	-1
23151.7617	1
23160.1504	-1
23168.5391	1
23176.9277	1
23185.3164	-1
23193.7051	-1
23202.0957	-1
23210.4941	1
23218.8945	-1
23227.2949	1
23235.6953	1
23244.0977	-1
23252.5000	-1
23260.9023	-1
23269.3125	1
23277.7246	-1
23286.1367	1
23294.5488	1
23302.9629	-1
23311.3770	-1
23319.7988	1
23328.2227	-1
23336.6465	1
23345.0703	1
23353.4961	-1
23361.9219	-1
23370.3477	-1
23378.7812	1
23387.2168	-1
23395.6523	1
23404.0879	1
23412.5254	-1
23420.9629	-1
23429.4004	-1
23437.8477	1
23446.2949	-1
23454.7422	1
23463.1895	1
23471.6387	-1
23480.0879	-1
23488.5469	1
23497.0059	-1
23505.4648	1
23513.9238	1
23522.3848	-1
23530.8457	-1
23539.3164	1
23547.7871	-1
23556.2598	1
23564.7324	1
23573.2051	-1
23581.6777	-1
23590.1504	-1
23598.6230	-1
23607.0957	-1
23615.5684	-1
23624.0430	-1
23632.5176	-1
23640.9922	-1
23649.4668	-1
23657.9414	-1
23666.4160	-1
23674.8906	1
23683.3652	1
23691.8398	1
23700.3145	1
23708.7910	-1
23717.2676	-1
23725.7441	-1
23734.2207	-1
23742.6973	-1
23751.1738	-1
23759.6504	-1
23768.1270	-1
23776.6035	-1
23785.0801	-1
23793.5566	-1
23802.0332	-1
23810.5098	-1
23818.9863	-1
23827.4629	-1
23835.9395	-1
23844.4160	-1
23852.8926	-1
23861.3691	-1
23869.8457	-1
23878.3223	-1
23886.7988	-1
23895.2754	-1
23903.7520	-1
23912.2285	1
23920.7051	1
23929.1836	-1
23937.6621	-1
23946.1406	-1
23954.6191	-1
23963.0977	-1
23971.5762	-1
23980.0547	-1
23988.5332	-1
23997.0117	-1
24005.4902	-1
24013.9688	-1
24022.4570	1
24030.9453	-1
24039.4355	1
24047.9258	1
24056.4160	-1
24064.9062	-1
24073.3965	-1
24081.8867	-1
24090.3770	-1
24098.8672	-1
24107.3574	-1
24115.8477	-1
24124.3379	-1
24132.8281	-1
24141.3184	-1
24149.8086	-1
24158.2988	1
24166.7891	1
24175.2793	1
24183.7715	-1
24192.2637	-1
24200.7559	-1
24209.2480	-1
24217.7402	-1
24226.2324	-1
24234.7246	-1
24243.2168	-1
24251.7090	-1
24260.2012	-1
24268.6934	-1
24277.1855	-1
24285.6777	-1
24294.1797	1
24302.6836	-1
24311.1875	1
24319.6914	1
24328.1953	-1
24336.6992	-1
24345.2031	-1
24353.7070	-1
24362.2109	-1
24370.7148	-1
24379.2188	-1
24387.7227	-1
24396.2266	-1
24404.7305	-1
24413.2344	-1
24421.7383	-1
24430.2422	1
24438.7461	1
24447.2500	1
24455.7539	1
24464.2598	-1
24472.7656	-1
24481.2715	-1
24489.7773	-1
24498.2832	-1
24506.7891	-1
24515.2949	-1
24523.8008	-1
24532.3066	-1
24540.8125	-1
24549.3184	-1
24557.8242	-1
24566.3301	-1
24574.8359	-1
24583.3418	-1
24591.8477	-1
24600.3535	-1
24608.8594	-1
24617.3652	1
24625.8711	1
24634.3770	1
24642.8828	1
24651.3887	1
24659.8945	1
24668.4004	-1
24676.9062	-1
24685.4121	-1
24693.9180	-1
24702.4238	-1
24710.9297	-1
24719.4355	1
24727.9414	1
24736.4473	-1
24744.9531	-1
24753.4590	-1
24761.9648	-1
24770.4707	-1
24778.9766	-1
24787.4844	1
24795.9922	1
24804.5000	-1
24813.0078	-1
24821.5156	-1
24830.0234	-1
24838.5312	-1
24847.0391	-1
24855.5469	-1
24864.0547	-1
24872.5625	-1
24881.0703	-1
24889.5781	-1
24898.0859	-1
24906.5938	-1
24915.1016	-1
24923.6094	-1
24932.1172	-1
24940.6250	-1
24949.1328	-1
24957.6406	-1
24966.1484	-1
24974.6562	-1
24983.1641	-1
24991.6719	-1
25000.1797	-1
25008.6875	-1
25017.1953	-1
25025.7031	-1
25034.2109	-1
25042.7188	-1
25051.2266	-1
25059.7344	1
25068.2422	1
25076.7500	1
25085.2598	1
25093.7695	1
25102.2793	1
25110.7891	1
25119.2988	1
25127.8086	1
25136.3184	1
25144.8281	-1
25153.3379	-1
25161.8477	-1
25170.3574	-1
25178.8672	-1
25187.3770	-1
25195.8867	-1
25204.3965	-1
25212.9062	-1
25221.4160	-1
25229.9258	-1
25238.4355	-1
25246.9453	-1
25255.4551	-1
25263.9648	-1
25272.4746	-1
25280.9844	-1
25289.4941	-1
25298.0039	-1
25306.5137	-1
25315.0234	-1
25323.5332	-1
25332.0430	-1
25340.5527	-1
25349.0645	1
25357.5762	1
25366.0879	1
25374.5996	1
25383.1113	1
25391.6230	1
25400.1348	1
25408.6465	1
25417.1582	-1
25425.6699	-1
25434.1816	-1
25442.6934	-1
25451.2051	-1
25459.7168	-1
25468.2285	-1
25476.7402	-1
25485.2520	-1
25493.7637	-1
25502.2754	-1
25510.7871	-1
25519.2988	-1
25527.8105	-1
25536.3223	-1
25544.8340	-1
25553.3457	-1
25561.8574	-1
25570.3691	-1
25578.8809	-1
25587.3926	-1
25595.9043	-1
25604.4160	-1
25612.9277	-1
25621.4395	-1
25629.9512	-1
25638.4629	-1
25646.9746	-1
25655.4863	-1
25663.9980	-1
25672.5098	-1
25681.0215	-1
25689.5332	-1
25698.0449	-1
25706.5566	-1
25715.0684	-1
25723.5801	-1
25732.0938	-1
25740.6074	-1
25749.1211	-1
25757.6348	-1
25766.1484	-1
25774.6621	-1
25783.1758	-1
25791.6895	-1
25800.2031	-1
25808.7168	-1
25817.2305	-1
25825.7441	-1
25834.2578	-1
25842.7715	-1
25851.2852	-1
25859.7988	-1
25868.3125	-1
25876.8262	-1
25885.3398	-1
25893.8535	-1
25902.3672	-1
25910.8809	-1
25919.3945	-1
25927.9082	-1
25936.4219	-1
25944.9355	-1
25953.4492	-1
25961.9629	-1
25970.4766	-1
25978.9902	-1
25987.5039	-1
25996.0176	-1
26004.5312	-1
26013.0449	-1
26021.5586	-1
26030.0723	-1
26038.5859	-1
26047.0996	-1
26055.6133	-1
26064.1270	-1
26072.6406	-1
26081.1543	-1
26089.6680	-1
26098.1816	-1
26106.6953	-1
26115.2090	-1
26123.7227	-1
26132.2383	-1
26140.7539	-1
26149.2695	-1
26157.7852	-1
26166.3008	-1
26174.8164	-1
26183.3320	-1
26191.8477	-1
26200.3633	-1
26208.8789	-1
26217.3945	-1
26225.9102	-1
26234.4258	1
26242.9414	1
26251.4570	-1
26259.9727	-1
26268.4883	-1
26277.0039	-1
26285.5195	-1
26294.0352	-1
26302.5508	1
26311.0664	1
26319.5820	1
26328.0977	-1
26336.6133	-1
26345.1289	-1
26353.6445	-1
26362.1602	-1
26370.6758	-1
26379.1914	1
26387.7070	1
26396.2227	1
26404.7383	1
26413.2539	1
26421.7695	1
26430.2852	1
26438.8008	1
26447.3164	1
26455.8320	1
26464.3477	1
26472.8652	-1
26481.3828	-1
26489.9004	-1
26498.4180	-1
26506.9355	-1
26515.4531	-1
26523.9707	-1
26532.4883	-1
26541.0059	-1
26549.5234	-1
26558.0410	-1
26566.5586	-1
26575.0762	-1
26583.5938	-1
26592.1113	-1
26600.6289	-1
26609.1465	-1
26617.6641	-1
26626.1816	-1
26634.6992	-1
26643.2168	-1
26651.7344	-1
26660.2520	-1
26668.7695	-1
26677.2891	-1
26685.8086	-1
26694.3281	-1
26702.8477	-1
26711.3672	-1
26719.8867	-1
26728.4062	-1
26736.9258	-1
26745.4453	-1
26753.9648	-1
26762.4844	-1
26771.0039	-1
26779.5234	-1
26788.0430	-1
26796.5625	-1
26805.0820	-1
26813.6016	-1
26822.1211	-1
26830.6406	-1
26839.1602	-1
26847.6797	-1
26856.1992	-1
26864.7188	-1
26873.2383	-1
26881.7578	-1
26890.2773	-1
26898.7969	-1
26907.3164	-1
26915.8359	-1
26924.3555	-1
26932.8750	-1
26941.3945	-1
26949.9141	-1
26958.4336	-1
26966.9531	-1
26975.4727	-1
26983.9941	-1
26992.5156	-1
27001.0371	-1
27009.5586	-1
27018.0801	-1
27026.6016	-1
27035.1230	-1
27043.6445	-1
27052.1660	-1
27060.6875	-1
27069.2090	-1
27077.7305	-1
27086.2520	-1
27094.7734	-1
27103.2949	-1
27111.8164	-1
27120.3379	-1
27128.8594	-1
27137.3809	-1
27145.9023	-1
27154.4238	-1
27162.9453	-1
27171.4668	-1
27179.9883	-1
27188.5098	-1
27197.0312	-1
27205.5527	-1
27214.0742	-1
27222.5957	-1
27231.1172	-1
27239.6387	-1
27248.1602	-1
27256.6816	-1
27265.2031	-1
27280.0293	1
27294.8555	-1
