0.0000	0
0.1368	-1
0.9172	-2
1.2653	-2
1.6026	-2
1.6689	1
1.6832	-2
2.0520	-2
2.0737	-2
2.1428	2
2.1983	-2
2.2255	-2
2.2289	-2
2.2419	-2
2.2767	-2
2.3481	2
2.3526	-2
2.3875	-2
2.4370	-2
2.6852	-2
2.8931	-2
2.9454	-2
3.1072	-2
3.1673	-2
3.1779	-2
3.2019	-1
3.2818	-2
3.3164	-2
3.4404	-2
3.4671	-2
3.4789	-2
3.4841	-2
3.6221	-2
3.7120	-2
3.7692	-2
3.7977	-2
3.8513	-2
3.8924	-2
3.9022	2
3.9129	-2
4.0136	-2
4.0349	2
4.1260	-2
4.1685	-2
4.3950	-2
4.5129	-2
4.5294	-2
4.5372	-2
4.5987	-2
4.6006	-2
4.6204	-2
4.6566	-2
4.8959	-2
4.9718	-2
5.0424	-2
5.1091	-2
5.1401	-1
5.1648	-2
5.1770	-2
5.1935	-2
5.6269	-2
5.6726	-2
5.6936	2
5.6975	-2
5.7300	-2
5.7301	-2
5.7869	-2
5.8183	-2
5.9100	-2
5.9768	-2
6.0100	-2
6.0535	2
6.2600	2
6.4602	2
6.6890	-2
6.7523	2
6.9483	-2
7.0276	-2
7.0280	-2
7.0789	1
7.2116	-2
7.3345	-2
7.5338	-2
7.5707	2
7.6602	-2
7.8672	-2
7.9532	-2
8.0186	-2
8.1284	-2
8.2253	-2
8.3692	-2
8.4648	-2
8.6371	-2
8.9143	2
9.0985	-2
9.2718	-2
9.6142	-2
9.7462	2
9.9368	2
9.9419	-2
10.3479	2
10.4453	2
10.5901	2
11.6390	-2
12.6543	2
15.0217	2
16.8334	1
20.0793	2
26.5896	-1
36.3461	1
46.1027	1
55.8603	-1
65.6179	-1
75.3755	-1
85.1460	1
94.9181	-1
104.6907	1
114.4632	1
124.2370	-1
134.0107	-1
143.7845	-1
153.5583	-1
163.3321	-1
173.1058	-1
182.8797	-1
192.6536	-1
202.4276	-1
212.2138	1
222.0014	-1
231.7894	1
241.5774	1
251.3661	-1
261.1548	-1
270.9436	-1
280.7323	-1
290.5210	-1
300.3098	-1
310.0986	-1
319.8875	-1
329.6764	-1
339.4653	-1
349.2542	-1
359.0430	-1
368.8323	1
378.6216	1
388.4115	-1
398.2014	-1
407.9913	-1
417.7812	-1
427.5712	-1
437.3611	-1
447.1512	-1
456.9412	-1
466.7312	-1
476.5213	-1
486.3113	-1
496.1135	1
505.9171	-1
515.7210	1
525.5250	1
535.3301	-1
545.1351	-1
554.9402	-1
564.7452	-1
574.5503	-1
584.3555	-1
594.1739	1
603.9939	-1
613.8143	1
623.6348	1
633.4565	-1
643.2783	-1
653.1000	-1
662.9217	-1
672.7434	-1
682.5651	-1
692.3870	-1
702.2089	-1
712.0308	-1
721.8527	-1
731.6746	-1
741.4965	-1
751.3188	1
761.1412	1
770.9636	1
780.7861	1
790.6099	-1
800.4338	-1
810.2576	-1
820.0815	-1
829.9055	-1
839.7294	-1
849.5534	-1
859.3774	-1
869.2015	-1
879.0255	-1
888.8495	-1
898.6736	-1
908.4977	-1
918.3219	-1
928.1461	-1
937.9702	-1
947.7944	-1
957.6185	-1
967.4428	-1
977.2671	-1
987.0914	-1
996.9156	-1
1006.7400	-1
1016.5643	-1
1026.3889	1
1036.2136	1
1046.0383	1
1055.8632	1
1065.6892	-1
1075.5153	-1
1085.3413	-1
1095.1674	-1
1104.9934	-1
1114.8196	-1
1124.6462	-1
1134.4729	-1
1144.2996	-1
1154.1262	-1
1163.9529	-1
1173.7795	-1
1183.6064	-1
1193.4333	-1
1203.2603	-1
1213.0872	-1
1222.9141	-1
1232.7410	-1
1242.5681	-1
1252.3953	-1
1262.2224	-1
1272.0496	-1
1281.8895	1
1291.7308	-1
1301.5725	1
1311.4143	1
1321.2567	-1
1331.0991	-1
1340.9415	-1
1350.7839	-1
1360.6263	-1
1370.4688	-1
1380.3113	-1
1390.1538	-1
1399.9963	-1
1409.8389	-1
1419.6945	1
1429.5515	-1
1439.4089	1
1449.2664	1
1459.1249	-1
1468.9834	-1
1478.8419	-1
1488.7004	-1
1498.5590	-1
1508.4176	-1
1518.2888	1
1528.1614	-1
1538.0343	1
1547.9072	1
1557.7812	-1
1567.6553	-1
1577.5293	-1
1587.4033	-1
1597.2773	-1
1607.1514	-1
1617.0255	-1
1626.8997	-1
1636.7738	-1
1646.6479	-1
1656.5221	-1
1666.3962	-1
1676.2708	1
1686.1454	1
1696.0200	1
1705.8947	1
1715.7704	-1
1725.6461	-1
1735.5219	-1
1745.3976	-1
1755.2733	-1
1765.1490	-1
1775.0255	-1
1784.9020	-1
1794.7784	-1
1804.6549	-1
1814.5314	-1
1824.4078	-1
1834.2844	-1
1844.1610	-1
1854.0376	-1
1863.9142	-1
1873.7908	-1
1883.6674	-1
1893.5441	1
1903.4208	1
1913.2975	-1
1923.1742	-1
1933.0509	-1
1942.9276	-1
1952.8043	-1
1962.6810	-1
1972.5583	1
1982.4359	1
1992.3135	1
2002.1912	1
2012.0688	1
2021.9465	1
2031.8252	-1
2041.7039	-1
2051.5825	-1
2061.4612	-1
2071.3398	-1
2081.2185	-1
2091.0977	1
2100.9768	1
2110.8564	-1
2120.7361	-1
2130.6157	-1
2140.4954	-1
2150.3750	-1
2160.2549	-1
2170.1353	1
2180.0156	1
2189.8962	-1
2199.7769	-1
2209.6575	-1
2219.5381	-1
2229.4187	-1
2239.2993	-1
2249.1799	-1
2259.0605	-1
2268.9412	-1
2278.8218	-1
2288.7024	-1
2298.5830	-1
2308.4639	-1
2318.3447	-1
2328.2256	-1
2338.1064	-1
2347.9873	-1
2357.8682	-1
2367.7502	-1
2377.6323	-1
2387.5144	-1
2397.3965	-1
2407.2786	-1
2417.1606	-1
2427.0427	1
2436.9250	1
2446.8074	1
2456.6897	-1
2466.5720	-1
2476.4543	-1
2486.3367	-1
2496.2190	-1
2506.1013	-1
2515.9836	1
2525.8660	1
2535.7483	1
2545.6306	-1
2555.5129	-1
2565.3953	-1
2575.2776	-1
2585.1599	-1
2595.0422	-1
2604.9258	1
2614.8096	1
2624.6934	1
2634.5771	1
2644.4609	1
2654.3450	1
2664.2292	-1
2674.1135	-1
2683.9978	-1
2693.8821	-1
2703.7664	-1
2713.6506	-1
2723.5352	-1
2733.4197	-1
2743.3042	-1
2753.1887	-1
2763.0732	-1
2772.9578	-1
2782.8428	-1
2792.7278	-1
2802.6128	-1
2812.4980	-1
2822.3833	-1
2832.2686	-1
2842.1545	1
2852.0405	1
2861.9265	1
2871.8127	1
2881.6990	1
2891.5852	1
2901.4717	-1
2911.3582	-1
2921.2446	-1
2931.1311	-1
2941.0176	-1
2950.9041	-1
2960.7910	-1
2970.6780	-1
2980.5649	-1
2990.4519	-1
3000.3389	-1
3010.2258	-1
3020.1130	1
3030.0005	-1
3039.8879	-1
3049.7754	-1
3059.6628	-1
3069.5503	-1
3079.4377	-1
3089.3254	-1
3099.2131	-1
3109.1008	-1
3118.9885	-1
3128.8762	-1
3138.7639	-1
3148.6516	-1
3158.5393	-1
3168.4270	-1
3178.3147	-1
3188.2024	-1
3198.0901	-1
3207.9780	-1
3217.8660	-1
3227.7539	-1
3237.6418	-1
3247.5298	-1
3257.4177	-1
3267.3059	1
3277.1941	1
3287.0825	1
3296.9722	1
3306.8618	1
3316.7515	1
3326.6411	1
3336.5310	1
3346.4211	-1
3356.3113	-1
3366.2014	-1
3376.0916	-1
3385.9817	-1
3395.8718	-1
3405.7625	-1
3415.6531	-1
3425.5437	-1
3435.4343	-1
3445.3250	-1
3455.2156	-1
3465.1062	1
3474.9968	1
3484.8875	1
3494.7786	1
3504.6702	1
3514.5620	1
3524.4539	1
3534.3479	-1
3544.2419	-1
3554.1360	-1
3564.0300	-1
3573.9241	-1
3583.8181	-1
3593.7122	-1
3603.6062	-1
3613.5002	-1
3623.3943	-1
3633.2883	-1
3643.1824	-1
3653.0767	-1
3662.9709	-1
3672.8652	-1
3682.7595	-1
3692.6538	-1
3702.5481	-1
3712.4424	-1
3722.3367	-1
3732.2310	-1
3742.1252	-1
3752.0195	-1
3761.9138	-1
3771.8083	-1
3781.7029	-1
3791.5974	-1
3801.4919	-1
3811.3865	-1
3821.2810	-1
3831.1755	-1
3841.0701	-1
3850.9646	-1
3860.8591	-1
3870.7537	-1
3880.6482	-1
3890.5430	-1
3900.4377	-1
3910.3325	-1
3920.2273	-1
3930.1221	-1
3940.0168	-1
3949.9116	-1
3959.8064	-1
3969.7012	-1
3979.5959	-1
3989.4907	-1
3999.3855	-1
4009.2805	-1
4019.1755	-1
4029.0706	-1
4038.9656	-1
4048.8606	-1
4058.7556	-1
4068.6521	-1
4078.5486	-1
4088.4451	-1
4098.3413	-1
4108.2378	-1
4118.1343	-1
4128.0308	-1
4137.9272	-1
4147.8237	-1
4157.7202	-1
4167.6167	-1
4177.5132	-1
4187.4097	-1
4197.3062	-1
4207.2026	-1
4217.0991	-1
4226.9956	-1
4236.8921	-1
4246.7891	-1
4256.6860	-1
4266.5830	-1
4276.4800	-1
4286.3770	-1
4296.2739	-1
4306.1709	1
4316.0679	1
4325.9648	1
4335.8618	1
4345.7588	1
4355.6558	1
4365.5527	1
4375.4502	1
4385.3477	1
4395.2451	1
4405.1426	1
4415.0400	1
4424.9375	1
4434.8350	1
4444.7324	1
4454.6299	1
4464.5273	1
4474.4248	1
4484.3247	1
4494.2246	1
4504.1245	1
4514.0244	1
4523.9243	1
4533.8247	1
4543.7251	1
4553.6255	1
4563.5264	-1
4573.4272	-1
4583.3281	-1
4593.2290	-1
4603.1299	-1
4613.0308	-1
4622.9321	-1
4632.8335	-1
4642.7349	-1
4652.6362	-1
4662.5376	-1
4672.4390	-1
4682.3403	-1
4692.2417	-1
4702.1431	-1
4712.0444	-1
4721.9458	-1
4731.8472	-1
4741.7490	-1
4751.6509	-1
4761.5527	-1
4771.4546	-1
4781.3564	-1
4791.2583	-1
4801.1602	-1
4811.0620	-1
4820.9639	-1
4830.8657	-1
4840.7676	-1
4850.6694	-1
4860.5713	-1
4870.4731	-1
4880.3750	-1
4890.2769	-1
4900.1787	-1
4910.0806	-1
4919.9829	-1
4929.8853	-1
4939.7876	-1
4949.6899	-1
4959.5923	-1
4969.4946	-1
4979.3989	-1
4989.3032	-1
4999.2075	-1
5009.1118	-1
5019.0161	-1
5028.9204	-1
5038.8247	-1
5048.7290	-1
5058.6333	-1
5068.5376	-1
5078.4419	-1
5088.3462	-1
5098.2505	-1
5108.1548	-1
5118.0591	-1
5127.9634	-1
5137.8677	-1
5147.7720	-1
5157.6768	-1
5167.5815	-1
5177.4863	-1
5187.3911	-1
5197.2959	-1
5207.2007	-1
5217.1055	-1
5227.0103	-1
5236.9150	-1
5246.8198	-1
5256.7246	-1
5266.6294	-1
5276.5342	-1
5286.4390	-1
5296.3438	-1
5306.2485	-1
5316.1533	-1
5326.0581	-1
5335.9629	-1
5345.8677	-1
5355.7725	-1
5365.6772	-1
5375.5820	-1
5385.4868	-1
5395.3926	1
5405.2983	1
5415.2041	1
5425.1128	-1
5435.0215	-1
5444.9302	-1
5454.8389	-1
5464.7476	-1
5474.6562	-1
5484.5649	-1
5494.4736	-1
5504.3823	-1
5514.2910	-1
5524.1997	-1
5534.1084	-1
5544.0171	-1
5553.9258	-1
5563.8345	-1
5573.7432	-1
5583.6519	-1
5593.5605	-1
5603.4697	-1
5613.3789	-1
5623.2881	-1
5633.1973	-1
5643.1064	-1
5653.0156	-1
5662.9248	-1
5672.8340	-1
5682.7432	-1
5692.6523	-1
5702.5615	-1
5712.4707	-1
5722.3818	-1
5732.2930	-1
5742.2041	-1
5752.1152	-1
5762.0264	-1
5771.9375	-1
5781.8486	-1
5791.7598	-1
5801.6709	-1
5811.5820	-1
5821.4932	-1
5831.4043	-1
5841.3154	-1
5851.2266	-1
5861.1377	-1
5871.0488	-1
5880.9600	-1
5890.8711	-1
5900.7827	-1
5910.6943	-1
5920.6060	-1
5930.5176	-1
5940.4292	-1
5950.3408	-1
5960.2524	-1
5970.1641	-1
5980.0757	-1
5989.9873	-1
5999.8989	-1
6009.8105	-1
6019.7222	-1
6029.6338	-1
6039.5454	-1
6049.4570	-1
6059.3687	-1
6069.2803	-1
6079.1919	-1
6089.1035	-1
6099.0151	-1
6108.9268	-1
6118.8384	-1
6128.7500	-1
6138.6621	-1
6148.5742	-1
6158.4863	-1
6168.3984	-1
6178.3105	-1
6188.2227	-1
6198.1348	-1
6208.0469	-1
6217.9590	-1
6227.8711	-1
6237.7832	-1
6247.6953	-1
6257.6104	-1
6267.5254	-1
6277.4404	-1
6287.3555	-1
6297.2705	-1
6307.1855	-1
6317.1006	-1
6327.0156	-1
6336.9307	-1
6346.8462	-1
6356.7617	-1
6366.6772	-1
6376.5928	-1
6386.5083	-1
6396.4238	-1
6406.3394	-1
6416.2549	-1
6426.1704	-1
6436.0859	-1
6446.0015	-1
6455.9170	-1
6465.8325	-1
6475.7480	-1
6485.6636	-1
6495.5791	-1
6505.4946	-1
6515.4102	-1
6525.3257	-1
6535.2412	-1
6545.1567	-1
6555.0723	-1
6564.9878	-1
6574.9033	-1
6584.8193	-1
6594.7354	-1
6604.6514	-1
6614.5674	-1
6624.4834	-1
6634.3994	-1
6644.3154	-1
6654.2314	-1
6664.1475	-1
6674.0635	-1
6683.9795	-1
6693.8955	-1
6703.8115	-1
6713.7275	-1
6723.6436	-1
6733.5596	-1
6743.4756	-1
6753.3916	-1
6763.3076	-1
6773.2236	-1
6783.1396	-1
6793.0562	-1
6802.9727	-1
6812.8892	-1
6822.8057	-1
6832.7222	-1
6842.6387	-1
6852.5552	-1
6862.4717	-1
6872.3882	-1
6882.3047	-1
6892.2212	-1
6902.1377	-1
6912.0542	-1
6921.9707	-1
6931.8872	-1
6941.8037	-1
6951.7202	-1
6961.6367	-1
6971.5532	-1
6981.4697	-1
6991.3862	-1
7001.3027	-1
7011.2192	-1
7021.1357	-1
7031.0532	-1
7040.9707	-1
7050.8882	-1
7060.8057	-1
7070.7231	-1
7080.6406	-1
7090.5581	-1
7100.4756	-1
7110.3931	-1
7120.3105	-1
7130.2417	1
7140.1738	-1
7150.1064	1
7160.0391	1
7169.9727	-1
7179.9062	-1
7189.8398	-1
7199.7734	-1
7209.7070	-1
7219.6406	-1
7229.5742	-1
7239.5078	-1
7249.4414	-1
7259.3750	-1
7269.3086	-1
7279.2422	-1
7289.1763	1
7299.1104	1
7309.0444	1
7318.9785	1
7328.9136	-1
7338.8486	-1
7348.7837	-1
7358.7188	-1
7368.6538	-1
7378.5889	-1
7388.5239	-1
7398.4590	-1
7408.3940	-1
7418.3291	-1
7428.2642	-1
7438.1992	-1
7448.1348	-1
7458.0703	-1
7468.0059	-1
7477.9414	-1
7487.8770	-1
7497.8125	-1
7507.7480	1
7517.6836	1
7527.6191	1
7537.5547	1
7547.4907	1
7557.4268	-1
7567.3628	-1
7577.2988	-1
7587.2349	-1
7597.1709	-1
7607.1069	-1
7617.0430	1
7626.9795	1
7636.9160	1
7646.8530	-1
7656.7900	-1
7666.7271	-1
7676.6641	-1
7686.6011	-1
7696.5381	-1
7706.4751	-1
7716.4121	-1
7726.3491	-1
7736.2861	-1
7746.2231	-1
7756.1602	-1
7766.0981	-1
7776.0361	-1
7785.9741	-1
7795.9121	-1
7805.8501	-1
7815.7881	-1
7825.7261	-1
7835.6641	-1
7845.6021	-1
7855.5400	-1
7865.4780	-1
7875.4160	-1
7885.3540	-1
7895.2920	-1
7905.2305	-1
7915.1689	-1
7925.1074	-1
7935.0459	-1
7944.9844	-1
7954.9229	-1
7964.8613	-1
7974.7998	-1
7984.7383	-1
7994.6768	-1
8004.6152	1
8014.5537	1
8024.4922	1
8034.4307	1
8044.3696	-1
8054.3086	-1
8064.2476	-1
8074.1865	-1
8084.1255	-1
8094.0645	-1
8104.0034	-1
8113.9424	-1
8123.8813	-1
8133.8203	-1
8143.7593	-1
8153.6982	-1
8163.6377	1
8173.5776	1
8183.5176	1
8193.4570	1
8203.3965	1
8213.3359	1
8223.2754	1
8233.2158	1
8243.1562	1
8253.0967	1
8263.0371	1
8272.9775	1
8282.9180	-1
8292.8584	-1
8302.7988	-1
8312.7393	-1
8322.6797	-1
8332.6201	-1
8342.5605	-1
8352.5010	-1
8362.4414	-1
8372.3818	-1
8382.3223	-1
8392.2627	-1
8402.2051	1
8412.1475	1
8422.0898	-1
8432.0322	-1
8441.9746	-1
8451.9170	-1
8461.8594	-1
8471.8018	-1
8481.7441	1
8491.6865	1
8501.6289	-1
8511.5713	-1
8521.5137	-1
8531.4561	-1
8541.3984	-1
8551.3408	-1
8561.2852	-1
8571.2295	-1
8581.1738	-1
8591.1182	-1
8601.0625	-1
8611.0068	-1
8620.9512	-1
8630.8955	-1
8640.8398	-1
8650.7842	-1
8660.7285	-1
8670.6729	-1
8680.6172	-1
8690.5615	-1
8700.5059	-1
8710.4502	-1
8720.3945	-1
8730.3389	-1
8740.2832	-1
8750.2275	-1
8760.1719	-1
8770.1162	-1
8780.0605	-1
8790.0049	-1
8799.9492	-1
8809.8936	-1
8819.8379	-1
8829.7822	-1
8839.7266	-1
8849.6709	-1
8859.6152	1
8869.5596	1
8879.5039	1
8889.4482	-1
8899.3926	-1
8909.3369	-1
8919.2812	-1
8929.2256	-1
8939.1699	-1
8949.1143	1
8959.0586	1
8969.0029	1
8978.9482	1
8988.8936	1
8998.8389	1
9008.7842	1
9018.7295	-1
9028.6748	-1
9038.6201	-1
9048.5654	-1
9058.5107	-1
9068.4561	-1
9078.4023	-1
9088.3486	-1
9098.2949	-1
9108.2412	-1
9118.1875	-1
9128.1338	-1
9138.0801	-1
9148.0264	-1
9157.9727	-1
9167.9189	-1
9177.8652	-1
9187.8115	-1
9197.7598	-1
9207.7080	1
9217.6562	-1
9227.6045	-1
9237.5527	-1
9247.5010	-1
9257.4492	-1
9267.3975	-1
9277.3457	-1
9287.2939	-1
9297.2422	-1
9307.1904	-1
9317.1387	-1
9327.0879	-1
9337.0371	-1
9346.9863	-1
9356.9355	-1
9366.8848	-1
9376.8340	-1
9386.7832	-1
9396.7324	-1
9406.6816	-1
9416.6309	-1
9426.5801	-1
9436.5293	-1
9446.4785	-1
9456.4277	-1
9466.3770	-1
9476.3262	-1
9486.2754	-1
9496.2246	-1
9506.1738	-1
9516.1230	-1
9526.0723	-1
9536.0215	-1
9545.9707	-1
9555.9199	-1
9565.8691	-1
9575.8184	-1
9585.7676	-1
9595.7168	-1
9605.6660	-1
9615.6152	-1
9625.5645	-1
9635.5137	-1
9645.4629	-1
9655.4121	-1
9665.3613	-1
9675.3105	-1
9685.2598	-1
9695.2090	-1
9705.1582	-1
9715.1074	-1
9725.0566	-1
9735.0059	-1
9744.9561	-1
9754.9062	-1
9764.8564	-1
9774.8066	-1
9784.7568	-1
9794.7070	-1
9804.6572	-1
9814.6074	-1
9824.5576	-1
9834.5078	-1
9844.4580	-1
9854.4082	-1
9864.3594	-1
9874.3105	-1
9884.2617	-1
9894.2129	-1
9904.1641	-1
9914.1152	-1
9924.0664	-1
9934.0176	-1
9943.9688	-1
9953.9199	-1
9963.8711	-1
9973.8223	-1
9983.7734	-1
9993.7246	-1
10003.6758	-1
10013.6270	-1
10023.5781	-1
10033.5293	-1
10043.4814	-1
10053.4336	-1
10063.3857	-1
10073.3379	-1
10083.2900	-1
10093.2422	-1
10103.1943	-1
10113.1465	-1
10123.0986	-1
10133.0508	-1
10143.0029	-1
10152.9551	-1
10162.9082	-1
10172.8613	-1
10182.8145	-1
10192.7676	-1
10202.7207	-1
10212.6738	-1
10222.6270	-1
10232.5801	-1
10242.5332	-1
10252.4863	-1
10262.4531	1
10272.4209	-1
10282.3896	1
10292.3584	1
10302.3281	-1
10312.2979	-1
10322.2676	-1
10332.2373	-1
10342.2070	-1
10352.1768	-1
10362.1465	-1
10372.1162	-1
10382.0996	1
10392.0840	-1
10402.0684	1
10412.0527	1
10422.0391	-1
10432.0254	-1
10442.0117	-1
10451.9980	-1
10461.9844	-1
10471.9707	-1
10481.9570	-1
10491.9434	-1
10501.9297	-1
10511.9160	-1
10521.9023	-1
10531.8887	-1
10541.8750	1
10551.8623	-1
10561.8496	-1
10571.8369	-1
10581.8242	-1
10591.8115	-1
10601.7988	-1
10611.7988	1
10621.8008	-1
10631.8027	1
10641.8047	1
10651.8076	-1
10661.8105	-1
10671.8135	-1
10681.8164	-1
10691.8193	-1
10701.8223	-1
10711.8252	-1
10721.8281	-1
10731.8311	-1
10741.8340	-1
10751.8369	-1
10761.8525	1
10771.8691	-1
10781.8867	1
10791.9043	1
10801.9229	-1
10811.9414	-1
10821.9600	-1
10831.9785	-1
10841.9971	-1
10852.0156	-1
10862.0342	-1
10872.0527	-1
10882.0713	-1
10892.0898	-1
10902.1084	-1
10912.1270	-1
10922.1455	1
10932.1641	1
10942.1826	1
10952.2021	1
10962.2217	-1
10972.2412	-1
10982.2607	-1
10992.2803	-1
11002.2998	-1
11012.3193	-1
11022.3389	-1
11032.3584	-1
11042.3779	-1
11052.3975	-1
11062.4170	-1
11072.4365	-1
11082.4570	-1
11092.4775	-1
11102.4980	-1
11112.5186	-1
11122.5391	-1
11132.5596	-1
11142.5801	-1
11152.6006	-1
11162.6211	-1
11172.6416	-1
11182.6621	-1
11192.6826	-1
11202.7031	1
11212.7236	1
11222.7441	1
11232.7646	1
11242.7852	1
11252.8057	1
11262.8271	1
11272.8486	1
11282.8711	-1
11292.8936	-1
11302.9160	-1
11312.9385	-1
11322.9609	-1
11332.9834	-1
11343.0059	-1
11353.0283	-1
11363.0508	-1
11373.0732	-1
11383.0957	-1
11393.1182	-1
11403.1406	-1
11413.1631	-1
11423.1855	-1
11433.2080	-1
11443.2305	-1
11453.2529	-1
11463.2764	-1
11473.2998	-1
11483.3232	-1
11493.3467	-1
11503.3701	-1
11513.3936	-1
11523.4170	-1
11533.4404	-1
11543.4639	-1
11553.4873	-1
11563.5107	-1
11573.5342	-1
11583.5576	-1
11593.5811	-1
11603.6045	-1
11613.6279	-1
11623.6514	-1
11633.6748	-1
11643.6982	-1
11653.7217	-1
11663.7451	-1
11673.7686	-1
11683.7920	-1
11693.8154	-1
11703.8389	-1
11713.8623	-1
11723.8857	-1
11733.9092	-1
11743.9326	-1
11753.9561	-1
11763.9795	1
11774.0039	1
11784.0283	1
11794.0527	1
11804.0771	1
11814.1016	1
11824.1260	1
11834.1504	1
11844.1748	1
11854.1992	1
11864.2236	1
11874.2490	1
11884.2744	1
11894.2998	1
11904.3252	1
11914.3506	1
11924.3760	-1
11934.4014	-1
11944.4268	-1
11954.4521	-1
11964.4775	-1
11974.5029	-1
11984.5293	-1
11994.5557	-1
12004.5820	-1
12014.6084	-1
12024.6348	-1
12034.6611	-1
12044.6875	-1
12054.7139	-1
12064.7402	-1
12074.7666	-1
12084.7930	-1
12094.8193	-1
12104.8467	1
12114.8740	1
12124.9014	-1
12134.9287	-1
12144.9561	-1
12154.9834	-1
12165.0107	-1
12175.0381	-1
12185.0654	1
12195.0928	1
12205.1201	-1
12215.1475	-1
12225.1748	-1
12235.2021	-1
12245.2295	-1
12255.2568	-1
12265.2842	-1
12275.3115	-1
12285.3389	-1
12295.3662	-1
12305.3936	-1
12315.4209	-1
12325.4492	-1
12335.4775	-1
12345.5059	-1
12355.5342	-1
12365.5625	-1
12375.5908	-1
12385.6211	-1
12395.6514	-1
12405.6816	-1
12415.7119	-1
12425.7422	-1
12435.7725	-1
12445.8027	-1
12455.8330	-1
12465.8633	-1
12475.8936	-1
12485.9238	-1
12495.9541	-1
12505.9844	-1
12516.0146	-1
12526.0449	-1
12536.0752	-1
12546.1055	-1
12556.1357	-1
12566.1660	-1
12576.1963	-1
12586.2266	-1
12596.2568	-1
12606.2871	-1
12616.3174	-1
12626.3477	-1
12636.3779	-1
12646.4082	-1
12656.4385	-1
12666.4688	-1
12676.4990	-1
12686.5303	-1
12696.5615	-1
12706.5928	-1
12716.6240	-1
12726.6553	-1
12736.6865	-1
12746.7178	-1
12756.7490	-1
12766.7803	-1
12776.8115	-1
12786.8428	-1
12796.8740	-1
12806.9053	-1
12816.9365	-1
12826.9678	-1
12836.9990	-1
12847.0303	-1
12857.0615	-1
12867.0928	-1
12877.1240	-1
12887.1553	-1
12897.1865	-1
12907.2178	-1
12917.2490	-1
12927.2803	-1
12937.3115	-1
12947.3428	-1
12957.3740	-1
12967.4053	-1
12977.4365	-1
12987.4678	-1
12997.4990	-1
13007.5303	-1
13017.5615	-1
13027.5928	-1
13037.6240	-1
13047.6553	-1
13057.6865	-1
13067.7178	-1
13077.7490	-1
13087.7803	-1
13097.8115	-1
13107.8428	-1
13117.8750	-1
13127.9189	1
13137.9648	-1
13148.0107	1
13158.0566	1
13168.1035	-1
13178.1504	-1
13188.1982	-1
13198.2578	1
13208.3184	-1
13218.3799	1
13228.4414	1
13238.5039	-1
13248.5664	-1
13258.6289	-1
13268.6914	-1
13278.7539	-1
13288.8291	1
13298.9062	-1
13308.9834	1
13319.0605	1
13329.1387	-1
13339.2168	-1
13349.2949	-1
13359.3730	-1
13369.4512	-1
13379.5293	-1
13389.6074	-1
13399.6855	-1
13409.7637	-1
13419.8418	-1
13429.9199	-1
13439.9980	-1
13450.0771	1
13460.1562	1
13470.2354	-1
13480.3145	-1
13490.3936	-1
13500.4727	-1
13510.5518	-1
13520.6309	-1
13530.7100	-1
13540.7891	-1
13550.8818	1
13560.9756	-1
13571.0703	1
13581.1650	1
13591.2598	-1
13601.3545	-1
13611.4492	-1
13621.5439	-1
13631.6387	-1
13641.7334	-1
13651.8291	-1
13661.9248	-1
13672.0205	-1
13682.1162	-1
13692.2119	-1
13702.3076	-1
13712.4033	1
13722.4990	1
13732.5947	1
13742.6904	1
13752.7871	-1
13762.8838	-1
13772.9805	-1
13783.0771	-1
13793.1738	-1
13803.2705	-1
13813.3672	-1
13823.4639	-1
13833.5605	-1
13843.6572	-1
13853.7539	-1
13863.8506	-1
13873.9473	1
13884.0439	-1
13894.1406	-1
13904.2373	-1
13914.3340	-1
13924.4307	-1
13934.5273	-1
13944.6240	1
13954.7217	1
13964.8193	1
13974.9170	1
13985.0146	1
13995.1123	-1
14005.2100	-1
14015.3076	-1
14025.4053	-1
14035.5029	-1
14045.6006	-1
14055.6982	-1
14065.7959	-1
14075.8936	-1
14085.9912	-1
14096.0889	-1
14106.1865	-1
14116.2852	-1
14126.3838	-1
14136.4824	-1
14146.5811	-1
14156.6797	-1
14166.7783	-1
14176.8770	-1
14186.9756	-1
14197.0742	-1
14207.1729	-1
14217.2715	-1
14227.3701	1
14237.4688	-1
14247.5684	1
14257.6680	1
14267.7676	1
14277.8672	1
14287.9668	1
14298.0664	1
14308.1660	1
14318.2666	-1
14328.3672	-1
14338.4678	-1
14348.5684	-1
14358.6689	-1
14368.7695	-1
14378.8701	-1
14388.9707	-1
14399.0713	-1
14409.1719	-1
14419.2725	-1
14429.3730	-1
14439.4736	-1
14449.5742	-1
14459.6748	-1
14469.7754	-1
14479.8760	-1
14489.9766	-1
14500.0771	-1
14510.1777	-1
14520.2793	-1
14530.3809	-1
14540.4824	-1
14550.5840	-1
14560.6855	-1
14570.7871	-1
14580.8887	-1
14590.9902	-1
14601.0918	-1
14611.1934	-1
14621.2949	1
14631.3965	1
14641.4990	-1
14651.6016	-1
14661.7041	-1
14671.8066	-1
14681.9092	-1
14692.0117	-1
14702.1143	-1
14712.2168	-1
14722.3193	-1
14732.4219	-1
14742.5244	-1
14752.6270	-1
14762.7295	1
14772.8320	1
14782.9346	-1
14793.0371	-1
14803.1396	-1
14813.2422	-1
14823.3447	-1
14833.4473	-1
14843.5498	-1
14853.6523	-1
14863.7549	-1
14873.8574	-1
14883.9600	-1
14894.0625	-1
14904.1660	-1
14914.2695	-1
14924.3730	-1
14934.4766	-1
14944.5801	-1
14954.6836	-1
14964.7871	-1
14974.8906	-1
14984.9941	-1
14995.0977	-1
15005.2012	-1
15015.3047	-1
15025.4092	-1
15035.5137	-1
15045.6182	-1
15055.7227	-1
15065.8271	-1
15075.9316	-1
15086.0361	-1
15096.1406	-1
15106.2451	-1
15116.3496	-1
15126.4541	-1
15136.5586	-1
15146.6631	-1
15156.7676	-1
15166.8721	-1
15176.9766	-1
15187.0811	-1
15197.1855	-1
15207.2900	-1
15217.3945	-1
15227.4990	-1
15237.6162	1
15247.7354	-1
15257.8545	1
15267.9736	1
15278.0938	-1
15288.2139	-1
15298.3340	-1
15308.4541	-1
15318.5742	-1
15328.6943	-1
15338.8145	-1
15348.9346	-1
15359.0674	1
15369.2021	-1
15379.3369	1
15389.4717	1
15399.6074	-1
15409.7432	-1
15419.8789	-1
15430.0146	-1
15440.1504	-1
15450.2861	-1
15460.4219	-1
15470.5713	1
15480.7217	-1
15490.8721	1
15501.0234	1
15511.1758	-1
15521.3281	-1
15531.4805	-1
15541.6328	-1
15551.7852	-1
15561.9502	1
15572.1172	-1
15582.2842	1
15592.4512	1
15602.6191	-1
15612.7871	-1
15622.9551	-1
15633.1230	-1
15643.2910	-1
15653.4590	-1
15663.6270	-1
15673.7949	-1
15683.9629	-1
15694.1309	-1
15704.2988	-1
15714.4668	-1
15724.6357	1
15734.8047	1
15744.9736	1
15755.1426	1
15765.3125	-1
15775.4824	-1
15785.6523	-1
15795.8223	-1
15805.9922	-1
15816.1621	-1
15826.3320	-1
15836.5020	-1
15846.6719	-1
15856.8418	-1
15867.0117	-1
15877.1816	-1
15887.3516	-1
15897.5215	-1
15907.6914	-1
15917.8613	-1
15928.0312	-1
15938.2012	-1
15948.3721	1
15958.5430	1
15968.7139	1
15978.8848	1
15989.0557	1
15999.2266	-1
16009.3975	-1
16019.5684	-1
16029.7393	-1
16039.9102	-1
16050.0811	-1
16060.2520	1
16070.4229	1
16080.5938	1
16090.7656	-1
16100.9375	-1
16111.1094	-1
16121.2812	-1
16131.4531	-1
16141.6250	-1
16151.7979	-1
16161.9707	-1
16172.1436	-1
16182.3164	-1
16192.4893	-1
16202.6621	-1
16212.8350	-1
16223.0078	1
16233.1807	-1
16243.3535	-1
16253.5264	-1
16263.6992	-1
16273.8721	-1
16284.0449	1
16294.2178	-1
16304.3906	-1
16314.5635	-1
16324.7363	-1
16334.9092	-1
16345.0820	-1
16355.2549	-1
16365.4277	-1
16375.6006	-1
16385.7734	-1
16395.9473	-1
16406.1211	-1
16416.2949	-1
16426.4688	-1
16436.6426	-1
16446.8164	-1
16456.9902	-1
16467.1641	-1
16477.3379	-1
16487.5117	-1
16497.6855	-1
16507.8594	-1
16518.0332	-1
16528.2070	-1
16538.3809	-1
16548.5547	-1
16558.7285	-1
16568.9023	-1
16579.0762	-1
16589.2500	-1
16599.4238	1
16609.5977	1
16619.7715	1
16629.9453	1
16640.1191	1
16650.2930	-1
16660.4668	-1
16670.6406	-1
16680.8145	-1
16690.9883	-1
16701.1621	-1
16711.3379	-1
16721.5137	-1
16731.6895	-1
16741.8652	-1
16752.0410	-1
16762.2168	-1
16772.3926	-1
16782.5684	-1
16792.7441	-1
16802.9199	-1
16813.0957	-1
16823.2715	-1
16833.4473	-1
16843.6230	-1
16853.7988	-1
16863.9746	-1
16874.1504	-1
16884.3262	-1
16894.5020	-1
16904.6777	-1
16914.8535	-1
16925.0293	-1
16935.2051	-1
16945.3809	-1
16955.5566	-1
16965.7324	-1
16975.9082	-1
16986.0840	-1
16996.2598	-1
17006.4355	-1
17016.6113	-1
17026.7871	-1
17036.9629	-1
17047.1387	-1
17057.3145	-1
17067.5039	1
17077.6934	-1
17087.8848	1
17098.0762	1
17108.2676	-1
17118.4590	-1
17128.6504	-1
17138.8418	-1
17149.0332	-1
17159.2246	-1
17169.4160	-1
17179.6074	-1
17189.7988	-1
17199.9902	-1
17210.1816	-1
17220.3730	-1
17230.5645	1
17240.7578	1
17250.9512	1
17261.1445	1
17271.3379	-1
17281.5312	-1
17291.7246	-1
17301.9180	-1
17312.1113	-1
17322.3047	-1
17332.4980	-1
17342.6914	-1
17352.8848	-1
17363.0781	-1
17373.2715	-1
17383.4648	-1
17393.6582	-1
17403.8516	-1
17414.0449	-1
17424.2383	-1
17434.4316	-1
17444.6250	-1
17454.8184	-1
17465.0117	-1
17475.2051	-1
17485.3984	-1
17495.5918	-1
17505.7852	-1
17515.9805	1
17526.1758	1
17536.3711	1
17546.5664	1
17556.7617	1
17566.9570	1
17577.1523	1
17587.3477	1
17597.5430	-1
17607.7383	-1
17617.9336	-1
17628.1289	-1
17638.3242	-1
17648.5215	-1
17658.7188	1
17668.9160	1
17679.1133	-1
17689.3105	-1
17699.5078	-1
17709.7051	-1
17719.9023	-1
17730.0996	-1
17740.2969	-1
17750.4941	-1
17760.6914	-1
17770.8887	-1
17781.0859	-1
17791.2832	-1
17801.4824	-1
17811.6816	-1
17821.8809	-1
17832.0801	-1
17842.2793	-1
17852.4785	-1
17862.6777	-1
17872.8770	-1
17883.0762	-1
17893.2754	-1
17903.4746	-1
17913.6738	-1
17923.8730	-1
17934.0723	-1
17944.2715	-1
17954.4707	-1
17964.6699	-1
17974.8691	-1
17985.0684	-1
17995.2676	-1
18005.4668	-1
18015.6660	-1
18025.8652	-1
18036.0645	-1
18046.2637	-1
18056.4629	-1
18066.6621	-1
18076.8613	-1
18087.0605	-1
18097.2598	-1
18107.4590	1
18117.6582	1
18127.8574	1
18138.0566	1
18148.2559	1
18158.4551	1
18168.6543	1
18178.8555	-1
18189.0566	-1
18199.2578	-1
18209.4590	-1
18219.6602	-1
18229.8613	-1
18240.0625	-1
18250.2637	-1
18260.4648	-1
18270.6660	-1
18280.8672	-1
18291.0684	-1
18301.2695	-1
18311.4707	-1
18321.6719	-1
18331.8730	-1
18342.0742	-1
18352.2754	-1
18362.4785	-1
18372.6816	-1
18382.8848	-1
18393.0879	-1
18403.2910	-1
18413.4941	-1
18423.6973	-1
18433.9004	-1
18444.1035	-1
18454.3066	-1
18464.5098	-1
18474.7129	-1
18484.9180	-1
18495.1230	-1
18505.3281	-1
18515.5332	-1
18525.7383	-1
18535.9434	-1
18546.1484	-1
18556.3535	-1
18566.5586	-1
18576.7637	-1
18586.9688	-1
18597.1738	-1
18607.3789	-1
18617.5840	-1
18627.7891	-1
18637.9941	-1
18648.1992	-1
18658.4043	-1
18668.6094	-1
18678.8145	-1
18689.0195	-1
18699.2246	-1
18709.4434	1
18719.6621	-1
18729.8828	1
18740.1035	1
18750.3242	-1
18760.5449	-1
18770.7656	-1
18780.9863	-1
18791.2070	-1
18801.4277	-1
18811.6484	-1
18821.8691	-1
18832.0898	-1
18842.3105	-1
18852.5312	-1
18862.7520	-1
18872.9727	1
18883.1934	1
18893.4141	1
18903.6367	1
18913.8594	-1
18924.0820	-1
18934.3047	-1
18944.5273	-1
18954.7500	-1
18964.9727	-1
18975.1953	-1
18985.4180	-1
18995.6406	-1
19005.8633	-1
19016.0859	-1
19026.3086	-1
19036.5332	-1
19046.7578	-1
19056.9824	-1
19067.2070	-1
19077.4316	-1
19087.6562	-1
19097.8809	1
19108.1055	1
19118.3301	1
19128.5547	-1
19138.7793	-1
19149.0039	-1
19159.2285	-1
19169.4531	-1
19179.6777	-1
19189.9023	1
19200.1270	1
19210.3516	1
19220.5762	1
19230.8008	1
19241.0273	-1
19251.2539	-1
19261.4805	-1
19271.7070	-1
19281.9336	-1
19292.1602	-1
19302.3867	-1
19312.6133	-1
19322.8398	-1
19333.0664	-1
19343.2930	-1
19353.5195	-1
19363.7461	-1
19373.9727	-1
19384.1992	-1
19394.4258	-1
19404.6523	-1
19414.8789	-1
19425.1055	1
19435.3320	1
19445.5605	1
19455.7891	1
19466.0176	1
19476.2461	-1
19486.4746	1
19496.7031	-1
19506.9316	-1
19517.1602	-1
19527.3887	-1
19537.6172	-1
19547.8457	-1
19558.0742	-1
19568.3027	-1
19578.5312	-1
19588.7598	-1
19598.9883	-1
19609.2168	-1
19619.4453	-1
19629.6738	-1
19639.9023	-1
19650.1309	-1
19660.3594	-1
19670.5879	-1
19680.8164	-1
19691.0449	-1
19701.2734	-1
19711.5020	-1
19721.7305	-1
19731.9590	-1
19742.1875	-1
19752.4160	-1
19762.6445	-1
19772.8730	-1
19783.1016	-1
19793.3301	1
19803.5586	1
19813.7891	1
19824.0195	1
19834.2500	1
19844.4805	1
19854.7109	1
19864.9414	1
19875.1719	1
19885.4023	1
19895.6348	-1
19905.8672	-1
19916.0996	-1
19926.3320	-1
19936.5645	-1
19946.7969	-1
19957.0293	-1
19967.2617	-1
19977.4941	-1
19987.7266	-1
19997.9590	-1
20008.1914	-1
20018.4238	-1
20028.6562	-1
20038.8887	-1
20049.1211	-1
20059.3535	-1
20069.5859	-1
20079.8184	-1
20090.0508	-1
20100.2832	-1
20110.5156	-1
20120.7480	-1
20130.9805	-1
20141.2129	-1
20151.4453	-1
20161.6777	-1
20171.9102	-1
20182.1426	-1
20192.3750	-1
20202.6074	1
20212.8398	-1
20223.0723	-1
20233.3047	-1
20243.5371	-1
20253.7695	-1
20264.0020	-1
20274.2344	1
20284.4668	1
20294.6992	1
20304.9336	1
20315.1680	1
20325.4023	1
20335.6367	1
20345.8711	1
20356.1055	1
20366.3398	1
20376.5742	1
20386.8105	-1
20397.0469	-1
20407.2832	-1
20417.5195	-1
20427.7559	-1
20437.9922	-1
20448.2305	-1
20458.4688	-1
20468.7070	-1
20478.9453	-1
20489.1836	-1
20499.4219	-1
20509.6602	-1
20519.8984	-1
20530.1367	-1
20540.3750	-1
20550.6133	-1
20560.8516	-1
20571.0898	-1
20581.3281	-1
20591.5664	-1
20601.8047	-1
20612.0430	-1
20622.2812	-1
20632.5195	1
20642.7578	1
20652.9961	1
20663.2344	1
20673.4727	1
20683.7109	1
20693.9492	1
20704.1875	1
20714.4277	-1
20724.6680	-1
20734.9082	-1
20745.1484	-1
20755.3887	-1
20765.6289	-1
20775.8691	-1
20786.1094	-1
20796.3496	-1
20806.5898	-1
20816.8301	-1
20827.0703	-1
20837.3105	-1
20847.5508	-1
20857.7910	-1
20868.0312	-1
20878.2715	-1
20888.5117	-1
20898.7520	-1
20908.9922	-1
20919.2324	-1
20929.4727	-1
20939.7129	-1
20949.9531	-1
20960.1934	-1
20970.4336	-1
20980.6738	-1
20990.9141	-1
21001.1543	-1
21011.3945	-1
21021.6348	-1
21031.8750	-1
21042.1152	-1
21052.3555	-1
21062.5957	-1
21072.8359	-1
21083.0762	-1
21093.3164	-1
21103.5566	-1
21113.7969	-1
21124.0371	-1
21134.2773	-1
21144.5176	-1
21154.7578	-1
21164.9980	-1
21175.2383	-1
21185.4785	-1
21195.7188	-1
21205.9590	-1
21216.1992	-1
21226.4395	-1
21236.6797	-1
21246.9199	-1
21257.1602	-1
21267.4023	-1
21277.6445	-1
21287.8867	-1
21298.1289	-1
21308.3711	-1
21318.6133	-1
21328.8555	1
21339.0977	1
21349.3418	1
21359.5859	1
21369.8301	1
21380.0742	1
21390.3184	1
21400.5625	1
21410.8066	1
21421.0508	1
21431.2949	1
21441.5391	1
21451.7832	1
21462.0273	1
21472.2715	1
21482.5156	1
21492.7598	1
21503.0039	1
21513.2480	1
21523.4922	1
21533.7383	-1
21543.9844	-1
21554.2305	-1
21564.4766	-1
21574.7227	-1
21584.9688	-1
21595.2148	-1
21605.4609	-1
21615.7070	-1
21625.9531	-1
21636.1992	-1
21646.4453	-1
21656.6914	-1
21666.9375	-1
21677.1836	-1
21687.4297	-1
21697.6758	-1
21707.9219	-1
21718.1680	-1
21728.4141	-1
21738.6602	-1
21748.9062	-1
21759.1523	-1
21769.3984	-1
21779.6445	-1
21789.8906	-1
21800.1367	-1
21810.3828	-1
21820.6289	-1
21830.8750	-1
21841.1211	-1
21851.3672	-1
21861.6133	-1
21871.8594	-1
21882.1055	-1
21892.3516	-1
21902.5996	1
21912.8477	1
21923.0957	1
21933.3438	1
21943.5918	1
21953.8398	1
21964.0879	1
21974.3379	1
21984.5879	1
21994.8379	1
22005.0879	1
22015.3379	1
22025.5879	-1
22035.8379	-1
22046.0879	-1
22056.3379	-1
22066.5879	-1
22076.8379	-1
22087.0879	-1
22097.3379	-1
22107.5879	-1
22117.8379	-1
22128.0879	-1
22138.3379	-1
22148.5879	-1
22158.8379	-1
22169.0879	-1
22179.3379	-1
22189.5879	-1
22199.8379	-1
22210.0879	-1
22220.3379	-1
22230.5879	-1
22240.8379	-1
22251.0879	-1
22261.3379	-1
22271.5879	-1
22281.8379	-1
22292.0879	-1
22302.3379	-1
22312.5879	-1
22322.8379	-1
22333.0879	-1
22343.3379	-1
22353.5879	-1
22363.8379	-1
22374.0879	-1
22384.3379	-1
22394.5898	1
22404.8418	1
22415.0938	1
22425.3457	1
22435.5977	1
22445.8496	1
22456.1035	-1
22466.3574	-1
22476.6113	-1
22486.8652	-1
22497.1191	-1
22507.3730	-1
22517.6270	-1
22527.8809	-1
22538.1348	-1
22548.3887	-1
22558.6426	-1
22568.8965	-1
22579.1504	-1
22589.4043	-1
22599.6582	-1
22609.9121	-1
22620.1660	-1
22630.4199	-1
22640.6738	-1
22650.9277	-1
22661.1816	-1
22671.4355	-1
22681.6895	-1
22691.9434	-1
22702.1973	-1
22712.4512	-1
22722.7051	-1
22732.9590	-1
22743.2129	-1
22753.4668	-1
22763.7227	-1
22773.9785	-1
22784.2344	-1
22794.4902	-1
22804.7461	-1
22815.0020	-1
22825.2578	1
22835.5137	1
22845.7695	1
22856.0254	1
22866.2812	1
22876.5371	1
22886.7930	1
22897.0488	1
22907.3066	1
22917.5645	1
22927.8223	1
22938.0801	1
22948.3379	1
22958.5957	1
22968.8535	1
22979.1113	1
22989.3691	1
22999.6270	1
23009.8867	-1
23020.1465	-1
23030.4062	-1
23040.6660	-1
23050.9258	-1
23061.1855	-1
23071.4453	-1
23081.7051	-1
23091.9648	-1
23102.2246	-1
23112.4844	-1
23122.7441	-1
23133.0039	-1
23143.2637	-1
23153.5234	-1
23163.7832	-1
23174.0430	-1
23184.3027	-1
23194.5625	-1
23204.8223	-1
23215.0820	-1
23225.3418	-1
23235.6016	-1
23245.8613	-1
23256.1211	-1
23266.3809	-1
23276.6406	-1
23286.9004	-1
23297.1602	-1
23307.4199	-1
23317.6797	-1
23327.9395	-1
23338.1992	-1
23348.4590	-1
23358.7188	-1
23368.9785	-1
23379.2383	-1
23389.4980	-1
23399.7578	-1
23410.0176	-1
23420.2773	-1
23430.5371	-1
23440.7988	1
23451.0605	1
23461.3242	1
23471.5879	1
23481.8516	1
23492.1172	-1
23502.3828	-1
23512.6484	-1
23522.9141	-1
23533.1797	-1
23543.4453	-1
23553.7109	-1
23563.9766	-1
23574.2422	-1
23584.5078	-1
23594.7734	-1
23605.0391	-1
23615.3047	-1
23625.5703	-1
23635.8359	-1
23646.1016	-1
23656.3672	-1
23666.6328	-1
23676.8984	-1
23687.1641	-1
23697.4297	-1
23707.6953	-1
23717.9609	-1
23728.2266	-1
23738.4922	-1
23748.7578	-1
23759.0234	-1
23769.2891	-1
23779.5547	-1
23789.8203	-1
23800.0859	-1
23810.3516	-1
23820.6172	-1
23830.8828	-1
23841.1484	-1
23851.4141	-1
23861.6797	-1
23871.9453	-1
23882.2109	-1
23892.4766	-1
23902.7422	-1
23913.0078	-1
23923.2734	-1
23933.5391	-1
23943.8047	-1
23954.0703	-1
23964.3359	-1
23974.6016	-1
23984.8672	-1
23995.1328	-1
24005.3984	-1
24015.6641	-1
24025.9297	-1
24036.1953	-1
24046.4609	-1
24056.7266	-1
24066.9922	-1
24077.2578	-1
24087.5234	-1
24097.7891	-1
24108.0547	-1
24118.3203	-1
24128.5859	-1
24138.8516	-1
24149.1172	-1
24159.3828	-1
24169.6504	-1
24179.9180	-1
24190.1855	-1
24200.4531	-1
24210.7207	-1
24220.9883	-1
24231.2559	-1
24241.5234	-1
24251.7910	-1
24262.0586	-1
24272.3262	-1
24282.5938	-1
24292.8633	-1
24303.1328	-1
24313.4023	-1
24323.6719	-1
24333.9414	-1
24344.2109	-1
24354.4805	-1
24364.7500	-1
24375.0195	-1
24385.2891	-1
24395.5586	-1
24405.8281	-1
24416.0996	-1
24426.3711	-1
24436.6426	-1
24446.9141	-1
24457.1855	-1
24467.4570	-1
24477.7285	-1
24488.0000	-1
24498.2715	-1
24508.5430	-1
24518.8145	-1
24529.0859	-1
24539.3574	-1
24549.6289	-1
24559.9004	-1
24570.1719	-1
24580.4434	-1
24590.7148	-1
24600.9883	-1
24611.2617	-1
24621.5352	-1
24631.8086	-1
24642.0820	-1
24652.3555	-1
24662.6289	-1
24672.9023	-1
24683.1758	-1
24693.4492	-1
24703.7227	-1
24713.9961	-1
24724.2695	-1
24734.5430	-1
24744.8164	-1
24755.0898	-1
24765.3633	-1
24775.6367	-1
24785.9102	-1
24796.1836	-1
24806.4570	-1
24816.7305	-1
24827.0039	-1
24837.2773	-1
24847.5508	-1
24857.8242	-1
24868.0977	-1
24878.3711	-1
24888.6445	-1
24898.9180	-1
24909.1953	-1
24919.4727	-1
24929.7500	-1
24940.0273	-1
24950.3047	-1
24960.5820	-1
24970.8594	-1
24981.1367	-1
24991.4141	-1
25001.6914	-1
25011.9688	-1
25022.2461	-1
25032.5234	-1
25042.8008	-1
25053.0781	-1
25063.3555	-1
25073.6328	-1
25083.9102	-1
25094.1875	-1
25104.4648	-1
25114.7422	-1
25125.0195	-1
25135.2969	-1
25145.5742	-1
25155.8516	-1
25166.1289	-1
25176.4062	-1
25186.6836	-1
25196.9609	-1
25207.2383	-1
25217.5156	-1
25227.7930	-1
25238.0703	-1
25248.3477	-1
25258.6250	-1
25268.9023	-1
25279.1797	-1
25289.4570	-1
25299.7344	-1
25310.0117	-1
25320.2891	-1
25330.5664	-1
25340.8438	-1
25351.1211	-1
25361.3984	-1
25371.6758	-1
25381.9531	-1
25392.2305	-1
25402.5078	-1
25412.7852	-1
25423.0625	-1
25433.3398	-1
25443.6172	-1
25453.8945	-1
25464.1738	-1
25474.4531	-1
25484.7324	-1
25495.0117	-1
25505.2910	-1
25515.5703	-1
25525.8496	-1
25536.1289	-1
25546.4082	-1
25556.6875	-1
25566.9668	-1
25577.2461	-1
25587.5254	-1
25597.8047	-1
25608.0840	-1
25618.3633	-1
25628.6426	-1
25638.9219	-1
25649.2012	-1
25659.4805	-1
25669.7598	-1
25680.0391	-1
25690.3184	-1
25700.5977	-1
25710.8770	-1
25721.1562	-1
25731.4355	-1
25741.7148	-1
25751.9941	-1
25762.2734	-1
25772.5547	-1
25782.8359	-1
25793.1172	-1
25803.3984	-1
25813.6797	-1
25823.9609	-1
25834.2422	-1
25844.5234	-1
25854.8047	-1
25865.0859	-1
25875.3672	-1
25885.6484	-1
25895.9297	-1
25906.2109	-1
25916.4922	-1
25926.7734	-1
25937.0547	-1
25947.3359	-1
25957.6172	-1
25967.8984	-1
25978.1797	-1
25988.4609	-1
25998.7422	-1
26009.0234	-1
26019.3047	-1
26029.5859	-1
26039.8672	-1
26050.1484	-1
26060.4297	-1
26070.7109	-1
26080.9922	-1
26091.2734	-1
26101.5547	-1
26111.8359	-1
26122.1172	-1
26132.3984	-1
26142.6797	-1
26152.9609	-1
26163.2422	-1
26173.5234	-1
26183.8047	-1
26194.0859	-1
26204.3691	-1
26214.6523	-1
26224.9355	-1
26235.2188	-1
26245.5020	-1
26255.7852	-1
26266.0684	-1
26276.3516	-1
26286.6348	-1
26296.9180	-1
26307.2012	-1
26317.4844	-1
26327.7676	-1
26338.0508	-1
26348.3340	-1
26358.6172	-1
26368.9004	-1
26379.1836	-1
26389.4668	-1
26399.7500	-1
26410.0332	-1
26420.3164	-1
26430.5996	-1
26440.8828	-1
26451.1660	-1
26461.4492	-1
26471.7324	-1
26482.0156	-1
26492.2988	-1
26502.5820	-1
26512.8652	-1
26523.1484	-1
26533.4316	-1
26543.7148	-1
26553.9980	-1
26564.2812	-1
26574.5645	-1
26584.8477	-1
26595.1309	-1
26605.4141	-1
26615.6973	-1
26625.9805	-1
26636.2637	-1
26646.5469	-1
26656.8301	-1
26667.1270	1
26677.4238	-1
26687.7207	1
26698.0176	1
26708.3164	-1
26718.6152	-1
26728.9141	-1
26739.2129	-1
26749.5117	-1
26759.8105	-1
26770.1094	-1
26780.4082	-1
26790.7070	-1
26801.0059	-1
26811.3047	-1
26821.6035	-1
26831.9023	1
26842.2012	1
26852.5000	1
26862.7988	1
26873.0996	-1
26883.4004	-1
26893.7012	-1
26904.0020	-1
26914.3027	-1
26924.6035	-1
26934.9043	-1
26945.2051	-1
26955.5059	-1
26965.8066	-1
26976.1074	-1
26986.4082	-1
26996.7090	-1
27007.0098	-1
27017.3105	-1
27027.6113	-1
27037.9121	-1
27048.2129	-1
27058.5137	-1
27068.8145	-1
27079.1152	-1
27089.4160	-1
27099.7168	-1
27110.0176	-1
27120.3184	1
27130.6191	1
27140.9199	1
27151.2207	1
27161.5215	1
27171.8223	1
27182.1230	1
27192.4238	1
27202.7266	-1
27213.0293	-1
27223.3320	-1
27233.6348	-1
27243.9375	-1
27254.2402	-1
27264.5430	-1
27274.8457	-1
27285.1484	-1
27295.4512	-1
27305.7539	-1
27316.0566	-1
27326.3594	-1
27336.6621	-1
27346.9648	-1
27357.2676	-1
27367.5703	-1
27377.8730	-1
27388.1758	1
27398.4785	1
27408.7832	1
27419.0879	1
27429.3926	1
27439.6973	1
27450.0020	-1
27460.3066	-1
27470.6113	-1
27480.9160	-1
27491.2207	-1
27501.5254	-1
27511.8301	-1
27522.1348	-1
27532.4395	-1
27542.7441	-1
27553.0488	-1
27563.3535	-1
27573.6582	-1
27583.9629	-1
27594.2676	-1
27604.5723	-1
27614.8770	-1
27625.1816	-1
27635.4863	-1
27645.7910	-1
27656.0957	-1
27666.4004	-1
27676.7051	-1
27687.0098	-1
27697.3145	-1
27707.6191	-1
27717.9238	-1
27728.2285	-1
27738.5332	-1
27748.8379	-1
27759.1445	1
27769.4512	-1
27779.7578	-1
27790.0645	-1
27800.3711	-1
27810.6777	-1
27820.9844	-1
27831.2910	1
27841.5977	1
27851.9043	1
27862.2109	1
27872.5176	1
27882.8242	1
27893.1309	1
27903.4375	1
27913.7441	1
27924.0508	1
27934.3574	1
27944.6641	-1
27954.9707	-1
27965.2773	-1
27975.5840	-1
27985.8906	-1
27996.1973	-1
28006.5039	-1
28016.8105	-1
28027.1172	-1
28037.4238	-1
28047.7305	-1
28058.0371	-1
28068.3457	-1
28078.6543	-1
28088.9629	-1
28099.2715	-1
28109.5801	-1
28119.8887	-1
28130.1973	-1
28140.5059	-1
28150.8145	-1
28161.1230	-1
28171.4316	-1
28181.7402	-1
28192.0488	-1
28202.3574	-1
28212.6660	-1
28222.9746	-1
28233.2832	-1
28243.5918	-1
28253.9004	1
28264.2090	1
28274.5176	1
28284.8262	1
28295.1348	1
28305.4434	1
28315.7520	1
28326.0605	1
28336.3691	1
28346.6777	1
28356.9883	-1
28367.2988	-1
28377.6094	-1
28387.9199	-1
28398.2305	-1
28408.5410	-1
28418.8516	-1
28429.1621	-1
28439.4727	-1
28449.7832	-1
28460.0938	-1
28470.4043	-1
28480.7148	-1
28491.0254	-1
28501.3359	-1
28511.6465	-1
28521.9570	-1
28532.2676	-1
28542.5781	-1
28552.8887	-1
28563.1992	-1
28573.5098	-1
28583.8203	-1
28594.1309	-1
28604.4414	1
28614.7520	1
28625.0645	1
28635.3770	1
28645.6895	1
28656.0020	1
28666.3145	1
28676.6270	-1
28686.9395	-1
28697.2520	-1
28707.5645	-1
28717.8770	-1
28728.1895	-1
28738.5020	1
28748.8145	-1
28759.1270	-1
28769.4395	-1
28779.7520	-1
28790.0645	-1
28800.3770	-1
28810.6895	-1
28821.0020	-1
28831.3145	-1
28841.6270	-1
28851.9395	-1
28862.2520	-1
28872.5645	-1
28882.8770	-1
28893.1895	-1
28903.5020	-1
28913.8145	-1
28924.1270	-1
28934.4395	1
28944.7520	1
28955.0645	1
28965.3770	1
28975.6895	-1
28986.0020	-1
28996.3145	-1
29006.6270	-1
29016.9395	-1
29027.2520	-1
29037.5645	-1
29047.8770	-1
29058.1895	-1
29068.5020	-1
29078.8145	-1
29089.1270	-1
29099.4395	-1
29109.7520	-1
29120.0645	-1
29130.3770	-1
29140.6895	-1
29151.0020	-1
29161.3145	1
29171.6289	1
29181.9434	1
29192.2578	1
29202.5723	1
29212.8867	1
29223.2012	1
29233.5156	1
29243.8320	-1
29254.1484	-1
29264.4648	-1
29274.7812	-1
29285.0977	-1
29295.4141	-1
29305.7305	-1
29316.0469	-1
29326.3633	-1
29336.6797	-1
29346.9961	-1
29357.3125	-1
29367.6309	-1
29377.9492	-1
29388.2676	-1
29398.5859	-1
29408.9043	-1
29419.2227	-1
29429.5410	-1
29439.8594	-1
29450.1777	-1
29460.4961	-1
29470.8145	-1
29481.1328	-1
29491.4512	-1
29501.7695	-1
29512.0879	-1
29522.4062	-1
29532.7246	-1
29543.0430	-1
29553.3613	-1
29563.6797	-1
29573.9980	-1
29584.3164	-1
29594.6348	-1
29604.9531	-1
29615.2715	-1
29625.5898	-1
29635.9082	-1
29646.2266	-1
29656.5449	-1
29666.8633	-1
29677.1816	-1
29687.5000	-1
29697.8184	-1
29708.1367	-1
29718.4551	-1
29728.7734	-1
29739.0918	-1
29749.4102	-1
29759.7285	-1
29770.0469	-1
29780.3652	-1
29790.6836	-1
29801.0020	-1
29811.3203	-1
29821.6387	-1
29831.9570	-1
29842.2754	-1
29852.5938	-1
29862.9141	-1
29873.2344	-1
29883.5547	-1
29893.8750	-1
29904.1953	-1
29914.5156	-1
29924.8359	-1
29935.1562	-1
29945.4766	-1
29955.7969	-1
29966.1172	-1
29976.4375	-1
29986.7578	-1
29997.0781	-1
30007.3984	-1
30017.7188	-1
30028.0391	-1
30038.3594	-1
30048.6797	-1
30059.0000	-1
30069.3203	-1
30079.6406	-1
30089.9609	-1
30100.2812	-1
30110.6016	-1
30120.9219	-1
30131.2422	-1
30141.5625	-1
30151.8828	-1
30162.2031	-1
30172.5234	-1
30182.8438	-1
30193.1641	-1
30203.4844	-1
30213.8047	-1
30224.1250	-1
30234.4453	-1
30244.7656	-1
30255.0859	-1
30265.4062	-1
30275.7266	-1
30286.0469	-1
30296.3672	-1
30306.6875	-1
30317.0078	-1
30327.3281	-1
30337.6484	-1
30347.9688	-1
30358.2891	-1
30368.6094	-1
30378.9297	-1
30389.2500	-1
30399.5703	-1
30409.8906	-1
30420.2109	-1
30430.5312	-1
30440.8516	-1
30451.1719	-1
30461.4922	-1
30471.8125	-1
30482.1348	-1
30492.4570	-1
30502.7793	-1
30513.1016	-1
30523.4238	-1
30533.7461	-1
30544.0684	-1
30554.3906	-1
30564.7129	-1
30575.0352	-1
30585.3574	-1
30595.6797	-1
30606.0020	-1
30616.3242	-1
30626.6465	-1
30636.9688	-1
30647.2910	-1
30657.6133	-1
30667.9355	-1
30678.2578	-1
30688.5801	-1
30698.9023	-1
30709.2246	-1
30719.5469	-1
30729.8691	-1
30740.1914	-1
30750.5137	-1
30761.0352	1
30771.5566	1
30782.0781	1
30792.5996	1
30803.1211	1
30813.6426	1
30824.1641	-1
30834.6855	-1
30845.2070	-1
30855.7285	-1
30866.2500	-1
30876.7715	-1
30887.2930	-1
30897.8145	-1
30908.3359	-1
30918.8574	-1
30929.3789	-1
30939.9004	-1
30950.4219	-1
30960.9434	-1
30971.4648	-1
30981.9863	-1
30992.5078	-1
31003.0293	-1
31013.5508	-1
31024.0723	-1
31034.5957	-1
31045.1191	-1
31055.6426	-1
31066.1660	-1
31076.6895	-1
31087.2129	-1
31097.7363	-1
31108.2598	-1
31118.7832	-1
31129.3066	-1
31139.8301	-1
31150.3535	-1
31160.8770	-1
31171.4004	-1
31181.9238	-1
31192.4473	-1
31202.9844	1
31213.5234	-1
31224.0625	1
31234.6016	1
31245.1426	-1
31255.6836	-1
31266.2246	-1
31276.7656	-1
31287.3066	-1
31297.8477	-1
31308.3887	-1
31318.9297	-1
31329.4707	-1
31340.0117	-1
31350.5527	-1
31361.0938	-1
31371.6348	1
31382.1758	1
31392.7168	1
31403.2578	1
31413.8008	-1
31424.3438	-1
31434.8867	-1
31445.4297	-1
31455.9727	-1
31466.5156	-1
31477.0586	-1
31487.6016	-1
31498.1445	-1
31508.6875	-1
31519.2305	-1
31529.7734	-1
31540.3164	1
31550.8594	1
31561.4023	1
31571.9473	1
31582.4922	-1
31593.0371	-1
31603.5820	-1
31614.1270	-1
31624.6719	-1
31635.2168	-1
31645.7617	-1
31656.3066	-1
31666.8516	-1
31677.3965	-1
31687.9414	-1
31698.4863	-1
31709.0312	1
31719.5762	1
31730.1211	1
31740.6660	1
31751.2129	-1
31761.7598	-1
31772.3066	-1
31782.8535	-1
31793.4004	-1
31803.9473	-1
31814.4941	-1
31825.0410	-1
31835.5879	-1
31846.1348	-1
31856.6816	-1
31867.2285	-1
31877.7754	-1
31888.3223	-1
31898.8691	-1
31909.4160	-1
31919.9629	-1
31930.5098	-1
31941.0566	-1
31951.6035	-1
31962.1504	-1
31972.6973	-1
31983.2441	-1
31993.7910	-1
32004.3379	1
32014.8867	1
32025.4355	1
32035.9844	1
32046.5332	1
32057.0820	1
32067.6309	1
32078.1797	1
32088.7285	-1
32099.2773	-1
32109.8262	-1
32120.3750	-1
32130.9238	-1
32141.4727	-1
32152.0215	-1
32162.5703	-1
32173.1191	-1
32183.6680	-1
32194.2168	-1
32204.7656	-1
32215.3145	-1
32225.8633	-1
32236.4121	-1
32246.9609	-1
32257.5098	-1
32268.0586	-1
32278.6074	-1
32289.1562	-1
32299.7051	-1
32310.2539	-1
32320.8027	-1
32331.3516	-1
32341.9023	1
32352.4531	1
32363.0039	1
32373.5547	1
32384.1055	1
32394.6562	1
32405.2070	1
32415.7578	1
32426.3105	-1
32436.8633	-1
32447.4160	-1
32457.9688	-1
32468.5215	-1
32479.0742	-1
32489.6270	-1
32500.1797	-1
32510.7324	-1
32521.2852	-1
32531.8379	-1
32542.3906	-1
32552.9434	-1
32563.4961	-1
32574.0488	-1
32584.6016	-1
32595.1543	-1
32605.7070	-1
32616.2598	-1
32626.8125	-1
32637.3652	-1
32647.9180	-1
32658.4707	-1
32669.0234	-1
32679.5762	-1
32690.1289	-1
32700.6816	-1
32711.2344	-1
32721.7871	-1
32732.3398	-1
32742.8945	-1
32753.4492	-1
32764.0039	-1
32774.5586	-1
32785.1133	-1
32795.6680	-1
32806.2227	-1
32816.7773	-1
32827.3320	-1
32837.8867	-1
32848.4414	-1
32858.9961	-1
32869.5508	-1
32880.1055	-1
32890.6602	-1
32901.2148	-1
32911.7695	-1
32922.3242	-1
32932.8789	1
32943.4336	-1
32953.9883	-1
32964.5430	-1
32975.0977	-1
32985.6523	-1
32996.2070	-1
33006.7617	1
33017.3164	1
33027.8711	1
33038.4258	1
33048.9805	1
33059.5352	1
33070.0898	1
33080.6445	1
33091.1992	1
33101.7539	-1
33112.3086	-1
33122.8633	-1
33133.4180	-1
33143.9727	-1
33154.5273	-1
33165.0820	-1
33175.6367	-1
33186.1914	-1
33196.7461	-1
33207.3008	-1
33217.8555	-1
33228.4141	-1
33238.9727	-1
33249.5312	-1
33260.0898	-1
33270.6484	-1
33281.2070	-1
33291.7656	-1
33302.3242	-1
33312.8828	-1
33323.4414	-1
33334.0000	-1
33344.5586	-1
33355.1172	-1
33365.6758	-1
33376.2344	-1
33386.7930	-1
33397.3516	-1
33407.9102	-1
33418.4688	1
33429.0273	1
33439.5859	1
33450.1445	1
33460.7031	1
33471.2617	1
33481.8203	1
33492.3789	1
33502.9414	-1
33513.5039	-1
33524.0664	1
33534.6289	-1
33545.1914	-1
33555.7539	-1
33566.3164	-1
33576.8789	1
33587.4414	1
33598.0039	-1
33608.5664	-1
33619.1289	-1
33629.6914	-1
33640.2539	-1
33650.8164	-1
33661.3789	1
33671.9414	1
33682.5039	1
33693.0664	1
33703.6289	1
33714.1914	-1
33724.7539	-1
33735.3164	-1
33745.8789	-1
33756.4414	-1
33767.0039	-1
33777.5664	-1
33788.1289	-1
33798.6914	-1
33809.2539	-1
33819.8164	-1
33830.3789	-1
33840.9453	-1
33851.5117	-1
33862.0781	-1
33872.6445	-1
33883.2109	-1
33893.7773	-1
33904.3438	-1
33914.9102	-1
33925.4766	-1
33936.0430	-1
33946.6094	-1
33957.1758	-1
33967.7422	-1
33978.3086	-1
33988.8750	-1
33999.4414	-1
34010.0078	-1
34020.5742	-1
34031.1406	-1
34041.7070	-1
34052.2734	-1
34062.8398	-1
34073.4062	-1
34083.9727	-1
34094.5391	-1
34105.1055	-1
34115.6719	-1
34126.2383	-1
34136.8047	-1
34147.3711	-1
34157.9375	-1
34168.5039	-1
34179.0703	-1
34189.6367	-1
34200.2031	-1
34210.7695	-1
34221.3359	-1
34231.9023	-1
34242.4688	-1
34253.0352	-1
34263.6016	-1
34274.1680	-1
34284.7344	-1
34295.3008	-1
34305.8672	-1
34316.4336	-1
34327.0000	-1
34337.5664	-1
34348.1367	-1
34358.7070	-1
34369.2773	-1
34379.8477	-1
34390.4180	-1
34400.9883	-1
34411.5586	-1
34422.1289	-1
34432.6992	-1
34443.2695	-1
34453.8398	-1
34464.4102	-1
34474.9805	-1
34485.5508	-1
34496.1211	-1
34506.6914	-1
34517.2617	-1
34527.8320	-1
34538.4023	-1
34548.9727	-1
34559.5430	-1
34570.1133	-1
34580.6836	-1
34591.2539	-1
34601.8242	-1
34612.3945	-1
34622.9648	-1
34633.5352	-1
34644.1055	-1
34654.6758	-1
34665.2461	-1
34675.8164	-1
34686.3867	-1
34696.9570	-1
34707.5273	-1
34718.0977	-1
34728.6719	-1
34739.2461	-1
34749.8203	-1
34760.3945	-1
34770.9688	-1
34781.5430	-1
34792.1172	-1
34802.6914	-1
34813.2656	-1
34823.8398	-1
34834.4141	-1
34844.9883	-1
34855.5625	-1
34866.1367	-1
34876.7109	-1
34887.2852	-1
34897.8594	-1
34908.4336	-1
34919.0078	-1
34929.5820	-1
34940.1562	-1
34950.7305	-1
34961.3047	-1
34971.8789	-1
34982.4531	-1
34993.0273	-1
35003.6016	-1
35014.1758	-1
35024.7500	-1
35035.3242	-1
35045.8984	-1
35056.4727	-1
35067.0469	-1
35077.6211	-1
35088.1953	-1
35098.7695	-1
35109.3438	-1
35119.9180	-1
35130.4922	-1
35141.0664	-1
35151.6406	-1
35162.2148	-1
35172.7891	-1
35183.3633	-1
35193.9375	-1
35204.5117	-1
35215.0859	-1
35225.6602	-1
35236.2344	-1
35246.8086	-1
35257.3828	-1
35267.9570	-1
35278.5312	-1
35289.1055	-1
35299.6797	-1
35310.2539	-1
35320.8281	-1
35331.4141	1
35342.0039	-1
35352.5938	1
35363.1836	1
35373.7734	-1
35384.3633	-1
35394.9531	-1
35405.5430	-1
35416.1328	-1
35426.7227	-1
35437.3125	-1
35447.9023	-1
35458.4922	-1
35469.0820	-1
35479.6719	-1
35490.2617	-1
35500.8516	1
35511.4414	1
35522.0312	1
35532.6211	1
35543.2148	-1
35553.8086	-1
35564.4023	-1
35574.9961	-1
35585.5898	-1
35596.1836	-1
35606.7773	-1
35617.3711	-1
35627.9648	-1
35638.5586	-1
35649.1523	-1
35659.7461	-1
35670.3398	-1
35680.9336	-1
35691.5273	-1
35702.1211	-1
35712.7148	-1
35723.3086	-1
35733.9023	-1
35744.4961	-1
35755.0898	-1
35765.6836	-1
35776.2773	-1
35786.8711	-1
35797.4648	1
35808.0586	1
35818.6523	1
35829.2461	1
35839.8398	1
35850.4336	1
35861.0273	1
35871.6211	1
35882.2188	-1
35892.8164	-1
35903.4141	-1
35914.0117	-1
35924.6094	-1
35935.2070	-1
35945.8047	-1
35956.4023	-1
35967.0000	-1
35977.5977	-1
35988.1953	-1
35998.7930	-1
36009.3906	-1
36019.9883	-1
36030.5859	-1
36041.1836	-1
36051.7812	-1
36062.3789	-1
36072.9766	1
36083.5742	-1
36094.1719	-1
36104.7695	-1
36115.3672	-1
36125.9648	-1
36136.5625	-1
36147.1602	1
36157.7578	1
36168.3555	1
36178.9531	-1
36189.5508	-1
36200.1484	-1
36210.7461	-1
36221.3438	-1
36231.9414	-1
36242.5391	1
36253.1367	1
36263.7344	-1
36274.3320	-1
36284.9297	-1
36295.5273	-1
36306.1250	-1
36316.7227	-1
36327.3203	-1
36337.9180	-1
36348.5156	-1
36359.1133	-1
36369.7109	-1
36380.3086	-1
36390.9062	-1
36401.5039	-1
36412.1016	-1
36422.6992	-1
36433.2969	-1
36443.8945	-1
36454.4922	1
36465.0898	1
36475.6875	1
36486.2852	1
36496.8828	1
36507.4805	1
36518.0781	1
36528.6758	1
36539.2734	1
36549.8711	1
36560.4727	-1
36571.0742	-1
36581.6758	-1
36592.2773	-1
36602.8789	-1
36613.4805	-1
36624.0820	-1
36634.6836	-1
36645.2852	-1
36655.8867	-1
36666.4883	-1
36677.0898	-1
36687.6914	-1
36698.2930	-1
36708.8945	-1
36719.4961	-1
36730.0977	-1
36740.6992	-1
36751.3008	1
36761.9023	1
36772.5039	1
36783.1055	1
36793.7070	1
36804.3086	1
36814.9141	-1
36825.5195	-1
36836.1250	-1
36846.7305	-1
36857.3359	-1
36867.9414	-1
36878.5469	-1
36889.1523	-1
36899.7578	-1
36910.3633	-1
36920.9688	-1
36931.5742	-1
36942.1797	-1
36952.7852	-1
36963.3906	-1
36973.9961	-1
36984.6016	-1
36995.2070	-1
37005.8125	-1
37016.4180	-1
37027.0234	-1
37037.6289	-1
37048.2344	-1
37058.8398	-1
37069.4453	-1
37080.0508	-1
37090.6562	-1
37101.2617	-1
37111.8672	-1
37122.4727	-1
37133.0781	-1
37143.6836	-1
37154.2891	-1
37164.8945	-1
37175.5000	-1
37186.1055	-1
37196.7109	-1
37207.3164	-1
37217.9219	-1
37228.5273	-1
37239.1328	-1
37249.7383	-1
37260.3438	-1
37270.9492	-1
37281.5547	-1
37292.1602	-1
37302.7656	-1
37313.3711	-1
37323.9766	-1
37334.5820	-1
37345.1875	-1
37355.7930	-1
37366.3984	-1
37377.0039	-1
37387.6094	-1
37398.2148	-1
37408.8203	-1
37419.4258	-1
37430.0312	-1
37440.6367	-1
37451.2422	-1
37461.8477	-1
37472.4531	-1
37483.0586	-1
37493.6641	-1
37504.2695	-1
37514.8750	-1
37525.4805	-1
37536.0859	-1
37546.6914	-1
37557.2969	-1
37567.9023	-1
37578.5078	-1
37589.1133	-1
37599.7188	-1
37610.3242	-1
37620.9297	-1
37631.5352	-1
37642.1445	-1
37652.7539	-1
37663.3633	-1
37673.9727	-1
37684.5820	-1
37695.1914	-1
37705.8008	-1
37716.4102	-1
37727.0195	-1
37737.6289	-1
37748.2383	-1
37758.8477	-1
37769.4570	-1
37780.0664	-1
37790.6758	-1
37801.2852	-1
37811.8945	-1
37822.5039	-1
37833.1133	-1
37843.7227	-1
37854.3320	-1
37864.9414	-1
37875.5508	-1
37886.1602	-1
37896.7695	1
37907.3789	1
37917.9883	1
37928.5977	1
37939.2070	1
37949.8164	-1
37960.4258	-1
37971.0352	-1
37981.6445	-1
37992.2539	-1
38002.8633	-1
38013.4727	1
38024.0820	1
38034.6914	1
38045.3008	1
38055.9102	1
38066.5195	1
38077.1289	1
38087.7383	1
38098.3477	1
38108.9570	1
38119.5664	1
38130.1758	1
38140.7852	1
38151.3945	1
38162.0039	1
38172.6133	1
38183.2227	1
38193.8320	1
38204.4414	1
38215.0508	1
38225.6602	1
38236.2734	1
38246.8867	1
38257.5000	1
38268.1133	1
38278.7266	1
38289.3398	1
38299.9531	1
38310.5664	1
38321.1797	-1
38331.7930	-1
38342.4062	-1
38353.0195	-1
38363.6328	-1
38374.2461	-1
38384.8594	1
38395.4727	-1
38406.0859	-1
38416.6992	-1
38427.3125	-1
38437.9258	-1
38448.5391	-1
38459.1523	-1
38469.7656	-1
38480.3789	-1
38490.9922	-1
38501.6094	-1
38512.2266	-1
38522.8438	-1
38533.4609	-1
38544.0781	-1
38554.6953	-1
38565.3125	-1
38575.9297	-1
38586.5469	-1
38597.1641	-1
38607.7812	-1
38618.3984	-1
38629.0156	-1
38639.6328	-1
38650.2500	-1
38660.8672	-1
38671.4844	-1
38682.1016	-1
38692.7188	-1
38703.3359	-1
38713.9531	-1
38724.5703	-1
38735.1875	-1
38745.8047	-1
38756.4219	-1
38767.0391	-1
38777.6602	-1
38788.2812	-1
38798.9023	-1
38809.5234	-1
38820.1445	-1
38830.7656	-1
38841.3906	-1
38852.0156	-1
38862.6406	-1
38873.2656	-1
38883.8906	-1
38894.5156	-1
38905.1406	-1
38915.7656	-1
38926.3906	-1
38937.0156	-1
38947.6406	-1
38958.2656	-1
38968.8906	-1
38979.5156	-1
38990.1406	-1
39000.7656	-1
39011.3906	-1
39022.0156	-1
39032.6406	-1
39043.2656	-1
39053.8906	-1
39064.5156	-1
39075.1406	-1
39085.7656	-1
39096.3906	-1
39107.0156	-1
39117.6406	-1
39128.2656	-1
39138.8906	-1
39149.5156	-1
39160.1406	-1
39170.7656	-1
39181.3906	-1
39192.0156	-1
39202.6406	-1
39213.2656	-1
39223.8906	-1
39234.5156	-1
39245.1406	-1
39255.7656	-1
39266.3906	-1
39277.0156	-1
39287.6406	-1
39298.2656	-1
39308.8906	-1
39319.5156	-1
39330.1406	-1
39340.7656	-1
39351.3906	-1
39362.0156	-1
39372.6406	-1
39383.2656	-1
39393.8906	-1
39404.5156	-1
39415.1406	-1
39425.7656	-1
39436.3906	-1
39447.0156	-1
39457.6406	-1
39468.2656	-1
39478.8906	-1
39489.5156	-1
39500.1406	-1
39510.7656	-1
39521.3906	-1
39532.0156	-1
39542.6406	-1
39553.2656	-1
39563.8906	-1
39574.5156	-1
39585.1406	-1
39595.7656	-1
39606.3906	-1
39617.0156	-1
39627.6406	-1
39638.2656	-1
39648.8906	-1
39659.5156	-1
39670.1406	-1
39680.7656	-1
39691.3906	-1
39702.0156	-1
39712.6406	-1
39723.2656	-1
39733.8906	-1
39744.5156	-1
39755.1406	-1
39765.7656	-1
39776.3906	-1
39787.0156	-1
39797.6406	-1
39808.2656	-1
39818.8906	-1
39829.5156	-1
39840.1406	-1
39850.7656	-1
39861.3906	-1
39872.0156	-1
39882.6406	-1
39893.2656	-1
39903.8906	-1
39914.5156	-1
39925.1445	-1
39935.7734	-1
39946.4023	-1
39957.0312	-1
39967.6602	-1
39978.2891	-1
39988.9180	-1
39999.5469	-1
40010.1758	-1
40020.8047	-1
40031.4336	-1
40042.0625	-1
40052.6914	-1
40063.3203	-1
40073.9492	-1
40084.5781	-1
40095.2070	-1
40105.8359	-1
40116.4648	-1
40127.0938	-1
40137.7227	-1
40148.3516	-1
40158.9805	-1
40169.6094	-1
40180.2383	-1
40190.8672	-1
40201.4961	-1
40212.1250	-1
40222.7539	-1
40233.3828	-1
40244.0117	-1
40254.6406	-1
40265.2695	-1
40275.8984	-1
40286.5273	-1
40297.1562	-1
40307.7852	-1
40318.4141	-1
40329.0430	-1
40339.6719	-1
40350.3008	-1
40360.9297	-1
40371.7422	1
40382.5547	1
40393.3672	1
40404.1797	-1
40414.9922	-1
40425.8047	-1
40436.6172	-1
40447.4297	-1
40458.2422	-1
40469.0547	-1
40479.8672	-1
40490.6797	-1
40501.4922	-1
40512.3047	-1
40523.1172	-1
40533.9297	-1
40544.7422	-1
40555.5547	-1
40566.3672	-1
40577.1797	-1
40587.9922	-1
40598.8125	1
40609.6328	-1
40620.4688	1
40631.3047	-1
40642.1406	1
40652.9766	1
40663.8164	-1
40674.6562	-1
40685.4961	-1
40696.3359	-1
40707.1758	-1
40718.0156	-1
40728.8555	-1
40739.6953	-1
40750.5352	-1
40761.3750	-1
40772.2148	-1
40783.0547	-1
40793.8945	1
40804.7344	1
40815.5742	1
40826.4141	1
40837.2539	-1
40848.0938	-1
40858.9336	-1
40869.7734	-1
40880.6133	-1
40891.4531	-1
40902.2930	-1
40913.1328	-1
40923.9727	-1
40934.8125	-1
40945.6523	-1
40956.4922	-1
40967.3320	-1
40978.1719	-1
40989.0117	-1
40999.8516	-1
41010.6914	-1
41021.5312	-1
41032.3711	-1
41043.2109	-1
41054.0508	-1
41064.8906	-1
41075.7305	-1
41086.5820	1
41097.4375	-1
41108.2930	1
41119.1484	1
41130.0039	-1
41140.8594	-1
41151.7148	-1
41162.5703	-1
41173.4258	-1
41184.2812	-1
41195.1367	-1
41205.9922	-1
41216.8477	-1
41227.7031	-1
41238.5586	-1
41249.4141	-1
41260.2695	1
41271.1250	1
41281.9805	1
41292.8359	1
41303.6953	-1
41314.5547	-1
41325.4141	-1
41336.2734	-1
41347.1328	-1
41357.9922	-1
41368.8516	1
41379.7109	-1
41390.5703	-1
41401.4297	-1
41412.2891	-1
41423.1484	-1
41434.0078	1
41444.8672	-1
41455.7266	-1
41466.5859	-1
41477.4453	-1
41488.3047	-1
41499.1641	-1
41510.0234	-1
41520.8828	-1
41531.7422	-1
41542.6016	-1
41553.4609	-1
41564.3203	-1
41575.1797	-1
41586.0391	1
41596.8984	1
41607.7578	1
41618.6172	1
41629.4766	1
41640.3359	1
41651.1992	-1
41662.0625	-1
41672.9258	-1
41683.7891	-1
41694.6523	-1
41705.5156	-1
41716.3789	-1
41727.2422	-1
41738.1055	-1
41748.9688	-1
41759.8320	-1
41770.6953	-1
41781.5586	-1
41792.4219	-1
41803.2852	-1
41814.1484	-1
41825.0117	-1
41835.8750	-1
41846.7383	-1
41857.6016	-1
41868.4648	-1
41879.3281	-1
41890.1914	-1
41901.0547	-1
41911.9180	-1
41922.7812	-1
41933.6445	-1
41944.5078	-1
41955.3711	-1
41966.2344	-1
41977.0977	-1
41987.9609	-1
41998.8242	-1
42009.6875	-1
42020.5508	-1
42031.4141	-1
42042.2773	-1
42053.1406	-1
42064.0039	-1
42074.8672	-1
42085.7305	-1
42096.5938	-1
42107.4570	-1
42118.3203	-1
42129.1836	-1
42140.0586	1
42150.9375	-1
42161.8164	1
42172.6953	1
42183.5742	-1
42194.4531	-1
42205.3320	-1
42216.2109	-1
42227.0898	-1
42237.9688	-1
42248.8477	-1
42259.7266	-1
42270.6055	-1
42281.4844	-1
42292.3633	-1
42303.2422	-1
42314.1211	1
42325.0000	1
42335.8789	1
42346.7578	1
42357.6367	-1
42368.5156	-1
42379.3945	-1
42390.2734	-1
42401.1523	-1
42412.0312	-1
42422.9102	-1
42433.7891	-1
42444.6680	-1
42455.5469	-1
42466.4258	-1
42477.3047	-1
42488.1836	-1
42499.0625	-1
42509.9414	-1
42520.8203	-1
42531.6992	-1
42542.5781	-1
42553.4570	-1
42564.3398	-1
42575.2227	-1
42586.1055	-1
42596.9883	-1
42607.8711	-1
42618.7539	1
42629.6367	1
42640.5195	1
42651.4023	1
42662.2852	1
42673.1680	1
42684.0508	1
42694.9336	1
42705.8164	-1
42716.6992	-1
42727.5820	-1
42738.4648	-1
42749.3477	-1
42760.2305	-1
42771.1133	-1
42781.9961	-1
42792.8789	-1
42803.7617	-1
42814.6445	-1
42825.5273	-1
42836.4102	-1
42847.2930	-1
42858.1758	-1
42869.0586	-1
42879.9414	-1
42890.8242	-1
42901.7070	-1
42912.5898	-1
42923.4727	-1
42934.3555	-1
42945.2383	-1
42956.1211	-1
42967.0039	-1
42977.8867	-1
42988.7695	-1
42999.6523	-1
43010.5352	-1
43021.4180	-1
43032.3008	-1
43043.1836	-1
43054.0664	-1
43064.9492	-1
43075.8320	-1
43086.7148	-1
43097.5977	-1
43108.4805	-1
43119.3633	-1
43130.2461	-1
43141.1289	-1
43152.0117	-1
43162.8945	-1
43173.7773	-1
43184.6602	-1
43195.5430	-1
43206.4258	-1
43217.3086	-1
43228.1914	1
43239.0742	1
43249.9570	1
43260.8398	1
43271.7227	1
43282.6055	1
43293.4883	1
43304.3711	1
43315.2539	1
43326.1406	1
43337.0273	1
43347.9141	1
43358.8008	1
43369.6875	1
43380.5742	1
43391.4609	1
43402.3477	-1
43413.2344	-1
43424.1211	-1
43435.0078	-1
43445.8945	-1
43456.7812	-1
43467.6680	-1
43478.5547	-1
43489.4414	-1
43500.3281	-1
43511.2148	-1
43522.1016	-1
43532.9883	-1
43543.8750	-1
43554.7617	-1
43565.6484	-1
43576.5352	-1
43587.4219	-1
43598.3086	-1
43609.1953	-1
43620.0820	-1
43630.9688	-1
43641.8555	-1
43652.7422	-1
43663.6289	-1
43674.5156	-1
43685.4023	-1
43696.2891	-1
43707.1758	-1
43718.0625	-1
43728.9492	-1
43739.8359	-1
43750.7227	-1
43761.6094	-1
43772.4961	-1
43783.3828	-1
43794.2734	-1
43805.1641	-1
43816.0547	-1
43826.9453	-1
43837.8359	-1
43848.7266	-1
43859.6172	-1
43870.5078	-1
43881.3984	-1
43892.2891	-1
43903.1797	-1
43914.0703	-1
43924.9609	1
43935.8516	1
43946.7422	-1
43957.6328	-1
43968.5234	-1
43979.4141	-1
43990.3047	-1
44001.1953	-1
44012.0859	-1
44022.9766	-1
44033.8672	-1
44044.7578	-1
44055.6484	-1
44066.5391	-1
44077.4297	-1
44088.3203	-1
44099.2109	-1
44110.1016	-1
44120.9922	-1
44131.8828	-1
44142.7734	-1
44153.6641	-1
44164.5547	-1
44175.4453	-1
44186.3359	-1
44197.2266	-1
44208.1172	1
44219.0078	1
44229.8984	-1
44240.7891	-1
44251.6797	-1
44262.5703	-1
44273.4609	-1
44284.3516	-1
44295.2422	1
44306.1328	1
44317.0234	-1
44327.9141	-1
44338.8047	-1
44349.6953	-1
44360.5859	-1
44371.4766	-1
44382.3672	-1
44393.2578	-1
44404.1484	-1
44415.0391	-1
44425.9297	-1
44436.8203	-1
44447.7109	-1
44458.6016	-1
44469.4922	-1
44480.3828	-1
44491.2734	-1
44502.1641	-1
44513.0547	1
44523.9453	1
44534.8359	1
44545.7266	1
44556.6172	1
44567.5078	1
44578.3984	1
44589.2891	1
44600.1797	1
44611.0703	1
44621.9609	1
44632.8516	1
44643.7422	1
44654.6328	1
44665.5234	1
44676.4141	1
44687.3086	-1
44698.2031	-1
44709.0977	-1
44719.9922	-1
44730.8867	-1
44741.7812	-1
44752.6758	1
44763.5703	1
44774.4648	1
44785.3594	1
44796.2539	1
44807.1484	1
44818.0430	1
44828.9375	1
44839.8320	1
44850.7266	1
44861.6211	1
44872.5156	1
44883.4102	-1
44894.3047	-1
44905.1992	-1
44916.0938	-1
44926.9883	-1
44937.8828	-1
44948.7773	-1
44959.6719	-1
44970.5664	-1
44981.4609	-1
44992.3555	-1
45003.2500	-1
45014.1445	-1
45025.0391	-1
45035.9336	-1
45046.8281	-1
45057.7227	-1
45068.6172	-1
45079.5156	-1
45090.4141	-1
45101.3125	-1
45112.2109	-1
45123.1094	-1
45134.0078	-1
45144.9062	-1
45155.8047	-1
45166.7031	-1
45177.6016	-1
45188.5000	-1
45199.3984	-1
45210.2969	-1
45221.1953	-1
45232.0938	-1
45242.9922	-1
45253.8906	-1
45264.7891	-1
45275.6875	-1
45286.5859	-1
45297.4844	-1
45308.3828	-1
45319.2812	-1
45330.1797	-1
45341.0781	-1
45351.9766	-1
45362.8750	-1
45373.7734	-1
45384.6719	-1
45395.5703	-1
45406.4688	1
45417.3672	1
45428.2656	1
45439.1641	1
45450.0625	1
45460.9609	1
45471.8594	1
45482.7578	1
45493.6562	1
45504.5547	1
45515.4531	1
45526.3516	1
45537.2500	1
45548.1484	-1
45559.0469	-1
45569.9453	-1
45580.8438	-1
45591.7422	-1
45602.6406	-1
45613.5391	-1
45624.4375	-1
45635.3359	-1
45646.2344	-1
45657.1328	-1
45668.0312	-1
45678.9297	-1
45689.8281	-1
45700.7266	-1
45711.6250	-1
45722.5234	-1
45733.4219	-1
45744.3203	-1
45755.2188	-1
45766.1172	-1
45777.0156	-1
45787.9141	-1
45798.8125	-1
45809.7109	-1
45820.6094	-1
45831.5078	-1
45842.4062	-1
45853.3047	-1
45864.2031	-1
45875.1016	-1
45886.0000	-1
45896.8984	-1
45907.7969	-1
45918.6953	-1
45929.5938	-1
45940.4922	-1
45951.3906	-1
45962.2891	-1
45973.1875	-1
45984.0859	-1
45994.9844	-1
46005.8828	-1
46016.7812	-1
46027.6797	-1
46038.5781	-1
46049.4766	-1
46060.3750	-1
46071.2773	-1
46082.1797	-1
46093.0820	-1
46103.9844	-1
46114.8867	-1
46125.7891	-1
46136.6914	-1
46147.5938	-1
46158.4961	-1
46169.3984	-1
46180.3008	-1
46191.2031	-1
46202.1055	-1
46213.0078	-1
46223.9102	-1
46234.8125	-1
46245.7148	-1
46256.6172	-1
46267.5195	-1
46278.4219	-1
46289.3242	-1
46300.2266	-1
46311.1289	-1
46322.0312	-1
46332.9336	-1
46343.8359	-1
46354.7383	-1
46365.6406	-1
46376.5430	-1
46387.4453	-1
46398.3477	-1
46409.2500	-1
46420.1523	-1
46431.0547	-1
46441.9570	-1
46452.8594	-1
46463.7617	-1
46474.6641	-1
46485.5664	-1
46496.4688	-1
46507.3711	-1
46518.2734	-1
46529.1758	-1
46540.0781	-1
46550.9805	-1
46561.8828	-1
46572.7852	-1
46583.6875	-1
46594.5898	-1
46605.4922	-1
46616.3945	-1
46627.2969	-1
46638.1992	-1
46649.1016	-1
46660.0039	-1
46670.9062	-1
46681.8086	-1
46692.7109	-1
46703.6133	-1
46714.5156	-1
46725.4180	-1
46736.3203	-1
46747.2227	-1
46758.1250	-1
46769.0273	-1
46779.9297	-1
46790.8359	-1
46801.7422	-1
46812.6484	-1
46823.5547	-1
46834.4609	-1
46845.3672	-1
46856.2734	-1
46867.1797	-1
46878.0859	-1
46888.9922	-1
46899.8984	-1
46910.8047	-1
46921.7109	-1
46932.6172	-1
46943.5234	-1
46954.4297	-1
46965.3359	-1
46976.2422	-1
46987.1484	-1
46998.0547	-1
47008.9609	-1
47019.8672	-1
47030.7734	-1
47041.6797	-1
47052.5859	-1
47063.4922	-1
47074.3984	-1
47085.3047	-1
47096.2109	-1
47107.1172	-1
47118.0234	-1
47128.9297	-1
47139.8359	-1
47150.7422	-1
47161.6484	-1
47172.5547	-1
47183.4609	-1
47194.3672	-1
47205.2734	-1
47216.1797	-1
47227.0859	-1
47237.9922	-1
47248.8984	-1
47259.8047	-1
47270.7109	-1
47281.6172	-1
47292.5234	-1
47303.4297	-1
47314.3359	-1
47325.2422	-1
47336.1484	-1
47347.0547	-1
47357.9609	-1
47368.8672	-1
47379.7734	-1
47390.6797	-1
47401.5859	-1
47412.4922	-1
47423.4023	-1
47434.3125	-1
47445.2227	-1
47456.1328	-1
47467.0430	-1
47477.9531	-1
47488.8633	-1
47499.7734	-1
47510.6836	-1
47521.5938	-1
47532.5039	-1
47543.4141	-1
47554.3242	-1
47565.2344	-1
47576.1445	-1
47587.0547	-1
47597.9648	-1
47608.8750	-1
47619.7852	-1
47630.6953	-1
47641.6055	-1
47652.5156	-1
47663.4258	-1
47674.3359	-1
47685.2461	-1
47696.1562	-1
47707.0664	-1
47717.9766	-1
47728.8867	-1
47739.7969	-1
47750.7070	-1
47761.6172	-1
47772.5273	-1
47783.4375	-1
47794.3477	-1
47805.2578	-1
47816.1680	-1
47827.0781	-1
47837.9883	-1
47848.8984	-1
47859.8086	-1
47870.7188	-1
47881.6289	-1
47892.5391	-1
47903.4492	-1
47914.3594	-1
47925.2695	-1
47936.1797	-1
47947.0898	-1
47958.0000	-1
47968.9102	-1
47979.8203	-1
47990.7305	-1
48001.6406	-1
48012.5508	-1
48023.4609	-1
48034.3828	1
48045.3086	-1
48056.2344	1
48067.1602	1
48078.0859	-1
48089.0117	-1
48099.9375	-1
48110.8633	-1
48121.7891	-1
48132.7148	-1
48143.6406	-1
48154.5664	-1
48165.4922	-1
48176.4180	-1
48187.3555	1
48198.2969	-1
48209.2383	1
48220.1797	1
48231.1211	-1
48242.0625	-1
48253.0039	-1
48263.9453	-1
48274.8867	-1
48285.8281	-1
48296.7695	-1
48307.7109	-1
48318.6523	-1
48329.5938	-1
48340.5469	1
48351.5000	-1
48362.4531	1
48373.4062	1
48384.3633	-1
48395.3203	-1
48406.2773	-1
48417.2344	-1
48428.1914	-1
48439.1484	-1
48450.1055	-1
48461.0625	-1
48472.0195	-1
48482.9766	-1
48493.9336	-1
48504.8906	-1
48515.8477	1
48526.8047	1
48537.7617	1
48548.7188	1
48559.6758	-1
48570.6328	-1
48581.5898	-1
48592.5469	-1
48603.5039	-1
48614.4609	-1
48625.4180	-1
48636.3750	-1
48647.3320	-1
48658.2891	-1
48669.2461	-1
48680.2031	-1
48691.1602	-1
48702.1172	-1
48713.0742	-1
48724.0312	-1
48734.9883	-1
48745.9453	-1
48756.9023	-1
48767.8594	-1
48778.8164	-1
48789.7734	-1
48800.7305	-1
48811.6875	-1
48822.6445	1
48833.6016	1
48844.5586	1
48855.5156	1
48866.4727	1
48877.4297	1
48888.3867	1
48899.3438	1
48910.3047	-1
48921.2656	-1
48932.2266	-1
48943.1875	-1
48954.1484	-1
48965.1094	-1
48976.0703	-1
48987.0312	-1
48997.9922	-1
49008.9531	-1
49019.9141	-1
49030.8750	-1
49041.8359	-1
49052.7969	-1
49063.7578	-1
49074.7188	-1
49085.6797	-1
49096.6406	-1
49107.6016	1
49118.5625	1
49129.5234	1
49140.4844	1
49151.4453	-1
49162.4062	-1
49173.3672	-1
49184.3281	-1
49195.2891	-1
49206.2500	-1
49217.2109	1
49228.1719	1
49239.1328	-1
49250.0938	-1
49261.0547	-1
49272.0156	-1
49282.9766	-1
49293.9375	-1
49304.8984	-1
49315.8594	-1
49326.8203	-1
49337.7812	-1
49348.7422	-1
49359.7031	-1
49370.6641	-1
49381.6250	-1
49392.5859	-1
49403.5469	-1
49414.5078	-1
49425.4688	-1
49436.4297	-1
49447.3906	-1
49458.3516	-1
49469.3125	-1
49480.2734	-1
49491.2344	-1
49502.1953	-1
49513.1562	-1
49524.1172	-1
49535.0781	-1
49546.0391	-1
49557.0000	-1
49567.9648	-1
49578.9297	-1
49589.8945	-1
49600.8594	-1
49611.8242	-1
49622.7891	-1
49633.7539	-1
49644.7188	-1
49655.6836	-1
49666.6484	-1
49677.6133	-1
49688.5781	-1
49699.5430	-1
49710.5078	-1
49721.4727	-1
49732.4375	-1
49743.4023	-1
49754.3672	-1
49765.3320	-1
49776.2969	-1
49787.2617	-1
49798.2266	-1
49809.1914	-1
49820.1562	-1
49831.1211	-1
49842.0859	-1
49853.0625	1
49864.0391	-1
49875.0156	1
49885.9922	1
49896.9727	-1
49907.9531	-1
49918.9336	-1
49929.9258	1
49940.9180	-1
49951.9102	1
49962.9023	1
49973.8984	-1
49984.8945	-1
49995.8906	-1
50006.8867	-1
50017.8828	-1
50028.8789	-1
50039.8750	-1
50050.8711	-1
50061.8672	-1
50072.8633	-1
50083.8594	-1
50094.8555	-1
50105.8516	1
50116.8477	1
50127.8438	1
50138.8398	1
50149.8359	-1
50160.8320	-1
50171.8281	-1
50182.8242	-1
50193.8203	-1
50204.8164	-1
50215.8125	-1
50226.8086	-1
50237.8047	-1
50248.8008	-1
50259.7969	-1
50270.7930	-1
50281.7891	-1
50292.7852	-1
50303.7812	-1
50314.7773	-1
50325.7734	-1
50336.7695	-1
50347.7656	-1
50358.7617	-1
50369.7578	-1
50380.7539	-1
50391.7500	-1
50402.7617	1
50413.7734	-1
50424.7852	1
50435.7969	1
50446.8086	-1
50457.8203	-1
50468.8320	-1
50479.8438	-1
50490.8672	1
50501.8945	-1
50512.9219	1
50523.9492	1
50534.9766	-1
50546.0039	-1
50557.0312	-1
50568.0586	-1
50579.0859	-1
50590.1133	-1
50601.1406	-1
50612.1680	-1
50623.1953	-1
50634.2227	-1
50645.2500	-1
50656.2773	-1
50667.3047	1
50678.3320	1
50689.3594	1
50700.3867	1
50711.4180	-1
50722.4492	-1
50733.4805	-1
50744.5117	-1
50755.5430	-1
50766.5742	-1
50777.6055	-1
50788.6367	-1
50799.6680	-1
50810.6992	-1
50821.7305	-1
50832.7617	-1
50843.7930	-1
50854.8242	-1
50865.8555	-1
50876.8867	-1
50887.9180	-1
50898.9492	-1
50909.9805	-1
50921.0117	-1
50932.0430	-1
50943.0742	-1
50954.1055	-1
50965.1367	-1
50976.1680	1
50987.1992	1
50998.2305	1
51009.2617	-1
51020.2930	-1
51031.3242	-1
51042.3555	-1
51053.3867	-1
51064.4180	-1
51075.4492	-1
51086.4805	-1
51097.5117	-1
51108.5430	-1
51119.5742	-1
51130.6055	-1
51141.6367	-1
51152.6797	1
51163.7266	-1
51174.7734	1
51185.8203	1
51196.8672	-1
51207.9141	-1
51218.9609	-1
51230.0078	-1
51241.0547	-1
51252.1016	-1
51263.1484	-1
51274.1953	-1
51285.2422	-1
51296.2891	-1
51307.3359	-1
51318.3828	-1
51329.4297	1
51340.4766	1
51351.5234	1
51362.5703	1
51373.6211	-1
51384.6719	-1
51395.7227	-1
51406.7734	-1
51417.8242	-1
51428.8750	-1
51439.9258	-1
51450.9766	-1
51462.0273	-1
51473.0781	-1
51484.1289	-1
51495.1797	-1
51506.2305	-1
51517.2812	-1
51528.3320	-1
51539.3828	-1
51550.4336	-1
51561.4844	-1
51572.5352	-1
51583.5977	1
51594.6641	-1
51605.7305	1
51616.7969	1
51627.8633	-1
51638.9297	-1
