0.0000	0
0.0007	-1
0.8621	-2
0.9200	2
1.6080	-2
1.8604	1
2.1918	-2
2.4025	-2
2.5926	-2
2.7445	-2
2.7736	2
3.0813	-2
3.1980	-2
3.2203	-2
3.3556	-2
3.6124	-2
3.7216	-1
3.8726	-2
4.1602	-2
4.2331	-2
4.2685	-2
4.5013	-2
4.5029	-2
4.6953	-2
5.2219	-2
5.3886	-2
5.5831	1
5.7036	-2
5.8241	-2
5.8339	-2
6.1469	-2
6.1734	-2
6.2361	-2
6.2860	-2
6.5592	-2
7.0515	-2
7.4447	1
7.5971	-2
7.7291	-2
7.7905	-2
7.9514	-2
9.2701	2
9.3078	-1
10.1708	-2
11.1709	-1
13.0341	-1
14.9102	1
16.7877	-1
18.6655	1
20.5434	1
22.4224	-1
24.3014	-1
26.1804	-1
28.0594	-1
29.9384	-1
31.8174	-1
33.6965	-1
35.5756	-1
37.4547	-1
39.3472	1
41.2414	-1
43.1360	1
45.0307	1
46.9268	-1
48.8229	-1
50.7190	-1
52.6151	-1
54.5112	-1
56.4073	-1
58.3035	-1
60.1998	-1
62.0960	-1
63.9922	-1
65.8885	-1
67.7847	-1
69.6813	1
71.5780	1
73.4756	-1
75.3732	-1
77.2709	-1
79.1685	-1
81.0662	-1
82.9638	-1
84.8616	-1
86.7593	-1
88.6571	-1
90.5548	-1
92.4526	-1
94.3641	1
96.2774	-1
98.1909	1
100.1046	1
102.0188	-1
103.9331	-1
105.8474	-1
107.7617	-1
109.6759	-1
111.5906	-1
113.5178	1
115.4464	-1
117.3753	1
119.3043	1
121.2341	-1
123.1638	-1
125.0935	-1
127.0233	-1
128.9530	-1
130.8828	-1
132.8127	-1
134.7426	-1
136.6725	-1
138.6024	-1
140.5323	-1
142.4622	-1
144.3924	1
146.3227	1
148.2531	1
150.1834	1
152.1145	-1
154.0456	-1
155.9767	-1
157.9077	-1
159.8388	-1
161.7699	-1
163.7011	-1
165.6323	-1
167.5635	-1
169.4947	-1
171.4259	-1
173.3572	-1
175.2885	-1
177.2199	-1
179.1513	-1
181.0827	-1
183.0141	-1
184.9455	-1
186.8770	-1
188.8085	-1
190.7400	-1
192.6715	-1
194.6030	-1
196.5345	-1
198.4664	1
200.3983	1
202.3302	1
204.2622	1
206.1953	-1
208.1284	-1
210.0614	-1
211.9945	-1
213.9276	-1
215.8607	-1
217.7939	-1
219.7271	-1
221.6604	-1
223.5936	-1
225.5268	-1
227.4601	-1
229.3934	-1
231.3268	-1
233.2601	-1
235.1935	-1
237.1269	-1
239.0602	-1
240.9941	-1
242.9280	-1
244.8619	-1
246.7958	-1
248.7427	1
250.6911	-1
252.6397	1
254.5884	1
256.5379	-1
258.4873	-1
260.4367	-1
262.3862	-1
264.3356	-1
266.2850	-1
268.2346	-1
270.1841	-1
272.1336	-1
274.0831	-1
276.0457	1
278.0099	-1
279.9744	1
281.9389	1
283.9045	-1
285.8702	-1
287.8358	-1
289.8015	-1
291.7671	-1
293.7328	-1
295.7119	1
297.6929	-1
299.6742	1
301.6556	1
303.6381	-1
305.6206	-1
307.6031	-1
309.5857	-1
311.5682	-1
313.5508	-1
315.5334	-1
317.5160	-1
319.4987	-1
321.4814	-1
323.4640	-1
325.4467	-1
327.4297	1
329.4129	1
331.3960	1
333.3792	1
335.3641	-1
337.3490	-1
339.3339	-1
341.3188	-1
343.3037	-1
345.2887	-1
347.2739	-1
349.2591	-1
351.2444	-1
353.2296	-1
355.2149	-1
357.2002	-1
359.1855	-1
361.1709	-1
363.1562	-1
365.1416	-1
367.1270	-1
369.1124	-1
371.0979	-1
373.0834	-1
375.0689	-1
377.0544	-1
379.0399	-1
381.0254	-1
383.0111	1
384.9969	1
386.9828	1
388.9688	1
390.9550	1
392.9411	1
394.9277	1
396.9143	1
398.9027	-1
400.8911	-1
402.8796	-1
404.8680	-1
406.8564	-1
408.8449	-1
410.8334	-1
412.8219	-1
414.8105	-1
416.7990	-1
418.7876	-1
420.7761	-1
422.7648	-1
424.7534	-1
426.7421	-1
428.7307	-1
430.7194	-1
432.7081	-1
434.6969	-1
436.6858	-1
438.6746	-1
440.6634	-1
442.6523	-1
444.6411	-1
446.6301	-1
448.6190	-1
450.6080	-1
452.5970	-1
454.5860	-1
456.5750	-1
458.5641	-1
460.5531	-1
462.5422	-1
464.5313	-1
466.5204	-1
468.5095	-1
470.4991	1
472.4888	1
474.4786	1
476.4684	1
478.4583	1
480.4484	1
482.4384	1
484.4286	1
486.4187	1
488.4089	1
490.3992	1
492.3895	1
494.3825	-1
496.3755	-1
498.3684	-1
500.3614	-1
502.3544	-1
504.3474	-1
506.3405	-1
508.3336	-1
510.3268	-1
512.3199	-1
514.3130	-1
516.3062	-1
518.3022	-1
520.2983	-1
522.2944	-1
524.2905	-1
526.2866	-1
528.2827	-1
530.2789	-1
532.2751	-1
534.2714	-1
536.2676	-1
538.2638	-1
540.2600	-1
542.2563	-1
544.2527	-1
546.2490	-1
548.2454	-1
550.2417	-1
552.2381	-1
554.2346	-1
556.2310	-1
558.2275	-1
560.2241	-1
562.2206	-1
564.2171	-1
566.2137	-1
568.2104	-1
570.2070	-1
572.2037	-1
574.2003	-1
576.1970	-1
578.1937	-1
580.1905	-1
582.1873	-1
584.1840	-1
586.1808	-1
588.1776	-1
590.1750	1
592.1725	1
594.1701	1
596.1677	1
598.1671	1
600.1666	1
602.1660	-1
604.1655	-1
606.1649	-1
608.1644	-1
610.1638	-1
612.1633	-1
614.1627	1
616.1622	1
618.1618	1
620.1614	1
622.1611	-1
624.1607	-1
626.1603	-1
628.1600	-1
630.1596	-1
632.1592	-1
634.1589	1
636.1586	1
638.1584	1
640.1582	-1
642.1580	-1
644.1578	-1
646.1577	-1
648.1575	-1
650.1574	-1
652.1573	1
654.1572	1
656.1571	1
658.1571	-1
660.1572	-1
662.1572	-1
664.1573	-1
666.1573	-1
668.1574	-1
670.1577	-1
672.1579	-1
674.1581	-1
676.1584	-1
678.1586	-1
680.1589	-1
682.1594	-1
684.1599	-1
686.1603	-1
688.1608	-1
690.1613	-1
692.1618	-1
694.1646	1
696.1674	1
698.1703	1
700.1760	1
702.1819	-1
704.1879	-1
706.1940	-1
708.2000	-1
710.2061	-1
712.2121	-1
714.2182	1
716.2244	1
718.2305	1
720.2368	1
722.2430	1
724.2493	1
726.2557	1
728.2621	1
730.2686	1
732.2753	-1
734.2821	-1
736.2889	-1
738.2957	-1
740.3024	-1
742.3092	-1
744.3162	-1
746.3232	-1
748.3303	-1
750.3373	-1
752.3443	-1
754.3513	-1
756.3585	-1
758.3657	-1
760.3729	-1
762.3801	-1
764.3873	-1
766.3945	-1
768.4019	-1
770.4093	-1
772.4167	-1
774.4241	-1
776.4315	-1
778.4388	-1
780.4464	-1
782.4540	-1
784.4615	-1
786.4692	-1
788.4768	-1
790.4844	-1
792.4922	-1
794.5001	-1
796.5079	-1
798.5157	-1
800.5235	-1
802.5313	-1
804.5394	-1
806.5474	-1
808.5555	-1
810.5635	-1
812.5716	-1
814.5797	-1
816.5879	-1
818.5961	-1
820.6044	-1
822.6126	-1
824.6208	-1
826.6291	-1
828.6375	-1
830.6459	-1
832.6544	-1
834.6628	-1
836.6712	-1
838.6796	-1
840.6882	-1
842.6968	-1
844.7054	-1
846.7141	-1
848.7227	-1
850.7313	-1
852.7401	1
854.7490	1
856.7582	1
858.7674	1
860.7771	1
862.7869	1
864.7969	1
866.8071	1
868.8173	1
870.8276	1
872.8381	1
874.8486	1
876.8591	1
878.8696	1
880.8802	1
882.8909	1
884.9016	1
886.9123	1
888.9241	1
890.9359	1
892.9478	1
894.9597	1
896.9767	-1
898.9938	-1
901.0108	-1
903.0278	-1
905.0449	-1
907.0620	-1
909.0792	-1
911.0964	-1
913.1136	-1
915.1308	-1
917.1480	-1
919.1652	-1
921.1826	-1
923.1999	-1
925.2172	-1
927.2346	-1
929.2519	-1
931.2692	-1
933.2867	-1
935.3041	-1
937.3216	-1
939.3391	-1
941.3565	-1
943.3740	-1
945.3915	-1
947.4091	-1
949.4267	-1
951.4443	-1
953.4619	-1
955.4794	-1
957.4971	-1
959.5148	-1
961.5326	-1
963.5504	-1
965.5681	-1
967.5859	-1
969.6049	-1
971.6238	-1
973.6428	-1
975.6618	-1
977.6808	-1
979.6998	-1
981.7202	1
983.7407	1
985.7613	1
987.7819	1
989.8025	1
991.8244	-1
993.8463	-1
995.8682	-1
997.8901	-1
999.9120	-1
1001.9340	-1
1003.9561	-1
1005.9782	-1
1008.0004	-1
1010.0225	-1
1012.0447	-1
1014.0668	-1
1016.0892	-1
1018.1115	-1
1020.1339	-1
1022.1562	-1
1024.1786	-1
1026.2009	-1
1028.2234	-1
1030.2460	-1
1032.2686	-1
1034.2911	-1
1036.3137	-1
1038.3363	-1
1040.3590	-1
1042.3817	-1
1044.4044	-1
1046.4271	-1
1048.4498	-1
1050.4725	-1
1052.4969	-1
1054.5214	-1
1056.5458	-1
1058.5702	-1
1060.5946	-1
1062.6190	-1
1064.6436	-1
1066.6681	-1
1068.6926	-1
1070.7172	-1
1072.7417	-1
1074.7662	-1
1076.7909	-1
1078.8156	-1
1080.8402	-1
1082.8649	-1
1084.8895	-1
1086.9142	-1
1088.9390	-1
1090.9639	-1
1092.9888	-1
1095.0137	-1
1097.0386	-1
1099.0635	-1
1101.0885	-1
1103.1135	-1
1105.1385	-1
1107.1636	-1
1109.1886	-1
1111.2136	-1
1113.2388	-1
1115.2639	-1
1117.2891	-1
1119.3142	-1
1121.3394	-1
1123.3645	-1
1125.3898	-1
1127.4150	-1
1129.4403	-1
1131.4656	-1
1133.4908	-1
1135.5161	-1
1137.5415	-1
1139.5669	-1
1141.5923	-1
1143.6177	-1
1145.6431	-1
1147.6685	-1
1149.6940	-1
1151.7195	-1
1153.7450	-1
1155.7705	-1
1157.7960	-1
1159.8215	-1
1161.8490	-1
1163.8765	-1
1165.9041	-1
1167.9316	-1
1169.9592	-1
1171.9868	-1
1174.0144	-1
1176.0421	-1
1178.0698	-1
1180.0975	-1
1182.1252	-1
1184.1530	-1
1186.1808	-1
1188.2086	-1
1190.2365	-1
1192.2643	-1
1194.2921	-1
1196.3199	-1
1198.3479	-1
1200.3759	-1
1202.4038	-1
1204.4318	-1
1206.4597	-1
1208.4877	-1
1210.5157	-1
1212.5438	-1
1214.5719	-1
1216.6000	-1
1218.6281	-1
1220.6561	-1
1222.6843	-1
1224.7125	-1
1226.7408	-1
1228.7692	-1
1230.7975	-1
1232.8258	-1
1234.8541	-1
1236.8826	-1
1238.9110	-1
1240.9395	-1
1242.9679	-1
1244.9963	-1
1247.0249	-1
1249.0535	-1
1251.0820	-1
1253.1106	-1
1255.1392	-1
1257.1677	-1
1259.1964	-1
1261.2251	-1
1263.2538	-1
1265.2825	-1
1267.3112	-1
1269.3398	-1
1271.3687	-1
1273.3975	-1
1275.4263	-1
1277.4551	-1
1279.4839	-1
1281.5127	-1
1283.5416	-1
1285.5706	-1
1287.5995	-1
1289.6284	-1
1291.6573	-1
1293.6863	-1
1295.7181	-1
1297.7500	-1
1299.7819	-1
1301.8137	-1
1303.8457	-1
1305.8777	-1
1307.9098	-1
1309.9419	-1
1311.9740	-1
1314.0061	-1
1316.0382	-1
1318.0703	-1
1320.1025	-1
1322.1348	-1
1324.1670	-1
1326.1992	-1
1328.2314	-1
1330.2637	-1
1332.2960	-1
1334.3284	-1
1336.3607	-1
1338.3931	-1
1340.4254	-1
1342.4578	-1
1344.4902	-1
1346.5227	-1
1348.5552	-1
1350.5876	-1
1352.6201	-1
1354.6526	-1
1356.6860	-1
1358.7195	-1
1360.7529	-1
1362.7864	-1
1364.8198	-1
1366.8533	-1
1368.8870	-1
1370.9207	-1
1372.9543	-1
1374.9880	-1
1377.0217	-1
1379.0554	-1
1381.0892	-1
1383.1230	-1
1385.1569	-1
1387.1907	-1
1389.2914	-1
1391.5070	1
1393.7227	1
1395.9384	1
1398.1541	1
1400.3699	1
1402.5857	1
1404.8016	1
1407.0176	1
1409.2336	-1
1411.4498	-1
1413.6660	-1
1415.8822	-1
1418.0984	-1
1420.3146	-1
1422.5309	-1
1424.7472	-1
1426.9635	-1
1429.1798	-1
1431.3961	-1
1433.6124	-1
1435.8289	-1
1438.0453	-1
1440.2617	-1
1442.4781	-1
1444.6946	-1
1446.9110	-1
1449.1287	-1
1451.3464	-1
1453.5642	-1
1455.7820	-1
1457.9998	-1
1460.2175	-1
1462.4354	-1
1464.6533	-1
1466.8712	-1
1469.0891	-1
1471.3070	-1
1473.5249	-1
1475.7429	-1
1477.9609	-1
1480.1790	-1
1482.3970	-1
1484.6150	-1
1486.8330	-1
1489.0516	-1
1491.2703	-1
1493.4889	-1
1495.7075	-1
1497.9261	-1
1500.1448	-1
1502.3635	-1
1504.5823	-1
1506.8010	-1
1509.0198	-1
1511.2385	-1
1513.4574	-1
1515.6886	1
1517.9211	-1
1520.1542	1
1522.3873	1
1524.6211	-1
1526.8549	-1
1529.0886	-1
1531.3224	-1
1533.5562	-1
1535.7899	-1
1538.0238	-1
1540.2577	-1
1542.4916	-1
1544.7255	-1
1546.9595	-1
1549.1935	-1
1551.4277	1
1553.6621	1
1555.8965	1
1558.1309	1
1560.3658	-1
1562.6008	-1
1564.8358	-1
1567.0708	-1
1569.3058	-1
1571.5408	-1
1573.7759	-1
1576.0110	-1
1578.2461	-1
1580.4812	-1
1582.7163	-1
1584.9514	-1
1587.1868	1
1589.4222	1
1591.6577	1
1593.8932	1
1596.1290	-1
1598.3649	-1
1600.6007	-1
1602.8365	-1
1605.0724	-1
1607.3082	-1
1609.5446	1
1611.7809	1
1614.0179	-1
1616.2550	-1
1618.4921	-1
1620.7291	-1
1622.9662	-1
1625.2032	-1
1627.4413	-1
1629.6793	-1
1631.9174	-1
1634.1554	-1
1636.3934	-1
1638.6315	-1
1640.8696	-1
1643.1078	-1
1645.3459	-1
1647.5841	-1
1649.8223	-1
1652.0604	-1
1654.2987	-1
1656.5370	-1
1658.7753	-1
1661.0135	-1
1663.2518	-1
1665.4901	-1
1667.7285	-1
1669.9669	-1
1672.2053	-1
1674.4437	-1
1676.6821	-1
1678.9205	-1
1681.1591	-1
1683.3976	-1
1685.6361	-1
1687.8746	-1
1690.1132	-1
1692.3517	-1
1694.5902	1
1696.8289	1
1699.0675	-1
1701.3062	-1
1703.5448	-1
1705.7836	-1
1708.0223	-1
1710.2611	-1
1712.5004	1
1714.7397	1
1716.9802	-1
1719.2207	-1
1721.4612	-1
1723.7017	-1
1725.9421	-1
1728.1826	-1
1730.4232	-1
1732.6638	-1
1734.9044	-1
1737.1450	-1
1739.3856	-1
1741.6262	-1
1743.8669	1
1746.1079	1
1748.3490	1
1750.5902	1
1752.8315	1
1755.0730	1
1757.3146	1
1759.5562	-1
1761.7977	1
1764.0393	-1
1766.2809	-1
1768.5225	-1
1770.7640	-1
1773.0056	-1
1775.2472	1
1777.4889	1
1779.7311	1
1781.9735	1
1784.2161	1
1786.4587	1
1788.7015	1
1790.9443	1
1793.1874	-1
1795.4304	-1
1797.6735	-1
1799.9165	-1
1802.1595	-1
1804.4026	-1
1806.6459	-1
1808.8892	-1
1811.1324	-1
1813.3757	-1
1815.6190	-1
1817.8623	-1
1820.1063	1
1822.3505	1
1824.5946	1
1826.8387	1
1829.0833	-1
1831.3278	-1
1833.5723	-1
1835.8168	-1
1838.0613	-1
1840.3058	-1
1842.5507	1
1844.7957	-1
1847.0406	-1
1849.2856	-1
1851.5306	-1
1853.7756	-1
1856.0206	-1
1858.2659	-1
1860.5111	-1
1862.7563	-1
1865.0016	-1
1867.2468	-1
1869.4921	-1
1871.7374	-1
1873.9828	-1
1876.2281	-1
1878.4735	-1
1880.7189	-1
1882.9642	-1
1885.2097	-1
1887.4552	-1
1889.7007	-1
1891.9462	-1
1894.1917	-1
1896.4371	-1
1898.6827	-1
1900.9283	-1
1903.1740	-1
1905.4196	-1
1907.6652	-1
1909.9108	-1
1912.1565	-1
1914.4022	-1
1916.6479	-1
1918.8937	-1
1921.1394	-1
1923.3851	-1
1925.6310	-1
1927.8768	-1
1930.1227	-1
1932.3685	-1
1934.6144	-1
1936.8602	-1
1939.1063	1
1941.3536	1
1943.6010	1
1945.8483	1
1948.0957	1
1950.3431	1
1952.5906	1
1954.8381	1
1957.0858	-1
1959.3335	-1
1961.5812	-1
1963.8289	-1
1966.0765	-1
1968.3242	-1
1970.5724	-1
1972.8206	-1
1975.0687	-1
1977.3169	-1
1979.5651	-1
1981.8132	-1
1984.0615	-1
1986.3098	-1
1988.5581	-1
1990.8064	-1
1993.0547	-1
1995.3030	-1
1997.5514	-1
1999.7999	-1
2002.0485	-1
2004.2970	-1
2006.5455	-1
2008.7941	-1
2011.0427	-1
2013.2914	-1
2015.5400	-1
2017.7887	-1
2020.0374	-1
2022.2860	-1
2024.5349	-1
2026.7838	-1
2029.0327	-1
2031.2816	-1
2033.5305	-1
2035.7794	-1
2038.0284	-1
2040.2775	-1
2042.5265	-1
2044.7755	-1
2047.0245	-1
2049.2737	-1
2051.5229	-1
2053.7722	-1
2056.0215	-1
2058.2708	-1
2060.5200	-1
2062.7693	-1
2065.0186	-1
2067.2678	-1
2069.5171	-1
2071.7664	-1
2074.0156	-1
2076.2649	-1
2078.5164	-1
2080.7678	-1
2083.0193	-1
2085.2708	-1
2087.5222	-1
2089.7737	-1
2092.0254	-1
2094.2771	-1
2096.5288	-1
2098.7805	-1
2101.0322	-1
2103.2839	-1
2105.5356	-1
2107.7874	-1
2110.0391	-1
2112.2908	-1
2114.5425	-1
2116.7942	-1
2119.0461	-1
2121.2981	-1
2123.5500	-1
2125.8020	-1
2128.0540	-1
2130.3059	-1
2132.5579	-1
2134.8098	-1
2137.0618	-1
2139.3137	-1
2141.5657	-1
2143.8179	-1
2146.0701	-1
2148.3223	-1
2150.5745	-1
2152.8267	-1
2155.0789	-1
2157.3311	-1
2159.5833	-1
2161.8354	-1
2164.0876	-1
2166.3398	-1
2168.5923	-1
2170.8447	-1
2173.0972	-1
2175.3496	-1
2177.6021	-1
2179.8545	-1
2182.1069	-1
2184.3594	-1
2186.6118	-1
2188.8643	-1
2191.1167	-1
2193.3691	-1
2195.6218	-1
2197.8745	-1
2200.1272	-1
2202.3799	-1
2204.6326	-1
2206.8853	-1
2209.1379	-1
2211.3906	-1
2213.6433	-1
2215.8960	-1
2218.1487	-1
2220.4014	-1
2222.6687	1
2224.9375	-1
2227.2068	1
2229.4761	1
2231.7461	-1
2234.0161	-1
2236.2861	-1
2238.5562	-1
2240.8262	-1
2243.0962	-1
2245.3662	-1
2247.6362	-1
2249.9189	1
2252.2031	-1
2254.4878	1
2256.7725	1
2259.0583	-1
2261.3442	-1
2263.6301	-1
2265.9160	-1
2268.2019	-1
2270.4878	-1
2272.7739	-1
2275.0601	-1
2277.3462	-1
2279.6323	-1
2281.9185	-1
2284.2046	-1
2286.4910	1
2288.7783	-1
2291.0659	-1
2293.3535	-1
2295.6411	-1
2297.9287	-1
2300.2163	-1
2302.5193	1
2304.8237	-1
2307.1284	1
2309.4331	1
2311.7388	-1
2314.0444	-1
2316.3501	-1
2318.6558	-1
2320.9617	-1
2323.2676	-1
2325.5735	-1
2327.8794	-1
2330.1853	-1
2332.4912	-1
2334.7971	-1
2337.1157	1
2339.4360	-1
2341.7568	1
2344.0776	1
2346.3994	-1
2348.7212	-1
2351.0430	-1
2353.3647	-1
2355.6865	-1
2358.0083	-1
2360.3303	-1
2362.6523	-1
2364.9744	-1
2367.2964	-1
2369.6184	-1
2371.9404	-1
2374.2654	1
2376.5903	1
2378.9153	1
2381.2402	1
2383.5664	-1
2385.8926	-1
2388.2188	-1
2390.5449	-1
2392.8711	-1
2395.1973	-1
2397.5234	-1
2399.8496	-1
2402.1758	-1
2404.5020	-1
2406.8281	-1
2409.1543	-1
2411.4814	-1
2413.8086	-1
2416.1357	-1
2418.4629	-1
2420.7900	-1
2423.1172	-1
2425.4443	1
2427.7715	-1
2430.0986	-1
2432.4258	-1
2434.7529	-1
2437.0801	-1
2439.4072	-1
2441.7344	1
2444.0615	1
2446.3887	1
2448.7166	1
2451.0444	1
2453.3723	1
2455.7004	1
2458.0288	-1
2460.3572	-1
2462.6855	-1
2465.0139	-1
2467.3423	-1
2469.6707	-1
2471.9995	-1
2474.3284	-1
2476.6572	-1
2478.9861	-1
2481.3149	-1
2483.6438	-1
2485.9731	1
2488.3025	1
2490.6318	1
2492.9612	1
2495.2908	-1
2497.6204	-1
2499.9500	-1
2502.2795	-1
2504.6091	-1
2506.9387	-1
2509.2683	-1
2511.5979	-1
2513.9275	-1
2516.2571	-1
2518.5867	-1
2520.9163	-1
2523.2473	-1
2525.5786	-1
2527.9099	-1
2530.2412	-1
2532.5725	-1
2534.9038	-1
2537.2351	1
2539.5664	-1
2541.8977	-1
2544.2290	-1
2546.5603	-1
2548.8916	-1
2551.2229	-1
2553.5542	1
2555.8855	1
2558.2168	1
2560.5481	-1
2562.8794	-1
2565.2107	-1
2567.5420	-1
2569.8733	-1
2572.2048	-1
2574.5366	-1
2576.8684	-1
2579.2002	-1
2581.5320	-1
2583.8638	-1
2586.1956	-1
2588.5276	-1
2590.8596	-1
2593.1917	-1
2595.5237	-1
2597.8557	-1
2600.1877	-1
2602.5198	-1
2604.8518	-1
2607.1838	-1
2609.5159	-1
2611.8479	-1
2614.1799	-1
2616.5122	-1
2618.8445	-1
2621.1768	-1
2623.5090	-1
2625.8413	-1
2628.1736	-1
2630.5063	1
2632.8391	1
2635.1721	1
2637.5059	1
2639.8396	1
2642.1733	1
2644.5073	1
2646.8413	1
2649.1753	1
2651.5093	1
2653.8433	1
2656.1772	1
2658.5115	-1
2660.8457	-1
2663.1799	-1
2665.5142	-1
2667.8484	-1
2670.1826	-1
2672.5171	-1
2674.8516	-1
2677.1860	-1
2679.5205	-1
2681.8550	-1
2684.1895	-1
2686.5244	-1
2688.8594	-1
2691.1943	-1
2693.5293	-1
2695.8643	-1
2698.1992	-1
2700.5342	-1
2702.8691	-1
2705.2041	-1
2707.5391	-1
2709.8740	-1
2712.2090	-1
2714.5449	-1
2716.8809	-1
2719.2168	-1
2721.5527	-1
2723.8887	-1
2726.2246	-1
2728.5608	-1
2730.8970	-1
2733.2332	-1
2735.5693	-1
2737.9055	-1
2740.2417	-1
2742.5779	-1
2744.9141	-1
2747.2502	-1
2749.5864	-1
2751.9226	-1
2754.2588	-1
2756.5952	-1
2758.9316	-1
2761.2681	-1
2763.6045	-1
2765.9409	-1
2768.2773	-1
2770.6145	-1
2772.9517	-1
2775.2888	-1
2777.6260	-1
2779.9631	-1
2782.3003	-1
2784.6382	-1
2786.9761	-1
2789.3140	-1
2791.6519	-1
2793.9897	-1
2796.3276	-1
2798.6655	-1
2801.0034	-1
2803.3413	-1
2805.6792	-1
2808.0171	-1
2810.3550	-1
2812.6931	-1
2815.0312	-1
2817.3694	-1
2819.7075	-1
2822.0457	-1
2824.3838	-1
2826.7219	-1
2829.0601	-1
2831.3982	-1
2833.7363	-1
2836.0745	-1
2838.4126	-1
2840.7510	-1
2843.0894	-1
2845.4277	-1
2847.7661	-1
2850.1045	-1
2852.4429	-1
2854.7812	-1
2857.1196	-1
2859.4580	-1
2861.7964	-1
2864.1348	-1
2866.4731	-1
2868.8118	-1
2871.1504	-1
2873.4890	-1
2875.8276	-1
2878.1663	-1
2880.5049	-1
2882.8435	-1
2885.1821	-1
2887.5334	1
2889.8865	-1
2892.2410	1
2894.5955	1
2896.9517	-1
2899.3079	-1
2901.6641	-1
2904.0327	1
2906.4031	-1
2908.7739	1
2911.1448	1
2913.5168	-1
2915.8889	-1
2918.2610	-1
2920.6331	-1
2923.0051	-1
2925.3894	1
2927.7749	-1
2930.1609	1
2932.5469	1
2934.9343	-1
2937.3218	-1
2939.7092	-1
2942.0967	-1
2944.4841	-1
2946.8716	-1
2949.2590	-1
2951.6465	-1
2954.0339	-1
2956.4214	-1
2958.8088	-1
2961.1963	-1
2963.5842	1
2965.9722	1
2968.3611	-1
2970.7500	-1
2973.1389	-1
2975.5278	-1
2977.9167	-1
2980.3057	-1
2982.6948	-1
2985.0840	-1
2987.4854	1
2989.8882	-1
2992.2915	1
2994.6948	1
2997.0996	-1
2999.5046	-1
3001.9097	-1
3004.3147	-1
3006.7197	-1
3009.1248	-1
3011.5298	-1
3013.9348	-1
3016.3398	-1
3018.7449	-1
3021.1499	-1
3023.5549	-1
3025.9604	1
3028.3660	1
3030.7715	1
3033.1770	1
3035.5842	-1
3037.9915	-1
3040.3987	-1
3042.8059	-1
3045.2131	-1
3047.6204	-1
3050.0276	-1
3052.4348	-1
3054.8420	-1
3057.2493	-1
3059.6565	-1
3062.0637	-1
3064.4712	-1
3066.8787	-1
3069.2861	-1
3071.6936	-1
3074.1011	-1
3076.5085	-1
3078.9160	-1
3081.3235	-1
3083.7310	-1
3086.1384	-1
3088.5459	-1
3090.9534	-1
3093.3613	1
3095.7693	1
3098.1772	1
3100.5852	1
3102.9934	1
3105.4016	1
3107.8098	1
3110.2180	1
3112.6284	-1
3115.0388	-1
3117.4492	-1
3119.8596	-1
3122.2700	-1
3124.6804	-1
3127.0911	-1
3129.5017	-1
3131.9124	-1
3134.3230	-1
3136.7336	-1
3139.1443	-1
3141.5549	-1
3143.9656	-1
3146.3762	-1
3148.7869	-1
3151.1975	-1
3153.6082	-1
3156.0190	-1
3158.4299	-1
3160.8408	-1
3163.2517	-1
3165.6626	-1
3168.0735	-1
3170.4844	-1
3172.8953	-1
3175.3062	-1
3177.7170	-1
3180.1279	-1
3182.5388	-1
3184.9500	-1
3187.3611	-1
3189.7722	-1
3192.1833	-1
3194.5945	-1
3197.0056	-1
3199.4167	-1
3201.8279	-1
3204.2390	-1
3206.6501	-1
3209.0613	-1
3211.4724	-1
3213.8845	1
3216.2966	1
3218.7087	1
3221.1211	1
3223.5334	1
3225.9458	1
3228.3582	1
3230.7708	1
3233.1833	1
3235.5959	-1
3238.0085	-1
3240.4211	-1
3242.8337	-1
3245.2463	-1
3247.6589	1
3250.0715	-1
3252.4863	-1
3254.9011	-1
3257.3159	-1
3259.7307	-1
3262.1455	-1
3264.5603	-1
3266.9771	-1
3269.3938	-1
3271.8105	-1
3274.2273	-1
3276.6440	-1
3279.0608	-1
3281.4778	-1
3283.8948	-1
3286.3118	-1
3288.7288	-1
3291.1458	-1
3293.5627	-1
3295.9797	-1
3298.3967	-1
3300.8137	-1
3303.2307	-1
3305.6477	-1
3308.0647	-1
3310.4819	-1
3312.8992	-1
3315.3164	-1
3317.7336	-1
3320.1509	-1
3322.5681	-1
3324.9854	-1
3327.4026	-1
3329.8198	-1
3332.2371	-1
3334.6543	-1
3337.0715	-1
3339.4890	-1
3341.9065	-1
3344.3240	-1
3346.7415	-1
3349.1589	-1
3351.5764	-1
3353.9941	-1
3356.4119	-1
3358.8296	-1
3361.2473	-1
3363.6650	-1
3366.0828	-1
3368.5007	-1
3370.9187	-1
3373.3367	-1
3375.7546	-1
3378.1726	-1
3380.5906	-1
3383.0085	-1
3385.4265	-1
3387.8445	-1
3390.2749	1
3392.7070	-1
3395.1394	1
3397.5718	1
3400.0051	-1
3402.4385	-1
3404.8718	-1
3407.3052	-1
3409.7385	-1
3412.1719	-1
3414.6052	-1
3417.0386	-1
3419.4841	1
3421.9312	-1
3424.3787	1
3426.8262	1
3429.2747	-1
3431.7234	-1
3434.1721	-1
3436.6208	-1
3439.0696	-1
3441.5183	-1
3443.9670	-1
3446.4277	1
3448.8901	-1
3451.3528	1
3453.8154	1
3456.2788	-1
3458.7422	-1
3461.2056	-1
3463.6689	-1
3466.1328	-1
3468.6084	1
3471.0854	-1
3473.5630	1
3476.0405	1
3478.5188	-1
3480.9971	-1
3483.4753	-1
3485.9536	-1
3488.4319	-1
3490.9102	-1
3493.3884	-1
3495.8667	-1
3498.3450	-1
3500.8232	-1
3503.3015	-1
3505.7798	-1
3508.2585	1
3510.7373	1
3513.2161	1
3515.6951	1
3518.1746	-1
3520.6541	-1
3523.1335	-1
3525.6130	-1
3528.0925	-1
3530.5720	-1
3533.0518	-1
3535.5315	-1
3538.0112	-1
3540.4910	-1
3542.9707	-1
3545.4504	-1
3547.9304	1
3550.4104	1
3552.8904	-1
3555.3704	-1
3557.8503	-1
3560.3303	-1
3562.8103	-1
3565.2903	-1
3567.7705	1
3570.2507	1
3572.7310	-1
3575.2112	-1
3577.6914	-1
3580.1716	-1
3582.6519	-1
3585.1321	-1
3587.6130	-1
3590.0940	-1
3592.5750	-1
3595.0559	-1
3597.5369	-1
3600.0178	-1
3602.4988	-1
3604.9797	-1
3607.4607	-1
3609.9417	-1
3612.4226	-1
3614.9036	-1
3617.3850	1
3619.8665	1
3622.3479	1
3624.8293	1
3627.3110	1
3629.7930	1
3632.2749	-1
3634.7568	-1
3637.2388	-1
3639.7207	-1
3642.2026	-1
3644.6846	-1
3647.1665	1
3649.6484	1
3652.1304	-1
3654.6123	-1
3657.0942	-1
3659.5764	-1
3662.0586	-1
3664.5408	-1
3667.0237	-1
3669.5066	-1
3671.9895	-1
3674.4724	-1
3676.9553	-1
3679.4382	-1
3681.9211	-1
3684.4041	-1
3686.8870	-1
3689.3699	-1
3691.8528	-1
3694.3359	-1
3696.8191	-1
3699.3022	-1
3701.7854	-1
3704.2686	-1
3706.7517	-1
3709.2349	-1
3711.7188	1
3714.2026	1
3716.6865	1
3719.1709	-1
3721.6553	-1
3724.1396	-1
3726.6240	-1
3729.1084	-1
3731.5928	-1
3734.0774	-1
3736.5620	-1
3739.0466	-1
3741.5312	-1
3744.0159	-1
3746.5005	-1
3748.9854	-1
3751.4702	-1
3753.9551	-1
3756.4399	-1
3758.9248	-1
3761.4097	-1
3763.8945	-1
3766.3794	-1
3768.8643	-1
3771.3491	-1
3773.8340	-1
3776.3191	-1
3778.8042	-1
3781.2893	-1
3783.7744	-1
3786.2595	-1
3788.7446	-1
3791.2297	-1
3793.7156	-1
3796.2014	-1
3798.6873	-1
3801.1731	-1
3803.6589	-1
3806.1448	-1
3808.6306	-1
3811.1165	-1
3813.6023	-1
3816.0881	-1
3818.5740	-1
3821.0598	-1
3823.5459	-1
3826.0320	-1
3828.5181	-1
3831.0042	-1
3833.4902	-1
3835.9883	1
3838.4878	-1
3840.9875	1
3843.4875	1
3845.9885	-1
3848.4895	-1
3850.9905	-1
3853.4915	-1
3855.9924	-1
3858.4934	-1
3860.9946	-1
3863.4958	-1
3865.9971	-1
3868.4983	-1
3870.9995	-1
3873.5007	-1
3876.0022	1
3878.5037	1
3881.0054	1
3883.5071	1
3886.0103	-1
3888.5134	-1
3891.0166	-1
3893.5198	-1
3896.0229	-1
3898.5261	-1
3901.0293	-1
3903.5325	-1
3906.0356	-1
3908.5388	-1
3911.0420	-1
3913.5452	-1
3916.0486	-1
3918.5520	-1
3921.0554	-1
3923.5588	-1
3926.0623	-1
3928.5657	-1
3931.0691	-1
3933.5725	-1
3936.0759	-1
3938.5793	-1
3941.0828	-1
3943.5862	-1
3946.0901	1
3948.5942	1
3951.0984	1
3953.6025	1
3956.1067	1
3958.6108	1
3961.1150	1
3963.6191	1
3966.1255	-1
3968.6318	-1
3971.1382	-1
3973.6445	-1
3976.1509	-1
3978.6572	-1
3981.1638	-1
3983.6704	-1
3986.1770	-1
3988.6836	-1
3991.1902	-1
3993.6968	-1
3996.2034	-1
3998.7100	-1
4001.2166	-1
4003.7231	-1
4006.2297	-1
4008.7363	-1
4011.2432	-1
4013.7500	-1
4016.2568	-1
4018.7637	-1
4021.2705	-1
4023.7773	-1
4026.2849	-1
4028.7925	-1
4031.3000	-1
4033.8076	-1
4036.3152	-1
4038.8228	-1
4041.3306	-1
4043.8384	-1
4046.3462	-1
4048.8540	-1
4051.3618	-1
4053.8696	-1
4056.3777	1
4058.8857	1
4061.3940	1
4063.9023	1
4066.4106	1
4068.9189	1
4071.4272	1
4073.9355	1
4076.4438	-1
4078.9524	-1
4081.4609	-1
4083.9695	-1
4086.4780	-1
4088.9866	-1
4091.4951	1
4094.0037	-1
4096.5122	-1
4099.0210	-1
4101.5298	-1
4104.0386	-1
4106.5474	-1
4109.0596	-1
4111.5718	-1
4114.0840	-1
4116.5962	-1
4119.1084	-1
4121.6206	-1
4124.1328	-1
4126.6450	-1
4129.1572	-1
4131.6694	-1
4134.1816	-1
4136.6938	-1
4139.2065	-1
4141.7192	-1
4144.2319	-1
4146.7446	-1
4149.2573	-1
4151.7700	-1
4154.2827	-1
4156.7954	-1
4159.3081	-1
4161.8208	-1
4164.3335	-1
4166.8462	-1
4169.3589	-1
4171.8716	-1
4174.3843	-1
4176.8970	-1
4179.4097	-1
4181.9224	-1
4184.4351	-1
4186.9478	-1
4189.4604	-1
4191.9731	-1
4194.4858	-1
4196.9985	-1
4199.5117	-1
4202.0249	-1
4204.5381	-1
4207.0513	-1
4209.5645	-1
4212.0776	-1
4214.5908	-1
4217.1040	-1
4219.6172	-1
4222.1304	-1
4224.6436	-1
4227.1567	-1
4229.6699	-1
4232.1831	-1
4234.6963	-1
4237.2095	-1
4239.7354	1
4242.2627	-1
4244.7900	1
4247.3179	1
4249.8467	-1
4252.3755	-1
4254.9043	-1
4257.4331	-1
4259.9619	-1
4262.4907	-1
4265.0195	-1
4267.5483	-1
4270.0771	-1
4272.6060	-1
4275.1348	-1
4277.6636	-1
4280.1929	1
4282.7222	1
4285.2515	1
4287.7808	1
4290.3115	-1
4292.8423	-1
4295.3730	-1
4297.9038	-1
4300.4346	-1
4302.9653	-1
4305.4961	-1
4308.0269	-1
4310.5576	-1
4313.0884	-1
4315.6191	-1
4318.1499	-1
4320.6807	-1
4323.2114	-1
4325.7427	-1
4328.2739	-1
4330.8052	-1
4333.3364	-1
4335.8677	1
4338.3989	1
4340.9302	1
4343.4614	1
4345.9927	-1
4348.5239	-1
4351.0552	-1
4353.5864	-1
4356.1177	-1
4358.6489	-1
4361.1802	1
4363.7119	1
4366.2441	1
4368.7769	1
4371.3105	-1
4373.8442	-1
4376.3779	-1
4378.9116	-1
4381.4453	-1
4383.9790	-1
4386.5127	-1
4389.0464	-1
4391.5801	-1
4394.1138	-1
4396.6475	-1
4399.1812	-1
4401.7148	-1
4404.2485	-1
4406.7822	-1
4409.3159	-1
4411.8496	-1
4414.3833	-1
4416.9170	-1
4419.4507	-1
4421.9844	-1
4424.5181	-1
4427.0518	-1
4429.5854	-1
4432.1196	-1
4434.6538	-1
4437.1880	-1
4439.7222	-1
4442.2563	-1
4444.7905	-1
4447.3247	1
4449.8594	1
4452.3940	1
4454.9292	1
4457.4644	1
4460.0000	1
4462.5356	1
4465.0713	1
4467.6069	1
4470.1426	1
4472.6787	-1
4475.2148	-1
4477.7510	-1
4480.2871	-1
4482.8232	-1
4485.3594	-1
4487.8955	-1
4490.4316	-1
4492.9678	-1
4495.5039	-1
4498.0400	-1
4500.5762	-1
4503.1123	-1
4505.6484	-1
4508.1846	-1
4510.7207	-1
4513.2568	-1
4515.7930	-1
4518.3301	1
4520.8682	1
4523.4062	1
4525.9443	1
4528.4824	1
4531.0205	1
4533.5591	-1
4536.0977	-1
4538.6362	-1
4541.1748	-1
4543.7134	-1
4546.2520	-1
4548.7905	-1
4551.3291	-1
4553.8677	-1
4556.4062	-1
4558.9448	-1
4561.4834	-1
4564.0225	-1
4566.5615	-1
4569.1006	-1
4571.6396	-1
4574.1787	-1
4576.7178	-1
4579.2578	1
4581.7979	1
4584.3379	1
4586.8779	1
4589.4194	1
4591.9609	1
4594.5029	-1
4597.0449	-1
4599.5869	-1
4602.1289	-1
4604.6709	-1
4607.2129	-1
4609.7554	-1
4612.2979	-1
4614.8403	-1
4617.3828	-1
4619.9253	-1
4622.4678	-1
4625.0103	-1
4627.5527	-1
4630.0952	-1
4632.6377	-1
4635.1802	-1
4637.7227	-1
4640.2651	-1
4642.8076	-1
4645.3501	-1
4647.8926	-1
4650.4351	-1
4652.9775	-1
4655.5205	-1
4658.0635	-1
4660.6064	-1
4663.1494	-1
4665.6924	-1
4668.2354	-1
4670.7788	-1
4673.3223	-1
4675.8657	-1
4678.4092	-1
4680.9526	-1
4683.4961	-1
4686.0396	-1
4688.5830	-1
4691.1265	-1
4693.6699	-1
4696.2134	-1
4698.7568	-1
4701.3003	-1
4703.8438	-1
4706.3872	-1
4708.9307	-1
4711.4741	-1
4714.0176	-1
4716.5610	-1
4719.1045	-1
4721.6479	-1
4724.1914	-1
4726.7349	-1
4729.2783	-1
4731.8223	-1
4734.3662	-1
4736.9102	-1
4739.4541	-1
4741.9980	-1
4744.5420	-1
4747.0859	-1
4749.6299	-1
4752.1738	-1
4754.7178	-1
4757.2617	-1
4759.8057	-1
4762.3496	-1
4764.8936	-1
4767.4375	-1
4769.9814	-1
4772.5254	-1
4775.0693	-1
4777.6138	1
4780.1582	1
4782.7026	1
4785.2476	1
4787.7925	1
4790.3374	1
4792.8823	1
4795.4272	1
4797.9727	1
4800.5181	1
4803.0635	1
4805.6089	1
4808.1543	1
4810.6997	1
4813.2451	1
4815.7905	1
4818.3359	1
4820.8843	-1
4823.4326	-1
4825.9810	-1
4828.5293	-1
4831.0776	-1
4833.6260	-1
4836.1748	-1
4838.7236	-1
4841.2725	-1
4843.8213	-1
4846.3701	-1
4848.9189	-1
4851.4678	-1
4854.0166	-1
4856.5654	-1
4859.1143	-1
4861.6631	-1
4864.2119	-1
4866.7607	-1
4869.3096	1
4871.8584	-1
4874.4072	-1
4876.9561	-1
4879.5049	-1
4882.0537	-1
4884.6025	1
4887.1514	1
4889.7021	1
4892.2529	1
4894.8037	1
4897.3545	1
4899.9058	1
4902.4570	1
4905.0083	1
4907.5596	1
4910.1108	1
4912.6621	1
4915.2134	1
4917.7646	1
4920.3169	-1
4922.8691	-1
4925.4214	-1
4927.9736	-1
4930.5259	-1
4933.0781	-1
4935.6304	-1
4938.1826	-1
4940.7349	-1
4943.2871	-1
4945.8394	-1
4948.3916	-1
4950.9443	-1
4953.4971	-1
4956.0498	-1
4958.6025	-1
4961.1553	-1
4963.7080	-1
4966.2607	-1
4968.8135	-1
4971.3662	-1
4973.9189	-1
4976.4717	-1
4979.0244	-1
4981.5771	-1
4984.1299	-1
4986.6826	-1
4989.2354	-1
4991.7881	-1
4994.3408	-1
4996.8940	-1
4999.4473	-1
5002.0005	-1
5004.5537	-1
5007.1069	-1
5009.6602	-1
5012.2134	-1
5014.7666	-1
5017.3198	-1
5019.8730	-1
5022.4263	-1
5024.9795	-1
5027.5327	-1
5030.0859	-1
5032.6392	-1
5035.1924	-1
5037.7456	-1
5040.2988	-1
5042.8525	-1
5045.4062	-1
5047.9600	-1
5050.5137	-1
5053.0674	-1
5055.6211	-1
5058.1768	1
5060.7324	1
5063.2881	1
5065.8438	1
5068.3994	1
5070.9556	-1
5073.5117	-1
5076.0679	-1
5078.6240	-1
5081.1802	-1
5083.7363	-1
5086.2925	-1
5088.8486	-1
5091.4048	-1
5093.9609	-1
5096.5171	-1
5099.0732	-1
5101.6299	-1
5104.1865	-1
5106.7432	-1
5109.2998	-1
5111.8564	-1
5114.4131	-1
5116.9697	1
5119.5269	1
5122.0850	-1
5124.6431	-1
5127.2012	-1
5129.7593	-1
5132.3174	-1
5134.8755	-1
5137.4336	-1
5139.9917	-1
5142.5498	-1
5145.1079	-1
5147.6660	-1
5150.2241	-1
5152.7822	-1
5155.3403	-1
5157.8984	-1
5160.4565	-1
5163.0146	-1
5165.5728	-1
5168.1309	-1
5170.6890	-1
5173.2471	-1
5175.8052	-1
5178.3633	-1
5180.9219	-1
5183.4805	-1
5186.0391	-1
5188.5977	-1
5191.1562	-1
5193.7148	-1
5196.2734	-1
5198.8320	-1
5201.3906	-1
5203.9492	-1
5206.5078	-1
5209.0664	-1
5211.6250	-1
5214.1836	-1
5216.7422	-1
5219.3008	-1
5221.8594	-1
5224.4180	-1
5226.9766	-1
5229.5376	-1
5232.0986	-1
5234.6597	-1
5237.2207	-1
5239.7817	-1
5242.3428	-1
5244.9038	-1
5247.4648	-1
5250.0259	-1
5252.5869	-1
5255.1479	-1
5257.7090	-1
5260.2700	-1
5262.8311	-1
5265.3921	-1
5267.9531	-1
5270.5142	-1
5273.0752	-1
5275.6367	-1
5278.1982	-1
5280.7598	-1
5283.3213	-1
5285.8828	-1
5288.4443	-1
5291.0059	1
5293.5674	1
5296.1289	1
5298.6909	1
5301.2529	1
5303.8149	1
5306.3770	1
5308.9390	1
5311.5010	1
5314.0630	1
5316.6250	1
5319.1870	1
5321.7490	1
5324.3115	1
5326.8740	1
5329.4365	1
5331.9990	1
5334.5615	1
5337.1240	1
5339.6895	-1
5342.2549	-1
5344.8203	-1
5347.3857	-1
5349.9512	-1
5352.5166	-1
5355.0825	-1
5357.6484	-1
5360.2144	-1
5362.7803	-1
5365.3462	-1
5367.9121	-1
5370.4780	-1
5373.0439	-1
5375.6099	-1
5378.1758	-1
5380.7417	-1
5383.3076	-1
5385.8735	-1
5388.4395	-1
5391.0054	-1
5393.5713	-1
5396.1372	-1
5398.7031	-1
5401.2695	-1
5403.8359	-1
5406.4023	-1
5408.9688	-1
5411.5352	-1
5414.1016	-1
5416.6680	-1
5419.2344	-1
5421.8008	-1
5424.3672	-1
5426.9336	-1
5429.5000	-1
5432.0664	-1
5434.6328	-1
5437.1992	-1
5439.7656	-1
5442.3320	-1
5444.8984	-1
5447.4653	1
5450.0322	1
5452.5991	1
5455.1660	1
5457.7329	1
5460.2998	1
5462.8667	1
5465.4336	1
5468.0005	1
5470.5679	1
5473.1353	1
5475.7026	1
5478.2700	1
5480.8374	1
5483.4048	1
5485.9722	1
5488.5396	1
5491.1074	-1
5493.6753	-1
5496.2432	-1
5498.8110	-1
5501.3789	-1
5503.9468	-1
5506.5151	-1
5509.0835	-1
5511.6519	-1
5514.2202	-1
5516.7886	-1
5519.3569	-1
5521.9258	-1
5524.4946	-1
5527.0635	-1
5529.6323	-1
5532.2012	-1
5534.7700	-1
5537.3389	-1
5539.9077	-1
5542.4766	-1
5545.0454	-1
5547.6143	-1
5550.1831	-1
5552.7520	-1
5555.3208	-1
5557.8896	-1
5560.4590	-1
5563.0283	-1
5565.5977	-1
5568.1670	-1
5570.7363	-1
5573.3057	-1
5575.8750	-1
5578.4443	-1
5581.0137	-1
5583.5830	-1
5586.1523	-1
5588.7217	-1
5591.2910	-1
5593.8604	-1
5596.4297	-1
5598.9990	-1
5601.5684	-1
5604.1377	-1
5606.7070	-1
5609.2764	-1
5611.8457	-1
5614.4155	-1
5616.9854	-1
5619.5552	-1
5622.1250	-1
5624.6948	-1
5627.2646	-1
5629.8389	-1
5632.4131	-1
5634.9873	-1
5637.5615	-1
5640.1357	-1
5642.7100	-1
5645.2842	-1
5647.8584	-1
5650.4326	-1
5653.0068	-1
5655.5811	-1
5658.1553	-1
5660.7300	-1
5663.3047	-1
5665.8794	-1
5668.4541	-1
5671.0288	-1
5673.6035	-1
5676.1782	-1
5678.7529	-1
5681.3276	-1
5683.9023	-1
5686.4771	-1
5689.0518	-1
5691.6265	-1
5694.2012	-1
5696.7759	-1
5699.3506	-1
5701.9253	-1
5704.5000	-1
5707.0752	-1
5709.6504	-1
5712.2256	-1
5714.8008	-1
5717.3760	-1
5719.9512	-1
5722.5269	-1
5725.1025	-1
5727.6782	-1
5730.2539	-1
5732.8296	-1
5735.4053	-1
5737.9824	-1
5740.5596	-1
5743.1367	-1
5745.7139	-1
5748.2910	-1
5750.8682	-1
5753.4453	-1
5756.0225	-1
5758.5996	-1
5761.1768	-1
5763.7539	-1
5766.3311	-1
5768.9082	-1
5771.4854	-1
5774.0625	-1
5776.6396	-1
5779.2168	-1
5781.7939	-1
5784.3711	-1
5786.9482	-1
5789.5254	-1
5792.1025	-1
5794.6797	-1
5797.2568	-1
5799.8345	-1
5802.4121	-1
5804.9897	-1
5807.5674	-1
5810.1450	-1
5812.7227	-1
5815.3003	-1
5817.8779	-1
5820.4556	-1
5823.0332	-1
5825.6108	-1
5828.1885	-1
5830.7661	-1
5833.3438	-1
5835.9214	-1
5838.4990	-1
5841.0767	-1
5843.6543	-1
5846.2354	-1
5848.8164	-1
5851.3975	-1
5853.9785	-1
5856.5596	-1
5859.1406	-1
5861.7217	-1
5864.3027	-1
5866.8838	-1
5869.4648	-1
5872.0459	-1
5874.6270	-1
5877.2080	-1
5879.7891	-1
5882.3701	-1
5884.9512	-1
5887.5322	-1
5890.1133	-1
5892.6948	-1
5895.2764	-1
5897.8579	-1
5900.4395	-1
5903.0210	-1
5905.6025	-1
5908.1841	-1
5910.7656	-1
5913.3472	-1
5915.9287	-1
5918.5103	-1
5921.0918	-1
5923.6733	-1
5926.2549	-1
5928.8364	-1
5931.4180	-1
5933.9995	-1
5936.5811	-1
5939.1626	-1
5941.7441	-1
5944.3257	-1
5946.9072	-1
5949.4888	-1
5952.0703	-1
5954.6523	-1
5957.2344	-1
5959.8164	-1
5962.3984	-1
5964.9805	-1
5967.5625	-1
5970.1445	-1
5972.7266	-1
5975.3086	-1
5977.8906	-1
5980.4727	-1
5983.0547	-1
5985.6367	-1
5988.2188	-1
5990.8008	-1
5993.3828	-1
5995.9648	-1
5998.5469	-1
6001.1289	-1
6003.7109	-1
6006.2930	-1
6008.8750	-1
6011.4570	-1
6014.0396	-1
6016.6221	-1
6019.2046	-1
6021.7871	-1
6024.3696	-1
6026.9521	-1
6029.5347	-1
6032.1172	-1
6034.6997	-1
6037.2822	-1
6039.8647	-1
6042.4473	-1
6045.0298	-1
6047.6123	-1
6050.1948	-1
6052.7773	-1
6055.3599	-1
6057.9424	-1
6060.5249	-1
6063.1084	-1
6065.6919	-1
6068.2754	-1
6070.8589	-1
6073.4424	-1
6076.0259	-1
6078.6094	-1
6081.1929	-1
6083.7764	-1
6086.3604	-1
6088.9443	-1
6091.5283	-1
6094.1133	-1
6096.6982	-1
6099.2832	-1
6101.8682	-1
6104.4531	-1
6107.0381	-1
6109.6235	-1
6112.2090	-1
6114.7944	-1
6117.3799	-1
6119.9653	-1
6122.5508	-1
6125.1362	-1
6127.7217	-1
6130.3071	-1
6132.8926	-1
6135.4780	-1
6138.0635	-1
6140.6489	-1
6143.2344	-1
6145.8198	-1
6148.4053	-1
6150.9907	-1
6153.5762	-1
6156.1616	-1
6158.7471	-1
6161.3325	-1
6163.9180	-1
6166.5034	-1
6169.0889	-1
6171.6748	-1
6174.2607	-1
6176.8467	-1
6179.4326	-1
6182.0186	-1
6184.6045	-1
6187.1909	-1
6189.7773	-1
6192.3638	-1
6194.9502	-1
6197.5366	-1
6200.1230	-1
6202.7095	-1
6205.2959	-1
6207.8823	-1
6210.4688	-1
6213.0552	-1
6215.6416	-1
6218.2285	-1
6220.8154	-1
6223.4023	-1
6226.0020	1
6228.6030	-1
6231.2046	1
6233.8062	1
6236.4092	-1
6239.0122	-1
6241.6152	-1
6244.2183	-1
6246.8213	-1
6249.4243	-1
6252.0273	-1
6254.6304	-1
6257.2334	-1
6259.8364	-1
6262.4395	-1
6265.0425	-1
6267.6460	1
6270.2495	1
6272.8530	1
6275.4565	1
6278.0615	-1
6280.6665	-1
6283.2715	-1
6285.8765	-1
6288.4814	-1
6291.0864	-1
6293.6914	-1
6296.2964	-1
6298.9014	-1
6301.5063	-1
6304.1113	-1
6306.7163	-1
6309.3213	-1
6311.9263	-1
6314.5312	-1
6317.1362	-1
6319.7412	-1
6322.3462	-1
6324.9512	-1
6327.5562	-1
6330.1616	-1
6332.7671	-1
6335.3726	-1
6337.9780	-1
6340.5835	1
6343.1890	1
6345.7944	1
6348.3999	1
6351.0059	1
6353.6118	1
6356.2178	1
6358.8237	1
6361.4321	-1
6364.0405	-1
6366.6489	-1
6369.2573	-1
6371.8657	-1
6374.4741	-1
6377.0830	-1
6379.6919	-1
6382.3008	-1
6384.9097	-1
6387.5186	-1
6390.1274	-1
6392.7363	-1
6395.3452	-1
6397.9541	-1
6400.5630	-1
6403.1719	-1
6405.7808	-1
6408.3896	-1
6410.9985	-1
6413.6074	-1
6416.2163	-1
6418.8252	-1
6421.4341	-1
6424.0435	-1
6426.6528	-1
6429.2622	-1
6431.8716	-1
6434.4810	-1
6437.0903	-1
6439.6997	-1
6442.3091	-1
6444.9185	-1
6447.5278	-1
6450.1372	-1
6452.7466	-1
6455.3560	-1
6457.9653	-1
6460.5747	-1
6463.1841	-1
6465.7935	-1
6468.4028	-1
6471.0122	-1
6473.6216	-1
6476.2310	-1
6478.8403	-1
6481.4497	-1
6484.0591	-1
6486.6689	1
6489.2788	1
6491.8887	1
6494.4985	1
6497.1084	1
6499.7188	1
6502.3291	1
6504.9395	1
6507.5498	1
6510.1602	1
6512.7705	1
6515.3809	1
6517.9912	1
6520.6016	1
6523.2124	1
6525.8232	1
6528.4365	-1
6531.0498	-1
6533.6631	-1
6536.2764	-1
6538.8896	-1
6541.5029	-1
6544.1162	-1
6546.7295	-1
6549.3428	-1
6551.9561	-1
6554.5693	-1
6557.1826	-1
6559.7974	-1
6562.4121	-1
6565.0269	-1
6567.6416	-1
6570.2563	-1
6572.8711	-1
6575.4863	-1
6578.1016	-1
6580.7168	-1
6583.3320	-1
6585.9473	-1
6588.5625	-1
6591.1777	-1
6593.7930	-1
6596.4082	-1
6599.0234	-1
6601.6387	-1
6604.2539	-1
6606.8691	-1
6609.4844	-1
6612.0996	-1
6614.7148	-1
6617.3301	-1
6619.9453	-1
6622.5615	1
6625.1777	1
6627.7939	1
6630.4102	1
6633.0269	1
6635.6436	1
6638.2603	1
6640.8770	1
6643.4937	1
6646.1104	1
6648.7271	1
6651.3438	1
6653.9619	-1
6656.5801	-1
6659.1982	-1
6661.8164	-1
6664.4346	-1
6667.0527	-1
6669.6709	-1
6672.2891	-1
6674.9072	-1
6677.5254	-1
6680.1436	-1
6682.7617	-1
6685.3804	-1
6687.9990	-1
6690.6177	-1
6693.2363	-1
6695.8550	-1
6698.4736	-1
6701.0923	-1
6703.7109	-1
6706.3296	-1
6708.9482	-1
6711.5669	-1
6714.1855	-1
6716.8047	-1
6719.4238	-1
6722.0430	-1
6724.6621	-1
6727.2812	-1
6729.9004	-1
6732.5195	-1
6735.1387	-1
6737.7578	-1
6740.3770	-1
6742.9961	-1
6745.6152	-1
6748.2344	-1
6750.8535	-1
6753.4727	-1
6756.0918	-1
6758.7109	-1
6761.3301	-1
6763.9497	-1
6766.5693	-1
6769.1890	-1
6771.8086	-1
6774.4282	-1
6777.0479	-1
6779.6675	-1
6782.2871	-1
6784.9067	-1
6787.5264	-1
6790.1460	-1
6792.7656	-1
6795.3862	1
6798.0068	1
6800.6274	1
6803.2485	1
6805.8696	1
6808.4907	1
6811.1118	1
6813.7329	1
6816.3545	1
6818.9761	1
6821.5977	1
6824.2192	1
6826.8408	1
6829.4624	1
6832.0840	1
6834.7056	1
6837.3271	1
6839.9487	1
6842.5708	-1
6845.1929	-1
6847.8149	-1
6850.4370	-1
6853.0591	-1
6855.6812	-1
6858.3066	1
6860.9321	1
6863.5576	-1
6866.1831	-1
6868.8086	-1
6871.4341	-1
6874.0596	-1
6876.6851	-1
6879.3105	-1
6881.9360	-1
6884.5615	-1
6887.1870	-1
6889.8125	-1
6892.4380	-1
6895.0659	-1
6897.6938	-1
6900.3218	-1
6902.9497	-1
6905.5776	-1
6908.2056	-1
6910.8335	-1
6913.4614	-1
6916.0894	-1
6918.7173	-1
6921.3452	-1
6923.9731	-1
6926.6011	-1
6929.2290	-1
6931.8569	-1
6934.4849	-1
6937.1128	-1
6939.7412	-1
6942.3696	-1
6944.9980	-1
6947.6265	-1
6950.2549	-1
6952.8833	-1
6955.5117	-1
6958.1401	-1
6960.7686	-1
6963.3970	-1
6966.0254	-1
6968.6538	-1
6971.2822	-1
6973.9106	-1
6976.5391	-1
6979.1675	-1
6981.7959	-1
6984.4243	-1
6987.0527	-1
6989.6816	-1
6992.3105	-1
6994.9395	-1
6997.5684	-1
7000.1973	-1
7002.8262	-1
7005.4551	-1
7008.0840	-1
7010.7129	-1
7013.3418	-1
7015.9707	-1
7018.5996	-1
7021.2295	-1
7023.8594	-1
7026.4893	-1
7029.1191	-1
7031.7490	-1
7034.3789	-1
7037.0088	-1
7039.6387	-1
7042.2686	-1
7044.8984	-1
7047.5283	-1
7050.1582	-1
7052.7881	-1
7055.4180	-1
7058.0479	-1
7060.6777	-1
7063.3076	-1
7065.9375	-1
7068.5674	-1
7071.1973	-1
7073.8271	-1
7076.4570	-1
7079.0869	-1
7081.7168	-1
7084.3472	-1
7086.9775	-1
7089.6079	-1
7092.2383	-1
7094.8687	-1
7097.4990	-1
7100.1294	-1
7102.7598	-1
7105.3901	-1
7108.0205	-1
7110.6509	-1
7113.2812	-1
7115.9116	-1
7118.5420	-1
7121.1724	-1
7123.8027	-1
7126.4331	-1
7129.0635	-1
7131.6968	-1
7134.3301	-1
7136.9634	-1
7139.5967	-1
7142.2300	-1
7144.8633	-1
7147.4966	-1
7150.1299	-1
7152.7632	-1
7155.3965	-1
7158.0298	-1
7160.6631	-1
7163.2969	-1
7165.9307	-1
7168.5645	-1
7171.1982	-1
7173.8320	-1
7176.4658	-1
7179.0996	-1
7181.7334	-1
7184.3672	-1
7187.0010	-1
7189.6348	-1
7192.2686	-1
7194.9023	-1
7197.5361	-1
7200.1699	-1
7202.8037	-1
7205.4375	-1
7208.0713	-1
7210.7051	-1
7213.3389	-1
7215.9727	-1
7218.6064	-1
7221.2402	-1
7223.8740	-1
7226.5083	-1
7229.1426	-1
7231.7769	-1
7234.4111	-1
7237.0454	-1
7239.6797	-1
7242.3140	-1
7244.9482	-1
7247.5825	-1
7250.2168	-1
7252.8511	-1
7255.4854	-1
7258.1196	-1
7260.7539	-1
7263.3882	-1
7266.0225	-1
7268.6567	-1
7271.2910	-1
7273.9258	-1
7276.5605	-1
7279.1953	-1
7281.8301	-1
7284.4648	-1
7287.0996	-1
7289.7344	-1
7292.3691	-1
7295.0039	-1
7297.6387	-1
7300.2734	-1
7302.9082	-1
7305.5430	-1
7308.1777	-1
7310.8125	-1
7313.4473	-1
7316.0820	-1
7318.7168	-1
7321.3530	-1
7323.9893	-1
7326.6255	-1
7329.2617	-1
7331.8979	-1
7334.5342	-1
7337.1704	-1
7339.8066	-1
7342.4429	-1
7345.0791	-1
7347.7153	-1
7350.3516	-1
7352.9878	-1
7355.6240	-1
7358.2603	-1
7360.9092	1
7363.5596	-1
7366.2104	1
7368.8613	1
7371.5132	-1
7374.1650	-1
7376.8169	-1
7379.4688	-1
7382.1206	-1
7384.7725	-1
7387.4243	-1
7390.0762	-1
7392.7280	-1
7395.3799	-1
7398.0317	-1
7400.6836	-1
7403.3359	1
7405.9883	1
7408.6406	1
7411.2930	1
7413.9468	-1
7416.6006	-1
7419.2544	-1
7421.9082	-1
7424.5620	-1
7427.2158	-1
7429.8701	-1
7432.5244	-1
7435.1787	-1
7437.8330	-1
7440.4873	-1
7443.1416	-1
7445.7959	-1
7448.4502	-1
7451.1045	-1
7453.7588	-1
7456.4131	-1
7459.0674	-1
7461.7217	-1
7464.3760	-1
7467.0303	-1
7469.6846	-1
7472.3389	-1
7474.9932	-1
7477.6479	1
7480.3027	1
7482.9575	1
7485.6123	1
7488.2671	1
7490.9219	1
7493.5767	1
7496.2314	1
7498.8877	-1
7501.5439	-1
7504.2002	-1
7506.8564	-1
7509.5127	-1
7512.1689	-1
7514.8252	-1
7517.4819	-1
7520.1387	-1
7522.7954	-1
7525.4521	-1
7528.1089	-1
7530.7666	1
7533.4243	1
7536.0820	1
7538.7397	1
7541.3979	-1
7544.0562	-1
7546.7144	-1
7549.3726	-1
7552.0308	-1
7554.6890	-1
7557.3472	-1
7560.0054	-1
7562.6636	-1
7565.3218	-1
7567.9800	-1
7570.6382	-1
7573.2964	-1
7575.9546	-1
7578.6128	-1
7581.2710	-1
7583.9292	-1
7586.5874	-1
7589.2461	-1
7591.9048	-1
7594.5635	-1
7597.2222	-1
7599.8809	-1
7602.5396	-1
7605.1982	-1
7607.8569	-1
7610.5156	-1
7613.1743	-1
7615.8330	-1
7618.4917	-1
7621.1509	1
7623.8101	1
7626.4692	1
7629.1284	-1
7631.7876	-1
7634.4468	-1
7637.1060	-1
7639.7651	-1
7642.4243	-1
7645.0840	1
7647.7437	1
7650.4033	1
7653.0630	1
7655.7227	1
7658.3828	1
7661.0430	1
7663.7031	1
7666.3638	1
7669.0254	-1
7671.6870	-1
7674.3486	-1
7677.0103	-1
7679.6719	-1
7682.3335	-1
7684.9956	-1
7687.6577	-1
7690.3198	-1
7692.9819	-1
7695.6440	-1
7698.3062	-1
7700.9683	-1
7703.6304	-1
7706.2925	-1
7708.9546	-1
7711.6167	-1
7714.2788	-1
7716.9409	-1
7719.6030	-1
7722.2651	-1
7724.9272	-1
7727.5894	-1
7730.2515	-1
7732.9136	-1
7735.5757	-1
7738.2378	-1
7740.8999	-1
7743.5620	-1
7746.2241	-1
7748.8872	1
7751.5503	1
7754.2134	1
7756.8765	1
7759.5396	-1
7762.2026	-1
7764.8657	-1
7767.5288	-1
7770.1919	-1
7772.8550	1
7775.5181	-1
7778.1816	1
7780.8452	1
7783.5088	1
7786.1743	-1
7788.8398	-1
7791.5054	-1
7794.1709	-1
7796.8364	-1
7799.5020	-1
7802.1675	-1
7804.8330	-1
7807.4985	-1
7810.1641	-1
7812.8296	-1
7815.4951	-1
7818.1606	-1
7820.8262	-1
7823.4917	-1
7826.1572	-1
7828.8228	-1
7831.4883	-1
7834.1543	-1
7836.8203	-1
7839.4863	-1
7842.1523	-1
7844.8184	-1
7847.4844	-1
7850.1504	-1
7852.8164	-1
7855.4824	-1
7858.1484	-1
7860.8145	-1
7863.4805	-1
7866.1465	1
7868.8125	1
7871.4785	1
7874.1445	1
7876.8110	1
7879.4775	1
7882.1440	1
7884.8110	1
7887.4780	1
7890.1450	1
7892.8120	1
7895.4790	1
7898.1460	1
7900.8130	1
7903.4834	-1
7906.1538	-1
7908.8242	-1
7911.4946	-1
7914.1650	-1
7916.8354	-1
7919.5059	-1
7922.1763	-1
7924.8467	-1
7927.5171	-1
7930.1875	-1
7932.8579	-1
7935.5288	-1
7938.1997	-1
7940.8706	-1
7943.5415	-1
7946.2124	-1
7948.8833	-1
7951.5542	-1
7954.2251	-1
7956.8960	-1
7959.5669	-1
7962.2378	-1
7964.9087	-1
7967.5796	-1
7970.2505	-1
7972.9214	-1
7975.5923	-1
7978.2632	-1
7980.9341	-1
7983.6055	-1
7986.2769	-1
7988.9482	-1
7991.6196	-1
7994.2910	-1
7996.9624	-1
7999.6338	-1
8002.3052	-1
8004.9766	-1
8007.6479	-1
8010.3193	-1
8012.9907	-1
8015.6621	-1
8018.3335	-1
8021.0049	-1
8023.6763	-1
8026.3477	-1
8029.0190	-1
8031.6904	-1
8034.3618	-1
8037.0332	-1
8039.7046	-1
8042.3760	-1
8045.0474	-1
8047.7192	-1
8050.3911	-1
8053.0630	-1
8055.7349	-1
8058.4067	-1
8061.0786	-1
8063.7520	1
8066.4253	1
8069.0986	1
8071.7725	1
8074.4463	-1
8077.1201	-1
8079.7939	-1
8082.4678	-1
8085.1416	-1
8087.8154	-1
8090.4897	-1
8093.1641	-1
8095.8384	-1
8098.5127	-1
8101.1870	-1
8103.8613	-1
8106.5356	-1
8109.2100	-1
8111.8843	-1
8114.5586	-1
8117.2329	-1
8119.9072	-1
8122.5830	-1
8125.2588	-1
8127.9346	-1
8130.6104	-1
8133.2861	-1
8135.9619	-1
8138.6392	-1
8141.3164	-1
8143.9937	-1
8146.6709	-1
8149.3481	-1
8152.0254	-1
8154.7026	-1
8157.3799	-1
8160.0571	-1
8162.7344	-1
8165.4116	-1
8168.0889	-1
8170.7666	-1
8173.4443	-1
8176.1221	-1
8178.7998	-1
8181.4775	-1
8184.1553	-1
8186.8330	-1
8189.5107	-1
8192.1885	-1
8194.8662	-1
8197.5439	-1
8200.2217	-1
8202.8994	-1
8205.5771	-1
8208.2549	-1
8210.9326	-1
8213.6104	-1
8216.2881	-1
8218.9658	-1
8221.6436	-1
8224.3213	-1
8226.9990	-1
8229.6768	-1
8232.3545	-1
8235.0342	-1
8237.7139	-1
8240.3936	-1
8243.0732	-1
8245.7529	-1
8248.4326	-1
8251.1123	-1
8253.7920	-1
8256.4717	-1
8259.1514	-1
8261.8311	-1
8264.5107	-1
8267.1904	-1
8269.8701	-1
8272.5498	-1
8275.2295	-1
8277.9092	-1
8280.5889	-1
8283.2686	-1
8285.9482	-1
8288.6279	-1
8291.3076	-1
8293.9873	-1
8296.6670	-1
8299.3467	-1
8302.0264	-1
8304.7061	-1
8307.3857	-1
8310.0654	-1
8312.7451	-1
8315.4258	-1
8318.1064	-1
8320.7871	-1
8323.4678	-1
8326.1484	-1
8328.8291	-1
8331.5098	-1
8334.1904	-1
8336.8711	-1
8339.5518	-1
8342.2324	-1
8344.9131	-1
8347.5938	-1
8350.2744	-1
8352.9551	-1
8355.6357	-1
8358.3164	-1
8360.9971	-1
8363.6777	-1
8366.3584	-1
8369.0391	-1
8371.7197	-1
8374.4004	-1
8377.0811	-1
8379.7617	-1
8382.4424	-1
8385.1230	-1
8387.8037	-1
8390.4844	-1
8393.1650	-1
8395.8457	-1
8398.5264	-1
8401.2070	-1
8403.9014	1
8406.5967	-1
8409.2930	1
8411.9893	1
8414.6865	-1
8417.3838	-1
8420.0811	-1
8422.7783	-1
8425.4756	-1
8428.1729	-1
8430.8701	-1
8433.5674	-1
8436.2646	-1
8438.9619	-1
8441.6592	-1
8444.3564	-1
8447.0547	1
8449.7529	1
8452.4512	1
8455.1494	1
8457.8486	-1
8460.5479	-1
8463.2471	-1
8465.9463	-1
8468.6455	-1
8471.3447	-1
8474.0439	-1
8476.7432	-1
8479.4424	1
8482.1416	-1
8484.8418	-1
8487.5420	-1
8490.2422	-1
8492.9424	1
8495.6426	1
8498.3428	1
8501.0430	-1
8503.7432	-1
8506.4434	-1
8509.1436	-1
8511.8438	-1
8514.5439	-1
8517.2441	-1
8519.9443	-1
8522.6445	-1
8525.3447	-1
8528.0449	-1
8530.7451	-1
8533.4463	1
8536.1475	1
8538.8486	1
8541.5498	1
8544.2529	-1
8546.9561	-1
8549.6592	-1
8552.3623	-1
8555.0654	-1
8557.7686	-1
8560.4717	-1
8563.1748	-1
8565.8779	-1
8568.5811	-1
8571.2842	-1
8573.9873	-1
8576.6904	-1
8579.3936	-1
8582.0967	-1
8584.7998	-1
8587.5029	-1
8590.2061	-1
8592.9092	-1
8595.6123	-1
8598.3154	-1
8601.0186	-1
8603.7217	-1
8606.4248	-1
8609.1289	1
8611.8330	1
8614.5371	1
8617.2412	1
8619.9453	1
8622.6494	1
8625.3535	1
8628.0576	1
8630.7627	-1
8633.4678	-1
8636.1729	-1
8638.8779	-1
8641.5830	-1
8644.2881	-1
8646.9932	-1
8649.6982	-1
8652.4033	-1
8655.1084	-1
8657.8135	-1
8660.5186	-1
8663.2236	-1
8665.9287	-1
8668.6338	-1
8671.3389	-1
8674.0439	-1
8676.7490	-1
8679.4541	-1
8682.1592	-1
8684.8643	-1
8687.5693	-1
8690.2744	-1
8692.9795	-1
8695.6855	1
8698.3926	1
8701.0996	1
8703.8066	1
8706.5137	1
8709.2207	1
8711.9277	1
8714.6348	1
8717.3418	-1
8720.0488	-1
8722.7559	-1
8725.4629	-1
8728.1699	-1
8730.8770	-1
8733.5850	-1
8736.2930	-1
8739.0010	-1
8741.7090	-1
8744.4170	-1
8747.1250	-1
8749.8330	-1
8752.5410	-1
8755.2490	-1
8757.9570	-1
8760.6650	-1
8763.3730	-1
8766.0820	1
8768.7910	1
8771.5000	1
8774.2100	1
8776.9199	1
8779.6299	1
8782.3418	-1
8785.0537	-1
8787.7656	-1
8790.4775	-1
8793.1895	-1
8795.9014	-1
8798.6133	-1
8801.3252	-1
8804.0371	-1
8806.7490	-1
8809.4609	-1
8812.1729	-1
8814.8848	-1
8817.5967	-1
8820.3086	-1
8823.0205	-1
8825.7324	-1
8828.4443	-1
8831.1562	1
8833.8691	1
8836.5820	1
8839.2949	1
8842.0078	1
8844.7207	1
8847.4336	-1
8850.1465	-1
8852.8594	-1
8855.5723	-1
8858.2852	-1
8860.9980	-1
8863.7119	-1
8866.4258	-1
8869.1396	-1
8871.8535	-1
8874.5674	-1
8877.2812	-1
8879.9951	-1
8882.7090	-1
8885.4229	-1
8888.1367	-1
8890.8506	-1
8893.5645	-1
8896.2783	1
8898.9922	1
8901.7070	-1
8904.4219	-1
8907.1367	-1
8909.8516	-1
8912.5664	-1
8915.2812	-1
8917.9961	-1
8920.7109	-1
8923.4258	-1
8926.1406	-1
8928.8555	-1
8931.5703	-1
8934.2861	1
8937.0020	1
8939.7178	-1
8942.4336	-1
8945.1494	-1
8947.8652	-1
8950.5811	-1
8953.2969	-1
8956.0127	1
8958.7285	1
8961.4443	-1
8964.1602	-1
8966.8760	-1
8969.5918	-1
8972.3076	-1
8975.0234	-1
8977.7402	-1
8980.4570	-1
8983.1738	-1
8985.8906	-1
8988.6074	-1
8991.3242	-1
8994.0410	-1
8996.7578	-1
8999.4746	-1
9002.1914	-1
9004.9082	-1
9007.6250	-1
9010.3418	1
9013.0586	-1
9015.7754	1
9018.4922	-1
9021.2090	-1
9023.9258	-1
9026.6426	-1
9029.3594	-1
9032.0762	1
9034.7939	1
9037.5117	1
9040.2295	-1
9042.9473	-1
9045.6650	-1
9048.3828	-1
9051.1006	-1
9053.8184	-1
9056.5361	1
9059.2539	-1
9061.9717	-1
9064.6895	-1
9067.4072	-1
9070.1250	-1
9072.8428	-1
9075.5605	-1
9078.2783	-1
9080.9961	-1
9083.7139	-1
9086.4316	-1
9089.1494	-1
9091.8682	-1
9094.5869	-1
9097.3057	-1
9100.0244	-1
9102.7432	-1
9105.4619	-1
9108.1807	-1
9110.8994	-1
9113.6182	-1
9116.3369	-1
9119.0557	-1
9121.7744	-1
9124.4941	-1
9127.2139	-1
9129.9336	-1
9132.6533	-1
9135.3730	-1
9138.0928	-1
9140.8125	-1
9143.5322	-1
9146.2520	-1
9148.9717	-1
9151.6914	-1
9154.4111	-1
9157.1309	-1
9159.8506	-1
9162.5703	-1
9165.2900	-1
9168.0098	-1
9170.7295	-1
9173.4502	1
9176.1709	1
9178.8916	1
9181.6123	1
9184.3330	1
9187.0537	1
9189.7744	1
9192.4951	1
9195.2158	1
9197.9365	1
9200.6572	1
9203.3779	1
9206.0986	1
9208.8193	1
9211.5420	-1
9214.2646	-1
9216.9873	-1
9219.7100	-1
9222.4326	-1
9225.1553	-1
9227.8779	-1
9230.6006	-1
9233.3232	-1
9236.0459	-1
9238.7686	-1
9241.4912	-1
9244.2148	-1
9246.9385	-1
9249.6621	-1
9252.3857	-1
9255.1094	-1
9257.8330	-1
9260.5566	-1
9263.2803	-1
9266.0039	-1
9268.7275	-1
9271.4512	-1
9274.1748	-1
9276.8984	1
9279.6221	1
9282.3457	1
9285.0713	-1
9287.7969	-1
9290.5225	-1
9293.2480	-1
9295.9736	-1
9298.6992	-1
9301.4248	-1
9304.1504	-1
9306.8760	-1
9309.6016	-1
9312.3271	-1
9315.0527	-1
9317.7803	-1
9320.5078	-1
9323.2354	-1
9325.9629	-1
9328.6904	-1
9331.4180	-1
9334.1455	-1
9336.8730	-1
9339.6006	-1
9342.3281	-1
9345.0557	-1
9347.7832	-1
9350.5107	-1
9353.2383	-1
9355.9658	-1
9358.6934	-1
9361.4209	-1
9364.1484	-1
9366.8770	-1
9369.6055	-1
9372.3340	-1
9375.0625	-1
9377.7910	-1
9380.5195	-1
9383.2480	-1
9385.9766	-1
9388.7051	-1
9391.4336	-1
9394.1621	-1
9396.8906	-1
9399.6201	-1
9402.3496	-1
9405.0791	-1
9407.8086	-1
9410.5381	-1
9413.2676	-1
9415.9971	-1
9418.7266	-1
9421.4561	-1
9424.1855	-1
9426.9150	-1
9429.6445	-1
9432.3740	-1
9435.1035	-1
9437.8330	-1
9440.5625	-1
9443.2920	-1
9446.0215	-1
9448.7510	-1
9451.4805	-1
9454.2100	-1
9456.9395	-1
9459.6689	-1
9462.3984	-1
9465.1279	-1
9467.8574	-1
9470.5869	-1
9473.3164	-1
9476.0459	-1
9478.7754	-1
9481.5049	-1
9484.2344	-1
9486.9639	-1
9489.6934	-1
9492.4229	-1
9495.1523	-1
9497.8857	-1
9500.6191	-1
9503.3525	-1
9506.0859	-1
9508.8193	-1
9511.5527	-1
9514.2861	-1
9517.0195	-1
9519.7529	-1
9522.4863	-1
9525.2197	-1
9527.9531	-1
9530.6865	-1
9533.4199	-1
9536.1533	-1
9538.8867	-1
9541.6201	-1
9544.3535	-1
9547.0869	-1
9549.8203	-1
9552.5537	-1
9555.2871	-1
9558.0205	-1
9560.7539	-1
9563.4883	-1
9566.2227	-1
9568.9570	-1
9571.6914	-1
9574.4258	-1
9577.1602	-1
9579.8945	-1
9582.6289	-1
9585.3633	-1
9588.0977	-1
9590.8320	-1
9593.5664	-1
9596.3008	-1
9599.0352	-1
9601.7695	-1
9604.5039	-1
9607.2383	-1
9609.9727	-1
9612.7070	-1
9615.4414	-1
9618.1758	-1
9620.9102	-1
9623.6445	-1
9626.3789	-1
9629.1133	-1
9631.8477	-1
9634.5820	-1
9637.3164	-1
9640.0508	-1
9642.7852	-1
9645.5195	-1
9648.2539	-1
9650.9883	-1
9653.7227	-1
9656.4570	-1
9659.1914	-1
9661.9258	-1
9664.6602	-1
9667.3945	-1
9670.1289	-1
9672.8633	-1
9675.5977	-1
9678.3320	-1
9681.0664	-1
9683.8008	-1
9686.5352	-1
9689.2695	-1
9692.0039	-1
9694.7393	-1
9697.4746	-1
9700.2100	-1
9702.9453	-1
9705.6807	-1
9708.4160	-1
9711.1514	-1
9713.8867	-1
9716.6221	-1
9719.3574	-1
9722.0928	-1
9724.8281	-1
9727.5635	-1
9730.2988	-1
9733.0342	-1
9735.7695	-1
9738.5049	-1
9741.2402	-1
9743.9756	-1
9746.7236	1
9749.4736	-1
9752.2236	1
9754.9736	1
9757.7246	-1
9760.4756	-1
9763.2266	-1
9765.9775	-1
9768.7285	-1
9771.4795	-1
9774.2305	-1
9776.9814	-1
9779.7324	-1
9782.4834	-1
9785.2344	-1
9787.9854	-1
9790.7373	1
9793.4893	1
9796.2412	1
9798.9932	1
9801.7461	-1
9804.4990	-1
9807.2520	-1
9810.0049	-1
9812.7578	-1
9815.5107	-1
9818.2637	-1
9821.0166	-1
9823.7695	-1
9826.5225	-1
9829.2754	-1
9832.0283	-1
9834.7822	-1
9837.5361	-1
9840.2900	-1
9843.0439	-1
9845.7979	-1
9848.5518	-1
9851.3057	-1
9854.0596	-1
9856.8135	-1
9859.5674	-1
9862.3213	-1
9865.0869	1
9867.8535	-1
9870.6211	1
9873.3887	1
9876.1572	-1
9878.9258	-1
9881.6943	-1
9884.4629	-1
9887.2314	-1
9890.0000	-1
9892.7686	-1
9895.5371	-1
9898.3057	-1
9901.0742	-1
9903.8428	-1
9906.6113	-1
9909.3799	1
9912.1484	1
9914.9170	1
9917.6855	1
9920.4561	-1
9923.2266	-1
9925.9971	-1
9928.7676	-1
9931.5381	-1
9934.3086	-1
9937.0791	-1
9939.8496	-1
9942.6201	-1
9945.3906	-1
9948.1611	-1
9950.9316	-1
9953.7021	-1
9956.4727	-1
9959.2432	-1
9962.0137	-1
9964.7842	-1
9967.5547	-1
9970.3252	-1
9973.0957	-1
9975.8662	-1
9978.6367	-1
9981.4072	-1
9984.1777	-1
9986.9482	1
9989.7197	1
9992.4912	1
9995.2627	1
9998.0342	1
10000.8057	1
10003.5771	1
10006.3486	1
10009.1221	-1
10011.8955	-1
10014.6689	-1
10017.4424	-1
10020.2158	-1
10022.9893	-1
10025.7637	-1
10028.5381	-1
10031.3125	-1
10034.0869	-1
10036.8613	-1
10039.6357	-1
10042.4102	-1
10045.1846	-1
10047.9590	-1
10050.7334	-1
10053.5078	-1
10056.2822	-1
10059.0566	-1
10061.8311	-1
10064.6055	-1
10067.3799	-1
10070.1543	-1
10072.9287	-1
10075.7031	-1
10078.4775	-1
10081.2520	-1
10084.0264	-1
10086.8008	-1
10089.5752	-1
10092.3496	-1
10095.1240	-1
10097.8984	-1
10100.6729	-1
10103.4473	-1
10106.2217	-1
10108.9961	-1
10111.7705	-1
10114.5449	-1
10117.3193	-1
10120.0938	-1
10122.8682	-1
10125.6426	-1
10128.4170	-1
10131.1914	-1
10133.9785	1
10136.7676	-1
10139.5566	1
10142.3457	1
10145.1357	-1
10147.9258	-1
10150.7158	-1
10153.5059	-1
10156.2959	-1
10159.0859	-1
10161.8760	-1
10164.6660	-1
10167.4561	-1
10170.2461	-1
10173.0361	-1
10175.8262	-1
10178.6172	1
10181.4082	1
10184.1992	1
10186.9902	1
10189.7822	-1
10192.5742	-1
10195.3662	-1
10198.1582	-1
10200.9502	-1
10203.7422	-1
10206.5342	-1
10209.3262	-1
10212.1182	-1
10214.9102	-1
10217.7021	-1
10220.4941	-1
10223.2871	-1
10226.0801	-1
10228.8730	-1
10231.6660	-1
10234.4590	-1
10237.2520	-1
10240.0449	-1
10242.8379	-1
10245.6309	-1
10248.4238	-1
10251.2168	-1
10254.0098	-1
10256.8027	1
10259.5957	1
10262.3887	1
10265.1816	1
10267.9746	1
10270.7676	1
10273.5605	1
10276.3535	1
10279.1484	-1
10281.9434	-1
10284.7383	-1
10287.5332	-1
10290.3281	-1
10293.1230	-1
10295.9189	-1
10298.7148	-1
10301.5107	-1
10304.3066	-1
10307.1025	-1
10309.8984	-1
10312.6943	-1
10315.4902	-1
10318.2861	-1
10321.0820	-1
10323.8779	-1
10326.6738	-1
10329.4697	1
10332.2656	1
10335.0625	1
10337.8594	1
10340.6562	1
10343.4531	1
10346.2500	-1
10349.0469	-1
10351.8438	-1
10354.6406	-1
10357.4375	-1
10360.2344	-1
10363.0312	-1
10365.8281	-1
10368.6250	-1
10371.4219	-1
10374.2188	-1
10377.0156	-1
10379.8135	-1
10382.6113	-1
10385.4092	-1
10388.2070	-1
10391.0049	-1
10393.8027	-1
10396.6006	-1
10399.3984	-1
10402.1963	-1
10404.9941	-1
10407.7920	-1
10410.5898	-1
10413.3877	-1
10416.1855	-1
10418.9834	-1
10421.7812	-1
10424.5791	-1
10427.3770	-1
10430.1748	1
10432.9736	1
10435.7725	1
10438.5713	1
10441.3701	1
10444.1689	1
10446.9678	1
10449.7666	1
10452.5654	1
10455.3643	1
10458.1670	-1
10460.9697	-1
10463.7725	-1
10466.5752	-1
10469.3779	-1
10472.1807	-1
10474.9834	-1
10477.7861	-1
10480.5889	-1
10483.3916	-1
10486.1943	-1
10488.9971	-1
10491.7998	-1
10494.6025	-1
10497.4053	-1
10500.2080	-1
10503.0107	-1
10505.8135	-1
10508.6162	-1
10511.4189	-1
10514.2217	-1
10517.0244	-1
10519.8271	-1
10522.6299	-1
10525.4326	-1
10528.2354	-1
10531.0381	-1
10533.8408	-1
10536.6436	-1
10539.4463	-1
10542.2500	-1
10545.0537	-1
10547.8574	-1
10550.6611	-1
10553.4648	-1
10556.2686	-1
10559.0723	-1
10561.8760	-1
10564.6797	-1
10567.4834	-1
10570.2871	-1
10573.0908	-1
10575.8945	-1
10578.6982	-1
10581.5020	-1
10584.3057	-1
10587.1094	-1
10589.9131	-1
10592.7188	1
10595.5244	1
10598.3301	1
10601.1357	1
10603.9414	1
10606.7471	1
10609.5527	1
10612.3584	1
10615.1641	1
10617.9697	1
10620.7754	1
10623.5811	1
10626.3867	1
10629.1924	1
10631.9980	-1
10634.8037	-1
10637.6094	-1
10640.4150	-1
10643.2207	-1
10646.0264	-1
10648.8320	1
10651.6377	1
10654.4434	-1
10657.2490	-1
10660.0547	-1
10662.8604	-1
10665.6660	-1
10668.4717	-1
10671.2783	-1
10674.0850	-1
10676.8916	-1
10679.6982	-1
10682.5049	-1
10685.3115	-1
10688.1182	1
10690.9248	-1
10693.7314	-1
10696.5381	-1
10699.3447	-1
10702.1514	-1
10704.9580	-1
10707.7646	-1
10710.5713	-1
10713.3779	-1
10716.1846	-1
10718.9912	-1
10721.7979	-1
10724.6045	1
10727.4111	-1
10730.2178	-1
10733.0244	-1
10735.8311	-1
10738.6377	-1
10741.4443	-1
10744.2510	-1
10747.0576	-1
10749.8643	-1
10752.6709	-1
10755.4775	-1
10758.2842	-1
10761.0918	-1
10763.8994	-1
10766.7070	-1
10769.5146	-1
10772.3223	-1
10775.1299	-1
10777.9375	1
10780.7451	1
10783.5527	1
10786.3604	1
10789.1680	1
10791.9756	1
10794.7832	1
10797.5908	1
10800.3994	1
10803.2080	1
10806.0166	1
10808.8252	1
10811.6338	1
10814.4424	1
10817.2529	-1
10820.0635	-1
10822.8740	-1
10825.6846	-1
10828.4951	-1
10831.3057	-1
10834.1172	-1
10836.9287	-1
10839.7402	-1
10842.5518	-1
10845.3633	-1
10848.1748	-1
10850.9863	-1
10853.7979	-1
10856.6094	-1
10859.4209	-1
10862.2324	-1
10865.0439	-1
10867.8555	1
10870.6670	1
10873.4785	1
10876.2900	1
10879.1035	1
10881.9170	1
10884.7334	-1
10887.5498	-1
10890.3662	-1
10893.1826	-1
10895.9990	-1
10898.8154	-1
10901.6318	-1
10904.4482	-1
10907.2646	-1
10910.0811	-1
10912.8975	-1
10915.7139	-1
10918.5303	-1
10921.3467	-1
10924.1631	-1
10926.9795	-1
10929.7959	-1
10932.6123	-1
10935.4287	-1
10938.2451	-1
10941.0615	-1
10943.8779	-1
10946.6943	-1
10949.5107	-1
10952.3271	-1
10955.1436	-1
10957.9600	-1
10960.7764	-1
10963.5928	-1
10966.4092	-1
10969.2256	-1
10972.0420	-1
10974.8584	-1
10977.6748	-1
10980.4912	-1
10983.3076	-1
10986.1250	-1
10988.9424	-1
10991.7598	-1
10994.5771	-1
10997.3945	-1
11000.2119	-1
11003.0293	-1
11005.8467	-1
11008.6641	-1
11011.4814	-1
11014.2988	-1
11017.1162	-1
11019.9355	-1
11022.7549	-1
11025.5742	-1
11028.3936	-1
11031.2129	-1
11034.0322	-1
11036.8516	-1
11039.6709	-1
11042.4902	-1
11045.3096	-1
11048.1289	-1
11050.9482	-1
11053.7676	-1
11056.5869	-1
11059.4062	-1
11062.2256	-1
11065.0449	-1
11067.8643	-1
11070.6836	-1
11073.5029	-1
11076.3223	-1
11079.1416	-1
11081.9609	-1
11084.7803	-1
11087.6006	-1
11090.4209	-1
11093.2412	-1
11096.0615	-1
11098.8818	-1
11101.7021	-1
11104.5225	-1
11107.3428	-1
11110.1631	-1
11112.9834	-1
11115.8037	-1
11118.6240	-1
11121.4443	-1
11124.2646	-1
11127.0850	-1
11129.9053	-1
11132.7256	-1
11135.5459	-1
11138.3662	-1
11141.1865	-1
11144.0068	-1
11146.8271	-1
11149.6475	-1
11152.4678	-1
11155.2881	-1
11158.1084	-1
11160.9287	-1
11163.7490	-1
11166.5693	-1
11169.3896	-1
11172.2100	1
11175.0303	1
11177.8506	1
11180.6709	1
11183.4922	1
11186.3135	1
11189.1348	1
11191.9561	1
11194.7773	1
11197.6025	-1
11200.4277	-1
11203.2529	-1
11206.0781	-1
11208.9033	-1
11211.7285	-1
11214.5537	-1
11217.3789	-1
11220.2041	-1
11223.0293	-1
11225.8545	-1
11228.6797	-1
11231.5049	-1
11234.3301	-1
11237.1553	-1
11239.9805	-1
11242.8057	-1
11245.6309	-1
11248.4561	-1
11251.2812	-1
11254.1064	-1
11256.9316	-1
11259.7568	-1
11262.5820	-1
11265.4072	-1
11268.2324	-1
11271.0576	-1
11273.8828	-1
11276.7080	-1
11279.5332	-1
11282.3584	-1
11285.1836	-1
11288.0088	-1
11290.8340	-1
11293.6592	-1
11296.4844	-1
11299.3105	-1
11302.1367	-1
11304.9629	-1
11307.7891	-1
11310.6152	-1
11313.4414	-1
11316.2676	-1
11319.0938	-1
11321.9199	-1
11324.7461	-1
11327.5723	-1
11330.3984	-1
11333.2246	-1
11336.0508	-1
11338.8770	-1
11341.7031	-1
11344.5293	-1
11347.3555	-1
11350.1816	-1
11353.0078	-1
11355.8340	-1
11358.6602	-1
11361.4863	-1
11364.3125	-1
11367.1387	-1
11369.9648	-1
11372.7910	-1
11375.6172	-1
11378.4434	-1
11381.2695	-1
11384.0957	-1
11386.9219	-1
11389.7480	-1
11392.5742	-1
11395.4004	-1
11398.2266	-1
11401.0527	-1
11403.8789	-1
11406.7051	-1
11409.5312	-1
11412.3574	-1
11415.1836	-1
11418.0127	-1
11420.8418	-1
11423.6709	-1
11426.5000	-1
11429.3291	-1
11432.1582	-1
11434.9873	-1
11437.8164	-1
11440.6455	-1
11443.4746	-1
11446.3037	-1
11449.1328	-1
11451.9619	-1
11454.7910	-1
11457.6201	-1
11460.4492	-1
11463.2783	-1
11466.1074	-1
11468.9365	-1
11471.7666	-1
11474.5967	-1
11477.4268	-1
11480.2568	-1
11483.0869	-1
11485.9170	-1
11488.7471	-1
11491.5771	-1
11494.4072	-1
11497.2373	-1
11500.0674	-1
11502.8975	-1
11505.7275	-1
11508.5576	-1
11511.3877	-1
11514.2178	-1
11517.0479	-1
11519.8779	-1
11522.7080	-1
11525.5381	-1
11528.3682	-1
11531.1982	-1
11534.0283	-1
11536.8594	-1
11539.6904	-1
11542.5215	-1
11545.3525	-1
11548.1836	-1
11551.0146	-1
11553.8457	-1
11556.6768	-1
11559.5078	-1
11562.3389	-1
11565.1699	-1
11568.0010	-1
11570.8320	-1
11573.6631	-1
11576.4941	-1
11579.3252	-1
11582.1562	-1
11584.9873	-1
11587.8184	-1
11590.6494	-1
11593.4805	-1
11596.3115	-1
11599.1426	-1
11601.9736	-1
11604.8047	-1
11607.6357	-1
11610.4668	-1
11613.2979	-1
11616.1289	-1
11618.9600	-1
11621.7920	-1
11624.6240	-1
11627.4561	-1
11630.2881	-1
11633.1201	-1
11635.9521	-1
11638.9736	1
11641.9971	-1
11645.0205	-1
11648.0439	-1
11651.0674	-1
11654.0908	-1
11657.1143	-1
11660.1504	1
11663.1875	-1
11666.2256	1
11669.2637	1
11672.3018	-1
11675.3398	-1
11678.3779	-1
11681.4160	-1
11684.4541	-1
11687.4922	-1
11690.5303	-1
11693.5684	-1
11696.6064	-1
11699.6445	-1
11702.6953	1
11705.7471	-1
11708.7998	1
11711.8525	1
11714.9053	-1
11717.9580	-1
11721.0107	-1
11724.0645	-1
11727.1182	-1
11730.1719	-1
11733.2256	-1
11736.2793	-1
11739.3330	-1
11742.3867	-1
11745.4521	1
11748.5186	-1
11751.5859	1
11754.6533	1
11757.7217	-1
11760.7900	-1
11763.8584	-1
11766.9268	-1
11769.9951	-1
11773.0635	-1
11776.1318	-1
11779.2002	-1
11782.2686	-1
11785.3369	-1
11788.4053	-1
11791.4736	-1
11794.5420	1
11797.6104	1
11800.6787	1
11803.7471	1
11806.8174	-1
11809.8877	-1
11812.9580	-1
11816.0283	-1
11819.0986	-1
11822.1689	-1
11825.2393	-1
11828.3096	-1
11831.3799	-1
11834.4502	-1
11837.5205	-1
11840.5908	-1
11843.6611	-1
11846.7314	-1
11849.8018	-1
11852.8721	-1
11855.9424	-1
11859.0127	-1
11862.0830	-1
11865.1533	-1
11868.2236	-1
11871.2939	-1
11874.3643	-1
11877.4346	-1
11880.5049	1
11883.5762	1
11886.6475	1
11889.7188	1
11892.7900	1
11895.8613	1
11898.9326	1
11902.0039	1
11905.0771	-1
11908.1504	-1
11911.2236	-1
11914.2969	-1
11917.3701	-1
11920.4434	-1
11923.5176	1
11926.5918	-1
11929.6660	-1
11932.7402	-1
11935.8145	-1
11938.8887	-1
11941.9629	-1
11945.0371	1
11948.1113	-1
11951.1855	-1
11954.2598	-1
11957.3340	-1
11960.4082	-1
11963.4824	-1
11966.5566	-1
11969.6309	-1
11972.7051	-1
11975.7793	-1
11978.8535	-1
11981.9277	-1
11985.0029	-1
11988.0781	-1
11991.1533	-1
11994.2285	-1
11997.3037	-1
12000.3789	-1
12003.4541	-1
12006.5293	-1
12009.6045	-1
12012.6797	-1
12015.7549	-1
12018.8301	-1
12021.9053	-1
12024.9805	-1
12028.0557	-1
12031.1309	-1
12034.2061	-1
12037.2812	-1
12040.3564	-1
12043.4316	-1
12046.5068	-1
12049.5820	-1
12052.6572	-1
12055.7324	-1
12058.8076	1
12061.8838	1
12064.9600	1
12068.0361	1
12071.1133	-1
12074.1904	-1
12077.2676	-1
12080.3447	-1
12083.4219	-1
12086.4990	-1
12089.5771	-1
12092.6553	-1
12095.7334	-1
12098.8115	-1
12101.8896	-1
12104.9678	-1
12108.0459	-1
12111.1240	-1
12114.2021	-1
12117.2803	-1
12120.3584	-1
12123.4365	-1
12126.5146	-1
12129.5928	-1
12132.6709	-1
12135.7490	-1
12138.8271	-1
12141.9053	-1
12144.9834	-1
12148.0615	-1
12151.1396	-1
12154.2178	-1
12157.2959	-1
12160.3740	-1
12163.4531	-1
12166.5322	-1
12169.6230	1
12172.7148	-1
12175.8076	1
12178.9004	1
12181.9941	-1
12185.0879	-1
12188.1816	-1
12191.2871	1
12194.3936	-1
12197.5010	1
12200.6084	1
12203.7168	-1
12206.8252	-1
12209.9336	-1
12213.0420	-1
12216.1504	-1
12219.2588	-1
12222.3672	-1
12225.4756	-1
12228.5840	-1
12231.6924	-1
12234.8008	-1
12237.9092	-1
12241.0176	1
12244.1260	1
12247.2344	1
12250.3428	1
12253.4521	-1
12256.5615	-1
12259.6709	-1
12262.7803	-1
12265.8896	-1
12268.9990	-1
12272.1084	-1
12275.2178	-1
12278.3271	-1
12281.4365	-1
12284.5459	-1
12287.6553	-1
12290.7656	-1
12293.8760	-1
12296.9863	-1
12300.0967	-1
12303.2070	-1
12306.3174	-1
12309.4277	-1
12312.5381	-1
12315.6484	-1
12318.7588	-1
12321.8691	-1
12324.9912	1
12328.1152	-1
12331.2393	1
12334.3633	1
12337.4883	-1
12340.6133	-1
12343.7383	-1
12346.8633	-1
12350.0000	1
12353.1377	-1
12356.2764	1
12359.4150	1
12362.5547	-1
12365.6943	-1
12368.8340	-1
12371.9736	-1
12375.1133	-1
12378.2529	-1
12381.3926	-1
12384.5322	-1
12387.6719	-1
12390.8115	-1
12393.9512	-1
12397.0908	-1
12400.2305	1
12403.3701	1
12406.5107	1
12409.6514	1
12412.7920	-1
12415.9326	-1
12419.0732	-1
12422.2139	-1
12425.3545	-1
12428.4951	-1
12431.6367	-1
12434.7783	-1
12437.9199	-1
12441.0615	-1
12444.2031	-1
12447.3447	-1
12450.4863	-1
12453.6279	-1
12456.7695	-1
12459.9111	-1
12463.0527	-1
12466.1943	-1
12469.3359	-1
12472.4775	-1
12475.6191	-1
12478.7607	-1
12481.9023	-1
12485.0439	-1
12488.1855	1
12491.3271	1
12494.4688	1
12497.6113	-1
12500.7539	-1
12503.8965	-1
12507.0391	-1
12510.1816	-1
12513.3242	-1
12516.4668	-1
12519.6094	-1
12522.7520	-1
12525.8945	-1
12529.0371	-1
12532.1797	-1
12535.3232	-1
12538.4785	1
12541.6348	-1
12544.7920	1
12547.9492	1
12551.1064	-1
12554.2637	-1
12557.4209	-1
12560.5781	-1
12563.7354	-1
12566.8926	-1
12570.0508	-1
12573.2090	-1
12576.3672	-1
12579.5254	-1
12582.6836	-1
12585.8418	-1
12589.0000	1
12592.1582	1
12595.3164	1
12598.4746	1
12601.6338	-1
12604.7930	-1
12607.9521	-1
12611.1113	-1
12614.2705	-1
12617.4297	-1
12620.5889	-1
12623.7480	-1
12626.9072	-1
12630.0664	-1
12633.2256	-1
12636.3848	-1
12639.5439	-1
12642.7031	-1
12645.8623	-1
12649.0215	-1
12652.1807	-1
12655.3398	-1
12658.4990	-1
12661.6699	1
12664.8428	-1
12668.0156	1
12671.1885	1
12674.3623	-1
12677.5361	-1
12681.5498	-1
12685.5645	1
