0.0000	0
0.0002	-1
0.0004	-1
1.2560	-1
2.6481	1
4.0404	-1
5.4327	-1
8.0605	-1
10.8796	1
13.6991	-1
16.5185	-1
20.4217	-1
24.5390	1
28.6567	-1
32.7743	-1
36.8969	1
41.0223	1
45.1478	1
49.2737	1
53.3998	1
57.5262	1
61.6527	-1
65.7793	1
69.9061	1
74.0333	1
78.1607	1
82.2884	1
86.4162	1
90.5444	1
94.6728	1
98.8015	1
102.9305	1
107.0595	-1
111.1887	1
115.3180	1
119.4473	1
123.5767	1
127.7061	1
131.8356	1
135.9652	1
140.0948	1
144.2244	1
148.3541	1
152.4839	1
156.6137	1
160.7447	-1
164.8759	-1
169.0571	-1
173.4290	1
177.9533	-1
182.4778	-1
187.2040	-1
191.9961	-1
196.7882	-1
201.6538	-1
206.5883	-1
211.5229	-1
216.5116	-1
221.5835	-1
226.7087	-1
231.8563	1
237.0041	1
242.1519	1
247.2998	1
252.4477	1
257.5956	1
262.7436	1
267.8916	1
273.0397	1
278.1877	1
283.3359	1
288.4854	1
293.6350	1
298.8566	-1
304.0783	-1
309.3002	-1
314.6538	-1
320.0395	-1
325.4540	-1
330.8687	-1
336.3548	-1
341.9018	-1
347.4934	-1
353.1993	-1
359.0088	-1
364.8505	-1
374.6633	1
384.4779	-1
394.2929	1
404.1079	1
413.9242	-1
423.7404	-1
433.5567	-1
443.3730	-1
453.1893	-1
463.0056	-1
472.8220	-1
482.6383	-1
492.4547	-1
502.2711	-1
512.0875	-1
521.9039	-1
531.7206	1
541.5374	1
551.3542	1
561.1710	1
570.9891	-1
580.8071	-1
590.6252	-1
600.4432	-1
610.2613	-1
620.0793	-1
629.8975	-1
639.7157	-1
649.5339	-1
659.3521	-1
669.1702	-1
678.9884	-1
688.8072	1
698.6260	1
708.4448	1
718.2637	-1
728.0825	-1
737.9014	-1
747.7202	-1
757.5391	-1
767.3579	1
777.1768	-1
786.9957	-1
796.8147	-1
806.6337	-1
816.4526	-1
826.2716	-1
836.0906	-1
845.9099	1
855.7293	1
865.5488	1
875.3682	1
885.1891	-1
895.0099	-1
904.8308	-1
914.6517	-1
924.4725	-1
934.2934	-1
944.1149	-1
953.9363	-1
963.7578	-1
973.5793	-1
983.4009	-1
993.2224	-1
1003.0442	-1
1012.8660	-1
1022.6877	-1
1032.5095	-1
1042.3313	-1
1052.1531	-1
1061.9750	-1
1071.7969	-1
1081.6188	-1
1091.4407	-1
1101.2626	-1
1111.0845	-1
1120.9066	1
1130.7288	1
1140.5509	1
1150.3730	1
1160.1954	1
1170.0178	1
1179.8402	1
1189.6636	-1
1199.4869	-1
1209.3103	-1
1219.1337	-1
1228.9570	-1
1238.7804	-1
1248.6039	-1
1258.4274	-1
1268.2509	-1
1278.0743	-1
1287.8978	-1
1297.7213	-1
1307.5454	-1
1317.3695	-1
1327.1936	-1
1337.0177	-1
1346.8418	-1
1356.6659	-1
1366.4901	-1
1376.3143	-1
1386.1385	-1
1395.9628	-1
1405.7870	-1
1415.6112	-1
1425.4370	-1
1435.2628	-1
1445.0886	-1
1454.9144	-1
1464.7402	-1
1474.5660	-1
1484.3920	-1
1494.2179	-1
1504.0438	-1
1513.8698	-1
1523.6957	-1
1533.5216	-1
1543.3477	-1
1553.1737	-1
1562.9998	-1
1572.8258	-1
1582.6519	-1
1592.4779	-1
1602.3049	-1
1612.1320	-1
1621.9590	-1
1631.7860	-1
1641.6130	-1
1651.4401	-1
1661.2672	-1
1671.0944	-1
1680.9215	-1
1690.7487	-1
1700.5758	-1
1710.4030	-1
1720.2302	-1
1730.0575	-1
1739.8848	-1
1749.7120	-1
1759.5393	-1
1769.3666	-1
1779.1938	-1
1789.0212	-1
1798.8486	-1
1808.6760	-1
1818.5034	-1
1828.3420	1
1838.1821	-1
1848.0225	1
1857.8629	1
1867.7046	-1
1877.5463	-1
1887.3879	-1
1897.2296	-1
1907.0713	-1
1916.9130	-1
1926.7548	-1
1936.5966	-1
1946.4384	-1
1956.2802	-1
1966.1219	-1
1975.9637	-1
1985.8058	1
1995.6479	1
2005.4901	1
2015.3323	1
2025.1758	-1
2035.0193	-1
2044.8628	-1
2054.7063	-1
2064.5498	-1
2074.3933	-1
2084.2371	-1
2094.0808	-1
2103.9246	-1
2113.7683	-1
2123.6121	-1
2133.4558	-1
2143.3000	-1
2153.1443	-1
2162.9885	-1
2172.8328	1
2182.6770	-1
2192.5212	-1
2202.3655	-1
2212.2097	1
2222.0540	1
2231.8982	1
2241.7424	-1
2251.5867	-1
2261.4309	-1
2271.2751	-1
2281.1194	-1
2290.9636	-1
2300.8081	1
2310.6531	1
2320.4980	1
2330.3430	1
2340.1897	-1
2350.0364	-1
2359.8831	-1
2369.7297	-1
2379.5764	-1
2389.4231	-1
2399.2703	1
2409.1174	-1
2418.9646	-1
2428.8118	-1
2438.6589	-1
2448.5061	-1
2458.3533	-1
2468.2009	-1
2478.0486	-1
2487.8962	-1
2497.7439	-1
2507.5916	-1
2517.4392	-1
2527.2874	-1
2537.1355	-1
2546.9836	-1
2556.8318	-1
2566.6799	-1
2576.5281	-1
2586.3770	-1
2596.2258	-1
2606.0747	-1
2615.9236	-1
2625.7725	-1
2635.6213	-1
2645.4702	-1
2655.3191	-1
2665.1680	-1
2675.0168	-1
2684.8657	-1
2694.7146	-1
2704.5637	-1
2714.4128	-1
2724.2620	-1
2734.1111	-1
2743.9602	-1
2753.8093	-1
2763.6587	-1
2773.5081	-1
2783.3574	-1
2793.2068	-1
2803.0562	-1
2812.9055	-1
2822.7554	-1
2832.6052	-1
2842.4551	-1
2852.3159	1
2862.1780	-1
2872.0403	1
2881.9026	1
2891.7656	-1
2901.6287	-1
2911.4917	-1
2921.3547	-1
2931.2178	-1
2941.0808	-1
2950.9438	-1
2960.8069	-1
2970.6699	-1
2980.5330	-1
2990.3960	-1
3000.2590	-1
3010.1226	1
3019.9861	1
3029.8496	1
3039.7131	1
3049.5774	-1
3059.4417	-1
3069.3059	-1
3079.1702	-1
3089.0344	-1
3098.8987	-1
3108.7632	-1
3118.6277	-1
3128.4922	-1
3138.3567	-1
3148.2212	-1
3158.0857	-1
3167.9502	-1
3177.8147	-1
3187.6792	-1
3197.5437	-1
3207.4082	-1
3217.2727	-1
3227.1375	-1
3237.0022	-1
3246.8669	-1
3256.7317	-1
3266.5964	-1
3276.4612	-1
3286.3262	1
3296.1912	1
3306.0566	-1
3315.9221	-1
3325.7876	-1
3335.6531	-1
3345.5186	-1
3355.3840	-1
3365.2498	-1
3375.1155	-1
3384.9812	-1
3394.8577	1
3404.7354	-1
3414.6133	1
3424.4912	1
3434.3701	-1
3444.2493	-1
3454.1389	1
3464.0298	-1
3473.9209	1
3483.8120	1
3493.7036	-1
3503.5952	-1
3513.4868	-1
3523.3787	-1
3533.2705	-1
3543.1624	-1
3553.0542	-1
3562.9460	-1
3572.8379	-1
3582.7297	-1
3592.6216	-1
3602.5134	-1
3612.4055	1
3622.2979	1
3632.1902	1
3642.0825	1
3651.9756	-1
3661.8687	-1
3671.7617	-1
3681.6548	-1
3691.5479	-1
3701.4409	-1
3711.3340	-1
3721.2271	-1
3731.1201	-1
3741.0132	-1
3750.9062	-1
3760.7993	-1
3770.6926	-1
3780.5859	-1
3790.4792	-1
3800.3726	-1
3810.2659	-1
3820.1592	-1
3830.0525	-1
3839.9458	-1
3849.8391	-1
3859.7324	-1
3869.6257	-1
3879.5190	-1
3889.4126	1
3899.3064	1
3909.2002	1
3919.0942	1
3928.9883	1
3938.8823	1
3948.7764	1
3958.6704	1
3968.5657	-1
3978.4609	-1
3988.3562	-1
3998.2515	-1
4008.1467	-1
4018.0420	-1
4027.9373	-1
4037.8328	-1
4047.7283	-1
4057.6238	-1
4067.5193	-1
4077.4148	-1
4087.3103	-1
4097.2056	-1
4107.1011	-1
4116.9966	-1
4126.8921	-1
4136.7876	-1
4146.6831	-1
4156.5786	-1
4166.4741	-1
4176.3696	-1
4186.2651	-1
4196.1606	-1
4206.0562	-1
4215.9517	-1
4225.8472	-1
4235.7427	-1
4245.6382	-1
4255.5337	-1
4265.4297	-1
4275.3257	-1
4285.2217	-1
4295.1177	-1
4305.0137	-1
4314.9097	-1
4324.8057	-1
4334.7017	-1
4344.5977	-1
4354.4937	-1
4364.3896	-1
4374.2856	-1
4384.1816	-1
4394.0776	-1
4403.9736	-1
4413.8696	-1
4423.7656	-1
4433.6616	-1
4443.5576	1
4453.4536	1
4463.3506	-1
4473.2476	-1
4483.1445	-1
4493.0415	-1
4502.9385	-1
4512.8354	-1
4522.7329	-1
4532.6304	-1
4542.5278	-1
4552.4253	-1
4562.3228	-1
4572.2202	-1
4582.1177	1
4592.0151	1
4601.9131	1
4611.8110	1
4621.7095	-1
4631.6079	-1
4641.5063	-1
4651.4048	-1
4661.3032	-1
4671.2017	-1
4681.1006	-1
4690.9995	-1
4700.8984	-1
4710.7974	-1
4720.6963	-1
4730.5952	-1
4740.4941	-1
4750.3931	-1
4760.2920	-1
4770.1909	-1
4780.0898	-1
4789.9888	-1
4799.8877	-1
4809.7866	-1
4819.6958	1
4829.6064	-1
4839.5171	1
4849.4277	1
4859.3394	-1
4869.2510	-1
4879.1626	-1
4889.0747	-1
4898.9971	1
4908.9204	-1
4918.8442	1
4928.7681	1
4938.6934	-1
4948.6187	-1
4958.5439	-1
4968.4692	-1
4978.3945	-1
4988.3301	1
4998.2666	-1
5008.2036	1
5018.1406	1
5028.0786	-1
5038.0166	-1
5047.9546	-1
5057.8926	-1
5067.8306	-1
5077.7686	-1
5087.7070	-1
5097.6455	-1
5107.5840	-1
5117.5225	-1
5127.4609	-1
5137.3994	-1
5147.3379	1
5157.2764	1
5167.2148	1
5177.1538	1
5187.0942	-1
5197.0347	-1
5206.9751	-1
5216.9155	-1
5226.8560	-1
5236.7964	-1
5246.7368	-1
5256.6772	-1
5266.6177	-1
5276.5581	-1
5286.4985	-1
5296.4390	-1
5306.3794	-1
5316.3198	-1
5326.2603	-1
5336.2007	-1
5346.1411	-1
5356.0815	-1
5366.0220	-1
5375.9624	-1
5385.9028	-1
5395.8433	-1
5405.7837	-1
5415.7241	-1
5425.6650	1
5435.6060	1
5445.5469	1
5455.4878	1
5465.4287	1
5475.3696	1
5485.3110	1
5495.2524	1
5505.1953	-1
5515.1382	-1
5525.0811	-1
5535.0239	-1
5544.9668	-1
5554.9097	-1
5564.8535	-1
5574.7974	-1
5584.7412	-1
5594.6851	-1
5604.6289	-1
5614.5728	-1
5624.5166	-1
5634.4604	-1
5644.4043	-1
5654.3481	-1
5664.2920	-1
5674.2358	-1
5684.1802	1
5694.1245	1
5704.0693	1
5714.0142	1
5723.9590	-1
5733.9038	-1
5743.8486	-1
5753.7935	-1
5763.7383	-1
5773.6831	-1
5783.6279	-1
5793.5728	-1
5803.5176	-1
5813.4624	-1
5823.4072	-1
5833.3521	-1
5843.2974	-1
5853.2427	-1
5863.1880	-1
5873.1333	-1
5883.0786	-1
5893.0239	-1
5902.9692	-1
5912.9146	-1
5922.8599	-1
5932.8052	-1
5942.7505	-1
5952.6958	-1
5962.6411	-1
5972.5864	-1
5982.5317	-1
5992.4771	-1
6002.4224	-1
6012.3677	-1
6022.3149	-1
6032.2622	-1
6042.2095	-1
6052.1567	-1
6062.1040	-1
6072.0513	-1
6081.9985	-1
6091.9458	-1
6101.8931	-1
6111.8403	-1
6121.7876	-1
6131.7349	-1
6141.6826	-1
6151.6304	-1
6161.5781	-1
6171.5259	-1
6181.4736	-1
6191.4214	-1
6201.3691	-1
6211.3169	-1
6221.2646	-1
6231.2227	1
6241.1816	-1
6251.1411	1
6261.1006	1
6271.0610	-1
6281.0215	-1
6290.9819	-1
6300.9424	-1
6310.9028	-1
6320.8633	-1
6330.8237	-1
6340.7842	-1
6350.7446	-1
6360.7051	-1
6370.6655	-1
6380.6260	-1
6390.5869	1
6400.5479	1
6410.5088	1
6420.4697	1
6430.4321	-1
6440.3945	-1
6450.3569	-1
6460.3193	-1
6470.2817	-1
6480.2441	-1
6490.2070	-1
6500.1699	-1
6510.1328	-1
6520.0957	-1
6530.0586	-1
6540.0215	-1
6549.9844	1
6559.9473	-1
6569.9102	-1
6579.8730	-1
6589.8359	-1
6599.7988	-1
6609.7617	-1
6619.7251	-1
6629.6885	-1
6639.6519	-1
6649.6152	-1
6659.5786	-1
6669.5420	-1
6679.5054	1
6689.4688	1
6699.4321	1
6709.3960	1
6719.3599	1
6729.3242	-1
6739.2886	-1
6749.2529	-1
6759.2173	-1
6769.1816	-1
6779.1460	-1
6789.1118	-1
6799.0776	-1
6809.0435	-1
6819.0093	-1
6828.9751	-1
6838.9409	-1
6848.9077	-1
6858.8745	-1
6868.8413	-1
6878.8081	-1
6888.7749	-1
6898.7417	-1
6908.7085	-1
6918.6753	-1
6928.6421	-1
6938.6089	-1
6948.5757	-1
6958.5425	-1
6968.5093	-1
6978.4761	-1
6988.4429	-1
6998.4097	-1
7008.3765	-1
7018.3433	-1
7028.3101	-1
7038.2769	-1
7048.2437	-1
7058.2207	1
7068.1992	-1
7078.1782	1
7088.1572	1
7098.1372	-1
7108.1172	-1
7118.0972	-1
7128.0771	-1
7138.0571	-1
7148.0371	-1
7158.0171	-1
7167.9971	-1
7177.9771	-1
7187.9570	-1
7197.9370	-1
7207.9170	-1
7217.8975	1
7227.8779	1
7237.8584	1
7247.8389	1
7257.8213	-1
7267.8037	-1
7277.7861	-1
7287.7686	-1
7297.7510	-1
7307.7334	-1
7317.7158	-1
7327.6982	-1
7337.6807	-1
7347.6631	-1
7357.6455	-1
7367.6279	-1
7377.6108	1
7387.5938	-1
7397.5767	-1
7407.5596	-1
7417.5425	-1
7427.5254	-1
7437.5083	-1
7447.4912	1
7457.4741	-1
7467.4570	-1
7477.4399	-1
7487.4229	-1
7497.4058	-1
7507.3887	-1
7517.3721	1
7527.3555	1
7537.3389	1
7547.3223	1
7557.3057	1
7567.2891	1
7577.2734	-1
7587.2578	-1
7597.2422	-1
7607.2266	-1
7617.2109	-1
7627.1953	-1
7637.1807	-1
7647.1660	-1
7657.1514	-1
7667.1367	-1
7677.1221	-1
7687.1074	-1
7697.0933	-1
7707.0791	-1
7717.0649	-1
7727.0508	-1
7737.0366	-1
7747.0225	-1
7757.0083	-1
7766.9941	-1
7776.9800	-1
7786.9658	-1
7796.9517	-1
7806.9375	-1
7816.9243	-1
7826.9111	-1
7836.8979	-1
7846.8848	-1
7856.8716	-1
7866.8584	-1
7876.8457	-1
7886.8330	-1
7896.8203	-1
7906.8076	-1
7916.7949	-1
7926.7822	-1
7936.7695	-1
7946.7568	-1
7956.7441	-1
7966.7314	-1
7976.7188	-1
7986.7061	-1
7996.6938	-1
8006.6919	1
8016.6914	-1
8026.6909	1
8036.6909	1
8046.6919	-1
8056.6929	-1
8066.6938	-1
8076.6948	-1
8086.6958	-1
8096.6968	-1
8106.6978	-1
8116.7085	1
8126.7207	-1
8136.7329	1
8146.7451	1
8156.7583	-1
8166.7715	-1
8176.7847	-1
8186.8076	1
8196.8320	-1
8206.8564	1
8216.8809	1
8226.9062	-1
8236.9316	-1
8246.9570	-1
8256.9824	-1
8267.0176	1
8277.0537	-1
8287.0908	1
8297.1279	1
8307.1650	-1
8317.2021	-1
8327.2402	-1
8337.2871	1
8347.3350	-1
8357.3838	1
8367.4326	1
8377.4824	-1
8387.5322	-1
8397.5918	1
8407.6523	-1
8417.7129	1
8427.7734	1
8437.8350	-1
8447.8965	-1
8457.9678	1
8468.0400	-1
8478.1123	1
8488.1846	1
8498.2588	-1
8508.3330	-1
8518.4072	-1
8528.4814	-1
8538.5645	1
8548.6494	-1
8558.7344	1
8568.8193	1
8578.9053	-1
8588.9912	-1
8599.0771	-1
8609.1631	-1
8619.2588	1
8629.3555	-1
8639.4531	1
8649.5508	1
8659.6494	-1
8669.7480	-1
8679.8467	-1
8689.9541	1
8700.0635	-1
8710.1729	1
8720.2822	1
8730.3926	-1
8740.5029	-1
8750.6133	-1
8760.7236	-1
8770.8340	-1
8780.9443	-1
8791.0547	-1
8801.1650	-1
8811.2754	-1
8821.3857	-1
8831.4961	-1
8841.6064	-1
8851.7178	1
8861.8291	1
8871.9414	-1
8882.0537	-1
8892.1660	-1
8902.2783	-1
8912.3906	-1
8922.5029	-1
8932.6152	-1
8942.7373	1
8952.8604	-1
8962.9834	1
8973.1064	1
8983.2305	-1
8993.3545	-1
9003.4893	1
9013.6250	-1
9023.7607	1
9033.8965	1
9044.0332	-1
9054.1699	-1
9064.3066	-1
9074.4531	1
9084.6006	-1
9094.7490	1
9104.8975	1
9115.0469	-1
9125.1963	-1
9135.3457	-1
9145.4951	-1
9155.6445	-1
9165.7939	-1
9175.9434	-1
9186.0928	-1
9196.2422	-1
9206.4014	1
9216.5615	-1
9226.7227	1
9236.8838	1
9247.0459	-1
9257.2080	-1
9267.3701	-1
9277.5322	-1
9287.6943	-1
9297.8564	-1
9308.0186	-1
9318.1807	-1
9328.3428	-1
9338.5049	-1
9348.6670	-1
9358.8291	-1
9368.9912	1
9379.1533	1
9389.3154	1
9399.4775	1
9409.6416	-1
9419.8057	-1
9429.9697	-1
9440.1338	-1
9450.2979	-1
9460.4619	-1
9470.6260	1
9480.7900	1
9490.9551	-1
9501.1201	-1
9511.2852	-1
9521.4502	-1
9531.6152	-1
9541.7803	-1
9551.9453	-1
9562.1104	-1
9572.2754	-1
9582.4404	-1
9592.6055	-1
9602.7705	-1
9612.9355	-1
9623.1006	-1
9633.2656	-1
9643.4307	-1
9653.5957	-1
9663.7607	-1
9673.9268	1
9684.0928	1
9694.2588	1
9704.4248	-1
9714.5908	-1
9724.7568	-1
9734.9229	-1
9745.0889	-1
9755.2549	-1
9765.4219	-1
9775.5889	-1
9785.7559	-1
9795.9229	-1
9806.0898	-1
9816.2568	-1
9826.4248	-1
9836.5928	-1
9846.7607	-1
9856.9287	-1
9867.0967	-1
9877.2646	-1
9887.4326	-1
9897.6006	-1
9907.7686	-1
9917.9365	-1
9928.1045	-1
9938.2725	-1
9948.4404	-1
9958.6084	-1
9968.7764	-1
9978.9443	-1
9989.1123	-1
9999.2803	-1
10009.4580	1
10019.6377	-1
10029.8174	1
10039.9971	1
10050.1777	-1
10060.3584	-1
10070.5391	-1
10080.7197	-1
10090.9004	-1
10101.0811	-1
10111.2617	-1
10121.4424	-1
10131.6230	-1
10141.8037	-1
10151.9844	-1
10162.1650	-1
10172.3457	1
10182.5273	1
10192.7090	1
10202.8906	1
10213.0732	-1
10223.2559	-1
10233.4385	-1
10243.6211	-1
10253.8037	-1
10263.9863	-1
10274.1689	-1
10284.3516	-1
10294.5342	-1
10304.7168	-1
10314.8994	-1
10325.0820	-1
10335.2646	-1
10345.4473	-1
10355.6299	-1
10365.8125	-1
10375.9951	-1
10386.1777	-1
10396.3613	-1
10406.5449	-1
10416.7285	-1
10426.9121	-1
10437.0957	-1
10447.2793	-1
10457.4629	1
10467.6465	1
10477.8311	-1
10488.0156	-1
10498.2002	-1
10508.3848	-1
10518.5693	-1
10528.7539	-1
10538.9385	-1
10549.1230	-1
10559.3174	1
10569.5137	-1
10579.7100	1
10589.9062	1
10600.1035	-1
10610.3008	-1
10620.4980	-1
10630.6953	-1
10640.8926	-1
10651.0898	-1
10661.2871	-1
10671.4844	-1
10681.6816	-1
10691.8789	-1
10702.0762	-1
10712.2734	-1
10722.4717	1
10732.6699	1
10742.8682	1
10753.0664	1
10763.2656	-1
10773.4648	-1
10783.6641	-1
10793.8633	-1
10804.0625	-1
10814.2617	-1
10824.4619	1
10834.6621	1
10844.8623	-1
10855.0625	-1
10865.2627	-1
10875.4629	-1
10885.6631	-1
10895.8633	-1
10906.0635	-1
10916.2637	-1
10926.4639	-1
10936.6641	-1
10946.8643	-1
10957.0645	-1
10967.2646	-1
10977.4648	-1
10987.6650	-1
10997.8652	-1
11008.0654	-1
11018.2656	-1
11028.4658	1
11038.6660	1
11048.8662	1
11059.0664	1
11069.2666	1
11079.4668	1
11089.6699	-1
11099.8730	-1
11110.0762	-1
11120.2793	-1
11130.4824	-1
11140.6855	-1
11150.8887	-1
11161.0918	-1
11171.2949	-1
11181.4980	-1
11191.7012	-1
11201.9043	-1
11212.1074	-1
11222.3105	-1
11232.5137	-1
11242.7168	-1
11252.9199	-1
11263.1230	-1
11273.3262	-1
11283.5293	-1
11293.7324	-1
11303.9355	-1
11314.1387	-1
11324.3418	-1
11334.5459	-1
11344.7500	-1
11354.9541	-1
11365.1582	-1
11375.3623	-1
11385.5664	-1
11395.7705	1
11405.9746	-1
11416.1787	-1
11426.3828	-1
11436.5869	-1
11446.7910	-1
11456.9951	-1
11467.1992	-1
11477.4033	-1
11487.6074	-1
11497.8115	-1
11508.0156	-1
11518.2197	-1
11528.4248	-1
11538.6299	-1
11548.8350	-1
11559.0400	-1
11569.2451	-1
11579.4502	-1
11589.6562	-1
11599.8623	-1
11610.0684	-1
11620.2744	-1
11630.4805	-1
11640.6963	1
11650.9131	-1
11661.1299	1
11671.3467	1
11681.5645	-1
11691.7822	-1
11702.0000	-1
11712.2178	-1
11722.4355	-1
11732.6533	-1
11742.8711	-1
11753.0898	-1
11763.3086	-1
11773.5273	-1
11783.7461	-1
11793.9648	-1
11804.1836	1
11814.4023	1
11824.6211	1
11834.8398	1
11845.0596	-1
11855.2803	-1
11865.5010	-1
11875.7217	-1
11885.9424	-1
11896.1631	-1
11906.3838	-1
11916.6045	-1
11926.8252	-1
11937.0459	-1
11947.2666	-1
11957.4873	-1
11967.7080	1
11977.9287	1
11988.1494	1
11998.3701	1
12008.5908	-1
12018.8115	-1
12029.0322	-1
12039.2529	-1
12049.4736	-1
12059.6943	-1
12069.9150	-1
12080.1357	-1
12090.3564	-1
12100.5771	-1
12110.7979	-1
12121.0186	-1
12131.2402	1
12141.4619	1
12151.6836	1
12161.9053	1
12172.1279	-1
12182.3506	-1
12192.5732	-1
12202.7959	-1
12213.0186	-1
12223.2412	-1
12233.4648	1
12243.6885	1
12253.9121	-1
12264.1357	-1
12274.3594	-1
12284.5830	-1
12294.8066	-1
12305.0303	-1
12315.2549	-1
12325.4795	-1
12335.7041	-1
12345.9287	-1
12356.1533	-1
12366.3779	-1
12376.6035	-1
12386.8291	-1
12397.0547	-1
12407.2803	-1
12417.5059	-1
12427.7314	-1
12437.9570	-1
12448.1826	-1
12458.4082	-1
12468.6338	-1
12478.8594	-1
12489.0850	-1
12499.3115	-1
12509.5381	-1
12519.7646	-1
12529.9912	-1
12540.2178	-1
12550.4443	-1
12560.6709	-1
12570.8975	-1
12581.1240	-1
12591.3506	-1
12601.5771	-1
12611.8037	-1
12622.0303	-1
12632.2568	-1
12642.4834	-1
12652.7100	-1
12662.9365	-1
12673.1631	-1
12683.3896	-1
12693.6162	-1
12703.8428	-1
12714.0693	-1
12724.2959	-1
12734.5225	-1
12744.7490	-1
12754.9756	-1
12765.2119	1
12775.4502	-1
12785.6885	1
12795.9268	1
12806.1660	-1
12816.4053	-1
12826.6445	-1
12836.8838	-1
12847.1230	-1
12857.3623	-1
12867.6016	-1
12877.8408	-1
12888.0801	-1
12898.3193	-1
12908.5586	-1
12918.7979	-1
12929.0371	1
12939.2773	-1
12949.5176	-1
12959.7578	-1
12969.9980	-1
12980.2490	1
12990.5010	-1
13000.7529	1
13011.0049	1
13021.2578	-1
13031.5107	-1
13041.7637	-1
13052.0166	-1
13062.2695	-1
13072.5225	-1
13082.7754	-1
13093.0283	-1
13103.2812	-1
13113.5342	-1
13123.7871	-1
13134.0400	-1
13144.2939	1
13154.5479	1
13164.8027	-1
13175.0576	-1
13185.3125	-1
13195.5674	-1
13205.8223	-1
13216.0771	-1
13226.3320	-1
13236.5869	-1
13246.8516	1
13257.1172	-1
13267.3828	1
13277.6484	1
13287.9150	-1
13298.1816	-1
13308.4482	-1
13318.7148	-1
13328.9814	-1
13339.2480	-1
13349.5156	-1
13359.7832	-1
13370.0508	-1
13380.3184	-1
13390.5859	-1
13400.8535	-1
13411.1211	1
13421.3887	1
13431.6562	1
13441.9238	1
13452.1934	-1
13462.4629	-1
13472.7324	-1
13483.0020	-1
13493.2715	-1
13503.5410	-1
13513.8105	-1
13524.0801	-1
13534.3496	-1
13544.6191	-1
13554.8887	-1
13565.1582	-1
13575.4277	1
13585.6973	-1
13595.9668	1
13606.2363	-1
13616.5059	-1
13626.7754	-1
13637.0449	-1
13647.3145	-1
13657.5840	1
13667.8545	1
13678.1250	1
13688.3955	-1
13698.6660	-1
13708.9365	1
13719.2070	-1
13729.4775	-1
13739.7480	-1
13750.0186	-1
13760.2900	1
13770.5615	1
13780.8340	-1
13791.1064	-1
13801.3789	-1
13811.6514	-1
13821.9238	-1
13832.1963	-1
13842.4697	1
13852.7432	1
13863.0166	-1
13873.2900	-1
13883.5635	-1
13893.8369	-1
13904.1104	-1
13914.3838	-1
13924.6572	-1
13934.9307	-1
13945.2041	-1
13955.4775	-1
13965.7510	-1
13976.0244	-1
13986.2988	-1
13996.5732	-1
14006.8477	-1
14017.1221	-1
14027.3965	-1
14037.6709	-1
14047.9453	1
14058.2197	1
14068.4951	1
14078.7705	1
14089.0459	1
14099.3213	1
14109.5967	-1
14119.8721	-1
14130.1475	-1
14140.4229	-1
14150.6982	-1
14160.9736	-1
14171.2490	-1
14181.5244	-1
14191.7998	-1
14202.0752	-1
14212.3506	-1
14222.6260	-1
14232.9023	-1
14243.1787	-1
14253.4551	-1
14263.7314	-1
14274.0078	-1
14284.2842	-1
14294.5605	-1
14304.8369	-1
14315.1133	-1
14325.3896	-1
14335.6660	-1
14345.9424	-1
14356.2188	1
14366.4951	1
14376.7715	1
14387.0479	1
14397.3242	1
14407.6006	1
14417.8779	1
14428.1553	1
14438.4336	-1
14448.7119	-1
14458.9902	-1
14469.2686	-1
14479.5469	-1
14489.8252	-1
14500.1055	-1
14510.3857	-1
14520.6660	-1
14530.9463	-1
14541.2266	-1
14551.5068	-1
14561.7871	-1
14572.0674	-1
14582.3477	-1
14592.6279	-1
14602.9082	-1
14613.1885	-1
14623.4688	-1
14633.7490	-1
14644.0293	-1
14654.3096	-1
14664.5898	-1
14674.8701	-1
14685.1504	-1
14695.4307	-1
14705.7109	-1
14715.9912	-1
14726.2715	-1
14736.5518	-1
14746.8320	-1
14757.1123	-1
14767.3926	-1
14777.6729	-1
14787.9531	-1
14798.2334	-1
14808.5137	-1
14818.7939	-1
14829.0742	-1
14839.3545	-1
14849.6348	-1
14859.9150	-1
14870.1963	1
14880.4775	-1
14890.7588	-1
14901.0400	-1
14911.3213	-1
14921.6025	-1
14931.8838	-1
14942.1670	-1
14952.4502	-1
14962.7334	-1
14973.0166	-1
14983.2998	-1
14993.5830	-1
15003.8662	-1
15014.1494	-1
15024.4326	-1
15034.7158	-1
15044.9990	-1
15055.2822	-1
15065.5664	-1
15075.8506	-1
15086.1348	-1
15096.4189	-1
15106.7031	-1
15116.9873	-1
15127.2715	-1
15137.5557	-1
15147.8398	-1
15158.1240	-1
15168.4082	-1
15178.6924	-1
15188.9766	-1
15199.2607	-1
15209.5449	-1
15219.8291	-1
15230.1133	-1
15240.3975	-1
15250.6816	-1
15260.9658	-1
15271.2500	-1
15281.5342	-1
15291.8184	-1
15302.1025	-1
15312.3867	-1
15322.6709	-1
15332.9551	-1
15343.2393	-1
15353.5234	-1
15363.8076	-1
15374.0928	-1
15384.3779	-1
15394.6631	-1
15404.9482	-1
15415.2334	-1
15425.5186	-1
15435.8037	-1
15446.0889	-1
15456.3740	-1
15466.6592	-1
15476.9443	-1
15487.2295	-1
15497.5254	1
15507.8223	-1
15518.1191	1
15528.4170	1
15538.7158	-1
15549.0146	-1
15559.3135	-1
15569.6123	-1
15579.9111	-1
15590.2100	-1
15600.5088	-1
15610.8076	-1
15621.1064	-1
15631.4053	-1
15641.7041	-1
15652.0029	-1
15662.3018	1
15672.6006	1
15682.8994	1
15693.1982	1
15703.4990	-1
15713.7998	-1
15724.1006	-1
15734.4014	-1
15744.7021	-1
15755.0029	-1
15765.3037	-1
15775.6045	-1
15785.9053	-1
15796.2061	-1
15806.5068	-1
15816.8076	-1
15827.1084	-1
15837.4092	-1
15847.7100	-1
15858.0107	-1
15868.3115	-1
15878.6123	-1
15888.9131	1
15899.2139	-1
15909.5146	-1
15919.8154	-1
15930.1162	-1
15940.4170	1
15950.7178	-1
15961.0186	-1
15971.3193	1
15981.6201	1
15991.9219	1
16002.2236	1
16012.5254	1
16022.8271	1
16033.1299	-1
16043.4326	-1
16053.7354	-1
16064.0381	-1
16074.3408	-1
16084.6436	-1
16094.9473	1
16105.2510	1
16115.5557	-1
16125.8604	-1
16136.1650	-1
16146.4697	-1
16156.7744	-1
16167.0791	-1
16177.3838	-1
16187.6885	-1
16197.9932	-1
16208.2979	-1
16218.6025	-1
16228.9072	-1
16239.2129	-1
16249.5186	-1
16259.8242	-1
16270.1309	-1
16280.4375	-1
16290.7441	-1
16301.0508	-1
16311.3574	-1
16321.6641	-1
16331.9707	-1
16342.2773	-1
16352.5840	-1
16362.8906	-1
16373.1973	-1
16383.5039	-1
16393.8105	-1
16404.1172	-1
16414.4238	-1
16424.7305	-1
16435.0371	-1
16445.3438	-1
16455.6504	-1
16465.9570	-1
16476.2637	-1
16486.5703	-1
16496.8770	-1
16507.1836	-1
16517.4902	-1
16527.7969	-1
16538.1035	-1
16548.4102	-1
16558.7168	-1
16569.0234	-1
16579.3301	-1
16589.6367	-1
16599.9434	-1
16610.2500	-1
16620.5566	-1
16630.8633	-1
16641.1797	1
16651.4980	-1
16661.8164	1
16672.1348	1
16682.4551	-1
16692.7754	-1
16703.0957	-1
16713.4160	-1
16723.7363	-1
16734.0566	-1
16744.3770	-1
16754.6973	-1
16765.0273	1
16775.3594	-1
16785.6914	1
16796.0234	1
16806.3555	-1
16816.6875	-1
16827.0195	-1
16837.3516	-1
16847.6836	-1
16858.0156	-1
16868.3477	-1
16878.6797	-1
16889.0117	-1
16899.3438	-1
16909.6758	-1
16920.0078	-1
16930.3398	1
16940.6719	1
16951.0059	1
16961.3398	1
16971.6738	-1
16982.0078	-1
16992.3418	-1
17002.6758	-1
17013.0098	-1
17023.3438	-1
17033.6777	-1
17044.0117	-1
17054.3457	-1
17064.6797	-1
17075.0137	-1
17085.3477	-1
17095.6816	-1
17106.0156	-1
17116.3496	-1
17126.6836	-1
17137.0176	-1
17147.3516	-1
17157.6875	-1
17168.0234	-1
17178.3594	-1
17188.6953	-1
17199.0312	-1
17209.3672	-1
17219.7031	1
17230.0391	1
17240.3750	1
17250.7109	1
17261.0469	1
17271.3828	1
17281.7188	1
17292.0547	1
17302.3926	-1
17312.7305	-1
17323.0684	-1
17333.4062	-1
17343.7441	-1
17354.0820	-1
17364.4199	-1
17374.7578	-1
17385.0957	-1
17395.4336	-1
17405.7715	-1
17416.1094	-1
17426.4473	1
17436.7871	1
17447.1270	1
17457.4668	1
17467.8066	-1
17478.1465	-1
17488.4863	-1
17498.8262	-1
17509.1660	-1
17519.5059	-1
17529.8457	-1
17540.1855	-1
17550.5254	-1
17560.8652	-1
17571.2051	-1
17581.5449	-1
17591.8848	1
17602.2246	1
17612.5664	-1
17622.9082	-1
17633.2500	-1
17643.5918	-1
17653.9336	-1
17664.2754	-1
17674.6172	1
17684.9590	-1
17695.3008	-1
17705.6426	-1
17715.9844	-1
17726.3262	-1
17736.6680	-1
17747.0098	-1
17757.3516	-1
17767.6934	-1
17778.0352	-1
17788.3770	-1
17798.7188	-1
17809.0605	-1
17819.4023	-1
17829.7441	-1
17840.0859	-1
17850.4277	-1
17860.7695	-1
17871.1113	1
17881.4531	1
17891.7969	-1
17902.1406	-1
17912.4844	-1
17922.8281	-1
17933.1719	-1
17943.5156	-1
17953.8613	-1
17964.2070	-1
17974.5527	-1
17984.8984	-1
17995.2441	-1
18005.5898	-1
18015.9355	-1
18026.2812	-1
18036.6270	-1
18046.9727	-1
18057.3184	-1
18067.6641	-1
18078.0098	-1
18088.3555	-1
18098.7012	-1
18109.0469	-1
18119.3926	-1
18129.7383	-1
18140.0840	-1
18150.4297	-1
18160.7754	-1
18171.1211	-1
18181.4668	-1
18191.8125	-1
18202.1582	-1
18212.5039	-1
18222.8496	-1
18233.1953	-1
18243.5410	-1
18253.8867	-1
18264.2324	-1
18274.5781	-1
18284.9238	-1
18295.2695	-1
18305.6152	-1
18315.9609	-1
18326.3066	-1
18336.6523	-1
18346.9980	-1
18357.3438	-1
18367.6895	-1
18378.0352	-1
18388.3809	-1
18398.7266	-1
18409.0723	-1
18419.4277	1
18429.7852	-1
18440.1426	1
18450.5000	1
18460.8594	-1
18471.2188	-1
18481.5781	-1
18491.9375	-1
18502.2969	-1
18512.6562	-1
18523.0156	-1
18533.3750	-1
18543.7344	-1
18554.0938	-1
18564.4531	-1
18574.8125	-1
18585.1719	1
18595.5312	1
18605.8906	-1
18616.2500	-1
18626.6094	-1
18636.9688	-1
18647.3281	-1
18657.6875	-1
18668.0469	-1
18678.4062	-1
18688.7754	1
18699.1465	-1
18709.5176	1
18719.8887	1
18730.2617	-1
18740.6348	-1
18751.0078	-1
18761.3809	-1
18771.7539	-1
18782.1270	-1
18792.5000	-1
18802.8730	-1
18813.2461	-1
18823.6191	-1
18833.9922	-1
18844.3652	-1
18854.7383	1
18865.1113	1
18875.4863	-1
18885.8613	-1
18896.2363	-1
18906.6113	-1
18916.9863	-1
18927.3613	-1
18937.7363	-1
18948.1113	-1
18958.4863	-1
18968.8711	1
18979.2559	-1
18989.6406	1
19000.0254	1
19010.4121	-1
19020.7988	-1
19031.1855	-1
19041.5723	-1
19051.9590	-1
19062.3457	-1
19072.7324	-1
19083.1191	-1
19093.5059	-1
19103.8926	-1
19114.2793	-1
19124.6660	-1
19135.0527	1
19145.4395	1
19155.8262	1
19166.2129	1
19176.6016	-1
19186.9902	-1
19197.3789	-1
19207.7676	-1
19218.1562	-1
19228.5449	-1
19238.9336	-1
19249.3223	-1
19259.7109	-1
19270.0996	-1
19280.4883	-1
19290.8770	-1
19301.2656	-1
19311.6543	-1
19322.0430	-1
19332.4316	-1
19342.8203	-1
19353.2090	-1
19363.5977	-1
19373.9863	-1
19384.3750	-1
19394.7637	-1
19405.1523	-1
19415.5410	-1
19425.9297	1
19436.3184	1
19446.7070	1
19457.0957	1
19467.4844	1
19477.8730	1
19488.2637	1
19498.6543	1
19509.0469	-1
19519.4395	-1
19529.8320	-1
19540.2246	-1
19550.6172	-1
19561.0098	-1
19571.4023	-1
19581.7949	-1
19592.1875	-1
19602.5801	-1
19612.9727	-1
19623.3652	-1
19633.7578	-1
19644.1504	-1
19654.5430	-1
19664.9355	-1
19675.3281	-1
19685.7207	-1
19696.1133	-1
19706.5059	-1
19716.8984	-1
19727.2910	-1
19737.6836	-1
19748.0762	-1
19758.4688	1
19768.8613	1
19779.2539	1
19789.6465	1
19800.0391	1
19810.4316	1
19820.8262	-1
19831.2207	-1
19841.6152	-1
19852.0098	-1
19862.4043	-1
19872.7988	-1
19883.1934	-1
19893.5879	-1
19903.9824	-1
19914.3770	-1
19924.7715	-1
19935.1660	-1
19945.5605	-1
19955.9551	-1
19966.3496	-1
19976.7441	-1
19987.1387	-1
19997.5332	-1
20007.9277	-1
20018.3223	-1
20028.7168	-1
20039.1113	-1
20049.5059	-1
20059.9004	-1
20070.2949	1
20080.6895	1
20091.0859	-1
20101.4824	-1
20111.8789	-1
20122.2754	-1
20132.6719	-1
20143.0684	-1
20153.4648	1
20163.8613	1
20174.2578	1
20184.6543	1
20195.0508	1
20205.4473	1
20215.8438	1
20226.2402	1
20236.6367	1
20247.0332	1
20257.4316	-1
20267.8301	-1
20278.2285	-1
20288.6270	-1
20299.0254	-1
20309.4238	-1
20319.8223	-1
20330.2207	-1
20340.6191	-1
20351.0176	-1
20361.4160	-1
20371.8145	-1
20382.2129	1
20392.6113	1
20403.0098	-1
20413.4082	-1
20423.8066	-1
20434.2051	-1
20444.6035	-1
20455.0020	-1
20465.4023	-1
20475.8027	-1
20486.2031	-1
20496.6035	-1
20507.0039	-1
20517.4043	-1
20527.8047	1
20538.2051	1
20548.6055	-1
20559.0059	-1
20569.4062	-1
20579.8066	-1
20590.2070	-1
20600.6074	-1
20611.0098	-1
20621.4121	-1
20631.8145	-1
20642.2168	-1
20652.6191	-1
20663.0215	-1
20673.4238	-1
20683.8262	-1
20694.2285	-1
20704.6309	-1
20715.0332	-1
20725.4355	-1
20735.8379	-1
20746.2402	-1
20756.6426	-1
20767.0449	-1
20777.4473	-1
20787.8496	-1
20798.2520	1
20808.6543	-1
20819.0566	-1
20829.4590	-1
20839.8613	-1
20850.2637	-1
20860.6660	-1
20871.0703	-1
20881.4746	-1
20891.8789	-1
20902.2832	-1
20912.6875	-1
20923.0918	-1
20933.4980	-1
20943.9043	-1
20954.3105	-1
20964.7168	-1
20975.1230	-1
20985.5293	-1
20995.9355	-1
21006.3418	-1
21016.7480	-1
21027.1543	-1
21037.5605	-1
21047.9668	-1
21058.3730	-1
21068.7793	-1
21079.1855	-1
21089.5918	-1
21099.9980	-1
21110.4043	-1
21120.8105	-1
21131.2168	-1
21141.6230	-1
21152.0293	-1
21162.4355	-1
21172.8418	-1
21183.2480	-1
21193.6543	-1
21204.0605	-1
21214.4668	-1
21224.8730	-1
21235.2793	-1
21245.6855	-1
21256.0918	-1
21266.4980	-1
21276.9043	-1
21287.3105	-1
21297.7168	-1
21308.1230	-1
21318.5293	-1
21328.9355	-1
21339.3418	-1
21349.7480	-1
21360.1543	-1
21370.5605	-1
21380.9668	-1
21391.3730	-1
21401.7793	-1
21412.1855	-1
21422.5918	-1
21432.9980	-1
21443.4043	-1
21453.8105	-1
21464.2168	-1
21474.6230	-1
21485.0293	-1
21495.4355	-1
21505.8418	-1
21516.2480	-1
21526.6543	-1
21537.0605	-1
21547.4668	-1
21557.8730	-1
21568.2793	-1
21578.6855	-1
21589.0918	-1
21599.4980	-1
21609.9043	-1
21620.3125	-1
21630.7305	1
21641.1484	-1
21651.5684	1
21661.9883	1
21672.4082	-1
21682.8281	-1
21693.2480	-1
21703.6680	-1
21714.0879	-1
21724.5078	-1
21734.9277	-1
21745.3477	-1
21755.7676	-1
21766.1875	-1
21776.6074	-1
21787.0273	-1
21797.4570	1
21807.8887	-1
21818.3203	1
21828.7520	1
21839.1855	-1
21849.6191	-1
21860.0527	-1
21870.4863	-1
21880.9199	-1
21891.3535	-1
21901.7871	-1
21912.2207	-1
21922.6543	-1
21933.0879	-1
21943.5215	-1
21953.9551	-1
21964.3887	1
21974.8223	1
21985.2559	1
21995.6895	1
22006.1250	-1
22016.5605	-1
22026.9961	-1
22037.4316	-1
22047.8672	-1
22058.3027	-1
22068.7383	-1
22079.1738	-1
22089.6094	-1
22100.0449	-1
22110.4805	-1
22120.9160	-1
22131.3516	1
22141.7871	1
22152.2227	1
22162.6582	1
22173.0957	-1
22183.5332	-1
22193.9707	-1
22204.4082	-1
22214.8457	-1
22225.2832	-1
22235.7207	1
22246.1582	-1
22256.5957	-1
22267.0332	-1
22277.4707	-1
22287.9082	-1
22298.3457	-1
22308.7832	1
22319.2207	1
22329.6582	1
22340.0977	-1
22350.5371	-1
22360.9766	-1
22371.4160	-1
22381.8555	-1
22392.2949	-1
22402.7344	1
22413.1738	1
22423.6133	-1
22434.0527	-1
22444.4922	-1
22454.9316	-1
22465.3711	-1
22475.8105	-1
22486.2500	1
22496.6895	1
22507.1309	-1
22517.5723	-1
22528.0137	-1
22538.4551	-1
22548.8965	-1
22559.3379	-1
22569.7793	-1
22580.2207	-1
22590.6621	-1
22601.1035	-1
22611.5449	-1
22621.9863	-1
22632.4277	-1
22642.8711	-1
22653.3145	-1
22663.7578	-1
22674.2012	-1
22684.6445	-1
22695.0879	-1
22705.5312	-1
22715.9746	-1
22726.4180	-1
22736.8613	-1
22747.3047	-1
22757.7480	-1
22768.1914	-1
22778.6348	-1
22789.0781	-1
22799.5215	-1
22809.9648	-1
22820.4082	-1
22830.8516	-1
22841.2949	-1
22851.7383	-1
22862.1816	-1
22872.6250	-1
22883.0684	1
22893.5117	1
22903.9551	1
22914.3984	1
22924.8418	1
22935.2852	1
22945.7285	1
22956.1719	1
22966.6152	-1
22977.0586	-1
22987.5020	-1
22997.9453	-1
23008.3887	-1
23018.8320	-1
23029.2754	-1
23039.7188	-1
23050.1621	-1
23060.6055	-1
23071.0488	-1
23081.4922	-1
23091.9355	1
23102.3809	1
23112.8262	1
23123.2715	1
23133.7168	1
23144.1621	1
23154.6074	1
23165.0527	1
23175.4980	-1
23185.9434	-1
23196.3887	-1
23206.8340	-1
23217.2793	-1
23227.7246	-1
23238.1719	-1
23248.6191	-1
23259.0664	-1
23269.5137	-1
23279.9609	-1
23290.4082	-1
23300.8555	-1
23311.3027	-1
23321.7500	-1
23332.1973	-1
23342.6445	-1
23353.0918	-1
23363.5391	-1
23373.9863	-1
23384.4336	-1
23394.8809	-1
23405.3281	-1
23415.7754	-1
23426.2227	1
23436.6699	1
23447.1172	-1
23457.5645	-1
23468.0117	-1
23478.4590	-1
23488.9062	-1
23499.3535	-1
23509.8027	1
23520.2520	1
23530.7012	1
23541.1504	1
23551.5996	1
23562.0488	1
23572.4980	1
23582.9473	1
23593.3984	-1
23603.8496	-1
23614.3008	-1
23624.7520	-1
23635.2031	-1
23645.6543	-1
23656.1055	-1
23666.5566	-1
23677.0078	-1
23687.4590	-1
23697.9102	-1
23708.3613	-1
23718.8125	-1
23729.2637	-1
23739.7148	-1
23750.1660	-1
23760.6172	-1
23771.0684	-1
23781.5215	1
23791.9746	1
23802.4277	-1
23812.8809	-1
23823.3340	-1
23833.7871	-1
23844.2402	-1
23854.6934	-1
23865.1465	-1
23875.5996	-1
23886.0527	-1
23896.5059	-1
23906.9590	-1
23917.4121	-1
23927.8652	1
23938.3184	1
23948.7734	1
23959.2285	-1
23969.6836	-1
23980.1387	-1
23990.5938	-1
24001.0488	-1
24011.5039	-1
24021.9590	1
24032.4141	-1
24042.8691	-1
24053.3242	-1
24063.7793	-1
24074.2344	-1
24084.6895	-1
24095.1445	-1
24105.5996	-1
24116.0547	-1
24126.5098	-1
24136.9648	-1
24147.4199	-1
24157.8750	-1
24168.3301	-1
24178.7852	-1
24189.2402	-1
24199.6953	-1
24210.1504	-1
24220.6055	-1
24231.0605	-1
24241.5156	-1
24251.9707	-1
24262.4258	-1
24272.8809	-1
24283.3359	-1
24293.7910	-1
24304.2461	-1
24314.7012	-1
24325.1562	-1
24335.6113	-1
24346.0664	-1
24356.5215	-1
24366.9766	-1
24377.4316	-1
24387.8867	-1
24398.3418	-1
24408.7969	1
24419.2520	1
24429.7070	-1
24440.1621	-1
24450.6172	-1
24461.0723	-1
24471.5273	-1
24481.9824	-1
24492.4375	1
24502.8926	1
24513.3477	1
24523.8027	1
24534.2578	1
24544.7129	1
24555.1699	1
24565.6309	-1
24576.0918	-1
24586.5527	-1
24597.0137	-1
24607.4746	-1
24617.9355	-1
24628.3965	-1
24638.8574	-1
24649.3184	-1
24659.7793	-1
24670.2402	-1
24680.7012	-1
24691.1621	-1
24701.6230	-1
24712.0840	-1
24722.5449	-1
24733.0059	-1
24743.4668	-1
24753.9277	-1
24764.3887	-1
24774.8496	-1
24785.3105	-1
24795.7715	-1
24806.2324	-1
24816.6934	-1
24827.1543	-1
24837.6152	-1
24848.0762	-1
24858.5371	-1
24868.9980	-1
24879.4590	-1
24889.9199	-1
24900.3809	-1
24910.8418	-1
24921.3027	-1
24931.7637	-1
24942.2246	-1
24952.6855	-1
24963.1465	-1
24973.6074	-1
24984.0684	-1
24994.5293	-1
25004.9902	-1
25015.4512	-1
25025.9121	-1
25036.3730	-1
25046.8340	-1
25057.2949	-1
25067.7559	-1
25078.2168	-1
25088.6777	-1
25099.1387	-1
25109.5996	-1
25120.0605	-1
25130.5215	-1
25140.9824	-1
25151.4434	-1
25161.9043	-1
25172.3652	-1
25182.8262	-1
25193.2871	-1
25203.7480	-1
25214.2090	-1
25224.6699	-1
25235.1309	-1
25245.5918	-1
25256.0527	-1
25266.5137	-1
25276.9746	-1
25287.4355	-1
25297.8965	-1
25308.3574	-1
25318.8203	-1
25329.2832	-1
25339.7461	-1
25350.2090	-1
25360.6719	-1
25371.1348	-1
25381.5977	-1
25392.0605	-1
25402.5234	-1
25412.9863	-1
25423.4492	-1
25433.9121	-1
25444.3750	-1
25454.8379	-1
25465.3008	-1
25475.7637	-1
25486.2266	-1
25496.6895	-1
25507.1543	-1
25517.6191	-1
25528.0840	-1
25538.5488	-1
25549.0137	-1
25559.4785	-1
25569.9434	-1
25580.4082	-1
25590.8730	-1
25601.3379	-1
25611.8027	-1
25622.2676	-1
25632.7324	-1
25643.1973	-1
25653.6621	-1
25664.1270	-1
25674.5918	-1
25685.0566	-1
25695.5215	-1
25705.9863	-1
25716.4512	-1
25726.9160	-1
25737.3809	-1
25747.8457	-1
25758.3125	-1
25768.7793	-1
25779.2461	-1
25789.7129	-1
25800.1797	-1
25810.6465	-1
25821.1133	-1
25831.5801	-1
25842.0469	-1
25852.5137	-1
25862.9805	-1
25873.4473	-1
25883.9141	-1
25894.3809	-1
25904.8477	-1
25915.3145	-1
25925.7812	-1
25936.2480	-1
25946.7148	-1
25957.1816	-1
25967.6484	-1
25978.1152	-1
25988.5820	-1
25999.0488	-1
26009.5156	-1
26019.9824	-1
26030.4492	-1
26040.9160	-1
26051.3828	-1
26061.8496	-1
26072.3164	-1
26082.7832	-1
26093.2500	-1
26103.7168	-1
26114.1953	1
26124.6738	-1
26135.1523	1
26145.6328	1
26156.1133	-1
26166.5938	-1
26177.0742	-1
26187.5547	-1
26198.0352	-1
26208.5156	-1
26218.9961	-1
26229.4766	-1
26239.9570	-1
26250.4375	-1
26260.9180	-1
26271.3984	-1
26281.8789	1
26292.3594	1
26302.8398	1
26313.3203	1
26323.8008	-1
26334.2812	-1
26344.7617	-1
26355.2422	-1
26365.7227	-1
26376.2031	-1
26386.6855	-1
26397.1680	-1
26407.6504	-1
26418.1328	-1
26428.6152	-1
26439.0977	-1
26449.5801	-1
26460.0625	-1
26470.5449	-1
26481.0273	-1
26491.5098	-1
26501.9922	-1
26512.4746	-1
26522.9570	-1
26533.4395	-1
26543.9219	-1
26554.4043	-1
26564.8867	-1
26575.3691	1
26585.8516	-1
26596.3340	-1
26606.8164	-1
26617.2988	-1
26627.7910	1
26638.2852	-1
26648.7793	1
26659.2734	1
26669.7695	-1
26680.2656	-1
26690.7617	-1
26701.2676	1
26711.7754	-1
26722.2832	1
26732.7910	1
26743.2988	-1
26753.8066	-1
26764.3242	1
26774.8438	-1
26785.3633	1
26795.8828	1
26806.4043	-1
26816.9258	-1
26827.4473	-1
26837.9688	-1
26848.4902	-1
26859.0117	-1
26869.5332	-1
26880.0547	-1
26890.5762	-1
26901.0977	-1
26911.6191	-1
26922.1406	-1
26932.6621	1
26943.1836	1
26953.7051	1
26964.2266	1
26974.7500	-1
26985.2734	-1
26995.7969	-1
27006.3203	-1
27016.8438	-1
27027.3672	-1
27037.8906	-1
27048.4141	-1
27058.9375	-1
27069.4609	-1
27079.9844	-1
27090.5078	-1
27101.0312	-1
27111.5547	-1
27122.0781	-1
27132.6016	-1
27143.1250	-1
27153.6484	-1
27164.1719	-1
27174.6953	-1
27185.2285	1
27195.7617	-1
27206.2949	1
27216.8281	1
27227.3633	-1
27237.8984	-1
27248.4336	-1
27258.9688	-1
27269.5039	-1
27280.0391	-1
27290.5742	-1
27301.1094	-1
27311.6445	-1
27322.1895	1
27332.7344	-1
27343.2793	1
27353.8242	1
27364.3711	-1
27374.9180	-1
27385.4648	-1
27396.0215	1
27406.5781	-1
27417.1367	1
27427.6953	1
27438.2539	-1
27448.8125	-1
27459.3809	1
27469.9512	-1
27480.5215	1
27491.0918	1
27501.6621	-1
27512.2324	-1
27522.8145	1
27533.3984	-1
27543.9824	1
27554.5664	1
27565.1504	-1
27575.7344	-1
27586.3281	1
27596.9238	-1
27607.5195	1
27618.1152	1
27628.7109	-1
27639.3066	-1
27649.9121	1
27660.5195	-1
27671.1270	1
27681.7344	1
27692.3438	-1
27702.9531	-1
27713.5625	-1
27724.1719	-1
27734.7812	-1
27745.3906	-1
27756.0000	-1
27766.6094	-1
27777.2188	-1
27787.8281	-1
27798.4375	-1
27809.0469	-1
27819.6562	1
27830.2656	1
27840.8750	1
27851.4844	1
27862.0957	-1
27872.7070	-1
27883.3184	-1
27893.9297	-1
27904.5410	-1
27915.1523	-1
27925.7637	-1
27936.3750	-1
27946.9863	-1
27957.5977	-1
27968.2090	-1
27978.8203	-1
27989.4316	-1
28000.0430	-1
28010.6543	-1
28021.2656	-1
28031.8770	-1
28042.4883	-1
28053.0996	-1
28063.7109	-1
28074.3223	-1
28084.9336	-1
28095.5449	-1
28106.1562	-1
28116.7676	1
28127.3789	1
28137.9902	1
28148.6016	1
28159.2129	1
28169.8242	1
28180.4355	1
28191.0488	-1
28201.6621	-1
28212.2754	-1
28222.8887	-1
28233.5020	-1
28244.1152	-1
28254.7285	-1
28265.3418	-1
28275.9551	-1
28286.5684	-1
28297.1816	-1
28307.7949	-1
28318.4102	-1
28329.0254	-1
28339.6406	-1
28350.2559	-1
28360.8711	-1
28371.4863	-1
28382.1016	-1
28392.7168	-1
28403.3320	-1
28413.9473	-1
28424.5625	-1
28435.1777	-1
28445.7930	-1
28456.4082	-1
28467.0234	-1
28477.6387	-1
28488.2539	-1
28498.8691	-1
28509.4844	-1
28520.0996	-1
28530.7148	-1
28541.3301	-1
28551.9453	-1
28562.5605	-1
28573.1758	-1
28583.7910	-1
28594.4062	-1
28605.0312	1
28615.6582	-1
28626.2852	1
28636.9121	1
28647.5391	-1
28658.1660	-1
28668.8027	1
28679.4414	-1
28690.0801	1
28700.7188	1
28711.3594	-1
28722.0000	-1
28732.6406	-1
28743.2812	-1
28753.9219	-1
28764.5625	-1
28775.2031	-1
28785.8438	-1
28796.4844	-1
28807.1250	-1
28817.7656	-1
28828.4062	-1
28839.0469	1
28849.6875	1
28860.3281	1
28870.9688	1
28881.6113	-1
28892.2539	-1
28902.8965	-1
28913.5391	-1
28924.1816	-1
28934.8242	-1
28945.4668	-1
28956.1094	-1
28966.7520	-1
28977.3945	-1
28988.0371	-1
28998.6797	-1
29009.3223	-1
29019.9648	-1
29030.6074	-1
29041.2500	-1
29051.8926	-1
29062.5352	-1
29073.1777	-1
29083.8203	-1
29094.4629	-1
29105.1055	-1
29115.7480	-1
29126.3906	-1
29137.0332	1
29147.6758	1
29158.3203	-1
29168.9648	-1
29179.6094	-1
29190.2539	-1
29200.8984	-1
29211.5430	-1
29222.1875	-1
29232.8398	1
29243.4941	-1
29254.1484	1
29264.8027	1
29275.4590	-1
29286.1152	-1
29296.7715	-1
29307.4277	-1
29318.0840	-1
29328.7402	-1
29339.3965	-1
29350.0527	-1
29360.7090	-1
29371.3652	-1
29382.0215	-1
29392.6777	-1
29403.3340	1
29413.9902	1
29424.6465	1
29435.3027	1
29445.9609	-1
29456.6191	-1
29467.2773	-1
29477.9355	-1
29488.5938	-1
29499.2520	-1
29509.9102	-1
29520.5684	-1
29531.2266	-1
29541.8848	-1
29552.5430	-1
29563.2012	-1
29573.8594	-1
29584.5176	-1
29595.1758	-1
29605.8340	-1
29616.4922	-1
29627.1504	-1
29637.8086	-1
29648.4668	-1
29659.1250	-1
29669.7832	-1
29680.4414	-1
29691.0996	-1
29701.7578	1
29712.4160	1
29723.0742	1
29733.7324	1
29744.3906	1
29755.0488	1
29765.7070	1
29776.3652	1
29787.0254	-1
29797.6855	-1
29808.3457	-1
29819.0059	-1
29829.6660	-1
29840.3262	-1
29850.9863	-1
29861.6465	-1
29872.3066	-1
29882.9668	-1
29893.6270	-1
29904.2871	-1
29914.9492	1
29925.6113	1
29936.2734	1
29946.9355	1
29957.5977	-1
29968.2598	-1
29978.9219	-1
29989.5840	-1
30000.2461	-1
30010.9082	-1
30021.5723	-1
30032.2363	-1
30042.9004	-1
30053.5645	-1
30064.2285	-1
30074.8926	-1
30085.5566	-1
30096.2207	-1
30106.8848	-1
30117.5488	-1
30128.2129	-1
30138.8770	-1
30149.5410	-1
30160.2051	-1
30170.8691	-1
30181.5332	-1
30192.1973	-1
30202.8613	-1
30213.5254	-1
30224.1895	-1
30234.8535	-1
30245.5176	-1
30256.1816	-1
30266.8457	-1
30277.5117	-1
30288.1777	-1
30298.8438	-1
30309.5098	-1
30320.1758	-1
30330.8418	-1
30341.5078	-1
30352.1738	-1
30362.8398	-1
30373.5059	-1
30384.1719	-1
30394.8379	-1
30405.5039	-1
30416.1699	-1
30426.8359	-1
30437.5020	-1
30448.1680	-1
30458.8340	-1
30469.5000	-1
30480.1660	-1
30490.8320	-1
30501.4980	-1
30512.1641	-1
30522.8301	-1
30533.4961	-1
30544.1719	1
30554.8496	-1
30565.5273	1
30576.2051	1
30586.8848	-1
30597.5645	-1
30608.2539	1
30618.9453	-1
30629.6367	1
30640.3281	1
30651.0195	-1
30661.7109	-1
30672.4121	1
30683.1152	-1
30693.8184	1
30704.5215	1
30715.2246	-1
30725.9297	-1
30736.6445	1
30747.3594	-1
30758.0742	1
30768.7891	1
30779.5059	-1
30790.2227	-1
30800.9492	1
30811.6758	-1
30822.4023	1
30833.1289	1
30843.8574	-1
30854.5859	-1
30865.3242	1
30876.0625	-1
30886.8027	1
30897.5430	1
30908.2832	-1
30919.0234	-1
30929.7637	-1
30940.5137	1
30951.2637	-1
30962.0156	1
30972.7676	1
30983.5195	-1
30994.2715	-1
31005.0234	-1
31015.7852	1
31026.5469	-1
31037.3105	1
31048.0742	1
31058.8379	-1
31069.6016	-1
31080.3750	1
31091.1504	-1
31101.9258	1
31112.7012	1
31123.4766	-1
31134.2520	-1
31145.0273	-1
31155.8125	1
31166.5996	-1
31177.3867	1
31188.1738	1
31198.9629	-1
31209.7520	-1
31220.5410	-1
31231.3398	1
31242.1406	-1
31252.9414	1
31263.7422	1
31274.5430	-1
31285.3438	-1
31296.1543	1
31306.9668	-1
31317.7793	1
31328.5918	1
31339.4043	-1
31350.2168	-1
31361.0410	1
31371.8652	-1
31382.6895	1
31393.5137	1
31404.3398	-1
31415.1660	-1
31425.9922	-1
31436.8184	-1
31447.6445	-1
31458.4707	-1
31469.2969	-1
31480.1230	-1
31490.9492	-1
31501.7754	-1
31512.6016	-1
31523.4277	-1
31534.2539	1
31545.0801	1
31555.9062	1
31566.7324	1
31577.5605	-1
31588.3887	-1
31599.2168	-1
31610.0449	-1
31620.8730	-1
31631.7012	-1
31642.5293	-1
31653.3574	-1
31664.1855	-1
31675.0137	-1
31685.8418	-1
31696.6699	-1
31707.4980	-1
31718.3262	-1
31729.1543	-1
31739.9824	-1
31750.8105	-1
31761.6387	-1
31772.4668	1
31783.2969	1
31794.1270	-1
31804.9570	-1
31815.7871	-1
31826.6172	-1
31837.4473	-1
31848.2773	-1
31859.1074	-1
31869.9375	-1
31880.7676	-1
31891.5977	-1
31902.4277	-1
31913.2578	-1
31924.0879	-1
31934.9180	-1
31945.7480	-1
31956.5781	-1
31967.4082	-1
31978.2480	1
31989.0898	-1
31999.9316	1
32010.7734	1
32021.6172	-1
32032.4609	-1
32043.3047	-1
32054.1484	-1
32064.9922	-1
32075.8359	-1
32086.6797	-1
32097.5234	-1
32108.3672	-1
32119.2109	-1
32130.0547	-1
32140.8984	-1
32151.7422	1
32162.5859	1
32173.4297	1
32184.2754	-1
32195.1211	-1
32205.9668	-1
32216.8125	-1
32227.6582	-1
32238.5039	-1
32249.3496	-1
32260.1953	-1
32271.0410	-1
32281.8867	-1
32292.7324	-1
32303.5781	-1
32314.4238	-1
32325.2793	1
32336.1367	-1
32346.9941	1
32357.8516	1
32368.7090	-1
32379.5664	-1
32390.4238	-1
32401.2812	-1
32412.1387	-1
32422.9961	-1
32433.8535	-1
32444.7109	-1
32455.5684	-1
32466.4258	-1
32477.2832	-1
32488.1406	-1
32499.0000	1
32509.8594	1
32520.7188	1
32531.5781	1
32542.4375	-1
32553.2969	-1
32564.1562	-1
32575.0156	-1
32585.8750	-1
32596.7344	-1
32607.5957	1
32618.4570	-1
32629.3184	-1
32640.1797	-1
32651.0410	-1
32661.9023	-1
32672.7637	1
32683.6250	-1
32694.4863	-1
32705.3477	-1
32716.2090	-1
32727.0703	-1
32737.9316	-1
32748.7930	-1
32759.6543	-1
32770.5156	-1
32781.3750	-1
32792.2344	-1
32803.0938	-1
32813.9531	-1
32824.8125	1
32835.6719	1
32846.5312	1
32857.3906	1
32868.2539	1
32879.1172	1
32889.9805	-1
32900.8438	-1
32911.7070	-1
32922.5703	-1
32933.4336	-1
32944.2969	-1
32955.1602	1
32966.0234	1
32976.8867	-1
32987.7500	-1
32998.6133	-1
33009.4766	-1
33020.3398	-1
33031.2031	-1
33042.0664	-1
33052.9297	-1
33063.7930	-1
33074.6562	-1
33085.5195	-1
33096.3828	-1
33107.2461	-1
33118.1094	-1
33128.9727	-1
33139.8359	-1
33150.6992	-1
33161.5625	-1
33172.4258	-1
33183.2891	-1
33194.1523	-1
33205.0156	-1
33215.8789	-1
33226.7422	-1
33237.6055	-1
33248.4688	-1
33259.3320	-1
33270.1953	-1
33281.0586	-1
33291.9219	-1
33302.7891	-1
33313.6562	-1
33324.5234	-1
33335.3906	-1
33346.2578	-1
33357.1250	-1
33367.9922	-1
33378.8594	-1
33389.7266	-1
33400.5938	-1
33411.4609	-1
33422.3281	-1
33433.1953	1
33444.0625	1
33454.9297	-1
33465.7969	1
33476.6641	-1
33487.5312	-1
33498.3984	-1
33509.2656	-1
33520.1328	-1
33531.0000	1
33541.8672	1
33552.7344	1
33563.6016	1
33574.4688	-1
33585.3359	-1
33596.2031	-1
33607.0703	-1
33617.9375	-1
33628.8047	-1
33639.6719	1
33650.5391	1
33661.4062	1
33672.2734	1
33683.1406	1
33694.0078	1
33704.8750	1
33715.7422	1
33726.6094	1
33737.4766	1
33748.3438	1
33759.2148	-1
33770.0859	-1
33780.9570	-1
33791.8281	-1
33802.6992	-1
33813.5703	-1
33824.4414	1
33835.3125	1
33846.1836	-1
33857.0547	-1
33867.9258	-1
33878.7969	-1
33889.6680	-1
33900.5391	-1
33911.4102	1
33922.2812	1
33933.1562	-1
33944.0312	-1
33954.9062	-1
33965.7812	-1
33976.6562	-1
33987.5312	-1
33998.4102	-1
34009.2891	-1
34020.1680	-1
34031.0469	-1
34041.9258	-1
34052.8047	-1
34063.6836	-1
34074.5625	-1
34085.4414	-1
34096.3203	-1
34107.1992	-1
34118.0781	-1
34128.9570	-1
34139.8359	-1
34150.7148	-1
34161.5938	-1
34172.4727	-1
34183.3516	-1
34194.2305	-1
34205.1094	-1
34215.9883	-1
34226.8672	-1
34237.7461	-1
34248.6250	-1
34259.5039	-1
34270.3828	-1
34281.2617	-1
34292.1406	-1
34303.0195	-1
34313.8984	-1
34324.7773	1
34335.6562	1
34346.5352	-1
34357.4141	-1
34368.2930	-1
34379.1719	-1
34390.0508	-1
34400.9297	-1
34411.8086	-1
34422.6875	-1
34433.5664	-1
34444.4453	-1
34455.3242	-1
34466.2031	-1
34477.0820	-1
34487.9609	-1
34498.8398	-1
34509.7188	-1
34520.5977	-1
34531.4766	-1
34542.3555	-1
34553.2344	-1
34564.1133	-1
34574.9922	-1
34585.8711	-1
34596.7500	-1
34607.6289	-1
34618.5078	-1
34629.3867	-1
34640.2656	-1
34651.1445	-1
34662.0234	-1
34672.9023	-1
34683.7812	-1
34694.6602	-1
34705.5391	-1
34716.4180	-1
34727.2969	-1
34738.1758	-1
34749.0547	-1
34759.9336	-1
34770.8125	-1
34781.6914	-1
34792.5703	-1
34803.4492	-1
34814.3281	-1
34825.2070	-1
34836.0859	-1
34846.9648	-1
34857.8438	-1
34868.7227	-1
34879.6016	-1
34890.4805	-1
34901.3594	-1
34912.2383	-1
34923.1172	-1
34933.9961	-1
34944.8750	-1
34955.7539	-1
34966.6328	-1
34977.5117	-1
34988.3906	-1
34999.2695	-1
35010.1484	-1
35021.0273	-1
35031.9062	-1
35042.7852	-1
35053.6641	-1
35064.5430	1
35075.4219	1
35086.3008	1
35097.1797	1
35108.0586	1
35118.9375	1
35129.8164	1
35140.6953	1
35151.5742	1
35162.4531	1
35173.3359	-1
35184.2188	-1
35195.1016	-1
35205.9844	-1
35216.8672	-1
35227.7500	-1
35238.6328	-1
35249.5156	-1
35260.3984	-1
35271.2812	-1
35282.1641	-1
35293.0469	-1
35303.9297	-1
35314.8125	-1
35325.6953	-1
35336.5781	-1
35347.4609	-1
35358.3438	-1
35369.2266	-1
35380.1094	-1
35390.9922	-1
35401.8750	-1
35412.7578	-1
35423.6406	-1
35434.5234	-1
35445.4062	-1
35456.2891	-1
35467.1719	-1
35478.0547	-1
35488.9375	-1
35499.8203	-1
35510.7031	-1
35521.5859	-1
35532.4688	-1
35543.3516	-1
35554.2344	-1
35565.1172	-1
35576.0000	-1
35586.8828	-1
35597.7656	-1
35608.6484	-1
35619.5312	-1
35630.4141	-1
35641.2969	-1
35652.1797	-1
35663.0625	-1
35673.9453	-1
35684.8281	-1
35695.7148	-1
35706.6016	-1
35717.4883	-1
35728.3750	-1
35739.2617	-1
35750.1484	-1
35761.0352	-1
35771.9219	-1
35782.8086	-1
35793.6953	-1
35804.5820	-1
35815.4688	-1
35826.3555	-1
35837.2422	-1
35848.1289	-1
35859.0156	-1
35869.9023	-1
35880.7891	-1
35891.6758	-1
35902.5625	-1
35913.4492	-1
35924.3359	-1
35935.4141	1
35946.4922	1
35957.5703	1
35968.6484	-1
35979.7266	-1
35990.8047	-1
36001.8828	-1
36012.9609	-1
36024.0391	-1
36035.1172	-1
36046.1953	-1
36057.2734	-1
36068.3516	-1
36079.4297	-1
36090.5078	-1
36101.5859	-1
36112.6641	-1
36123.7422	-1
36134.8203	-1
36145.8984	-1
36156.9766	-1
36170.2031	1
36183.4297	-1
