0.0000	0
0.0009	-1
0.1058	2
0.3262	2
0.4594	2
0.4931	2
0.6347	2
0.6998	2
0.9137	2
0.9610	2
1.0087	2
1.0728	2
1.1512	2
1.1747	2
1.2285	2
1.2737	2
1.3171	2
1.3783	2
1.5615	2
1.6222	2
1.6357	-2
1.7074	2
1.8611	2
1.9738	2
2.0014	-2
2.0291	2
2.0409	2
2.0566	-2
2.0823	2
2.0834	2
2.1130	2
2.1256	2
2.3039	2
2.3302	2
2.3418	2
2.6734	2
2.8526	2
2.8669	2
2.8974	-2
3.0128	-2
3.1014	2
3.4381	-1
4.0575	-2
4.0728	-2
4.1624	-2
5.9937	-2
6.0626	-2
6.1259	-2
6.4558	-2
6.8095	-2
6.9548	1
7.1888	-2
7.5469	-2
7.5629	-2
8.1315	-2
8.2339	-2
8.6592	-2
8.7742	-2
8.9357	-2
9.9981	-2
10.0493	-2
10.5089	-2
10.7636	1
11.3352	-2
12.2782	-2
13.1894	-2
13.2122	-2
14.5745	-1
18.3859	1
22.1975	1
26.0106	-1
29.8238	-1
33.6373	-1
37.4678	1
41.3001	-1
45.1328	1
48.9656	1
52.7996	-1
56.6337	-1
60.4678	-1
64.3019	-1
68.1361	-1
71.9702	-1
75.8044	-1
79.6386	-1
83.4728	-1
87.3246	1
91.1784	-1
95.0327	1
98.8871	1
102.7423	-1
106.5975	-1
110.4528	-1
114.3080	-1
118.1632	-1
122.0185	-1
125.8739	-1
129.7294	-1
133.5848	-1
137.4403	-1
141.2958	-1
145.1512	-1
149.0072	1
152.8632	1
156.7202	-1
160.5773	-1
164.4343	-1
168.2914	-1
172.1485	-1
176.0056	-1
179.8627	-1
183.7199	-1
187.5771	-1
191.4343	-1
195.2915	-1
199.1644	1
203.0390	-1
206.9142	1
210.7894	1
214.6666	-1
218.5437	-1
222.4208	-1
226.2979	-1
230.1751	-1
234.0523	-1
237.9459	1
241.8411	-1
245.7368	1
249.6326	1
253.5299	-1
257.4272	-1
261.3246	-1
265.2220	-1
269.1194	-1
273.0167	-1
276.9142	-1
280.8118	-1
284.7093	-1
288.6068	-1
292.5043	-1
296.4019	-1
300.2998	1
304.1978	1
308.0959	1
311.9939	1
315.8935	-1
319.7931	-1
323.6927	-1
327.5923	-1
331.4919	-1
335.3915	-1
339.2913	-1
343.1910	-1
347.0908	-1
350.9906	-1
354.8904	-1
358.7902	-1
362.6900	-1
366.5899	-1
370.4898	-1
374.3897	-1
378.2896	-1
382.1895	-1
386.0895	-1
389.9895	-1
393.8895	-1
397.7895	-1
401.6895	-1
405.5896	-1
409.4899	1
413.3903	1
417.2907	1
421.1913	1
425.0929	-1
428.9946	-1
432.8963	-1
436.7980	-1
440.6997	-1
444.6014	-1
448.5037	-1
452.4060	-1
456.3083	-1
460.2106	-1
464.1129	-1
468.0153	-1
471.9178	-1
475.8204	-1
479.7230	-1
483.6256	-1
487.5282	-1
491.4308	-1
495.3336	-1
499.2365	-1
503.1393	-1
507.0421	-1
510.9589	1
514.8774	-1
518.7964	1
522.7154	1
526.6353	-1
530.5551	-1
534.4750	-1
538.3948	-1
542.3147	-1
546.2346	-1
550.1545	-1
554.0745	-1
557.9944	-1
561.9144	-1
565.8495	1
569.7866	-1
573.7242	1
577.6618	1
581.6008	-1
585.5398	-1
589.4788	-1
593.4178	-1
597.3569	-1
601.2960	-1
605.2478	1
609.2014	-1
613.1553	1
617.1094	1
621.0648	-1
625.0203	-1
628.9757	-1
632.9312	-1
636.8867	-1
640.8422	-1
644.7979	-1
648.7535	-1
652.7091	-1
656.6647	-1
660.6204	-1
664.5760	-1
668.5321	1
672.4883	1
676.4445	1
680.4009	1
684.3588	-1
688.3167	-1
692.2747	-1
696.2326	-1
700.1906	-1
704.1485	-1
708.1066	-1
712.0646	-1
716.0227	-1
719.9808	-1
723.9388	-1
727.8969	-1
731.8551	-1
735.8133	-1
739.7715	-1
743.7297	-1
747.6879	-1
751.6461	-1
755.6044	-1
759.5627	-1
763.5210	-1
767.4793	-1
771.4376	-1
775.3959	-1
779.3553	1
783.3147	1
787.2744	1
791.2341	1
795.1938	1
799.1536	1
803.1136	1
807.0737	1
811.0368	-1
814.9999	-1
818.9631	-1
822.9262	-1
826.8893	-1
830.8525	-1
834.8157	-1
838.7790	-1
842.7422	-1
846.7055	-1
850.6688	-1
854.6320	-1
858.5955	-1
862.5589	-1
866.5223	-1
870.4858	-1
874.4492	-1
878.4127	-1
882.3762	-1
886.3398	-1
890.3033	-1
894.2669	-1
898.2305	-1
902.1940	-1
906.1577	-1
910.1214	-1
914.0851	-1
918.0488	-1
922.0125	-1
925.9761	-1
929.9406	-1
933.9051	-1
937.8696	-1
941.8340	-1
945.7986	-1
949.7631	-1
953.7277	-1
957.6923	-1
961.6570	-1
965.6216	-1
969.5863	-1
973.5510	-1
977.5157	-1
981.4804	-1
985.4451	-1
989.4099	-1
993.3746	-1
997.3393	-1
1001.3043	1
1005.2693	1
1009.2343	1
1013.1994	1
1017.1645	1
1021.1296	1
1025.0948	1
1029.0601	1
1033.0253	1
1036.9905	1
1040.9574	1
1044.9244	1
1048.8915	1
1052.8585	1
1056.8256	1
1060.7927	1
1064.7609	-1
1068.7290	-1
1072.6971	-1
1076.6653	-1
1080.6334	-1
1084.6016	-1
1088.5707	-1
1092.5398	-1
1096.5089	-1
1100.4780	-1
1104.4471	-1
1108.4163	-1
1112.3868	1
1116.3574	1
1120.3281	1
1124.2988	1
1128.2703	-1
1132.2417	-1
1136.2133	-1
1140.1848	-1
1144.1564	-1
1148.1279	-1
1152.0995	-1
1156.0712	-1
1160.0428	-1
1164.0145	-1
1167.9862	-1
1171.9579	-1
1175.9307	-1
1179.9034	-1
1183.8762	-1
1187.8490	-1
1191.8218	-1
1195.7946	-1
1199.7675	-1
1203.7404	-1
1207.7133	-1
1211.6862	-1
1215.6591	-1
1219.6320	-1
1223.6050	-1
1227.5780	-1
1231.5510	-1
1235.5240	-1
1239.4971	-1
1243.4701	-1
1247.4432	-1
1251.4164	-1
1255.3895	-1
1259.3627	-1
1263.3358	-1
1267.3090	-1
1271.2822	-1
1275.2555	-1
1279.2288	-1
1283.2020	-1
1287.1753	-1
1291.1486	-1
1295.1224	1
1299.0963	1
1303.0703	1
1307.0446	1
1311.0188	1
1314.9930	1
1318.9674	1
1322.9418	1
1326.9164	1
1330.8910	1
1334.8657	1
1338.8405	1
1342.8159	-1
1346.7914	-1
1350.7668	-1
1354.7423	-1
1358.7178	-1
1362.6932	-1
1366.6688	-1
1370.6445	-1
1374.6202	-1
1378.5959	-1
1382.5717	-1
1386.5474	-1
1390.5232	-1
1394.4990	-1
1398.4749	-1
1402.4507	-1
1406.4265	-1
1410.4023	-1
1414.3783	1
1418.3542	-1
1422.3302	-1
1426.3062	-1
1430.2822	-1
1434.2583	-1
1438.2344	-1
1442.2104	1
1446.1873	-1
1450.1641	-1
1454.1409	-1
1458.1177	-1
1462.0945	-1
1466.0713	-1
1470.0482	-1
1474.0251	-1
1478.0021	-1
1481.9790	-1
1485.9561	-1
1489.9331	-1
1493.9103	-1
1497.8875	-1
1501.8646	-1
1505.8418	-1
1509.8190	-1
1513.7961	-1
1517.7737	-1
1521.7512	-1
1525.7288	-1
1529.7063	-1
1533.6838	-1
1537.6614	-1
1541.6390	-1
1545.6167	-1
1549.5944	-1
1553.5720	-1
1557.5497	-1
1561.5273	-1
1565.5051	-1
1569.4829	-1
1573.4607	-1
1577.4385	-1
1581.4163	-1
1585.3940	-1
1589.3719	-1
1593.3499	-1
1597.3278	-1
1601.3057	-1
1605.2836	-1
1609.2615	-1
1613.2404	1
1617.2195	1
1621.1986	1
1625.1780	1
1629.1575	1
1633.1370	1
1637.1165	1
1641.0961	1
1645.0757	1
1649.0573	1
1653.0394	1
1657.0216	1
1661.0039	1
1664.9862	1
1668.9685	1
1672.9510	1
1676.9336	1
1680.9163	1
1684.8989	1
1688.8816	1
1692.8644	1
1696.8472	1
1700.8324	-1
1704.8176	-1
1708.8029	-1
1712.7881	-1
1716.7733	-1
1720.7585	-1
1724.7440	-1
1728.7295	-1
1732.7150	-1
1736.7004	-1
1740.6859	-1
1744.6714	-1
1748.6570	-1
1752.6426	-1
1756.6282	-1
1760.6138	-1
1764.5994	-1
1768.5850	-1
1772.5707	-1
1776.5564	-1
1780.5421	-1
1784.5278	-1
1788.5135	-1
1792.4993	-1
1796.4851	-1
1800.4709	-1
1804.4568	-1
1808.4426	-1
1812.4285	-1
1816.4143	-1
1820.4003	-1
1824.3862	-1
1828.3722	-1
1832.3582	-1
1836.3441	-1
1840.3301	-1
1844.3162	-1
1848.3022	-1
1852.2883	-1
1856.2744	-1
1860.2605	-1
1864.2467	-1
1868.2329	-1
1872.2191	-1
1876.2053	-1
1880.1915	-1
1884.1777	-1
1888.1639	-1
1892.1527	-1
1896.1415	-1
1900.1302	-1
1904.1190	-1
1908.1079	-1
1912.0968	-1
1916.0873	1
1920.0779	1
1924.0685	1
1928.0591	1
1932.0498	1
1936.0405	1
1940.0321	-1
1944.0237	-1
1948.0153	-1
1952.0068	-1
1955.9984	-1
1959.9900	-1
1963.9818	-1
1967.9736	-1
1971.9655	-1
1975.9573	-1
1979.9491	-1
1983.9409	-1
1987.9329	-1
1991.9248	-1
1995.9167	-1
1999.9087	-1
2003.9006	-1
2007.8926	-1
2011.8848	-1
2015.8770	-1
2019.8691	-1
2023.8613	-1
2027.8535	-1
2031.8457	-1
2035.8380	-1
2039.8303	-1
2043.8226	-1
2047.8149	-1
2051.8074	-1
2055.7998	-1
2059.7922	-1
2063.7847	-1
2067.7771	-1
2071.7695	-1
2075.7620	-1
2079.7544	-1
2083.7471	-1
2087.7397	-1
2091.7324	-1
2095.7251	-1
2099.7178	-1
2103.7104	-1
2107.7034	-1
2111.6963	-1
2115.6892	-1
2119.6821	-1
2123.6750	-1
2127.6680	-1
2131.6609	-1
2135.6538	-1
2139.6467	-1
2143.6396	-1
2147.6326	-1
2151.6255	-1
2155.6187	1
2159.6121	1
2163.6055	1
2167.5989	1
2171.5923	1
2175.5881	-1
2179.5840	-1
2183.5798	-1
2187.5757	-1
2191.5715	-1
2195.5674	-1
2199.5632	-1
2203.5591	-1
2207.5549	-1
2211.5508	-1
2215.5466	-1
2219.5425	-1
2223.5391	-1
2227.5356	-1
2231.5322	-1
2235.5288	-1
2239.5254	-1
2243.5220	-1
2247.5186	-1
2251.5151	-1
2255.5117	-1
2259.5083	-1
2263.5049	-1
2267.5015	-1
2271.4983	-1
2275.4951	-1
2279.4919	-1
2283.4888	-1
2287.4856	-1
2291.4824	-1
2295.4792	-1
2299.4761	-1
2303.4729	-1
2307.4697	-1
2311.4666	-1
2315.4634	-1
2319.4604	-1
2323.4575	-1
2327.4546	-1
2331.4517	-1
2335.4487	-1
2339.4458	-1
2343.4436	-1
2347.4414	-1
2351.4392	-1
2355.4370	-1
2359.4348	-1
2363.4326	-1
2367.4307	-1
2371.4287	-1
2375.4268	-1
2379.4248	-1
2383.4229	-1
2387.4209	-1
2391.4194	-1
2395.4180	-1
2399.4165	-1
2403.4150	-1
2407.4136	-1
2411.4121	-1
2415.4116	-1
2419.4111	-1
2423.4106	-1
2427.4102	-1
2431.4097	-1
2435.4092	-1
2439.4087	-1
2443.4082	-1
2447.4077	-1
2451.4072	-1
2455.4067	-1
2459.4062	-1
2463.4065	-1
2467.4067	-1
2471.4070	-1
2475.4072	-1
2479.4075	-1
2483.4077	-1
2487.4080	-1
2491.4082	-1
2495.4084	-1
2499.4087	-1
2503.4089	-1
2507.4092	-1
2511.4097	-1
2515.4102	-1
2519.4106	-1
2523.4111	-1
2527.4116	-1
2531.4121	-1
2535.4138	-1
2539.4155	-1
2543.4172	-1
2547.4189	-1
2551.4207	-1
2555.4224	-1
2559.4243	-1
2563.4263	-1
2567.4282	-1
2571.4302	-1
2575.4321	-1
2579.4341	-1
2583.4360	-1
2587.4380	-1
2591.4399	-1
2595.4419	-1
2599.4438	-1
2603.4458	-1
2607.4485	-1
2611.4512	-1
2615.4539	-1
2619.4565	-1
2623.4592	-1
2627.4619	-1
2631.4646	-1
2635.4673	-1
2639.4700	-1
2643.4727	-1
2647.4753	-1
2651.4780	-1
2655.4822	-1
2659.4863	-1
2663.4905	-1
2667.4946	-1
2671.4988	-1
2675.5029	-1
2679.5073	-1
2683.5117	-1
2687.5161	-1
2691.5205	-1
2695.5249	-1
2699.5293	-1
2703.5339	-1
2707.5386	-1
2711.5432	-1
2715.5479	-1
2719.5525	-1
2723.5571	-1
2727.5618	-1
2731.5664	-1
2735.5710	-1
2739.5757	-1
2743.5803	-1
2747.5850	-1
2751.5898	-1
2755.5947	-1
2759.5996	-1
2763.6045	-1
2767.7844	1
2771.9644	1
2776.1443	1
2780.3242	1
2784.5054	-1
2788.6865	-1
2792.8677	-1
2797.0488	-1
2801.2300	-1
2805.4111	-1
2809.5930	-1
2813.7749	-1
2817.9568	-1
2822.1387	-1
2826.3206	-1
2830.5024	-1
2834.6843	-1
2838.8662	-1
2843.0481	-1
2847.2300	-1
2851.4119	-1
2855.5938	-1
2859.7759	-1
2863.9580	-1
2868.1401	-1
2872.3223	-1
2876.5044	-1
2880.6865	-1
2884.8831	1
2889.0811	-1
2893.2795	1
2897.4780	1
2901.6772	-1
2905.8765	-1
2910.0757	-1
2914.2749	-1
2918.4741	-1
2922.6733	-1
2926.8728	-1
2931.0723	-1
2935.2717	-1
2939.4712	-1
2943.6707	-1
2947.8701	-1
2952.0698	1
2956.2698	1
2960.4697	1
2964.6697	1
2968.8704	-1
2973.0710	-1
2977.2717	-1
2981.4724	-1
2985.6731	-1
2989.8738	-1
2994.0745	-1
2998.2751	-1
3002.4758	-1
3006.6765	-1
3010.8772	-1
3015.0779	-1
3019.2793	1
3023.4807	1
3027.6821	1
3031.8835	1
3036.0852	-1
3040.2869	-1
3044.4885	-1
3048.6902	-1
3052.8918	-1
3057.0935	-1
3061.2954	-1
3065.4973	-1
3069.6992	-1
3073.9011	-1
3078.1030	-1
3082.3049	-1
3086.5076	-1
3090.7102	-1
3094.9128	-1
3099.1155	-1
3103.3181	-1
3107.5208	-1
3111.7241	-1
3115.9275	-1
3120.1309	-1
3124.3342	-1
3128.5376	-1
3132.7410	-1
3136.9443	1
3141.1477	1
3145.3513	1
3149.5549	1
3153.7585	1
3157.9622	-1
3162.1658	-1
3166.3694	-1
3170.5730	-1
3174.7766	-1
3178.9802	-1
3183.1838	1
3187.3877	-1
3191.5916	-1
3195.7954	-1
3199.9993	-1
3204.2031	-1
3208.4070	-1
3212.6111	1
3216.8157	1
3221.0203	1
3225.2249	1
3229.4294	1
3233.6343	1
3237.8394	-1
3242.0444	-1
3246.2495	-1
3250.4546	-1
3254.6597	-1
3258.8647	-1
3263.0706	1
3267.2764	1
3271.4829	-1
3275.6895	-1
3279.8960	-1
3284.1025	-1
3288.3091	-1
3292.5156	-1
3296.7222	-1
3300.9287	-1
3305.1353	-1
3309.3418	-1
3313.5483	-1
3317.7549	-1
3321.9619	1
3326.1689	1
3330.3760	1
3334.5830	1
3338.7913	-1
3342.9995	-1
3347.2078	-1
3351.4160	-1
3355.6243	-1
3359.8325	-1
3364.0410	-1
3368.2495	-1
3372.4580	-1
3376.6665	-1
3380.8750	-1
3385.0835	-1
3389.2922	-1
3393.5010	-1
3397.7097	-1
3401.9185	-1
3406.1272	-1
3410.3359	-1
3414.5449	-1
3418.7539	-1
3422.9629	-1
3427.1719	-1
3431.3809	-1
3435.5898	-1
3439.7988	-1
3444.0078	-1
3448.2168	-1
3452.4258	-1
3456.6350	-1
3460.8442	-1
3465.0535	-1
3469.2627	-1
3473.4719	-1
3477.6812	-1
3481.8904	-1
3486.0996	-1
3490.3091	-1
3494.5186	-1
3498.7280	-1
3502.9375	-1
3507.1470	-1
3511.3564	-1
3515.5659	-1
3519.7754	-1
3523.9849	-1
3528.1943	-1
3532.4038	-1
3536.6133	-1
3540.8230	-1
3545.0327	-1
3549.2424	-1
3553.4521	-1
3557.6619	-1
3561.8716	-1
3566.0813	-1
3570.2910	-1
3574.5007	-1
3578.7104	-1
3582.9202	-1
3587.1299	-1
3591.3398	-1
3595.5498	-1
3599.7598	-1
3603.9697	-1
3608.1797	-1
3612.3896	-1
3616.6013	-1
3620.8130	-1
3625.0247	-1
3629.2363	-1
3633.4480	-1
3637.6597	-1
3641.8713	1
3646.0830	1
3650.2949	1
3654.5068	-1
3658.7188	-1
3662.9307	-1
3667.1426	-1
3671.3545	-1
3675.5664	-1
3679.7783	1
3683.9902	1
3688.2021	1
3692.4141	1
3696.6262	1
3700.8384	1
3705.0505	1
3709.2627	-1
3713.4749	-1
3717.6870	-1
3721.8992	-1
3726.1113	-1
3730.3235	-1
3734.5356	1
3738.7478	1
3742.9602	1
3747.1726	1
3751.3850	1
3755.5974	1
3759.8098	1
3764.0227	-1
3768.2356	-1
3772.4485	-1
3776.6614	-1
3780.8743	-1
3785.0872	-1
3789.3005	-1
3793.5139	-1
3797.7273	-1
3801.9407	-1
3806.1541	-1
3810.3674	-1
3814.5811	-1
3818.7947	-1
3823.0083	-1
3827.2219	-1
3831.4355	-1
3835.6492	-1
3839.8647	-1
3844.0803	-1
3848.2959	-1
3852.5115	-1
3856.7271	-1
3860.9426	-1
3865.1584	-1
3869.3743	-1
3873.5901	-1
3877.8059	-1
3882.0217	-1
3886.2375	-1
3890.4534	-1
3894.6692	-1
3898.8850	-1
3903.1008	-1
3907.3167	-1
3911.5325	-1
3915.7485	-1
3919.9646	-1
3924.1807	-1
3928.3967	-1
3932.6128	-1
3936.8289	-1
3941.0466	-1
3945.2644	-1
3949.4822	-1
3953.7000	-1
3957.9177	-1
3962.1355	-1
3966.3535	-1
3970.5715	-1
3974.7896	-1
3979.0076	-1
3983.2256	-1
3987.4436	-1
3991.6619	-1
3995.8801	-1
4000.0984	-1
4004.3167	-1
4008.5349	-1
4012.7532	-1
4016.9717	-1
4021.1904	-1
4025.4092	-1
4029.6279	-1
4033.8467	-1
4038.0654	-1
4042.2842	-1
4046.5029	-1
4050.7217	-1
4054.9404	-1
4059.1592	-1
4063.3779	-1
4067.5969	-1
4071.8159	-1
4076.0349	-1
4080.2539	-1
4084.4729	-1
4088.6919	-1
4092.9109	-1
4097.1299	-1
4101.3491	-1
4105.5684	-1
4109.7876	-1
4114.0068	-1
4118.2261	-1
4122.4453	-1
4126.6646	-1
4130.8838	-1
4135.1030	-1
4139.3223	-1
4143.5415	-1
4147.7607	-1
4151.9800	-1
4156.1992	-1
4160.4185	-1
4164.6377	-1
4168.8574	-1
4173.0771	-1
4177.2969	-1
4181.5166	-1
4185.7363	-1
4189.9561	-1
4194.1758	-1
4198.3955	-1
4202.6152	-1
4206.8350	-1
4211.0684	1
4215.3037	-1
4219.5396	1
4223.7754	1
4228.0127	-1
4232.2500	-1
4236.4873	-1
4240.7246	-1
4244.9619	-1
4249.1992	-1
4253.4365	-1
4257.6738	-1
4261.9248	1
4266.1772	-1
4270.4302	1
4274.6831	1
4278.9365	-1
4283.1899	-1
4287.4434	-1
4291.6968	-1
4295.9502	-1
4300.2036	-1
4304.4575	-1
4308.7114	-1
4312.9653	-1
4317.2192	-1
4321.4731	-1
4325.7271	-1
4329.9810	1
4334.2358	-1
4338.4907	-1
4342.7456	-1
4347.0005	-1
4351.2554	-1
4355.5103	-1
4359.7773	1
4364.0459	-1
4368.3149	1
4372.5840	1
4376.8540	-1
4381.1240	-1
4385.3940	-1
4389.6641	-1
4393.9341	-1
4398.2041	-1
4402.4741	-1
4406.7441	-1
4411.0142	-1
4415.2842	-1
4419.5542	-1
4423.8374	1
4428.1221	-1
4432.4072	1
4436.6924	1
4440.9780	-1
4445.2637	-1
4449.5493	-1
4453.8350	-1
4458.1211	-1
4462.4072	-1
4466.6934	-1
4470.9795	-1
4475.2656	-1
4479.5518	-1
4483.8379	-1
4488.1240	-1
4492.4106	1
4496.6973	1
4500.9839	1
4505.2705	1
4509.5576	-1
4513.8447	-1
4518.1318	-1
4522.4189	-1
4526.7061	-1
4530.9932	-1
4535.2808	-1
4539.5684	-1
4543.8560	-1
4548.1436	-1
4552.4312	-1
4556.7188	-1
4561.0068	-1
4565.2949	-1
4569.5830	-1
4573.8711	-1
4578.1592	-1
4582.4473	-1
4586.7354	-1
4591.0234	-1
4595.3115	-1
4599.5996	-1
4603.8877	-1
4608.1758	-1
4612.4639	1
4616.7520	1
4621.0405	1
4625.3291	1
4629.6177	1
4633.9062	1
4638.1948	1
4642.4834	1
4646.7725	-1
4651.0615	-1
4655.3506	-1
4659.6396	-1
4663.9287	-1
4668.2178	-1
4672.5078	1
4676.7979	1
4681.0879	-1
4685.3779	-1
4689.6680	-1
4693.9580	-1
4698.2480	-1
4702.5381	-1
4706.8286	-1
4711.1191	-1
4715.4097	-1
4719.7002	-1
4723.9907	-1
4728.2812	-1
4732.5718	-1
4736.8623	-1
4741.1528	-1
4745.4434	-1
4749.7339	-1
4754.0244	-1
4758.3154	-1
4762.6064	-1
4766.8975	-1
4771.1885	-1
4775.4795	-1
4779.7705	-1
4784.0625	-1
4788.3545	-1
4792.6465	-1
4796.9385	-1
4801.2305	-1
4805.5225	-1
4809.8145	1
4814.1064	1
4818.3984	1
4822.6904	1
4826.9824	1
4831.2744	1
4835.5664	1
4839.8584	1
4844.1509	1
4848.4434	-1
4852.7358	-1
4857.0283	-1
4861.3208	-1
4865.6133	-1
4869.9058	-1
4874.1982	1
4878.4912	-1
4882.7842	-1
4887.0771	-1
4891.3701	-1
4895.6631	-1
4899.9561	-1
4904.2490	-1
4908.5420	-1
4912.8350	-1
4917.1279	-1
4921.4209	-1
4925.7139	-1
4930.0068	1
4934.2998	1
4938.5928	-1
4942.8857	-1
4947.1787	-1
4951.4717	-1
4955.7646	-1
4960.0576	-1
4964.3516	1
4968.6455	1
4972.9395	1
4977.2334	1
4981.5273	1
4985.8213	1
4990.1167	-1
4994.4121	-1
4998.7075	-1
5003.0029	-1
5007.2983	-1
5011.5938	-1
5015.8892	-1
5020.1846	-1
5024.4800	-1
5028.7754	-1
5033.0708	-1
5037.3662	-1
5041.6626	-1
5045.9590	-1
5050.2554	-1
5054.5518	-1
5058.8481	-1
5063.1445	-1
5067.4409	-1
5071.7373	-1
5076.0337	-1
5080.3301	-1
5084.6265	-1
5088.9229	-1
5093.2197	-1
5097.5166	-1
5101.8135	-1
5106.1104	-1
5110.4072	-1
5114.7041	-1
5119.0010	-1
5123.2979	-1
5127.5947	-1
5131.8916	-1
5136.1885	-1
5140.4854	-1
5144.7847	-1
5149.0840	-1
5153.3833	-1
5157.6826	-1
5161.9819	-1
5166.2812	-1
5170.5806	-1
5174.8799	-1
5179.1792	-1
5183.4785	-1
5187.7778	-1
5192.0771	-1
5196.3770	-1
5200.6768	-1
5204.9766	-1
5209.2764	-1
5213.5762	-1
5217.8760	-1
5222.1758	-1
5226.4756	-1
5230.7754	-1
5235.0752	-1
5239.3750	-1
5243.6748	-1
5247.9746	-1
5252.2744	-1
5256.5742	-1
5260.8740	-1
5265.1738	-1
5269.4736	-1
5273.7734	-1
5278.0732	-1
5282.3730	-1
5286.6729	-1
5290.9727	-1
5295.2725	-1
5299.5728	-1
5303.8730	-1
5308.1733	-1
5312.4736	-1
5316.7739	-1
5321.0742	-1
5325.3745	-1
5329.6748	-1
5333.9751	-1
5338.2754	-1
5342.5757	-1
5346.8760	-1
5351.1763	-1
5355.4766	-1
5359.7769	-1
5364.0771	-1
5368.3774	-1
5372.6777	-1
5376.9785	-1
5381.2793	-1
5385.5801	-1
5389.8809	-1
5394.1816	-1
5398.4824	-1
5402.7832	-1
5407.0840	-1
5411.3848	-1
5415.6855	-1
5419.9863	-1
5424.2871	-1
5428.5879	-1
5432.8887	-1
5437.2021	1
5441.5171	-1
5445.8325	1
5450.1479	1
5454.4644	-1
5458.7808	-1
5463.0972	-1
5467.4263	1
5471.7568	-1
5476.0879	1
5480.4189	1
5484.7510	-1
5489.0830	-1
5493.4150	-1
5497.7471	-1
5502.0796	-1
5506.4253	1
5510.7725	-1
5515.1201	1
5519.4678	1
5523.8169	-1
5528.1660	-1
5532.5151	-1
5536.8643	-1
5541.2134	-1
5545.5625	-1
5549.9116	-1
5554.2607	-1
5558.6099	-1
5562.9590	-1
5567.3081	-1
5571.6572	-1
5576.0068	1
5580.3564	1
5584.7070	-1
5589.0576	-1
5593.4082	-1
5597.7588	-1
5602.1094	-1
5606.4600	-1
5610.8105	-1
5615.1611	-1
5619.5249	1
5623.8901	-1
5628.2559	1
5632.6216	1
5636.9883	-1
5641.3550	-1
5645.7217	-1
5650.0884	-1
5654.4551	-1
5658.8218	-1
5663.1885	-1
5667.5552	-1
5671.9219	-1
5676.2886	-1
5680.6553	-1
5685.0220	-1
5689.3892	1
5693.7563	1
5698.1235	1
5702.4907	1
5706.8589	-1
5711.2271	-1
5715.5952	-1
5719.9634	-1
5724.3315	-1
5728.6997	-1
5733.0679	-1
5737.4360	-1
5741.8042	-1
5746.1724	-1
5750.5405	-1
5754.9087	-1
5759.2773	-1
5763.6460	-1
5768.0146	-1
5772.3833	-1
5776.7520	-1
5781.1206	-1
5785.4893	-1
5789.8579	-1
5794.2266	-1
5798.5952	-1
5802.9639	-1
5807.3325	-1
5811.7012	1
5816.0703	1
5820.4395	1
5824.8086	1
5829.1777	1
5833.5469	1
5837.9160	1
5842.2852	1
5846.6553	-1
5851.0254	-1
5855.3955	-1
5859.7656	-1
5864.1357	-1
5868.5059	-1
5872.8765	-1
5877.2471	-1
5881.6177	-1
5885.9883	-1
5890.3589	-1
5894.7295	-1
5899.1001	-1
5903.4707	-1
5907.8413	-1
5912.2119	-1
5916.5825	-1
5920.9531	-1
5925.3237	-1
5929.6943	-1
5934.0649	-1
5938.4355	-1
5942.8066	-1
5947.1777	-1
5951.5488	-1
5955.9199	-1
5960.2910	-1
5964.6621	-1
5969.0332	-1
5973.4043	-1
5977.7754	-1
5982.1465	-1
5986.5176	-1
5990.8887	-1
5995.2598	-1
5999.6309	-1
6004.0020	-1
6008.3730	-1
6012.7441	-1
6017.1152	-1
6021.4863	-1
6025.8574	-1
6030.2290	-1
6034.6006	-1
6038.9722	-1
6043.3438	-1
6047.7153	-1
6052.0869	-1
6056.4590	1
6060.8311	1
6065.2031	1
6069.5752	1
6073.9478	1
6078.3203	1
6082.6929	1
6087.0654	1
6091.4380	1
6095.8105	1
6100.1836	-1
6104.5566	-1
6108.9297	-1
6113.3027	-1
6117.6758	-1
6122.0488	-1
6126.4219	-1
6130.7949	-1
6135.1680	-1
6139.5410	-1
6143.9141	-1
6148.2871	-1
6152.6611	-1
6157.0352	-1
6161.4092	-1
6165.7832	-1
6170.1572	-1
6174.5312	-1
6178.9058	-1
6183.2803	-1
6187.6548	-1
6192.0293	-1
6196.4038	-1
6200.7783	-1
6205.1528	-1
6209.5273	-1
6213.9019	-1
6218.2764	-1
6222.6509	-1
6227.0254	-1
6231.3999	-1
6235.7744	-1
6240.1489	-1
6244.5234	-1
6248.8979	-1
6253.2725	-1
6257.6470	-1
6262.0215	-1
6266.3960	-1
6270.7705	-1
6275.1450	-1
6279.5195	-1
6283.8945	-1
6288.2695	-1
6292.6445	-1
6297.0195	-1
6301.3945	-1
6305.7695	-1
6310.1450	-1
6314.5205	-1
6318.8960	-1
6323.2715	-1
6327.6470	-1
6332.0225	-1
6336.3979	-1
6340.7734	-1
6345.1489	-1
6349.5371	1
6353.9268	-1
6358.3169	1
6362.7070	1
6367.0981	-1
6371.4893	-1
6375.8804	-1
6380.2715	-1
6384.6626	-1
6389.0537	-1
6393.4453	-1
6397.8369	-1
6402.2422	1
6406.6494	-1
6411.0571	1
6415.4648	1
6419.8740	-1
6424.2832	-1
6428.6924	-1
6433.1016	-1
6437.5107	-1
6441.9199	-1
6446.3291	-1
6450.7524	1
6455.1777	-1
6459.6035	1
6464.0293	1
6468.4556	-1
6472.8818	-1
6477.3081	-1
6481.7344	-1
6486.1611	-1
6490.6021	1
6495.0444	-1
6499.4873	1
6503.9302	1
6508.3745	-1
6512.8188	-1
6517.2632	-1
6521.7075	-1
6526.1519	-1
6530.5962	-1
6535.0410	-1
6539.4858	-1
6543.9307	-1
6548.3755	-1
6552.8203	-1
6557.2651	-1
6561.7104	1
6566.1558	1
6570.6011	1
6575.0464	1
6579.4932	-1
6583.9399	-1
6588.3867	-1
6592.8335	-1
6597.2803	-1
6601.7271	-1
6606.1743	1
6610.6216	1
6615.0688	-1
6619.5161	-1
6623.9634	-1
6628.4106	-1
6632.8584	-1
6637.3062	-1
6641.7539	-1
6646.2017	-1
6650.6494	-1
6655.0972	-1
6659.5449	-1
6663.9927	-1
6668.4404	1
6672.8882	1
6677.3359	-1
6681.7842	-1
6686.2324	-1
6690.6807	-1
6695.1289	-1
6699.5771	-1
6704.0254	1
6708.4741	1
6712.9229	1
6717.3716	1
6721.8223	-1
6726.2729	-1
6730.7236	-1
6735.1743	-1
6739.6250	-1
6744.0757	-1
6748.5269	1
6752.9780	1
6757.4292	-1
6761.8804	-1
6766.3315	-1
6770.7827	-1
6775.2339	-1
6779.6851	-1
6784.1367	-1
6788.5884	-1
6793.0400	-1
6797.4917	-1
6801.9434	-1
6806.3950	-1
6810.8467	-1
6815.2983	-1
6819.7500	-1
6824.2017	-1
6828.6533	-1
6833.1050	-1
6837.5566	-1
6842.0083	-1
6846.4600	-1
6850.9116	-1
6855.3633	-1
6859.8149	-1
6864.2671	1
6868.7192	1
6873.1719	-1
6877.6245	-1
6882.0771	-1
6886.5298	-1
6890.9824	-1
6895.4351	-1
6899.8877	-1
6904.3403	-1
6908.7930	-1
6913.2456	-1
6917.6982	-1
6922.1509	-1
6926.6040	-1
6931.0571	-1
6935.5103	-1
6939.9634	-1
6944.4165	-1
6948.8696	-1
6953.3232	1
6957.7769	1
6962.2305	1
6966.6851	-1
6971.1396	-1
6975.5942	-1
6980.0488	-1
6984.5034	-1
6988.9580	-1
6993.4131	-1
6997.8682	-1
7002.3232	-1
7006.7783	-1
7011.2334	-1
7015.6885	-1
7020.1436	-1
7024.5986	-1
7029.0537	-1
7033.5088	-1
7037.9639	-1
7042.4194	-1
7046.8750	-1
7051.3306	-1
7055.7861	-1
7060.2417	-1
7064.6973	-1
7069.1528	-1
7073.6094	-1
7078.0659	-1
7082.5225	-1
7086.9790	-1
7091.4355	-1
7095.8921	-1
7100.3486	-1
7104.8057	-1
7109.2627	-1
7113.7197	-1
7118.1768	-1
7122.6338	-1
7127.0908	-1
7131.5479	-1
7136.0049	-1
7140.4619	-1
7144.9189	-1
7149.3892	1
7153.8608	-1
7158.3330	1
7162.8052	1
7167.2788	-1
7171.7524	-1
7176.2261	-1
7180.6997	-1
7185.1733	-1
7189.6470	-1
7194.1206	-1
7198.5942	-1
7203.0679	-1
7207.5415	-1
7212.0151	-1
7216.4888	-1
7220.9629	1
7225.4370	1
7229.9111	1
7234.3853	1
7238.8608	-1
7243.3364	-1
7247.8120	-1
7252.2876	-1
7256.7632	-1
7261.2388	-1
7265.7144	-1
7270.1899	-1
7274.6655	-1
7279.1411	-1
7283.6167	-1
7288.0923	-1
7292.5684	-1
7297.0444	-1
7301.5205	-1
7305.9966	-1
7310.4727	-1
7314.9487	-1
7319.4248	-1
7323.9009	-1
7328.3770	-1
7332.8530	-1
7337.3291	-1
7341.8052	-1
7346.2817	1
7350.7583	1
7355.2349	1
7359.7114	1
7364.1880	1
7368.6646	1
7373.1416	1
7377.6187	1
7382.0967	-1
7386.5747	-1
7391.0527	-1
7395.5308	-1
7400.0088	-1
7404.4868	-1
7408.9658	-1
7413.4448	-1
7417.9238	-1
7422.4028	-1
7426.8818	-1
7431.3608	-1
7435.8398	1
7440.3188	1
7444.7983	1
7449.2783	1
7453.7583	-1
7458.2383	-1
7462.7183	-1
7467.1982	-1
7471.6782	-1
7476.1582	-1
7480.6382	-1
7485.1182	-1
7489.5981	-1
7494.0781	-1
7498.5581	-1
7503.0381	-1
7507.5186	1
7511.9995	-1
7516.4805	-1
7520.9614	-1
7525.4424	-1
7529.9233	-1
7534.4043	-1
7538.8853	-1
7543.3662	-1
7547.8472	-1
7552.3281	-1
7556.8091	-1
7561.2900	-1
7565.7720	1
7570.2539	1
7574.7358	1
7579.2178	1
7583.7002	-1
7588.1826	-1
7592.6650	-1
7597.1475	-1
7601.6299	-1
7606.1123	-1
7610.5957	-1
7615.0791	-1
7619.5625	-1
7624.0459	-1
7628.5293	-1
7633.0127	-1
7637.4976	-1
7641.9824	-1
7646.4673	-1
7650.9521	-1
7655.4370	-1
7659.9219	-1
7664.4067	-1
7668.8916	-1
7673.3765	-1
7677.8613	-1
7682.3462	-1
7686.8311	-1
7691.3159	-1
7695.8008	-1
7700.2856	-1
7704.7705	-1
7709.2554	-1
7713.7402	-1
7718.2251	-1
7722.7100	-1
7727.1948	-1
7731.6797	-1
7736.1646	-1
7740.6494	-1
7745.1348	-1
7749.6201	-1
7754.1055	-1
7758.5908	-1
7763.0762	-1
7767.5615	-1
7772.0469	-1
7776.5322	-1
7781.0176	-1
7785.5029	-1
7789.9883	-1
7794.4736	-1
7798.9595	-1
7803.4453	-1
7807.9312	-1
7812.4170	-1
7816.9028	-1
7821.3887	-1
7825.8750	-1
7830.3613	-1
7834.8477	-1
7839.3340	-1
7843.8203	-1
7848.3066	-1
7852.7935	-1
7857.2803	-1
7861.7671	-1
7866.2539	-1
7870.7534	1
7875.2544	-1
7879.7559	1
7884.2573	1
7888.7593	-1
7893.2612	-1
7897.7632	-1
7902.2651	-1
7906.7671	-1
7911.2690	-1
7915.7715	-1
7920.2739	-1
7924.7764	-1
7929.2788	-1
7933.7812	-1
7938.2837	-1
7942.7861	1
7947.2886	1
7951.7915	1
7956.2944	1
7960.7979	-1
7965.3013	-1
7969.8047	-1
7974.3081	-1
7978.8115	-1
7983.3149	-1
7987.8184	-1
7992.3218	-1
7996.8252	-1
8001.3286	-1
8005.8320	-1
8010.3354	-1
8014.8394	1
8019.3433	1
8023.8472	-1
8028.3511	-1
8032.8550	-1
8037.3589	-1
8041.8628	-1
8046.3667	-1
8050.8706	1
8055.3750	1
8059.8794	-1
8064.3838	-1
8068.8882	-1
8073.3926	-1
8077.8970	-1
8082.4014	-1
8086.9062	1
8091.4111	1
8095.9160	1
8100.4209	1
8104.9268	-1
8109.4326	-1
8113.9385	-1
8118.4443	-1
8122.9502	-1
8127.4561	-1
8131.9619	-1
8136.4678	-1
8140.9736	-1
8145.4795	-1
8149.9854	-1
8154.4912	-1
8158.9980	-1
8163.5049	-1
8168.0117	1
8172.5186	-1
8177.0254	-1
8181.5322	-1
8186.0391	-1
8190.5459	1
8195.0527	1
8199.5596	-1
8204.0664	-1
8208.5732	-1
8213.0801	-1
8217.5869	-1
8222.0938	-1
8226.6006	1
8231.1074	-1
8235.6143	-1
8240.1211	-1
8244.6279	-1
8249.1348	-1
8253.6416	-1
8258.1494	-1
8262.6572	-1
8267.1650	-1
8271.6729	-1
8276.1807	-1
8280.6885	-1
8285.1963	-1
8289.7041	-1
8294.2119	-1
8298.7197	-1
8303.2275	-1
8307.7354	-1
8312.2432	-1
8316.7510	-1
8321.2588	-1
8325.7666	-1
8330.2744	-1
8334.7822	-1
8339.2910	1
8343.7998	1
8348.3086	1
8352.8174	1
8357.3262	1
8361.8350	1
8366.3438	1
8370.8525	1
8375.3613	1
8379.8701	1
8384.3789	1
8388.8877	-1
8393.3965	-1
8397.9053	1
8402.4141	-1
8406.9229	-1
8411.4316	-1
8415.9404	-1
8420.4502	-1
8424.9600	-1
8429.4697	-1
8433.9795	-1
8438.4893	-1
8442.9990	-1
8447.5088	1
8452.0186	1
8456.5283	-1
8461.0381	-1
8465.5479	-1
8470.0576	-1
8474.5674	-1
8479.0771	-1
8483.5869	1
8488.0967	1
8492.6064	1
8497.1172	-1
8501.6279	-1
8506.1387	-1
8510.6494	-1
8515.1602	-1
8519.6709	-1
8524.1816	1
8528.6924	-1
8533.2031	-1
8537.7139	-1
8542.2246	-1
8546.7354	-1
8551.2461	-1
8555.7568	-1
8560.2676	-1
8564.7783	-1
8569.2891	-1
8573.7998	-1
8578.3105	-1
8582.8223	1
8587.3340	1
8591.8457	-1
8596.3574	-1
8600.8691	-1
8605.3809	-1
8609.8926	-1
8614.4043	-1
8618.9160	-1
8623.4277	-1
8627.9395	-1
8632.4512	-1
8636.9629	-1
8641.4746	-1
8645.9873	1
8650.5000	1
8655.0127	1
8659.5254	1
8664.0381	-1
8668.5508	-1
8673.0635	-1
8677.5762	-1
8682.0889	-1
8686.6016	-1
8691.1152	1
8695.6289	1
8700.1426	1
8704.6562	1
8709.1699	1
8713.6836	1
8718.2002	-1
8722.7168	-1
8727.2334	-1
8731.7500	-1
8736.2666	-1
8740.7832	-1
8745.2998	-1
8749.8164	-1
8754.3330	-1
8758.8496	-1
8763.3662	-1
8767.8828	-1
8772.3994	-1
8776.9160	-1
8781.4326	-1
8785.9492	-1
8790.4658	-1
8794.9824	-1
8799.4990	-1
8804.0156	-1
8808.5322	-1
8813.0488	-1
8817.5654	-1
8822.0820	-1
8826.5986	-1
8831.1152	-1
8835.6318	-1
8840.1484	-1
8844.6650	-1
8849.1816	-1
8853.6982	-1
8858.2148	-1
8862.7314	-1
8867.2480	-1
8871.7646	-1
8876.2812	-1
8880.7988	-1
8885.3164	-1
8889.8340	-1
8894.3516	-1
8898.8691	-1
8903.3867	-1
8907.9043	-1
8912.4219	-1
8916.9395	-1
8921.4570	-1
8925.9746	-1
8930.4922	-1
8935.0098	-1
8939.5273	-1
8944.0449	-1
8948.5625	-1
8953.0801	-1
8957.5977	-1
8962.1152	-1
8966.6328	-1
8971.1504	-1
8975.6680	-1
8980.1855	-1
8984.7031	-1
8989.2207	-1
8993.7383	-1
8998.2559	-1
9002.7734	-1
9007.2910	-1
9011.8086	-1
9016.3262	-1
9020.8438	-1
9025.3613	-1
9029.8789	-1
9034.3965	-1
9038.9141	-1
9043.4326	-1
9047.9512	-1
9052.4697	-1
9056.9883	-1
9061.5068	-1
9066.0254	-1
9070.5439	1
9075.0625	1
9079.5811	-1
9084.0996	-1
9088.6182	1
9093.1367	-1
9097.6553	-1
9102.1738	-1
9106.6924	-1
9111.2109	1
9115.7324	-1
9120.2539	-1
9124.7754	-1
9129.2969	-1
9133.8184	-1
9138.3398	-1
9142.8613	-1
9147.3828	-1
9151.9043	-1
9156.4258	-1
9160.9473	-1
9165.4688	-1
9169.9902	-1
9174.5117	-1
9179.0332	-1
9183.5547	-1
9188.0762	-1
9192.5977	-1
9197.1191	1
9201.6406	-1
9206.1621	-1
9210.6836	-1
9215.2051	-1
9219.7266	-1
9224.2480	-1
9228.7695	1
9233.2910	1
9237.8125	1
9242.3340	-1
9246.8555	-1
9251.3770	-1
9255.8984	-1
9260.4199	-1
9264.9414	-1
9269.4629	1
9273.9844	1
9278.5059	1
9283.0273	1
9287.5488	-1
9292.0703	-1
9296.5918	-1
9301.1133	-1
9305.6348	-1
9310.1562	-1
9314.6787	1
9319.2012	1
9323.7236	1
9328.2461	-1
9332.7686	-1
9337.2910	1
9341.8135	-1
9346.3359	-1
9350.8584	-1
9355.3809	-1
9359.9033	1
9364.4258	1
9368.9482	1
9373.4707	1
9377.9932	1
9382.5156	1
9387.0381	1
9391.5605	1
9396.0830	1
9400.6055	1
9405.1299	1
9409.6543	1
9414.1787	1
9418.7031	1
9423.2275	1
9427.7520	1
9432.2764	1
9436.8008	1
9441.3252	1
9445.8496	1
9450.3740	1
9454.8984	1
9459.4229	1
9463.9473	1
9468.4717	1
9472.9961	1
9477.5215	-1
9482.0469	-1
9486.5723	-1
9491.0977	-1
9495.6230	-1
9500.1484	-1
9504.6738	-1
9509.1992	-1
9513.7246	-1
9518.2500	-1
9522.7754	-1
9527.3008	-1
9531.8262	-1
9536.3516	-1
9540.8770	-1
9545.4023	-1
9549.9277	-1
9554.4531	-1
9558.9795	-1
9563.5059	-1
9568.0322	-1
9572.5586	-1
9577.0850	-1
9581.6113	-1
9586.1377	-1
9590.6641	-1
9595.1904	-1
9599.7168	-1
9604.2432	-1
9608.7695	-1
9613.2959	-1
9617.8223	-1
9622.3486	-1
9626.8750	-1
9631.4014	-1
9635.9277	-1
9640.4541	-1
9644.9805	-1
9649.5068	-1
9654.0332	-1
9658.5596	-1
9663.0859	-1
9667.6123	-1
9672.1387	-1
9676.6650	-1
9681.1914	-1
9685.7178	-1
9690.2441	-1
9694.7734	1
9699.3027	1
9703.8320	1
9708.3613	1
9712.8906	1
9717.4199	1
9721.9492	1
9726.4785	1
9731.0078	1
9735.5371	1
9740.0664	1
9744.5957	1
9749.1250	1
9753.6543	1
9758.1836	1
9762.7129	1
9767.2441	-1
9771.7754	-1
9776.3066	-1
9780.8379	-1
9785.3691	-1
9789.9004	-1
9794.4316	-1
9798.9629	-1
9803.4941	-1
9808.0254	-1
9812.5566	-1
9817.0879	-1
9821.6191	-1
9826.1504	-1
9830.6816	-1
9835.2129	-1
9839.7441	-1
9844.2754	-1
9848.8076	-1
9853.3398	-1
9857.8721	-1
9862.4043	-1
9866.9365	-1
9871.4688	-1
9876.0010	-1
9880.5332	-1
9885.0654	-1
9889.5977	-1
9894.1299	-1
9898.6621	-1
9903.1943	-1
9907.7266	-1
9912.2588	-1
9916.7910	-1
9921.3232	-1
9925.8555	-1
9930.3877	-1
9934.9199	-1
9939.4521	-1
9943.9844	-1
9948.5166	-1
9953.0488	-1
9957.5811	-1
9962.1133	-1
9966.6455	-1
9971.1777	-1
9975.7100	-1
9980.2422	-1
9984.7754	-1
9989.3086	-1
9993.8418	-1
9998.3750	-1
10002.9082	-1
10007.4414	-1
10011.9746	-1
10016.5078	-1
10021.0410	-1
10025.5742	-1
10030.1074	-1
10034.6406	-1
10039.1738	-1
10043.7070	-1
10048.2402	-1
10052.7734	-1
10057.3066	-1
10061.8398	-1
10066.3760	1
10070.9121	-1
10075.4482	-1
10079.9844	-1
10084.5205	1
10089.0566	-1
10093.5928	-1
10098.1289	-1
10102.6650	1
10107.2012	1
10111.7383	1
10116.2754	-1
10120.8125	-1
10125.3496	-1
10129.8867	-1
10134.4238	-1
10138.9609	-1
10143.4980	-1
10148.0352	-1
10152.5723	-1
10157.1094	-1
10161.6465	-1
10166.1836	-1
10170.7207	-1
10175.2578	-1
10179.7949	-1
10184.3320	-1
10188.8691	-1
10193.4062	-1
10197.9443	-1
10202.4824	-1
10207.0205	-1
10211.5586	-1
10216.0967	-1
10220.6348	-1
10225.1729	-1
10229.7109	-1
10234.2490	-1
10238.7871	-1
10243.3252	-1
10247.8633	-1
10252.4014	-1
10256.9395	-1
10261.4775	-1
10266.0156	-1
10270.5537	-1
10275.0918	-1
10279.6299	-1
10284.1680	-1
10288.7061	-1
10293.2441	-1
10297.7822	-1
10302.3203	-1
10306.8613	-1
10311.4023	-1
10315.9434	-1
10320.4844	-1
10325.0254	-1
10329.5664	-1
10334.1074	-1
10338.6484	-1
10343.1895	-1
10347.7305	-1
10352.2715	-1
10356.8125	-1
10361.3535	-1
10365.8945	-1
10370.4355	-1
10374.9766	-1
10379.5176	-1
10384.0586	-1
10388.5996	-1
10393.1406	-1
10397.6816	-1
10402.2227	-1
10406.7637	-1
10411.3047	-1
10415.8467	-1
10420.3887	-1
10424.9307	-1
10429.4727	-1
10434.0146	-1
10438.5566	-1
10443.0986	-1
10447.6406	-1
10452.1826	-1
10456.7246	-1
10461.2666	-1
10465.8086	-1
10470.3506	-1
10474.8926	-1
10479.4346	-1
10483.9766	-1
10488.5186	-1
10493.0605	-1
10497.6025	-1
10502.1445	-1
10506.6865	-1
10511.2285	-1
10515.7705	-1
10520.3125	-1
10524.8545	-1
10529.3965	-1
10533.9385	-1
10538.4805	-1
10543.0225	-1
10547.5645	-1
10552.1094	-1
10556.6543	-1
10561.1992	-1
10565.7441	-1
10570.2891	-1
10574.8340	-1
10579.3789	-1
10583.9238	-1
10588.4688	-1
10593.0137	-1
10597.5586	-1
10602.1035	-1
10606.6484	-1
10611.1934	-1
10615.7383	-1
10620.2832	-1
10624.8281	-1
10629.3730	-1
10633.9180	-1
10638.4629	-1
10643.0078	-1
10647.5527	-1
10652.0977	-1
10656.6426	-1
10661.1875	-1
10665.7324	-1
10670.2773	-1
10674.8232	-1
10679.3691	-1
10683.9150	-1
10688.4609	-1
10693.0068	-1
10697.5527	-1
10702.0986	-1
10706.6445	-1
10711.1904	-1
10715.7363	-1
10720.2822	-1
10724.8281	-1
10729.3740	-1
10733.9199	-1
10738.4658	-1
10743.0117	-1
10747.5576	-1
10752.1035	-1
10756.6494	-1
10761.1953	-1
10765.7412	-1
10770.2871	-1
10774.8330	-1
10779.3789	-1
10783.9248	-1
10788.4707	-1
10793.0166	-1
10797.5625	-1
10802.1084	-1
10806.6543	-1
10811.2002	-1
10815.7461	-1
10820.2920	-1
10824.8379	-1
10829.3838	-1
10833.9297	-1
10838.4756	-1
10843.0215	-1
10847.5674	-1
10852.1133	-1
10856.6611	-1
10861.2090	-1
10865.7568	-1
10870.3047	-1
10874.8525	-1
10879.4004	-1
10883.9482	-1
10888.4961	-1
10893.0439	-1
10897.5918	-1
10902.1396	-1
10906.6875	-1
10911.2363	-1
10915.7852	-1
10920.3340	-1
10924.8828	-1
10929.4316	-1
10933.9805	-1
10938.5293	1
10943.0781	-1
10947.6270	-1
10952.1758	-1
10956.7246	-1
10961.2734	-1
10965.8223	-1
10970.3711	-1
10974.9199	-1
10979.4688	-1
10984.0176	-1
10988.5664	-1
10993.1152	-1
10997.6641	-1
11002.2129	-1
11006.7617	-1
11011.3105	-1
11015.8594	-1
11020.4082	-1
11024.9580	-1
11029.5078	-1
11034.0576	-1
11038.6074	-1
11043.1572	-1
11047.7070	-1
11052.2568	-1
11056.8066	-1
11061.3564	-1
11065.9062	-1
11070.4561	-1
11075.0059	-1
11079.5557	-1
11084.1055	-1
11088.6553	-1
11093.3818	1
11098.1084	1
11102.8350	1
11107.5615	1
11112.2881	1
11117.0146	1
11121.7422	-1
11126.4697	-1
11131.1973	-1
11135.9248	-1
11140.6523	-1
11145.3799	-1
11150.1074	-1
11154.8350	-1
11159.5625	-1
11164.2900	-1
11169.0176	-1
11173.7451	-1
11178.4736	-1
11183.2021	-1
11187.9307	-1
11192.6592	-1
11197.3877	-1
11202.1162	-1
11206.8447	-1
11211.5732	-1
11216.3018	-1
11221.0303	-1
11225.7588	-1
11230.4873	-1
11235.2158	-1
11239.9443	-1
11244.6729	-1
11249.4014	-1
11254.1299	-1
11258.8584	-1
11263.5869	-1
11268.3154	-1
11273.0439	-1
11277.7725	-1
11282.5010	-1
11287.2295	-1
11291.9668	1
11296.7041	1
11301.4414	1
11306.1787	1
11310.9160	1
11315.6533	-1
11320.3906	-1
11325.1279	-1
11329.8652	-1
11334.6025	-1
11339.3398	-1
11344.0771	-1
11348.8145	-1
11353.5518	-1
11358.2891	-1
11363.0264	-1
11367.7637	-1
11372.5020	-1
11377.2402	-1
11381.9785	-1
11386.7168	-1
11391.4551	-1
11396.1934	-1
11400.9316	-1
11405.6699	-1
11410.4082	-1
11415.1465	-1
11419.8848	-1
11424.6230	-1
11429.3613	-1
11434.0996	-1
11438.8379	-1
11443.5762	-1
11448.3145	-1
11453.0527	-1
11457.8047	1
11462.5576	-1
11467.3115	1
11472.0654	1
11476.8203	-1
11481.5752	-1
11486.3301	-1
11491.0850	-1
11495.8398	-1
11500.5947	-1
11505.3496	-1
11510.1045	-1
11514.8594	-1
11519.6143	-1
11524.3691	-1
11529.1240	-1
11533.8799	1
11538.6357	1
11543.3916	1
11548.1475	1
11552.9043	-1
11557.6611	-1
11562.4180	-1
11567.1748	-1
11571.9316	-1
11576.6885	-1
11581.4463	-1
11586.2041	-1
11590.9619	-1
11595.7197	-1
11600.4775	-1
11605.2354	-1
11609.9932	1
11614.7510	-1
11619.5088	-1
11624.2666	-1
11629.0244	-1
11633.7822	-1
11638.5400	-1
11643.2979	1
11648.0557	-1
11652.8135	-1
11657.5713	-1
11662.3291	-1
11667.0869	-1
11671.8447	-1
11676.6035	1
11681.3623	1
11686.1211	1
11690.8799	1
11695.6387	1
11700.3975	1
11705.1582	-1
11709.9189	-1
11714.6797	-1
11719.4404	-1
11724.2012	-1
11728.9619	-1
11733.7227	-1
11738.4834	-1
11743.2441	-1
11748.0049	-1
11752.7656	-1
11757.5264	-1
11762.2871	1
11767.0479	1
11771.8086	1
11776.5693	1
11781.3311	-1
11786.0928	-1
11790.8545	-1
11795.6162	-1
11800.3779	-1
11805.1396	-1
11809.9023	-1
11814.6650	-1
11819.4277	-1
11824.1904	-1
11828.9531	-1
11833.7158	-1
11838.4785	-1
11843.2412	-1
11848.0039	-1
11852.7666	-1
11857.5293	-1
11862.2920	-1
11867.0547	-1
11871.8174	-1
11876.5801	-1
11881.3428	-1
11886.1055	-1
11890.8682	-1
11895.6309	1
11900.3936	1
11905.1572	1
11909.9209	1
11914.6846	1
11919.4482	1
11924.2119	1
11928.9766	1
11933.7412	-1
11938.5059	-1
11943.2705	-1
11948.0352	-1
11952.7998	-1
11957.5645	-1
11962.3291	-1
11967.0938	-1
11971.8584	-1
11976.6230	-1
11981.3877	-1
11986.1523	-1
11990.9189	1
11995.6855	1
12000.4521	1
12005.2188	1
12009.9854	-1
12014.7520	-1
12019.5186	-1
12024.2852	-1
12029.0518	-1
12033.8184	-1
12038.5850	-1
12043.3516	-1
12048.1182	-1
12052.8848	-1
12057.6514	-1
12062.4180	-1
12067.1855	-1
12071.9531	-1
12076.7207	-1
12081.4883	-1
12086.2559	-1
12091.0234	-1
12095.7920	-1
12100.5605	-1
12105.3291	-1
12110.0977	-1
12114.8662	-1
12119.6348	-1
12124.4033	1
12129.1719	1
12133.9404	1
12138.7090	1
12143.4785	-1
12148.2480	-1
12153.0176	-1
12157.7871	-1
12162.5566	-1
12167.3262	-1
12172.0967	-1
12176.8672	-1
12181.6377	-1
12186.4082	-1
12191.1787	-1
12195.9492	-1
12200.7197	-1
12205.4902	-1
12210.2607	-1
12215.0312	-1
12219.8018	-1
12224.5723	-1
12229.3428	-1
12234.1133	-1
12238.8838	-1
12243.6543	-1
12248.4248	-1
12253.1953	-1
12257.9658	-1
12262.7363	-1
12267.5068	-1
12272.2773	-1
12277.0479	-1
12281.8184	-1
12286.5889	-1
12291.3594	-1
12296.1299	-1
12300.9004	-1
12305.6709	-1
12310.4414	-1
12315.2119	-1
12319.9824	-1
12324.7529	-1
12329.5234	-1
12334.2939	-1
12339.0645	-1
12343.8359	-1
12348.6074	-1
12353.3789	-1
12358.1504	-1
12362.9219	-1
12367.6934	-1
12372.4648	-1
12377.2363	-1
12382.0078	-1
12386.7793	-1
12391.5508	-1
12396.3223	-1
12401.0947	1
12405.8672	1
12410.6396	1
12415.4121	1
12420.1846	1
12424.9570	1
12429.7295	1
12434.5020	1
12439.2744	-1
12444.0469	-1
12448.8193	-1
12453.5918	-1
12458.3643	-1
12463.1367	-1
12467.9092	-1
12472.6816	-1
12477.4541	-1
12482.2266	-1
12486.9990	-1
12491.7715	-1
12496.5449	-1
12501.3184	-1
12506.0918	-1
12510.8652	-1
12515.6387	-1
12520.4121	-1
12525.1855	1
12529.9600	1
12534.7344	1
12539.5088	1
12544.2832	1
12549.0576	1
12553.8320	1
12558.6064	1
12563.3809	1
12568.1553	1
12572.9297	1
12577.7041	1
12582.4785	1
12587.2529	1
12592.0283	-1
12596.8037	-1
12601.5791	-1
12606.3545	-1
12611.1299	-1
12615.9053	-1
12620.6826	-1
12625.4600	-1
12630.2373	-1
12635.0146	-1
12639.7920	-1
12644.5693	-1
12649.3467	-1
12654.1240	-1
12658.9014	-1
12663.6787	-1
12668.4561	-1
12673.2334	-1
12678.0117	-1
12682.7900	-1
12687.5684	-1
12692.3467	-1
12697.1250	-1
12701.9033	-1
12706.6816	1
12711.4600	1
12716.2383	1
12721.0166	1
12725.7949	1
12730.5732	1
12735.3525	-1
12740.1318	-1
12744.9111	-1
12749.6904	-1
12754.4697	-1
12759.2490	-1
12764.0293	-1
12768.8096	-1
12773.5898	-1
12778.3701	-1
12783.1504	-1
12787.9307	-1
12792.7119	-1
12797.4932	-1
12802.2744	-1
12807.0557	-1
12811.8369	-1
12816.6182	-1
12821.3994	-1
12826.1807	-1
12830.9619	-1
12835.7432	-1
12840.5244	-1
12845.3057	-1
12850.0869	-1
12854.8682	-1
12859.6494	-1
12864.4307	-1
12869.2119	-1
12873.9932	-1
12878.7744	-1
12883.5557	-1
12888.3369	-1
12893.1182	-1
12897.8994	-1
12902.6807	-1
12907.4668	-1
12912.2529	-1
12917.0391	-1
12921.8252	-1
12926.6113	-1
12931.3975	-1
12936.1836	-1
12940.9697	-1
12945.7559	-1
12950.5420	-1
12955.3281	-1
12960.1152	-1
12964.9023	-1
12969.6895	-1
12974.4766	-1
12979.2637	-1
12984.0508	-1
12988.8379	-1
12993.6250	-1
12998.4121	-1
13003.1992	-1
13007.9863	-1
13012.7734	-1
13017.5605	-1
13022.3477	-1
13027.1348	-1
13031.9219	-1
13036.7090	-1
13041.4961	-1
13046.2832	-1
13051.0703	-1
13055.8574	-1
13060.6445	-1
13065.4316	-1
13070.2188	-1
13075.0059	-1
13079.7930	-1
13084.5801	-1
13089.3672	-1
13094.1543	-1
13098.9414	-1
13103.7285	-1
13108.5156	-1
13113.3027	-1
13118.0898	-1
13122.8770	-1
13127.6641	-1
13132.4512	-1
13137.2383	-1
13142.0254	-1
13146.8125	-1
13151.5996	-1
13156.3877	-1
13161.1758	-1
13165.9639	-1
13170.7520	-1
13175.5400	-1
13180.3281	-1
13185.1162	-1
13189.9043	-1
13194.6924	-1
13199.4805	-1
13204.2686	-1
13209.0566	-1
13213.8447	-1
13218.6328	-1
13223.4209	-1
13228.2090	-1
13232.9971	-1
13237.7852	-1
13242.5732	-1
13247.3613	-1
13252.1494	-1
13256.9375	-1
13261.7256	-1
13266.5137	-1
13271.3018	-1
13276.0898	-1
13280.8779	-1
13285.6660	-1
13290.4541	-1
13295.2422	-1
13300.0303	-1
13304.8184	-1
13309.6064	-1
13314.3945	-1
13319.1826	-1
13323.9707	-1
13328.7588	-1
13333.5469	-1
13338.3350	-1
13343.1230	-1
13347.9111	-1
13352.6992	-1
13357.4873	-1
13362.2754	-1
13367.0645	-1
13371.8535	-1
13376.6426	-1
13381.4316	-1
13386.2207	-1
13391.0098	-1
13395.7988	-1
13400.5879	-1
13405.3770	-1
13410.1660	-1
13414.9551	-1
13419.7441	-1
13424.5332	-1
13429.3223	-1
13434.1113	-1
13438.9004	-1
13443.6895	-1
13448.4785	-1
13453.2676	-1
13458.0566	-1
13462.8457	-1
13467.6348	-1
13472.4238	-1
13477.2129	-1
13482.0020	-1
13486.7910	-1
13491.5801	-1
13496.3691	-1
13501.1582	-1
13505.9473	-1
13510.7363	-1
13515.5254	-1
13520.3145	-1
13525.1182	1
13529.9229	-1
13534.7285	1
13539.5342	1
13544.3408	-1
13549.1475	-1
13553.9541	-1
13558.7607	-1
13563.5674	-1
13568.3740	-1
13573.1807	-1
13577.9873	-1
13582.7939	-1
13587.6006	-1
13592.4072	-1
13597.2139	-1
13602.0205	1
13606.8271	1
13611.6338	1
13616.4404	1
13621.2480	-1
13626.0557	-1
13630.8633	-1
13635.6709	-1
13640.4785	-1
13645.2861	-1
13650.0938	-1
13654.9014	-1
13659.7090	-1
13664.5166	-1
13669.3242	-1
13674.1318	-1
13678.9404	-1
13683.7490	-1
13688.5576	-1
13693.3662	-1
13698.1748	-1
13702.9834	-1
13707.7920	1
13712.6006	-1
13717.4092	-1
13722.2178	-1
13727.0264	-1
13731.8350	-1
13736.6436	-1
13741.4521	1
13746.2607	1
13751.0693	1
13755.8789	1
13760.6885	1
13765.4980	1
13770.3076	1
13775.1172	-1
13779.9268	-1
13784.7363	-1
13789.5459	-1
13794.3555	-1
13799.1650	-1
13803.9756	-1
13808.7861	-1
13813.5967	-1
13818.4072	-1
13823.2178	-1
13828.0283	-1
13832.8389	-1
13837.6494	-1
13842.4600	-1
13847.2705	-1
13852.0811	-1
13856.8916	-1
13861.7021	-1
13866.5127	-1
13871.3232	-1
13876.1338	-1
13880.9443	-1
13885.7549	-1
13890.5654	1
13895.3760	1
13900.1875	1
13904.9990	1
13909.8105	-1
13914.6221	-1
13919.4336	-1
13924.2451	-1
13929.0566	-1
13933.8682	-1
13938.6797	-1
13943.4912	-1
13948.3027	-1
13953.1143	-1
13957.9258	-1
13962.7373	-1
13967.5488	1
13972.3604	1
13977.1719	1
13981.9834	1
13986.7959	-1
13991.6084	-1
13996.4209	-1
14001.2334	-1
14006.0459	-1
14010.8584	-1
14015.6709	-1
14020.4834	-1
14025.2959	-1
14030.1084	-1
14034.9209	-1
14039.7334	-1
14044.5469	1
14049.3613	1
14054.1758	1
14058.9902	1
14063.8047	1
14068.6191	1
14073.4336	1
14078.2480	1
14083.0625	-1
14087.8770	-1
14092.6914	-1
14097.5059	-1
14102.3203	-1
14107.1348	-1
14111.9492	-1
14116.7637	-1
14121.5781	-1
14126.3926	-1
14131.2070	-1
14136.0215	-1
14140.8359	-1
14145.6504	-1
14150.4648	-1
14155.2793	-1
14160.0938	-1
14164.9082	-1
14169.7227	-1
14174.5371	-1
14179.3516	-1
14184.1660	-1
14188.9805	-1
14193.7949	-1
14198.6104	-1
14203.4258	-1
14208.2412	-1
14213.0566	-1
14217.8721	-1
14222.6875	-1
14227.5029	1
14232.3184	1
14237.1348	1
14241.9512	1
14246.7676	1
14251.5840	1
14256.4004	1
14261.2168	1
14266.0332	1
14270.8496	1
14275.6680	-1
14280.4863	-1
14285.3047	-1
14290.1230	-1
14294.9414	-1
14299.7598	-1
14304.5781	-1
14309.3965	-1
14314.2148	-1
14319.0332	-1
14323.8516	-1
14328.6699	-1
14333.4883	-1
14338.3066	-1
14343.1250	-1
14347.9434	-1
14352.7617	-1
14357.5801	-1
14362.3984	-1
14367.2168	-1
14372.0352	-1
14376.8535	-1
14381.6719	-1
14386.4902	-1
14391.3086	-1
14396.1270	-1
14400.9453	-1
14405.7637	-1
14410.5820	-1
14415.4004	-1
14420.2197	-1
14425.0391	-1
14429.8584	-1
14434.6777	-1
14439.4971	-1
14444.3164	-1
14449.1357	-1
14453.9551	-1
14458.7744	-1
14463.5938	-1
14468.4131	-1
14473.2324	-1
14478.0518	-1
14482.8711	-1
14487.6904	-1
14492.5098	-1
14497.3291	-1
14502.1484	-1
14506.9678	1
14511.7871	1
14516.6074	1
14521.4277	1
14526.2480	1
14531.0684	1
14535.8887	-1
14540.7090	-1
14545.5293	-1
14550.3496	-1
14555.1699	-1
14559.9902	-1
14564.8105	1
14569.6309	1
14574.4512	-1
14579.2715	-1
14584.0918	-1
14588.9121	-1
14593.7324	-1
14598.5527	-1
14603.3730	1
14608.1934	1
14613.0137	1
14617.8340	-1
14622.6543	1
14627.4746	-1
14632.2949	-1
14637.1152	-1
14641.9355	-1
14646.7559	-1
14651.5771	1
14656.3984	-1
14661.2197	-1
14666.0410	-1
14670.8623	-1
14675.6836	-1
14680.5049	-1
14685.3262	1
14690.1475	-1
14694.9688	-1
14699.7900	-1
14704.6113	-1
14709.4326	-1
14714.2539	-1
14719.0762	1
14723.8984	1
14728.7217	-1
14733.5449	-1
14738.3682	-1
14743.1914	-1
14748.0146	-1
14752.8379	-1
14757.6611	-1
14762.4844	-1
14767.3076	-1
14772.1309	-1
14776.9541	-1
14781.7773	-1
14786.6016	-1
14791.4258	-1
14796.2500	-1
14801.0742	-1
14805.8984	-1
14810.7227	-1
14815.5469	-1
14820.3711	-1
14825.1953	-1
14830.0195	-1
14834.8438	-1
14839.6680	-1
14844.4922	-1
14849.3164	-1
14854.1406	-1
14858.9648	-1
14863.7891	-1
14868.6133	-1
14873.4375	-1
14878.2617	-1
14883.0859	-1
14887.9102	-1
14892.7344	-1
14897.5586	-1
14902.3828	-1
14907.2070	-1
14912.0312	-1
14916.8555	-1
14921.6797	-1
14926.5039	-1
14931.3281	-1
14936.1523	-1
14940.9766	-1
14945.8008	-1
14950.6250	-1
14955.4492	-1
14960.2744	-1
14965.0996	-1
14969.9248	-1
14974.7500	-1
14979.5752	-1
14984.4004	-1
14989.2256	-1
14994.0508	-1
14998.8760	-1
15003.7012	-1
15008.5264	-1
15013.3516	-1
15018.1768	-1
15023.0020	-1
15027.8271	-1
15032.6523	-1
15037.4775	-1
15042.3027	-1
15047.1299	-1
15051.9570	-1
15056.7842	-1
15061.6113	-1
15066.4385	-1
15071.2656	-1
15076.0938	-1
15080.9219	-1
15085.7500	-1
15090.5781	-1
15095.4062	-1
15100.2344	-1
15105.0625	-1
15109.8906	-1
15114.7188	-1
15119.5469	-1
15124.3750	-1
15129.2031	-1
15134.0312	-1
15138.8594	-1
15143.6875	-1
15148.5156	-1
15153.3438	-1
15158.1719	-1
15163.0000	-1
15167.8281	-1
15172.6562	-1
15177.4844	-1
15182.3125	-1
15187.1406	-1
15191.9688	-1
15196.7969	-1
15201.6250	-1
15206.4531	-1
15211.2812	-1
15216.1094	-1
15220.9385	-1
15225.7676	-1
15230.5967	-1
15235.4258	-1
15240.2549	-1
15245.0840	-1
15249.9131	-1
15254.7422	-1
15259.5713	-1
15264.4004	-1
15269.2295	-1
15274.0586	-1
15278.8877	-1
15283.7168	-1
15288.5459	-1
15293.3750	-1
15298.2041	-1
15303.0332	-1
15307.8623	-1
15312.6914	-1
15317.5205	-1
15322.3496	-1
15327.1787	-1
15332.0078	-1
15336.8369	-1
15341.6660	-1
15346.4951	-1
15351.3242	-1
15356.1533	-1
15360.9824	-1
15365.8115	-1
15370.6406	-1
15375.4697	-1
15380.2988	-1
15385.1279	-1
15389.9570	-1
15394.7871	-1
15399.6172	-1
15404.4473	-1
15409.2900	1
15414.1348	-1
15418.9795	1
15423.8242	1
15428.6699	-1
15433.5156	-1
15438.3613	-1
15443.2070	-1
15448.0527	-1
15452.8984	-1
15457.7441	-1
15462.5898	-1
15467.4355	-1
15472.2812	-1
15477.1270	-1
15481.9727	-1
15486.8193	1
15491.6660	1
15496.5127	1
15501.3594	1
15506.2070	-1
15511.0547	-1
15515.9023	-1
15520.7500	-1
15525.5977	-1
15530.4453	-1
15535.2930	1
15540.1406	-1
15544.9883	-1
15549.8359	-1
15554.6836	-1
15559.5322	-1
15564.3809	-1
15569.2295	1
15574.0781	-1
15578.9268	-1
15583.7754	-1
15588.6240	-1
15593.4727	-1
15598.3213	-1
15603.1699	-1
15608.0186	-1
15612.8672	-1
15617.7158	-1
15622.5645	-1
15627.4131	-1
15632.2617	1
15637.1104	1
15641.9590	1
15646.8076	1
15651.6572	1
15656.5068	1
15661.3574	-1
15666.2080	-1
15671.0586	-1
15675.9092	-1
15680.7598	-1
15685.6104	-1
15690.4609	-1
15695.3115	-1
15700.1621	-1
15705.0127	-1
15709.8633	-1
15714.7139	-1
15719.5645	-1
15724.4150	-1
15729.2656	-1
15734.1162	-1
15738.9668	-1
15743.8174	-1
15748.6680	-1
15753.5186	-1
15758.3691	-1
15763.2197	-1
15768.0703	-1
15772.9209	-1
15777.7725	1
15782.6240	1
15787.4756	1
15792.3271	1
15797.1787	-1
15802.0303	-1
15806.8818	-1
15811.7334	-1
15816.5850	-1
15821.4365	-1
15826.2881	1
15831.1396	1
15835.9912	1
15840.8428	1
15845.6943	-1
15850.5459	-1
15855.3975	-1
15860.2490	-1
15865.1016	-1
15869.9541	-1
15874.8066	-1
15879.6592	-1
15884.5117	-1
15889.3643	-1
15894.2168	-1
15899.0693	-1
15903.9219	-1
15908.7744	-1
15913.6270	-1
15918.4795	-1
15923.3320	-1
15928.1846	-1
15933.0371	1
15937.8896	1
15942.7432	1
15947.5967	1
15952.4502	1
15957.3037	1
15962.1572	1
15967.0107	1
15971.8652	-1
15976.7197	-1
15981.5742	-1
15986.4287	-1
15991.2832	-1
15996.1377	-1
16000.9922	-1
16005.8467	-1
16010.7012	-1
16015.5557	-1
16020.4102	-1
16025.2646	-1
16030.1191	-1
16034.9736	-1
16039.8281	-1
16044.6826	-1
16049.5371	-1
16054.3916	-1
16059.2480	-1
16064.1045	-1
16068.9609	-1
16073.8174	-1
16078.6738	-1
16083.5303	-1
16088.3867	-1
16093.2432	-1
16098.0996	-1
16102.9561	-1
16107.8125	-1
16112.6689	-1
16117.5254	-1
16122.3818	-1
16127.2383	-1
16132.0947	-1
16136.9512	-1
16141.8076	-1
16146.6641	-1
16151.5205	-1
16156.3770	-1
16161.2334	-1
16166.0898	-1
16170.9463	-1
16175.8037	-1
16180.6611	-1
16185.5186	-1
16190.3760	-1
16195.2334	-1
16200.0908	-1
16204.9482	-1
16209.8057	-1
16214.6631	-1
16219.5205	-1
16224.3779	-1
16229.2354	-1
16234.0928	-1
16238.9502	-1
16243.8076	-1
16248.6650	-1
16253.5225	-1
16258.3799	-1
16263.2373	1
16268.0947	-1
16272.9521	1
16277.8096	-1
16282.6670	-1
16287.5244	-1
16292.3818	-1
16297.2393	-1
16302.0967	1
16306.9541	1
16311.8115	-1
16316.6689	-1
16321.5264	-1
16326.3838	-1
16331.2412	1
16336.0986	-1
16340.9561	-1
16345.8135	1
16350.6709	-1
16355.5283	-1
16360.3857	-1
16365.2432	-1
16370.1006	-1
16374.9580	-1
16379.8164	-1
16384.6738	-1
16389.5312	-1
16394.3887	-1
16399.2461	-1
16404.1035	-1
16408.9609	-1
16413.8184	-1
16418.6758	-1
16423.5332	-1
16428.3906	-1
16433.2480	-1
16438.1074	-1
16442.9668	-1
16447.8262	-1
16452.6855	-1
16457.5449	-1
16462.4043	-1
16467.2637	1
16472.1230	1
16476.9824	1
16481.8418	1
16486.7031	1
16491.5645	1
16496.4258	1
16501.2871	1
16506.1484	1
16511.0098	1
16515.8711	1
16520.7324	1
16525.5938	1
16530.4551	1
16535.3164	1
16540.1777	1
16545.0391	1
16549.9004	1
16554.7617	1
16559.6230	1
16564.4844	1
16569.3457	1
16574.2070	1
16579.0684	1
16583.9297	1
16588.7910	1
16593.6523	-1
16598.5137	-1
16603.3750	-1
16608.2363	-1
16613.0977	-1
16617.9590	-1
16622.8203	-1
16627.6816	-1
16632.5430	-1
16637.4043	-1
16642.2656	-1
16647.1270	-1
16651.9883	-1
16656.8496	-1
16661.7109	-1
16666.5723	-1
16671.4336	-1
16676.2949	-1
16681.1582	-1
16686.0215	-1
16690.8848	-1
16695.7480	-1
16700.6113	-1
16705.4746	-1
16710.3379	-1
16715.2012	-1
16720.0645	-1
16724.9277	-1
16729.7910	-1
16734.6543	-1
16739.5176	-1
16744.3809	-1
16749.2441	-1
16754.1074	-1
16758.9707	-1
16763.8340	-1
16768.6973	1
16773.5605	-1
16778.4238	-1
16783.2871	-1
16788.1504	-1
16793.0156	-1
16797.8809	-1
16802.7461	1
16807.6113	1
16812.4766	1
16817.3418	1
16822.2070	1
16827.0723	1
16831.9375	1
16836.8027	1
16841.6680	-1
16846.5332	-1
16851.3984	-1
16856.2637	-1
16861.1289	-1
16865.9941	-1
16870.8594	-1
16875.7246	-1
16880.5898	-1
16885.4551	-1
16890.3203	-1
16895.1855	-1
16900.0527	-1
16904.9199	-1
16909.7871	-1
16914.6543	-1
16919.5215	-1
16924.3887	-1
16929.2559	-1
16934.1230	-1
16938.9902	-1
16943.8574	-1
16948.7246	-1
16953.5918	-1
16958.4590	-1
16963.3262	-1
16968.1934	-1
16973.0605	-1
16977.9277	-1
16982.7949	-1
16987.6621	-1
16992.5293	-1
16997.3965	-1
17002.2637	-1
17007.1309	-1
17011.9980	-1
17016.8652	-1
17021.7324	-1
17026.5996	-1
17031.4668	-1
17036.3340	-1
17041.2012	-1
17046.0684	-1
17050.9355	-1
17055.8027	-1
17060.6699	-1
17065.5371	-1
17070.4043	-1
17075.2734	-1
17080.1426	-1
17085.0117	-1
17089.8809	-1
17094.7500	-1
17099.6191	-1
17104.4883	-1
17109.3574	-1
17114.2266	-1
17119.0957	-1
17123.9648	-1
17128.8340	-1
17133.7031	-1
17138.5723	-1
17143.4414	-1
17148.3105	-1
17153.1797	-1
17158.0488	-1
17162.9180	-1
17167.7871	-1
17172.6562	-1
17177.5254	-1
17182.3945	-1
17187.2637	-1
17192.1328	-1
17197.0020	-1
17201.8711	-1
17206.7402	-1
17211.6094	-1
17216.4785	-1
17221.3477	-1
17226.2168	-1
17231.0859	-1
17235.9551	-1
17240.8242	-1
17245.6934	-1
17250.5625	-1
17255.4316	-1
17260.3008	-1
17265.1699	-1
17270.0391	-1
17274.9082	-1
17279.7793	-1
17284.6504	-1
17289.5215	-1
17294.3926	-1
17299.2637	-1
17304.1348	-1
17309.0078	-1
17313.8809	-1
17318.7539	-1
17323.6270	-1
17328.5000	-1
17333.3730	-1
17338.2461	-1
17343.1191	-1
17347.9922	-1
17352.8652	-1
17357.7383	-1
17362.6113	-1
17367.4844	-1
17372.3574	-1
17377.2305	-1
17382.1035	-1
17386.9766	-1
17391.8496	-1
17396.7227	-1
17401.5957	-1
17406.4688	-1
17411.3418	-1
17416.2148	-1
17421.0879	-1
17425.9609	-1
17430.8340	-1
17435.7070	-1
17440.5801	-1
17445.4531	-1
17450.3262	-1
17455.1992	-1
17460.0723	-1
17464.9453	-1
17469.8184	-1
17474.6914	-1
17479.5645	-1
17484.4375	-1
17489.3105	-1
17494.1836	-1
17499.0566	-1
17503.9297	-1
17508.8027	-1
17513.6758	-1
17518.5488	-1
17523.4219	-1
17528.2949	-1
17533.1680	-1
17538.0410	-1
17542.9141	-1
17547.7871	-1
17552.6602	-1
17557.5332	-1
17562.4062	-1
17567.2793	-1
17572.1543	-1
17577.0293	-1
17581.9043	-1
17586.7793	-1
17591.6543	-1
17596.5293	-1
17601.4043	-1
17606.2793	-1
17611.1543	-1
17616.0293	-1
17620.9043	-1
17625.7793	-1
17630.6543	-1
17635.5293	-1
17640.4043	-1
17645.2793	-1
17650.1543	-1
17655.0293	-1
17659.9043	-1
17664.7793	-1
17669.6543	-1
17674.5293	-1
17679.4043	-1
17684.2793	-1
17689.1543	-1
17694.0293	-1
17698.9043	-1
17703.7793	-1
17708.6543	-1
17713.5293	-1
17718.4043	-1
17723.2793	-1
17728.1543	-1
17733.0293	-1
17737.9043	-1
17742.7793	-1
17747.6562	-1
17752.5332	-1
17757.4102	-1
17762.2871	-1
17767.1641	-1
17772.0410	-1
17776.9180	-1
17781.7949	-1
17786.6719	-1
17791.5488	-1
17796.4258	-1
17801.3027	-1
17806.1797	-1
17811.0703	1
17815.9609	-1
17820.8535	1
17825.7461	1
17830.6406	-1
17835.5352	-1
17840.4297	-1
17845.3242	-1
17850.2188	-1
17855.1133	-1
17860.0078	-1
17864.9023	-1
17869.7969	-1
17874.6914	-1
17879.5859	-1
17884.4805	-1
17889.3750	1
17894.2695	1
17899.1641	1
17904.0586	1
17908.9551	-1
17913.8516	-1
17918.7480	-1
17923.6445	-1
17928.5410	-1
17933.4375	-1
17938.3340	-1
17943.2305	-1
17948.1270	-1
17953.0234	-1
17957.9199	-1
17962.8164	-1
17967.7129	-1
17972.6094	-1
17977.5059	-1
17982.4023	-1
17987.2988	-1
17992.1953	-1
17997.0918	-1
18001.9883	-1
18006.8848	-1
18011.7812	-1
18016.6777	-1
18021.5879	1
18026.5000	-1
18031.4121	1
18036.3242	1
18041.2383	-1
18046.1523	-1
18051.0664	-1
18055.9805	-1
18060.8945	-1
18065.8086	-1
18070.7227	-1
18075.6367	-1
18080.5508	-1
18085.4648	-1
18090.3789	-1
18095.2930	-1
18100.2070	1
18105.1211	1
18110.0352	1
18114.9492	1
18119.8652	-1
18124.7812	-1
18129.6973	-1
18134.6133	-1
18139.5293	-1
18144.4453	-1
18149.3613	-1
18154.2773	-1
18159.1934	-1
18164.1094	-1
18169.0254	-1
18173.9414	-1
18178.8574	-1
18183.7734	-1
18188.6895	-1
18193.6055	-1
18198.5215	-1
18203.4375	-1
18208.3535	-1
18213.2695	-1
18218.1855	-1
18223.1016	-1
18228.0176	-1
18232.9336	-1
18237.8496	1
18242.7676	1
18247.6855	1
18252.6035	1
18257.5215	1
18262.4395	1
18267.3574	1
18272.2754	1
18277.1953	-1
18282.1152	-1
18287.0352	-1
18291.9551	-1
18296.8750	-1
18301.7949	-1
18306.7148	-1
18311.6348	-1
18316.5547	-1
18321.4746	-1
18326.3945	-1
18331.3145	-1
18336.2344	-1
18341.1543	-1
18346.0742	-1
18350.9941	-1
18355.9141	-1
18360.8340	-1
18365.7539	-1
18370.6738	-1
18375.5938	-1
18380.5137	-1
18385.4336	-1
18390.3535	-1
18395.2734	-1
18400.1934	-1
18405.1133	-1
18410.0332	-1
18414.9531	-1
18419.8730	-1
18424.7949	-1
18429.7168	-1
18434.6387	-1
18439.5605	-1
18444.4824	-1
18449.4043	-1
18454.3262	-1
18459.2480	-1
18464.1699	-1
18469.0918	-1
18474.0137	-1
18478.9355	-1
18483.8574	-1
18488.7793	-1
18493.7012	-1
18498.6367	1
18503.5742	-1
18508.5117	1
18513.4492	1
18518.3867	-1
18523.3242	-1
18528.2617	-1
18533.1992	-1
18538.1367	-1
18543.0742	-1
18548.0117	-1
18552.9492	-1
18557.8887	-1
18562.8281	-1
18567.7676	-1
18572.7070	-1
18577.6465	1
18582.5859	1
18587.5254	1
18592.4648	1
18597.4062	-1
18602.3477	-1
18607.2891	-1
18612.2305	-1
18617.1719	-1
18622.1133	-1
18627.0547	-1
18631.9961	-1
18636.9375	-1
18641.8789	-1
18646.8203	-1
18651.7617	-1
18656.7031	-1
18661.6445	-1
18666.5859	-1
18671.5273	-1
18676.4688	-1
18681.4102	-1
18686.3516	-1
18691.2930	-1
18696.2344	-1
18701.1758	-1
18706.1172	-1
18711.0586	-1
18716.0000	1
18720.9414	1
18725.8828	1
18730.8242	1
18735.7656	1
18740.7070	1
18745.6504	1
18750.5938	1
18755.5371	-1
18760.4805	-1
18765.4238	-1
18770.3672	-1
18775.3105	-1
18780.2539	-1
18785.1973	-1
18790.1406	-1
18795.0840	-1
18800.0273	-1
18804.9707	-1
18809.9141	-1
18814.8594	1
18819.8047	1
18824.7500	1
18829.6953	-1
18834.6406	-1
18839.5859	-1
18844.5312	-1
18849.4766	-1
18854.4219	-1
18859.3672	1
18864.3125	-1
18869.2578	-1
18874.2031	-1
18879.1484	-1
18884.0938	-1
18889.0391	-1
18893.9863	-1
18898.9336	-1
18903.8809	-1
18908.8281	-1
18913.7754	-1
18918.7227	-1
18923.6699	-1
18928.6172	-1
18933.5645	-1
18938.5117	-1
18943.4590	-1
18948.4062	-1
18953.3535	1
18958.3008	1
18963.2480	-1
18968.1953	-1
18973.1426	-1
18978.0898	-1
18983.0371	-1
18987.9844	-1
18992.9316	-1
18997.8789	-1
19002.8262	-1
19007.7734	-1
19012.7207	-1
19017.6680	-1
19022.6152	1
19027.5625	1
19032.5098	1
19037.4570	1
19042.4043	1
19047.3516	1
19052.3008	-1
19057.2500	-1
19062.1992	-1
19067.1484	-1
19072.0977	-1
19077.0469	-1
19081.9961	-1
19086.9453	-1
19091.8945	-1
19096.8438	-1
19101.7930	-1
19106.7422	-1
19111.6914	-1
19116.6406	-1
19121.5898	-1
19126.5391	-1
19131.4883	-1
19136.4375	-1
19141.3867	-1
19146.3359	-1
19151.2852	-1
19156.2344	-1
19161.1836	-1
19166.1328	-1
19171.0820	1
19176.0312	1
19180.9824	1
19185.9336	1
19190.8867	1
19195.8398	1
19200.7930	1
19205.7461	1
19210.6992	1
19215.6523	1
19220.6055	1
19225.5586	1
19230.5117	-1
19235.4648	-1
19240.4180	-1
19245.3711	-1
19250.3242	-1
19255.2773	-1
19260.2305	-1
19265.1836	-1
19270.1367	-1
19275.0898	-1
19280.0430	-1
19284.9961	-1
19289.9512	-1
19294.9062	-1
19299.8613	-1
19304.8164	-1
19309.7715	-1
19314.7266	-1
19319.6816	-1
19324.6367	-1
19329.5918	-1
19334.5469	-1
19339.5020	-1
19344.4570	-1
19349.4121	-1
19354.3672	-1
19359.3223	-1
19364.2773	-1
19369.2324	-1
19374.1875	-1
19379.1426	-1
19384.0977	-1
19389.0527	-1
19394.0078	-1
19398.9629	-1
19403.9180	-1
19408.8730	-1
19413.8281	-1
19418.7832	-1
19423.7383	-1
19428.6934	-1
19433.6484	-1
19438.6035	-1
19443.5586	-1
19448.5137	-1
19453.4688	-1
19458.4238	-1
19463.3789	-1
19468.3340	-1
19473.2891	-1
19478.2441	-1
19483.1992	-1
19488.1543	-1
19493.1094	-1
19498.0645	-1
19503.0195	-1
19507.9746	-1
19512.9297	-1
19517.8848	-1
19522.8398	-1
19527.7949	1
19532.7520	1
19537.7090	1
19542.6660	1
19547.6230	1
19552.5801	1
19557.5371	1
19562.4941	1
19567.4512	1
19572.4082	1
19577.3652	1
19582.3223	1
19587.2793	1
19592.2363	1
19597.1934	1
19602.1504	1
19607.1074	-1
19612.0645	-1
19617.0215	-1
19621.9785	-1
19626.9355	-1
19631.8926	-1
19636.8496	-1
19641.8066	-1
19646.7637	-1
19651.7207	-1
19656.6777	-1
19661.6348	-1
19666.5957	1
19671.5566	1
19676.5176	1
19681.4785	1
19686.4414	1
19691.4043	1
19696.3672	1
19701.3301	1
19706.2930	-1
19711.2559	-1
19716.2188	-1
19721.1816	-1
19726.1445	-1
19731.1074	-1
19736.0723	-1
19741.0371	-1
19746.0020	-1
19750.9668	-1
19755.9316	-1
19760.8965	-1
19765.8613	-1
19770.8262	-1
19775.7910	-1
19780.7559	-1
19785.7207	-1
19790.6855	-1
19795.6504	-1
19800.6152	-1
19805.5801	-1
19810.5449	-1
19815.5098	-1
19820.4746	-1
19825.4395	-1
19830.4043	-1
19835.3691	-1
19840.3340	-1
19845.2988	-1
19850.2637	-1
19855.2285	-1
19860.1934	-1
19865.1582	-1
19870.1230	-1
19875.0879	-1
19880.0527	-1
19885.0176	-1
19889.9824	-1
19894.9473	-1
19899.9121	-1
19904.8770	-1
19909.8418	-1
19914.8066	-1
19919.7715	-1
19924.7363	-1
19929.7012	-1
19934.6660	-1
19939.6309	-1
19944.5957	-1
19949.5605	-1
19954.5254	-1
19959.4902	-1
19964.4551	-1
19969.4199	-1
19974.3887	1
19979.3574	1
19984.3262	1
19989.2949	1
19994.2637	1
19999.2324	1
20004.2012	1
20009.1699	1
20014.1387	1
20019.1074	1
20024.0762	1
20029.0449	1
20034.0137	1
20038.9824	1
20043.9512	1
20048.9199	-1
20053.8887	-1
20058.8574	-1
20063.8262	-1
20068.7949	-1
20073.7637	-1
20078.7324	-1
20083.7012	-1
20088.6699	-1
20093.6387	-1
20098.6074	-1
20103.5762	-1
20108.5449	-1
20113.5137	-1
20118.4824	-1
20123.4512	-1
20128.4199	-1
20133.3887	-1
20138.3574	-1
20143.3262	-1
20148.2949	-1
20153.2637	-1
20158.2344	-1
20163.2051	-1
20168.1758	-1
20173.1465	-1
20178.1172	-1
20183.0879	-1
20188.0586	-1
20193.0293	-1
20198.0000	-1
20202.9707	-1
20207.9414	-1
20212.9121	-1
20217.8828	-1
20222.8535	-1
20227.8242	-1
20232.7949	-1
20237.7656	-1
20242.7363	-1
20247.7070	-1
20252.6777	-1
20257.6504	-1
20262.6230	-1
20267.5957	-1
20272.5684	-1
20277.5410	-1
20282.5137	-1
20287.4863	-1
20292.4590	-1
20297.4316	-1
20302.4043	-1
20307.3770	-1
20312.3496	-1
20317.3223	-1
20322.2969	-1
20327.2715	-1
20332.2461	-1
20337.2207	-1
20342.1953	-1
20347.1699	-1
20352.1445	-1
20357.1191	-1
20362.0938	-1
20367.0684	-1
20372.0430	-1
20377.0176	-1
20381.9922	-1
20386.9668	-1
20391.9414	-1
20396.9160	-1
20401.8906	-1
20406.8652	-1
20411.8398	-1
20416.8145	-1
20421.7891	-1
20426.7637	-1
20431.7383	-1
20436.7129	-1
20441.6875	-1
20446.6621	-1
20451.6367	-1
20456.6113	-1
20461.5859	-1
20466.5605	-1
20471.5352	-1
20476.5098	-1
20481.4844	-1
20486.4590	-1
20491.4336	-1
20496.4082	-1
20501.3828	-1
20506.3574	-1
20511.3320	-1
20516.3066	-1
20521.2812	-1
20526.2559	-1
20531.2305	-1
20536.2051	-1
20541.1797	-1
20546.1543	-1
20551.1289	-1
20556.1035	-1
20561.0781	-1
20566.0527	-1
20571.0273	-1
20576.0020	-1
20580.9766	-1
20585.9512	-1
20590.9258	-1
20595.9004	-1
20600.8750	-1
20605.8496	-1
20610.8242	-1
20615.8008	-1
20620.7773	-1
20625.7539	-1
20630.7305	-1
20635.7070	-1
20640.6836	-1
20645.6602	-1
20650.6367	-1
20655.6133	-1
20660.5898	-1
20665.5664	-1
20670.5430	-1
20675.5195	-1
20680.4961	-1
20685.4727	-1
20690.4492	-1
20695.4258	-1
20700.4023	-1
20705.3789	-1
20710.3555	-1
20715.3320	-1
20720.3086	-1
20725.2852	-1
20730.2617	-1
20735.2402	-1
20740.2188	-1
20745.1973	-1
20750.1758	-1
20755.1543	-1
20760.1328	-1
20765.1113	-1
20770.0898	-1
20775.0684	-1
20780.0469	-1
20785.0254	-1
20790.0039	-1
20794.9824	-1
20799.9609	-1
20804.9395	-1
20809.9180	-1
20814.8965	-1
20819.8750	-1
20824.8535	-1
20829.8320	-1
20834.8105	-1
20839.7891	-1
20844.7676	-1
20849.7461	-1
20854.7246	-1
20859.7031	-1
20864.6816	-1
20869.6602	-1
20874.6387	-1
20879.6172	-1
20884.5977	-1
20889.5781	-1
20894.5586	-1
20899.5391	-1
20904.5195	-1
20909.5000	-1
20914.4805	-1
20919.4609	-1
20924.4414	-1
20929.4219	-1
20934.4023	-1
20939.3828	-1
20944.3633	-1
20949.3438	-1
20954.3242	-1
20959.3047	-1
20964.2852	-1
20969.2656	-1
20974.2480	-1
20979.2305	-1
20984.2129	-1
20989.1953	-1
20994.1777	-1
20999.1602	-1
21004.1426	-1
21009.1250	-1
21014.1074	-1
21019.0898	-1
21024.0723	-1
21029.0547	-1
21034.0371	-1
21039.0195	-1
21044.0020	-1
21048.9844	-1
21053.9668	-1
21058.9492	-1
21063.9336	-1
21068.9180	-1
21073.9023	-1
21078.8867	-1
21083.8711	-1
21088.8555	-1
21093.8398	-1
21098.8242	-1
21103.8086	-1
21108.7930	-1
21113.7773	-1
21118.7617	-1
21123.7461	-1
21128.7305	-1
21133.7148	-1
21138.6992	-1
21143.6836	-1
21148.6680	-1
21153.6523	-1
21158.6367	-1
21163.6211	-1
21168.6055	-1
21173.5898	-1
21178.5742	-1
21183.5723	1
21188.5723	-1
21193.5723	1
21198.5723	1
21203.5742	-1
21208.5762	-1
21213.5781	-1
21218.5801	-1
21223.5820	-1
21228.5840	-1
21233.5859	-1
21238.5879	-1
21243.5898	-1
21248.5918	-1
21253.6055	1
21258.6211	-1
21263.6367	1
21268.6523	1
21273.6699	-1
21278.6875	-1
21283.7051	-1
21288.7227	-1
21293.7402	-1
21298.7578	-1
21303.7754	-1
21308.7930	-1
21313.8105	-1
21318.8281	-1
21323.8574	1
21328.8887	-1
21333.9199	1
21338.9512	1
21343.9844	-1
21349.0176	-1
21354.0508	-1
21359.0840	-1
21364.1172	-1
21369.1504	-1
21374.1836	-1
21379.2168	-1
21384.2500	-1
21389.2832	-1
21394.3164	-1
21399.3496	-1
21404.3828	1
21409.4160	1
21414.4492	1
21419.4824	1
21424.5176	-1
21429.5527	-1
21434.5879	-1
21439.6230	-1
21444.6582	-1
21449.6934	-1
21454.7285	-1
21459.7637	-1
21464.7988	-1
21469.8340	-1
21474.8691	-1
21479.9043	-1
21484.9395	-1
21489.9746	-1
21495.0098	-1
21500.0449	-1
21505.0801	-1
21510.1152	-1
21515.1504	-1
21520.1855	-1
21525.2207	-1
21530.2559	-1
21535.2910	-1
21540.3262	-1
21545.3613	1
21550.3965	1
21555.4316	1
21560.4668	1
21565.5020	1
21570.5371	1
21575.5723	1
21580.6074	1
21585.6445	-1
21590.6816	-1
21595.7188	-1
21600.7559	-1
21605.7930	-1
21610.8301	-1
21615.8672	-1
21620.9043	-1
21625.9414	-1
21630.9785	-1
21636.0156	-1
21641.0527	-1
21646.0898	-1
21651.1270	-1
21656.1641	-1
21661.2012	-1
21666.2383	-1
21671.2754	-1
21676.3125	-1
21681.3496	-1
21686.3867	-1
21691.4238	-1
21696.4609	-1
21701.4980	-1
21706.5352	-1
21711.5723	-1
21716.6094	-1
21721.6465	-1
21726.6836	-1
21731.7207	-1
21736.7598	-1
21741.7988	-1
21746.8379	-1
21751.8770	-1
21756.9160	-1
21761.9551	-1
21766.9941	1
21772.0332	1
21777.0723	1
21782.1113	1
21787.1504	1
21792.1895	1
21797.2285	-1
21802.2676	-1
21807.3066	-1
21812.3457	-1
21817.3848	-1
21822.4238	-1
21827.4629	-1
21832.5020	-1
21837.5410	-1
21842.5801	-1
21847.6191	-1
21852.6582	-1
21857.6992	-1
21862.7402	-1
21867.7812	-1
21872.8223	-1
21877.8633	-1
21882.9043	-1
21887.9453	-1
21892.9863	-1
21898.0273	-1
21903.0684	-1
21908.1094	-1
21913.1504	-1
21918.1914	-1
21923.2324	-1
21928.2734	-1
21933.3145	-1
21938.3555	-1
21943.3965	-1
21948.4375	-1
21953.4785	-1
21958.5195	-1
21963.5605	-1
21968.6016	-1
21973.6426	-1
21978.6836	-1
21983.7246	-1
21988.7656	-1
21993.8066	-1
21998.8477	-1
22003.8887	-1
22008.9297	-1
22013.9707	-1
22019.0254	1
22024.0820	-1
22029.1387	1
22034.1953	1
22039.2539	-1
22044.3125	-1
22049.3711	-1
22054.4434	1
22059.5156	-1
22064.5898	1
22069.6641	1
22074.7383	-1
22079.8125	-1
22084.8867	-1
22089.9609	-1
22095.0352	-1
22100.1094	-1
22105.1836	-1
22110.2578	-1
22115.3320	-1
22120.4062	-1
22125.4805	-1
22130.5547	-1
22135.6309	1
22140.7070	1
22145.7832	1
22150.8594	1
22155.9355	-1
22161.0117	-1
22166.0879	-1
22171.1641	-1
22176.2402	-1
22181.3164	-1
22186.3945	-1
22191.4727	-1
22196.5508	-1
22201.6289	-1
22206.7070	-1
22211.7852	-1
22216.8633	-1
22221.9414	-1
22227.0195	-1
22232.0977	-1
22237.1758	-1
22242.2539	-1
22247.3320	-1
22252.4102	-1
22257.4883	-1
22262.5664	-1
22267.6445	-1
22272.7344	1
22277.8262	-1
22282.9180	1
22288.0098	1
22293.1035	-1
22298.1973	-1
22303.2910	-1
22308.3848	-1
22313.4922	1
22318.6016	-1
22323.7109	1
22328.8203	1
22333.9297	-1
22339.0391	-1
22344.1484	-1
22349.2578	-1
22354.3672	-1
22359.4766	-1
22364.5879	-1
22369.6992	-1
22374.8105	-1
22379.9219	-1
22385.0332	-1
22390.1445	-1
22395.2559	1
22400.3672	1
22405.4785	1
22410.5898	1
22415.7012	-1
22420.8125	-1
22425.9238	-1
22431.0352	-1
22436.1465	-1
22441.2578	-1
22446.3691	-1
22451.4805	-1
22456.5918	-1
22461.7031	-1
22466.8145	-1
22471.9258	-1
22477.0371	-1
22482.1484	-1
22487.2598	-1
22492.3711	-1
22497.4824	-1
22502.5938	-1
22507.7070	1
22512.8203	1
22517.9336	1
22523.0469	-1
22528.1602	-1
22533.2734	-1
22538.3867	-1
22543.5000	-1
22548.6133	-1
22553.7266	-1
22558.8398	-1
22563.9531	-1
22569.0664	-1
22574.1797	-1
22579.2930	-1
22584.4062	-1
22589.5195	-1
22594.6328	-1
22599.7461	-1
22604.8594	-1
22609.9727	-1
22615.0859	-1
22620.2148	1
22625.3438	-1
22630.4746	1
22635.6055	1
22640.7363	-1
22645.8672	-1
22650.9980	-1
22656.1289	-1
22661.2598	-1
22666.3906	-1
22671.5215	-1
22676.6523	-1
22681.7832	-1
22686.9141	-1
22692.0449	-1
22697.1758	-1
22702.3086	1
22707.4414	1
22712.5742	1
22717.7070	1
22722.8398	-1
22727.9727	-1
22733.1055	-1
22738.2383	-1
22743.3711	-1
22748.5039	-1
22753.6387	-1
22758.7734	-1
22763.9082	-1
22769.0430	-1
22774.1777	-1
22779.3125	-1
22784.4473	-1
22789.5820	-1
22794.7168	-1
22799.8516	-1
22804.9863	-1
22810.1211	-1
22815.2559	-1
22820.4023	1
22825.5508	-1
22830.6992	1
22835.8477	1
22840.9980	-1
22846.1484	-1
