0.0000	0
0.0008	-1
2.3766	1
4.7541	-1
7.1320	1
9.5099	1
11.8889	-1
14.2679	-1
16.6470	-1
19.0386	1
21.4319	-1
23.8255	1
26.2192	1
28.6142	-1
31.0092	-1
33.4042	-1
35.7992	-1
38.1942	-1
40.5892	-1
42.9844	-1
45.3795	-1
47.7746	-1
50.1830	1
52.5928	-1
55.0030	1
57.4133	1
59.8248	-1
62.2363	-1
64.6477	-1
67.0592	-1
69.4707	-1
71.8822	-1
74.2938	-1
76.7054	-1
79.1170	-1
81.5286	-1
83.9402	-1
86.3518	-1
88.7639	1
91.1760	1
93.5891	-1
96.0022	-1
98.4153	-1
100.8285	-1
103.2416	-1
105.6548	-1
108.0680	-1
110.4812	-1
112.8945	-1
115.3078	-1
117.7210	-1
120.1475	1
122.5755	-1
125.0040	1
127.4325	1
129.8622	-1
132.2920	-1
134.7218	-1
137.1515	-1
139.5813	-1
142.0112	-1
144.4538	1
146.8982	-1
149.3430	1
151.7878	1
154.2337	-1
156.6797	-1
159.1257	-1
161.5716	-1
164.0176	-1
166.4636	-1
168.9096	-1
171.3557	-1
173.8018	-1
176.2479	-1
178.6940	-1
181.1401	-1
183.5866	1
186.0331	1
188.4797	1
190.9263	1
193.3745	-1
195.8227	-1
198.2710	-1
200.7192	-1
203.1674	-1
205.6156	-1
208.0639	-1
210.5123	-1
212.9607	-1
215.4090	-1
217.8574	-1
220.3058	-1
222.7542	-1
225.2027	-1
227.6512	-1
230.0997	-1
232.5482	-1
234.9967	-1
237.4453	-1
239.8940	-1
242.3426	-1
244.7912	-1
247.2398	-1
249.6884	-1
252.1375	1
254.5867	1
257.0360	1
259.4854	1
261.9363	-1
264.3872	-1
266.8382	-1
269.2891	-1
271.7400	-1
274.1909	-1
276.6422	-1
279.0934	-1
281.5446	-1
283.9958	-1
286.4470	-1
288.8982	-1
291.3496	-1
293.8009	-1
296.2523	-1
298.7037	-1
301.1551	-1
303.6065	-1
306.0580	-1
308.5094	-1
310.9609	-1
313.4124	-1
315.8765	1
318.3422	-1
320.8083	1
323.2744	1
325.7412	-1
328.2081	-1
330.6750	-1
333.1418	-1
335.6087	-1
338.0756	-1
340.5425	-1
343.0095	-1
345.4765	-1
347.9435	-1
350.4232	1
352.9045	-1
355.3862	1
357.8680	1
360.3505	-1
362.8329	-1
365.3154	-1
367.7979	-1
370.2805	-1
372.7633	-1
375.2592	1
377.7568	-1
380.2549	1
382.7530	1
385.2518	-1
387.7507	-1
390.2495	-1
392.7484	-1
395.2473	-1
397.7462	-1
400.2451	-1
402.7441	-1
405.2431	-1
407.7421	-1
410.2411	-1
412.7401	-1
415.2395	1
417.7390	1
420.2384	1
422.7380	1
425.2385	-1
427.7390	-1
430.2395	-1
432.7401	-1
435.2406	-1
437.7411	-1
440.2417	-1
442.7424	-1
445.2431	-1
447.7437	-1
450.2444	-1
452.7451	-1
455.2459	-1
457.7467	-1
460.2475	-1
462.7483	-1
465.2491	-1
467.7498	-1
470.2508	-1
472.7517	-1
475.2526	-1
477.7535	-1
480.2544	-1
482.7553	-1
485.2565	1
487.7577	1
490.2591	1
492.7605	1
495.2620	1
497.7635	1
500.2651	1
502.7667	1
505.2703	-1
507.7738	-1
510.2774	-1
512.7810	-1
515.2846	-1
517.7882	-1
520.2919	-1
522.7957	-1
525.2994	-1
527.8031	-1
530.3068	-1
532.8105	-1
535.3144	-1
537.8182	-1
540.3221	-1
542.8259	-1
545.3298	-1
547.8336	-1
550.3376	-1
552.8416	-1
555.3455	-1
557.8495	-1
560.3535	-1
562.8574	-1
565.3615	-1
567.8656	-1
570.3697	-1
572.8738	-1
575.3780	-1
577.8821	-1
580.3864	-1
582.8906	-1
585.3949	-1
587.8992	-1
590.4034	-1
592.9077	-1
595.4124	-1
597.9170	-1
600.4216	-1
602.9263	-1
605.4309	-1
607.9355	-1
610.4409	1
612.9462	1
615.4517	1
617.9574	1
620.4631	1
622.9689	1
625.4748	1
627.9807	1
630.4866	1
632.9925	1
635.4985	1
638.0045	1
640.5106	1
643.0167	1
645.5231	-1
648.0295	-1
650.5359	-1
653.0423	-1
655.5487	-1
658.0551	-1
660.5645	-1
663.0739	-1
665.5833	-1
668.0927	-1
670.6021	-1
673.1115	-1
675.6210	1
678.1305	1
680.6400	-1
683.1495	-1
685.6591	-1
688.1686	-1
690.6782	-1
693.1878	-1
695.6975	-1
698.2072	-1
700.7169	-1
703.2266	-1
705.7363	-1
708.2460	-1
710.7559	-1
713.2658	-1
715.7757	-1
718.2856	-1
720.7955	-1
723.3054	-1
725.8154	-1
728.3255	-1
730.8356	-1
733.3456	-1
735.8557	-1
738.3658	-1
740.8760	-1
743.3862	-1
745.8964	-1
748.4066	-1
750.9167	-1
753.4269	-1
755.9373	-1
758.4476	-1
760.9580	-1
763.4684	-1
765.9788	-1
768.4891	-1
770.9995	1
773.5099	1
776.0204	-1
778.5308	-1
781.0413	-1
783.5517	-1
786.0621	-1
788.5726	-1
791.0831	1
793.5936	1
796.1042	1
798.6147	-1
801.1253	-1
803.6359	-1
806.1464	-1
808.6570	-1
811.1675	-1
813.6782	1
816.1889	-1
818.6996	-1
821.2104	-1
823.7211	-1
826.2319	-1
828.7427	-1
831.2537	-1
833.7646	-1
836.2755	-1
838.7864	-1
841.2974	-1
843.8083	-1
846.3194	-1
848.8305	-1
851.3416	-1
853.8527	-1
856.3638	-1
858.8750	-1
861.3868	-1
863.8986	-1
866.4103	-1
868.9221	-1
871.4339	-1
873.9457	-1
876.4576	-1
878.9696	-1
881.4816	-1
883.9935	-1
886.5055	-1
889.0175	-1
891.5295	1
894.0417	1
896.5539	1
899.0661	1
901.5784	1
904.0907	1
906.6031	1
909.1155	1
911.6280	1
914.1405	1
916.6531	1
919.1657	1
921.6783	1
924.1910	1
926.7065	-1
929.2219	-1
931.7374	-1
934.2528	-1
936.7682	-1
939.2837	-1
941.7993	-1
944.3148	-1
946.8304	-1
949.3459	-1
951.8615	-1
954.3771	-1
956.8928	-1
959.4084	-1
961.9241	-1
964.4398	-1
966.9555	-1
969.4712	-1
971.9870	-1
974.5028	-1
977.0186	-1
979.5344	-1
982.0502	-1
984.5660	-1
987.0820	-1
989.5979	-1
992.1138	-1
994.6298	-1
997.1457	-1
999.6617	-1
1002.1777	-1
1004.6938	-1
1007.2098	-1
1009.7259	-1
1012.2419	-1
1014.7580	-1
1017.2742	-1
1019.7903	-1
1022.3065	-1
1024.8228	-1
1027.3390	-1
1029.8552	-1
1032.3716	-1
1034.8879	-1
1037.4043	-1
1039.9207	-1
1042.4370	-1
1044.9534	-1
1047.4698	-1
1049.9863	-1
1052.5028	-1
1055.0193	-1
1057.5358	-1
1060.0522	-1
1062.5688	-1
1065.0854	-1
1067.6021	-1
1070.1187	-1
1072.6353	-1
1075.1519	-1
1077.6694	1
1080.1870	1
1082.7046	1
1085.2223	1
1087.7400	1
1090.2577	1
1092.7755	1
1095.2933	1
1097.8113	-1
1100.3293	-1
1102.8474	-1
1105.3655	-1
1107.8835	-1
1110.4016	-1
1112.9198	-1
1115.4380	-1
1117.9562	-1
1120.4744	-1
1122.9926	-1
1125.5109	-1
1128.0293	-1
1130.5477	-1
1133.0662	-1
1135.5846	-1
1138.1030	-1
1140.6215	-1
1143.1400	-1
1145.6586	-1
1148.1771	-1
1150.6958	-1
1153.2145	-1
1155.7332	-1
1158.2520	-1
1160.7708	-1
1163.2896	-1
1165.8083	-1
1168.3271	-1
1170.8459	-1
1173.3649	-1
1175.8838	-1
1178.4028	-1
1180.9219	-1
1183.4409	-1
1185.9600	-1
1188.4791	-1
1190.9983	-1
1193.5175	-1
1196.0366	-1
1198.5558	-1
1201.0750	-1
1203.5942	-1
1206.1135	-1
1208.6328	-1
1211.1521	-1
1213.6715	-1
1216.1909	-1
1218.7104	-1
1221.2300	-1
1223.7495	-1
1226.2690	-1
1228.7886	-1
1231.3081	-1
1233.8278	-1
1236.3474	-1
1238.8671	-1
1241.3867	-1
1243.9064	-1
1246.4260	-1
1248.9470	1
1251.4680	1
1253.9891	1
1256.5103	1
1259.0314	1
1261.5525	1
1264.0737	1
1266.5950	1
1269.1162	1
1271.6376	1
1274.1589	1
1276.6803	1
1279.2018	1
1281.7233	1
1284.2448	1
1286.7664	1
1289.2880	1
1291.8096	1
1294.3313	1
1296.8530	1
1299.3748	1
1301.8966	1
1304.4185	1
1306.9414	-1
1309.4645	-1
1311.9875	-1
1314.5106	-1
1317.0337	-1
1319.5568	-1
1322.0800	-1
1324.6031	-1
1327.1263	-1
1329.6495	-1
1332.1727	-1
1334.6959	-1
1337.2194	-1
1339.7428	-1
1342.2662	-1
1344.7897	-1
1347.3131	-1
1349.8365	-1
1352.3602	-1
1354.8839	-1
1357.4076	-1
1359.9313	-1
1362.4550	-1
1364.9786	-1
1367.5024	-1
1370.0262	-1
1372.5500	-1
1375.0739	-1
1377.5977	-1
1380.1215	-1
1382.6454	-1
1385.1693	-1
1387.6932	-1
1390.2172	-1
1392.7411	-1
1395.2650	-1
1397.7892	-1
1400.3134	-1
1402.8375	-1
1405.3617	-1
1407.8859	-1
1410.4100	-1
1412.9355	-1
1415.4611	-1
1417.9866	-1
1420.5121	-1
1423.0376	-1
1425.5631	-1
1428.0887	-1
1430.6144	-1
1433.1400	-1
1435.6656	-1
1438.1914	-1
1440.7172	-1
1443.2430	-1
1445.7689	-1
1448.2948	-1
1450.8207	-1
1453.3466	-1
1455.8724	-1
1458.3984	-1
1460.9244	-1
1463.4504	-1
1465.9764	-1
1468.5024	-1
1471.0284	-1
1473.5547	-1
1476.0809	-1
1478.6072	-1
1481.1334	-1
1483.6597	-1
1486.1859	-1
1488.7134	-1
1491.2408	-1
1493.7683	-1
1496.2958	-1
1498.8232	-1
1501.3507	-1
1503.8784	-1
1506.4061	-1
1508.9338	-1
1511.4615	-1
1513.9893	-1
1516.5170	-1
1519.0448	-1
1521.5726	-1
1524.1005	-1
1526.6283	-1
1529.1561	-1
1531.6840	-1
1534.2119	-1
1536.7399	-1
1539.2678	-1
1541.7958	-1
1544.3237	-1
1546.8517	-1
1549.3798	-1
1551.9078	-1
1554.4359	-1
1556.9640	-1
1559.4921	-1
1562.0201	-1
1564.5490	-1
1567.0778	-1
1569.6066	-1
1572.1354	-1
1574.6642	-1
1577.1930	-1
1579.7219	-1
1582.2509	-1
1584.7798	-1
1587.3087	-1
1589.8376	-1
1592.3666	-1
1594.8956	-1
1597.4247	-1
1599.9537	-1
1602.4828	-1
1605.0118	-1
1607.5409	-1
1610.0701	-1
1612.5992	-1
1615.1284	-1
1617.6576	-1
1620.1868	-1
1622.7159	-1
1625.2462	-1
1627.7765	-1
1630.3068	-1
1632.8370	-1
1635.3673	-1
1637.8976	-1
1640.4286	-1
1642.9596	-1
1645.4906	-1
1648.0216	-1
1650.5526	-1
1653.0836	-1
1655.6151	-1
1658.1466	-1
1660.6782	-1
1663.2098	-1
1665.7415	-1
1668.2731	-1
1670.8048	-1
1673.3365	-1
1675.8683	-1
1678.4000	-1
1680.9318	-1
1683.4635	-1
1685.9954	-1
1688.5272	-1
1691.0591	-1
1693.5909	-1
1696.1228	-1
1698.6547	-1
1701.1866	-1
1703.7186	-1
1706.2506	-1
1708.7826	-1
1711.3146	-1
1713.8466	-1
1716.3787	-1
1718.9108	-1
1721.4429	-1
1723.9750	-1
1726.5071	-1
1729.0392	-1
1731.5714	-1
1734.1036	-1
1736.6359	-1
1739.1681	-1
1741.7003	-1
1744.2325	-1
1746.7649	-1
1749.2972	-1
1751.8296	-1
1754.3619	-1
1756.8943	-1
1759.4266	-1
1761.9591	-1
1764.4916	-1
1767.0240	-1
1769.5565	-1
1772.0890	-1
1774.6215	-1
1777.1541	-1
1779.6866	-1
1782.2192	-1
1784.7518	-1
1787.2844	-1
1789.8170	-1
1792.3510	-1
1794.8849	-1
1797.4188	-1
1799.9528	-1
1802.5000	1
1805.0488	-1
1807.5980	1
1810.1473	1
1812.6974	-1
1815.2474	-1
1817.7975	-1
1820.3475	-1
1822.8976	-1
1825.4476	-1
1827.9978	-1
1830.5480	-1
1833.0981	-1
1835.6483	-1
1838.1985	-1
1840.7487	-1
1843.2993	1
1845.8500	1
1848.4006	1
1850.9514	1
1853.5031	-1
1856.0547	-1
1858.6063	-1
1861.1580	-1
1863.7096	-1
1866.2612	-1
1868.8130	-1
1871.3647	-1
1873.9165	-1
1876.4683	-1
1879.0200	-1
1881.5718	-1
1884.1238	-1
1886.6758	-1
1889.2278	-1
1891.7798	-1
1894.3318	-1
1896.8838	-1
1899.4359	-1
1901.9880	-1
1904.5402	-1
1907.0923	-1
1909.6444	-1
1912.1965	-1
1914.7490	1
1917.3016	1
1919.8542	1
1922.4069	1
1924.9596	1
1927.5123	1
1930.0651	1
1932.6179	1
1935.1715	-1
1937.7251	-1
1940.2787	-1
1942.8323	-1
1945.3859	-1
1947.9395	-1
1950.4943	-1
1953.0491	-1
1955.6039	-1
1958.1587	-1
1960.7135	-1
1963.2683	-1
1965.8234	1
1968.3784	1
1970.9335	1
1973.4886	1
1976.0439	-1
1978.5992	-1
1981.1545	-1
1983.7098	-1
1986.2651	-1
1988.8204	-1
1991.3760	-1
1993.9315	-1
1996.4871	-1
1999.0426	-1
2001.5981	-1
2004.1537	-1
2006.7094	-1
2009.2650	-1
2011.8207	-1
2014.3763	-1
2016.9320	-1
2019.4877	-1
2022.0435	1
2024.5992	1
2027.1552	-1
2029.7111	-1
2032.2670	-1
2034.8229	-1
2037.3788	-1
2039.9347	-1
2042.4907	-1
2045.0468	-1
2047.6028	-1
2050.1589	-1
2052.7151	-1
2055.2712	-1
2057.8274	-1
2060.3835	-1
2062.9397	-1
2065.4958	-1
2068.0520	-1
2070.6082	-1
2073.1646	1
2075.7209	1
2078.2776	1
2080.8342	1
2083.3909	1
2085.9475	1
2088.5063	-1
2091.0652	-1
2093.6240	-1
2096.1829	-1
2098.7417	-1
2101.3005	-1
2103.8596	-1
2106.4187	-1
2108.9778	-1
2111.5369	-1
2114.0959	-1
2116.6550	-1
2119.2141	-1
2121.7732	-1
2124.3323	-1
2126.8914	-1
2129.4504	-1
2132.0095	-1
2134.5688	-1
2137.1282	-1
2139.6875	-1
2142.2468	-1
2144.8062	-1
2147.3655	-1
2149.9248	-1
2152.4841	-1
2155.0435	-1
2157.6028	-1
2160.1621	-1
2162.7214	-1
2165.2810	-1
2167.8406	-1
2170.4001	-1
2172.9597	-1
2175.5193	-1
2178.0789	-1
2180.6384	-1
2183.1980	-1
2185.7576	-1
2188.3171	-1
2190.8770	-1
2193.4368	-1
2195.9966	-1
2198.5564	-1
2201.1162	-1
2203.6760	-1
2206.2358	-1
2208.7957	-1
2211.3557	-1
2213.9158	-1
2216.4758	-1
2219.0359	-1
2221.5959	-1
2224.1560	-1
2226.7161	1
2229.2761	-1
2231.8362	-1
2234.3962	-1
2236.9563	-1
2239.5164	-1
2242.0764	-1
2244.6365	1
2247.1965	1
2249.7566	1
2252.3169	1
2254.8772	1
2257.4380	-1
2259.9988	-1
2262.5596	-1
2265.1204	-1
2267.6812	-1
2270.2419	-1
2272.8037	-1
2275.3655	-1
2277.9272	-1
2280.4890	-1
2283.0508	-1
2285.6125	-1
2288.1746	-1
2290.7366	-1
2293.2986	-1
2295.8606	-1
2298.4226	-1
2300.9846	-1
2303.5466	1
2306.1086	1
2308.6707	-1
2311.2327	1
2313.7947	-1
2316.3567	-1
2318.9187	-1
2321.4807	-1
2324.0427	-1
2326.6047	1
2329.1670	-1
2331.7292	-1
2334.2915	-1
2336.8538	-1
2339.4160	-1
2341.9783	-1
2344.5408	-1
2347.1033	-1
2349.6658	-1
2352.2283	-1
2354.7908	-1
2357.3533	-1
2359.9160	1
2362.4788	1
2365.0415	1
2367.6045	1
2370.1680	-1
2372.7314	-1
2375.2949	-1
2377.8584	-1
2380.4219	-1
2382.9854	-1
2385.5491	-1
2388.1128	-1
2390.6765	-1
2393.2402	-1
2395.8040	-1
2398.3677	-1
2400.9326	1
2403.4976	1
2406.0625	1
2408.6277	1
2411.1929	1
2413.7583	-1
2416.3237	-1
2418.8892	-1
2421.4546	-1
2424.0200	-1
2426.5854	-1
2429.1516	-1
2431.7178	-1
2434.2839	-1
2436.8501	-1
2439.4163	-1
2441.9824	-1
2444.5491	-1
2447.1157	-1
2449.6824	-1
2452.2490	-1
2454.8157	-1
2457.3823	-1
2459.9490	-1
2462.5156	-1
2465.0823	-1
2467.6489	-1
2470.2158	-1
2472.7827	-1
2475.3496	-1
2477.9165	-1
2480.4834	-1
2483.0503	-1
2485.6172	-1
2488.1841	-1
2490.7510	-1
2493.3181	-1
2495.8853	-1
2498.4524	-1
2501.0195	-1
2503.5867	-1
2506.1538	-1
2508.7209	-1
2511.2881	-1
2513.8552	-1
2516.4224	-1
2518.9895	-1
2521.5569	-1
2524.1243	-1
2526.6917	-1
2529.2590	-1
2531.8264	-1
2534.3938	-1
2536.9622	-1
2539.5305	-1
2542.0991	-1
2544.6677	-1
2547.2363	-1
2549.8049	-1
2552.3735	-1
2554.9421	-1
2557.5107	-1
2560.0793	-1
2562.6479	-1
2565.2166	-1
2567.7854	-1
2570.3542	-1
2572.9231	-1
2575.4919	-1
2578.0608	-1
2580.6296	-1
2583.1985	-1
2585.7673	-1
2588.3362	-1
2590.9050	-1
2593.4739	-1
2596.0427	-1
2598.6118	-1
2601.1809	-1
2603.7500	-1
2606.3191	-1
2608.9014	1
2611.4854	-1
2614.0698	1
2616.6543	1
2619.2397	-1
2621.8252	-1
2624.4106	-1
2626.9961	-1
2629.5815	-1
2632.1670	-1
2634.7524	-1
2637.3379	-1
2639.9358	1
2642.5359	-1
2645.1362	1
2647.7368	1
2650.3389	-1
2652.9409	-1
2655.5430	-1
2658.1450	-1
2660.7471	-1
2663.3491	-1
2665.9512	-1
2668.5532	-1
2671.1553	-1
2673.7573	-1
2676.3594	-1
2678.9614	-1
2681.5640	1
2684.1675	-1
2686.7710	-1
2689.3745	-1
2691.9780	-1
2694.5815	-1
2697.1851	-1
2699.8018	1
2702.4202	-1
2705.0388	1
2707.6575	1
2710.2771	-1
2712.8967	-1
2715.5164	-1
2718.1360	-1
2720.7556	-1
2723.3752	-1
2725.9949	-1
2728.6145	-1
2731.2341	-1
2733.8538	-1
2736.4734	-1
2739.1057	1
2741.7397	-1
2744.3743	1
2747.0088	1
2749.6445	-1
2752.2803	-1
2754.9160	-1
2757.5518	-1
2760.1875	-1
2762.8232	-1
2765.4590	-1
2768.0947	-1
2770.7305	-1
2773.3662	-1
2776.0022	-1
2778.6382	-1
2781.2747	1
2783.9111	1
2786.5476	1
2789.1841	1
2791.8220	-1
2794.4600	-1
2797.0979	-1
2799.7358	-1
2802.3738	-1
2805.0117	-1
2807.6499	-1
2810.2881	-1
2812.9263	-1
2815.5645	-1
2818.2026	-1
2820.8408	-1
2823.4792	-1
2826.1177	-1
2828.7561	-1
2831.3945	-1
2834.0330	-1
2836.6714	-1
2839.3098	-1
2841.9482	-1
2844.5867	-1
2847.2251	-1
2849.8635	-1
2852.5020	-1
2855.1406	1
2857.7793	1
2860.4182	1
2863.0571	1
2865.6960	1
2868.3352	1
2870.9744	1
2873.6135	1
2876.2542	-1
2878.8948	-1
2881.5354	-1
2884.1760	-1
2886.8167	-1
2889.4573	-1
2892.0994	1
2894.7415	-1
2897.3835	-1
2900.0256	-1
2902.6677	-1
2905.3098	-1
2907.9519	-1
2910.5942	-1
2913.2366	-1
2915.8789	-1
2918.5212	-1
2921.1636	-1
2923.8059	-1
2926.4485	-1
2929.0911	-1
2931.7336	-1
2934.3762	-1
2937.0188	-1
2939.6614	-1
2942.3040	1
2944.9470	1
2947.5901	1
2950.2332	1
2952.8762	1
2955.5193	1
2958.1626	1
2960.8059	-1
2963.4492	-1
2966.0925	-1
2968.7358	-1
2971.3792	-1
2974.0225	-1
2976.6660	-1
2979.3096	-1
2981.9531	-1
2984.5967	-1
2987.2402	-1
2989.8838	-1
2992.5276	-1
2995.1714	-1
2997.8152	-1
3000.4590	-1
3003.1028	-1
3005.7466	-1
3008.3904	-1
3011.0344	-1
3013.6785	-1
3016.3225	-1
3018.9666	-1
3021.6106	-1
3024.2556	1
3026.9006	1
3029.5459	1
3032.1912	1
3034.8364	1
3037.4817	1
3040.1270	1
3042.7722	1
3045.4182	-1
3048.0642	-1
3050.7102	-1
3053.3562	-1
3056.0022	-1
3058.6482	-1
3061.2942	-1
3063.9402	-1
3066.5862	-1
3069.2324	-1
3071.8787	-1
3074.5249	-1
3077.1721	1
3079.8193	1
3082.4668	1
3085.1143	1
3087.7632	-1
3090.4121	-1
3093.0610	-1
3095.7100	-1
3098.3589	-1
3101.0078	-1
3103.6567	-1
3106.3057	-1
3108.9546	-1
3111.6035	-1
3114.2524	-1
3116.9014	-1
3119.5505	-1
3122.1997	-1
3124.8489	-1
3127.4980	-1
3130.1472	-1
3132.7964	-1
3135.4456	-1
3138.0947	-1
3140.7439	-1
3143.3931	-1
3146.0422	-1
3148.6914	-1
3151.3408	-1
3153.9902	-1
3156.6396	-1
3159.2891	-1
3161.9385	-1
3164.5879	-1
3167.2373	-1
3169.8867	-1
3172.5361	-1
3175.1855	-1
3177.8350	-1
3180.4844	-1
3183.1367	-1
3185.7891	-1
3188.4414	-1
3191.0938	-1
3193.7461	-1
3196.3984	-1
3199.0510	-1
3201.7036	-1
3204.3562	-1
3207.0088	-1
3209.6614	-1
3212.3140	-1
3214.9668	-1
3217.6196	-1
3220.2725	-1
3222.9253	-1
3225.5781	-1
3228.2310	-1
3230.8838	-1
3233.5366	-1
3236.1895	-1
3238.8423	-1
3241.4951	-1
3244.1479	-1
3246.8010	-1
3249.4541	-1
3252.1072	-1
3254.7603	-1
3257.4133	-1
3260.0664	-1
3262.7195	-1
3265.3726	-1
3268.0256	-1
3270.6787	-1
3273.3318	-1
3275.9849	-1
3278.6382	-1
3281.2915	-1
3283.9448	-1
3286.5981	-1
3289.2515	-1
3291.9048	-1
3294.5581	-1
3297.2114	-1
3299.8647	-1
3302.5181	-1
3305.1714	-1
3307.8247	-1
3310.4783	-1
3313.1318	-1
3315.7854	-1
3318.4390	-1
3321.0925	-1
3323.7461	-1
3326.3997	-1
3329.0532	-1
3331.7068	-1
3334.3604	-1
3337.0139	-1
3339.6675	-1
3342.3213	-1
3344.9751	-1
3347.6289	-1
3350.2827	-1
3352.9365	-1
3355.5903	-1
3358.2441	-1
3360.8979	-1
3363.5652	1
3366.2341	-1
3368.9033	1
3371.5728	1
3374.2429	-1
3376.9131	-1
3379.5835	-1
3382.2664	1
3384.9507	-1
3387.6353	1
3390.3201	1
3393.0061	-1
3395.6921	-1
3398.3782	-1
3401.0642	-1
3403.7502	-1
3406.4500	1
3409.1516	-1
3411.8538	1
3414.5559	1
3417.2590	-1
3419.9622	-1
3422.6655	-1
3425.3689	-1
3428.0723	-1
3430.7756	-1
3433.4790	-1
3436.1824	-1
3438.8857	-1
3441.5891	-1
3444.2925	-1
3446.9958	-1
3449.7000	1
3452.4041	1
3455.1091	-1
3457.8142	-1
3460.5193	-1
3463.2244	-1
3465.9294	-1
3468.6345	-1
3471.3398	-1
3474.0452	-1
3476.7637	1
3479.4836	-1
3482.2041	1
3484.9246	1
3487.6458	-1
3490.3669	-1
3493.0881	-1
3495.8096	-1
3498.5310	-1
3501.2524	-1
3503.9739	-1
3506.6953	-1
3509.4167	-1
3512.1382	-1
3514.8596	-1
3517.5811	-1
3520.3030	1
3523.0249	1
3525.7468	1
3528.4688	1
3531.1917	-1
3533.9146	-1
3536.6375	-1
3539.3604	-1
3542.0833	-1
3544.8062	-1
3547.5291	-1
3550.2520	-1
3552.9749	-1
3555.6978	-1
3558.4207	-1
3561.1436	-1
3563.8667	-1
3566.5898	-1
3569.3130	-1
3572.0361	-1
3574.7593	-1
3577.4824	-1
3580.2058	-1
3582.9292	-1
3585.6526	-1
3588.3760	-1
3591.0994	-1
3593.8228	-1
3596.5464	1
3599.2703	1
3601.9941	1
3604.7180	1
3607.4419	1
3610.1658	1
3612.8899	1
3615.6140	1
3618.3384	-1
3621.0627	-1
3623.7871	-1
3626.5115	-1
3629.2358	-1
3631.9602	-1
3634.6853	-1
3637.4104	-1
3640.1355	-1
3642.8606	-1
3645.5857	-1
3648.3108	-1
3651.0361	-1
3653.7615	-1
3656.4868	-1
3659.2122	-1
3661.9375	-1
3664.6628	-1
3667.3887	1
3670.1145	1
3672.8408	-1
3675.5671	-1
3678.2935	-1
3681.0198	-1
3683.7461	-1
3686.4724	-1
3689.1990	-1
3691.9255	-1
3694.6521	-1
3697.3787	-1
3700.1052	-1
3702.8318	-1
3705.5583	1
3708.2849	1
3711.0115	-1
3713.7380	-1
3716.4646	-1
3719.1912	-1
3721.9177	1
3724.6443	-1
3727.3708	-1
3730.0977	1
3732.8245	-1
3735.5513	-1
3738.2781	-1
3741.0049	-1
3743.7317	-1
3746.4585	-1
3749.1855	-1
3751.9126	-1
3754.6396	-1
3757.3667	-1
3760.0938	-1
3762.8208	-1
3765.5483	1
3768.2759	1
3771.0034	1
3773.7312	1
3776.4607	-1
3779.1902	-1
3781.9197	-1
3784.6492	-1
3787.3787	-1
3790.1082	-1
3792.8379	-1
3795.5676	-1
3798.2974	-1
3801.0271	-1
3803.7568	-1
3806.4866	-1
3809.2166	-1
3811.9465	-1
3814.6765	-1
3817.4065	-1
3820.1365	-1
3822.8665	-1
3825.5964	-1
3828.3264	-1
3831.0564	-1
3833.7864	-1
3836.5164	-1
3839.2463	-1
3841.9766	-1
3844.7068	-1
3847.4370	-1
3850.1672	-1
3852.8975	-1
3855.6277	-1
3858.3582	-1
3861.0886	-1
3863.8191	-1
3866.5496	-1
3869.2800	-1
3872.0105	-1
3874.7410	-1
3877.4714	-1
3880.2019	-1
3882.9324	-1
3885.6628	-1
3888.3933	-1
3891.1240	-1
3893.8547	-1
3896.5854	-1
3899.3162	-1
3902.0469	-1
3904.7776	-1
3907.5083	-1
3910.2390	-1
3912.9697	-1
3915.7004	-1
3918.4312	-1
3921.1619	-1
3923.8928	-1
3926.6238	-1
3929.3547	-1
3932.0984	1
3934.8435	-1
3937.5891	1
3940.3347	1
3943.0811	-1
3945.8274	-1
3948.5737	-1
3951.3201	-1
3954.0664	-1
3956.8127	-1
3959.5591	-1
3962.3054	-1
3965.0645	1
3967.8250	-1
3970.5859	1
3973.3469	1
3976.1094	-1
3978.8718	-1
3981.6343	-1
3984.3967	-1
3987.1592	-1
3989.9216	-1
3992.6843	-1
3995.4597	1
3998.2368	-1
4001.0142	1
4003.7917	1
4006.5698	-1
4009.3479	-1
4012.1260	-1
4014.9041	-1
4017.6826	-1
4020.4736	1
4023.2661	-1
4026.0591	1
4028.8521	1
4031.6462	-1
4034.4404	-1
4037.2346	-1
4040.0288	-1
4042.8230	-1
4045.6172	-1
4048.4116	-1
4051.2061	-1
4054.0005	-1
4056.7949	-1
4059.5894	-1
4062.3838	-1
4065.1785	1
4067.9734	1
4070.7683	1
4073.5632	1
4076.3599	-1
4079.1565	-1
4081.9531	-1
4084.7498	-1
4087.5464	-1
4090.3430	-1
4093.1396	-1
4095.9363	-1
4098.7329	-1
4101.5298	-1
4104.3267	-1
4107.1235	-1
4109.9204	-1
4112.7173	-1
4115.5142	-1
4118.3110	-1
4121.1079	-1
4123.9048	-1
4126.7017	-1
4129.4985	-1
4132.2954	-1
4135.0923	-1
4137.8892	-1
4140.6860	-1
4143.4834	1
4146.2808	1
4149.0781	1
4151.8760	1
4154.6738	1
4157.4717	1
4160.2695	1
4163.0674	1
4165.8682	-1
4168.6689	-1
4171.4697	-1
4174.2705	-1
4177.0713	-1
4179.8721	-1
4182.6729	-1
4185.4736	-1
4188.2744	-1
4191.0752	-1
4193.8760	-1
4196.6768	-1
4199.4780	-1
4202.2793	-1
4205.0806	-1
4207.8818	-1
4210.6831	-1
4213.4844	-1
4216.2856	-1
4219.0869	-1
4221.8882	-1
4224.6895	-1
4227.4907	-1
4230.2920	-1
4233.0933	1
4235.8945	-1
4238.6958	-1
4241.4971	-1
4244.2983	-1
4247.0996	-1
4249.9009	-1
4252.7021	1
4255.5039	-1
4258.3057	-1
4261.1074	-1
4263.9092	-1
4266.7109	-1
4269.5127	-1
4272.3145	-1
4275.1162	-1
4277.9180	-1
4280.7197	-1
4283.5215	-1
4286.3232	-1
4289.1255	-1
4291.9277	-1
4294.7300	-1
4297.5322	-1
4300.3345	-1
4303.1367	-1
4305.9395	1
4308.7422	1
4311.5449	1
4314.3477	1
4317.1504	1
4319.9551	-1
4322.7598	-1
4325.5645	-1
4328.3691	-1
4331.1738	-1
4333.9785	-1
4336.7842	-1
4339.5898	-1
4342.3955	-1
4345.2012	-1
4348.0068	-1
4350.8125	-1
4353.6182	-1
4356.4238	-1
4359.2295	-1
4362.0352	-1
4364.8408	-1
4367.6465	-1
4370.4521	-1
4373.2578	-1
4376.0635	-1
4378.8691	-1
4381.6748	-1
4384.4805	-1
4387.2861	-1
4390.0918	-1
4392.8975	-1
4395.7031	-1
4398.5088	-1
4401.3149	-1
4404.1211	-1
4406.9272	-1
4409.7334	-1
4412.5396	-1
4415.3457	-1
4418.1519	-1
4420.9580	-1
4423.7642	-1
4426.5703	-1
4429.3765	-1
4432.1826	-1
4435.0020	1
4437.8228	-1
4440.6445	1
4443.4663	1
4446.2891	-1
4449.1118	-1
4451.9346	-1
4454.7573	-1
4457.5801	-1
4460.4028	-1
4463.2256	-1
4466.0483	-1
4468.8711	-1
4471.6938	-1
4474.5166	-1
4477.3394	-1
4480.1626	1
4482.9858	1
4485.8091	1
4488.6328	1
4491.4570	-1
4494.2812	-1
4497.1055	-1
4499.9297	-1
4502.7539	-1
4505.5781	-1
4508.4028	1
4511.2275	-1
4514.0522	-1
4516.8770	-1
4519.7017	-1
4522.5264	-1
4525.3511	-1
4528.1758	1
4531.0010	-1
4533.8262	-1
4536.6514	-1
4539.4766	-1
4542.3018	-1
4545.1270	-1
4547.9521	-1
4550.7773	-1
4553.6025	-1
4556.4277	-1
4559.2529	-1
4562.0781	-1
4564.9033	1
4567.7290	1
4570.5547	1
4573.3809	1
4576.2070	1
4579.0332	1
4581.8594	-1
4584.6855	-1
4587.5117	-1
4590.3379	-1
4593.1641	-1
4595.9902	-1
4598.8169	1
4601.6440	1
4604.4712	-1
4607.2983	-1
4610.1255	-1
4612.9526	-1
4615.7798	-1
4618.6069	-1
4621.4346	-1
4624.2622	-1
4627.0898	-1
4629.9175	-1
4632.7451	-1
4635.5728	-1
4638.4009	1
4641.2290	1
4644.0571	1
4646.8853	1
4649.7139	-1
4652.5425	-1
4655.3711	-1
4658.1997	-1
4661.0283	-1
4663.8569	-1
4666.6855	-1
4669.5142	-1
4672.3428	-1
4675.1714	-1
4678.0000	-1
4680.8286	-1
4683.6572	-1
4686.4858	-1
4689.3149	-1
4692.1440	-1
4694.9731	-1
4697.8022	-1
4700.6313	-1
4703.4604	-1
4706.2896	-1
4709.1187	-1
4711.9478	-1
4714.7769	-1
4717.6074	-1
4720.4380	-1
4723.2686	-1
4726.0991	-1
4728.9297	-1
4731.7603	-1
4734.5908	1
4737.4214	1
4740.2520	-1
4743.0825	-1
4745.9131	-1
4748.7437	-1
4751.5742	-1
4754.4048	-1
4757.2354	1
4760.0664	-1
4762.8975	-1
4765.7285	-1
4768.5596	-1
4771.3906	-1
4774.2217	-1
4777.0527	-1
4779.8838	-1
4782.7148	-1
4785.5459	-1
4788.3770	-1
4791.2080	-1
4794.0391	-1
4796.8701	-1
4799.7012	-1
4802.5322	-1
4805.3633	-1
4808.1943	-1
4811.0259	-1
4813.8574	-1
4816.6890	-1
4819.5205	-1
4822.3521	-1
4825.1836	-1
4828.0151	-1
4830.8467	-1
4833.6782	-1
4836.5098	-1
4839.3413	-1
4842.1729	-1
4845.0049	-1
4847.8369	-1
4850.6689	-1
4853.5010	-1
4856.3330	-1
4859.1650	-1
4861.9976	-1
4864.8301	-1
4867.6626	-1
4870.4951	-1
4873.3276	-1
4876.1602	-1
4878.9932	-1
4881.8262	-1
4884.6592	-1
4887.4922	-1
4890.3379	1
4893.1855	-1
4896.0337	1
4898.8818	1
4901.7305	-1
4904.5791	-1
4907.4277	-1
4910.2769	-1
4913.1260	-1
4915.9751	-1
4918.8242	-1
4921.6733	-1
4924.5225	-1
4927.3716	-1
4930.2207	-1
4933.0698	-1
4935.9194	1
4938.7690	1
4941.6187	1
4944.4683	1
4947.3188	-1
4950.1694	-1
4953.0200	-1
4955.8706	-1
4958.7212	-1
4961.5718	-1
4964.4224	-1
4967.2729	-1
4970.1235	-1
4972.9741	-1
4975.8247	-1
4978.6753	-1
4981.5259	-1
4984.3765	-1
4987.2271	-1
4990.0776	-1
4992.9282	-1
4995.7788	-1
4998.6299	1
5001.4810	1
5004.3320	1
5007.1831	1
5010.0342	1
5012.8853	1
5015.7368	-1
5018.5884	-1
5021.4399	-1
5024.2915	-1
5027.1431	-1
5029.9946	-1
5032.8467	-1
5035.6987	-1
5038.5508	-1
5041.4028	-1
5044.2549	-1
5047.1069	-1
5049.9595	1
5052.8120	1
5055.6650	-1
5058.5181	-1
5061.3711	-1
5064.2241	-1
5067.0771	-1
5069.9302	-1
5072.7832	1
5075.6362	1
5078.4897	1
5081.3438	1
5084.1978	-1
5087.0518	-1
5089.9058	-1
5092.7598	-1
5095.6138	-1
5098.4678	-1
5101.3218	-1
5104.1758	-1
5107.0298	-1
5109.8838	-1
5112.7378	-1
5115.5918	-1
5118.4463	-1
5121.3008	-1
5124.1553	-1
5127.0098	-1
5129.8643	-1
5132.7188	-1
5135.5732	-1
5138.4277	-1
5141.2822	-1
5144.1367	-1
5146.9912	-1
5149.8457	-1
5152.7007	-1
5155.5557	-1
5158.4106	-1
5161.2656	-1
5164.1206	-1
5166.9756	-1
5169.8306	-1
5172.6855	-1
5175.5405	-1
5178.3955	-1
5181.2505	-1
5184.1055	-1
5186.9604	-1
5189.8154	-1
5192.6704	-1
5195.5254	-1
5198.3804	-1
5201.2354	-1
5204.0908	-1
5206.9463	-1
5209.8018	-1
5212.6572	-1
5215.5127	-1
5218.3682	-1
5221.2236	1
5224.0791	1
5226.9355	-1
5229.7920	-1
5232.6484	-1
5235.5049	-1
5238.3613	-1
5241.2178	-1
5244.0742	-1
5246.9307	-1
5249.7871	-1
5252.6436	-1
5255.5000	-1
5258.3564	-1
5261.2134	1
5264.0703	1
5266.9272	1
5269.7842	1
5272.6411	1
5275.4980	1
5278.3550	1
5281.2119	1
5284.0693	1
5286.9268	1
5289.7842	1
5292.6416	1
5295.4990	1
5298.3564	1
5301.2139	-1
5304.0713	-1
5306.9287	-1
5309.7861	-1
5312.6436	-1
5315.5010	-1
5318.3584	-1
5321.2158	-1
5324.0732	-1
5326.9312	-1
5329.7891	-1
5332.6470	-1
5335.5054	1
5338.3638	1
5341.2222	1
5344.0806	1
5346.9390	1
5349.7974	1
5352.6558	1
5355.5142	1
5358.3735	-1
5361.2329	-1
5364.0923	-1
5366.9517	-1
5369.8110	-1
5372.6704	-1
5375.5303	-1
5378.3901	-1
5381.2500	-1
5384.1099	-1
5386.9697	-1
5389.8296	-1
5392.6904	1
5395.5527	-1
5398.4150	-1
5401.2773	-1
5404.1396	-1
5407.0020	-1
5409.8643	-1
5412.7266	1
5415.5889	1
5418.4517	1
5421.3145	-1
5424.1772	-1
5427.0400	-1
5429.9028	-1
5432.7656	-1
5435.6284	-1
5438.4912	-1
5441.3540	-1
5444.2168	-1
5447.0796	-1
5449.9424	-1
5452.8052	-1
5455.6680	-1
5458.5308	-1
5461.3936	-1
5464.2563	-1
5467.1191	-1
5469.9819	-1
5472.8452	-1
5475.7085	-1
5478.5718	-1
5481.4351	-1
5484.2983	-1
5487.1616	-1
5490.0249	-1
5492.8882	-1
5495.7515	-1
5498.6147	-1
5501.4780	-1
5504.3413	-1
5507.2046	-1
5510.0679	-1
5512.9312	-1
5515.7944	-1
5518.6577	-1
5521.5210	-1
5524.3848	-1
5527.2485	-1
5530.1123	-1
5532.9761	-1
5535.8398	-1
5538.7036	-1
5541.5674	-1
5544.4312	-1
5547.2949	-1
5550.1587	-1
5553.0225	-1
5555.8862	-1
5558.7500	1
5561.6138	-1
5564.4775	-1
5567.3413	-1
5570.2051	-1
5573.0688	-1
5575.9326	-1
5578.7964	1
5581.6602	1
5584.5239	1
5587.3877	-1
5590.2515	-1
5593.1152	-1
5595.9790	-1
5598.8428	-1
5601.7065	-1
5604.5703	1
5607.4341	1
5610.2983	1
5613.1626	1
5616.0269	-1
5618.8911	-1
5621.7554	-1
5624.6196	-1
5627.4839	-1
5630.3481	-1
5633.2134	-1
5636.0786	-1
5638.9438	-1
5641.8091	-1
5644.6743	-1
5647.5396	-1
5650.4048	-1
5653.2700	-1
5656.1353	-1
5659.0005	-1
5661.8657	-1
5664.7310	-1
5667.5967	-1
5670.4624	-1
5673.3281	-1
5676.1938	-1
5679.0596	-1
5681.9253	-1
5684.7910	-1
5687.6567	-1
5690.5225	-1
5693.3882	-1
5696.2539	-1
5699.1196	-1
5701.9868	1
5704.8540	1
5707.7217	1
5710.5894	1
5713.4570	1
5716.3247	1
5719.1924	1
5722.0601	1
5724.9277	-1
5727.7954	1
5730.6631	-1
5733.5308	-1
5736.3984	-1
5739.2661	-1
5742.1338	-1
5745.0015	1
5747.8691	1
5750.7368	1
5753.6045	1
5756.4722	-1
5759.3398	-1
5762.2075	-1
5765.0752	-1
5767.9429	-1
5770.8105	-1
5773.6782	1
5776.5464	1
5779.4146	1
5782.2827	-1
5785.1509	-1
5788.0190	-1
5790.8872	-1
5793.7554	-1
5796.6235	-1
5799.4917	-1
5802.3599	-1
5805.2280	-1
5808.0962	-1
5810.9644	-1
5813.8325	-1
5816.7012	-1
5819.5698	-1
5822.4385	-1
5825.3071	-1
5828.1758	-1
5831.0444	-1
5833.9131	-1
5836.7817	-1
5839.6504	-1
5842.5190	-1
5845.3877	-1
5848.2563	-1
5851.1250	-1
5853.9937	-1
5856.8623	-1
5859.7310	-1
5862.5996	-1
5865.4683	-1
5868.3374	-1
5871.2065	-1
5874.0757	-1
5876.9448	-1
5879.8140	-1
5882.6831	-1
5885.5522	-1
5888.4214	-1
5891.2905	-1
5894.1597	-1
5897.0288	-1
5899.8979	-1
5902.7690	-1
5905.6401	-1
5908.5112	-1
5911.3823	-1
5914.2534	-1
5917.1245	-1
5919.9956	-1
5922.8667	-1
5925.7378	-1
5928.6089	-1
5931.4800	-1
5934.3511	-1
5937.2222	-1
5940.0933	-1
5942.9644	-1
5945.8354	-1
5948.7065	-1
5951.5776	-1
5954.4492	-1
5957.3208	-1
5960.1924	-1
5963.0640	-1
5965.9355	-1
5968.8071	-1
5971.6787	-1
5974.5503	-1
5977.4219	-1
5980.2935	-1
5983.1650	-1
5986.0366	-1
5988.9082	-1
5991.7798	-1
5994.6514	-1
5997.5229	-1
6000.3945	-1
6003.2661	-1
6006.1382	-1
6009.0103	-1
6011.8823	-1
6014.7544	-1
6017.6265	-1
6020.4985	-1
6023.3706	-1
6026.2427	-1
6029.1147	-1
6031.9868	-1
6034.8589	-1
6037.7310	-1
6040.6030	-1
6043.4751	-1
6046.3472	-1
6049.2192	-1
6052.0913	-1
6054.9634	-1
6057.8359	-1
6060.7085	-1
6063.5811	-1
6066.4536	-1
6069.3262	-1
6072.1987	-1
6075.0728	-1
6077.9468	-1
6080.8208	-1
6083.6948	-1
6086.5688	-1
6089.4429	-1
6092.3169	-1
6095.1909	-1
6098.0649	-1
6100.9390	-1
6103.8130	-1
6106.6870	-1
6109.5610	-1
6112.4351	-1
6115.3091	-1
6118.1831	-1
6121.0571	-1
6123.9312	-1
6126.8057	1
6129.6802	1
6132.5547	1
6135.4292	1
6138.3037	1
6141.1782	1
6144.0527	1
6146.9272	1
6149.8022	1
6152.6772	1
6155.5522	1
6158.4272	1
6161.3022	1
6164.1772	1
6167.0522	1
6169.9272	1
6172.8022	1
6175.6772	1
6178.5522	1
6181.4272	1
6184.3027	1
6187.1782	1
6190.0537	1
6192.9292	1
6195.8047	1
6198.6802	1
6201.5557	1
6204.4312	1
6207.3066	1
6210.1821	1
6213.0576	1
6215.9336	1
6218.8096	1
6221.6855	1
6224.5615	1
6227.4375	1
6230.3135	1
6233.1895	1
6236.0664	1
6238.9434	1
6241.8203	1
6244.6987	-1
6247.5771	-1
6250.4556	-1
6253.3340	-1
6256.2124	-1
6259.0908	-1
6261.9692	-1
6264.8477	-1
6267.7261	-1
6270.6045	-1
6273.4829	-1
6276.3613	-1
6279.2402	-1
6282.1191	-1
6284.9980	-1
6287.8770	-1
6290.7559	-1
6293.6348	-1
6296.5137	-1
6299.3926	-1
6302.2715	-1
6305.1504	-1
6308.0293	-1
6310.9082	-1
6313.7871	-1
6316.6660	-1
6319.5449	-1
6322.4238	-1
6325.3027	-1
6328.1816	-1
6331.0605	-1
6333.9395	-1
6336.8184	-1
6339.6973	-1
6342.5762	-1
6345.4551	-1
6348.3345	-1
6351.2139	-1
6354.0933	-1
6356.9727	-1
6359.8521	-1
6362.7314	-1
6365.6128	-1
6368.4941	-1
6371.3755	-1
6374.2568	-1
6377.1382	-1
6380.0195	-1
6382.9009	-1
6385.7822	-1
6388.6636	-1
6391.5449	-1
6394.4263	-1
6397.3076	-1
6400.1895	-1
6403.0713	-1
6405.9531	-1
6408.8350	-1
6411.7168	-1
6414.5986	-1
6417.4805	-1
6420.3623	-1
6423.2441	-1
6426.1260	-1
6429.0078	-1
6431.8896	-1
6434.7715	-1
6437.6533	-1
6440.5352	-1
6443.4170	-1
6446.2988	-1
6449.1807	-1
6452.0625	-1
6454.9443	-1
6457.8262	-1
6460.7080	-1
6463.5898	-1
6466.4717	-1
6469.3560	-1
6472.2402	-1
6475.1245	-1
6478.0088	-1
6480.8931	-1
6483.7773	-1
6486.6616	-1
6489.5459	-1
6492.4302	-1
6495.3145	-1
6498.1987	-1
6501.0830	-1
6503.9673	-1
6506.8516	-1
6509.7358	-1
6512.6201	-1
6515.5044	-1
6518.3887	-1
6521.2734	-1
6524.1582	-1
6527.0430	-1
6529.9277	-1
6532.8125	-1
6535.6973	-1
6538.5820	-1
6541.4668	-1
6544.3516	-1
6547.2363	-1
6550.1211	-1
6553.0059	-1
6555.8906	-1
6558.7754	-1
6561.6602	-1
6564.5449	-1
6567.4297	-1
6570.3145	-1
6573.1992	-1
6576.0840	-1
6578.9688	-1
6581.8535	-1
6584.7383	-1
6587.6230	-1
6590.5083	-1
6593.3936	-1
6596.2788	-1
6599.1641	-1
6602.0493	-1
6604.9346	-1
6607.8198	-1
6610.7051	-1
6613.5903	-1
6616.4756	-1
6619.3608	-1
6622.2461	-1
6625.1313	-1
6628.0166	-1
6630.9019	-1
6633.7871	-1
6636.6724	-1
6639.5576	-1
6642.4443	-1
6645.3311	-1
6648.2178	-1
6651.1045	-1
6653.9912	-1
6656.8779	-1
6659.7646	-1
6662.6514	-1
6665.5381	-1
6668.4248	-1
6671.3115	-1
6674.1982	-1
6677.0850	-1
6679.9717	-1
6682.8584	-1
6685.7451	-1
6688.6318	-1
6691.5186	-1
6694.4058	-1
6697.2930	-1
6700.1802	-1
6703.0674	-1
6705.9546	-1
6708.8418	-1
6711.7290	-1
6714.6162	-1
6717.5034	-1
6720.3906	-1
6723.2778	-1
6726.1650	-1
6729.0522	-1
6731.9395	-1
6734.8267	-1
6737.7139	-1
6740.6011	-1
6743.4883	-1
6746.3755	-1
6749.2627	-1
6752.1499	-1
6755.0371	-1
6757.9243	-1
6760.8115	-1
6763.6992	-1
6766.5869	-1
6769.4746	-1
6772.3623	-1
6775.2500	-1
6778.1377	-1
6781.0278	-1
6783.9180	-1
6786.8081	-1
6789.6982	-1
6792.5884	-1
6795.4785	-1
6798.3687	-1
6801.2588	-1
6804.1489	-1
6807.0391	-1
6809.9292	-1
6812.8193	-1
6815.7100	-1
6818.6006	-1
6821.4912	-1
6824.3818	-1
6827.2725	-1
6830.1631	-1
6833.0537	-1
6835.9443	-1
6838.8350	-1
6841.7256	-1
6844.6162	-1
6847.5068	-1
6850.3975	-1
6853.2881	-1
6856.1787	-1
6859.0693	-1
6861.9600	-1
6864.8506	-1
6867.7412	-1
6870.6318	-1
6873.5229	-1
6876.4141	-1
6879.3052	-1
6882.1963	-1
6885.0874	-1
6887.9785	-1
6890.8696	-1
6893.7607	-1
6896.6519	-1
6899.5430	-1
6902.4341	-1
6905.3252	-1
6908.2163	-1
6911.1074	-1
6913.9985	-1
6916.8896	-1
6919.7808	-1
6922.6719	-1
6925.5630	-1
6928.4541	-1
6931.3452	-1
6934.2363	-1
6937.1279	-1
6940.0195	-1
6942.9111	-1
6945.8027	-1
6948.6943	-1
6951.5859	-1
6954.4775	-1
6957.3691	-1
6960.2607	-1
6963.1523	-1
6966.0439	-1
6968.9355	-1
6971.8271	-1
6974.7188	-1
6977.6104	-1
6980.5020	-1
6983.3936	-1
6986.2852	-1
6989.1768	-1
6992.0684	-1
6994.9600	-1
6997.8516	-1
7000.7432	-1
7003.6348	-1
7006.5269	-1
7009.4189	-1
7012.3110	-1
7015.2031	-1
7018.0952	-1
7020.9873	-1
7023.8794	-1
7026.7715	-1
7029.6636	-1
7032.5557	-1
7035.4478	-1
7038.3398	-1
7041.2329	-1
7044.1260	-1
7047.0190	-1
7049.9121	-1
7052.8052	-1
7055.6982	-1
7058.5918	-1
7061.4854	-1
7064.3789	-1
7067.2725	-1
7070.1660	-1
7073.0596	-1
7075.9531	-1
7078.8467	-1
7081.7402	-1
7084.6338	-1
7087.5273	-1
7090.4209	-1
7093.3145	-1
7096.2080	-1
7099.1016	-1
7101.9951	-1
7104.8887	-1
7107.7822	-1
7110.6758	-1
7113.5693	-1
7116.4629	-1
7119.3701	1
7122.2793	-1
7125.1890	1
7128.0986	1
7131.0093	-1
7133.9199	-1
7136.8306	-1
7139.7417	-1
7142.6528	-1
7145.5640	-1
7148.4751	-1
7151.3862	-1
7154.2974	-1
7157.2085	-1
7160.1196	-1
7163.0308	-1
7165.9424	1
7168.8540	1
7171.7656	1
7174.6772	1
7177.5903	-1
7180.5034	-1
7183.4165	-1
7186.3296	-1
7189.2427	-1
7192.1558	-1
7195.0688	-1
7197.9819	-1
7200.8950	-1
7203.8081	-1
7206.7212	-1
7209.6343	-1
7212.5483	-1
7215.4624	-1
7218.3765	-1
7221.2905	-1
7224.2046	-1
7227.1187	-1
7230.0327	-1
7232.9468	-1
7235.8608	-1
7238.7749	-1
7241.6890	-1
7244.6030	-1
7247.5171	1
7250.4312	1
7253.3452	1
7256.2598	1
7259.1748	1
7262.0898	1
7265.0049	1
7267.9199	1
7270.8369	-1
7273.7539	-1
7276.6709	-1
7279.5879	-1
7282.5049	-1
7285.4219	-1
7288.3389	-1
7291.2559	-1
7294.1729	-1
7297.0898	-1
7300.0068	-1
7302.9238	-1
7305.8418	1
7308.7598	1
7311.6777	-1
7314.5957	-1
7317.5137	-1
7320.4316	-1
7323.3496	-1
7326.2676	-1
7329.1855	1
7332.1035	1
7335.0220	1
7337.9404	1
7340.8594	-1
7343.7783	-1
7346.6973	-1
7349.6162	-1
7352.5352	-1
7355.4541	-1
7358.3730	-1
7361.2920	-1
7364.2109	-1
7367.1299	-1
7370.0488	-1
7372.9678	-1
7375.8867	-1
7378.8057	-1
7381.7246	-1
7384.6436	-1
7387.5625	-1
7390.4814	-1
7393.4009	-1
7396.3203	-1
7399.2397	-1
7402.1592	-1
7405.0786	-1
7407.9980	-1
7410.9175	-1
7413.8369	-1
7416.7563	-1
7419.6758	-1
7422.5952	-1
7425.5146	-1
7428.4355	-1
7431.3564	-1
7434.2773	-1
7437.1982	-1
7440.1191	-1
7443.0400	-1
7445.9609	1
7448.8818	1
7451.8027	1
7454.7236	1
7457.6445	1
7460.5654	1
7463.4863	1
7466.4077	1
7469.3291	1
7472.2505	1
7475.1724	1
7478.0942	1
7481.0200	-1
7483.9458	-1
7486.8716	-1
7489.7974	-1
7492.7231	-1
7495.6489	-1
7498.5752	-1
7501.5015	-1
7504.4277	-1
7507.3540	-1
7510.2803	-1
7513.2065	-1
7516.1328	-1
7519.0591	-1
7521.9854	-1
7524.9116	-1
7527.8379	-1
7530.7642	-1
7533.6904	-1
7536.6167	-1
7539.5430	-1
7542.4692	-1
7545.3955	-1
7548.3218	-1
7551.2480	-1
7554.1743	-1
7557.1006	-1
7560.0269	-1
7562.9531	-1
7565.8794	-1
7568.8062	-1
7571.7329	-1
7574.6597	-1
7577.5864	-1
7580.5132	-1
7583.4399	-1
7586.3667	-1
7589.2935	-1
7592.2202	-1
7595.1470	-1
7598.0737	-1
7601.0005	-1
7603.9272	-1
7606.8540	-1
7609.7808	-1
7612.7075	-1
7615.6343	-1
7618.5610	-1
7621.4883	-1
7624.4155	-1
7627.3428	-1
7630.2700	-1
7633.1973	-1
7636.1245	-1
7639.0518	-1
7641.9790	-1
7644.9062	-1
7647.8335	-1
7650.7607	-1
7653.6880	-1
7656.6162	1
7659.5444	1
7662.4727	1
7665.4014	-1
7668.3301	-1
7671.2588	-1
7674.1875	-1
7677.1162	-1
7680.0449	-1
7682.9736	-1
7685.9023	-1
7688.8311	-1
7691.7598	-1
7694.6885	-1
7697.6172	-1
7700.5459	-1
7703.4746	-1
7706.4033	-1
7709.3320	-1
7712.2607	-1
7715.1895	-1
7718.1187	-1
7721.0479	-1
7723.9771	-1
7726.9062	-1
7729.8354	-1
7732.7646	-1
7735.6938	1
7738.6230	1
7741.5522	1
7744.4814	-1
7747.4106	-1
7750.3398	-1
7753.2690	-1
7756.1982	-1
7759.1274	-1
7762.0566	1
7764.9858	1
7767.9150	1
7770.8442	1
7773.7734	-1
7776.7026	-1
7779.6318	-1
7782.5610	-1
7785.4902	-1
7788.4199	-1
7791.3496	1
7794.2793	1
7797.2090	1
7800.1387	1
7803.0684	-1
7805.9980	-1
7808.9277	-1
7811.8574	-1
7814.7871	-1
7817.7168	-1
7820.6465	1
7823.5762	1
7826.5059	1
7829.4355	1
7832.3652	1
7835.2949	1
7838.2266	1
7841.1582	1
7844.0903	1
7847.0225	1
7849.9546	1
7852.8867	1
7855.8188	1
7858.7510	1
7861.6831	1
7864.6152	1
7867.5557	-1
7870.4961	-1
7873.4365	-1
7876.3770	-1
7879.3174	-1
7882.2578	-1
7885.1992	-1
7888.1406	-1
7891.0820	-1
7894.0234	-1
7896.9648	-1
7899.9062	-1
7902.8477	-1
7905.7891	-1
7908.7305	-1
7911.6719	-1
7914.6133	-1
7917.5547	-1
7920.4966	-1
7923.4385	-1
7926.3804	-1
7929.3223	-1
7932.2642	-1
7935.2061	-1
7938.1479	-1
7941.0898	-1
7944.0317	-1
7946.9736	-1
7949.9155	-1
7952.8574	-1
7955.7993	-1
7958.7412	-1
7961.6831	-1
7964.6250	-1
7967.5669	-1
7970.5088	-1
7973.4507	-1
7976.3926	-1
7979.3345	-1
7982.2764	-1
7985.2183	-1
7988.1602	-1
7991.1025	-1
7994.0449	-1
7996.9873	-1
7999.9297	-1
8002.8721	-1
8005.8145	-1
8008.7598	-1
8011.7051	-1
8014.6504	-1
8017.5957	-1
8020.5410	-1
8023.4863	-1
8026.4316	-1
8029.3770	-1
8032.3223	-1
8035.2676	-1
8038.2129	-1
8041.1582	-1
8044.1035	-1
8047.0488	-1
8049.9946	-1
8052.9404	-1
8055.8862	-1
8058.8320	-1
8061.7778	-1
8064.7236	-1
8067.6694	-1
8070.6152	-1
8073.5610	-1
8076.5068	-1
8079.4526	-1
8082.3984	-1
8085.3442	-1
8088.2900	-1
8091.2358	-1
8094.1816	-1
8097.1274	-1
8100.0732	-1
8103.0190	-1
8105.9648	-1
8108.9106	-1
8111.8564	-1
8114.8027	-1
8117.7490	-1
8120.6953	-1
8123.6416	-1
8126.5879	-1
8129.5342	-1
8132.4805	-1
8135.4268	-1
8138.3730	-1
8141.3193	-1
8144.2656	-1
8147.2119	-1
8150.1582	-1
8153.1045	-1
8156.0508	-1
8158.9971	-1
8161.9434	-1
8164.8896	-1
8167.8364	-1
8170.7832	-1
8173.7300	-1
8176.6768	-1
8179.6235	-1
8182.5703	-1
8185.5171	-1
8188.4639	-1
8191.4106	-1
8194.3574	-1
8197.3037	-1
8200.2500	-1
8203.1973	-1
8206.1445	-1
8209.0918	-1
8212.0391	-1
8214.9863	-1
8217.9336	-1
8220.8809	-1
8223.8281	-1
8226.7754	-1
8229.7227	-1
8232.6699	-1
8235.6172	-1
8238.5645	-1
8241.5117	-1
8244.4590	-1
8247.4062	-1
8250.3535	-1
8253.3008	-1
8256.2490	-1
8259.1973	-1
8262.1455	-1
8265.0938	-1
8268.0420	-1
8270.9902	-1
8273.9385	-1
8276.8867	-1
8279.8350	-1
8282.7832	-1
8285.7314	-1
8288.6797	-1
8291.6279	-1
8294.5762	-1
8297.5244	-1
8300.4727	-1
8303.4209	-1
8306.3691	-1
8309.3174	-1
8312.2656	-1
8315.2139	-1
8318.1621	-1
8321.1104	-1
8324.0586	-1
8327.0068	-1
8329.9551	-1
8332.9033	-1
8335.8516	-1
8338.8008	-1
8341.7500	-1
8344.6992	-1
8347.6484	-1
8350.5977	-1
8353.5469	-1
8356.4961	-1
8359.4453	-1
8362.3945	-1
8365.3438	-1
8368.2930	-1
8371.2422	-1
8374.1914	-1
8377.1406	-1
8380.0898	-1
8383.0391	-1
8385.9883	-1
8388.9502	1
8391.9141	-1
8394.8789	1
8397.8438	1
8400.8096	-1
8403.7754	-1
8406.7412	-1
8409.7070	-1
8412.6729	-1
8415.6387	-1
8418.6045	-1
8421.5703	-1
8424.5361	-1
8427.5020	-1
8430.4678	-1
8433.4336	-1
8436.4004	1
8439.3672	1
8442.3340	1
8445.3008	1
8448.2686	-1
8451.2363	-1
8454.2041	-1
8457.1719	-1
8460.1396	-1
8463.1074	-1
8466.0752	-1
8469.0430	-1
8472.0107	-1
8474.9785	-1
8477.9473	-1
8480.9160	-1
8483.8848	-1
8486.8535	-1
8489.8223	-1
8492.7910	-1
8495.7598	-1
8498.7285	-1
8501.6973	-1
8504.6660	-1
8507.6348	-1
8510.6035	-1
8513.5723	-1
8516.5410	-1
8519.5098	1
8522.4785	1
8525.4473	1
8528.4160	1
8531.3848	1
8534.3535	1
8537.3223	1
8540.2910	1
8543.2627	-1
8546.2344	-1
8549.2061	-1
8552.1777	-1
8555.1494	-1
8558.1211	-1
8561.0928	-1
8564.0645	-1
8567.0361	-1
8570.0078	-1
8572.9795	-1
8575.9512	-1
8578.9229	-1
8581.8945	-1
8584.8662	-1
8587.8379	-1
8590.8096	-1
8593.7812	-1
8596.7529	-1
8599.7246	-1
8602.6963	-1
8605.6680	-1
8608.6396	-1
8611.6113	-1
8614.5830	-1
8617.5547	-1
8620.5264	-1
8623.4980	-1
8626.4697	-1
8629.4414	-1
8632.4141	-1
8635.3867	-1
8638.3594	-1
8641.3320	-1
8644.3047	-1
8647.2773	-1
8650.2500	1
8653.2227	1
8656.1953	1
8659.1680	1
8662.1406	1
8665.1133	1
8668.0879	1
8671.0625	1
8674.0371	1
8677.0117	1
8679.9863	1
8682.9619	1
8685.9375	-1
8688.9131	-1
8691.8887	-1
8694.8643	-1
8697.8398	-1
8700.8154	-1
8703.7910	-1
8706.7666	-1
8709.7422	-1
8712.7178	-1
8715.6934	-1
8718.6689	-1
8721.6445	-1
8724.6201	-1
8727.5957	-1
8730.5713	-1
8733.5469	-1
8736.5225	-1
8739.4980	-1
8742.4736	-1
8745.4492	-1
8748.4248	-1
8751.4004	-1
8754.3760	-1
8757.3525	-1
8760.3291	-1
8763.3057	-1
8766.2822	-1
8769.2588	-1
8772.2354	-1
8775.2119	-1
8778.1885	-1
8781.1650	-1
8784.1416	-1
8787.1182	-1
8790.0947	-1
8793.0713	-1
8796.0479	-1
8799.0244	-1
8802.0010	-1
8804.9775	-1
8807.9541	-1
8810.9316	1
8813.9092	1
8816.8867	1
8819.8643	1
8822.8418	1
8825.8193	1
8828.7969	1
8831.7744	1
8834.7520	1
8837.7305	1
8840.7090	-1
8843.6875	-1
8846.6660	-1
8849.6445	-1
8852.6230	-1
8855.6016	-1
8858.5801	1
8861.5586	1
8864.5371	1
8867.5156	1
8870.4951	1
8873.4746	1
8876.4551	-1
8879.4355	-1
8882.4160	-1
8885.3965	-1
8888.3770	-1
8891.3574	-1
8894.3389	1
8897.3203	1
8900.3047	-1
8903.2891	-1
8906.2734	-1
8909.2578	-1
8912.2422	-1
8915.2266	-1
8918.2129	1
8921.1992	-1
8924.1865	-1
8927.1738	-1
8930.1611	-1
8933.1484	-1
8936.1357	-1
8939.1230	1
8942.1104	-1
8945.0977	-1
8948.0850	-1
8951.0723	-1
8954.0596	-1
8957.0469	-1
8960.0342	-1
8963.0215	-1
8966.0088	-1
8968.9961	-1
8971.9834	-1
8974.9707	-1
8977.9580	-1
8980.9453	-1
8983.9326	-1
8986.9199	-1
8989.9072	-1
8992.8945	-1
8995.8818	-1
8998.8691	-1
9001.8564	-1
9004.8438	-1
9007.8311	-1
9010.8184	-1
9013.8057	-1
9016.7930	-1
9019.7803	-1
9022.7676	-1
9025.7549	-1
9028.7422	-1
9031.7295	-1
9034.7168	-1
9037.7051	-1
9040.6934	-1
9043.6816	-1
9046.6699	-1
9049.6582	-1
9052.6465	-1
9055.6348	-1
9058.6230	-1
9061.6113	-1
9064.5996	-1
9067.5879	-1
9070.5762	-1
9073.5645	-1
9076.5527	-1
9079.5410	-1
9082.5293	-1
9085.5176	-1
9088.5059	-1
9091.4941	-1
9094.4824	-1
9097.4707	-1
9100.4590	-1
9103.4482	-1
9106.4375	-1
9109.4268	-1
9112.4160	-1
9115.4053	-1
9118.3945	-1
9121.3838	-1
9124.3730	-1
9127.3623	-1
9130.3516	-1
9133.3408	-1
9136.3301	-1
9139.3193	-1
9142.3086	-1
9145.2979	-1
9148.2871	-1
9151.2764	-1
9154.2656	-1
9157.2549	-1
9160.2441	-1
9163.2334	-1
9166.2227	-1
9169.2119	-1
9172.2012	-1
9175.1904	1
9178.1797	-1
9181.1689	-1
9184.1582	-1
9187.1475	-1
9190.1367	-1
9193.1260	-1
9196.1152	1
9199.1045	1
9202.0938	-1
9205.0830	1
9208.0723	-1
9211.0615	-1
9214.0508	-1
9217.0400	-1
9220.0293	-1
9223.0186	1
9226.0078	1
9228.9971	1
9231.9873	1
9234.9775	1
9237.9678	-1
9240.9580	-1
9243.9482	-1
9246.9385	-1
9249.9287	-1
9252.9189	-1
9255.9092	1
9258.8994	-1
9261.8896	-1
9264.8799	-1
9267.8701	-1
9270.8604	-1
9273.8506	-1
9276.8408	-1
9279.8311	-1
9282.8213	-1
9285.8115	-1
9288.8018	-1
9291.7920	-1
9294.7832	-1
9297.7744	-1
9300.7656	-1
9303.7568	-1
9306.7480	-1
9309.7393	-1
9312.7305	-1
9315.7217	-1
9318.7129	-1
9321.7041	-1
9324.6953	-1
9327.6865	-1
9330.6797	-1
9333.6729	-1
9336.6660	-1
9339.6592	-1
9342.6523	-1
9345.6455	-1
9348.6387	-1
9351.6318	-1
9354.6250	-1
9357.6182	-1
9360.6113	-1
9363.6045	-1
9366.5996	-1
9369.5947	-1
9372.5898	-1
9375.5850	-1
9378.5801	-1
9381.5752	-1
9384.5703	-1
9387.5654	-1
9390.5605	-1
9393.5557	-1
9396.5508	-1
9399.5459	-1
9402.5410	-1
9405.5361	-1
9408.5312	-1
9411.5264	-1
9414.5215	-1
9417.5166	-1
9420.5127	-1
9423.5088	-1
9426.5049	-1
9429.5010	-1
9432.4971	-1
9435.4932	-1
9438.4893	-1
9441.4854	-1
9444.4814	-1
9447.4775	-1
9450.4736	-1
9453.4697	-1
9456.4668	-1
9459.4639	-1
9462.4609	-1
9465.4580	-1
9468.4551	-1
9471.4521	-1
9474.4492	-1
9477.4463	-1
9480.4434	-1
9483.4404	-1
9486.4375	-1
9489.4346	-1
9492.4316	-1
9495.4287	-1
9498.4258	-1
9501.4229	-1
9504.4199	-1
9507.4170	-1
9510.4141	-1
9513.4111	-1
9516.4082	-1
9519.4053	-1
9522.4023	-1
9525.3994	-1
9528.3965	-1
9531.3936	-1
9534.3906	-1
9537.5791	1
9540.7686	-1
9543.9580	-1
9547.1475	-1
9550.3369	-1
9553.5264	-1
9556.7158	-1
9559.9180	1
9563.1221	-1
9566.3271	1
9569.5322	1
9572.7383	-1
9575.9443	-1
9579.1504	-1
9582.3564	-1
9585.5625	-1
9588.7686	-1
9591.9746	-1
9595.1807	-1
9598.3867	-1
9601.5928	-1
9604.7988	-1
9608.0049	-1
9611.2119	1
9614.4189	1
9617.6260	1
9620.8330	1
9624.0400	-1
9627.2471	-1
9630.4541	-1
9633.6611	-1
9636.8691	-1
9640.0771	-1
9643.2852	-1
9646.4932	-1
9649.7012	-1
9652.9092	-1
9656.1172	-1
9659.3252	-1
9662.5332	-1
9665.7412	-1
9668.9492	-1
9672.1572	-1
9675.3652	-1
9678.5732	-1
9681.7812	-1
9684.9893	-1
9688.1973	-1
9691.4053	-1
9694.6133	-1
9697.8213	-1
9701.0303	1
9704.2393	1
9707.4482	1
9710.6572	1
9713.8662	1
9717.0752	1
9720.2842	1
9723.4932	1
9726.7041	-1
9729.9150	-1
9733.1260	-1
9736.3369	-1
9739.5479	-1
9742.7588	-1
9745.9697	-1
9749.1807	-1
9752.3916	-1
9755.6025	-1
9758.8135	-1
9762.0244	-1
9765.2354	-1
9768.4463	-1
9771.6572	-1
9774.8682	-1
9778.0791	-1
9781.2900	-1
9784.5010	-1
9787.7119	-1
9790.9229	-1
9794.1338	-1
9797.3447	-1
9800.5557	-1
9803.7666	-1
9806.9775	-1
9810.1885	-1
9813.3994	-1
9816.6104	-1
9819.8213	-1
9823.0322	-1
9826.2432	-1
9829.4541	-1
9832.6650	-1
9835.8760	-1
9839.0869	-1
9842.2979	-1
9845.5088	-1
9848.7197	-1
9851.9307	-1
9855.1416	-1
9858.3525	-1
9861.5645	-1
9864.7764	-1
9867.9883	-1
9871.2002	-1
9874.4121	-1
9877.6240	-1
9880.8359	1
9884.0479	1
9887.2598	1
9890.4717	1
9893.6836	1
9896.8955	1
9900.1074	1
9903.3193	-1
9906.5312	-1
9909.7432	1
9912.9561	-1
9916.1689	-1
9919.3818	-1
9922.5947	-1
9925.8086	1
9929.0225	1
9932.2363	1
9935.4502	1
9938.6641	1
9941.8779	1
9945.0918	1
9948.3057	1
9951.5195	1
9954.7334	1
9957.9482	-1
9961.1631	-1
9964.3779	-1
9967.5928	-1
9970.8076	-1
9974.0225	-1
9977.2373	-1
9980.4521	-1
9983.6670	-1
9986.8818	-1
9990.0967	-1
9993.3115	-1
9996.5293	-1
9999.7471	-1
10002.9648	-1
10006.1826	-1
10009.4004	-1
10012.6182	-1
10015.8359	-1
10019.0537	-1
10022.2715	-1
10025.4893	-1
10028.7070	-1
10031.9248	-1
10035.1426	-1
10038.3604	-1
10041.5781	-1
10044.7959	-1
10048.0137	-1
10051.2314	-1
10054.4492	-1
10057.6670	-1
10060.8848	-1
10064.1025	-1
10067.3203	-1
10070.5381	-1
10073.7559	-1
10076.9736	-1
10080.1914	-1
10083.4092	-1
10086.6270	-1
10089.8447	-1
10093.0625	1
10096.2803	1
10099.4980	-1
10102.7158	-1
10105.9336	-1
10109.1514	-1
10112.3691	-1
10115.5869	-1
10118.8047	1
10122.0225	1
10125.2402	-1
10128.4580	-1
10131.6758	-1
10134.8936	-1
10138.1113	-1
10141.3291	-1
10144.5479	-1
10147.7666	-1
10150.9854	-1
10154.2041	-1
10157.4229	-1
10160.6416	-1
10163.8604	-1
10167.0791	-1
10170.2979	-1
10173.5166	-1
10176.7354	-1
10179.9541	-1
10183.1729	-1
10186.3916	-1
10189.6104	-1
10192.8291	-1
10196.0479	-1
10199.2666	-1
10202.4863	-1
10205.7061	-1
10208.9258	-1
10212.1455	-1
10215.3652	-1
10218.5850	-1
10221.8047	-1
10225.0244	-1
10228.2441	-1
10231.4639	-1
10234.6836	-1
10237.9033	-1
10241.1230	-1
10244.3428	-1
10247.5625	-1
10250.7822	-1
10254.0020	-1
10257.2217	-1
10260.4414	-1
10263.6611	-1
10266.8809	-1
10270.1006	-1
10273.3203	-1
10276.5400	-1
10279.7598	-1
10282.9795	-1
10286.1992	-1
10289.4189	-1
10292.6387	-1
10295.8584	-1
10299.0791	1
10302.2998	1
10305.5205	1
10308.7412	1
10311.9619	1
10315.1826	1
10318.4033	1
10321.6240	1
10324.8447	-1
10328.0654	-1
10331.2861	-1
10334.5068	-1
10337.7275	-1
10340.9482	-1
10344.1689	1
10347.3896	1
10350.6104	1
10353.8311	1
10357.0518	1
10360.2725	1
10363.4932	1
10366.7139	1
10369.9346	1
10373.1553	1
10376.3770	1
10379.5986	1
10382.8203	-1
10386.0420	-1
10389.2637	-1
10392.4854	-1
10395.7070	-1
10398.9287	-1
10402.1514	-1
10405.3740	-1
10408.5967	-1
10411.8193	-1
10415.0420	-1
10418.2646	-1
10421.4873	1
10424.7100	1
10427.9336	1
10431.1572	1
10434.3809	1
10437.6045	1
10440.8281	1
10444.0518	1
10447.2754	1
10450.4990	1
10453.7227	1
10456.9463	1
10460.1699	1
10463.3936	1
10466.6172	1
10469.8438	-1
10473.0703	-1
10476.2969	-1
10479.5234	-1
10482.7500	-1
10485.9766	-1
10489.2031	-1
10492.4297	-1
10495.6562	-1
10498.8828	-1
10502.1094	-1
10505.3359	-1
10508.5625	-1
10511.7891	-1
10515.0156	-1
10518.2422	-1
10521.4688	-1
10524.6953	-1
10527.9219	-1
10531.1484	-1
10534.3750	-1
10537.6016	-1
10540.8281	-1
10544.0547	-1
10547.2822	-1
10550.5098	-1
10553.7373	-1
10556.9648	-1
10560.1924	-1
10563.4199	-1
10566.6475	-1
10569.8750	-1
10573.1025	-1
10576.3301	-1
10579.5576	-1
10582.7852	-1
10586.0127	-1
10589.2402	-1
10592.4678	-1
10595.6953	-1
10598.9229	-1
10602.1504	-1
10605.3779	-1
10608.6055	-1
10611.8330	-1
10615.0605	-1
10618.2881	-1
10621.5156	-1
10624.7432	-1
10627.9707	-1
10631.1982	-1
10634.4258	-1
10637.6533	-1
10640.8809	-1
10644.1084	-1
10647.3359	-1
10650.5635	-1
10653.7910	-1
10657.0186	-1
10660.2461	-1
10663.4775	-1
10666.7090	-1
10669.9404	-1
10673.1719	-1
10676.4033	-1
10679.6348	-1
10682.8662	-1
10686.0977	-1
10689.3291	-1
10692.5605	-1
10695.7920	-1
10699.0234	-1
10702.2549	-1
10705.4863	-1
10708.7178	-1
10711.9492	-1
10715.1807	-1
10718.4121	-1
10721.6436	-1
10724.8750	-1
10728.1064	-1
10731.3379	-1
10734.5693	-1
10737.8008	-1
10741.0322	-1
10744.2637	-1
10747.4951	-1
10750.7266	-1
10753.9580	-1
10757.1895	-1
10760.4209	-1
10763.6523	-1
10766.8838	-1
10770.1152	-1
10773.3467	-1
10776.5781	-1
10779.8096	-1
10783.0410	-1
10786.2725	-1
10789.5039	-1
10792.7354	-1
10795.9668	-1
10799.1992	-1
10802.4316	-1
10805.6641	-1
10808.8965	-1
10812.1289	-1
10815.3613	-1
10818.5938	-1
10821.8262	-1
10825.0586	-1
10828.2910	-1
10831.5234	-1
10834.7559	-1
10837.9883	-1
10841.2207	-1
10844.4531	-1
10847.6855	-1
10850.9180	-1
10854.1504	-1
10857.3828	-1
10860.6152	-1
10863.8477	-1
10867.0801	-1
10870.3125	-1
10873.5449	-1
10876.7773	-1
10880.0098	-1
10883.2422	-1
10886.4746	-1
10889.7070	-1
10892.9395	-1
10896.1719	-1
10899.4043	-1
10902.6367	-1
10905.8691	-1
10909.1016	-1
10912.3340	-1
10915.5664	-1
10918.7988	-1
10922.0312	-1
10925.2637	-1
10928.4961	-1
10931.7285	-1
10934.9629	-1
10938.1973	-1
10941.4316	-1
10944.6660	-1
10947.9004	-1
10951.1348	-1
10954.3691	-1
10957.6035	-1
10960.8379	-1
10964.0723	-1
10967.3066	-1
10970.5410	-1
10973.7764	-1
10977.0117	-1
10980.2471	-1
10983.4824	-1
10986.7178	-1
10989.9531	-1
10993.1885	-1
10996.4238	-1
10999.6592	-1
11002.8945	-1
11006.1299	-1
11009.3652	-1
11012.6006	-1
11015.8359	-1
11019.0713	-1
11022.3066	-1
11025.5420	-1
11028.7773	-1
11032.0127	-1
11035.2480	-1
11038.4834	-1
11041.7188	-1
11044.9541	-1
11048.1895	-1
11051.4248	-1
11054.6602	-1
11057.8955	-1
11061.1309	-1
11064.3662	-1
11067.6016	-1
11070.8369	-1
11074.0723	-1
11077.3076	-1
11080.5439	-1
11083.7803	-1
11087.0166	-1
11090.2529	-1
11093.4893	-1
11096.7256	-1
11099.9619	-1
11103.1982	-1
11106.4346	-1
11109.6709	-1
11112.9072	-1
11116.1436	-1
11119.3799	-1
11122.6162	-1
11125.8525	-1
11129.0889	-1
11132.3252	-1
11135.5615	-1
11138.7979	-1
11142.0342	-1
11145.2705	-1
11148.6982	1
11152.1260	-1
11155.5684	1
11159.0117	-1
11162.4561	1
11165.9004	1
11169.3457	-1
11172.7910	-1
11176.2363	-1
11179.6816	-1
11183.1270	-1
11186.5723	-1
11190.0176	-1
11193.4629	-1
11196.9082	-1
11200.3535	-1
11203.7988	-1
11207.2441	-1
11210.6895	1
11214.1348	1
11217.5801	1
11221.0254	1
11224.4717	-1
11227.9180	-1
11231.3643	-1
11234.8105	-1
11238.2568	-1
11241.7031	-1
11245.1494	-1
11248.5957	-1
11252.0420	-1
11255.4883	-1
11258.9346	-1
11262.3809	-1
11265.8281	-1
11269.2754	-1
11272.7227	-1
11276.1699	-1
11279.6172	-1
11283.0645	-1
11286.5117	-1
11289.9590	-1
11293.4062	-1
11296.8535	-1
11300.3008	-1
11303.7627	1
11307.2256	-1
11310.6895	1
11314.1533	1
11317.6182	-1
11321.0830	-1
11324.5479	-1
11328.0127	-1
11331.4775	-1
11334.9424	-1
11338.4072	-1
11341.8721	-1
11345.3369	-1
11348.8018	-1
11352.2666	-1
11355.7314	-1
11359.1963	1
11362.6611	1
11366.1260	1
11369.5908	1
11373.0566	-1
11376.5225	-1
11379.9883	-1
11383.4541	-1
11386.9199	-1
11390.3857	-1
11393.8525	1
11397.3193	1
11400.7861	-1
11404.2529	-1
11407.7197	-1
11411.1865	-1
11414.6533	-1
11418.1201	-1
11421.5869	-1
11425.0537	-1
11428.5205	-1
11431.9873	-1
11435.4541	-1
11438.9209	-1
11442.3877	-1
11445.8545	-1
11449.3213	-1
11452.7881	-1
11456.2549	-1
11459.7217	-1
11463.1885	1
11466.6553	1
11470.1230	1
11473.5908	1
11477.0586	1
11480.5264	1
11483.9941	-1
11487.4619	-1
11490.9297	-1
11494.3975	-1
11497.8652	-1
11501.3330	-1
11504.8027	-1
11508.2725	-1
11511.7422	-1
11515.2119	-1
11518.6816	-1
11522.1514	-1
11525.6211	-1
11529.0908	-1
11532.5605	-1
11536.0303	-1
11539.5000	-1
11542.9697	-1
11546.4395	-1
11549.9092	-1
11553.3789	-1
11556.8486	-1
11560.3184	-1
11563.7881	-1
11567.2578	-1
11570.7275	-1
11574.1973	-1
11577.6670	-1
11581.1367	-1
11584.6064	-1
11588.0762	-1
11591.5459	-1
11595.0156	-1
11598.4854	-1
11601.9551	-1
11605.4248	-1
11608.8945	-1
11612.3643	-1
11615.8340	-1
11619.3037	-1
11622.7734	-1
11626.2432	-1
11629.7129	-1
11633.1826	-1
11636.6523	-1
11640.1367	1
11643.6221	-1
11647.1084	1
11650.5947	1
11654.0820	-1
11657.5693	-1
11661.0566	-1
11664.5439	-1
11668.0312	-1
11671.5186	-1
11675.0059	-1
11678.4932	-1
11681.9805	-1
11685.4678	-1
11688.9551	-1
11692.4424	-1
11695.9307	1
11699.4189	1
11702.9072	1
11706.3955	1
11709.8848	-1
11713.3740	-1
11716.8633	-1
11720.3525	-1
11723.8418	-1
11727.3311	-1
11730.8213	-1
11734.3115	-1
11737.8018	-1
11741.2920	-1
11744.7822	-1
11748.2725	-1
11751.7627	-1
11755.2529	-1
11758.7432	-1
11762.2334	-1
11765.7236	-1
11769.2139	-1
11772.7041	1
11776.1943	1
11779.6846	-1
11783.1748	-1
11786.6650	-1
11790.1553	-1
11793.6455	-1
11797.1357	-1
11800.6270	1
11804.1182	1
11807.6094	1
11811.1006	1
11814.5918	1
11818.0830	1
11821.5752	-1
11825.0674	-1
11828.5596	-1
11832.0518	-1
11835.5439	-1
11839.0361	-1
11842.5293	-1
11846.0234	-1
11849.5176	-1
11853.0117	-1
11856.5059	-1
11860.0000	-1
11863.4941	-1
11866.9883	-1
11870.4824	-1
11873.9766	-1
11877.4707	-1
11880.9648	-1
11884.4590	-1
11887.9531	-1
11891.4473	-1
11894.9414	-1
11898.4355	-1
11901.9297	-1
11905.4238	-1
11908.9180	-1
11912.4121	-1
11915.9062	-1
11919.4004	-1
11922.8945	-1
11926.3887	-1
11929.8828	-1
11933.3770	-1
11936.8711	-1
11940.3652	-1
11943.8594	-1
11947.3545	-1
11950.8496	-1
11954.3447	-1
11957.8398	-1
11961.3350	-1
11964.8301	-1
11968.3252	-1
11971.8203	-1
11975.3154	-1
11978.8105	-1
11982.3057	-1
11985.8008	-1
11989.2959	1
11992.7910	1
11996.2861	1
11999.7812	1
12003.2773	1
12006.7734	1
12010.2705	-1
12013.7676	-1
12017.2646	-1
12020.7617	-1
12024.2588	-1
12027.7559	-1
12031.2529	1
12034.7510	1
12038.2490	1
12041.7471	1
12045.2451	1
12048.7432	1
12052.2412	1
12055.7393	1
12059.2373	1
12062.7354	1
12066.2334	1
12069.7314	1
12073.2295	-1
12076.7285	-1
12080.2275	-1
12083.7266	-1
12087.2256	-1
12090.7246	-1
12094.2236	-1
12097.7227	-1
12101.2217	-1
12104.7207	-1
12108.2197	-1
12111.7188	-1
12115.2178	-1
12118.7168	-1
12122.2158	-1
12125.7148	-1
12129.2139	-1
12132.7129	-1
12136.2119	-1
12139.7109	-1
12143.2100	-1
12146.7090	-1
12150.2080	-1
12153.7070	-1
12157.2061	-1
12160.7051	-1
12164.2041	-1
12167.7031	-1
12171.2021	-1
12174.7012	-1
12178.2021	1
12181.7031	1
12185.2041	1
12188.7051	1
12192.2061	1
12195.7080	1
12199.2100	1
12202.7119	1
12206.2139	1
12209.7158	1
12213.2207	-1
12216.7256	-1
12220.2305	-1
12223.7354	-1
12227.2402	-1
12230.7451	-1
12234.2500	-1
12237.7549	-1
12241.2598	-1
12244.7646	-1
12248.2695	-1
12251.7744	-1
12255.2793	-1
12258.7842	-1
12262.2891	-1
12265.7939	-1
12269.2988	-1
12272.8037	-1
12276.3086	-1
12279.8135	-1
12283.3184	-1
12286.8232	-1
12290.3281	-1
12293.8330	-1
12297.3379	-1
12300.8428	-1
12304.3477	-1
12307.8525	-1
12311.3574	-1
12314.8623	-1
12318.3672	-1
12321.8721	-1
12325.3770	-1
12328.8818	-1
12332.3867	-1
12335.8916	-1
12339.3965	-1
12342.9014	-1
12346.4062	-1
12349.9111	-1
12353.4160	-1
12356.9209	-1
12360.4258	-1
12363.9307	-1
12367.4355	-1
12370.9404	-1
12374.4453	-1
12377.9502	-1
12381.4561	-1
12384.9619	-1
12388.4678	-1
12391.9736	-1
12395.4795	-1
12398.9854	-1
12402.4932	-1
12406.0010	-1
12409.5088	-1
12413.0166	-1
12416.5244	-1
12420.0322	-1
12423.5400	-1
12427.0479	-1
12430.5557	-1
12434.0635	-1
12437.5713	-1
12441.0791	-1
12444.5869	-1
12448.0947	-1
12451.6025	-1
12455.1104	-1
12458.6182	-1
12462.1260	-1
12465.6338	1
12469.1416	1
12472.6494	1
12476.1572	1
12479.6660	1
12483.1748	1
12486.6836	1
12490.1924	1
12493.7012	1
12497.2100	1
12500.7188	1
12504.2275	1
12507.7363	1
12511.2451	1
12514.7539	1
12518.2627	1
12521.7715	1
12525.2803	1
12528.7900	-1
12532.2998	-1
12535.8096	-1
12539.3193	-1
12542.8291	-1
12546.3389	-1
12549.8486	-1
12553.3584	-1
12556.8682	-1
12560.3779	-1
12563.8877	-1
12567.3975	-1
12570.9082	-1
12574.4189	-1
12577.9297	-1
12581.4404	-1
12584.9512	-1
12588.4619	-1
12591.9727	-1
12595.4834	-1
12598.9941	-1
12602.5049	-1
12606.0156	-1
12609.5264	-1
12613.0371	-1
12616.5479	-1
12620.0586	-1
12623.5693	-1
12627.0801	-1
12630.5908	-1
12634.1016	-1
12637.6123	-1
12641.1230	-1
12644.6338	-1
12648.1445	-1
12651.6553	-1
12655.1660	-1
12658.6768	-1
12662.1875	-1
12665.6982	-1
12669.2090	-1
12672.7197	-1
12676.2314	-1
12679.7432	-1
12683.2549	-1
12686.7666	-1
12690.2783	-1
12693.7900	-1
12697.3018	-1
12700.8135	-1
12704.3252	-1
12707.8369	-1
12711.3486	-1
12714.8604	-1
12718.3721	-1
12721.8838	-1
12725.3955	1
12728.9072	-1
12732.4189	-1
12735.9307	-1
12739.4424	-1
12742.9541	1
12746.4658	1
12749.9775	1
12753.4893	1
12757.0010	1
12760.5137	1
12764.0264	1
12767.5391	1
12771.0518	1
12774.5645	1
12778.0771	1
12781.5908	1
12785.1045	1
12788.6182	1
12792.1318	1
12795.6455	1
12799.1621	-1
12802.6787	-1
12806.1953	-1
12809.7119	-1
12813.2285	-1
12816.7451	-1
12820.2656	-1
12823.7861	-1
12827.3066	-1
12830.8271	-1
12834.3477	-1
12837.8682	-1
12841.3887	-1
12844.9092	-1
12848.4297	-1
12851.9502	-1
12855.4707	-1
12858.9912	-1
12862.5117	-1
12866.0322	-1
12869.5527	-1
12873.0732	-1
12876.5938	-1
12880.1143	-1
12883.6348	-1
12887.1553	-1
12890.6758	-1
12894.1963	-1
12897.7168	-1
12901.2373	-1
12904.7578	-1
12908.2783	-1
12911.7988	-1
12915.3193	-1
12918.8398	-1
12922.3604	-1
12925.8818	-1
12929.4033	-1
12932.9248	-1
12936.4463	-1
12939.9678	-1
12943.4893	-1
12947.0107	-1
12950.5322	-1
12954.0537	-1
12957.5752	-1
12961.0967	-1
12964.6182	-1
12968.1426	-1
12971.6670	-1
12975.1914	-1
12978.7158	-1
12982.2402	-1
12985.7646	-1
12989.2900	-1
12992.8154	-1
12996.3408	-1
12999.8662	-1
13003.3916	-1
13006.9170	-1
13010.4424	-1
13013.9678	-1
13017.4932	-1
13021.0186	-1
13024.5439	-1
13028.0693	-1
13031.5947	-1
13035.1201	-1
13038.6455	-1
13042.1709	-1
13045.6963	-1
13049.2217	-1
13052.7471	-1
13056.2725	-1
13059.7979	-1
13063.3232	-1
13066.8486	-1
13070.3740	-1
13073.8994	-1
13077.4248	-1
13080.9502	-1
13084.4756	-1
13088.0010	-1
13091.5264	-1
13095.0518	-1
13098.5771	-1
13102.1025	-1
13105.6279	-1
13109.1533	-1
13112.6787	-1
13116.2041	-1
13119.7295	-1
13123.2549	-1
13126.7803	-1
13130.3057	-1
13133.8311	-1
13137.3564	-1
13140.8828	-1
13144.4092	-1
13147.9355	-1
13151.4619	-1
13154.9883	-1
13158.5146	-1
13162.0410	-1
13165.5674	-1
13169.0938	-1
13172.6201	-1
13176.1465	-1
13179.6729	-1
13183.1992	-1
13186.7256	-1
13190.2520	-1
13193.7783	-1
13197.3047	-1
13200.8311	-1
13204.3574	-1
13207.8838	-1
13211.4102	-1
13214.9365	-1
13218.4629	-1
13221.9922	-1
13225.5215	-1
13229.0508	-1
13232.5801	-1
13236.1094	-1
13239.6387	-1
13243.1680	-1
13246.6973	-1
13250.2266	-1
13253.7559	-1
13257.2852	-1
13260.8145	-1
13264.3438	-1
13267.8730	-1
13271.4023	-1
13274.9316	-1
13278.4609	-1
13281.9902	-1
13285.5195	-1
13289.0488	-1
13292.5781	-1
13296.1074	-1
13299.6367	-1
13303.1660	-1
13306.6953	-1
13310.2246	-1
13313.7539	-1
13317.2832	-1
13320.8125	-1
13324.3418	-1
13327.8711	-1
13331.4004	-1
13334.9297	-1
13338.4590	-1
13341.9883	-1
13345.5176	-1
13349.0479	-1
13352.5781	-1
13356.1084	-1
13359.6387	-1
13363.1689	-1
13366.6992	-1
13370.2295	-1
13373.7598	-1
13377.2900	-1
13380.8203	-1
13384.3506	-1
13387.8809	-1
13391.4111	-1
13394.9414	-1
13398.4717	-1
13402.0020	-1
13405.5322	-1
13409.0625	-1
13412.5928	-1
13416.1230	-1
13419.6533	-1
13423.1836	-1
13426.7139	-1
13430.2441	-1
13433.7744	-1
13437.3047	-1
13440.8350	-1
13444.3652	-1
13447.8955	-1
13451.4258	-1
13454.9561	-1
13458.4863	-1
13462.0166	-1
13465.5469	-1
13469.0771	-1
13472.6074	-1
13476.1377	-1
13479.6680	-1
13483.1982	-1
13486.7285	-1
13490.2588	-1
13493.7891	-1
13497.3193	-1
13500.8496	-1
13504.3799	-1
13507.9102	-1
13511.4404	-1
13514.9707	-1
13518.5020	-1
13522.0332	-1
13525.5645	-1
13529.0957	-1
13532.6270	-1
13536.1582	-1
13539.7041	1
13543.2510	-1
13546.7988	1
13550.3467	1
13553.8945	-1
13557.4424	-1
13560.9902	-1
13564.5381	-1
13568.0859	-1
13571.6338	-1
13575.1826	-1
13578.7314	-1
13582.2803	-1
13585.8291	-1
13589.3906	1
13592.9531	-1
13596.5166	1
13600.0801	1
13603.6445	-1
13607.2090	-1
13610.7734	-1
13614.3379	-1
13617.9023	-1
13621.4668	-1
13625.0312	-1
13628.5957	-1
13632.1602	-1
13635.7246	-1
13639.3018	1
13642.8809	-1
13646.4609	1
13650.0410	1
13653.6211	-1
13657.2012	-1
13660.7812	-1
13664.3613	-1
13667.9414	-1
13671.5215	-1
13675.1016	-1
13678.6816	-1
13682.2617	-1
13685.8418	-1
13689.4219	-1
13693.0020	-1
13696.5830	1
13700.1641	1
13703.7451	1
13707.3262	1
13710.9082	-1
13714.4902	-1
13718.0723	-1
13721.6543	-1
13725.2363	-1
13728.8184	-1
13732.4004	-1
13735.9824	-1
13739.5645	-1
13743.1465	-1
13746.7285	-1
13750.3105	-1
13753.8926	-1
13757.4746	-1
13761.0566	-1
13764.6387	-1
13768.2207	-1
13771.8027	-1
13775.3848	-1
13778.9668	-1
13782.5488	-1
13786.1309	-1
13789.7129	-1
13793.2949	-1
13796.8779	1
13800.4609	1
13804.0439	1
13807.6270	1
13811.2100	1
13814.7930	1
13818.3760	1
13821.9590	1
13825.5430	-1
13829.1270	-1
13832.7109	-1
13836.2949	-1
13839.8789	-1
13843.4629	-1
13847.0469	1
13850.6309	1
13854.2158	-1
13857.8008	-1
13861.3857	-1
13864.9707	-1
13868.5557	-1
13872.1406	-1
13875.7256	-1
13879.3105	-1
13882.8955	-1
13886.4805	-1
13890.0654	-1
13893.6504	-1
13897.2354	-1
13900.8203	-1
13904.4053	-1
13907.9902	-1
13911.5752	-1
13915.1602	-1
13918.7451	-1
13922.3301	-1
13925.9150	-1
13929.5000	-1
13933.0850	-1
13936.6699	-1
13940.2549	-1
13943.8398	-1
13947.4248	-1
13951.0098	-1
13954.5947	-1
13958.1797	-1
13961.7646	-1
13965.3496	-1
13968.9346	-1
13972.5195	-1
13976.1045	-1
13979.6895	-1
13983.2754	-1
13986.8613	-1
13990.4473	-1
13994.0332	-1
13997.6191	-1
14001.2051	-1
14004.7910	-1
14008.3770	-1
14011.9629	-1
14015.5488	-1
14019.1348	-1
14022.7207	-1
14026.3066	-1
14029.8926	-1
14033.4785	-1
14037.0645	-1
14040.6504	-1
14044.2363	-1
14047.8223	1
14051.4082	1
14054.9941	1
14058.5811	1
14062.1680	-1
14065.7549	-1
14069.3418	-1
14072.9287	-1
14076.5156	-1
14080.1025	-1
14083.6904	-1
14087.2783	-1
14090.8662	-1
14094.4541	-1
14098.0420	-1
14101.6299	-1
14105.2178	-1
14108.8057	-1
14112.3936	-1
14115.9814	-1
14119.5693	-1
14123.1572	-1
14126.7451	-1
14130.3330	-1
14133.9346	1
14137.5371	-1
14141.1406	1
14144.7441	1
14148.3477	-1
14151.9512	-1
14155.5557	-1
14159.1729	1
14162.7910	-1
14166.4102	1
14170.0293	1
14173.6494	-1
14177.2695	-1
14180.8896	-1
14184.5098	-1
14188.1299	-1
14191.7500	-1
14195.3701	-1
14198.9902	-1
14202.6104	-1
14206.2305	-1
14209.8506	-1
14213.4707	-1
14217.0918	1
14220.7129	1
14224.3340	1
14227.9551	1
14231.5781	-1
14235.2012	-1
14238.8242	-1
14242.4473	-1
14246.0703	-1
14249.6934	-1
14253.3164	-1
14256.9395	-1
14260.5625	-1
14264.1855	-1
14267.8086	-1
14271.4316	-1
14275.0547	-1
14278.6777	-1
14282.3008	-1
14285.9238	-1
14289.5469	-1
14293.1699	-1
14296.7930	-1
14300.4160	-1
14304.0391	-1
14307.6621	-1
14311.2852	-1
14314.9209	1
14318.5586	-1
14322.1963	1
14325.8340	1
14329.4727	-1
14333.1113	-1
14336.7500	-1
14340.3896	-1
14344.0420	1
14347.6953	-1
14351.3496	1
14355.0039	1
14358.6592	-1
14362.3145	-1
14365.9697	-1
14369.6250	-1
14373.2803	-1
14376.9355	-1
14380.5908	-1
14384.2461	-1
14387.9014	-1
14391.5566	-1
14395.2119	-1
14398.8672	-1
14402.5225	1
14406.1777	1
14409.8330	1
14413.4883	1
14417.1445	-1
14420.8008	-1
14424.4570	-1
14428.1133	-1
14431.7695	-1
14435.4258	-1
14439.0830	-1
14442.7402	-1
14446.3975	-1
14450.0547	-1
14453.7119	-1
14457.3691	-1
14461.0264	-1
14464.6836	-1
14468.3408	-1
14471.9980	-1
14475.6553	-1
14479.3125	-1
14482.9697	-1
14486.6270	-1
14490.2842	-1
14493.9414	-1
14497.5986	-1
14501.2559	-1
14504.9131	1
14508.5703	1
14512.2285	1
14515.8867	-1
14519.5449	-1
14523.2031	-1
14526.8613	-1
14530.5195	-1
14534.1777	-1
14537.8359	-1
14541.4941	-1
14545.1523	-1
14548.8105	-1
14552.4688	-1
14556.1270	-1
14559.7861	-1
14563.4580	1
14567.1318	-1
14570.8057	1
14574.4795	1
14578.1553	-1
14581.8311	-1
14585.5068	-1
14589.1826	-1
14592.8584	-1
14596.5342	-1
14600.2100	-1
14603.8857	-1
14607.5615	-1
14611.2373	-1
14614.9131	-1
14618.5889	-1
14622.2646	1
14625.9404	1
14629.6172	1
14633.2939	1
14636.9717	-1
14640.6494	-1
14644.3271	-1
14648.0049	-1
14651.6826	-1
14655.3604	-1
14659.0381	-1
14662.7158	-1
14666.3936	-1
14670.0713	-1
14673.7490	-1
14677.4268	-1
14681.1045	-1
14684.7822	-1
14688.4600	-1
14692.1377	-1
14695.8154	-1
14699.4932	-1
14703.1709	-1
14706.8623	1
14710.5547	-1
14714.2480	1
14717.9414	1
14721.6348	-1
14725.3291	-1
14730.4365	1
14735.7090	-1
14740.9824	1
14746.3125	-1
