0.0000	0
0.1643	1
1.3437	2
1.7509	2
3.0887	2
3.3365	2
3.4965	2
3.6312	2
3.6620	2
3.9519	2
4.0151	2
4.1004	2
4.2174	2
4.4354	2
4.4653	2
4.4861	2
4.8476	-1
4.8602	2
4.9704	2
5.3624	2
5.5560	2
5.6803	2
6.3463	2
6.4193	2
6.6189	-2
6.7915	2
6.9257	2
7.3696	2
7.4697	2
7.5899	2
7.9970	-2
8.1699	-2
8.9199	2
9.0461	2
9.2489	2
9.5315	1
9.6057	2
9.9175	2
10.1829	-2
10.3015	2
10.4019	2
10.8294	-2
11.0105	-2
11.0401	-2
11.5601	2
11.5978	-2
12.2918	2
14.1525	2
16.6205	1
23.7111	-1
30.8021	1
37.8931	1
44.9854	-1
52.0777	-1
59.1701	-1
66.2625	-1
73.3548	-1
80.4472	-1
87.5396	-1
94.6321	-1
101.7245	-1
108.8170	-1
115.9095	-1
123.0019	-1
130.0947	1
137.1875	1
144.2804	1
151.3732	1
158.4678	-1
165.5625	-1
172.6571	-1
179.7517	-1
186.8463	-1
193.9409	-1
201.0357	-1
208.1304	-1
215.2251	-1
222.3199	-1
229.4146	-1
236.5093	-1
243.6042	-1
250.6990	-1
257.7938	-1
264.8887	-1
271.9835	-1
279.0784	-1
286.1733	-1
293.2682	-1
300.3632	-1
307.4581	-1
314.5531	-1
321.6480	-1
328.7432	1
335.8384	1
342.9336	1
350.0289	1
357.1243	1
364.2197	1
371.3155	1
378.4114	1
385.5086	-1
392.6058	-1
399.7030	-1
406.8002	-1
413.8974	-1
420.9946	-1
428.0919	-1
435.1892	-1
442.2865	-1
449.3838	-1
456.4811	-1
463.5785	-1
470.6764	-1
477.7743	-1
484.8723	-1
491.9702	-1
499.0681	-1
506.1660	-1
513.2645	-1
520.3629	-1
527.4614	-1
534.5598	-1
541.6583	-1
548.7567	-1
555.8554	1
562.9541	1
570.0529	1
577.1516	1
584.2504	1
591.3492	1
598.4483	-1
605.5474	-1
612.6464	-1
619.7455	-1
626.8445	-1
633.9436	-1
641.0431	1
648.1427	-1
655.2423	-1
662.3419	-1
669.4415	-1
676.5411	-1
683.6407	-1
690.7407	-1
697.8406	-1
704.9405	-1
712.0404	-1
719.1403	-1
726.2402	-1
733.3402	-1
740.4402	-1
747.5402	-1
754.6403	-1
761.7403	-1
768.8403	-1
775.9426	-1
783.0448	-1
790.1470	-1
797.2493	-1
804.3515	-1
811.4537	-1
818.5562	-1
825.6587	-1
832.7612	-1
839.8636	-1
846.9661	-1
854.0686	-1
861.1713	-1
868.2740	-1
875.3768	-1
882.4795	-1
889.5822	-1
896.6849	-1
903.7878	-1
910.8906	-1
917.9935	-1
925.0963	-1
932.1992	-1
939.3020	-1
946.4050	-1
953.5079	-1
960.6109	-1
967.7139	-1
974.8168	-1
981.9198	-1
989.0228	-1
996.1259	-1
1003.2289	-1
1010.3320	-1
1017.4351	-1
1024.5382	-1
1031.6414	-1
1038.7445	-1
1045.8477	-1
1052.9508	-1
1060.0540	-1
1067.1683	1
1074.2842	-1
1081.4004	1
1088.5167	1
1095.6335	-1
1102.7504	-1
1109.8672	-1
1116.9840	-1
1124.1008	-1
1131.2177	-1
1138.3346	-1
1145.4515	-1
1152.5685	-1
1159.6854	-1
1166.8024	-1
1173.9193	-1
1181.0365	1
1188.1538	1
1195.2711	1
1202.3884	1
1209.5062	-1
1216.6240	-1
1223.7418	-1
1230.8596	-1
1237.9774	-1
1245.0952	-1
1252.2133	-1
1259.3313	-1
1266.4493	-1
1273.5674	-1
1280.6854	-1
1287.8035	-1
1294.9216	-1
1302.0398	-1
1309.1580	-1
1316.2761	-1
1323.3943	-1
1330.5125	-1
1337.6307	-1
1344.7490	-1
1351.8673	-1
1358.9856	-1
1366.1039	-1
1373.2222	-1
1380.3407	1
1387.4592	1
1394.5780	1
1401.6968	1
1408.8157	1
1415.9346	1
1423.0535	1
1430.1725	1
1437.2920	-1
1444.4115	-1
1451.5310	-1
1458.6505	-1
1465.7700	-1
1472.8895	-1
1480.0093	-1
1487.1290	-1
1494.2488	-1
1501.3685	-1
1508.4883	-1
1515.6080	-1
1522.7279	-1
1529.8478	-1
1536.9677	-1
1544.0875	-1
1551.2074	-1
1558.3273	-1
1565.4474	-1
1572.5675	-1
1579.6876	-1
1586.8077	-1
1593.9279	-1
1601.0480	-1
1608.1682	1
1615.2894	-1
1622.4106	-1
1629.5319	-1
1636.6531	-1
1643.7743	-1
1650.8955	-1
1658.0168	-1
1665.1382	-1
1672.2595	-1
1679.3809	-1
1686.5022	-1
1693.6235	-1
1700.7450	-1
1707.8665	-1
1714.9879	-1
1722.1094	-1
1729.2308	-1
1736.3523	-1
1743.4739	-1
1750.5955	-1
1757.7170	-1
1764.8386	-1
1771.9602	-1
1779.0818	-1
1786.2034	-1
1793.3250	-1
1800.4465	-1
1807.5791	1
1814.7130	-1
1821.8473	1
1828.9816	1
1836.1171	-1
1843.2526	-1
1850.3881	-1
1857.5236	-1
1864.6591	-1
1871.7946	-1
1878.9302	-1
1886.0658	-1
1893.2014	-1
1900.3370	-1
1907.4727	-1
1914.6083	-1
1921.7441	1
1928.8801	1
1936.0161	1
1943.1521	1
1950.2896	-1
1957.4270	-1
1964.5645	-1
1971.7019	-1
1978.8394	-1
1985.9768	-1
1993.1146	1
2000.2524	1
2007.3904	-1
2014.5283	-1
2021.6663	-1
2028.8042	-1
2035.9421	-1
2043.0801	-1
2050.2183	-1
2057.3564	-1
2064.4946	-1
2071.6328	-1
2078.7710	-1
2085.9092	-1
2093.0474	-1
2100.1855	-1
2107.3237	-1
2114.4619	-1
2121.6001	-1
2128.7383	-1
2135.8777	-1
2143.0171	-1
2150.1565	-1
2157.2959	-1
2164.4353	-1
2171.5747	-1
2178.7141	-1
2185.8535	-1
2192.9929	-1
2200.1431	1
2207.2944	-1
2214.4460	1
2221.5977	1
2228.7498	-1
2235.9026	-1
2243.0652	1
2250.2290	-1
2257.3931	1
2264.5571	1
2271.7219	-1
2278.8867	-1
2286.0515	-1
2293.2163	-1
2300.3811	-1
2307.5459	-1
2314.7107	-1
2321.8755	-1
2329.0403	-1
2336.2051	-1
2343.3699	-1
2350.5347	-1
2357.7000	1
2364.8652	1
2372.0305	1
2379.1958	1
2386.3618	-1
2393.5278	-1
2400.6938	-1
2407.8599	-1
2415.0259	-1
2422.1919	-1
2429.3582	-1
2436.5244	-1
2443.6907	-1
2450.8569	-1
2458.0232	-1
2465.1895	-1
2472.3557	-1
2479.5220	-1
2486.6882	-1
2493.8545	-1
2501.0208	-1
2508.1870	-1
2515.3535	-1
2522.5200	-1
2529.6865	-1
2536.8530	-1
2544.0195	-1
2551.1860	-1
2558.3528	1
2565.5195	1
2572.6863	1
2579.8530	1
2587.0200	1
2594.1870	1
2601.3542	1
2608.5222	1
2615.6902	-1
2622.8582	-1
2630.0261	-1
2637.1941	-1
2644.3621	-1
2651.5300	-1
2658.6982	-1
2665.8665	-1
2673.0347	-1
2680.2029	-1
2687.3711	-1
2694.5393	-1
2701.7075	-1
2708.8757	-1
2716.0439	-1
2723.2122	-1
2730.3804	-1
2737.5486	-1
2744.7170	-1
2751.8855	-1
2759.0540	-1
2766.2224	-1
2773.3909	-1
2780.5593	-1
2787.7280	1
2794.8967	1
2802.0654	1
2809.2344	1
2816.4033	1
2823.5723	1
2830.7415	-1
2837.9106	-1
2845.0798	-1
2852.2490	-1
2859.4182	-1
2866.5874	-1
2873.7568	-1
2880.9263	-1
2888.0957	-1
2895.2651	-1
2902.4346	-1
2909.6040	-1
2916.7734	-1
2923.9431	-1
2931.1128	-1
2938.2825	-1
2945.4521	-1
2952.6218	-1
2959.7925	-1
2966.9631	-1
2974.1338	-1
2981.3044	-1
2988.4751	-1
2995.6458	-1
3002.8167	-1
3009.9875	-1
3017.1584	-1
3024.3293	-1
3031.5002	-1
3038.6711	-1
3045.8420	-1
3053.0129	-1
3060.1838	-1
3067.3547	-1
3074.5256	-1
3081.6965	-1
3088.8674	-1
3096.0383	-1
3103.2092	-1
3110.3801	-1
3117.5510	-1
3124.7219	-1
3131.8931	-1
3139.0642	-1
3146.2354	-1
3153.4065	-1
3160.5776	-1
3167.7488	-1
3174.9199	-1
3182.0911	-1
3189.2622	-1
3196.4333	-1
3203.6045	-1
3210.7756	-1
3217.9470	-1
3225.1184	-1
3232.3008	1
3239.4846	-1
3246.6687	1
3253.8528	1
3261.0378	-1
3268.2229	-1
3275.4080	-1
3282.5933	-1
3289.7893	1
3296.9866	-1
3304.1843	1
3311.3821	1
3318.5808	-1
3325.7795	-1
3332.9783	-1
3340.1770	-1
3347.3760	-1
3354.5847	1
3361.7947	-1
3369.0051	1
3376.2156	1
3383.4270	-1
3390.6384	-1
3397.8499	-1
3405.0613	-1
3412.2727	-1
3419.4841	-1
3426.6958	-1
3433.9075	-1
3441.1191	-1
3448.3308	-1
3455.5425	-1
3462.7542	-1
3469.9661	1
3477.1780	1
3484.3899	1
3491.6018	1
3498.8152	-1
3506.0286	-1
3513.2419	-1
3520.4553	-1
3527.6687	-1
3534.8821	-1
3542.0959	1
3549.3098	1
3556.5239	-1
3563.7380	-1
3570.9521	-1
3578.1663	-1
3585.3804	-1
3592.5945	-1
3599.8086	-1
3607.0227	-1
3614.2368	-1
3621.4509	-1
3628.6650	-1
3635.8792	-1
3643.0935	-1
3650.3079	-1
3657.5222	-1
3664.7366	-1
3671.9509	-1
3679.1653	-1
3686.3801	1
3693.5950	1
3700.8101	1
3708.0251	1
3715.2405	1
3722.4558	1
3729.6714	-1
3736.8870	-1
3744.1025	-1
3751.3181	-1
3758.5337	-1
3765.7493	-1
3772.9653	1
3780.1814	1
3787.3987	-1
3794.6160	-1
3801.8333	-1
3809.0505	-1
3816.2678	-1
3823.4851	-1
3830.7036	-1
3837.9221	-1
3845.1406	-1
3852.3591	-1
3859.5776	-1
3866.7961	-1
3874.0146	-1
3881.2332	-1
3888.4517	-1
3895.6702	-1
3902.8887	-1
3910.1072	-1
3917.3257	-1
3924.5442	-1
3931.7627	-1
3938.9812	-1
3946.2000	-1
3953.4187	-1
3960.6375	-1
3967.8562	-1
3975.0750	-1
3982.2937	-1
3989.5125	-1
3996.7312	-1
4003.9500	1
4011.1687	1
4018.3884	-1
4025.6082	-1
4032.8279	-1
4040.0476	-1
4047.2673	-1
4054.4871	-1
4061.7073	-1
4068.9275	-1
4076.1477	-1
4083.3679	-1
4090.5881	-1
4097.8081	-1
4105.0288	-1
4112.2495	-1
4119.4702	-1
4126.6909	-1
4133.9116	-1
4141.1323	-1
4148.3530	-1
4155.5737	-1
4162.7944	-1
4170.0151	-1
4177.2358	-1
4184.4565	-1
4191.6777	-1
4198.8989	-1
4206.1201	-1
4213.3413	-1
4220.5625	-1
4227.7837	-1
4235.0054	-1
4242.2271	-1
4249.4487	-1
4256.6807	1
4263.9136	-1
4271.1470	1
4278.3804	1
4285.6147	-1
4292.8491	-1
4300.0835	-1
4307.3179	-1
4314.5522	-1
4321.7866	-1
4329.0210	-1
4336.2554	-1
4343.4897	-1
4350.7241	-1
4357.9585	-1
4365.1929	-1
4372.4277	1
4379.6626	1
4386.8975	1
4394.1323	1
4401.3682	-1
4408.6040	-1
4415.8398	-1
4423.0757	-1
4430.3115	-1
4437.5474	-1
4444.7837	-1
4452.0200	-1
4459.2563	-1
4466.4927	-1
4473.7290	-1
4480.9653	-1
4488.2021	1
4495.4390	1
4502.6763	-1
4509.9136	-1
4517.1509	-1
4524.3882	-1
4531.6255	-1
4538.8628	-1
4546.1006	-1
4553.3384	-1
4560.5762	-1
4567.8140	-1
4575.0518	-1
4582.2896	-1
4589.5273	1
4596.7651	1
4604.0034	1
4611.2422	1
4618.4814	-1
4625.7207	-1
4632.9600	-1
4640.1992	-1
4647.4385	-1
4654.6777	-1
4661.9185	-1
4669.1592	-1
4676.3999	-1
4683.6406	-1
4690.8813	-1
4698.1221	-1
4705.3628	-1
4712.6035	-1
4719.8442	-1
4727.0850	-1
4734.3257	-1
4741.5664	-1
4748.8071	-1
4756.0479	-1
4763.2886	-1
4770.5293	-1
4777.7700	-1
4785.0107	-1
4792.2515	-1
4799.4922	-1
4806.7329	-1
4813.9736	-1
4821.2144	-1
4828.4551	-1
4835.6958	-1
4842.9365	-1
4850.1772	-1
4857.4282	1
4864.6807	-1
4871.9331	1
4879.1855	1
4886.4385	-1
4893.6914	-1
4900.9443	-1
4908.1973	-1
4915.4502	-1
4922.7031	-1
4929.9565	-1
4937.2100	-1
4944.4634	-1
4951.7168	-1
4958.9702	-1
4966.2236	-1
4973.4771	1
4980.7305	1
4987.9839	1
4995.2373	1
5002.4917	-1
5009.7461	-1
5017.0005	-1
5024.2549	-1
5031.5093	-1
5038.7637	-1
5046.0181	-1
5053.2725	-1
5060.5269	-1
5067.7812	-1
5075.0356	-1
5082.2900	-1
5089.5444	-1
5096.7988	-1
5104.0532	-1
5111.3076	-1
5118.5620	-1
5125.8164	-1
5133.0708	-1
5140.3252	-1
5147.5796	-1
5154.8340	-1
5162.0884	-1
5169.3428	-1
5176.5977	1
5183.8525	1
5191.1074	1
5198.3623	1
5205.6177	1
5212.8730	1
5220.1284	-1
5227.3838	-1
5234.6392	-1
5241.8945	-1
5249.1499	-1
5256.4053	-1
5263.6606	1
5270.9165	1
5278.1724	-1
5285.4282	-1
5292.6841	-1
5299.9399	-1
5307.1958	-1
5314.4517	-1
5321.7080	-1
5328.9644	-1
5336.2207	-1
5343.4771	-1
5350.7334	-1
5357.9897	-1
5365.2466	-1
5372.5034	-1
5379.7603	-1
5387.0171	-1
5394.2739	-1
5401.5308	-1
5408.7876	-1
5416.0444	-1
5423.3013	-1
5430.5581	-1
5437.8149	-1
5445.0718	-1
5452.3286	-1
5459.5854	-1
5466.8423	-1
5474.0991	-1
5481.3560	-1
5488.6128	-1
5495.8701	-1
5503.1274	-1
5510.3848	-1
5517.6421	-1
5524.8994	-1
5532.1567	-1
5539.4141	-1
5546.6812	1
5553.9492	-1
5561.2178	1
5568.4863	1
5575.7563	-1
5583.0264	-1
5590.2964	-1
5597.5664	-1
5604.8364	-1
5612.1064	-1
5619.3765	-1
5626.6562	1
5633.9375	-1
5641.2192	1
5648.5010	1
5655.7832	-1
5663.0654	-1
5670.3481	-1
5677.6401	1
5684.9331	-1
5692.2261	1
5699.5195	1
5706.8135	-1
5714.1074	-1
5721.4014	-1
5728.6958	-1
5735.9995	1
5743.3042	-1
5750.6094	1
5757.9146	1
5765.2207	-1
5772.5273	-1
5779.8340	-1
5787.1499	1
5794.4668	-1
5801.7842	1
5809.1016	1
5816.4199	-1
5823.7383	-1
5831.0664	1
5838.3955	-1
5845.7251	1
5853.0547	1
5860.3848	-1
5867.7153	-1
5875.0552	1
5882.3965	-1
5889.7378	1
5897.0796	1
5904.4224	-1
5911.7651	-1
5919.1079	-1
5926.4507	-1
5933.8027	1
5941.1562	-1
5948.5098	1
5955.8633	1
5963.2178	-1
5970.5723	-1
5977.9268	-1
5985.2812	-1
5992.6465	1
6000.0132	-1
6007.3799	1
6014.7466	1
6022.1143	-1
6029.4819	-1
6036.8501	-1
6044.2275	1
6051.6064	-1
6058.9854	1
6066.3643	1
6073.7446	-1
6081.1250	-1
6088.5054	-1
6095.8857	-1
6103.2661	-1
6110.6465	-1
6118.0269	-1
6125.4072	-1
6132.7876	-1
6140.1680	-1
6147.5483	-1
6154.9287	-1
6162.3096	1
6169.6904	1
6177.0723	-1
6184.4541	-1
6191.8359	-1
6199.2178	-1
6206.5996	-1
6213.9814	-1
6221.3638	-1
6228.7593	1
6236.1558	-1
6243.5527	1
6250.9497	1
6258.3472	-1
6265.7461	-1
6273.1533	1
6280.5615	-1
6287.9702	1
6295.3789	1
6302.7886	-1
6310.1982	-1
6317.6079	-1
6325.0283	1
6332.4497	-1
6339.8716	1
6347.2935	1
6354.7168	-1
6362.1401	-1
6369.5635	-1
6376.9868	-1
6384.4102	-1
6391.8335	-1
6399.2568	-1
6406.6802	-1
6414.1035	-1
6421.5396	1
6428.9766	-1
6436.4141	1
6443.8516	1
6451.2896	-1
6458.7275	-1
6466.1655	-1
6473.6035	-1
6481.0415	-1
6488.4795	-1
6495.9180	-1
6503.3564	-1
6510.7949	-1
6518.2334	-1
6525.6719	-1
6533.1104	-1
6540.5493	1
6547.9883	1
6555.4272	1
6562.8662	1
6570.3062	-1
6577.7461	-1
6585.1860	-1
6592.6260	-1
6600.0659	-1
6607.5059	-1
6614.9458	-1
6622.3857	-1
6629.8257	-1
6637.2656	-1
6644.7056	-1
6652.1455	-1
6659.5854	-1
6667.0254	-1
6674.4653	-1
6681.9053	-1
6689.3452	-1
6696.7852	-1
6704.2251	-1
6711.6655	-1
6719.1060	-1
6726.5464	-1
6733.9868	-1
6741.4272	-1
6748.8677	1
6756.3086	1
6763.7495	1
6771.1904	1
6778.6313	1
6786.0732	-1
6793.5151	-1
6800.9570	-1
6808.3989	-1
6815.8408	-1
6823.2827	-1
6830.7246	-1
6838.1665	-1
6845.6084	-1
6853.0503	-1
6860.4922	-1
6867.9341	-1
6875.3765	-1
6882.8188	-1
6890.2612	-1
6897.7036	-1
6905.1460	-1
6912.5884	-1
6920.0308	-1
6927.4731	-1
6934.9155	-1
6942.3579	-1
6949.8003	-1
6957.2427	-1
6964.6851	-1
6972.1274	-1
6979.5698	-1
6987.0122	-1
6994.4546	-1
7001.8970	-1
7009.3496	1
7016.8037	-1
7024.2583	1
7031.7129	1
7039.1680	-1
7046.6230	-1
7054.0781	-1
7061.5332	-1
7068.9883	-1
7076.4434	-1
7083.8984	-1
7091.3535	-1
7098.8086	-1
7106.2637	-1
7113.7188	-1
7121.1738	-1
7128.6294	1
7136.0850	1
7143.5405	1
7150.9961	1
7158.4526	-1
7165.9092	-1
7173.3657	-1
7180.8223	-1
7188.2788	-1
7195.7354	-1
7203.1919	-1
7210.6484	-1
7218.1050	-1
7225.5615	-1
7233.0181	-1
7240.4746	-1
7247.9312	-1
7255.3877	-1
7262.8442	-1
7270.3008	-1
7277.7573	-1
7285.2139	-1
7292.6709	-1
7300.1279	-1
7307.5850	-1
7315.0420	-1
7322.4990	-1
7329.9561	-1
7337.4131	1
7344.8701	1
7352.3276	-1
7359.7852	-1
7367.2427	-1
7374.7002	-1
7382.1577	-1
7389.6152	-1
7397.0728	-1
7404.5303	-1
7411.9980	1
7419.4673	-1
7426.9365	1
7434.4058	1
7441.8755	-1
7449.3452	-1
7456.8149	-1
7464.2847	-1
7471.7544	-1
7479.2241	-1
7486.6943	-1
7494.1646	-1
7501.6348	-1
7509.1050	-1
7516.5752	-1
7524.0454	-1
7531.5156	1
7538.9858	1
7546.4561	1
7553.9263	1
7561.3975	-1
7568.8687	-1
7576.3398	-1
7583.8110	-1
7591.2822	-1
7598.7534	-1
7606.2246	-1
7613.6958	-1
7621.1670	-1
7628.6382	-1
7636.1094	-1
7643.5806	-1
7651.0518	-1
7658.5229	-1
7665.9941	-1
7673.4653	-1
7680.9365	-1
7688.4077	-1
7695.8789	-1
7703.3501	-1
7710.8213	-1
7718.2925	-1
7725.7637	-1
7733.2349	-1
7740.7065	1
7748.1782	1
7755.6499	1
7763.1216	1
7770.5933	1
7778.0649	1
7785.5366	1
7793.0088	1
7800.4810	-1
7807.9531	-1
7815.4253	-1
7822.8975	-1
7830.3696	-1
7837.8418	-1
7845.3145	-1
7852.7871	-1
7860.2598	-1
7867.7324	-1
7875.2051	-1
7882.6777	-1
7890.1504	1
7897.6240	-1
7905.0977	-1
7912.5713	-1
7920.0449	-1
7927.5186	-1
7934.9922	-1
7942.4658	-1
7949.9395	-1
7957.4131	-1
7964.8867	-1
7972.3604	-1
7979.8340	-1
7987.3076	-1
7994.7812	-1
8002.2549	-1
8009.7285	-1
8017.2021	-1
8024.6758	-1
8032.1499	-1
8039.6240	-1
8047.0981	-1
8054.5723	-1
8062.0464	-1
8069.5205	-1
8076.9951	-1
8084.4697	-1
8091.9443	-1
8099.4189	-1
8106.8936	-1
8114.3682	-1
8121.8428	-1
8129.3174	-1
8136.7920	-1
8144.2666	-1
8151.7412	-1
8159.2158	-1
8166.6904	-1
8174.1650	-1
8181.6396	-1
8189.1143	-1
8196.5889	-1
8204.0742	1
8211.5605	-1
8219.0469	1
8226.5332	1
8234.0215	-1
8241.5098	-1
8248.9980	-1
8256.4863	-1
8263.9746	-1
8271.4629	-1
8278.9512	-1
8286.4395	-1
8293.9277	-1
8301.4160	-1
8308.9043	-1
8316.3926	-1
8323.8809	1
8331.3691	1
8338.8574	1
8346.3457	1
8353.8359	-1
8361.3262	-1
8368.8164	-1
8376.3066	-1
8383.7969	-1
8391.2871	-1
8398.7773	-1
8406.2676	-1
8413.7578	-1
8421.2480	-1
8428.7383	-1
8436.2285	-1
8443.7188	-1
8451.2090	-1
8458.6992	-1
8466.1895	-1
8473.6797	-1
8481.1699	-1
8488.6602	-1
8496.1504	-1
8503.6406	-1
8511.1309	-1
8518.6211	-1
8526.1113	-1
8533.6016	1
8541.0918	1
8548.5820	1
8556.0723	1
8563.5635	1
8571.0547	1
8578.5459	1
8586.0371	1
8593.5293	-1
8601.0215	-1
8608.5137	-1
8616.0059	-1
8623.4980	-1
8630.9902	-1
8638.4834	1
8645.9766	1
8653.4717	-1
8660.9668	-1
8668.4619	-1
8675.9570	-1
8683.4521	-1
8690.9473	-1
8698.4424	-1
8705.9375	-1
8713.4326	-1
8720.9277	-1
8728.4229	-1
8735.9180	-1
8743.4131	-1
8750.9082	-1
8758.4033	-1
8765.8984	-1
8773.3936	-1
8780.8887	-1
8788.3838	-1
8795.8789	-1
8803.3740	-1
8810.8691	-1
8818.3643	-1
8825.8594	-1
8833.3545	-1
8840.8496	-1
8848.3447	-1
8855.8398	-1
8863.3350	-1
8870.8301	-1
8878.3252	-1
8885.8203	-1
8893.3154	-1
8900.8105	-1
8908.3057	-1
8915.8008	-1
8923.2959	-1
8930.7910	-1
8938.2861	-1
8945.7812	-1
8953.2764	-1
8960.7715	-1
8968.2676	-1
8975.7637	-1
8983.2598	-1
8990.7559	-1
8998.2520	-1
9005.7480	-1
9013.2441	-1
9020.7402	-1
9028.2461	1
9035.7539	-1
9043.2617	1
9050.7695	1
9058.2783	-1
9065.7871	-1
9073.2959	-1
9080.8047	-1
9088.3135	-1
9095.8223	-1
9103.3311	-1
9110.8398	-1
9118.3486	-1
9125.8574	-1
9133.3662	-1
9140.8750	-1
9148.3838	1
9155.8936	-1
9163.4033	-1
9170.9131	-1
9178.4229	-1
9185.9424	1
9193.4639	-1
9200.9854	1
9208.5068	1
9216.0293	-1
9223.5518	-1
9231.0742	-1
9238.5967	-1
9246.1191	-1
9253.6416	-1
9261.1641	-1
9268.6865	-1
9276.2090	-1
9283.7314	-1
9291.2539	-1
9298.7764	-1
9306.2988	1
9313.8213	1
9321.3447	-1
9328.8682	-1
9336.3916	-1
9343.9150	-1
9351.4385	-1
9358.9619	-1
9366.4854	-1
9374.0088	-1
9381.5420	1
9389.0762	-1
9396.6104	1
9404.1445	1
9411.6807	-1
9419.2168	-1
9426.7529	-1
9434.2891	-1
9441.8252	-1
9449.3613	-1
9456.8975	-1
9464.4336	-1
9471.9697	-1
9479.5059	-1
9487.0420	-1
9494.5781	-1
9502.1152	1
9509.6523	1
9517.1895	1
9524.7266	1
9532.2656	-1
9539.8047	-1
9547.3438	-1
9554.8828	-1
9562.4219	-1
9569.9609	-1
9577.5000	-1
9585.0391	-1
9592.5781	-1
9600.1172	-1
9607.6562	-1
9615.1953	-1
9622.7344	-1
9630.2734	-1
9637.8125	-1
9645.3516	-1
9652.8906	-1
9660.4297	-1
9667.9688	-1
9675.5078	-1
9683.0469	-1
9690.5859	-1
9698.1250	-1
9705.6641	-1
9713.2041	1
9720.7441	1
9728.2842	1
9735.8242	1
9743.3643	1
9750.9043	1
9758.4443	1
9765.9844	1
9773.5273	-1
9781.0703	-1
9788.6133	-1
9796.1562	-1
9803.6992	-1
9811.2422	-1
9818.7861	-1
9826.3301	-1
9833.8740	-1
9841.4180	-1
9848.9619	-1
9856.5059	-1
9864.0498	-1
9871.5938	-1
9879.1377	-1
9886.6816	-1
9894.2256	-1
9901.7695	-1
9909.3135	-1
9916.8574	-1
9924.4014	-1
9931.9453	-1
9939.4893	-1
9947.0332	-1
9954.5771	-1
9962.1211	-1
9969.6650	-1
9977.2090	-1
9984.7529	-1
9992.2969	-1
9999.8418	-1
10007.3867	-1
10014.9316	-1
10022.4766	-1
10030.0215	-1
10037.5664	-1
10045.1113	-1
10052.6562	-1
10060.2012	-1
10067.7461	-1
10075.2910	-1
10082.8359	-1
10090.3809	1
10097.9258	1
10105.4707	-1
10113.0156	1
10120.5605	-1
10128.1055	-1
10135.6504	-1
10143.1953	-1
10150.7402	-1
10158.2852	1
10165.8301	1
10173.3750	1
10180.9199	1
10188.4648	1
10196.0107	1
10203.5566	1
10211.1025	1
10218.6484	1
10226.1943	1
10233.7402	1
10241.2861	1
10248.8320	1
10256.3799	-1
10263.9277	-1
10271.4756	-1
10279.0234	-1
10286.5713	-1
10294.1191	-1
10301.6689	-1
10309.2188	-1
10316.7686	-1
10324.3184	-1
10331.8682	-1
10339.4180	-1
10346.9678	1
10354.5186	-1
10362.0693	-1
10369.6201	-1
10377.1709	-1
10384.7217	-1
10392.2725	-1
10399.8252	-1
10407.3779	-1
10414.9307	-1
10422.4834	-1
10430.0361	-1
10437.5889	-1
10445.1416	-1
10452.6943	-1
10460.2471	-1
10467.7998	-1
10475.3525	-1
10482.9053	-1
10490.4580	-1
10498.0107	-1
10505.5635	-1
10513.1162	-1
10520.6689	-1
10528.2217	-1
10535.7744	-1
10543.3271	-1
10550.8799	-1
10558.4326	-1
10565.9854	-1
10573.5381	-1
10581.0908	-1
10588.6436	-1
10596.1963	-1
10603.7490	-1
10611.3018	-1
10618.8545	-1
10626.4072	-1
10633.9600	-1
10641.5127	-1
10649.0654	-1
10656.6182	-1
10664.1709	-1
10671.7256	-1
10679.2803	-1
10686.8350	-1
10694.3896	-1
10701.9443	-1
10709.4990	-1
10717.0537	-1
10724.6084	-1
10732.1631	-1
10739.7178	-1
10747.2725	-1
10754.8271	-1
10762.3828	-1
10769.9385	-1
10777.4941	-1
10785.0498	-1
10792.6055	-1
10800.1611	-1
10807.7178	-1
10815.2744	-1
10822.8311	-1
10830.3877	-1
10837.9443	-1
10845.5010	-1
10853.0576	-1
10860.6143	-1
10868.1709	-1
10875.7275	-1
10883.2842	-1
10890.8408	-1
10898.3975	-1
10905.9541	-1
10913.5107	-1
10921.0674	-1
10928.6240	-1
10936.1807	-1
10943.7373	-1
10951.2939	-1
10958.8506	-1
10966.4072	-1
10973.9639	-1
10981.5205	-1
10989.0771	-1
10996.6338	-1
11004.1904	-1
11011.7471	-1
11019.3037	-1
11026.8604	-1
11034.4277	1
11041.9971	-1
11049.5664	1
11057.1357	1
11064.7061	-1
11072.2764	-1
11079.8467	-1
11087.4170	-1
11094.9873	-1
11102.5576	-1
11110.1279	-1
11117.6982	-1
11125.2686	-1
11132.8389	-1
11140.4092	-1
11147.9795	-1
11155.5508	1
11163.1221	1
11170.6934	1
11178.2646	1
11185.8369	-1
11193.4092	-1
11200.9814	-1
11208.5537	-1
11216.1260	-1
11223.6982	-1
11231.2715	1
11238.8447	1
11246.4180	-1
11253.9912	-1
11261.5645	-1
11269.1377	-1
11276.7109	-1
11284.2842	-1
11291.8574	-1
11299.4307	-1
11307.0039	-1
11314.5771	-1
11322.1504	-1
11329.7236	-1
11337.2969	-1
11344.8701	-1
11352.4434	-1
11360.0166	-1
11367.5898	-1
11375.1631	-1
11382.7363	1
11390.3105	1
11397.8848	1
11405.4590	1
11413.0332	1
11420.6074	1
11428.1826	-1
11435.7578	-1
11443.3330	-1
11450.9082	-1
11458.4834	-1
11466.0586	-1
11473.6338	1
11481.2090	1
11488.7852	-1
11496.3613	-1
11503.9375	-1
11511.5137	-1
11519.0898	-1
11526.6660	-1
11534.2432	-1
11541.8203	-1
11549.3975	-1
11556.9746	-1
11564.5518	-1
11572.1289	-1
11579.7061	-1
11587.2832	-1
11594.8604	-1
11602.4375	-1
11610.0146	-1
11617.5918	-1
11625.1699	-1
11632.7480	-1
11640.3262	-1
11647.9043	-1
11655.4824	-1
11663.0605	-1
11670.6387	-1
11678.2168	-1
11685.7949	-1
11693.3730	-1
11700.9512	-1
11708.5293	-1
11716.1084	-1
11723.6875	-1
11731.2666	-1
11738.8457	-1
11746.4248	-1
11754.0039	-1
11761.5830	-1
11769.1621	-1
11776.7412	-1
11784.3203	-1
11791.8994	-1
11799.4785	-1
11807.0576	-1
11814.6367	-1
11822.2158	-1
11829.7949	-1
11837.3740	-1
11844.9531	-1
11852.5322	-1
11860.1113	-1
11867.6904	-1
11875.2793	1
11882.8701	-1
11890.4609	1
11898.0518	1
11905.6436	-1
11913.2354	-1
11920.8271	-1
11928.4189	-1
11936.0107	-1
11943.6025	-1
11951.1943	-1
11958.7861	-1
11966.3877	1
11973.9912	-1
11981.5947	1
11989.1982	1
11996.8018	-1
12004.4053	-1
12012.0088	-1
12019.6123	-1
12027.2158	-1
12034.8193	-1
12042.4238	-1
12050.0283	-1
12057.6328	-1
12065.2373	-1
12072.8418	-1
12080.4463	-1
12088.0508	1
12095.6553	1
12103.2598	1
12110.8643	1
12118.4688	-1
12126.0732	-1
12133.6777	-1
12141.2822	-1
12148.8867	-1
12156.4912	-1
12164.0967	-1
12171.7021	-1
12179.3076	-1
12186.9131	-1
12194.5186	-1
12202.1240	-1
12209.7295	1
12217.3350	-1
12224.9404	-1
12232.5459	-1
12240.1514	-1
12247.7568	-1
12255.3623	-1
12262.9678	1
12270.5732	1
12278.1787	-1
12285.7842	-1
12293.3896	-1
12300.9951	-1
12308.6006	-1
12316.2061	-1
12323.8115	1
12331.4180	1
12339.0244	1
12346.6309	1
12354.2373	1
12361.8447	-1
12369.4521	-1
12377.0596	-1
12384.6670	-1
12392.2744	-1
12399.8818	-1
12407.4893	-1
12415.0967	-1
12422.7041	-1
12430.3115	-1
12437.9189	-1
12445.5264	-1
12453.1338	-1
12460.7412	-1
12468.3486	-1
12475.9561	-1
12483.5635	-1
12491.1709	-1
12498.7783	-1
12506.3857	-1
12513.9932	-1
12521.6006	-1
12529.2080	-1
12536.8154	-1
12544.4229	-1
12552.0303	-1
12559.6377	-1
12567.2451	-1
12574.8525	-1
12582.4600	-1
12590.0674	1
12597.6748	1
12605.2832	1
12612.8916	1
12620.5000	1
12628.1084	1
12635.7168	1
12643.3252	1
12650.9336	1
12658.5439	-1
12666.1543	-1
12673.7646	-1
12681.3750	-1
12688.9854	-1
12696.5957	-1
12704.2061	-1
12711.8164	-1
12719.4268	-1
12727.0371	-1
12734.6475	-1
12742.2578	-1
12749.8682	-1
12757.4785	-1
12765.0889	-1
12772.6992	-1
12780.3096	-1
12787.9199	-1
12795.5303	-1
12803.1406	-1
12810.7510	-1
12818.3613	-1
12825.9717	-1
12833.5820	-1
12841.1924	-1
12848.8027	-1
12856.4131	-1
12864.0234	-1
12871.6338	-1
12879.2441	-1
12886.8545	-1
12894.4648	-1
12902.0752	-1
12909.6855	-1
12917.2959	-1
12924.9062	-1
12932.5166	-1
12940.1270	-1
12947.7373	-1
12955.3477	-1
12962.9580	-1
12970.5684	-1
12978.1787	-1
12985.7891	-1
12993.3994	-1
13001.0098	-1
13008.6201	-1
13016.2305	-1
13023.8408	-1
13031.4512	-1
13039.0615	-1
13046.6719	-1
13054.2832	-1
13061.8945	-1
13069.5059	-1
13077.1172	-1
13084.7285	-1
13092.3398	-1
13099.9512	-1
13107.5625	-1
13115.1738	-1
13122.7852	-1
13130.3965	-1
13138.0078	-1
13145.6191	-1
13153.2305	-1
13160.8418	-1
13168.4531	-1
13176.0645	-1
13183.6855	1
13191.3086	-1
13198.9316	1
13206.5547	1
13214.1787	-1
13221.8027	-1
13229.4268	-1
13237.0508	-1
13244.6748	-1
13252.2988	-1
13259.9229	-1
13267.5469	-1
13275.1709	-1
13282.7949	-1
13290.4189	-1
13298.0430	-1
13305.6670	1
13313.2910	1
13320.9160	-1
13328.5410	-1
13336.1660	-1
13343.7910	-1
13351.4160	-1
13359.0410	-1
13366.6660	-1
13374.2910	-1
13381.9268	1
13389.5635	-1
13397.2002	1
13404.8369	1
13412.4756	-1
13420.1143	-1
13427.7529	-1
13435.3916	-1
13443.0303	-1
13450.6689	-1
13458.3076	-1
13465.9463	-1
13473.5850	-1
13481.2236	-1
13488.8623	-1
13496.5010	-1
13504.1396	1
13511.7783	1
13519.4180	-1
13527.0576	-1
13534.6973	-1
13542.3369	-1
13549.9766	-1
13557.6162	-1
13565.2559	-1
13572.8955	-1
13580.5352	-1
13588.1846	1
13595.8359	-1
13603.4873	1
13611.1387	1
13618.7910	-1
13626.4434	-1
13634.0957	-1
13641.7480	-1
13649.4004	-1
13657.0527	-1
13664.7051	-1
13672.3574	-1
13680.0098	-1
13687.6621	-1
13695.3145	-1
13702.9668	-1
13710.6201	1
13718.2734	1
13725.9268	1
13733.5801	1
13741.2344	-1
13748.8887	-1
13756.5430	-1
13764.1973	-1
13771.8516	-1
13779.5059	-1
13787.1602	-1
13794.8145	-1
13802.4688	-1
13810.1230	-1
13817.7773	-1
13825.4316	-1
13833.0859	1
13840.7402	1
13848.3955	1
13856.0508	1
13863.7061	-1
13871.3613	-1
13879.0166	-1
13886.6719	-1
13894.3271	-1
13901.9824	-1
13909.6387	-1
13917.2949	-1
13924.9512	-1
13932.6074	-1
13940.2637	-1
13947.9199	-1
13955.5762	1
13963.2324	1
13970.8887	1
13978.5449	1
13986.2021	-1
13993.8594	-1
14001.5166	-1
14009.1738	-1
14016.8311	-1
14024.4883	-1
14032.1465	1
14039.8047	1
14047.4639	-1
14055.1230	-1
14062.7822	-1
14070.4414	-1
14078.1006	-1
14085.7598	-1
14093.4189	-1
14101.0781	-1
14108.7373	-1
14116.3965	-1
14124.0557	-1
14131.7148	-1
14139.3750	-1
14147.0352	-1
14154.6953	-1
14162.3555	-1
14170.0156	-1
14177.6758	-1
14185.3359	-1
14192.9961	-1
14200.6562	-1
14208.3164	-1
14215.9766	-1
14223.6367	-1
14231.2969	-1
14238.9570	-1
14246.6172	-1
14254.2773	-1
14261.9375	-1
14269.5977	-1
14277.2588	-1
14284.9199	-1
14292.5811	-1
14300.2422	-1
14307.9033	-1
14315.5645	-1
14323.2256	-1
14330.8867	-1
14338.5479	-1
14346.2090	-1
14353.8701	-1
14361.5312	-1
14369.1924	-1
14376.8535	-1
14384.5146	-1
14392.1758	-1
14399.8369	-1
14407.4980	-1
14415.1592	-1
14422.8203	-1
14430.4814	-1
14438.1426	-1
14445.8037	-1
14453.4648	-1
14461.1260	1
14468.7871	1
14476.4482	1
14484.1094	1
14491.7705	1
14499.4316	1
14507.0938	1
14514.7559	1
14522.4180	1
14530.0801	1
14537.7422	1
14545.4043	1
14553.0664	1
14560.7285	1
14568.3906	1
14576.0527	1
14583.7148	1
14591.3770	1
14599.0439	-1
14606.7109	-1
14614.3779	-1
14622.0449	-1
14629.7119	-1
14637.3789	-1
14645.0479	-1
14652.7168	-1
14660.3857	-1
14668.0547	-1
14675.7236	-1
14683.3926	-1
14691.0615	-1
14698.7305	-1
14706.3994	-1
14714.0684	-1
14721.7373	-1
14729.4062	-1
14737.0752	-1
14744.7441	-1
14752.4131	-1
14760.0820	-1
14767.7510	-1
14775.4199	-1
14783.0889	-1
14790.7578	-1
14798.4268	-1
14806.0957	-1
14813.7646	-1
14821.4336	-1
14829.1025	-1
14836.7715	-1
14844.4404	-1
14852.1094	-1
14859.7783	-1
14867.4473	-1
14875.1162	-1
14882.7852	-1
14890.4541	-1
14898.1230	-1
14905.7920	-1
14913.4609	-1
14921.1299	-1
14928.7988	-1
14936.4678	-1
14944.1367	-1
14951.8057	-1
14959.4746	-1
14967.1445	-1
14974.8145	-1
14982.4844	-1
14990.1543	-1
14997.8242	-1
15005.4941	-1
15013.1641	-1
15020.8340	-1
15028.5039	-1
15036.1738	-1
15043.8438	-1
15051.5137	-1
15059.1836	-1
15066.8535	-1
15074.5234	-1
15082.1934	-1
15089.8633	-1
15097.5332	-1
15105.2031	-1
15112.8730	-1
15120.5430	-1
15128.2129	-1
15135.8828	-1
15143.5527	-1
15151.2227	-1
15158.8926	-1
15166.5625	-1
15174.2324	-1
15181.9023	-1
15189.5723	-1
15197.2422	-1
15204.9121	-1
15212.5820	-1
15220.2520	-1
15227.9219	-1
15235.5918	-1
15243.2617	-1
15250.9316	-1
15258.6016	-1
15266.2715	-1
15273.9414	-1
15281.6113	-1
15289.2812	-1
15296.9512	-1
15304.6211	-1
15312.2910	-1
15319.9609	-1
15327.6309	-1
15335.3008	-1
15342.9707	-1
15350.6406	-1
15358.3105	-1
15365.9814	-1
15373.6523	-1
15381.3232	1
15388.9941	1
15396.6650	1
15404.3369	-1
15412.0088	-1
15419.6807	-1
15427.3525	-1
15435.0244	-1
15442.6963	-1
15450.3691	-1
15458.0420	-1
15465.7148	-1
15473.3877	-1
15481.0605	-1
15488.7334	-1
15496.4062	-1
15504.0791	-1
15511.7520	-1
15519.4248	-1
15527.0977	-1
15534.7705	-1
15542.4434	-1
15550.1270	1
15557.8115	-1
15565.4961	1
15573.1816	1
15580.8672	-1
15588.5527	-1
15596.2383	-1
15603.9238	-1
15611.6094	-1
15619.2949	-1
15626.9805	-1
15634.6660	-1
15642.3516	-1
15650.0371	-1
15657.7227	-1
15665.4082	-1
15673.1045	1
15680.8027	-1
15688.5010	1
15696.1992	1
15703.8984	-1
15711.5977	-1
15719.2969	-1
15726.9961	-1
15734.6953	-1
15742.3945	-1
15750.0938	-1
15757.7930	-1
15765.4922	-1
15773.1914	-1
15780.8906	-1
15788.5898	-1
15796.2900	1
15803.9902	1
15811.6904	1
15819.3906	1
15827.0928	-1
15834.7949	-1
15842.4971	-1
15850.1992	-1
15857.9014	-1
15865.6035	-1
15873.3057	-1
15881.0078	-1
15888.7100	-1
15896.4121	-1
15904.1143	-1
15911.8164	-1
15919.5186	-1
15927.2207	-1
15934.9229	-1
15942.6250	-1
15950.3271	-1
15958.0293	-1
15965.7314	-1
15973.4336	-1
15981.1357	-1
15988.8379	-1
15996.5400	-1
16004.2422	-1
16011.9443	1
16019.6465	1
16027.3486	1
16035.0508	1
16042.7529	1
16050.4551	1
16058.1582	1
16065.8613	1
16073.5654	-1
16081.2695	-1
16088.9736	-1
16096.6777	-1
16104.3818	-1
16112.0859	-1
16119.7910	1
16127.4961	1
16135.2012	-1
16142.9062	-1
16150.6113	-1
16158.3164	-1
16166.0215	-1
16173.7266	-1
16181.4326	1
16189.1387	1
16196.8447	-1
16204.5508	-1
16212.2568	-1
16219.9629	-1
16227.6689	-1
16235.3750	-1
16243.0811	-1
16250.7871	-1
16258.4932	-1
16266.1992	-1
16273.9053	-1
16281.6113	-1
16289.3174	-1
16297.0234	-1
16304.7295	-1
16312.4355	-1
16320.1416	-1
16327.8477	-1
16335.5537	-1
16343.2598	-1
16350.9658	-1
16358.6719	-1
16366.3779	-1
16374.0840	-1
16381.7910	-1
16389.4980	-1
16397.2051	-1
16404.9121	-1
16412.6191	-1
16420.3262	-1
16428.0332	-1
16435.7402	-1
16443.4473	-1
16451.1543	-1
16458.8613	-1
16466.5684	-1
16474.2754	1
16481.9824	1
16489.6895	1
16497.3965	1
16505.1035	1
16512.8105	1
16520.5195	1
16528.2285	1
16535.9375	1
16543.6465	1
16551.3555	1
16559.0645	1
16566.7734	-1
16574.4824	-1
16582.1914	-1
16589.9004	-1
16597.6094	-1
16605.3184	-1
16613.0273	-1
16620.7363	-1
16628.4453	-1
16636.1543	-1
16643.8633	-1
16651.5723	-1
16659.2812	1
16666.9902	1
16674.6992	1
16682.4082	1
16690.1172	-1
16697.8262	-1
16705.5352	-1
16713.2441	-1
16720.9531	-1
16728.6621	-1
16736.3730	-1
16744.0840	-1
16751.7949	-1
16759.5059	-1
16767.2168	-1
16774.9277	-1
16782.6387	1
16790.3496	1
16798.0605	1
16805.7715	1
16813.4844	-1
16821.1973	-1
16828.9102	-1
16836.6230	-1
16844.3359	-1
16852.0488	-1
16859.7617	-1
16867.4746	-1
16875.1875	-1
16882.9004	-1
16890.6133	-1
16898.3262	-1
16906.0391	-1
16913.7520	-1
16921.4648	-1
16929.1777	-1
16936.8906	-1
16944.6035	-1
16952.3164	-1
16960.0293	-1
16967.7422	-1
16975.4551	-1
16983.1680	-1
16990.8809	-1
16998.5977	1
17006.3145	1
17014.0312	1
17021.7480	1
17029.4648	1
17037.1816	1
17044.8984	1
17052.6152	1
17060.3320	-1
17068.0488	-1
17075.7656	-1
17083.4824	-1
17091.1992	-1
17098.9160	-1
17106.6328	-1
17114.3496	-1
17122.0664	-1
17129.7832	-1
17137.5000	-1
17145.2168	-1
17152.9336	-1
17160.6504	-1
17168.3672	-1
17176.0840	-1
17183.8008	-1
17191.5176	-1
17199.2344	-1
17206.9512	-1
17214.6680	-1
17222.3848	-1
17230.1016	-1
17237.8184	-1
17245.5352	-1
17253.2520	-1
17260.9688	-1
17268.6855	-1
17276.4023	-1
17284.1191	-1
17291.8379	1
17299.5566	1
17307.2754	1
17314.9941	-1
17322.7129	-1
17330.4316	-1
17338.1504	-1
17345.8691	-1
17353.5879	-1
17361.3066	1
17369.0254	1
17376.7441	1
17384.4629	1
17392.1816	1
17399.9004	-1
17407.6191	-1
17415.3379	-1
17423.0566	-1
17430.7754	-1
17438.4941	-1
17446.2129	1
17453.9316	1
17461.6504	-1
17469.3691	-1
17477.0879	-1
17484.8066	-1
17492.5254	-1
17500.2441	-1
17507.9629	-1
17515.6816	-1
17523.4004	-1
17531.1191	-1
17538.8379	-1
17546.5566	-1
17554.2754	-1
17561.9941	-1
17569.7129	-1
17577.4316	-1
17585.1504	-1
17592.8691	-1
17600.5879	-1
17608.3066	-1
17616.0254	-1
17623.7441	-1
17631.4629	-1
17639.1816	-1
17646.9023	-1
17654.6230	-1
17662.3438	-1
17670.0645	-1
17677.7852	-1
17685.5059	-1
17693.2266	-1
17700.9473	-1
17708.6680	-1
17716.3887	-1
17724.1094	-1
17731.8301	-1
17739.5508	-1
17747.2715	-1
17754.9922	-1
17762.7129	-1
17770.4336	-1
17778.1543	-1
17785.8750	-1
17793.5957	-1
17801.3164	-1
17809.0371	-1
17816.7578	-1
17824.4785	-1
17832.1992	-1
17839.9199	-1
17847.6406	-1
17855.3613	-1
17863.0820	-1
17870.8027	-1
17878.5254	1
17886.2480	1
17893.9707	1
17901.6934	-1
17909.4160	-1
17917.1387	-1
17924.8613	-1
17932.5840	-1
17940.3066	-1
17948.0293	-1
17955.7520	-1
17963.4746	-1
17971.1973	-1
17978.9199	-1
17986.6426	-1
17994.3672	-1
18002.0918	-1
18009.8164	-1
18017.5410	-1
18025.2656	-1
18032.9902	-1
18040.7168	-1
18048.4434	-1
18056.1699	-1
18063.8965	-1
18071.6230	-1
18079.3496	-1
18087.0762	-1
18094.8027	-1
18102.5293	-1
18110.2559	-1
18117.9824	-1
18125.7090	-1
18133.4375	-1
18141.1660	-1
18148.8945	-1
18156.6230	-1
18164.3516	-1
18172.0801	-1
18179.8086	-1
18187.5371	-1
18195.2656	-1
18202.9941	-1
18210.7227	-1
18218.4512	-1
18226.1797	-1
18233.9082	-1
18241.6367	-1
18249.3652	-1
18257.0938	-1
18264.8223	-1
18272.5508	-1
18280.2793	-1
18288.0078	-1
18295.7363	-1
18303.4648	-1
18311.1934	-1
18318.9219	-1
18326.6504	-1
18334.3789	-1
18342.1074	-1
18349.8359	-1
18357.5645	-1
18365.2949	-1
18373.0254	-1
18380.7559	-1
18388.4863	-1
18396.2168	-1
18403.9473	-1
18411.6777	-1
18419.4082	-1
18427.1387	-1
18434.8691	-1
18442.5996	-1
18450.3301	-1
18458.0605	-1
18465.7910	-1
18473.5215	-1
18481.2520	-1
18488.9824	-1
18496.7129	-1
18504.4434	-1
18512.1738	-1
18519.9043	-1
18527.6348	-1
18535.3652	-1
18543.0957	-1
18550.8262	-1
18558.5566	-1
18566.2871	-1
18574.0176	-1
18581.7480	-1
18589.4785	-1
18597.2090	-1
18604.9395	-1
18612.6699	-1
18620.4004	-1
18628.1309	-1
18635.8613	-1
18643.5918	-1
18651.3223	-1
18659.0527	-1
18666.7832	-1
18674.5137	-1
18682.2441	-1
18689.9746	-1
18697.7051	-1
18705.4355	-1
18713.1660	-1
18720.8965	-1
18728.6270	-1
18736.3574	-1
18744.0879	-1
18751.8184	-1
18759.5488	-1
18767.2793	-1
18775.0098	-1
18782.7402	-1
18790.4707	-1
18798.2012	-1
18805.9316	-1
18813.6621	-1
18821.3926	-1
18829.1230	-1
18836.8535	-1
18844.5840	-1
18852.3145	-1
18860.0566	1
18867.8008	-1
18875.5449	1
18883.2891	1
18891.0352	-1
18898.7812	-1
18906.5273	-1
18914.2734	-1
18922.0195	-1
18929.7656	-1
18937.5117	-1
18945.2578	-1
18953.0039	-1
18960.7500	-1
18968.4961	-1
18976.2422	-1
18983.9883	1
18991.7344	1
18999.4805	1
19007.2266	1
19014.9746	-1
19022.7227	-1
19030.4707	-1
19038.2188	-1
19045.9668	-1
19053.7148	-1
19061.4629	-1
19069.2109	-1
19076.9590	-1
19084.7070	-1
19092.4551	-1
19100.2031	-1
19107.9512	-1
19115.6992	-1
19123.4473	-1
19131.1953	-1
19138.9434	-1
19146.6914	-1
19154.4395	-1
19162.1875	-1
19169.9355	-1
19177.6836	-1
19185.4316	-1
19193.1797	-1
19200.9277	1
19208.6777	-1
19216.4277	-1
19224.1777	-1
19231.9277	-1
19239.6875	1
19247.4492	-1
19255.2109	1
19262.9727	1
19270.7363	-1
19278.5000	-1
19286.2637	-1
19294.0371	1
19301.8125	-1
19309.5879	1
19317.3633	1
19325.1387	-1
19332.9160	-1
19340.7031	1
19348.4902	-1
19356.2773	1
19364.0645	1
19371.8535	-1
19379.6426	-1
19387.4316	-1
19395.2207	-1
19403.0098	-1
19410.7988	-1
19418.5879	-1
19426.3770	-1
19434.1660	-1
19441.9551	-1
19449.7441	-1
19457.5332	-1
19465.3223	1
19473.1113	1
19480.9004	1
19488.6895	1
19496.4785	-1
19504.2676	-1
19512.0566	-1
19519.8457	-1
19527.6348	-1
19535.4238	-1
19543.2129	-1
19551.0020	-1
19558.7910	-1
19566.5801	-1
19574.3691	-1
19582.1582	-1
19589.9473	-1
19597.7363	-1
19605.5254	-1
19613.3145	-1
19621.1035	-1
19628.8926	-1
19636.6816	-1
19644.4707	-1
19652.2715	1
19660.0723	-1
19667.8750	1
19675.6777	1
19683.4805	-1
19691.2832	-1
19699.0859	-1
19706.8887	-1
19714.6914	-1
19722.4941	-1
19730.2969	-1
19738.0996	-1
19745.9023	-1
19753.7148	1
19761.5293	-1
19769.3438	1
19777.1582	1
19784.9727	-1
19792.7871	-1
19800.6016	-1
19808.4258	1
19816.2520	-1
19824.0781	1
19831.9043	1
19839.7305	-1
19847.5586	-1
19855.3965	1
19863.2363	-1
19871.0762	1
19878.9160	1
19886.7578	-1
19894.5996	-1
19902.4531	1
19910.3086	-1
19918.1641	1
19926.0195	1
19933.8750	-1
19941.7305	-1
19949.5957	1
19957.4629	-1
19965.3301	1
19973.1973	1
19981.0645	-1
19988.9316	-1
19996.8086	1
20004.6875	-1
20012.5664	1
20020.4453	1
20028.3242	-1
20036.2031	-1
20044.0820	-1
20051.9609	-1
20059.8398	-1
20067.7188	-1
20075.5977	-1
20083.4766	-1
20091.3555	-1
20099.2344	-1
20107.1133	-1
20114.9922	-1
20122.8730	1
20130.7539	1
20138.6348	1
20146.5156	1
20154.3965	-1
20162.2773	-1
20170.1582	-1
20178.0391	-1
20185.9199	-1
20193.8008	-1
20201.6816	-1
20209.5625	-1
20217.4434	-1
20225.3242	-1
20233.2051	-1
20241.0859	-1
20248.9668	-1
20256.8477	1
20264.7285	-1
20272.6094	-1
20280.4902	-1
20288.3711	-1
20296.2520	-1
20304.1328	1
20312.0137	1
20319.8945	1
20327.7754	1
20335.6562	1
20343.5391	-1
20351.4219	-1
20359.3047	-1
20367.1875	-1
20375.0703	-1
20382.9531	-1
20390.8359	1
20398.7188	-1
20406.6016	-1
20414.4844	-1
20422.3672	-1
20430.2500	-1
20438.1328	-1
20446.0156	-1
20453.8984	-1
20461.7812	-1
20469.6641	-1
20477.5469	-1
20485.4297	-1
20493.3125	-1
20501.1953	-1
20509.0781	-1
20516.9609	-1
20524.8438	-1
20532.7266	-1
20540.6094	-1
20548.4922	-1
20556.3750	-1
20564.2578	-1
20572.1406	-1
20580.0234	-1
20587.9062	-1
20595.7891	-1
20603.6719	-1
20611.5547	-1
20619.4375	-1
20627.3203	-1
20635.2051	-1
20643.0898	-1
20650.9746	-1
20658.8594	-1
20666.7441	-1
20674.6289	-1
20682.5137	-1
20690.3984	-1
20698.2832	-1
20706.1777	1
20714.0723	-1
20721.9668	1
20729.8613	1
20737.7578	-1
20745.6543	-1
20753.5605	1
20761.4688	-1
20769.3770	1
20777.2852	1
20785.1953	-1
20793.1055	-1
20801.0156	-1
20808.9258	-1
20816.8359	-1
20824.7461	-1
20832.6562	-1
20840.5664	-1
20848.4766	-1
20856.3867	-1
20864.2969	-1
20872.2070	-1
20880.1172	1
20888.0273	1
20895.9375	1
20903.8477	1
20911.7598	-1
20919.6719	-1
20927.5840	-1
20935.4961	-1
20943.4082	-1
20951.3203	-1
20959.2324	-1
20967.1445	-1
20975.0566	-1
20982.9688	-1
20990.8809	-1
20998.7930	-1
21006.7051	-1
21014.6172	-1
21022.5293	-1
21030.4414	-1
21038.3535	-1
21046.2656	-1
21054.1777	1
21062.0898	1
21070.0020	-1
21077.9141	-1
21085.8262	-1
21093.7383	-1
21101.6504	-1
21109.5625	-1
21117.4766	-1
21125.3906	-1
21133.3047	-1
21141.2188	-1
21149.1328	-1
21157.0469	-1
21164.9609	-1
21172.8848	1
21180.8086	-1
21188.7344	1
21196.6602	1
21204.5859	-1
21212.5117	-1
21220.4375	-1
21228.3633	-1
21236.2891	-1
21244.2148	-1
21252.1406	-1
21260.0664	-1
21267.9922	-1
21275.9180	-1
21283.8438	-1
21291.7695	-1
21299.6953	1
21307.6211	1
21315.5469	1
21323.4727	1
21331.4004	-1
21339.3281	-1
21347.2559	-1
21355.1836	-1
21363.1113	-1
21371.0391	-1
21378.9668	-1
21386.8945	-1
21394.8223	-1
21402.7500	-1
21410.6777	-1
21418.6055	-1
21426.5332	-1
21434.4609	-1
21442.3887	-1
21450.3164	-1
21458.2441	-1
21466.1719	-1
21474.0996	1
21482.0273	1
21489.9551	-1
21497.8828	1
21505.8105	-1
21513.7383	-1
21521.6660	-1
21529.5938	-1
21537.5215	-1
21545.4492	1
21553.3789	1
21561.3086	1
21569.2383	1
21577.1680	1
21585.0996	-1
21593.0312	-1
21600.9629	-1
21608.8945	-1
21616.8262	-1
21624.7578	-1
21632.6895	-1
21640.6211	-1
21648.5527	-1
21656.4844	-1
21664.4160	-1
21672.3477	-1
21680.2793	-1
21688.2109	-1
21696.1426	-1
21704.0742	-1
21712.0059	-1
21719.9375	-1
21727.8691	-1
21735.8008	-1
21743.7324	-1
21751.6641	-1
21759.5957	-1
21767.5273	-1
21775.4590	-1
21783.3906	-1
21791.3223	-1
21799.2539	-1
21807.1855	-1
21815.1172	-1
21823.0488	-1
21830.9805	-1
21838.9121	-1
21846.8438	-1
21854.7754	-1
21862.7070	-1
21870.6387	1
21878.5703	1
21886.5020	-1
21894.4336	-1
21902.3652	-1
21910.2969	-1
21918.2285	-1
21926.1602	-1
21934.0938	1
21942.0273	1
21949.9609	-1
21957.8945	-1
21965.8281	-1
21973.7617	-1
21981.6953	-1
21989.6289	-1
21997.5625	-1
22005.4961	-1
22013.4297	-1
22021.3633	-1
22029.2969	-1
22037.2305	-1
22045.1660	-1
22053.1016	-1
22061.0371	-1
22068.9727	-1
22076.9082	-1
22084.8438	-1
22092.7793	-1
22100.7148	-1
22108.6504	-1
22116.5859	-1
22124.5215	-1
22132.4570	-1
22140.3926	-1
22148.3418	1
22156.2910	-1
22164.2402	1
22172.1914	1
22180.1426	-1
22188.0938	-1
22196.0566	1
22204.0215	-1
22211.9863	1
22219.9512	1
22227.9160	-1
22235.8809	-1
22243.8555	1
22251.8320	-1
22259.8086	1
22267.7852	1
22275.7637	-1
22283.7422	-1
22291.7324	1
22299.7227	-1
22307.7148	1
22315.7070	1
22323.6992	-1
22331.6914	-1
22339.6934	1
22347.6973	-1
22355.7012	1
22363.7051	1
22371.7109	-1
22379.7168	-1
22387.7324	1
22395.7500	-1
22403.7676	1
22411.7852	1
22419.8027	-1
22427.8203	-1
22435.8379	-1
22443.8652	1
22451.8945	-1
22459.9238	1
22467.9531	1
22475.9844	-1
22484.0156	-1
22492.0469	-1
22500.0859	1
22508.1270	-1
22516.1680	1
22524.2090	1
22532.2520	-1
22540.2949	-1
22548.3477	1
22556.4023	-1
22564.4570	1
22572.5117	1
22580.5684	-1
22588.6250	-1
22596.6816	-1
22604.7480	1
22612.8164	-1
22620.8848	1
22628.9531	1
22637.0215	-1
22645.0898	-1
22653.1582	-1
22661.2383	1
22669.3184	-1
22677.4004	1
22685.4824	1
22693.5645	-1
22701.6465	-1
22709.7383	1
22717.8320	-1
22725.9258	1
22734.0195	1
22742.1133	-1
22750.2090	-1
22758.3145	1
22766.4199	-1
22774.5254	1
22782.6309	1
22790.7383	-1
22798.8457	-1
22806.9531	-1
22815.0605	-1
22823.1680	-1
22831.2754	-1
22839.3828	-1
22847.4902	-1
22855.5977	-1
22863.7051	-1
22871.8125	-1
22879.9199	-1
22888.0273	1
22896.1348	1
22904.2422	1
22912.3496	1
22920.4590	-1
22928.5684	-1
22936.6777	-1
22944.7871	-1
22952.8965	-1
22961.0059	-1
22969.1152	-1
22977.2246	-1
22985.3340	-1
22993.4434	-1
23001.5527	-1
23009.6621	-1
23017.7715	-1
23025.8809	-1
23033.9902	-1
23042.0996	-1
23050.2090	-1
23058.3184	-1
23066.4297	-1
23074.5410	-1
23082.6523	-1
23090.7637	-1
23098.8750	-1
23106.9863	-1
23115.0977	1
23123.2090	1
23131.3203	-1
23139.4316	-1
23147.5430	-1
23155.6543	-1
23163.7656	-1
23171.8770	-1
23179.9902	-1
23188.1035	-1
23196.2168	-1
23204.3301	-1
23212.4434	-1
23220.5664	1
23228.6914	-1
23236.8164	1
23244.9414	1
23253.0684	-1
23261.1953	-1
23269.3223	-1
23277.4492	-1
23285.5762	-1
23293.7031	-1
23301.8301	-1
23309.9570	-1
23318.0840	-1
23326.2109	-1
23334.3379	-1
23342.4648	-1
23350.5918	1
23358.7188	1
23366.8457	1
23374.9746	-1
23383.1035	-1
23391.2324	-1
23399.3613	-1
23407.4902	-1
23415.6191	-1
23423.7480	-1
23431.8770	-1
23440.0059	-1
23448.1348	-1
23456.2637	-1
23464.3926	-1
23472.5215	-1
23480.6602	1
23488.8008	-1
23496.9414	1
23505.0820	1
23513.2227	-1
23521.3633	-1
23529.5039	-1
23537.6445	-1
23545.7852	-1
23553.9258	-1
23562.0684	-1
23570.2109	-1
23578.3535	-1
23586.4961	-1
23594.6387	-1
23602.7812	-1
23610.9238	1
23619.0664	1
23627.2090	1
23635.3516	1
23643.4961	-1
23651.6406	-1
23659.7852	-1
23667.9297	-1
23676.0742	-1
23684.2188	-1
23692.3633	-1
23700.5078	-1
23708.6523	-1
23716.7969	-1
23724.9414	-1
23733.0859	-1
23741.2305	-1
23749.3750	-1
23757.5195	-1
23765.6641	-1
23773.8086	-1
23781.9531	-1
23790.0977	1
23798.2422	1
23806.3867	-1
23814.5312	-1
23822.6758	-1
23830.8203	-1
23838.9648	-1
23847.1094	-1
23855.2539	1
23863.3984	1
23871.5430	1
23879.6875	1
23887.8340	-1
23895.9805	-1
23904.1270	-1
23912.2734	-1
23920.4199	-1
23928.5664	-1
23936.7129	-1
23944.8594	-1
23953.0059	-1
23961.1523	-1
23969.2988	-1
23977.4453	-1
23985.5918	1
23993.7383	1
24001.8848	-1
24010.0312	-1
24018.1777	-1
24026.3242	-1
24034.4707	-1
24042.6172	-1
24050.7656	-1
24058.9141	-1
24067.0625	-1
24075.2109	-1
24083.3594	-1
24091.5078	-1
24099.6562	1
24107.8047	1
24115.9531	1
24124.1016	1
24132.2500	1
24140.3984	1
24148.5469	-1
24156.6953	-1
24164.8438	-1
24172.9922	-1
24181.1406	-1
24189.2891	-1
24197.4375	-1
24205.5859	-1
24213.7344	-1
24221.8828	-1
24230.0312	-1
24238.1797	-1
24246.3281	1
24254.4766	1
24262.6270	1
24270.7773	1
24278.9277	1
24287.0781	1
24295.2285	-1
24303.3789	-1
24311.5293	-1
24319.6797	-1
24327.8301	-1
24335.9805	-1
24344.1309	-1
24352.2812	-1
24360.4316	-1
24368.5820	-1
24376.7324	-1
24384.8828	-1
24393.0352	1
24401.1875	1
24409.3398	1
24417.4922	1
24425.6445	-1
24433.7969	-1
24441.9492	-1
24450.1016	-1
24458.2539	-1
24466.4062	-1
24474.5586	-1
24482.7109	-1
24490.8633	-1
24499.0156	-1
24507.1680	-1
24515.3203	-1
24523.4746	-1
24531.6289	-1
24539.7832	-1
24547.9375	-1
24556.0918	-1
24564.2461	-1
24572.4004	-1
24580.5547	-1
24588.7090	-1
24596.8633	-1
24605.0176	-1
24613.1719	-1
24621.3262	1
24629.4805	1
24637.6348	1
24645.7891	1
24653.9453	-1
24662.1016	-1
24670.2578	-1
24678.4141	-1
24686.5703	-1
24694.7266	-1
24702.8828	-1
24711.0391	-1
24719.1953	-1
24727.3516	-1
24735.5078	-1
24743.6641	-1
24751.8203	1
24759.9766	1
24768.1328	1
24776.2891	1
24784.4473	-1
24792.6055	-1
24800.7637	-1
24808.9219	-1
24817.0801	-1
24825.2383	-1
24833.3965	-1
24841.5547	-1
24849.7129	-1
24857.8711	-1
24866.0293	-1
24874.1875	-1
24882.3457	-1
24890.5039	-1
24898.6621	-1
24906.8203	-1
24914.9785	-1
24923.1367	-1
24931.2949	1
24939.4531	1
24947.6113	1
24955.7695	1
24963.9297	-1
24972.0898	-1
24980.2500	-1
24988.4102	-1
24996.5703	-1
25004.7305	-1
25012.8906	-1
25021.0508	-1
25029.2109	-1
25037.3711	-1
25045.5312	-1
25053.6914	-1
25061.8516	-1
25070.0117	-1
25078.1719	-1
25086.3320	-1
25094.4922	-1
25102.6523	-1
25110.8125	-1
25118.9727	-1
25127.1328	-1
25135.2930	-1
25143.4531	-1
25151.6133	-1
25159.7734	-1
25167.9336	-1
25176.0938	-1
25184.2539	-1
25192.4141	-1
25200.5742	-1
25208.7344	-1
25216.8945	-1
25225.0547	-1
25233.2148	-1
25241.3750	-1
25249.5352	-1
25257.6953	1
25265.8555	1
25274.0156	1
25282.1758	1
25290.3359	1
25298.4961	1
25306.6582	-1
25314.8203	-1
25322.9824	-1
25331.1445	-1
25339.3066	-1
25347.4688	-1
25355.6309	-1
25363.7930	-1
25371.9551	-1
25380.1172	-1
25388.2793	-1
25396.4414	-1
25404.6035	-1
25412.7656	-1
25420.9277	-1
25429.0898	-1
25437.2520	-1
25445.4141	-1
25453.5762	-1
25461.7383	-1
25469.9004	-1
25478.0625	-1
25486.2246	-1
25494.3867	-1
25502.5488	-1
25510.7109	-1
25518.8730	-1
25527.0352	-1
25535.1973	-1
25543.3594	-1
25551.5215	1
25559.6836	1
25567.8477	-1
25576.0117	-1
25584.1758	-1
25592.3398	-1
25600.5039	-1
25608.6680	-1
25616.8320	-1
25624.9961	-1
25633.1602	-1
25641.3242	-1
25649.4883	-1
25657.6523	-1
25665.8164	-1
25673.9805	-1
25682.1445	-1
25690.3086	-1
25698.4727	-1
25706.6367	-1
25714.8008	-1
25722.9648	-1
25731.1289	-1
25739.2930	-1
25747.4570	-1
25755.6211	-1
25763.7891	-1
25771.9570	-1
25780.1250	-1
25788.2930	-1
25796.4609	-1
25804.6289	-1
25812.7969	-1
25820.9648	-1
25829.1328	-1
25837.3008	-1
25845.4688	-1
25853.6367	-1
25861.8047	-1
25869.9727	-1
25878.1406	-1
25886.3086	-1
25894.4766	-1
25902.6445	-1
25910.8125	-1
25918.9805	-1
25927.1484	-1
25935.3164	-1
25943.4844	-1
25951.6523	-1
25959.8203	-1
25967.9883	-1
25976.1562	-1
25984.3242	-1
25992.4922	-1
26000.6602	-1
26008.8281	-1
26016.9961	-1
26025.1641	-1
26033.3320	-1
26041.5000	-1
26049.6680	-1
26057.8359	-1
26066.0039	-1
26074.1719	-1
26082.3398	-1
26090.5078	-1
26098.6758	-1
26106.8457	-1
26115.0156	-1
26123.1855	-1
26131.3555	-1
26139.5254	-1
26147.6953	-1
26155.8652	-1
26164.0352	-1
26172.2051	-1
26180.3750	-1
26188.5449	-1
26196.7148	-1
26204.8848	-1
26213.0547	-1
26221.2246	-1
26229.3945	-1
26237.5645	-1
26245.7344	-1
26253.9043	-1
26262.0742	-1
26270.2441	-1
26278.4141	-1
26286.5840	-1
26294.7539	-1
26302.9238	-1
26311.0938	-1
26319.2637	-1
26327.4336	-1
26344.3125	1
26361.1914	-1
