0.0000	0
0.2119	-1
0.7090	-2
0.9659	-2
1.2794	-2
1.3109	-2
1.3463	2
1.3639	-2
1.3798	-2
1.5232	-2
1.7130	-2
1.7397	-2
1.7813	2
1.7889	-2
1.7913	2
1.8167	-2
1.8222	-2
1.8320	-2
1.9155	-2
1.9289	-2
1.9582	2
2.1892	-2
2.2979	-2
2.3103	-2
2.3144	-2
2.3360	-2
2.3739	-2
2.4199	-2
2.5198	-2
2.5369	-2
2.6046	-2
2.6905	-2
2.7224	-2
2.8861	-2
2.9525	-2
2.9687	-2
2.9797	-2
3.0121	-2
3.0556	-2
3.0825	2
3.1623	-2
3.2480	-2
3.2636	-2
3.5382	-2
3.6084	-2
3.6319	2
3.7029	-2
3.7887	-2
3.9288	-2
3.9735	-2
3.9908	2
4.0378	-2
4.1002	-2
4.1207	2
4.1642	-2
4.1976	-1
4.2022	-2
4.2241	-2
4.2631	-2
4.3397	-2
4.4911	-2
4.5406	-2
4.5508	-2
4.6513	-2
4.6977	2
4.7258	-2
4.8412	2
4.8520	-2
4.8580	-2
4.8742	-2
4.9573	2
4.9855	-2
5.0591	-2
5.1085	-2
5.2230	-2
5.2665	-2
5.2953	-2
5.3928	-2
5.4663	-2
5.6225	-2
5.7117	2
5.7283	-2
5.8730	-2
5.8959	-2
5.9592	2
6.0634	-2
6.1355	2
6.3515	-2
6.3874	-2
6.4427	-2
6.4660	-2
6.5244	-2
6.5372	-2
6.6225	-2
6.6341	-2
6.6419	-2
6.7444	2
6.8119	2
6.9291	-2
7.0160	-2
7.0540	-2
7.1331	-2
7.1513	2
7.2505	-2
7.3777	2
7.4464	2
7.4996	2
7.5049	-2
7.5501	-2
7.5557	2
7.5666	2
7.8106	-2
7.9923	-2
7.9940	2
8.0942	-2
8.0977	-2
8.0988	2
8.1635	-2
8.1840	1
8.2484	2
8.2493	2
8.2557	-2
8.3087	2
8.7510	2
8.9710	-2
9.0693	-2
9.0863	-2
9.6157	2
9.6736	2
9.7450	-2
9.9993	2
10.2137	2
10.4043	2
10.4887	2
10.7800	2
11.3914	2
11.5134	2
11.5801	2
11.8290	2
11.8525	2
12.0151	2
12.0704	2
12.1405	2
12.7655	2
13.0737	2
13.3115	2
13.3407	2
13.3623	2
13.5966	2
13.9420	2
14.0130	2
14.0229	2
14.0262	2
14.0511	2
14.1177	2
14.3057	2
14.6927	2
15.0091	2
15.4244	2
15.4446	2
15.6352	1
15.6376	2
15.8985	2
16.6720	2
16.7320	2
16.9225	2
17.7677	2
18.0735	2
18.2358	2
19.4759	2
20.7408	2
22.9819	2
23.0881	-1
30.5413	1
37.9945	1
45.4492	-1
52.9039	-1
60.3586	-1
67.8133	-1
75.2680	-1
82.7227	-1
90.1775	-1
97.6323	-1
105.0871	-1
112.5419	-1
119.9967	-1
127.4515	-1
134.9067	1
142.3619	1
149.8172	1
157.2724	1
164.7290	-1
172.1856	-1
179.6423	-1
187.0989	-1
194.5555	-1
202.0121	-1
209.4692	1
216.9263	1
224.3836	-1
231.8410	-1
239.2983	-1
246.7557	-1
254.2130	-1
261.6704	-1
269.1278	-1
276.5853	-1
284.0428	-1
291.5002	-1
298.9577	-1
306.4151	-1
313.8727	-1
321.3302	-1
328.7878	-1
336.2454	-1
343.7030	-1
351.1606	-1
358.6186	1
366.0768	1
373.5352	1
380.9935	1
388.4519	1
395.9103	1
403.3696	-1
410.8290	-1
418.2883	-1
425.7477	-1
433.2071	-1
440.6664	-1
448.1261	-1
455.5857	-1
463.0453	-1
470.5049	-1
477.9646	-1
485.4242	-1
492.8842	1
500.3444	1
507.8046	1
515.2648	1
522.7263	-1
530.1878	-1
537.6493	-1
545.1108	-1
552.5723	-1
560.0338	-1
567.4954	-1
574.9570	-1
582.4186	-1
589.8802	-1
597.3418	-1
604.8034	-1
612.2661	-1
619.7288	-1
627.1915	-1
634.6542	-1
642.1169	-1
649.5797	-1
657.0426	-1
664.5056	-1
671.9685	-1
679.4315	-1
686.8944	-1
694.3574	-1
701.8204	-1
709.2835	-1
716.7466	-1
724.2097	-1
731.6727	-1
739.1358	-1
746.5989	-1
754.0621	-1
761.5253	-1
768.9885	-1
776.4517	-1
783.9149	-1
791.3784	1
798.8419	1
806.3055	1
813.7691	-1
821.2327	-1
828.6964	-1
836.1600	-1
843.6236	-1
851.0872	-1
858.5517	-1
866.0162	-1
873.4808	-1
880.9453	-1
888.4099	-1
895.8744	-1
903.3394	-1
910.8044	-1
918.2695	-1
925.7345	-1
933.1995	-1
940.6646	-1
948.1297	-1
955.5948	-1
963.0600	-1
970.5251	-1
977.9903	-1
985.4554	-1
992.9216	-1
1000.3878	-1
1007.8540	-1
1015.3202	-1
1022.7864	-1
1030.2526	-1
1037.7189	-1
1045.1852	-1
1052.6515	-1
1060.1178	-1
1067.5841	-1
1075.0504	-1
1082.5168	-1
1089.9833	-1
1097.4497	-1
1104.9161	-1
1112.3826	-1
1119.8601	1
1127.3390	-1
1134.8181	1
1142.2972	1
1149.7775	-1
1157.2577	-1
1164.7379	-1
1172.2181	-1
1179.6984	-1
1187.1786	-1
1194.6589	-1
1202.1393	-1
1209.6196	-1
1217.1000	-1
1224.5803	-1
1232.0607	-1
1239.5414	1
1247.0222	1
1254.5031	1
1261.9839	1
1269.4663	-1
1276.9487	-1
1284.4312	-1
1291.9136	-1
1299.3961	-1
1306.8787	-1
1314.3612	-1
1321.8438	-1
1329.3263	-1
1336.8088	-1
1344.2915	-1
1351.7742	-1
1359.2568	-1
1366.7395	-1
1374.2222	-1
1381.7048	-1
1389.1875	-1
1396.6702	-1
1404.1530	-1
1411.6357	-1
1419.1185	-1
1426.6013	-1
1434.0841	-1
1441.5669	-1
1449.0499	1
1456.5330	1
1464.0160	1
1471.4991	1
1478.9824	1
1486.4657	1
1493.9493	1
1501.4331	1
1508.9188	-1
1516.4045	-1
1523.8903	-1
1531.3760	-1
1538.8617	-1
1546.3474	-1
1553.8333	-1
1561.3191	-1
1568.8049	-1
1576.2908	-1
1583.7766	-1
1591.2625	-1
1598.7484	-1
1606.2344	-1
1613.7203	-1
1621.2063	-1
1628.6923	-1
1636.1782	-1
1643.6650	1
1651.1526	-1
1658.6401	-1
1666.1277	-1
1673.6152	-1
1681.1028	-1
1688.5903	-1
1696.0782	-1
1703.5662	-1
1711.0541	-1
1718.5420	-1
1726.0299	-1
1733.5178	-1
1741.0059	-1
1748.4939	-1
1755.9819	-1
1763.4700	-1
1770.9580	-1
1778.4460	-1
1785.9342	-1
1793.4224	-1
1800.9105	-1
1808.3987	-1
1815.8868	-1
1823.3750	-1
1830.8633	-1
1838.3516	-1
1845.8398	-1
1853.3281	-1
1860.8164	-1
1868.3047	-1
1875.7931	-1
1883.2815	-1
1890.7699	-1
1898.2692	1
1905.7697	-1
1913.2704	1
1920.7712	1
1928.2732	-1
1935.7751	-1
1943.2771	-1
1950.7791	-1
1958.2810	-1
1965.7830	-1
1973.2850	-1
1980.7871	-1
1988.2892	-1
1995.7913	-1
2003.2933	-1
2010.7954	-1
2018.2977	1
2025.8002	1
2033.3026	1
2040.8051	1
2048.3086	-1
2055.8120	-1
2063.3154	-1
2070.8188	-1
2078.3223	-1
2085.8257	-1
2093.3296	1
2100.8335	1
2108.3379	-1
2115.8423	-1
2123.3467	-1
2130.8511	-1
2138.3555	-1
2145.8599	-1
2153.3650	-1
2160.8701	-1
2168.3752	-1
2175.8804	-1
2183.3855	-1
2190.8906	-1
2198.3960	-1
2205.9014	-1
2213.4067	-1
2220.9121	-1
2228.4175	-1
2235.9229	-1
2243.4287	-1
2250.9346	-1
2258.4404	-1
2265.9463	-1
2273.4521	-1
2280.9583	-1
2288.4644	-1
2295.9705	-1
2303.4766	-1
2310.9929	1
2318.5103	-1
2326.0281	1
2333.5459	1
2341.0645	-1
2348.5830	-1
2356.1118	1
2363.6418	-1
2371.1721	1
2378.7024	1
2386.2339	-1
2393.7654	-1
2401.2969	-1
2408.8284	-1
2416.3599	-1
2423.8914	-1
2431.4229	-1
2438.9543	-1
2446.4858	-1
2454.0173	-1
2461.5488	-1
2469.0803	-1
2476.6121	1
2484.1438	1
2491.6758	1
2499.2078	1
2506.7410	-1
2514.2742	-1
2521.8074	-1
2529.3406	-1
2536.8738	-1
2544.4070	-1
2551.9407	1
2559.4744	1
2567.0083	-1
2574.5422	-1
2582.0762	-1
2589.6101	-1
2597.1440	-1
2604.6780	-1
2612.2119	-1
2619.7458	-1
2627.2798	-1
2634.8137	-1
2642.3477	-1
2649.8816	-1
2657.4158	-1
2664.9500	-1
2672.4841	-1
2680.0183	-1
2687.5525	-1
2695.0867	-1
2702.6211	1
2710.1558	1
2717.6907	1
2725.2258	1
2732.7610	1
2740.2961	1
2747.8325	-1
2755.3689	-1
2762.9053	-1
2770.4417	-1
2777.9780	-1
2785.5144	-1
2793.0513	-1
2800.5881	-1
2808.1250	-1
2815.6619	-1
2823.1987	-1
2830.7356	-1
2838.2727	-1
2845.8098	-1
2853.3469	-1
2860.8840	-1
2868.4211	-1
2875.9583	-1
2883.4954	-1
2891.0327	-1
2898.5701	-1
2906.1074	-1
2913.6448	-1
2921.1821	-1
2928.7195	1
2936.2568	1
2943.7947	1
2951.3328	1
2958.8713	-1
2966.4099	-1
2973.9485	-1
2981.4871	-1
2989.0256	-1
2996.5642	-1
3004.1030	-1
3011.6418	-1
3019.1807	-1
3026.7195	-1
3034.2583	-1
3041.7971	-1
3049.3362	1
3056.8752	1
3064.4150	-1
3071.9548	-1
3079.4946	-1
3087.0344	-1
3094.5742	-1
3102.1140	-1
3109.6541	-1
3117.1941	-1
3124.7341	-1
3132.2742	-1
3139.8142	-1
3147.3542	-1
3154.8958	-1
3162.4373	-1
3169.9788	-1
3177.5203	-1
3185.0618	-1
3192.6033	-1
3200.1448	-1
3207.6863	-1
3215.2278	-1
3222.7693	-1
3230.3108	-1
3237.8523	-1
3245.3940	-1
3252.9358	-1
3260.4775	-1
3268.0193	-1
3275.5610	-1
3283.1028	-1
3290.6445	-1
3298.1863	-1
3305.7280	-1
3313.2698	-1
3320.8115	-1
3328.3533	-1
3335.8953	-1
3343.4373	-1
3350.9792	-1
3358.5212	-1
3366.0632	-1
3373.6052	-1
3381.1477	-1
3388.6902	-1
3396.2437	1
3403.7983	-1
3411.3533	1
3418.9082	1
3426.4641	-1
3434.0200	-1
3441.5759	-1
3449.1318	-1
3456.6980	1
3464.2654	-1
3471.8330	1
3479.4006	1
3486.9695	-1
3494.5383	-1
3502.1072	-1
3509.6760	-1
3517.2449	-1
3524.8235	1
3532.4033	-1
3539.9834	1
3547.5635	1
3555.1440	-1
3562.7246	-1
3570.3052	-1
3577.8857	-1
3585.4663	-1
3593.0469	-1
3600.6277	-1
3608.2085	-1
3615.7893	-1
3623.3701	-1
3630.9509	-1
3638.5317	-1
3646.1128	1
3653.6941	1
3661.2754	1
3668.8567	1
3676.4387	-1
3684.0208	-1
3691.6028	-1
3699.1848	-1
3706.7668	-1
3714.3489	-1
3721.9309	-1
3729.5129	-1
3737.0950	-1
3744.6770	-1
3752.2590	-1
3759.8411	-1
3767.4233	-1
3775.0056	-1
3782.5879	-1
3790.1702	-1
3797.7524	-1
3805.3347	-1
3812.9170	-1
3820.4993	-1
3828.0815	-1
3835.6638	-1
3843.2461	-1
3850.8284	-1
3858.4109	1
3865.9937	1
3873.5764	1
3881.1592	1
3888.7422	1
3896.3252	1
3903.9082	1
3911.4912	1
3919.0754	-1
3926.6597	-1
3934.2439	-1
3941.8281	-1
3949.4124	-1
3956.9966	-1
3964.5808	-1
3972.1650	-1
3979.7493	-1
3987.3335	-1
3994.9177	-1
4002.5020	-1
4010.0864	-1
4017.6709	-1
4025.2554	-1
4032.8398	-1
4040.4243	-1
4048.0088	-1
4055.5933	-1
4063.1777	-1
4070.7622	-1
4078.3467	-1
4085.9312	-1
4093.5156	-1
4101.1001	-1
4108.6846	-1
4116.2690	-1
4123.8535	-1
4131.4380	-1
4139.0225	-1
4146.6069	-1
4154.1914	-1
4161.7759	-1
4169.3604	-1
4176.9448	-1
4184.5298	-1
4192.1147	-1
4199.6997	-1
4207.2847	-1
4214.8696	-1
4222.4546	-1
4230.0396	-1
4237.6245	-1
4245.2095	-1
4252.7944	-1
4260.3794	-1
4267.9644	-1
4275.5493	-1
4283.1348	1
4290.7202	1
4298.3057	1
4305.8911	1
4313.4775	-1
4321.0640	-1
4328.6504	-1
4336.2368	-1
4343.8232	-1
4351.4097	-1
4358.9961	-1
4366.5825	-1
4374.1689	-1
4381.7554	-1
4389.3418	-1
4396.9282	-1
4404.5146	-1
4412.1011	-1
4419.6875	-1
4427.2739	-1
4434.8604	-1
4442.4468	-1
4450.0332	-1
4457.6196	-1
4465.2061	-1
4472.8027	1
4480.4004	-1
4487.9985	1
4495.5967	1
4503.1953	-1
4510.7939	-1
4518.3926	-1
4525.9912	-1
4533.5898	-1
4541.1885	-1
4548.7871	-1
4556.3857	-1
4563.9844	-1
4571.5830	-1
4579.1816	-1
4586.7803	-1
4594.3794	1
4601.9785	1
4609.5776	1
4617.1768	1
4624.7764	-1
4632.3760	-1
4639.9756	-1
4647.5752	-1
4655.1748	-1
4662.7744	-1
4670.3740	-1
4677.9736	-1
4685.5732	-1
4693.1729	-1
4700.7725	-1
4708.3721	-1
4715.9717	-1
4723.5713	-1
4731.1709	-1
4738.7705	-1
4746.3701	-1
4753.9697	-1
4761.5698	1
4769.1699	1
4776.7705	-1
4784.3711	-1
4791.9717	-1
4799.5723	-1
4807.1729	-1
4814.7734	-1
4822.3740	1
4829.9746	1
4837.5757	1
4845.1768	1
4852.7778	-1
4860.3789	-1
4867.9800	-1
4875.5811	-1
4883.1821	-1
4890.7832	-1
4898.3848	-1
4905.9863	-1
4913.5879	-1
4921.1895	-1
4928.7910	-1
4936.3926	-1
4943.9946	-1
4951.5967	-1
4959.1987	-1
4966.8008	-1
4974.4028	-1
4982.0049	-1
4989.6069	-1
4997.2090	-1
5004.8110	-1
5012.4131	-1
5020.0151	-1
5027.6172	-1
5035.2197	-1
5042.8223	-1
5050.4248	-1
5058.0273	-1
5065.6299	-1
5073.2324	-1
5080.8350	-1
5088.4375	-1
5096.0400	-1
5103.6528	1
5111.2666	-1
5118.8809	1
5126.4951	1
5134.1104	-1
5141.7256	-1
5149.3408	-1
5156.9565	-1
5164.5723	-1
5172.1880	-1
5179.8037	-1
5187.4194	-1
5195.0352	-1
5202.6509	-1
5210.2666	-1
5217.8823	-1
5225.4980	1
5233.1138	1
5240.7300	1
5248.3462	1
5255.9639	-1
5263.5815	-1
5271.1992	-1
5278.8169	-1
5286.4346	-1
5294.0522	-1
5301.6699	-1
5309.2876	-1
5316.9053	-1
5324.5229	-1
5332.1406	-1
5339.7583	-1
5347.3765	-1
5354.9946	-1
5362.6128	-1
5370.2310	-1
5377.8491	-1
5385.4673	-1
5393.0854	-1
5400.7036	-1
5408.3218	-1
5415.9399	-1
5423.5581	-1
5431.1763	-1
5438.7944	1
5446.4126	1
5454.0312	1
5461.6499	1
5469.2686	1
5476.8872	1
5484.5059	1
5492.1245	1
5499.7451	-1
5507.3657	-1
5514.9863	-1
5522.6069	-1
5530.2275	-1
5537.8481	-1
5545.4697	-1
5553.0913	-1
5560.7129	-1
5568.3345	-1
5575.9561	-1
5583.5776	-1
5591.1992	-1
5598.8208	-1
5606.4424	-1
5614.0640	-1
5621.6855	-1
5629.3071	-1
5636.9287	-1
5644.5503	-1
5652.1719	-1
5659.7935	-1
5667.4150	-1
5675.0366	-1
5682.6582	-1
5690.2798	-1
5697.9014	-1
5705.5234	-1
5713.1455	-1
5720.7676	-1
5728.3896	-1
5736.0117	-1
5743.6338	-1
5751.2559	-1
5758.8779	-1
5766.5000	-1
5774.1221	-1
5781.7441	-1
5789.3662	-1
5796.9883	-1
5804.6104	-1
5812.2324	-1
5819.8545	-1
5827.4868	1
5835.1206	-1
5842.7549	1
5850.3892	1
5858.0244	-1
5865.6597	-1
5873.2949	-1
5880.9302	-1
5888.5654	-1
5896.2007	-1
5903.8359	-1
5911.4814	1
5919.1279	-1
5926.7749	1
5934.4219	1
5942.0698	-1
5949.7178	-1
5957.3657	-1
5965.0239	1
5972.6831	-1
5980.3428	1
5988.0024	1
5995.6626	-1
6003.3228	-1
6010.9829	-1
6018.6436	-1
6026.3135	1
6033.9844	-1
6041.6558	1
6049.3271	1
6056.9990	-1
6064.6709	-1
6072.3433	-1
6080.0249	1
6087.7075	-1
6095.3906	1
6103.0737	1
6110.7573	-1
6118.4414	-1
6126.1348	1
6133.8291	-1
6141.5239	1
6149.2188	1
6156.9141	-1
6164.6099	-1
6172.3149	1
6180.0215	-1
6187.7280	1
6195.4346	1
6203.1421	-1
6210.8496	-1
6218.5571	-1
6226.2651	-1
6233.9834	1
6241.7026	-1
6249.4224	1
6257.1421	1
6264.8623	-1
6272.5825	-1
6280.3027	-1
6288.0234	-1
6295.7539	1
6303.4854	-1
6311.2173	1
6318.9492	1
6326.6821	-1
6334.4150	-1
6342.1479	-1
6349.8911	1
6357.6357	-1
6365.3804	1
6373.1255	1
6380.8711	-1
6388.6167	-1
6396.3623	-1
6404.1079	-1
6411.8535	-1
6419.5991	-1
6427.3447	-1
6435.0903	-1
6442.8359	-1
6450.5815	-1
6458.3271	-1
6466.0728	-1
6473.8188	1
6481.5649	1
6489.3115	-1
6497.0581	-1
6504.8047	-1
6512.5513	-1
6520.2979	-1
6528.0444	-1
6535.7910	-1
6543.5479	1
6551.3062	-1
6559.0645	1
6566.8232	1
6574.5825	-1
6582.3418	-1
6590.1113	1
6597.8823	-1
6605.6533	1
6613.4248	1
6621.1968	-1
6628.9688	-1
6636.7412	-1
6644.5234	1
6652.3071	-1
6660.0908	1
6667.8745	1
6675.6597	-1
6683.4448	-1
6691.2300	-1
6699.0151	-1
6706.8003	-1
6714.5854	-1
6722.3706	-1
6730.1558	-1
6737.9409	-1
6745.7368	1
6753.5347	-1
6761.3325	1
6769.1304	1
6776.9297	-1
6784.7290	-1
6792.5283	-1
6800.3276	-1
6808.1270	-1
6815.9263	-1
6823.7256	-1
6831.5249	-1
6839.3242	-1
6847.1235	-1
6854.9229	-1
6862.7222	-1
6870.5220	1
6878.3218	1
6886.1216	1
6893.9214	1
6901.7222	-1
6909.5229	-1
6917.3237	-1
6925.1245	-1
6932.9253	-1
6940.7261	-1
6948.5273	1
6956.3291	1
6964.1309	-1
6971.9326	-1
6979.7344	-1
6987.5361	-1
6995.3379	-1
7003.1396	-1
7010.9419	-1
7018.7441	-1
7026.5464	-1
7034.3486	-1
7042.1509	-1
7049.9531	-1
7057.7554	-1
7065.5576	-1
7073.3599	-1
7081.1621	-1
7088.9644	-1
7096.7666	-1
7104.5693	1
7112.3721	1
7120.1753	1
7127.9790	-1
7135.7827	-1
7143.5864	-1
7151.3901	-1
7159.1938	-1
7166.9976	-1
7174.8013	-1
7182.6050	-1
7190.4087	-1
7198.2124	-1
7206.0161	-1
7213.8198	-1
7221.6245	-1
7229.4292	-1
7237.2339	-1
7245.0386	-1
7252.8433	-1
7260.6479	-1
7268.4531	-1
7276.2583	-1
7284.0635	-1
7291.8687	-1
7299.6738	-1
7307.4790	-1
7315.2847	-1
7323.0903	-1
7330.8960	-1
7338.7017	-1
7346.5073	-1
7354.3130	-1
7362.1304	1
7369.9492	-1
7377.7681	1
7385.5869	1
7393.4072	-1
7401.2275	-1
7409.0479	-1
7416.8682	-1
7424.6885	-1
7432.5088	-1
7440.3291	-1
7448.1494	-1
7455.9697	-1
7463.7900	-1
7471.6104	-1
7479.4307	-1
7487.2515	1
7495.0723	1
7502.8931	1
7510.7139	1
7518.5361	-1
7526.3584	-1
7534.1807	-1
7542.0029	-1
7549.8252	-1
7557.6475	-1
7565.4702	1
7573.2930	1
7581.1157	-1
7588.9385	-1
7596.7612	-1
7604.5840	-1
7612.4067	-1
7620.2295	-1
7628.0522	-1
7635.8750	-1
7643.6978	-1
7651.5205	-1
7659.3433	-1
7667.1660	-1
7674.9893	-1
7682.8125	-1
7690.6357	-1
7698.4590	-1
7706.2822	-1
7714.1055	-1
7721.9297	-1
7729.7539	-1
7737.5781	-1
7745.4023	-1
7753.2266	-1
7761.0508	-1
7768.8755	-1
7776.7002	-1
7784.5356	1
7792.3726	-1
7800.2095	1
7808.0469	1
7815.8848	-1
7823.7227	-1
7831.5605	-1
7839.3984	-1
7847.2363	-1
7855.0742	-1
7862.9121	-1
7870.7500	-1
7878.5879	-1
7886.4258	-1
7894.2637	-1
7902.1016	-1
7909.9395	1
7917.7778	1
7925.6162	1
7933.4546	1
7941.2935	-1
7949.1323	-1
7956.9712	-1
7964.8101	-1
7972.6489	-1
7980.4878	-1
7988.3267	-1
7996.1655	-1
8004.0044	-1
8011.8433	-1
8019.6821	-1
8027.5210	-1
8035.3599	-1
8043.1987	-1
8051.0376	-1
8058.8765	-1
8066.7153	-1
8074.5542	-1
8082.3936	-1
8090.2329	-1
8098.0723	-1
8105.9116	-1
8113.7510	-1
8121.5903	-1
8129.4297	1
8137.2690	1
8145.1084	1
8152.9478	1
8160.7876	1
8168.6274	1
8176.4673	1
8184.3071	1
8192.1475	-1
8199.9883	-1
8207.8291	-1
8215.6699	-1
8223.5107	-1
8231.3516	-1
8239.1924	-1
8247.0332	-1
8254.8740	-1
8262.7148	-1
8270.5557	-1
8278.3965	-1
8286.2373	-1
8294.0781	-1
8301.9189	-1
8309.7598	-1
8317.6006	-1
8325.4414	-1
8333.2822	-1
8341.1230	-1
8348.9639	-1
8356.8047	-1
8364.6455	-1
8372.4863	-1
8380.3271	-1
8388.1680	-1
8396.0088	-1
8403.8496	-1
8411.6904	-1
8419.5312	-1
8427.3721	-1
8435.2129	-1
8443.0537	-1
8450.8945	-1
8458.7354	-1
8466.5762	-1
8474.4180	-1
8482.2598	-1
8490.1016	-1
8497.9434	-1
8505.7852	-1
8513.6270	-1
8521.4688	-1
8529.3105	-1
8537.1523	-1
8544.9941	-1
8552.8359	-1
8560.6777	-1
8568.5195	1
8576.3623	-1
8584.2051	-1
8592.0479	-1
8599.8906	-1
8607.7334	-1
8615.5869	1
8623.4414	-1
8631.2969	1
8639.1523	1
8647.0078	-1
8654.8633	-1
8662.7188	-1
8670.5742	-1
8678.4297	-1
8686.2852	-1
8694.1406	-1
8701.9961	-1
8709.8516	-1
8717.7070	-1
8725.5625	-1
8733.4180	-1
8741.2744	1
8749.1309	1
8756.9873	1
8764.8438	1
8772.7002	-1
8780.5566	-1
8788.4131	-1
8796.2695	-1
8804.1260	-1
8811.9824	-1
8819.8398	-1
8827.6973	-1
8835.5547	-1
8843.4121	-1
8851.2695	-1
8859.1270	-1
8866.9844	-1
8874.8418	-1
8882.6992	-1
8890.5566	-1
8898.4141	-1
8906.2715	-1
8914.1289	1
8921.9863	1
8929.8438	1
8937.7012	1
8945.5586	1
8953.4160	1
8961.2734	-1
8969.1309	-1
8976.9883	-1
8984.8457	-1
8992.7031	-1
9000.5605	-1
9008.4189	1
9016.2773	1
9024.1357	-1
9031.9941	-1
9039.8525	-1
9047.7109	-1
9055.5693	-1
9063.4277	-1
9071.2861	1
9079.1445	1
9087.0029	-1
9094.8613	-1
9102.7197	-1
9110.5781	-1
9118.4365	-1
9126.2949	-1
9134.1553	-1
9142.0156	-1
9149.8760	-1
9157.7363	-1
9165.5967	-1
9173.4570	-1
9181.3174	-1
9189.1777	-1
9197.0381	-1
9204.8984	-1
9212.7588	-1
9220.6191	-1
9228.4795	-1
9236.3398	-1
9244.2002	-1
9252.0605	-1
9259.9209	-1
9267.7812	-1
9275.6416	-1
9283.5020	-1
9291.3623	-1
9299.2227	-1
9307.0830	-1
9314.9434	-1
9322.8037	-1
9330.6641	-1
9338.5244	-1
9346.3848	-1
9354.2451	-1
9362.1055	-1
9369.9658	-1
9377.8262	-1
9385.6865	-1
9393.5469	-1
9401.4072	-1
9409.2676	-1
9417.1279	-1
9424.9883	-1
9432.8486	-1
9440.7090	-1
9448.5693	-1
9456.4297	-1
9464.2910	-1
9472.1523	-1
9480.0234	1
9487.8965	-1
9495.7695	1
9503.6426	1
9511.5166	-1
9519.3906	-1
9527.2646	-1
9535.1387	-1
9543.0127	-1
9550.8867	-1
9558.7607	-1
9566.6348	-1
9574.5088	-1
9582.3828	-1
9590.2568	-1
9598.1309	-1
9606.0049	1
9613.8799	-1
9621.7549	-1
9629.6299	-1
9637.5049	-1
9645.3906	1
9653.2773	-1
9661.1650	1
9669.0527	1
9676.9414	-1
9684.8301	-1
9692.7188	-1
9700.6074	-1
9708.4961	-1
9716.3848	-1
9724.2734	-1
9732.1621	-1
9740.0508	-1
9747.9395	-1
9755.8281	-1
9763.7168	-1
9771.6055	1
9779.4941	1
9787.3838	-1
9795.2734	-1
9803.1631	-1
9811.0527	-1
9818.9424	-1
9826.8320	-1
9834.7217	-1
9842.6113	-1
9850.5117	1
9858.4131	-1
9866.3154	1
9874.2178	1
9882.1211	-1
9890.0244	-1
9897.9277	-1
9905.8311	-1
9913.7344	-1
9921.6377	-1
9929.5410	-1
9937.4443	-1
9945.3477	-1
9953.2510	-1
9961.1543	-1
9969.0576	-1
9976.9609	1
9984.8643	1
9992.7676	1
10000.6709	1
10008.5762	-1
10016.4814	-1
10024.3867	-1
10032.2920	-1
10040.1973	-1
10048.1025	-1
10056.0078	1
10063.9131	1
10071.8184	-1
10079.7236	-1
10087.6289	-1
10095.5342	-1
10103.4395	-1
10111.3447	-1
10119.2510	-1
10127.1572	-1
10135.0635	-1
10142.9697	-1
10150.8760	-1
10158.7822	-1
10166.6885	-1
10174.5947	-1
10182.5010	-1
10190.4072	-1
10198.3135	-1
10206.2197	-1
10214.1260	1
10222.0322	1
10229.9385	1
10237.8447	1
10245.7520	1
10253.6592	1
10261.5674	-1
10269.4756	-1
10277.3838	-1
10285.2920	-1
10293.2002	-1
10301.1084	-1
10309.0166	1
10316.9248	1
10324.8340	-1
10332.7432	-1
10340.6523	-1
10348.5615	-1
10356.4707	-1
10364.3799	-1
10372.2900	1
10380.2002	1
10388.1104	-1
10396.0205	-1
10403.9307	-1
10411.8408	-1
10419.7510	-1
10427.6611	-1
10435.5723	1
10443.4834	1
10451.3945	-1
10459.3057	-1
10467.2168	-1
10475.1279	-1
10483.0391	-1
10490.9502	-1
10498.8613	-1
10506.7725	-1
10514.6836	-1
10522.5947	-1
10530.5059	-1
10538.4170	-1
10546.3291	-1
10554.2412	-1
10562.1533	-1
10570.0654	-1
10577.9775	-1
10585.8896	-1
10593.8018	-1
10601.7139	-1
10609.6260	-1
10617.5381	-1
10625.4502	-1
10633.3623	-1
10641.2744	-1
10649.1865	-1
10657.0986	-1
10665.0107	-1
10672.9229	-1
10680.8350	-1
10688.7471	-1
10696.6592	-1
10704.5713	-1
10712.4834	-1
10720.3955	-1
10728.3076	-1
10736.2197	-1
10744.1318	-1
10752.0439	-1
10759.9561	-1
10767.8682	-1
10775.7803	-1
10783.6934	1
10791.6064	1
10799.5195	1
10807.4326	1
10815.3457	1
10823.2588	1
10831.1719	1
10839.0850	1
10846.9980	1
10854.9111	1
10862.8242	1
10870.7383	-1
10878.6523	-1
10886.5664	-1
10894.4805	-1
10902.3945	-1
10910.3086	-1
10918.2227	-1
10926.1367	-1
10934.0508	-1
10941.9648	-1
10949.8789	-1
10957.7930	-1
10965.7070	-1
10973.6211	-1
10981.5352	-1
10989.4492	-1
10997.3633	-1
11005.2773	-1
11013.1943	-1
11021.1113	-1
11029.0283	-1
11036.9453	-1
11044.8623	-1
11052.7793	-1
11060.6963	-1
11068.6133	-1
11076.5303	-1
11084.4473	-1
11092.3643	-1
11100.2812	-1
11108.1982	-1
11116.1152	-1
11124.0322	-1
11131.9492	-1
11139.8662	-1
11147.7832	-1
11155.7021	-1
11163.6211	-1
11171.5400	-1
11179.4590	-1
11187.3779	-1
11195.2969	-1
11203.2158	-1
11211.1348	-1
11219.0537	-1
11226.9727	-1
11234.8916	-1
11242.8105	-1
11250.7295	-1
11258.6484	-1
11266.5674	-1
11274.4863	-1
11282.4053	-1
11290.3242	-1
11298.2441	-1
11306.1641	-1
11314.0840	-1
11322.0039	-1
11329.9238	-1
11337.8438	-1
11345.7637	-1
11353.6836	-1
11361.6035	-1
11369.5234	-1
11377.4434	-1
11385.3633	-1
11393.2832	-1
11401.2031	-1
11409.1230	-1
11417.0430	-1
11424.9629	-1
11432.8828	-1
11440.8027	-1
11448.7227	-1
11456.6426	-1
11464.5625	-1
11472.4824	-1
11480.4023	-1
11488.3223	-1
11496.2422	-1
11504.1621	-1
11512.0820	-1
11520.0020	-1
11527.9219	-1
11535.8418	-1
11543.7617	-1
11551.6816	-1
11559.6016	-1
11567.5215	-1
11575.4414	-1
11583.3730	1
11591.3057	-1
11599.2393	1
11607.1729	1
11615.1064	-1
11623.0400	-1
11630.9736	-1
11638.9072	-1
11646.8408	-1
11654.7744	-1
11662.7080	-1
11670.6416	-1
11678.5752	-1
11686.5088	-1
11694.4424	-1
11702.3760	-1
11710.3105	1
11718.2451	1
11726.1797	1
11734.1143	1
11742.0488	-1
11749.9834	-1
11757.9180	-1
11765.8535	-1
11773.7891	-1
11781.7246	-1
11789.6602	-1
11797.5957	-1
11805.5312	-1
11813.4668	-1
11821.4023	-1
11829.3379	-1
11837.2734	-1
11845.2090	-1
11853.1445	-1
11861.0801	-1
11869.0156	-1
11876.9512	-1
11884.8867	1
11892.8223	1
11900.7578	-1
11908.6934	-1
11916.6289	-1
11924.5645	-1
11932.5000	-1
11940.4355	-1
11948.3711	1
11956.3066	1
11964.2432	1
11972.1797	1
11980.1162	1
11988.0527	1
11995.9893	-1
12003.9258	-1
12011.8623	-1
12019.7988	-1
12027.7354	-1
12035.6719	-1
12043.6084	1
12051.5459	1
12059.4844	-1
12067.4229	-1
12075.3613	-1
12083.2998	-1
12091.2383	-1
12099.1768	-1
12107.1152	-1
12115.0537	-1
12122.9922	-1
12130.9307	-1
12138.8691	-1
12146.8076	-1
12154.7461	-1
12162.6846	-1
12170.6230	-1
12178.5615	-1
12186.5000	-1
12194.4385	-1
12202.3770	-1
12210.3154	-1
12218.2539	-1
12226.1924	-1
12234.1309	-1
12242.0693	-1
12250.0078	-1
12257.9463	-1
12265.8848	-1
12273.8232	-1
12281.7617	-1
12289.7002	-1
12297.6387	-1
12305.5771	-1
12313.5156	-1
12321.4541	-1
12329.3926	-1
12337.3311	-1
12345.2695	-1
12353.2080	-1
12361.1465	-1
12369.0859	-1
12377.0254	-1
12384.9648	-1
12392.9043	-1
12400.8438	-1
12408.7832	-1
12416.7227	-1
12424.6621	-1
12432.6016	-1
12440.5410	-1
12448.4805	-1
12456.4199	-1
12464.3701	1
12472.3213	-1
12480.2734	1
12488.2256	1
12496.1787	-1
12504.1318	-1
12512.0850	-1
12520.0381	-1
12527.9912	-1
12535.9443	-1
12543.8975	-1
12551.8506	-1
12559.8145	1
12567.7793	-1
12575.7451	1
12583.7109	1
12591.6777	-1
12599.6445	-1
12607.6113	-1
12615.5781	-1
12623.5449	-1
12631.5117	-1
12639.4785	-1
12647.4453	-1
12655.4121	-1
12663.3789	-1
12671.3457	-1
12679.3125	-1
12687.2793	1
12695.2461	1
12703.2129	1
12711.1797	1
12719.1484	-1
12727.1172	-1
12735.0859	-1
12743.0547	-1
12751.0234	-1
12758.9922	-1
12766.9609	1
12774.9297	1
12782.8984	-1
12790.8672	-1
12798.8359	-1
12806.8047	-1
12814.7734	-1
12822.7422	-1
12830.7119	1
12838.6816	1
12846.6514	-1
12854.6211	-1
12862.5908	-1
12870.5605	-1
12878.5303	-1
12886.5000	-1
12894.4697	-1
12902.4395	-1
12910.4092	-1
12918.3789	-1
12926.3486	-1
12934.3184	-1
12942.2891	1
12950.2598	1
12958.2305	1
12966.2012	1
12974.1729	-1
12982.1445	-1
12990.1162	-1
12998.0879	-1
13006.0596	-1
13014.0312	-1
13022.0029	-1
13029.9746	-1
13037.9463	-1
13045.9180	-1
13053.8896	-1
13061.8613	-1
13069.8340	1
13077.8066	1
13085.7793	1
13093.7520	1
13101.7246	-1
13109.6973	-1
13117.6699	-1
13125.6426	-1
13133.6152	-1
13141.5879	-1
13149.5615	-1
13157.5352	-1
13165.5088	-1
13173.4824	-1
13181.4561	-1
13189.4297	-1
13197.4033	1
13205.3770	1
13213.3506	1
13221.3242	1
13229.2988	-1
13237.2734	-1
13245.2480	-1
13253.2227	-1
13261.1973	-1
13269.1719	-1
13277.1465	1
13285.1221	-1
13293.0977	-1
13301.0732	-1
13309.0488	-1
13317.0244	-1
13325.0000	-1
13332.9756	-1
13340.9512	-1
13348.9268	-1
13356.9023	-1
13364.8779	-1
13372.8535	-1
13380.8311	-1
13388.8086	-1
13396.7861	-1
13404.7637	-1
13412.7412	-1
13420.7188	-1
13428.6963	-1
13436.6738	-1
13444.6514	-1
13452.6289	-1
13460.6064	-1
13468.5840	-1
13476.5615	-1
13484.5391	-1
13492.5176	-1
13500.4961	-1
13508.4746	-1
13516.4531	-1
13524.4316	-1
13532.4102	-1
13540.3887	-1
13548.3672	-1
13556.3457	-1
13564.3242	-1
13572.3037	-1
13580.2832	-1
13588.2627	-1
13596.2422	-1
13604.2217	-1
13612.2012	-1
13620.1807	-1
13628.1602	-1
13636.1396	-1
13644.1191	-1
13652.0986	-1
13660.0781	-1
13668.0576	-1
13676.0371	-1
13684.0166	-1
13691.9961	-1
13699.9756	-1
13707.9551	-1
13715.9346	-1
13723.9141	-1
13731.8936	-1
13739.8730	-1
13747.8525	-1
13755.8320	-1
13763.8115	-1
13771.7910	-1
13779.7705	-1
13787.7500	-1
13795.7295	-1
13803.7090	-1
13811.6895	-1
13819.6699	-1
13827.6504	-1
13835.6406	1
13843.6328	-1
13851.6250	1
13859.6172	1
13867.6104	-1
13875.6035	-1
13883.5967	-1
13891.5898	-1
13899.5830	-1
13907.5762	-1
13915.5693	-1
13923.5625	-1
13931.5557	-1
13939.5488	-1
13947.5420	-1
13955.5352	-1
13963.5283	1
13971.5215	1
13979.5156	-1
13987.5098	-1
13995.5039	-1
14003.4980	-1
14011.4922	-1
14019.4863	-1
14027.4805	-1
14035.4746	-1
14043.4795	1
14051.4854	-1
14059.4912	1
14067.4971	1
14075.5049	-1
14083.5127	-1
14091.5205	-1
14099.5283	-1
14107.5361	-1
14115.5439	-1
14123.5518	-1
14131.5596	-1
14139.5674	-1
14147.5752	-1
14155.5830	-1
14163.5908	-1
14171.5986	1
14179.6064	1
14187.6152	-1
14195.6240	-1
14203.6328	-1
14211.6416	-1
14219.6504	-1
14227.6592	-1
14235.6680	-1
14243.6768	-1
14251.6855	-1
14259.7051	1
14267.7256	-1
14275.7471	1
14283.7686	1
14291.7910	-1
14299.8135	-1
14307.8359	-1
14315.8584	-1
14323.8809	-1
14331.9033	-1
14339.9258	-1
14347.9482	-1
14355.9707	-1
14363.9932	-1
14372.0156	-1
14380.0381	-1
14388.0605	1
14396.0830	1
14404.1055	1
14412.1279	1
14420.1523	-1
14428.1768	-1
14436.2012	-1
14444.2256	-1
14452.2500	-1
14460.2744	-1
14468.2988	-1
14476.3232	-1
14484.3477	-1
14492.3721	-1
14500.3965	-1
14508.4209	-1
14516.4463	-1
14524.4717	-1
14532.4971	-1
14540.5225	-1
14548.5479	-1
14556.5732	-1
14564.5986	-1
14572.6240	-1
14580.6494	-1
14588.6748	-1
14596.7002	-1
14604.7256	-1
14612.7510	1
14620.7764	1
14628.8018	1
14636.8271	1
14644.8525	1
14652.8779	1
14660.9033	1
14668.9287	1
14676.9561	-1
14684.9834	-1
14693.0107	-1
14701.0381	-1
14709.0654	-1
14717.0928	-1
14725.1211	-1
14733.1494	-1
14741.1777	-1
14749.2061	-1
14757.2344	-1
14765.2627	-1
14773.2910	1
14781.3193	1
14789.3477	1
14797.3760	1
14805.4053	-1
14813.4346	-1
14821.4639	-1
14829.4932	-1
14837.5225	-1
14845.5518	-1
14853.5811	-1
14861.6104	-1
14869.6396	-1
14877.6689	-1
14885.6982	-1
14893.7275	-1
14901.7568	-1
14909.7861	-1
14917.8154	-1
14925.8447	-1
14933.8740	-1
14941.9033	-1
14949.9326	-1
14957.9619	-1
14965.9912	-1
14974.0205	-1
14982.0498	-1
14990.0791	-1
14998.1094	-1
15006.1396	-1
15014.1699	-1
15022.2002	-1
15030.2305	-1
15038.2607	-1
15046.2910	-1
15054.3213	-1
15062.3516	-1
15070.3818	-1
15078.4121	-1
15086.4424	-1
15094.4727	1
15102.5029	1
15110.5352	1
15118.5674	1
15126.5996	1
15134.6318	-1
15142.6641	-1
15150.6963	-1
15158.7285	-1
15166.7607	-1
15174.7930	-1
15182.8252	1
15190.8574	1
15198.8896	1
15206.9219	1
15214.9541	1
15222.9863	1
15231.0186	1
15239.0508	1
15247.0830	1
15255.1162	-1
15263.1494	-1
15271.1826	-1
15279.2158	-1
15287.2490	-1
15295.2822	-1
15303.3154	1
15311.3486	1
15319.3828	-1
15327.4170	-1
15335.4512	-1
15343.4854	-1
15351.5195	-1
15359.5537	-1
15367.5879	-1
15375.6221	-1
15383.6562	-1
15391.6904	-1
15399.7246	-1
15407.7588	-1
15415.7930	1
15423.8271	1
15431.8623	1
15439.9023	-1
15447.9424	-1
15455.9824	-1
15464.0225	-1
15472.0625	-1
15480.1025	-1
15488.1426	-1
15496.1826	-1
15504.2227	-1
15512.2627	-1
15520.3027	-1
15528.3428	-1
15536.3828	-1
15544.4229	-1
15552.4629	-1
15560.5029	-1
15568.5430	-1
15576.5830	-1
15584.6230	-1
15592.6631	-1
15600.7031	-1
15608.7432	-1
15616.7832	-1
15624.8232	-1
15632.8633	-1
15640.9033	-1
15648.9434	-1
15656.9834	-1
15665.0234	-1
15673.0635	-1
15681.1035	-1
15689.1436	-1
15697.1836	-1
15705.2236	-1
15713.2637	-1
15721.3037	-1
15729.3438	-1
15737.3838	-1
15745.4238	-1
15753.4639	-1
15761.5039	-1
15769.5439	-1
15777.5840	-1
15785.6240	-1
15793.6641	-1
15801.7041	-1
15809.7441	-1
15817.7842	-1
15825.8242	-1
15833.8643	-1
15841.9043	-1
15849.9443	-1
15857.9844	-1
15866.0244	-1
15874.0654	-1
15882.1064	-1
15890.1475	-1
15898.1885	-1
15906.2295	-1
15914.2705	-1
15922.3115	-1
15930.3525	-1
15938.3936	-1
15946.4346	-1
15954.4756	-1
15962.5166	-1
15970.5576	-1
15978.5986	-1
15986.6396	-1
15994.6807	-1
16002.7217	-1
16010.7627	-1
16018.8037	-1
16026.8447	-1
16034.8857	-1
16042.9268	-1
16050.9678	-1
16059.0088	-1
16067.0498	-1
16075.0908	-1
16083.1318	-1
16091.1729	-1
16099.2139	-1
16107.2549	-1
16115.2959	-1
16123.3369	-1
16131.3779	-1
16139.4189	-1
16147.4600	-1
16155.5010	-1
16163.5420	-1
16171.5830	-1
16179.6240	-1
16187.6650	-1
16195.7061	-1
16203.7471	-1
16211.7881	-1
16219.8291	-1
16227.8701	-1
16235.9111	-1
16243.9521	-1
16251.9932	-1
16260.0342	-1
16268.0752	-1
16276.1162	-1
16284.1572	-1
16292.1982	-1
16300.2393	-1
16308.2803	-1
16316.5234	1
16324.7666	1
16333.0098	1
16341.2529	-1
16349.4971	-1
16357.7412	-1
16365.9854	-1
16374.2295	-1
16382.4736	-1
16390.7168	-1
16398.9609	-1
16407.2051	-1
16415.4492	-1
16423.6934	-1
16431.9375	-1
16440.1816	-1
16448.4375	1
16456.6953	-1
16464.9531	1
16473.2109	1
16481.4707	-1
16489.7305	-1
16497.9902	-1
16506.2500	-1
16514.5098	-1
16522.7695	-1
16531.0293	-1
16539.2891	-1
16547.5488	-1
16555.8086	-1
16564.0684	-1
16572.3281	-1
16580.5996	1
16588.8711	-1
16597.1426	1
16605.4160	1
16613.6895	-1
16621.9629	-1
16630.2363	-1
16638.5098	-1
16646.7832	-1
16655.0566	-1
16663.3301	-1
16671.6035	-1
16679.8770	-1
16688.1504	-1
16696.4238	-1
16704.6973	-1
16712.9707	1
16721.2441	1
16729.5176	1
16737.7910	1
16746.0664	-1
16754.3418	-1
16762.6172	-1
16770.8926	-1
16779.1680	-1
16787.4434	-1
16795.7188	-1
16803.9941	-1
16812.2695	-1
16820.5449	-1
16828.8203	-1
16837.0957	-1
16845.3711	-1
16853.6465	-1
16861.9219	-1
16870.1973	-1
16878.4727	-1
16886.7480	-1
16895.0254	-1
16903.3027	-1
16911.5801	-1
16919.8574	-1
16928.1348	-1
16936.4121	-1
16944.6895	1
16952.9668	1
16961.2441	1
16969.5215	1
16977.7988	1
16986.0762	1
16994.3535	1
17002.6309	1
17010.9102	-1
17019.1895	-1
17027.4688	-1
17035.7480	-1
17044.0273	-1
17052.3066	-1
17060.5859	-1
17068.8652	-1
17077.1445	-1
17085.4238	-1
17093.7031	-1
17101.9824	-1
17110.2617	-1
17118.5410	-1
17126.8203	-1
17135.0996	-1
17143.3789	-1
17151.6582	-1
17159.9395	1
17168.2207	1
17176.5020	1
17184.7832	1
17193.0645	1
17201.3457	1
17209.6270	-1
17217.9082	-1
17226.1895	-1
17234.4707	-1
17242.7520	-1
17251.0332	-1
17259.3145	-1
17267.5957	-1
17275.8770	-1
17284.1582	-1
17292.4395	-1
17300.7207	-1
17309.0020	1
17317.2832	1
17325.5645	-1
17333.8457	-1
17342.1270	-1
17350.4082	-1
17358.6895	-1
17366.9707	-1
17375.2520	-1
17383.5332	-1
17391.8145	-1
17400.0957	-1
17408.3770	-1
17416.6582	-1
17424.9395	-1
17433.2207	-1
17441.5020	-1
17449.7832	-1
17458.0645	-1
17466.3457	-1
17474.6270	1
17482.9082	1
17491.1895	1
17499.4707	1
17507.7520	1
17516.0332	1
17524.3145	1
17532.5957	1
17540.8809	-1
17549.1660	-1
17557.4512	-1
17565.7363	-1
17574.0215	-1
17582.3066	-1
17590.5918	-1
17598.8770	-1
17607.1621	-1
17615.4473	-1
17623.7324	-1
17632.0176	-1
17640.3027	-1
17648.5879	-1
17656.8730	-1
17665.1582	-1
17673.4434	-1
17681.7285	-1
17690.0137	-1
17698.2988	-1
17706.5840	-1
17714.8691	-1
17723.1543	-1
17731.4395	-1
17739.7266	1
17748.0137	1
17756.3008	1
17764.5879	1
17772.8750	1
17781.1621	1
17789.4492	1
17797.7363	1
17806.0234	-1
17814.3105	-1
17822.5977	-1
17830.8848	-1
17839.1719	-1
17847.4590	-1
17855.7480	-1
17864.0371	-1
17872.3262	-1
17880.6152	-1
17888.9043	-1
17897.1934	-1
17905.4824	-1
17913.7715	-1
17922.0605	-1
17930.3496	-1
17938.6387	-1
17946.9277	-1
17955.2168	-1
17963.5059	-1
17971.7949	-1
17980.0840	-1
17988.3730	-1
17996.6621	-1
18004.9512	-1
18013.2402	-1
18021.5293	-1
18029.8184	-1
18038.1074	-1
18046.3965	-1
18054.6855	-1
18062.9746	-1
18071.2637	-1
18079.5527	-1
18087.8418	-1
18096.1309	-1
18104.4199	-1
18112.7090	-1
18120.9980	-1
18129.2871	-1
18137.5762	-1
18145.8652	-1
18154.1543	-1
18162.4434	-1
18170.7324	-1
18179.0215	-1
18187.3105	-1
18195.5996	-1
18203.8887	-1
18212.1777	-1
18220.4668	-1
18228.7559	-1
18237.0449	-1
18245.3340	-1
18253.6230	-1
18261.9121	-1
18270.2012	-1
18278.4902	-1
18286.7793	-1
18295.0684	-1
18303.3574	1
18311.6465	1
18319.9375	1
18328.2285	1
18336.5195	1
18344.8105	1
18353.1035	1
18361.3965	1
18369.6895	1
18377.9824	1
18386.2754	1
18394.5684	-1
18402.8613	-1
18411.1543	-1
18419.4473	-1
18427.7402	-1
18436.0332	-1
18444.3262	-1
18452.6191	-1
18460.9121	-1
18469.2051	-1
18477.4980	-1
18485.7910	-1
18494.0840	-1
18502.3770	-1
18510.6699	-1
18518.9629	-1
18527.2559	-1
18535.5488	-1
18543.8418	-1
18552.1348	-1
18560.4277	-1
18568.7207	-1
18577.0137	-1
18585.3066	-1
18593.5996	1
18601.8926	1
18610.1855	1
18618.4785	1
18626.7715	1
18635.0645	1
18643.3574	1
18651.6504	1
18659.9434	1
18668.2383	-1
18676.5332	-1
18684.8281	-1
18693.1230	-1
18701.4180	-1
18709.7129	-1
18718.0078	1
18726.3027	-1
18734.5977	-1
18742.8926	-1
18751.1875	-1
18759.4824	-1
18767.7773	-1
18776.0742	-1
18784.3711	-1
18792.6680	-1
18800.9648	-1
18809.2617	-1
18817.5586	-1
18825.8555	-1
18834.1523	-1
18842.4492	-1
18850.7461	-1
18859.0430	-1
18867.3398	-1
18875.6367	-1
18883.9336	-1
18892.2305	-1
18900.5273	-1
18908.8242	-1
18917.1211	-1
18925.4180	-1
18933.7148	-1
18942.0117	-1
18950.3086	-1
18958.6055	-1
18966.9023	-1
18975.2012	-1
18983.5000	-1
18991.7988	-1
19000.0977	-1
19008.3965	-1
19016.6953	-1
19024.9941	-1
19033.2930	-1
19041.5918	-1
19049.8906	-1
19058.1895	-1
19066.4883	-1
19074.7891	-1
19083.0898	-1
19091.3906	-1
19099.6914	-1
19107.9922	-1
19116.2930	-1
19124.5938	-1
19132.8945	-1
19141.1953	-1
19149.4961	-1
19157.7969	-1
19166.0977	-1
19174.4023	-1
19182.7070	-1
19191.0117	-1
19199.3164	-1
19207.6211	-1
19215.9258	-1
19224.2305	-1
19232.5352	-1
19240.8398	-1
19249.1445	-1
19257.4492	-1
19265.7539	-1
19274.0586	-1
19282.3633	-1
19290.6680	-1
19298.9727	-1
19307.2773	-1
19315.5820	-1
19323.8867	-1
19332.1914	-1
19340.4961	-1
19348.8008	-1
19357.1055	-1
19365.4102	-1
19373.7148	-1
19382.0195	-1
19390.3242	-1
19398.6289	-1
19406.9336	-1
19415.2383	-1
19423.5430	-1
19431.8477	-1
19440.1523	-1
19448.4570	-1
19456.7617	-1
19465.0664	-1
19473.3711	-1
19481.6758	-1
19489.9805	-1
19498.2852	-1
19506.5898	-1
19514.8945	-1
19523.1992	-1
19531.5039	-1
19539.8086	-1
19548.1133	-1
19556.4180	-1
19564.7227	-1
19573.0273	-1
19581.3320	-1
19589.6367	-1
19597.9414	-1
19606.2461	-1
19614.5508	-1
19622.8555	-1
19631.1602	-1
19639.4648	-1
19647.7695	-1
19656.0742	-1
19664.3789	-1
19672.6836	-1
19680.9883	-1
19689.2930	-1
19697.5977	-1
19705.9023	-1
19714.2070	-1
19722.5117	-1
19730.8164	-1
19739.1211	-1
19747.4258	-1
19755.7305	-1
19764.0352	-1
19772.3398	-1
19780.6445	-1
19788.9492	-1
19797.2539	-1
19805.5586	-1
19813.8633	-1
19822.1699	-1
19830.4766	-1
19838.7832	-1
19847.0898	-1
19855.3965	-1
19863.7031	-1
19872.0098	-1
19880.3164	-1
19888.6230	-1
19896.9297	-1
19905.2363	-1
19913.5430	-1
19921.8496	-1
19930.1562	-1
19938.4629	-1
19946.7695	-1
19955.0762	-1
19963.3828	-1
19971.8789	1
19980.3750	-1
19988.8711	-1
19997.3672	-1
20005.8633	-1
20014.3711	1
20022.8809	-1
20031.3906	1
20039.9004	1
20048.4121	-1
20056.9238	-1
20065.4355	-1
20073.9473	-1
20082.4590	-1
20090.9707	-1
20099.4824	-1
20107.9941	-1
20116.5059	-1
20125.0176	-1
20133.5293	-1
20142.0410	-1
20150.5527	1
20159.0645	1
20167.5762	1
20176.0879	1
20184.6016	-1
20193.1152	-1
20201.6289	-1
20210.1426	-1
20218.6562	-1
20227.1699	-1
20235.6836	-1
20244.1973	-1
20252.7109	-1
20261.2246	-1
20269.7383	-1
20278.2520	-1
20286.7656	-1
20295.2793	-1
20303.7930	-1
20312.3066	-1
20320.8203	-1
20329.3340	-1
20337.8477	-1
20346.3613	-1
20354.8750	-1
20363.3887	-1
20371.9023	-1
20380.4160	-1
20388.9297	1
20397.4453	-1
20405.9609	-1
20414.4766	-1
20422.9922	-1
20431.5195	1
20440.0469	-1
20448.5762	1
20457.1055	1
20465.6348	-1
20474.1641	-1
20482.6934	-1
20491.2344	1
20499.7754	-1
20508.3164	1
20516.8574	1
20525.4004	-1
20533.9434	-1
20542.4980	1
20551.0527	-1
20559.6074	1
20568.1621	1
20576.7188	-1
20585.2754	-1
20593.8320	-1
20602.3887	-1
20610.9453	-1
20619.5020	-1
20628.0586	-1
20636.6152	-1
20645.1719	-1
20653.7285	-1
20662.2852	-1
20670.8418	-1
20679.3984	1
20687.9551	1
20696.5117	1
20705.0684	1
20713.6250	-1
20722.1816	-1
20730.7383	-1
20739.2949	-1
20747.8516	-1
20756.4082	-1
20764.9668	-1
20773.5254	-1
20782.0840	-1
20790.6426	-1
20799.2012	-1
20807.7598	-1
20816.3184	-1
20824.8770	-1
20833.4355	-1
20841.9941	-1
20850.5527	-1
20859.1113	-1
20867.6699	-1
20876.2285	-1
20884.7969	1
20893.3672	-1
20901.9375	1
20910.5078	1
20919.0801	-1
20927.6523	-1
20936.2246	-1
20944.7969	-1
20953.3691	-1
20961.9414	-1
20970.5137	-1
20979.0859	-1
20987.6582	-1
20996.2402	1
21004.8242	-1
21013.4082	1
21021.9922	1
21030.5762	-1
21039.1602	-1
21047.7461	-1
21056.3418	1
21064.9395	-1
21073.5371	1
21082.1348	1
21090.7324	-1
21099.3301	-1
21107.9395	1
21116.5488	-1
21125.1582	1
21133.7676	1
21142.3789	-1
21150.9902	-1
21159.6113	1
21168.2344	-1
21176.8574	1
21185.4805	1
21194.1035	-1
21202.7285	-1
21211.3633	1
21219.9980	-1
21228.6348	1
21237.2715	1
21245.9082	-1
21254.5449	-1
21263.1934	1
21271.8418	-1
21280.4922	1
21289.1426	1
21297.7930	-1
21306.4434	-1
21315.0938	-1
21323.7441	-1
21332.3945	-1
21341.0449	-1
21349.6953	-1
21358.3457	-1
21366.9961	-1
21375.6465	-1
21384.2969	-1
21392.9473	-1
21401.5977	1
21410.2500	1
21418.9023	1
21427.5547	1
21436.2070	-1
21444.8594	-1
21453.5117	-1
21462.1641	-1
21470.8164	-1
21479.4688	-1
21488.1211	-1
21496.7734	-1
21505.4258	-1
21514.0781	-1
21522.7305	-1
21531.3828	-1
21540.0371	-1
21548.6914	-1
21557.3457	-1
21566.0000	-1
21574.6543	-1
21583.3086	-1
21591.9629	-1
21600.6172	-1
21609.2715	-1
21617.9258	-1
21626.5801	-1
21635.2344	-1
21643.8887	1
21652.5430	1
21661.1973	1
21669.8516	1
21678.5059	1
21687.1602	1
21695.8145	1
21704.4707	-1
21713.1270	-1
21721.7832	-1
21730.4395	-1
21739.0957	-1
21747.7520	-1
21756.4082	-1
21765.0645	-1
21773.7207	-1
21782.3770	-1
21791.0332	-1
21799.6895	-1
21808.3457	-1
21817.0020	-1
21825.6582	-1
21834.3145	-1
21842.9707	-1
21851.6270	-1
21860.2832	-1
21868.9395	-1
21877.5957	-1
21886.2520	-1
21894.9082	-1
21903.5645	-1
21912.2227	-1
21920.8809	-1
21929.5391	-1
21938.1973	-1
21946.8555	-1
21955.5137	-1
21964.1719	-1
21972.8301	-1
21981.4883	-1
21990.1465	-1
21998.8047	-1
22007.4629	-1
22016.1211	-1
22024.7793	-1
22033.4375	-1
22042.1055	1
22050.7754	-1
22059.4453	1
22068.1152	1
22076.7871	-1
22085.4590	-1
22094.1406	1
22102.8242	-1
22111.5098	1
22120.1953	1
22128.8809	-1
22137.5664	-1
22146.2520	-1
22154.9375	-1
22163.6230	-1
22172.3086	-1
22180.9941	-1
22189.6797	-1
22198.3652	-1
22207.0508	-1
22215.7363	-1
22224.4219	-1
22233.1074	1
22241.7930	1
22250.4785	1
22259.1641	1
22267.8516	-1
22276.5391	-1
22285.2266	-1
22293.9141	-1
22302.6016	-1
22311.2891	-1
22319.9766	-1
22328.6641	-1
22337.3516	-1
22346.0391	-1
22354.7266	-1
22363.4141	-1
22372.1016	-1
22380.7891	-1
22389.4766	-1
22398.1641	-1
22406.8516	-1
22415.5391	-1
22424.2266	1
22432.9141	-1
22441.6016	-1
22450.2891	-1
22458.9766	-1
22467.6641	-1
22476.3516	-1
22485.0391	1
22493.7266	-1
22502.4141	-1
22511.1016	-1
22519.7891	-1
22528.4766	-1
22537.1641	-1
22545.8516	-1
22554.5508	1
22563.2520	-1
22571.9531	1
22580.6543	1
22589.3555	-1
22598.0566	-1
22606.7578	-1
22615.4590	-1
22624.1602	-1
22632.8613	-1
22641.5625	-1
22650.2637	-1
22658.9648	-1
22667.6660	-1
22676.3672	-1
22685.0684	-1
22693.7695	1
22702.4707	1
22711.1738	1
22719.8770	1
22728.5801	-1
22737.2832	-1
22745.9863	-1
22754.6895	-1
22763.3926	-1
22772.0957	-1
22780.7988	-1
22789.5020	-1
22798.2051	-1
22806.9082	-1
22815.6113	-1
22824.3145	-1
22833.0176	-1
22841.7207	-1
22850.4238	-1
22859.1270	-1
22867.8301	-1
22876.5332	-1
22885.2363	1
22893.9395	1
22902.6426	1
22911.3457	1
22920.0488	1
22928.7520	1
22937.4551	-1
22946.1582	-1
22954.8613	-1
22963.5645	-1
22972.2676	-1
22980.9707	-1
22989.6758	-1
22998.3809	-1
23007.0859	-1
23015.7910	-1
23024.4961	-1
23033.2012	-1
23041.9062	-1
23050.6113	-1
23059.3164	-1
23068.0215	-1
23076.7266	-1
23085.4316	-1
23094.1367	-1
23102.8418	-1
23111.5469	-1
23120.2520	-1
23128.9570	-1
23137.6621	-1
23146.3672	-1
23155.0723	-1
23163.7773	-1
23172.4824	-1
23181.1875	-1
23189.8926	-1
23198.5977	-1
23207.3027	-1
23216.0078	-1
23224.7129	-1
23233.4180	-1
23242.1230	-1
23250.8281	1
23259.5332	1
23268.2383	-1
23276.9434	-1
23285.6484	-1
23294.3535	-1
23303.0586	-1
23311.7637	-1
23320.4707	-1
23329.1777	-1
23337.8848	-1
23346.5918	-1
23355.2988	-1
23364.0059	-1
23372.7129	1
23381.4199	1
23390.1270	1
23398.8340	1
23407.5410	-1
23416.2480	-1
23424.9551	-1
23433.6621	-1
23442.3691	-1
23451.0762	-1
23459.7832	-1
23468.4902	-1
23477.1973	-1
23485.9043	-1
23494.6113	-1
23503.3184	-1
23512.0254	-1
23520.7324	-1
23529.4395	-1
23538.1465	-1
23546.8535	-1
23555.5605	-1
23564.2676	-1
23572.9746	-1
23581.6816	-1
23590.3887	-1
23599.0957	-1
23607.8027	-1
23616.5117	-1
23625.2305	1
23633.9512	-1
23642.6719	1
23651.3926	1
23660.1152	-1
23668.8379	-1
23677.5703	1
23686.3047	-1
23695.0391	1
23703.7734	1
23712.5098	-1
23721.2461	-1
23729.9922	1
23738.7402	-1
23747.4883	1
23756.2363	1
23764.9844	-1
23773.7324	-1
23782.4922	1
23791.2539	-1
23800.0156	1
23808.7773	1
23817.5391	-1
23826.3008	-1
23835.0742	1
23843.8477	-1
23852.6211	1
23861.3965	1
23870.1719	-1
23878.9473	-1
23887.7324	1
23896.5195	-1
23905.3066	1
23914.0938	1
23922.8828	-1
23931.6719	-1
23940.4609	-1
23949.2598	1
23958.0605	-1
23966.8613	1
23975.6621	1
23984.4629	-1
23993.2637	-1
24002.0645	-1
24010.8770	1
24019.6895	-1
24028.5020	1
24037.3145	1
24046.1289	-1
24054.9434	-1
24063.7676	1
24072.5938	-1
24081.4199	1
24090.2461	1
24099.0723	-1
24107.8984	-1
24116.7246	-1
24125.5625	1
24134.4004	-1
24143.2383	1
24152.0762	1
24160.9160	-1
24169.7559	-1
24178.5957	-1
24187.4453	1
24196.2969	-1
24205.1484	1
24214.0000	1
24222.8516	-1
24231.7031	-1
24240.5645	1
24249.4277	-1
24258.2910	1
24267.1543	1
24276.0176	-1
24284.8828	-1
24293.7559	1
24302.6309	-1
24311.5059	1
24320.3809	1
24329.2578	-1
24338.1348	-1
24347.0117	-1
24355.8887	-1
24364.7656	-1
24373.6426	-1
24382.5195	-1
24391.3965	-1
24400.2734	-1
24409.1504	-1
24418.0273	-1
24426.9043	-1
24435.7812	1
24444.6582	1
24453.5352	1
24462.4121	1
24471.2910	-1
24480.1699	-1
24489.0488	-1
24497.9277	-1
24506.8066	-1
24515.6855	-1
24524.5645	-1
24533.4434	-1
24542.3223	-1
24551.2012	-1
24560.0801	-1
24568.9590	-1
24577.8379	-1
24586.7168	-1
24595.5957	-1
24604.4746	-1
24613.3535	-1
24622.2324	-1
24631.1113	-1
24639.9902	-1
24648.8691	-1
24657.7480	-1
24666.6270	-1
24675.5059	-1
24684.3848	1
24693.2637	1
24702.1445	-1
24711.0254	-1
24719.9062	-1
24728.7871	-1
24737.6680	-1
24746.5488	-1
24755.4297	-1
24764.3105	-1
24773.1914	-1
24782.0723	-1
24790.9531	-1
24799.8438	1
24808.7363	-1
24817.6289	1
24826.5215	1
24835.4141	-1
24844.3066	-1
24853.1992	-1
24862.0918	-1
24870.9844	-1
24879.8770	-1
24888.7695	-1
24897.6621	-1
24906.5547	-1
24915.4473	-1
24924.3398	-1
24933.2324	-1
24942.1270	1
24951.0215	1
24959.9160	1
24968.8105	-1
24977.7051	-1
24986.5996	-1
24995.4941	-1
25004.3887	-1
25013.2832	-1
25022.1777	-1
25031.0723	-1
25039.9668	-1
25048.8613	-1
25057.7559	-1
25066.6504	-1
25075.5449	-1
25084.4492	1
25093.3555	-1
25102.2617	1
25111.1680	1
25120.0742	-1
25128.9805	-1
25137.8867	-1
25146.7930	-1
25155.6992	-1
25164.6055	-1
25173.5117	-1
25182.4180	-1
25191.3242	-1
25200.2305	-1
25209.1367	-1
25218.0430	-1
25226.9512	1
25235.8594	1
25244.7676	1
25253.6758	1
25262.5840	-1
25271.4922	-1
25280.4004	-1
25289.3086	-1
25298.2168	-1
25307.1250	-1
25316.0332	-1
25324.9414	-1
25333.8496	-1
25342.7578	-1
25351.6660	-1
25360.5742	-1
25369.4824	-1
25378.3906	-1
25387.2988	-1
25396.2070	-1
25405.1152	-1
25414.0234	-1
25422.9316	-1
25431.8398	-1
25440.7480	-1
25449.6562	-1
25458.5645	-1
25467.4727	-1
25476.3809	1
25485.2891	1
25494.1973	1
25503.1055	1
25512.0137	1
25520.9219	1
25529.8320	1
25538.7422	1
25547.6523	-1
25556.5625	-1
25565.4727	-1
25574.3828	-1
25583.2930	-1
25592.2031	-1
25601.1133	-1
25610.0234	-1
25618.9336	-1
25627.8438	-1
25636.7539	-1
25645.6641	-1
25654.5742	1
25663.4844	1
25672.3945	-1
25681.3047	-1
25690.2148	-1
25699.1250	-1
25708.0352	-1
25716.9453	-1
25725.8555	-1
25734.7656	-1
25743.6758	-1
25752.5859	-1
25761.4961	-1
25770.4062	-1
25779.3164	-1
25788.2266	-1
25797.1367	-1
25806.0469	-1
25814.9570	-1
25823.8672	-1
25832.7793	-1
25841.6914	-1
25850.6035	-1
25859.5156	-1
25868.4277	-1
25877.3398	-1
25886.2520	-1
25895.1641	-1
25904.0762	-1
25912.9883	-1
25921.9004	-1
25930.8125	-1
25939.7246	1
25948.6367	1
25957.5488	-1
25966.4609	-1
25975.3730	-1
25984.2852	-1
25993.1973	-1
26002.1094	-1
26011.0215	-1
26019.9336	-1
26028.8457	-1
26037.7578	-1
26046.6699	-1
26055.5820	-1
26064.4941	-1
26073.4062	-1
26082.3184	-1
26091.2305	-1
26100.1426	-1
26109.0547	-1
26117.9668	1
26126.8789	1
26135.7910	1
26144.7031	1
26153.6152	1
26162.5273	1
26171.4395	1
26180.3516	1
26189.2656	1
26198.1797	1
26207.0938	1
26216.0078	1
26224.9219	1
26233.8359	1
26242.7500	-1
26251.6641	-1
26260.5781	-1
26269.4922	-1
26278.4062	-1
26287.3203	-1
26296.2344	-1
26305.1484	-1
26314.0625	-1
26322.9766	-1
26331.8906	-1
26340.8047	-1
26349.7188	1
26358.6328	1
26367.5469	1
26376.4609	1
26385.3750	1
26394.2910	1
26403.2070	-1
26412.1230	-1
26421.0391	-1
26429.9551	-1
26438.8711	-1
26447.7871	-1
26456.7031	-1
26465.6191	-1
26474.5352	-1
26483.4512	-1
26492.3672	-1
26501.2832	-1
26510.1992	1
26519.1152	1
26528.0312	1
26536.9473	1
26545.8652	-1
26554.7832	-1
26563.7012	-1
26572.6191	-1
26581.5371	-1
26590.4551	-1
26599.3730	-1
26608.2910	-1
26617.2090	-1
26626.1270	-1
26635.0449	-1
26643.9629	-1
26652.8809	-1
26661.7988	-1
26670.7168	-1
26679.6348	-1
26688.5527	-1
26697.4707	-1
26706.3887	-1
26715.3066	-1
26724.2246	-1
26733.1426	-1
26742.0605	-1
26750.9785	-1
26759.8965	-1
26768.8145	-1
26777.7324	-1
26786.6504	-1
26795.5684	-1
26804.4863	-1
26813.4043	-1
26822.3223	-1
26831.2402	-1
26840.1582	-1
26849.0762	-1
26857.9941	-1
26866.9121	-1
26875.8301	-1
26884.7480	-1
26893.6660	-1
26902.5840	-1
26911.5020	-1
26920.4219	-1
26929.3418	-1
26938.2617	-1
26947.1816	-1
26956.1016	-1
26965.0215	-1
26973.9414	-1
26982.8613	-1
26991.7812	-1
27000.7012	-1
27009.6211	-1
27018.5410	-1
27027.4609	-1
27036.3809	-1
27045.3008	-1
27054.2207	-1
27063.1406	-1
27072.0605	-1
27080.9805	-1
27089.9004	-1
27098.8203	-1
27107.7402	-1
27116.6602	-1
27125.5801	-1
27134.5000	-1
27143.4199	-1
27152.3398	-1
27161.2598	-1
27170.1797	-1
27179.0996	-1
27188.0195	-1
27196.9395	-1
27205.8594	-1
27214.7793	-1
27223.6992	-1
27232.6191	-1
27241.5391	-1
27250.4590	-1
27259.3789	-1
27268.2988	-1
27277.2188	-1
27286.1387	-1
27295.0586	1
27303.9785	1
27312.8984	-1
27321.8184	-1
27330.7383	-1
27339.6582	-1
27348.5781	-1
27357.4980	-1
27366.4180	1
27375.3379	1
27384.2578	1
27393.1777	1
27402.0977	-1
27411.0176	1
27419.9375	-1
27428.8574	-1
27437.7773	-1
27446.6973	-1
27455.6172	-1
27464.5371	1
27473.4570	-1
27482.3770	-1
27491.2969	-1
27500.2168	-1
27509.1367	-1
27518.0566	-1
27526.9785	-1
27535.9004	-1
27544.8223	-1
27553.7441	-1
27562.6660	-1
27571.5879	-1
27580.5098	-1
27589.4316	-1
27598.3535	-1
27607.2754	-1
27616.1973	-1
27625.1191	-1
27634.0410	-1
27642.9629	-1
27651.8848	-1
27660.8066	-1
27669.7285	-1
27678.6504	-1
27687.5723	-1
27696.4941	-1
27705.4160	-1
27714.3379	-1
27723.2598	-1
27732.1816	-1
27741.1035	-1
27750.0254	-1
27758.9473	-1
27767.8691	-1
27776.7910	-1
27785.7129	-1
27794.6348	-1
27803.5566	-1
27812.4785	-1
27821.4004	-1
27830.3223	-1
27839.2441	-1
27848.1680	-1
27857.0918	-1
27866.0156	-1
27874.9395	-1
27883.8633	-1
27892.7871	-1
27901.7109	-1
27910.6348	-1
27919.5586	-1
27928.4824	-1
27937.4062	-1
27946.3301	-1
27955.2539	-1
27964.1777	-1
27973.1016	-1
27982.0254	-1
27990.9492	-1
27999.8730	-1
28008.7969	-1
28017.7207	-1
28026.6445	-1
28035.5684	-1
28044.4922	-1
28053.4160	-1
28062.3398	-1
28071.2637	-1
28080.1875	-1
28089.1113	-1
28098.0352	-1
28106.9590	-1
28115.8848	-1
28124.8105	-1
28133.7363	-1
28142.6621	-1
28151.5879	-1
28160.5137	-1
28169.4395	-1
28178.3652	-1
28187.2910	-1
28196.2168	-1
