0.0000	0
0.0007	-1
4.1908	-1
8.3816	1
13.8835	1
19.3868	-1
24.8905	1
30.3942	1
35.8988	-1
41.4035	-1
46.9082	-1
52.4248	1
57.9429	-1
63.4613	1
68.9798	1
74.4989	-1
80.0181	-1
85.5373	-1
91.0564	-1
96.5756	-1
102.0948	-1
107.6140	-1
113.1333	-1
118.6526	-1
124.1837	1
129.7161	-1
135.2489	1
140.7818	1
146.3158	-1
151.8497	-1
157.3837	-1
162.9177	-1
168.4517	-1
173.9856	-1
179.5197	-1
185.0538	-1
190.5880	-1
196.1221	-1
201.6562	-1
207.1903	-1
212.7247	1
218.2592	1
223.7947	-1
229.3302	-1
234.8656	-1
240.4011	-1
245.9366	-1
251.4721	-1
257.0076	-1
262.5432	-1
268.0788	-1
273.6144	-1
279.1500	-1
284.6977	1
290.2469	-1
295.7964	1
301.3459	1
306.8961	-1
312.4463	-1
317.9965	-1
323.5467	-1
329.0970	-1
334.6475	-1
340.2096	1
345.7733	-1
351.3374	1
356.9015	1
362.4668	-1
368.0322	-1
373.5976	-1
379.1629	-1
384.7283	-1
390.2937	-1
395.8592	-1
401.4247	-1
406.9902	-1
412.5558	-1
418.1213	-1
423.6868	-1
429.2528	1
434.8189	1
440.3850	1
445.9512	1
451.5188	-1
457.0863	-1
462.6539	-1
468.2215	-1
473.7890	-1
479.3566	-1
484.9243	-1
490.4920	-1
496.0597	-1
501.6273	-1
507.1950	-1
512.7628	-1
518.3306	-1
523.8984	-1
529.4662	-1
535.0340	-1
540.6018	-1
546.1696	-1
551.7375	-1
557.3055	-1
562.8734	-1
568.4413	-1
574.0093	-1
579.5772	-1
585.1455	1
590.7138	1
596.2822	1
601.8506	1
607.4203	-1
612.9901	-1
618.5599	-1
624.1296	-1
629.6994	-1
635.2692	-1
640.8392	-1
646.4093	-1
651.9794	-1
657.5494	-1
663.1195	-1
668.6896	-1
674.2598	-1
679.8300	-1
685.4001	-1
690.9703	-1
696.5405	-1
702.1107	-1
707.6810	-1
713.2513	-1
718.8217	-1
724.3920	-1
729.9749	1
735.5591	-1
741.1437	1
746.7285	1
752.3140	-1
757.8995	-1
763.4850	-1
769.0705	-1
774.6560	-1
780.2415	-1
785.8271	-1
791.4127	-1
796.9983	-1
802.5839	-1
808.1813	1
813.7800	-1
819.3792	1
824.9783	1
830.5782	-1
836.1780	-1
841.7779	-1
847.3777	-1
852.9776	-1
858.5778	-1
864.1901	1
869.8038	-1
875.4179	1
881.0320	1
886.6473	-1
892.2626	-1
897.8779	-1
903.4932	-1
909.1085	-1
914.7238	-1
920.3393	-1
925.9548	-1
931.5703	-1
937.1857	-1
942.8012	-1
948.4167	-1
954.0326	1
959.6486	1
965.2646	1
970.8806	1
976.4982	-1
982.1158	-1
987.7334	-1
993.3510	-1
998.9686	-1
1004.5862	-1
1010.2039	-1
1015.8217	-1
1021.4394	-1
1027.0571	-1
1032.6748	-1
1038.2925	-1
1043.9103	-1
1049.5281	-1
1055.1459	-1
1060.7637	-1
1066.3815	-1
1071.9993	-1
1077.6172	-1
1083.2351	-1
1088.8530	-1
1094.4709	-1
1100.0889	-1
1105.7069	-1
1111.3252	1
1116.9435	1
1122.5621	1
1128.1808	1
1133.7994	1
1139.4182	1
1145.0370	1
1150.6558	1
1156.2769	-1
1161.8979	-1
1167.5190	-1
1173.1401	-1
1178.7612	-1
1184.3823	-1
1190.0035	-1
1195.6248	-1
1201.2460	-1
1206.8672	-1
1212.4884	-1
1218.1096	-1
1223.7310	-1
1229.3523	-1
1234.9736	-1
1240.5950	-1
1246.2163	-1
1251.8376	-1
1257.4596	-1
1263.0815	-1
1268.7035	-1
1274.3254	-1
1279.9474	-1
1285.5693	-1
1291.1914	-1
1296.8135	-1
1302.4355	-1
1308.0576	-1
1313.6797	-1
1319.3018	-1
1324.9240	-1
1330.5461	-1
1336.1683	-1
1341.7905	-1
1347.4127	-1
1353.0349	-1
1358.6572	-1
1364.2795	-1
1369.9019	-1
1375.5242	-1
1381.1465	-1
1386.7688	-1
1392.3912	-1
1398.0137	-1
1403.6361	-1
1409.2585	-1
1414.8810	-1
1420.5034	-1
1426.1260	1
1431.7485	1
1437.3712	1
1442.9939	1
1448.6166	1
1454.2394	1
1459.8625	1
1465.4857	1
1471.1091	1
1476.7330	1
1482.3569	1
1487.9810	1
1493.6050	1
1499.2291	1
1504.8533	1
1510.4774	1
1516.1052	-1
1521.7330	-1
1527.3608	-1
1532.9886	-1
1538.6165	-1
1544.2443	-1
1549.8722	-1
1555.5001	-1
1561.1281	-1
1566.7560	-1
1572.3839	-1
1578.0118	-1
1583.6399	-1
1589.2679	-1
1594.8960	-1
1600.5240	-1
1606.1521	-1
1611.7802	-1
1617.4083	-1
1623.0365	-1
1628.6647	-1
1634.2928	-1
1639.9210	-1
1645.5492	-1
1651.1775	-1
1656.8058	-1
1662.4341	-1
1668.0624	-1
1673.6907	-1
1679.3190	-1
1684.9474	-1
1690.5758	-1
1696.2042	-1
1701.8326	-1
1707.4611	-1
1713.0895	-1
1718.7180	-1
1724.3466	-1
1729.9752	-1
1735.6039	-1
1741.2325	-1
1746.8612	-1
1752.4899	-1
1758.1187	-1
1763.7474	-1
1769.3762	-1
1775.0050	-1
1780.6338	-1
1786.2627	-1
1791.8916	-1
1797.5205	-1
1803.1494	-1
1808.7783	-1
1814.4072	-1
1820.0361	-1
1825.6652	-1
1831.2942	-1
1836.9232	-1
1842.5522	-1
1848.1813	-1
1853.8104	-1
1859.4396	-1
1865.0687	-1
1870.6979	-1
1876.3270	-1
1881.9562	-1
1887.5854	-1
1893.2147	-1
1898.8440	-1
1904.4733	-1
1910.1025	-1
1915.7318	-1
1921.3615	1
1926.9912	1
1932.6210	-1
1938.2507	-1
1943.8805	-1
1949.5103	-1
1955.1400	-1
1960.7699	-1
1966.3998	1
1972.0297	-1
1977.6595	-1
1983.2896	-1
1988.9196	-1
1994.5496	-1
2000.1796	-1
2005.8096	1
2011.4396	1
2017.0697	1
2022.6998	1
2028.3300	1
2033.9606	1
2039.5913	1
2045.2222	1
2050.8530	1
2056.4841	1
2062.1152	1
2067.7463	1
2073.3777	1
2079.0090	1
2084.6404	1
2090.2722	1
2095.9041	1
2101.5361	1
2107.1682	1
2112.8003	1
2118.4324	1
2124.0645	1
2129.6965	1
2135.3289	1
2140.9612	1
2146.5938	-1
2152.2263	-1
2157.8589	-1
2163.4915	-1
2169.1240	-1
2174.7566	-1
2180.3892	-1
2186.0220	-1
2191.6548	-1
2197.2876	-1
2202.9204	-1
2208.5532	-1
2214.1870	1
2219.8208	1
2225.4546	1
2231.0884	1
2236.7246	-1
2242.3608	-1
2247.9971	-1
2253.6333	-1
2259.2695	-1
2264.9058	-1
2270.5430	1
2276.1804	-1
2281.8179	-1
2287.4553	-1
2293.0928	-1
2298.7302	-1
2304.3677	-1
2310.0051	1
2315.6431	-1
2321.2810	-1
2326.9189	-1
2332.5569	-1
2338.1948	-1
2343.8328	-1
2349.4709	1
2355.1091	1
2360.7478	1
2366.3865	-1
2372.0251	-1
2377.6638	-1
2383.3025	-1
2388.9412	-1
2394.5798	-1
2400.2185	1
2405.8574	1
2411.4963	1
2417.1357	-1
2422.7751	-1
2428.4146	-1
2434.0540	-1
2439.6934	-1
2445.3328	-1
2450.9727	-1
2456.6125	-1
2462.2524	-1
2467.8923	-1
2473.5322	-1
2479.1724	-1
2484.8145	1
2490.4565	1
2496.0989	1
2501.7412	1
2507.3840	-1
2513.0269	-1
2518.6697	-1
2524.3125	-1
2529.9553	-1
2535.5981	-1
2541.2410	-1
2546.8838	-1
2552.5269	-1
2558.1699	-1
2563.8130	-1
2569.4561	-1
2575.0991	-1
2580.7422	-1
2586.3853	-1
2592.0283	-1
2597.6714	-1
2603.3145	-1
2608.9575	1
2614.6008	1
2620.2449	1
2625.8892	1
2631.5334	1
2637.1777	1
2642.8247	-1
2648.4717	-1
2654.1187	-1
2659.7656	-1
2665.4126	-1
2671.0596	-1
2676.7068	-1
2682.3540	-1
2688.0012	-1
2693.6484	-1
2699.2957	-1
2704.9429	-1
2710.5903	-1
2716.2378	-1
2721.8853	-1
2727.5327	-1
2733.1802	-1
2738.8276	-1
2744.4753	-1
2750.1230	-1
2755.7708	-1
2761.4185	-1
2767.0662	-1
2772.7139	-1
2778.3623	1
2784.0110	-1
2789.6597	-1
2795.3083	-1
2800.9570	-1
2806.6057	-1
2812.2544	-1
2817.9031	-1
2823.5518	-1
2829.2004	-1
2834.8491	-1
2840.4978	-1
2846.1465	-1
2851.7954	-1
2857.4443	-1
2863.0933	-1
2868.7422	-1
2874.3911	-1
2880.0400	-1
2885.6890	-1
2891.3379	-1
2896.9868	-1
2902.6357	-1
2908.2847	-1
2913.9338	-1
2919.5830	-1
2925.2322	-1
2930.8813	-1
2936.5305	-1
2942.1797	-1
2947.8289	-1
2953.4780	-1
2959.1272	-1
2964.7764	-1
2970.4255	-1
2976.0747	-1
2981.7241	-1
2987.3735	-1
2993.0229	-1
2998.6724	-1
3004.3218	-1
3009.9712	-1
3015.6206	-1
3021.2722	-1
3026.9238	-1
3032.5754	-1
3038.2271	-1
3043.8787	-1
3049.5303	-1
3055.1819	-1
3060.8335	-1
3066.4851	-1
3072.1367	-1
3077.7883	-1
3083.4399	-1
3089.0918	-1
3094.7437	-1
3100.3955	-1
3106.0474	-1
3111.6992	-1
3117.3511	-1
3123.0029	-1
3128.6548	-1
3134.3066	-1
3139.9585	-1
3145.6104	-1
3151.2622	-1
3156.9143	-1
3162.5664	-1
3168.2185	-1
3173.8706	-1
3179.5227	-1
3185.1748	-1
3190.8269	-1
3196.4790	-1
3202.1311	-1
3207.7832	-1
3213.4353	-1
3219.0874	-1
3224.7397	-1
3230.3921	-1
3236.0444	-1
3241.6968	-1
3247.3491	-1
3253.0015	-1
3258.6538	-1
3264.3062	-1
3269.9585	-1
3275.6108	-1
3281.2632	-1
3286.9155	-1
3292.5681	-1
3298.2207	-1
3303.8733	-1
3309.5259	-1
3315.1785	-1
3320.8311	-1
3326.4836	-1
3332.1362	-1
3337.7888	-1
3343.4414	-1
3349.0940	-1
3354.7466	-1
3360.3994	-1
3366.0522	-1
3371.7051	-1
3377.3579	-1
3383.0107	-1
3388.6636	-1
3394.3181	-1
3399.9729	-1
3405.6277	-1
3411.2825	-1
3416.9373	-1
3422.5920	-1
3428.2468	-1
3433.9016	-1
3439.5564	-1
3445.2112	-1
3450.8660	-1
3456.5208	-1
3462.1758	-1
3467.8308	-1
3473.4858	-1
3479.1409	-1
3484.7959	-1
3490.4509	-1
3496.1060	-1
3501.7610	-1
3507.4160	-1
3513.0710	-1
3518.7261	-1
3524.3811	-1
3530.0364	-1
3535.6917	-1
3541.3469	-1
3547.0022	-1
3552.6575	-1
3558.3127	-1
3563.9680	-1
3569.6233	-1
3575.2786	-1
3580.9338	-1
3586.5891	-1
3592.2444	-1
3597.8999	-1
3603.5554	-1
3609.2109	-1
3614.8665	-1
3620.5220	-1
3626.1775	-1
3631.8330	-1
3637.4885	-1
3643.1440	-1
3648.7996	-1
3654.4551	-1
3660.1106	-1
3665.7664	-1
3671.4221	-1
3677.0779	-1
3682.7336	-1
3688.3894	-1
3694.0452	-1
3699.7009	-1
3705.3567	-1
3711.0125	-1
3716.6682	-1
3722.3240	-1
3727.9797	-1
3733.6357	-1
3739.2917	-1
3744.9478	-1
3750.6038	-1
3756.2598	-1
3761.9158	-1
3767.5728	-1
3773.2297	-1
3778.8867	-1
3784.5437	-1
3790.2007	-1
3795.8577	-1
3801.5149	-1
3807.1721	-1
3812.8293	-1
3818.4866	-1
3824.1438	-1
3829.8010	-1
3835.4583	-1
3841.1155	-1
3846.7727	-1
3852.4299	-1
3858.0874	-1
3863.7449	-1
3869.4023	-1
3875.0598	-1
3880.7173	-1
3886.3748	-1
3892.0322	-1
3897.6897	-1
3903.3474	-1
3909.0051	-1
3914.6628	-1
3920.3206	-1
3925.9783	-1
3931.6360	-1
3937.2937	-1
3942.9514	-1
3948.6091	-1
3954.2668	-1
3960.1157	1
3965.9646	1
3971.8135	1
3977.6641	-1
3983.5146	-1
3989.3652	-1
3995.2158	-1
4001.0664	-1
4006.9170	-1
4012.7678	-1
4018.6187	-1
4024.4695	-1
4030.3203	-1
4036.1711	-1
4042.0220	-1
4047.8728	-1
4053.7236	-1
4059.5745	-1
4065.4253	-1
4071.2761	-1
4077.1270	-1
4082.9919	1
4088.8584	-1
4094.7251	1
4100.5918	1
4106.4600	-1
4112.3281	-1
4118.1963	-1
4124.0645	-1
4129.9326	-1
4135.8008	-1
4141.6689	-1
4147.5371	-1
4153.4053	-1
4159.2734	-1
4165.1416	-1
4171.0098	-1
4176.8784	1
4182.7471	1
4188.6157	1
4194.4844	1
4200.3540	-1
4206.2241	-1
4212.0942	-1
4217.9644	-1
4223.8345	-1
4229.7046	-1
4235.5747	1
4241.4453	1
4247.3159	-1
4253.1865	-1
4259.0571	-1
4264.9277	-1
4270.7983	-1
4276.6689	-1
4282.5400	-1
4288.4111	-1
4294.2822	-1
4300.1533	-1
4306.0244	-1
4311.8955	-1
4317.7666	-1
4323.6377	-1
4329.5088	-1
4335.3799	-1
4341.2510	-1
4347.1221	-1
4352.9937	1
4358.8657	1
4364.7378	1
4370.6099	1
4376.4819	1
4382.3540	1
4388.2261	-1
4394.0981	-1
4399.9702	-1
4405.8423	-1
4411.7144	-1
4417.5864	-1
4423.4590	-1
4429.3315	-1
4435.2041	-1
4441.0767	-1
4446.9492	-1
4452.8218	-1
4458.6948	1
4464.5679	1
4470.4414	1
4476.3149	1
4482.1895	-1
4488.0640	-1
4493.9385	-1
4499.8130	-1
4505.6875	-1
4511.5620	-1
4517.4365	-1
4523.3110	-1
4529.1855	-1
4535.0601	-1
4540.9346	-1
4546.8091	-1
4552.6846	1
4558.5601	1
4564.4355	1
4570.3110	1
4576.1870	-1
4582.0630	-1
4587.9390	-1
4593.8149	-1
4599.6909	-1
4605.5669	-1
4611.4438	1
4617.3208	1
4623.1982	-1
4629.0757	-1
4634.9531	-1
4640.8306	-1
4646.7080	-1
4652.5854	-1
4658.4634	-1
4664.3413	-1
4670.2192	-1
4676.0972	-1
4681.9751	-1
4687.8530	-1
4693.7314	-1
4699.6099	-1
4705.4883	-1
4711.3667	-1
4717.2451	-1
4723.1235	-1
4729.0020	-1
4734.8804	-1
4740.7588	-1
4746.6372	-1
4752.5156	-1
4758.3940	-1
4764.2739	1
4770.1538	1
4776.0337	-1
4781.9136	-1
4787.7935	-1
4793.6733	-1
4799.5532	-1
4805.4331	-1
4811.3130	1
4817.1929	1
4823.0728	1
4828.9526	-1
4834.8325	-1
4840.7124	-1
4846.5923	-1
4852.4722	-1
4858.3521	-1
4864.2319	1
4870.1118	1
4875.9922	1
4881.8726	-1
4887.7529	-1
4893.6333	-1
4899.5137	-1
4905.3940	-1
4911.2744	-1
4917.1558	1
4923.0371	1
4928.9185	1
4934.7998	1
4940.6812	1
4946.5625	1
4952.4453	-1
4958.3281	-1
4964.2109	-1
4970.0938	-1
4975.9766	-1
4981.8594	-1
4987.7432	1
4993.6270	1
4999.5107	-1
5005.3945	-1
5011.2783	-1
5017.1621	-1
5023.0459	-1
5028.9297	-1
5034.8145	1
5040.6992	1
5046.5845	-1
5052.4697	-1
5058.3550	-1
5064.2402	-1
5070.1255	-1
5076.0107	-1
5081.8960	-1
5087.7812	-1
5093.6665	-1
5099.5518	-1
5105.4370	-1
5111.3223	-1
5117.2075	-1
5123.0928	-1
5128.9780	-1
5134.8633	-1
5140.7485	-1
5146.6338	-1
5152.5195	-1
5158.4053	-1
5164.2910	-1
5170.1768	-1
5176.0625	-1
5181.9482	-1
5187.8350	1
5193.7217	1
5199.6084	1
5205.4956	-1
5211.3828	-1
5217.2700	-1
5223.1572	-1
5229.0444	-1
5234.9316	-1
5240.8193	-1
5246.7070	-1
5252.5947	-1
5258.4824	-1
5264.3701	-1
5270.2578	-1
5276.1455	-1
5282.0332	-1
5287.9209	-1
5293.8086	-1
5299.6963	-1
5305.5840	-1
5311.4727	-1
5317.3613	-1
5323.2500	-1
5329.1387	-1
5335.0273	-1
5340.9160	-1
5346.8062	-1
5352.6963	-1
5358.5864	-1
5364.4766	-1
5370.3667	-1
5376.2568	-1
5382.1470	-1
5388.0371	-1
5393.9272	-1
5399.8174	-1
5405.7075	-1
5411.5977	-1
5417.4883	-1
5423.3789	-1
5429.2695	-1
5435.1602	-1
5441.0508	-1
5446.9414	-1
5452.8320	-1
5458.7227	-1
5464.6133	-1
5470.5039	-1
5476.3945	-1
5482.2852	-1
5488.1758	-1
5494.0664	-1
5499.9570	-1
5505.8477	-1
5511.7383	-1
5517.6289	-1
5523.5195	-1
5529.4102	-1
5535.3008	-1
5541.1914	-1
5547.0820	-1
5552.9727	-1
5558.8638	-1
5564.7549	-1
5570.6460	-1
5576.5371	-1
5582.4282	-1
5588.3193	-1
5594.2109	-1
5600.1025	-1
5605.9941	-1
5611.8857	-1
5617.7773	-1
5623.6689	-1
5629.5625	-1
5635.4561	-1
5641.3496	-1
5647.2432	-1
5653.1367	-1
5659.0303	-1
5664.9253	-1
5670.8203	-1
5676.7153	-1
5682.6104	-1
5688.5054	-1
5694.4004	-1
5700.2954	-1
5706.1904	-1
5712.0854	-1
5717.9805	-1
5723.8755	-1
5729.7705	-1
5735.6655	-1
5741.5605	-1
5747.4556	-1
5753.3506	-1
5759.2456	-1
5765.1406	-1
5771.0361	-1
5776.9316	-1
5782.8271	-1
5788.7227	-1
5794.6182	-1
5800.5137	-1
5806.4097	-1
5812.3057	-1
5818.2017	-1
5824.0977	-1
5829.9937	-1
5835.8896	-1
5841.7856	-1
5847.6816	-1
5853.5776	-1
5859.4736	-1
5865.3696	-1
5871.2656	-1
5877.1616	-1
5883.0576	-1
5888.9536	-1
5894.8496	-1
5900.7456	-1
5906.6416	-1
5912.5381	-1
5918.4346	-1
5924.3311	-1
5930.2275	-1
5936.1377	1
5942.0493	-1
5947.9614	1
5953.8735	1
5959.7871	-1
5965.7007	-1
5971.6143	-1
5977.5278	-1
5983.4414	-1
5989.3550	-1
5995.2686	-1
6001.1821	-1
6007.1108	1
6013.0410	-1
6018.9717	1
6024.9023	1
6030.8345	-1
6036.7666	-1
6042.6987	-1
6048.6309	-1
6054.5630	-1
6060.4951	-1
6066.4272	-1
6072.3594	-1
6078.2915	-1
6084.2236	-1
6090.1558	-1
6096.0879	-1
6102.0205	1
6107.9541	-1
6113.8877	-1
6119.8213	-1
6125.7549	-1
6131.6885	-1
6137.6221	-1
6143.5688	1
6149.5171	-1
6155.4658	1
6161.4146	1
6167.3643	-1
6173.3140	-1
6179.2637	-1
6185.2134	-1
6191.1631	-1
6197.1133	-1
6203.0635	-1
6209.0137	-1
6214.9639	-1
6220.9141	-1
6226.8643	-1
6232.8301	1
6238.7974	-1
6244.7651	1
6250.7329	1
6256.7017	-1
6262.6704	-1
6268.6392	-1
6274.6079	-1
6280.5767	-1
6286.5454	-1
6292.5146	-1
6298.4839	-1
6304.4531	-1
6310.4224	-1
6316.3916	-1
6322.3608	-1
6328.3306	1
6334.3003	1
6340.2700	1
6346.2397	1
6352.2119	-1
6358.1841	-1
6364.1562	-1
6370.1284	-1
6376.1006	-1
6382.0728	-1
6388.0449	-1
6394.0171	-1
6399.9893	-1
6405.9614	-1
6411.9336	-1
6417.9058	-1
6423.8779	-1
6429.8501	-1
6435.8223	-1
6441.7944	-1
6447.7666	-1
6453.7388	-1
6459.7109	-1
6465.6831	-1
6471.6553	-1
6477.6274	-1
6483.5996	-1
6489.5718	-1
6495.5444	1
6501.5171	1
6507.4902	1
6513.4634	1
6519.4365	1
6525.4097	1
6531.3828	1
6537.3560	1
6543.3325	-1
6549.3091	-1
6555.2856	-1
6561.2622	-1
6567.2388	-1
6573.2153	-1
6579.1919	-1
6585.1685	-1
6591.1450	-1
6597.1216	-1
6603.0981	-1
6609.0747	-1
6615.0518	-1
6621.0288	-1
6627.0059	-1
6632.9829	-1
6638.9600	-1
6644.9370	-1
6650.9141	-1
6656.8911	-1
6662.8682	-1
6668.8452	-1
6674.8223	-1
6680.7993	-1
6686.7764	-1
6692.7534	-1
6698.7305	-1
6704.7075	-1
6710.6846	-1
6716.6616	-1
6722.6387	-1
6728.6157	-1
6734.5928	-1
6740.5698	-1
6746.5469	-1
6752.5239	-1
6758.5015	-1
6764.4790	-1
6770.4565	-1
6776.4341	-1
6782.4116	-1
6788.3892	-1
6794.3667	-1
6800.3442	-1
6806.3218	-1
6812.2993	-1
6818.2769	-1
6824.2544	-1
6830.2324	1
6836.2104	1
6842.1885	1
6848.1670	1
6854.1455	1
6860.1240	1
6866.1025	1
6872.0811	1
6878.0596	1
6884.0381	1
6890.0166	1
6895.9951	1
6901.9741	1
6907.9531	1
6913.9326	1
6919.9126	1
6925.8936	-1
6931.8745	-1
6937.8555	-1
6943.8364	-1
6949.8174	-1
6955.7983	-1
6961.7812	1
6967.7642	1
6973.7471	-1
6979.7300	-1
6985.7129	-1
6991.6958	-1
6997.6787	-1
7003.6616	-1
7009.6450	-1
7015.6284	-1
7021.6118	-1
7027.5952	-1
7033.5786	-1
7039.5620	-1
7045.5459	-1
7051.5298	-1
7057.5137	-1
7063.4976	-1
7069.4814	-1
7075.4653	-1
7081.4497	1
7087.4341	1
7093.4185	-1
7099.4028	-1
7105.3872	-1
7111.3716	-1
7117.3560	-1
7123.3403	-1
7129.3252	-1
7135.3101	-1
7141.2949	-1
7147.2798	-1
7153.2646	-1
7159.2495	-1
7165.2363	-1
7171.2231	-1
7177.2100	-1
7183.1968	-1
7189.1836	-1
7195.1704	-1
7201.1572	-1
7207.1440	-1
7213.1309	-1
7219.1177	-1
7225.1045	-1
7231.0913	-1
7237.0781	-1
7243.0649	-1
7249.0518	-1
7255.0386	-1
7261.0254	-1
7267.0122	-1
7272.9995	-1
7278.9868	-1
7284.9741	-1
7290.9614	-1
7296.9487	-1
7302.9360	-1
7308.9233	-1
7314.9106	-1
7320.8979	-1
7326.8853	-1
7332.8726	-1
7338.8599	-1
7344.8472	-1
7350.8345	-1
7356.8218	-1
7362.8091	-1
7368.7964	-1
7374.7837	-1
7380.7725	-1
7386.7612	-1
7392.7500	-1
7398.7388	-1
7404.7275	-1
7410.7163	-1
7416.7056	-1
7422.6948	-1
7428.6841	-1
7434.6733	-1
7440.6626	-1
7446.6519	-1
7452.6416	-1
7458.6313	-1
7464.6211	-1
7470.6108	-1
7476.6006	-1
7482.5903	-1
7488.5801	-1
7494.5698	-1
7500.5596	-1
7506.5493	-1
7512.5391	-1
7518.5288	-1
7524.5186	-1
7530.5083	-1
7536.4980	-1
7542.4878	-1
7548.4775	-1
7554.4673	-1
7560.4570	-1
7566.4473	-1
7572.4375	-1
7578.4277	-1
7584.4180	-1
7590.4082	-1
7596.3984	-1
7602.3887	-1
7608.3789	-1
7614.3691	-1
7620.3594	-1
7626.3496	-1
7632.3398	-1
7638.3301	-1
7644.3350	1
7650.3413	-1
7656.3481	1
7662.3555	1
7668.3633	-1
7674.3711	-1
7680.3804	-1
7686.4053	1
7692.4316	-1
7698.4580	1
7704.4849	1
7710.5132	-1
7716.5415	-1
7722.5698	-1
7728.5981	-1
7734.6265	-1
7740.6733	1
7746.7217	-1
7752.7705	1
7758.8193	1
7764.8696	-1
7770.9199	-1
7776.9702	-1
7783.0205	-1
7789.0708	-1
7795.1211	-1
7801.1719	-1
7807.2227	-1
7813.2734	-1
7819.3242	-1
7825.3750	-1
7831.4258	-1
7837.4771	1
7843.5283	1
7849.5811	-1
7855.6338	-1
7861.6865	-1
7867.7393	-1
7873.7920	-1
7879.8447	-1
7885.8975	-1
7891.9502	-1
7898.0083	-1
7904.0757	1
7910.1460	-1
7916.2168	1
7922.2876	1
7928.3589	1
7934.4312	-1
7940.5034	-1
7946.5757	-1
7952.6479	-1
7958.7202	-1
7964.7925	-1
7970.8652	-1
7976.9380	-1
7983.0107	-1
7989.0835	-1
7995.1562	-1
8001.2290	-1
8007.3018	1
8013.3745	1
8019.4478	1
8025.5210	1
8031.5957	-1
8037.6704	-1
8043.7451	-1
8049.8198	-1
8055.8945	-1
8061.9692	-1
8068.0439	-1
8074.1187	-1
8080.1934	-1
8086.2681	-1
8092.3428	-1
8098.4175	-1
8104.4922	-1
8110.5669	-1
8116.6416	-1
8122.7163	-1
8128.7910	-1
8134.8657	-1
8140.9404	-1
8147.0151	-1
8153.0898	-1
8159.1646	-1
8165.2393	-1
8171.3140	-1
8177.3892	1
8183.4644	1
8189.5396	1
8195.6152	1
8201.6904	1
8207.7656	1
8213.8408	1
8219.9160	1
8225.9941	-1
8232.0723	-1
8238.1504	-1
8244.2285	-1
8250.3066	-1
8256.3848	-1
8262.4629	-1
8268.5410	-1
8274.6191	-1
8280.6973	-1
8286.7754	-1
8292.8535	-1
8298.9326	-1
8305.0117	-1
8311.0908	-1
8317.1699	-1
8323.2490	-1
8329.3281	-1
8335.4082	1
8341.4893	1
8347.5703	1
8353.6514	1
8359.7324	-1
8365.8135	-1
8371.8945	-1
8377.9756	-1
8384.0566	-1
8390.1377	-1
8396.2188	-1
8402.2998	-1
8408.3818	-1
8414.4639	-1
8420.5459	-1
8426.6279	-1
8432.7100	-1
8438.7920	-1
8444.8740	-1
8450.9561	-1
8457.0381	-1
8463.1201	-1
8469.2021	-1
8475.2842	-1
8481.3662	-1
8487.4482	-1
8493.5303	-1
8499.6123	-1
8505.6943	-1
8511.7764	-1
8517.8584	-1
8523.9404	-1
8530.0225	-1
8536.1045	-1
8542.1865	1
8548.2686	1
8554.3516	1
8560.4346	1
8566.5176	1
8572.6006	1
8578.6846	-1
8584.7686	-1
8590.8525	-1
8596.9365	-1
8603.0205	-1
8609.1045	-1
8615.1895	-1
8621.2744	-1
8627.3594	-1
8633.4443	-1
8639.5293	-1
8645.6143	-1
8651.7012	-1
8657.7881	-1
8663.8750	-1
8669.9619	-1
8676.0488	-1
8682.1357	-1
8688.2236	-1
8694.3115	-1
8700.3994	-1
8706.4873	-1
8712.5752	-1
8718.6631	-1
8724.7510	-1
8730.8389	-1
8736.9268	-1
8743.0146	-1
8749.1025	-1
8755.1904	-1
8761.2783	-1
8767.3662	-1
8773.4541	-1
8779.5420	-1
8785.6299	-1
8791.7178	-1
8797.8057	-1
8803.8936	-1
8809.9814	-1
8816.0693	-1
8822.1572	-1
8828.2451	-1
8834.3330	-1
8840.4209	-1
8846.5088	-1
8852.5967	-1
8858.6846	-1
8864.7725	-1
8870.8613	-1
8876.9502	-1
8883.0391	-1
8889.1279	-1
8895.2168	-1
8901.3057	-1
8907.3945	-1
8913.4834	-1
8919.5723	-1
8925.6846	1
8931.8008	-1
8937.9170	1
8944.0342	1
8950.1523	-1
8956.2705	-1
8962.3887	-1
8968.5068	-1
8974.6250	-1
8980.7432	-1
8986.8623	-1
8992.9814	-1
8999.1250	1
9005.2734	-1
9011.4229	1
9017.5723	1
9023.7227	-1
9029.8730	-1
9036.0234	-1
9042.1738	-1
9048.3242	-1
9054.4746	-1
9060.6270	-1
9066.8047	1
9072.9844	-1
9079.1641	1
9085.3447	1
9091.5264	-1
9097.7080	-1
9103.8896	-1
9110.0713	-1
9116.2549	-1
9122.4619	1
9128.6709	-1
9134.8799	1
9141.0889	1
9147.2998	-1
9153.5107	-1
9159.7217	-1
9165.9326	-1
9172.1436	-1
9178.3545	-1
9184.5664	-1
9190.7783	-1
9196.9902	-1
9203.2021	-1
9209.4141	-1
9215.6260	-1
9221.8389	1
9228.0518	1
9234.2656	1
9240.4795	1
9246.6934	-1
9252.9072	-1
9259.1211	-1
9265.3350	-1
9271.5488	-1
9277.7627	-1
9283.9795	1
9290.1963	1
9296.4141	-1
9302.6318	-1
9308.8496	-1
9315.0674	-1
9321.2852	-1
9327.5029	-1
9333.7207	-1
9339.9385	-1
9346.1562	-1
9352.3740	-1
9358.5918	-1
9364.8096	-1
9371.0273	-1
9377.2451	-1
9383.4629	-1
9389.6807	-1
9395.8984	-1
9402.1162	-1
9408.3350	1
9414.5537	1
9420.7734	1
9426.9932	1
9433.2129	1
9439.4326	1
9445.6553	-1
9451.8779	-1
9458.1006	-1
9464.3242	-1
9470.5479	-1
9476.7715	-1
9482.9951	-1
9489.2188	-1
9495.4424	-1
9501.6660	-1
9507.8896	-1
9514.1133	-1
9520.3369	-1
9526.5605	-1
9532.7842	-1
9539.0078	-1
9545.2314	-1
9551.4551	-1
9557.6816	1
9563.9082	1
9570.1348	1
9576.3613	1
9582.5879	1
9588.8145	1
9595.0420	-1
9601.2695	-1
9607.4971	-1
9613.7246	-1
9619.9521	-1
9626.1797	-1
9632.4072	-1
9638.6348	-1
9644.8623	-1
9651.0898	-1
9657.3174	-1
9663.5449	-1
9669.7725	-1
9676.0000	-1
9682.2275	-1
9688.4551	-1
9694.6826	-1
9700.9102	-1
9707.1377	-1
9713.3652	-1
9719.5928	-1
9725.8203	-1
9732.0479	-1
9738.2754	-1
9744.5029	-1
9750.7305	-1
9756.9580	-1
9763.1855	-1
9769.4131	-1
9775.6406	-1
9781.8711	1
9788.1055	-1
9794.3398	-1
9800.5742	-1
9806.8086	-1
9813.0430	-1
9819.2773	-1
9825.5117	-1
9831.7461	-1
9837.9805	-1
9844.2148	-1
9850.4492	-1
9856.6836	-1
9862.9209	-1
9869.1582	-1
9875.3955	-1
9881.6328	-1
9887.8701	-1
9894.1074	-1
9900.3447	-1
9906.5820	-1
9912.8193	-1
9919.0566	-1
9925.2939	-1
9931.5312	-1
9937.7686	-1
9944.0059	-1
9950.2432	-1
9956.4805	-1
9962.7178	-1
9968.9551	-1
9975.1934	-1
9981.4316	-1
9987.6699	-1
9993.9082	-1
10000.1465	-1
10006.3848	-1
10012.6240	-1
10018.8633	-1
10025.1025	-1
10031.3418	-1
10037.5811	-1
10043.8398	1
10050.1006	-1
10056.3613	1
10062.6230	1
10068.8857	-1
10075.1484	-1
10081.4111	-1
10087.6738	-1
10093.9365	-1
10100.1992	-1
10106.4629	-1
10112.7266	-1
10118.9902	-1
10125.2539	-1
10131.5176	-1
10137.7812	-1
10144.0449	1
10150.3096	1
10156.5762	-1
10162.8428	-1
10169.1094	-1
10175.3760	-1
10181.6426	-1
10187.9092	-1
10194.1768	1
10200.4443	1
10206.7129	-1
10212.9814	-1
10219.2500	-1
10225.5186	-1
10231.7871	-1
10238.0557	-1
10244.3252	1
10250.5947	1
10256.8652	-1
10263.1357	-1
10269.4062	-1
10275.6768	-1
10281.9473	-1
10288.2178	-1
10294.4883	1
10300.7588	1
10307.0303	-1
10313.3018	-1
10319.5742	-1
10325.8467	-1
10332.1191	-1
10338.3916	-1
10344.6650	1
10350.9385	1
10357.2119	1
10363.4854	1
10369.7598	-1
10376.0342	-1
10382.3086	-1
10388.5830	-1
10394.8574	-1
10401.1318	-1
10407.4072	-1
10413.6826	-1
10419.9580	-1
10426.2334	-1
10432.5088	-1
10438.7842	-1
10445.0605	-1
10451.3369	-1
10457.6133	-1
10463.8896	-1
10470.1660	-1
10476.4424	-1
10482.7188	-1
10488.9951	-1
10495.2715	-1
10501.5479	-1
10507.8242	-1
10514.1006	-1
10520.3770	1
10526.6533	1
10532.9297	1
10539.2061	1
10545.4854	1
10551.7646	1
10558.0439	1
10564.3232	1
10570.6035	-1
10576.8838	-1
10583.1641	-1
10589.4443	-1
10595.7246	-1
10602.0049	-1
10608.2861	-1
10614.5674	-1
10620.8486	-1
10627.1299	-1
10633.4111	-1
10639.6924	-1
10645.9736	-1
10652.2549	-1
10658.5361	-1
10664.8174	-1
10671.0986	-1
10677.3799	-1
10683.6611	-1
10689.9424	-1
10696.2236	-1
10702.5049	-1
10708.7861	-1
10715.0674	-1
10721.3496	1
10727.6338	-1
10733.9180	-1
10740.2021	-1
10746.4863	-1
10752.7705	-1
10759.0547	-1
10765.3398	-1
10771.6250	-1
10777.9102	-1
10784.1953	-1
10790.4805	-1
10796.7656	-1
10803.0508	-1
10809.3359	-1
10815.6211	-1
10821.9062	-1
10828.1914	-1
10834.4766	-1
10840.7617	-1
10847.0469	-1
10853.3320	-1
10859.6172	-1
10865.9023	-1
10872.1875	-1
10878.4727	-1
10884.7578	-1
10891.0430	-1
10897.3281	-1
10903.6133	-1
10909.8984	-1
10916.1836	-1
10922.4688	-1
10928.7539	-1
10935.0391	-1
10941.3242	-1
10947.6094	-1
10953.8975	-1
10960.1855	-1
10966.4736	-1
10972.7617	-1
10979.0498	-1
10985.3379	-1
10991.6260	-1
10997.9141	-1
11004.2021	-1
11010.4902	-1
11016.7783	-1
11023.0664	-1
11029.3545	-1
11035.6426	-1
11041.9307	-1
11048.2188	-1
11054.5283	1
11060.8408	-1
11067.1533	1
11073.4658	1
11079.7803	-1
11086.0947	-1
11092.4092	-1
11098.7236	-1
11105.0381	-1
11111.3525	-1
11117.6680	-1
11123.9834	-1
11130.2988	-1
11136.6143	-1
11142.9297	-1
11149.2451	-1
11155.5605	1
11161.8760	1
11168.1924	1
11174.5088	1
11180.8271	-1
11187.1455	-1
11193.4639	-1
11199.7822	-1
11206.1006	-1
11212.4189	-1
11218.7373	-1
11225.0557	-1
11231.3740	-1
11237.6924	-1
11244.0107	-1
11250.3291	-1
11256.6494	1
11262.9697	1
11269.2900	1
11275.6104	1
11281.9307	-1
11288.2510	-1
11294.5713	-1
11300.8916	-1
11307.2119	-1
11313.5322	-1
11319.8535	-1
11326.1748	-1
11332.4961	-1
11338.8174	-1
11345.1387	-1
11351.4600	-1
11357.7822	1
11364.1045	1
11370.4268	1
11376.7490	1
11383.0742	-1
11389.3994	-1
11395.7246	-1
11402.0498	-1
11408.3750	-1
11414.7002	-1
11421.0264	1
11427.3525	1
11433.6797	-1
11440.0068	-1
11446.3340	-1
11452.6611	-1
11458.9883	-1
11465.3154	-1
11471.6426	-1
11477.9697	-1
11484.2969	-1
11490.6240	-1
11496.9512	-1
11503.2783	-1
11509.6055	-1
11515.9326	-1
11522.2598	-1
11528.5869	-1
11534.9141	-1
11541.2422	-1
11547.5723	1
11553.9023	1
11560.2324	1
11566.5625	1
11572.8926	1
11579.2227	1
11585.5537	-1
11591.8848	-1
11598.2158	-1
11604.5469	-1
11610.8779	-1
11617.2090	-1
11623.5400	-1
11629.8711	-1
11636.2021	-1
11642.5332	-1
11648.8643	-1
11655.1953	-1
11661.5264	-1
11667.8574	-1
11674.1885	-1
11680.5195	-1
11686.8506	-1
11693.1816	-1
11699.5127	-1
11705.8438	-1
11712.1748	-1
11718.5059	-1
11724.8369	-1
11731.1680	-1
11737.5020	-1
11743.8359	-1
11750.1699	-1
11756.5039	-1
11762.8379	-1
11769.1719	-1
11775.5078	-1
11781.8438	-1
11788.1797	-1
11794.5156	-1
11800.8516	-1
11807.1875	-1
11813.5244	1
11819.8613	1
11826.1982	1
11832.5352	1
11838.8721	1
11845.2090	1
11851.5459	1
11857.8828	1
11864.2197	1
11870.5566	1
11876.8965	-1
11883.2363	-1
11889.5762	-1
11895.9160	-1
11902.2559	-1
11908.5957	-1
11914.9355	-1
11921.2754	-1
11927.6152	-1
11933.9551	-1
11940.2949	-1
11946.6348	-1
11952.9746	-1
11959.3145	-1
11965.6543	-1
11971.9941	-1
11978.3340	-1
11984.6738	-1
11991.0146	-1
11997.3555	-1
12003.6963	-1
12010.0371	-1
12016.3779	-1
12022.7188	-1
12029.0596	-1
12035.4004	-1
12041.7412	-1
12048.0820	-1
12054.4229	-1
12060.7637	-1
12067.1045	-1
12073.4453	-1
12079.7861	-1
12086.1270	-1
12092.4678	-1
12098.8086	-1
12105.1504	1
12111.4922	1
12117.8350	1
12124.1777	1
12130.5205	1
12136.8633	1
12143.2061	1
12149.5498	1
12155.8936	1
12162.2373	1
12168.5811	1
12174.9248	1
12181.2686	1
12187.6123	1
12193.9619	-1
12200.3115	-1
12206.6611	-1
12213.0107	-1
12219.3604	-1
12225.7100	-1
12232.0596	-1
12238.4092	-1
12244.7588	-1
12251.1084	-1
12257.4580	-1
12263.8076	-1
12270.1572	-1
12276.5068	-1
12282.8564	-1
12289.2061	-1
12295.5557	-1
12301.9053	-1
12308.2549	-1
12314.6045	-1
12320.9541	-1
12327.3037	-1
12333.6533	-1
12340.0029	-1
12346.3525	-1
12352.7021	-1
12359.0518	-1
12365.4014	-1
12371.7510	-1
12378.1006	-1
12384.4502	-1
12390.7998	-1
12397.1494	-1
12403.4990	-1
12409.8486	-1
12416.1982	-1
12422.5479	-1
12428.8975	-1
12435.2471	-1
12441.5967	-1
12447.9463	-1
12454.2959	-1
12460.6455	-1
12466.9951	-1
12473.3447	-1
12479.6943	-1
12486.0439	-1
12492.3936	-1
12498.7441	-1
12505.0947	-1
12511.4453	-1
12517.7959	-1
12524.1465	-1
12530.4971	-1
12536.8477	-1
12543.1982	-1
12549.5488	-1
12555.8994	-1
12562.2500	-1
12568.6006	-1
12574.9541	1
12581.3076	1
12587.6611	1
12594.0146	1
12600.3682	1
12606.7217	1
12613.0752	1
12619.4287	1
12625.7822	1
12632.1357	1
12638.4893	1
12644.8428	1
12651.1963	1
12657.5498	1
12663.9033	1
12670.2568	1
12676.6104	1
12682.9639	1
12689.3174	1
12695.6709	1
12702.0322	-1
12708.3936	-1
12714.7549	-1
12721.1162	-1
12727.4775	-1
12733.8389	-1
12740.2002	-1
12746.5615	-1
12752.9229	-1
12759.2842	-1
12765.6455	-1
12772.0068	-1
12778.3691	-1
12784.7314	-1
12791.0938	-1
12797.4561	-1
12803.8184	-1
12810.1807	-1
12816.5430	-1
12822.9053	-1
12829.2676	-1
12835.6299	-1
12841.9922	-1
12848.3545	-1
12854.7168	-1
12861.0791	-1
12867.4414	-1
12873.8037	-1
12880.1660	-1
12886.5283	-1
12892.8906	-1
12899.2529	-1
12905.6152	-1
12911.9775	-1
12918.3398	-1
12924.7021	-1
12931.0645	-1
12937.4268	-1
12943.7891	-1
12950.1514	-1
12956.5137	-1
12962.8760	-1
12969.2383	-1
12975.6006	-1
12981.9629	-1
12988.3252	-1
12994.6875	-1
13001.0498	-1
13007.4121	-1
13013.7744	-1
13020.1367	-1
13026.4990	-1
13032.8613	-1
13039.2236	-1
13045.5859	-1
13051.9482	-1
13058.3105	-1
13064.6729	-1
13071.0352	-1
13077.3975	-1
13083.7598	-1
13090.1221	-1
13096.4844	-1
13102.8467	-1
13109.2090	-1
13115.5713	-1
13121.9346	-1
13128.2979	-1
13134.6611	-1
13141.0244	-1
13147.3877	-1
13153.7510	-1
13160.1182	1
13166.4854	1
13172.8525	1
13179.2197	1
13185.5869	1
13191.9541	1
13198.3213	1
13204.6885	1
13211.0557	1
13217.4229	1
13223.7900	1
13230.1572	1
13236.5244	1
13242.8916	1
13249.2588	1
13255.6260	1
13261.9932	1
13268.3604	1
13274.7275	1
13281.0947	1
13287.4629	1
13293.8311	1
13300.1992	1
13306.5674	1
13312.9375	-1
13319.3076	-1
13325.6777	-1
13332.0488	-1
13338.4199	-1
13344.7910	-1
13351.1621	-1
13357.5332	-1
13363.9043	-1
13370.2754	-1
13376.6465	-1
13383.0176	-1
13389.3955	-1
13395.7734	-1
13402.1514	-1
13408.5293	-1
13414.9072	-1
13421.2852	-1
13427.6631	-1
13434.0410	-1
13440.4189	-1
13446.7969	-1
13453.1748	-1
13459.5527	-1
13465.9307	-1
13472.3086	-1
13478.6865	-1
13485.0645	-1
13491.4424	-1
13497.8203	-1
13504.1982	-1
13510.5762	-1
13516.9541	-1
13523.3320	-1
13529.7100	-1
13536.0879	-1
13542.4658	-1
13548.8438	-1
13555.2217	-1
13561.5996	-1
13567.9775	-1
13574.3555	-1
13580.7334	-1
13587.1113	-1
13593.4893	-1
13599.8672	-1
13606.2451	-1
13612.6230	-1
13619.0039	-1
13625.3848	-1
13631.7656	-1
13638.1465	-1
13644.5273	-1
13650.9082	-1
13657.2891	-1
13663.6699	-1
13670.0508	-1
13676.4316	-1
13682.8125	-1
13689.1934	-1
13695.5742	-1
13701.9551	-1
13708.3359	-1
13714.7168	-1
13721.0977	-1
13727.4785	-1
13733.8594	-1
13740.2402	-1
13746.6211	-1
13753.0020	-1
13759.3828	-1
13765.7637	-1
13772.1445	-1
13778.5254	-1
13784.9062	-1
13791.2871	-1
13797.6680	-1
13804.0488	-1
13810.4297	-1
13816.8105	-1
13823.1914	-1
13829.5723	-1
13835.9531	-1
13842.3340	-1
13848.7158	1
13855.0977	1
13861.4795	1
13867.8613	1
13874.2432	1
13880.6250	1
13887.0068	1
13893.3887	1
13899.7725	-1
13906.1562	-1
13912.5400	-1
13918.9238	-1
13925.3076	-1
13931.6914	-1
13938.0752	1
13944.4590	1
13950.8428	1
13957.2266	-1
13963.6104	-1
13969.9941	-1
13976.3779	-1
13982.7617	-1
13989.1455	-1
13995.5293	1
14001.9131	1
14008.2969	1
14014.6807	1
14021.0645	1
14027.4482	-1
14033.8320	-1
14040.2158	-1
14046.5996	-1
14052.9834	-1
14059.3672	-1
14065.7510	1
14072.1348	1
14078.5186	1
14084.9023	-1
14091.2861	1
14097.6699	-1
14104.0537	-1
14110.4375	-1
14116.8213	-1
14123.2051	-1
14129.5889	1
14135.9727	-1
14142.3564	-1
14148.7402	-1
14155.1240	-1
14161.5078	-1
14167.8916	-1
14174.2764	-1
14180.6611	-1
14187.0459	-1
14193.4307	-1
14199.8154	-1
14206.2002	-1
14212.5850	-1
14218.9697	-1
14225.3545	-1
14231.7393	-1
14238.1240	-1
14244.5088	-1
14250.8936	-1
14257.2783	-1
14263.6631	-1
14270.0479	-1
14276.4326	-1
14282.8174	-1
14289.2080	-1
14295.5986	-1
14301.9902	-1
14308.3818	-1
14314.7734	-1
14321.1650	-1
14327.5566	-1
14333.9482	-1
14340.3398	-1
14346.7314	-1
14353.1230	-1
14359.5146	-1
14365.9062	-1
14372.2979	-1
14378.6895	-1
14385.0811	-1
14391.4727	-1
14397.8643	-1
14404.2559	-1
14410.6475	-1
14417.0391	-1
14423.4307	-1
14429.8223	-1
14436.2139	-1
14442.6055	-1
14448.9971	-1
14455.3887	-1
14461.7803	-1
14468.1719	-1
14474.5635	-1
14480.9551	-1
14487.3467	-1
14493.7383	-1
14500.1299	-1
14506.5215	-1
14512.9131	-1
14519.3047	-1
14525.6963	-1
14532.0879	-1
14538.4795	-1
14544.8711	-1
14551.2627	-1
14557.6543	-1
14564.0459	-1
14570.4375	-1
14576.8291	-1
14583.2207	-1
14589.6123	-1
14596.0049	-1
14602.3975	-1
14608.7900	-1
14615.1826	-1
14621.5752	-1
14627.9678	-1
14634.3672	-1
14640.7666	-1
14647.1660	-1
14653.5654	-1
14659.9648	-1
14666.3643	-1
14672.7637	-1
14679.1631	-1
14685.5625	-1
14691.9619	-1
14698.3613	-1
14704.7607	-1
14711.1602	-1
14717.5596	-1
14723.9590	-1
14730.3584	-1
14736.7578	-1
14743.1572	-1
14749.5566	-1
14755.9561	-1
14762.3555	-1
14768.7549	-1
14775.1543	-1
14781.5537	-1
14787.9531	-1
14794.3525	-1
14800.7520	-1
14807.1514	-1
14813.5508	-1
14819.9502	-1
14826.3496	-1
14832.7490	-1
14839.1484	-1
14845.5479	-1
14851.9473	-1
14858.3467	-1
14864.7471	-1
14871.1475	-1
14877.5479	-1
14883.9482	-1
14890.3486	-1
14896.7490	-1
14903.1494	-1
14909.5498	-1
14915.9502	-1
14922.3506	-1
14928.7510	-1
14935.1514	-1
14941.5518	-1
14947.9521	-1
14954.3525	-1
14960.7529	-1
14967.1533	-1
14973.5537	-1
14979.9570	-1
14986.3604	-1
14992.7637	-1
14999.1670	-1
15005.5703	-1
15011.9736	-1
15018.3770	-1
15024.7803	-1
15031.1836	-1
15037.5869	-1
15043.9902	-1
15050.3936	-1
15056.7969	-1
15063.2012	-1
15069.6055	-1
15076.0098	-1
15082.4141	-1
15088.8184	-1
15095.2227	-1
15101.6270	-1
15108.0312	-1
15114.4355	-1
15120.8398	-1
15127.2441	-1
15133.6484	-1
15140.0527	-1
15146.4570	-1
15152.8613	-1
15159.2656	-1
15165.6699	-1
15172.0742	-1
15178.4785	-1
15184.8828	-1
15191.2871	-1
15197.6914	-1
15204.0957	-1
15210.5000	-1
15216.9043	-1
15223.3086	-1
15229.7129	-1
15236.1172	-1
15242.5215	-1
15248.9258	-1
15255.3301	-1
15261.7344	-1
15268.1387	-1
15274.5430	-1
15280.9473	-1
15287.3545	-1
15293.7617	-1
15300.1689	-1
15306.5762	-1
15312.9844	-1
15319.3926	-1
15325.8008	-1
15332.2090	-1
15338.6172	-1
15345.0254	-1
15351.4336	-1
15357.8418	-1
15364.2500	-1
15370.6582	-1
15377.0664	-1
15383.4746	-1
15389.8828	-1
15396.2910	-1
15402.6992	-1
15409.1074	-1
15415.5156	-1
15421.9238	-1
15428.3320	-1
15434.7402	-1
15441.1484	-1
15447.5566	-1
15453.9648	-1
15460.3730	-1
15466.7812	-1
15473.1895	-1
15479.5977	-1
15486.0059	-1
15492.4141	-1
15498.8223	-1
15505.2305	-1
15511.6387	-1
15518.0469	-1
15524.4551	-1
15530.8633	-1
15537.2715	-1
15543.6797	-1
15550.0879	-1
15556.4961	-1
15562.9043	-1
15569.3125	-1
15575.7207	-1
15582.1289	-1
15588.5371	-1
15594.9453	-1
15601.3535	-1
15607.7617	-1
15614.1699	-1
15620.5781	-1
15626.9863	-1
15633.3955	-1
15639.8047	-1
15646.2139	-1
15652.6230	-1
15659.0322	-1
15665.4414	-1
15671.8506	-1
15678.2598	-1
15684.6689	-1
15691.0781	-1
15697.4873	-1
15703.8965	-1
15710.3057	-1
15716.7148	-1
15723.1240	-1
15729.5332	-1
15735.9424	-1
15742.3516	-1
15748.7607	-1
15755.1699	-1
15761.5791	-1
15767.9883	-1
15774.3975	-1
15780.8066	-1
15787.2188	-1
15793.6309	-1
15800.0430	-1
15806.4551	-1
15812.8672	-1
15819.2793	-1
15825.6914	-1
15832.1035	-1
15838.5156	-1
15844.9277	-1
15851.3398	-1
15857.7520	-1
15864.1641	-1
15870.5762	-1
15876.9883	-1
15883.4004	-1
15889.8125	-1
15896.2246	-1
15902.6367	-1
15909.0488	-1
15915.4609	-1
15921.8730	-1
15928.2852	-1
15934.6973	-1
15941.1094	-1
15947.5215	-1
15953.9336	-1
15960.3457	-1
15966.7578	-1
15973.1699	-1
15979.5820	-1
15985.9941	-1
15992.4062	-1
15998.8389	1
16005.2734	-1
16011.7090	1
16018.1445	1
16024.5811	-1
16031.0176	-1
16037.4541	-1
16043.8906	-1
16050.3271	-1
16056.7637	-1
16063.2012	-1
16069.6387	-1
16076.0762	-1
16082.5137	-1
16088.9512	-1
16095.3887	-1
16101.8262	1
16108.2637	1
16114.7021	1
16121.1416	1
16127.5811	-1
16134.0205	-1
16140.4600	-1
16146.8994	-1
16153.3389	-1
16159.7783	-1
16166.2178	-1
16172.6572	-1
16179.0967	-1
16185.5361	-1
16191.9756	-1
16198.4150	-1
16204.8555	1
16211.2969	1
16217.7383	-1
16224.1797	-1
16230.6211	-1
16237.0625	-1
16243.5039	-1
16249.9453	-1
16256.3877	1
16262.8301	1
16269.2725	-1
16275.7148	-1
16282.1572	-1
16288.5996	-1
16295.0420	-1
16301.4844	-1
16307.9287	1
16314.3730	1
16320.8174	1
16327.2617	1
16333.7061	-1
16340.1504	-1
16346.5947	-1
16353.0391	-1
16359.4834	-1
16365.9277	-1
16372.3721	-1
16378.8164	-1
16385.2617	-1
16391.7070	-1
16398.1523	-1
16404.5977	-1
16411.0449	-1
16417.4922	-1
16423.9395	-1
16430.3867	-1
16436.8340	-1
16443.2812	-1
16449.7285	-1
16456.1758	-1
16462.6230	-1
16469.0703	-1
16475.5176	-1
16481.9648	-1
16488.4121	1
16494.8594	1
16501.3066	1
16507.7539	1
16514.2031	-1
16520.6523	-1
16527.1016	-1
16533.5508	-1
16540.0000	-1
16546.4492	-1
16552.8984	-1
16559.3477	-1
16565.7969	-1
16572.2461	-1
16578.6953	-1
16585.1445	-1
16591.5938	-1
16598.0430	-1
16604.4922	-1
16610.9414	-1
16617.3906	-1
16623.8398	-1
16630.2891	-1
16636.7383	-1
16643.1875	-1
16649.6367	-1
16656.0859	-1
16662.5352	-1
16668.9863	1
16675.4375	1
16681.8887	1
16688.3398	1
16694.7910	1
16701.2422	1
16707.6934	1
16714.1465	1
16720.5996	1
16727.0527	1
16733.5059	1
16739.9590	1
16746.4121	-1
16752.8652	-1
16759.3184	-1
16765.7715	-1
16772.2246	-1
16778.6777	-1
16785.1309	-1
16791.5840	-1
16798.0371	-1
16804.4902	-1
16810.9434	-1
16817.3965	-1
16823.8496	-1
16830.3027	-1
16836.7559	-1
16843.2090	-1
16849.6621	-1
16856.1152	-1
16862.5684	-1
16869.0215	-1
16875.4746	-1
16881.9277	-1
16888.3809	-1
16894.8340	-1
16901.2910	1
16907.7480	1
16914.2051	1
16920.6621	1
16927.1191	1
16933.5762	1
16940.0332	1
16946.4902	1
16952.9492	-1
16959.4082	-1
16965.8672	-1
16972.3262	-1
16978.7852	-1
16985.2441	-1
16991.7051	-1
16998.1660	-1
17004.6270	-1
17011.0879	-1
17017.5488	-1
17024.0098	-1
17030.4707	-1
17036.9316	-1
17043.3926	-1
17049.8535	-1
17056.3145	-1
17062.7754	-1
17069.2363	-1
17075.6973	-1
17082.1582	-1
17088.6191	-1
17095.0801	-1
17101.5410	-1
17108.0020	-1
17114.4629	-1
17120.9238	-1
17127.3848	-1
17133.8457	-1
17140.3066	-1
17146.7676	-1
17153.2285	-1
17159.6895	-1
17166.1504	-1
17172.6113	-1
17179.0723	-1
17185.5332	-1
17191.9941	-1
17198.4551	-1
17204.9160	-1
17211.3770	-1
17217.8379	-1
17224.2988	-1
17230.7598	-1
17237.2207	-1
17243.6816	-1
17250.1426	-1
17256.6035	-1
17263.0645	-1
17269.5254	-1
17275.9863	-1
17282.4473	-1
17288.9082	-1
17295.3691	-1
17301.8301	1
17308.2910	1
17314.7578	1
17321.2246	1
17327.6914	1
17334.1582	1
17340.6250	1
17347.0918	1
17353.5586	1
17360.0254	1
17366.4922	1
17372.9590	1
17379.4258	1
17385.8926	1
17392.3594	1
17398.8262	1
17405.2930	1
17411.7598	1
17418.2266	-1
17424.6934	-1
17431.1602	-1
17437.6270	-1
17444.0938	-1
17450.5605	-1
17457.0293	-1
17463.4980	-1
17469.9668	-1
17476.4355	-1
17482.9043	-1
17489.3730	-1
17495.8418	-1
17502.3105	-1
17508.7793	-1
17515.2480	-1
17521.7168	-1
17528.1855	-1
17534.6543	-1
17541.1230	-1
17547.5918	-1
17554.0605	-1
17560.5293	-1
17566.9980	-1
17573.4668	-1
17579.9355	-1
17586.4043	-1
17592.8730	-1
17599.3418	-1
17605.8105	-1
17612.2793	1
17618.7480	1
17625.2168	1
17631.6855	1
17638.1562	1
17644.6270	1
17651.0977	-1
17657.5684	-1
17664.0391	-1
17670.5098	-1
17676.9805	-1
17683.4512	-1
17689.9219	-1
17696.3926	-1
17702.8633	-1
17709.3340	-1
17715.8047	-1
17722.2754	-1
17728.7461	-1
17735.2168	-1
17741.6875	-1
17748.1582	-1
17754.6289	-1
17761.0996	-1
17767.5703	-1
17774.0410	-1
17780.5117	-1
17786.9824	-1
17793.4531	-1
17799.9238	-1
17806.3945	-1
17812.8652	-1
17819.3359	-1
17825.8066	-1
17832.2773	-1
17838.7480	-1
17845.2188	-1
17851.6895	-1
17858.1602	-1
17864.6309	-1
17871.1016	-1
17877.5723	-1
17884.0449	-1
17890.5176	-1
17896.9902	-1
17903.4629	-1
17909.9355	-1
17916.4082	-1
17922.8809	-1
17929.3535	-1
17935.8262	-1
17942.2988	-1
17948.7715	-1
17955.2441	-1
17961.7168	-1
17968.1895	-1
17974.6621	-1
17981.1348	-1
17987.6074	-1
17994.0801	-1
18000.5527	-1
18007.0254	-1
18013.4980	-1
18019.9707	-1
18026.4434	-1
18032.9160	-1
18039.3887	-1
18045.8613	-1
18052.3340	-1
18058.8066	-1
18065.2793	-1
18071.7520	-1
18078.2246	-1
18084.6973	-1
18091.1699	-1
18097.6426	-1
18104.1152	-1
18110.5879	-1
18117.0605	-1
18123.5332	-1
18130.0059	-1
18136.4785	-1
18142.9512	-1
18149.4238	-1
18155.9023	-1
18162.3809	-1
18168.8594	-1
18175.3379	-1
18181.8164	-1
18188.2949	-1
18194.7734	-1
18201.2520	-1
18207.7305	-1
18214.2090	-1
18220.6875	-1
18227.1660	-1
18233.6445	-1
18240.1230	-1
18246.6016	-1
18253.0801	-1
18259.5586	-1
18266.0371	-1
18272.5156	-1
18278.9941	-1
18285.4727	-1
18291.9512	-1
18298.4297	-1
18304.9082	-1
18311.3867	-1
18317.8652	-1
18324.3438	-1
18330.8223	-1
18337.3008	-1
18343.7793	-1
18350.2578	-1
18356.7363	-1
18363.2148	-1
18369.6934	-1
18376.1719	-1
18382.6504	-1
18389.1289	-1
18395.6074	-1
18402.0859	-1
18408.5645	-1
18415.0430	-1
18421.5215	-1
18428.0020	-1
18434.4824	-1
18440.9629	-1
18447.4434	-1
18453.9238	-1
18460.4043	-1
18466.8848	-1
18473.3652	-1
18479.8457	-1
18486.3262	-1
18492.8066	-1
18499.2871	-1
18505.7676	-1
18512.2480	-1
18518.7285	-1
18525.2090	-1
18531.6895	-1
18538.1699	-1
18544.6504	-1
18551.1309	-1
18557.6113	-1
18564.0918	-1
18570.5723	-1
18577.0527	-1
18583.5332	-1
18590.0137	-1
18596.4941	-1
18602.9746	-1
18609.4551	-1
18615.9355	-1
18622.4160	-1
18628.8965	-1
18635.3770	-1
18641.8574	-1
18648.3379	-1
18654.8184	-1
18661.2988	-1
18667.7793	-1
18674.2598	-1
18680.7402	-1
18687.2207	-1
18693.7012	-1
18700.1816	-1
18706.6621	-1
18713.1426	-1
18719.6230	-1
18726.1035	-1
18732.5840	-1
18739.0645	-1
18745.5449	-1
18752.0254	-1
18758.5059	-1
18764.9863	-1
18771.4668	-1
18777.9492	-1
18784.4316	-1
18790.9141	-1
18797.4180	1
18803.9238	-1
18810.4297	1
18816.9355	1
18823.4434	-1
18829.9512	-1
18836.4590	-1
18842.9668	-1
18849.4746	-1
18855.9824	-1
18862.4902	1
18868.9980	1
18875.5059	-1
18882.0137	-1
18888.5215	-1
18895.0293	-1
18901.5371	-1
18908.0449	-1
18914.5547	-1
18921.0645	-1
18927.5742	-1
18934.0840	-1
18940.5938	-1
18947.1035	-1
18953.6133	1
18960.1230	1
18966.6328	-1
18973.1426	-1
18979.6523	-1
18986.1621	-1
18992.6719	-1
18999.1816	-1
19005.6934	1
19012.2051	1
19018.7168	1
19025.2285	1
19031.7402	-1
19038.2520	-1
19044.7637	-1
19051.2754	-1
19057.7871	-1
19064.2988	-1
19070.8125	-1
19077.3262	-1
19083.8398	-1
19090.3535	-1
19096.8672	-1
19103.3809	-1
19109.8945	1
19116.4102	-1
19122.9258	-1
19129.4414	-1
19135.9570	-1
19142.4727	-1
19148.9883	-1
19155.5039	1
19162.0195	1
19168.5352	1
19175.0508	-1
19181.5664	-1
19188.0820	-1
19194.5977	-1
19201.1133	-1
19207.6289	-1
19214.1445	-1
19220.6602	-1
19227.1758	-1
19233.6914	-1
19240.2070	-1
19246.7227	-1
19253.2402	-1
19259.7578	-1
19266.2754	-1
19272.7930	-1
19279.3105	-1
19285.8281	-1
19292.3457	1
19298.8633	1
19305.3828	1
19311.9023	1
19318.4219	1
19324.9414	1
19331.4609	1
19337.9805	1
19344.5000	-1
19351.0195	-1
19357.5391	-1
19364.0586	-1
19370.5781	-1
19377.0977	-1
19383.6172	-1
19390.1367	-1
19396.6562	-1
19403.1758	-1
19409.6953	-1
19416.2148	-1
19422.7344	-1
19429.2539	-1
19435.7734	-1
19442.2930	-1
19448.8125	-1
19455.3320	-1
19461.8516	-1
19468.3711	-1
19474.8906	-1
19481.4102	-1
19487.9297	-1
19494.4492	-1
19500.9707	-1
19507.4922	-1
19514.0137	-1
19520.5352	-1
19527.0566	-1
19533.5781	-1
19540.0996	-1
19546.6211	-1
19553.1426	-1
19559.6641	-1
19566.1855	-1
19572.7070	-1
19579.2285	-1
19585.7500	-1
19592.2715	-1
19598.7930	-1
19605.3145	-1
19611.8359	-1
19618.3594	1
19624.8828	1
19631.4062	1
19637.9297	1
19644.4531	1
19650.9785	1
19657.5039	1
19664.0293	1
19670.5547	-1
19677.0801	1
19683.6055	-1
19690.1309	-1
19696.6562	-1
19703.1816	-1
19709.7070	-1
19716.2324	1
19722.7578	1
19729.2832	1
19735.8086	-1
19742.3340	-1
19748.8594	-1
19755.3848	-1
19761.9102	-1
19768.4355	-1
19774.9609	1
19781.4863	1
19788.0117	-1
19794.5371	-1
19801.0625	-1
19807.5879	-1
19814.1133	-1
19820.6387	-1
19827.1660	-1
19833.6934	-1
19840.2207	-1
19846.7480	-1
19853.2754	-1
19859.8027	-1
19866.3301	-1
19872.8574	-1
19879.3848	-1
19885.9121	-1
19892.4395	-1
19898.9668	-1
19905.4941	1
19912.0215	1
19918.5488	-1
19925.0762	-1
19931.6035	-1
19938.1309	-1
19944.6582	-1
19951.1855	-1
19957.7148	1
19964.2441	1
19970.7734	1
19977.3027	1
19983.8320	1
19990.3613	1
19996.8906	1
20003.4199	1
20009.9512	-1
20016.4824	-1
20023.0137	-1
20029.5449	-1
20036.0762	-1
20042.6074	-1
20049.1387	-1
20055.6699	-1
20062.2012	-1
20068.7324	-1
20075.2637	-1
20081.7949	-1
20088.3262	-1
20094.8574	-1
20101.3887	-1
20107.9199	-1
20114.4512	-1
20120.9824	-1
20127.5137	-1
20134.0449	-1
20140.5762	-1
20147.1074	-1
20153.6387	-1
20160.1699	-1
20166.7031	-1
20173.2363	-1
20179.7695	-1
20186.3027	-1
20192.8359	-1
20199.3691	-1
20205.9023	-1
20212.4355	-1
20218.9688	-1
20225.5020	-1
20232.0352	-1
20238.5684	-1
20245.1016	-1
20251.6348	-1
20258.1680	-1
20264.7012	-1
20271.2344	-1
20277.7676	-1
20284.3047	1
20290.8418	1
20297.3789	1
20303.9160	1
20310.4531	1
20316.9902	-1
20323.5273	-1
20330.0645	-1
20336.6016	-1
20343.1387	-1
20349.6758	-1
20356.2129	-1
20362.7500	-1
20369.2871	-1
20375.8242	-1
20382.3613	-1
20388.8984	-1
20395.4355	-1
20401.9727	-1
20408.5098	-1
20415.0469	-1
20421.5840	-1
20428.1211	-1
20434.6602	-1
20441.1992	-1
20447.7383	-1
20454.2773	-1
20460.8164	-1
20467.3555	-1
20473.8945	-1
20480.4336	-1
20486.9727	-1
20493.5117	-1
20500.0508	-1
20506.5898	-1
20513.1289	1
20519.6680	-1
20526.2070	-1
20532.7461	-1
20539.2852	-1
20545.8242	-1
20552.3633	-1
20558.9023	1
20565.4414	1
20571.9805	1
20578.5195	-1
20585.0586	-1
20591.5977	-1
20598.1367	-1
20604.6758	-1
20611.2148	-1
20617.7539	1
20624.2930	-1
20630.8320	-1
20637.3711	-1
20643.9102	-1
20650.4492	-1
20656.9883	-1
20663.5273	-1
20670.0664	-1
20676.6055	-1
20683.1445	-1
20689.6836	-1
20696.2227	-1
20702.7617	-1
20709.3008	-1
20715.8398	-1
20722.3789	-1
20728.9180	-1
20735.4570	-1
20742.0020	-1
20748.5469	-1
20755.0918	-1
20761.6367	-1
20768.1816	-1
20774.7266	-1
20781.2715	-1
20787.8164	-1
20794.3613	-1
20800.9062	-1
20807.4512	-1
20813.9961	-1
20820.5410	-1
20827.0859	-1
20833.6309	-1
20840.1758	-1
20846.7207	-1
20853.2656	-1
20859.8105	-1
20866.3555	-1
20872.9004	-1
20879.4453	-1
20885.9902	-1
20892.5352	-1
20899.0801	-1
20905.6250	-1
20912.1699	-1
20918.7148	-1
20925.2598	-1
20931.8047	-1
20938.3496	-1
20944.8945	-1
20951.4395	-1
20957.9844	-1
20964.5293	-1
20971.0742	-1
20977.6191	-1
20984.1641	-1
20990.7090	-1
20997.2539	-1
21003.7988	-1
21010.3438	-1
21016.8906	-1
21023.4375	-1
21029.9844	-1
21036.5312	-1
21043.0781	-1
21049.6250	-1
21056.1719	-1
21062.7188	-1
21069.2656	-1
21075.8125	-1
21082.3594	-1
21088.9062	-1
21095.4531	-1
21102.0000	-1
21108.5469	-1
21115.0938	-1
21121.6406	-1
21128.1875	-1
21134.7344	-1
21141.2812	-1
21147.8281	-1
21154.3750	-1
21160.9219	-1
21167.4688	-1
21174.0156	-1
21180.5625	-1
21187.1094	-1
21193.6562	-1
21200.2031	-1
21206.7500	-1
21213.2969	-1
21219.8438	-1
21226.3906	-1
21232.9375	-1
21239.4844	-1
21246.0312	-1
21252.5801	-1
21259.1289	-1
21265.6777	-1
21272.2266	-1
21278.7754	-1
21285.3242	-1
21291.8730	-1
21298.4219	-1
21304.9707	-1
21311.5195	-1
21318.0684	-1
21324.6172	-1
21331.1660	-1
21337.7148	-1
21344.2637	-1
21350.8359	1
21357.4102	-1
21363.9844	1
21370.5586	1
21377.1348	-1
21383.7109	-1
21390.2871	-1
21396.8633	-1
21403.4395	-1
21410.0156	-1
21416.5938	-1
21423.1719	-1
21429.7500	-1
21436.3281	-1
21442.9062	-1
21449.4844	-1
21456.0645	1
21462.6445	1
21469.2246	1
21475.8047	1
21482.3867	-1
21488.9688	-1
21495.5508	-1
21502.1328	-1
21508.7148	-1
21515.2969	-1
21521.8789	1
21528.4609	1
21535.0449	-1
21541.6289	-1
21548.2129	-1
21554.7969	-1
21561.3809	-1
21567.9648	-1
21574.5488	1
21581.1328	1
21587.7168	-1
21594.3008	-1
21600.8848	-1
21607.4688	-1
21614.0527	-1
21620.6367	-1
21627.2227	1
21633.8086	1
21640.3945	-1
21646.9805	-1
21653.5664	-1
21660.1523	-1
21666.7383	-1
21673.3242	-1
21679.9102	-1
21686.4961	-1
21693.0820	-1
21699.6680	-1
21706.2539	-1
21712.8398	-1
21719.4277	-1
21726.0156	-1
21732.6035	-1
21739.1914	-1
21745.7793	-1
21752.3672	-1
21758.9570	1
21765.5469	1
21772.1367	1
21778.7266	1
21785.3164	1
21791.9062	1
21798.4980	-1
21805.0898	-1
21811.6816	-1
21818.2734	-1
21824.8652	-1
21831.4570	-1
21838.0488	-1
21844.6406	-1
21851.2324	-1
21857.8242	-1
21864.4160	-1
21871.0078	-1
21877.5996	-1
21884.1914	-1
21890.7832	-1
21897.3750	-1
21903.9668	-1
21910.5586	-1
21917.1504	-1
21923.7422	-1
21930.3340	-1
21936.9258	-1
21943.5176	-1
21950.1094	-1
21956.7051	1
21963.3008	1
21969.8965	1
21976.4922	1
21983.0879	1
21989.6836	1
21996.2793	1
22002.8750	1
22009.4727	-1
22016.0703	-1
22022.6680	-1
22029.2656	-1
22035.8633	-1
22042.4609	-1
22049.0586	-1
22055.6562	-1
22062.2539	-1
22068.8516	-1
22075.4492	-1
22082.0469	-1
22088.6445	-1
22095.2422	-1
22101.8398	-1
22108.4375	-1
22115.0352	-1
22121.6328	-1
22128.2305	-1
22134.8281	-1
22141.4258	-1
22148.0234	-1
22154.6211	-1
22161.2188	-1
22167.8164	-1
22174.4141	-1
22181.0117	-1
22187.6094	-1
22194.2070	-1
22200.8047	-1
22207.4023	-1
22214.0000	-1
22220.5977	-1
22227.1953	-1
22233.7930	-1
22240.3906	-1
22246.9902	1
22253.5898	1
22260.1895	1
22266.7891	1
22273.3906	1
22279.9922	1
22286.5938	1
22293.1953	1
22299.7969	1
22306.3984	1
22313.0020	1
22319.6055	1
22326.2129	-1
22332.8203	-1
22339.4277	-1
22346.0352	-1
22352.6426	-1
22359.2500	-1
22365.8574	-1
22372.4648	-1
22379.0723	-1
22385.6797	-1
22392.2871	-1
22398.8945	-1
22405.5020	-1
22412.1094	-1
22418.7168	-1
22425.3242	-1
22431.9316	-1
22438.5391	-1
22445.1465	-1
22451.7539	-1
22458.3613	-1
22464.9688	-1
22471.5762	-1
22478.1836	-1
22484.7969	-1
22491.4102	-1
22498.0234	-1
22504.6367	-1
22511.2500	-1
22517.8633	-1
22524.4766	-1
22531.0898	-1
22537.7031	-1
22544.3164	-1
22550.9297	-1
22557.5430	-1
22564.1562	1
22570.7695	1
22577.3828	1
22583.9961	1
22590.6094	1
22597.2227	1
22603.8359	1
22610.4492	1
22617.0645	-1
22623.6797	-1
22630.2949	-1
22636.9102	-1
22643.5254	-1
22650.1406	-1
22656.7559	-1
22663.3711	-1
22669.9863	-1
22676.6016	-1
22683.2168	-1
22689.8320	-1
22696.4473	-1
22703.0625	-1
22709.6777	-1
22716.2930	-1
22722.9082	-1
22729.5234	-1
22736.1387	-1
22742.7539	-1
22749.3691	-1
22755.9844	-1
22762.5996	-1
22769.2148	-1
22775.8320	1
22782.4492	1
22789.0664	1
22795.6836	1
22802.3008	1
22808.9180	1
22815.5352	1
22822.1523	1
22828.7695	1
22835.3867	1
22842.0039	1
22848.6211	1
22855.2441	-1
22861.8672	-1
22868.4902	-1
22875.1133	-1
22881.7363	-1
22888.3594	-1
22894.9824	-1
22901.6055	-1
22908.2285	-1
22914.8516	-1
22921.4746	-1
22928.0977	-1
22934.7207	-1
22941.3438	-1
22947.9668	-1
22954.5898	-1
22961.2129	-1
22967.8359	-1
22974.4590	-1
22981.0820	-1
22987.7051	-1
22994.3281	-1
23000.9512	-1
23007.5742	-1
23014.1992	-1
23020.8242	-1
23027.4492	-1
23034.0742	-1
23040.6992	-1
23047.3242	-1
23053.9492	-1
23060.5742	-1
23067.1992	-1
23073.8242	-1
23080.4492	-1
23087.0742	-1
23093.6992	-1
23100.3242	-1
23106.9492	-1
23113.5742	-1
23120.1992	-1
23126.8242	-1
23133.4492	-1
23140.0742	-1
23146.6992	-1
23153.3242	-1
23159.9492	-1
23166.5742	-1
23173.1992	-1
23179.8242	-1
23186.4492	-1
23193.0742	-1
23199.6992	-1
23206.3242	-1
23212.9492	-1
23219.5742	-1
23226.1992	-1
23232.8242	-1
23239.4492	-1
23246.0742	-1
23252.7031	-1
23259.3320	-1
23265.9609	-1
23272.5898	-1
23279.2188	-1
23285.8477	-1
23292.4766	-1
23299.1055	-1
23305.7344	-1
23312.3633	-1
23318.9922	-1
23325.6211	-1
23332.2500	-1
23338.8789	-1
23345.5078	-1
23352.1367	-1
23358.7656	-1
23365.3945	-1
23372.0234	-1
23378.6523	-1
23385.2812	-1
23391.9102	-1
23398.5391	-1
23405.1680	-1
23411.7969	-1
23418.4258	-1
23425.0547	-1
23431.6836	-1
23438.3125	-1
23444.9414	-1
23451.5703	-1
23458.1992	-1
23464.8281	-1
23471.4570	-1
23478.0859	-1
23484.7148	-1
23491.3438	-1
23497.9727	-1
23504.6016	-1
23511.2305	-1
23517.8594	-1
23524.4883	-1
23531.1172	-1
23537.7461	-1
23544.3750	-1
23551.0039	-1
23557.6328	-1
23564.2617	-1
23570.8906	-1
23577.5195	-1
23584.1484	-1
23590.7773	-1
23597.4062	-1
23604.0352	-1
23610.6660	-1
23617.2969	-1
23623.9277	-1
23630.5586	-1
23637.1895	-1
23643.8203	-1
23650.4512	-1
23657.0820	-1
23663.7129	-1
23670.3438	-1
23676.9746	-1
23683.6055	-1
23690.2363	1
23696.8672	1
23703.4980	1
23710.1289	1
23716.7598	1
23723.3906	1
23730.0215	1
23736.6523	1
23743.2832	1
23749.9141	1
23756.5449	1
23763.1758	1
23769.8066	1
23776.4395	-1
23783.0723	-1
23789.7051	-1
23796.3379	-1
23802.9707	-1
23809.6035	-1
23816.2363	-1
23822.8691	-1
23829.5020	-1
23836.1348	-1
23842.7676	-1
23849.4004	-1
23856.0352	-1
23862.6699	-1
23869.3047	-1
23875.9395	-1
23882.5742	-1
23889.2090	-1
23895.8438	-1
23902.4785	-1
23909.1133	-1
23915.7480	-1
23922.3828	-1
23929.0176	-1
23935.6523	-1
23942.2871	-1
23948.9219	-1
23955.5566	-1
23962.1914	-1
23968.8262	-1
23975.4609	-1
23982.0957	-1
23988.7305	-1
23995.3652	-1
24002.0000	-1
24008.6348	-1
24015.2695	-1
24021.9043	-1
24028.5391	-1
24035.1738	-1
24041.8086	-1
24048.4434	-1
24055.0820	-1
24061.7207	-1
24068.3594	-1
24074.9980	-1
24081.6367	-1
24088.2754	-1
24094.9141	-1
24101.5527	-1
24108.1914	-1
24114.8301	-1
24121.4688	-1
24128.1074	-1
24134.7480	-1
24141.3887	-1
24148.0293	-1
24154.6699	-1
24161.3105	-1
24167.9512	-1
24174.5918	-1
24181.2324	-1
24187.8730	-1
24194.5137	-1
24201.1543	-1
24207.7949	-1
24214.4355	-1
24221.0762	-1
24227.7168	-1
24234.3574	-1
24240.9980	-1
24247.6387	-1
24254.2793	-1
24260.9199	-1
24267.5605	-1
24274.2012	-1
24280.8418	-1
24287.4824	-1
24294.1250	-1
24300.7676	-1
24307.4102	-1
24314.0527	-1
24320.6953	-1
24327.3379	-1
24333.9805	-1
24340.6230	-1
24347.2656	-1
24353.9082	-1
24360.5508	-1
24367.1934	-1
24373.8359	-1
24380.4785	-1
24387.1211	-1
24393.7637	-1
24400.4062	-1
24407.0488	-1
24413.6914	-1
24420.3340	-1
24426.9766	-1
24433.6191	-1
24440.2617	-1
24446.9043	-1
24453.5488	-1
24460.1934	-1
24466.8379	-1
24473.4824	-1
24480.1270	-1
24486.7715	-1
24493.4160	-1
24500.0605	-1
24506.7051	-1
24513.3496	-1
24519.9941	-1
24526.6387	-1
24533.2832	-1
24540.1016	1
24546.9199	1
24553.7383	-1
24560.5566	-1
24567.3750	-1
24574.1934	-1
24581.0117	-1
24587.8301	-1
24594.6504	-1
24601.4707	-1
24608.2910	-1
24615.1113	-1
24621.9316	-1
24628.7520	-1
24635.5859	1
24642.4219	-1
24649.2578	1
24656.0938	1
24662.9297	-1
24669.7656	-1
24676.6035	-1
24683.4414	-1
24690.2793	-1
24697.1172	-1
24703.9551	-1
24710.7930	-1
24717.6309	-1
24724.4688	-1
24731.3066	-1
24738.1445	-1
24744.9824	1
24751.8203	1
24758.6582	1
24765.4961	1
24772.3359	-1
24779.1758	-1
24786.0156	-1
24792.8555	-1
24799.6953	-1
24806.5352	-1
24813.3750	-1
24820.2148	-1
24827.0547	-1
24833.8945	-1
24840.7344	-1
24847.5742	-1
24854.4141	-1
24861.2539	-1
24868.0938	-1
24874.9336	-1
24881.7734	-1
24888.6133	-1
24895.4531	-1
24902.2930	-1
24909.1328	-1
24915.9727	-1
24922.8125	-1
24929.6660	1
24936.5215	-1
24943.3770	1
24950.2324	1
24957.0879	-1
24963.9434	-1
24970.7988	-1
24977.6543	-1
24984.5098	-1
24991.3652	-1
24998.2207	-1
25005.0762	-1
25011.9316	-1
25018.7871	-1
25025.6426	-1
25032.4980	-1
25039.3555	1
25046.2129	1
25053.0703	1
25059.9277	1
25066.7852	-1
25073.6426	-1
25080.5000	-1
25087.3574	-1
25094.2148	-1
25101.0723	-1
25107.9316	1
25114.7910	1
25121.6504	-1
25128.5098	-1
25135.3691	-1
25142.2285	-1
25149.0879	-1
25155.9473	-1
25162.8066	-1
25169.6660	-1
25176.5254	-1
25183.3848	-1
25190.2441	-1
25197.1035	-1
25203.9629	-1
25210.8223	-1
25217.6816	-1
25224.5410	-1
25231.4004	-1
25238.2598	-1
25245.1191	1
25251.9785	1
25258.8379	1
25265.6973	1
25272.5566	-1
25279.4160	-1
25286.2754	-1
25293.1348	-1
25299.9941	-1
25306.8535	-1
25313.7129	1
25320.5723	1
25327.4336	-1
25334.2949	-1
25341.1562	-1
25348.0176	-1
25354.8789	-1
25361.7402	-1
25368.6035	-1
25375.4668	-1
25382.3301	-1
25389.1934	-1
25396.0566	-1
25402.9199	-1
25409.7852	-1
25416.6504	-1
25423.5156	-1
25430.3809	-1
25437.2461	-1
25444.1113	-1
25450.9766	-1
25457.8418	-1
25464.7070	-1
25471.5723	-1
25478.4375	-1
25485.3027	-1
25492.1680	-1
25499.0332	-1
25505.8984	-1
25512.7637	-1
25519.6289	-1
25526.4941	-1
25533.3594	-1
25540.2246	-1
25547.0898	-1
25553.9551	-1
25560.8203	-1
25567.6855	-1
25574.5508	-1
25581.4160	-1
25588.2812	-1
25595.1621	1
25602.0449	-1
25608.9277	1
25615.8105	1
25622.6934	-1
25629.5762	-1
25636.4590	-1
25643.3418	-1
25650.2246	-1
25657.1074	-1
25663.9922	-1
25670.8770	-1
25677.7617	-1
25684.6465	-1
25691.5312	-1
25698.4160	-1
25705.3008	1
25712.1855	1
25719.0703	1
25725.9551	1
25732.8418	-1
25739.7285	-1
25746.6152	-1
25753.5020	-1
25760.3887	-1
25767.2754	-1
25774.1621	-1
25781.0488	-1
25787.9355	-1
25794.8223	-1
25801.7090	-1
25808.5957	-1
25815.4824	-1
25822.3691	-1
25829.2559	-1
25836.1426	-1
25843.0293	-1
25849.9160	-1
25856.8027	-1
25863.6895	-1
25870.5762	-1
25877.4629	-1
25884.3496	-1
25891.2363	-1
25898.1230	1
25905.0098	1
25911.8965	1
25918.7832	1
25925.6699	1
25932.5566	1
25939.4434	1
25946.3301	1
25953.2188	-1
25960.1074	-1
25966.9961	-1
25973.8848	-1
25980.7734	-1
25987.6621	-1
25994.5508	-1
26001.4395	-1
26008.3281	-1
26015.2168	-1
26022.1055	-1
26028.9941	-1
26035.8828	-1
26042.7715	-1
26049.6602	-1
26056.5488	-1
26063.4375	-1
26070.3262	-1
26077.2168	1
26084.1074	1
26090.9980	1
26097.8887	1
26104.7793	1
26111.6699	1
26118.5605	-1
26125.4512	-1
26132.3418	-1
26139.2324	-1
26146.1230	-1
26153.0137	-1
26159.9043	-1
26166.7949	-1
26173.6855	-1
26180.5762	-1
26187.4668	-1
26194.3574	-1
26201.2480	-1
26208.1387	-1
26215.0293	-1
26221.9199	-1
26228.8105	-1
26235.7012	-1
26242.5918	-1
26249.4824	-1
26256.3730	-1
26263.2637	-1
26270.1543	-1
26277.0449	-1
26283.9375	-1
26290.8301	-1
26297.7227	-1
26304.6152	-1
26311.5078	-1
26318.4004	-1
26325.2930	1
26332.1855	1
26339.0781	1
26345.9707	1
26352.8633	1
26359.7578	1
26366.6523	1
26373.5469	1
26380.4414	1
26387.3359	1
26394.2305	-1
26401.1250	-1
26408.0195	-1
26414.9141	-1
26421.8086	-1
26428.7031	-1
26435.5977	-1
26442.4922	-1
26449.3867	-1
26456.2812	-1
26463.1758	-1
26470.0703	-1
26476.9648	-1
26483.8594	-1
26490.7539	-1
26497.6484	-1
26504.5430	-1
26511.4375	-1
26518.3320	-1
26525.2266	-1
26532.1211	-1
26539.0156	-1
26545.9102	-1
26552.8047	-1
26559.6992	1
26566.5938	1
26573.4902	1
26580.3867	1
26587.2832	1
26594.1797	1
26601.0762	1
26607.9727	1
26614.8691	-1
26621.7656	-1
26628.6621	-1
26635.5586	-1
26642.4551	-1
26649.3516	-1
26656.2480	-1
26663.1445	-1
26670.0410	-1
26676.9375	-1
26683.8340	-1
26690.7305	-1
26697.6270	1
26704.5254	1
26711.4238	1
26718.3223	1
26725.2207	-1
26732.1191	-1
26739.0176	-1
26745.9160	-1
26752.8145	-1
26759.7129	-1
26766.6133	-1
26773.5137	-1
26780.4141	-1
26787.3145	-1
26794.2148	-1
26801.1152	-1
26808.0176	1
26814.9199	1
26821.8242	1
26828.7285	1
26835.6328	-1
26842.5371	-1
26849.4414	-1
26856.3457	-1
26863.2500	-1
26870.1543	-1
26877.0586	-1
26883.9629	-1
26890.8672	-1
26897.7715	-1
26904.6758	-1
26911.5801	-1
26918.4844	-1
26925.3887	-1
26932.2930	-1
26939.1973	-1
26946.1016	-1
26953.0059	-1
26959.9102	1
26966.8145	1
26973.7188	1
26980.6230	1
26987.5273	-1
26994.4316	1
27001.3359	-1
27008.2402	-1
27015.1445	-1
27022.0488	-1
27028.9531	-1
27035.8574	1
27042.7617	-1
27049.6660	-1
27056.5703	-1
27063.4746	-1
27070.3789	-1
27077.2832	-1
27084.1895	-1
27091.0957	-1
27098.0020	-1
27104.9082	-1
27111.8145	-1
27118.7207	-1
27125.6270	-1
27132.5332	-1
27139.4395	-1
27146.3457	-1
27153.2520	-1
27160.1582	-1
27167.0645	-1
27173.9707	-1
27180.8770	-1
27187.7832	-1
27194.6895	-1
27201.5957	-1
27208.5020	-1
27215.4082	-1
27222.3145	-1
27229.2207	-1
27236.1270	-1
27243.0332	-1
27249.9395	-1
27256.8457	-1
27263.7520	-1
27270.6582	-1
27277.5645	-1
27284.4707	-1
27291.3770	1
27298.2832	1
27305.1895	-1
27312.0957	-1
27319.0020	-1
27325.9082	-1
27332.8145	-1
27339.7207	-1
27346.6289	1
27353.5371	1
27360.4453	1
27367.3535	1
27374.2617	1
27381.1699	1
27388.0781	1
27394.9863	1
27401.8945	1
27408.8027	1
27415.7109	1
27422.6191	1
27429.5273	1
27436.4355	-1
27443.3438	-1
27450.2520	-1
27457.1602	-1
27464.0684	-1
27470.9766	-1
27477.8848	1
27484.7930	-1
27491.7012	-1
27498.6094	-1
27505.5176	-1
27512.4258	-1
27519.3340	-1
27526.2441	-1
27533.1543	-1
27540.0645	-1
27546.9746	-1
27553.8848	-1
27560.7949	-1
27567.7051	-1
27574.6152	-1
27581.5254	-1
27588.4355	-1
27595.3457	-1
27602.2559	-1
27609.1660	-1
27616.0762	-1
27622.9863	-1
27629.8965	-1
27636.8066	-1
27643.7168	-1
27650.6270	-1
27657.5371	-1
27664.4473	-1
27671.3574	-1
27678.2676	-1
27685.1777	-1
27692.0879	-1
27698.9980	-1
27705.9082	-1
27712.8184	-1
27719.7285	-1
27726.6387	-1
27733.5508	-1
27740.4629	-1
27747.3750	-1
27754.2871	-1
27761.1992	-1
27768.1113	-1
27775.0234	-1
27781.9355	-1
27788.8477	-1
27795.7598	-1
27802.6719	-1
27809.5840	-1
27816.4980	-1
27823.4121	-1
27830.3262	-1
27837.2402	-1
27844.1543	-1
27851.0684	-1
27857.9824	-1
27864.8965	-1
27871.8105	-1
27878.7246	-1
27885.6387	-1
27892.5527	-1
27899.4668	1
27906.3809	1
27913.2949	-1
27920.2090	1
27927.1230	-1
27934.0371	-1
27940.9512	-1
27947.8652	-1
27954.7793	-1
27961.6934	1
27968.6074	1
27975.5215	1
27982.4355	1
27989.3496	-1
27996.2637	-1
28003.1777	-1
28010.0918	-1
28017.0059	-1
28023.9199	-1
28030.8340	1
28037.7480	1
28044.6621	-1
28051.5762	-1
28058.4902	-1
28065.4043	-1
28072.3184	-1
28079.2324	-1
28086.1465	-1
28093.0605	-1
28099.9746	-1
28106.8887	-1
28113.8027	-1
28120.7168	-1
28127.6309	-1
28134.5449	-1
28141.4590	-1
28148.3730	-1
28155.2871	-1
28162.2012	-1
28169.1152	-1
28176.0293	-1
28182.9434	-1
28189.8574	-1
28196.7715	-1
28203.6855	-1
28210.6055	-1
28217.5254	-1
28224.4453	-1
28231.3652	-1
28238.2852	-1
28245.2051	-1
28252.1250	-1
28259.0449	-1
28265.9648	-1
28272.8848	-1
28279.8047	-1
28286.7246	-1
28293.6445	-1
28300.5645	-1
28307.4844	-1
28314.4043	-1
28321.3242	-1
28328.2441	-1
28335.1641	-1
28342.0840	-1
28349.0039	-1
28355.9238	-1
28362.8438	-1
28369.7637	-1
28376.6836	-1
28383.6035	-1
28390.5234	-1
28397.4434	-1
28404.3633	-1
28411.2832	-1
28418.2031	-1
28425.1230	-1
28432.0430	-1
28438.9629	-1
28445.8828	-1
28452.8027	-1
28459.7227	-1
28466.6426	-1
28473.5625	-1
28480.4824	-1
28487.4023	-1
28494.3223	-1
28501.2461	-1
28508.1699	-1
28515.0938	-1
28522.0176	-1
28528.9414	-1
28535.8652	-1
28542.7891	-1
28549.7129	-1
28556.6367	-1
28563.5605	-1
28570.4844	-1
28577.4082	-1
28584.3340	-1
28591.2598	-1
28598.1855	-1
28605.1113	-1
28612.0371	-1
28618.9629	-1
28625.8887	-1
28632.8145	-1
28639.7402	-1
28646.6660	-1
28653.5918	-1
28660.5176	-1
28667.4434	-1
28674.3691	-1
28681.2949	-1
28688.2207	-1
28695.1465	-1
28702.0723	-1
28708.9980	-1
28715.9238	-1
28722.8496	-1
28729.7754	-1
28736.7012	-1
28743.6270	-1
28750.5527	-1
28757.4785	-1
28764.4043	-1
28771.3301	-1
28778.2559	-1
28785.1816	-1
28792.1074	-1
28799.0332	-1
28805.9590	-1
28812.8848	-1
28819.8105	-1
28826.7363	-1
28833.6621	-1
28840.5879	-1
28847.5137	-1
28854.4395	-1
28861.3652	-1
28868.2910	-1
28875.2168	-1
28882.1426	-1
28889.0684	-1
28895.9941	-1
28902.9199	-1
28909.8457	-1
28916.7715	-1
28923.6973	-1
28930.6230	-1
28937.5488	-1
28944.4746	-1
28951.4004	-1
28958.3262	-1
28965.2520	-1
28972.1777	-1
28979.1035	-1
28986.0293	-1
28992.9551	-1
28999.8828	-1
29006.8105	-1
29013.7383	-1
29020.6660	-1
29027.5938	-1
29034.5215	-1
29041.4492	-1
29048.3770	-1
29055.3047	-1
29062.2324	-1
29069.1602	-1
29076.0898	-1
29083.0195	-1
29089.9492	-1
29096.8789	-1
29103.8086	-1
29110.7383	-1
29117.6680	-1
29124.5977	-1
29131.5273	-1
29138.4570	-1
29145.3867	-1
29152.3164	-1
29159.2461	-1
29166.1758	-1
29173.1055	-1
29180.0352	-1
29186.9648	-1
29193.8945	-1
29200.8242	-1
29207.7539	-1
29214.6836	-1
29221.6133	-1
29228.5430	-1
29235.4727	-1
29242.4023	-1
29249.3320	-1
29256.2617	-1
29263.1914	-1
29270.1211	-1
29277.0508	-1
29283.9805	-1
29290.9102	-1
29297.8398	-1
29304.7695	-1
29311.6992	-1
29318.6289	-1
29325.5586	-1
29332.5020	1
29339.4453	-1
29346.3906	1
29353.3359	1
29360.2812	-1
29367.2266	-1
29374.1719	-1
29381.1172	-1
29388.0625	-1
29395.0078	-1
29401.9531	-1
29408.8984	-1
29415.8438	-1
29422.7891	-1
29429.7461	1
29436.7051	-1
29443.6660	1
29450.6270	1
29457.5898	-1
29464.5527	-1
29471.5156	-1
29478.4785	-1
29485.4414	-1
29492.4043	-1
29499.3672	-1
29506.3301	-1
29513.2930	-1
29520.2559	-1
29527.2324	1
29534.2109	-1
29541.1895	1
29548.1680	1
29555.1484	-1
29562.1289	-1
29569.1094	-1
29576.0898	-1
29583.0703	-1
29590.0508	-1
29597.0312	-1
29604.0117	-1
29610.9922	-1
29617.9727	-1
29624.9531	-1
29631.9336	-1
29638.9141	1
29645.8945	1
29652.8750	1
29659.8555	1
29666.8379	-1
29673.8203	-1
29680.8027	-1
29687.7852	-1
29694.7676	-1
29701.7500	-1
29708.7324	-1
29715.7148	-1
29722.6973	-1
29729.6797	-1
29736.6621	-1
29743.6445	-1
29750.6270	-1
29757.6094	-1
29764.5918	-1
29771.5742	-1
29778.5566	-1
29785.5391	-1
29792.5215	-1
29799.5039	-1
29806.4863	-1
29813.4688	-1
29820.4512	-1
29827.4336	-1
29834.4160	1
29841.3984	1
29848.3828	1
29855.3672	1
29862.3516	1
29869.3359	1
29876.3203	1
29883.3047	1
29890.2891	-1
29897.2734	-1
29904.2578	-1
29911.2422	-1
29918.2266	-1
29925.2109	-1
29932.1953	1
29939.1797	1
29946.1660	-1
29953.1523	-1
29960.1387	-1
29967.1250	-1
29974.1113	-1
29981.0977	-1
29988.0840	1
29995.0703	1
30002.0566	-1
30009.0430	-1
30016.0293	-1
30023.0156	-1
30030.0020	-1
30036.9883	-1
30043.9746	-1
30050.9609	-1
30057.9473	-1
30064.9336	-1
30071.9199	-1
30078.9062	-1
30085.8926	1
30092.8789	1
30099.8652	-1
30106.8516	-1
30113.8379	-1
30120.8242	-1
30127.8105	-1
30134.7969	-1
30141.7852	-1
30148.7734	-1
30155.7617	-1
30162.7500	-1
30169.7383	-1
30176.7266	-1
30183.7148	-1
30190.7031	-1
30197.6914	-1
30204.6797	-1
30211.6680	-1
30218.6562	-1
30225.6445	-1
30232.6328	-1
30239.6211	-1
30246.6094	-1
30253.5977	-1
30260.5859	-1
30267.5742	-1
30274.5625	-1
30281.5508	-1
30288.5391	-1
30295.5273	-1
30302.5156	-1
30309.5059	-1
30316.4961	-1
30323.4863	-1
30330.4766	-1
30337.4668	-1
30344.4570	-1
30351.4473	-1
30358.4375	-1
30365.4277	-1
30372.4180	-1
30379.4082	-1
30386.3984	-1
30393.3887	-1
30400.3789	-1
30407.3691	-1
30414.3594	-1
30421.3496	-1
30428.3398	-1
30435.3301	-1
30442.3203	-1
30449.3105	-1
30456.3008	-1
30463.2910	-1
30470.2812	-1
30477.2715	-1
30484.2617	-1
30491.2656	1
30498.2715	-1
30505.2773	1
30512.2832	1
30519.2891	-1
30526.2949	-1
30533.3027	-1
30540.3262	1
30547.3516	-1
30554.3770	1
30561.4023	1
30568.4297	-1
30575.4570	-1
30582.4844	-1
30589.5117	-1
30596.5391	-1
30603.5664	-1
30610.5938	-1
30617.6211	-1
30624.6484	-1
30631.6758	-1
30638.7031	-1
30645.7305	-1
30652.7578	1
30659.7852	1
30666.8125	1
30673.8398	1
30680.8691	-1
30687.8984	-1
30694.9277	-1
30701.9570	-1
30708.9863	-1
30716.0156	-1
30723.0449	-1
30730.0742	-1
30737.1035	-1
30744.1328	-1
30751.1621	-1
30758.1914	-1
30765.2207	-1
30772.2500	-1
30779.2793	-1
30786.3086	-1
30793.3379	-1
30800.3672	-1
30807.3965	-1
30814.4258	-1
30821.4551	-1
30828.4844	-1
30835.5137	-1
30842.5566	1
30849.6016	-1
30856.6465	1
30863.6914	1
30870.7383	-1
30877.7852	-1
30884.8320	-1
30891.8789	-1
30898.9375	1
30905.9980	-1
30913.0586	1
30920.1191	1
30927.1797	-1
30934.2402	-1
30941.3008	-1
30948.3613	-1
30955.4219	-1
30962.4824	-1
30969.5449	-1
30976.6074	-1
30983.6699	-1
30990.7324	-1
30997.7949	-1
31004.8574	-1
31011.9199	1
31018.9824	1
31026.0449	1
31033.1074	1
31040.1719	-1
31047.2363	-1
31054.3008	-1
31061.3652	-1
31068.4297	-1
31075.4941	-1
31082.5586	-1
31089.6230	-1
31096.6875	-1
31103.7520	-1
31110.8164	-1
31117.8809	-1
31124.9453	-1
31132.0098	-1
31139.0742	-1
31146.1387	-1
31153.2031	-1
31160.2676	-1
31167.3320	1
31174.3965	1
31181.4609	1
31188.5254	-1
31195.5898	-1
31202.6543	-1
31209.7188	-1
31216.7832	-1
31223.8477	-1
31230.9160	-1
31237.9844	-1
31245.0527	-1
31252.1211	-1
31259.1895	-1
31266.2578	-1
31273.3281	-1
31280.3984	-1
31287.4688	-1
31294.5391	-1
31301.6094	-1
31308.6797	-1
31315.7500	-1
31322.8320	1
31329.9160	-1
31337.0000	1
31344.0840	1
31351.1680	-1
31358.2520	-1
31365.3359	-1
31372.4199	-1
31379.5039	-1
31386.5879	-1
31393.6719	-1
31400.7559	-1
31407.8398	-1
31414.9238	-1
31422.0078	-1
31429.0918	-1
31436.1777	1
31443.2637	1
31450.3496	1
31457.4355	1
31464.5215	-1
31471.6074	-1
31478.6934	-1
31485.7793	-1
31492.8652	-1
31499.9512	-1
31507.0371	-1
31514.1230	-1
31521.2090	-1
31528.2949	-1
31535.3809	-1
31542.4668	-1
31549.5527	-1
31556.6387	-1
31563.7246	-1
31570.8105	-1
31577.8965	-1
31584.9824	-1
31592.0684	-1
31599.1699	1
31606.2734	-1
31613.3770	1
31620.4805	1
31627.5859	-1
31634.6914	-1
