0.0000	0
0.1173	1
1.2007	2
1.3462	2
1.4719	2
1.7234	2
1.8225	2
2.0832	2
2.5281	2
2.5925	2
2.8627	2
2.8879	2
2.9329	2
2.9340	2
3.0155	2
3.0487	2
3.3014	2
3.4471	2
3.4698	2
3.5819	-1
3.9166	2
3.9693	2
4.0897	2
4.0986	2
4.1599	-2
4.4363	2
4.4378	2
4.4770	2
4.8643	2
4.8749	2
5.0625	2
5.1635	2
5.7610	-2
6.0274	2
6.9173	2
7.0472	1
7.2586	2
7.6226	-2
7.9390	-2
9.1791	-2
10.9475	-2
14.4169	1
21.7882	-1
29.1599	1
36.5316	1
43.9044	-1
51.2773	-1
58.6502	-1
66.0231	-1
73.3960	-1
80.7690	-1
88.1420	-1
95.5150	-1
102.8880	-1
110.2610	-1
117.6340	-1
125.0070	-1
132.3803	1
139.7537	1
147.1271	1
154.5005	1
161.8755	-1
169.2505	-1
176.6255	-1
184.0005	-1
191.3755	-1
198.7505	-1
206.1256	-1
213.5007	-1
220.8758	-1
228.2509	-1
235.6260	-1
243.0011	-1
250.3763	-1
257.7516	-1
265.1268	-1
272.5020	-1
279.8773	-1
287.2525	-1
294.6279	-1
302.0032	-1
309.3785	-1
316.7539	-1
324.1292	-1
331.5045	-1
338.8801	1
346.2556	1
353.6312	1
361.0070	1
368.3827	1
375.7585	1
383.1343	1
390.5102	1
397.8887	-1
405.2673	-1
412.6458	-1
420.0244	-1
427.4029	-1
434.7814	-1
442.1601	-1
449.5388	-1
456.9174	-1
464.2961	-1
471.6747	-1
479.0534	-1
486.4322	-1
493.8109	-1
501.1897	-1
508.5685	-1
515.9473	-1
523.3260	-1
530.7049	-1
538.0837	-1
545.4626	-1
552.8414	-1
560.2203	-1
567.5992	-1
574.9782	-1
582.3572	-1
589.7361	-1
597.1151	-1
604.4941	-1
611.8730	-1
619.2521	-1
626.6312	-1
634.0103	-1
641.3893	-1
648.7684	-1
656.1475	-1
663.5268	-1
670.9061	-1
678.2853	-1
685.6646	-1
693.0439	-1
700.4232	-1
707.8025	-1
715.1819	-1
722.5613	-1
729.9407	-1
737.3201	-1
744.6995	-1
752.0790	1
759.4586	1
766.8383	1
774.2179	1
781.5976	1
788.9773	1
796.3571	1
803.7388	-1
811.1205	-1
818.5022	-1
825.8839	-1
833.2656	-1
840.6473	-1
848.0292	-1
855.4110	-1
862.7928	-1
870.1747	-1
877.5565	-1
884.9384	-1
892.3209	-1
899.7034	-1
907.0859	-1
914.4684	-1
921.8509	-1
929.2334	-1
936.6163	-1
943.9991	-1
951.3820	-1
958.7649	-1
966.1478	-1
973.5307	-1
980.9141	-1
988.2974	-1
995.6808	-1
1003.0643	-1
1010.4477	-1
1017.8311	-1
1025.2146	-1
1032.5981	-1
1039.9817	-1
1047.3652	-1
1054.7488	-1
1062.1323	-1
1069.5159	-1
1076.8994	-1
1084.2830	-1
1091.6666	-1
1099.0503	-1
1106.4443	1
1113.8396	-1
1121.2351	1
1128.6306	1
1136.0267	-1
1143.4229	-1
1150.8190	-1
1158.2151	-1
1165.6112	-1
1173.0073	-1
1180.4036	-1
1187.7998	-1
1195.1960	-1
1202.5923	-1
1209.9885	-1
1217.3848	-1
1224.7812	1
1232.1779	1
1239.5745	1
1246.9711	1
1254.3685	-1
1261.7660	-1
1269.1635	-1
1276.5609	-1
1283.9584	-1
1291.3558	-1
1298.7534	-1
1306.1510	-1
1313.5486	-1
1320.9462	-1
1328.3438	-1
1335.7413	-1
1343.1390	-1
1350.5367	-1
1357.9344	-1
1365.3322	-1
1372.7299	-1
1380.1276	-1
1387.5253	-1
1394.9230	-1
1402.3207	-1
1409.7185	-1
1417.1163	-1
1424.5142	-1
1431.9121	1
1439.3102	1
1446.7083	1
1454.1063	1
1461.5046	1
1468.9030	1
1476.3014	1
1483.7000	1
1491.0991	-1
1498.4983	-1
1505.8975	-1
1513.2966	-1
1520.6958	-1
1528.0950	-1
1535.4943	-1
1542.8936	-1
1550.2928	-1
1557.6921	-1
1565.0914	-1
1572.4908	-1
1579.8903	-1
1587.2897	-1
1594.6891	-1
1602.0885	-1
1609.4879	-1
1616.8873	-1
1624.2869	-1
1631.6864	-1
1639.0859	-1
1646.4855	-1
1653.8850	-1
1661.2845	-1
1668.6844	1
1676.0848	-1
1683.4852	-1
1690.8856	-1
1698.2860	-1
1705.6864	-1
1713.0868	-1
1720.4873	-1
1727.8878	-1
1735.2883	-1
1742.6888	-1
1750.0894	-1
1757.4899	-1
1764.8905	-1
1772.2911	-1
1779.6918	-1
1787.0924	-1
1794.4930	-1
1801.8938	-1
1809.2950	-1
1816.6963	-1
1824.0975	-1
1831.4988	-1
1838.9000	-1
1846.3013	-1
1853.7026	-1
1861.1040	-1
1868.5054	-1
1875.9167	1
1883.3295	-1
1890.7424	1
1898.1554	1
1905.5690	-1
1912.9825	-1
1920.3961	-1
1927.8097	-1
1935.2233	-1
1942.6368	-1
1950.0505	-1
1957.4642	-1
1964.8779	-1
1972.2916	-1
1979.7053	-1
1987.1190	-1
1994.5331	1
2001.9471	1
2009.3612	1
2016.7754	1
2024.1902	-1
2031.6050	-1
2039.0198	-1
2046.4346	-1
2053.8494	-1
2061.2642	-1
2068.6792	-1
2076.0942	-1
2083.5093	-1
2090.9243	-1
2098.3394	-1
2105.7544	-1
2113.1697	-1
2120.5850	-1
2128.0002	-1
2135.4155	-1
2142.8308	-1
2150.2461	-1
2157.6614	1
2165.0767	1
2172.4919	-1
2179.9072	-1
2187.3225	-1
2194.7378	-1
2202.1531	-1
2209.5684	-1
2216.9844	-1
2224.4004	-1
2231.8164	-1
2239.2324	-1
2246.6484	-1
2254.0645	-1
2261.4807	-1
2268.8970	-1
2276.3132	-1
2283.7390	1
2291.1660	-1
2298.5935	1
2306.0210	1
2313.4492	-1
2320.8777	-1
2328.3157	1
2335.7546	-1
2343.1938	1
2350.6333	1
2358.0737	-1
2365.5142	-1
2372.9546	-1
2380.3950	-1
2387.8354	-1
2395.2759	-1
2402.7163	-1
2410.1570	-1
2417.5977	-1
2425.0383	-1
2432.4790	-1
2439.9197	-1
2447.3606	1
2454.8015	1
2462.2424	1
2469.6833	1
2477.1255	-1
2484.5676	-1
2492.0098	-1
2499.4519	-1
2506.8940	-1
2514.3362	-1
2521.7786	1
2529.2212	1
2536.6641	-1
2544.1069	-1
2551.5498	-1
2558.9927	-1
2566.4355	-1
2573.8784	-1
2581.3220	1
2588.7659	-1
2596.2097	-1
2603.6536	-1
2611.0974	-1
2618.5413	-1
2625.9851	-1
2633.4290	-1
2640.8728	-1
2648.3167	-1
2655.7605	-1
2663.2043	-1
2670.6482	-1
2678.0925	1
2685.5369	1
2692.9814	1
2700.4260	1
2707.8706	1
2715.3157	-1
2722.7607	-1
2730.2058	-1
2737.6509	-1
2745.0959	-1
2752.5410	-1
2759.9861	-1
2767.4312	-1
2774.8762	-1
2782.3213	-1
2789.7664	-1
2797.2114	-1
2804.6575	1
2812.1035	1
2819.5496	1
2826.9956	1
2834.4419	-1
2841.8882	-1
2849.3345	-1
2856.7808	-1
2864.2271	-1
2871.6733	-1
2879.1204	1
2886.5676	1
2894.0154	-1
2901.4631	-1
2908.9109	-1
2916.3586	-1
2923.8064	-1
2931.2542	-1
2938.7024	-1
2946.1506	-1
2953.5989	-1
2961.0471	-1
2968.4954	-1
2975.9436	-1
2983.3921	-1
2990.8406	-1
2998.2891	-1
3005.7375	-1
3013.1860	-1
3020.6345	-1
3028.0833	-1
3035.5320	-1
3042.9807	-1
3050.4294	-1
3057.8782	-1
3065.3269	-1
3072.7761	-1
3080.2253	-1
3087.6746	-1
3095.1238	-1
3102.5730	-1
3110.0222	-1
3117.4724	-1
3124.9229	-1
3132.3733	-1
3139.8237	-1
3147.2742	-1
3154.7246	-1
3162.1755	-1
3169.6265	-1
3177.0774	-1
3184.5283	-1
3191.9792	-1
3199.4302	-1
3206.8813	-1
3214.3325	-1
3221.7837	-1
3229.2349	-1
3236.6860	-1
3244.1372	-1
3251.5884	-1
3259.0396	-1
3266.4907	-1
3273.9419	-1
3281.3931	-1
3288.8442	-1
3296.2957	-1
3303.7471	-1
3311.1985	-1
3318.6499	-1
3326.1013	-1
3333.5527	-1
3341.0042	-1
3348.4556	-1
3355.9167	1
3363.3792	-1
3370.8418	1
3378.3044	1
3385.7676	-1
3393.2307	-1
3400.6938	-1
3408.1575	-1
3415.6299	1
3423.1035	-1
3430.5774	1
3438.0513	1
3445.5261	-1
3453.0010	-1
3460.4758	-1
3467.9507	-1
3475.4258	-1
3482.9099	1
3490.3955	-1
3497.8813	1
3505.3672	1
3512.8542	-1
3520.3413	-1
3527.8284	-1
3535.3154	-1
3542.8025	-1
3550.2896	-1
3557.7769	-1
3565.2642	-1
3572.7515	-1
3580.2388	-1
3587.7261	-1
3595.2134	-1
3602.7009	1
3610.1885	1
3617.6760	1
3625.1638	1
3632.6526	-1
3640.1416	-1
3647.6306	-1
3655.1196	-1
3662.6086	-1
3670.0977	-1
3677.5869	-1
3685.0762	-1
3692.5654	-1
3700.0547	-1
3707.5439	-1
3715.0332	-1
3722.5229	1
3730.0127	1
3737.5024	1
3744.9924	1
3752.4824	-1
3759.9724	-1
3767.4624	-1
3774.9524	-1
3782.4424	-1
3789.9324	-1
3797.4226	-1
3804.9128	-1
3812.4031	-1
3819.8933	-1
3827.3835	-1
3834.8738	-1
3842.3643	1
3849.8547	1
3857.3457	-1
3864.8367	-1
3872.3276	-1
3879.8186	-1
3887.3096	-1
3894.8005	-1
3902.2920	1
3909.7834	1
3917.2754	1
3924.7673	1
3932.2600	-1
3939.7527	-1
3947.2454	-1
3954.7380	-1
3962.2307	-1
3969.7234	-1
3977.2168	-1
3984.7102	-1
3992.2036	-1
3999.6970	-1
4007.1904	-1
4014.6838	-1
4022.1775	1
4029.6714	1
4037.1653	-1
4044.6592	-1
4052.1531	-1
4059.6470	-1
4067.1409	-1
4074.6348	-1
4082.1301	-1
4089.6255	-1
4097.1211	-1
4104.6167	-1
4112.1123	-1
4119.6079	-1
4127.1035	-1
4134.5991	-1
4142.0947	-1
4149.5903	-1
4157.0859	-1
4164.5815	-1
4172.0771	-1
4179.5728	-1
4187.0684	-1
4194.5640	-1
4202.0596	-1
4209.5552	-1
4217.0508	-1
4224.5464	-1
4232.0420	-1
4239.5376	-1
4247.0332	-1
4254.5288	-1
4262.0249	-1
4269.5210	-1
4277.0171	-1
4284.5132	-1
4292.0093	-1
4299.5054	-1
4307.0020	-1
4314.4985	-1
4321.9951	-1
4329.4917	-1
4336.9883	-1
4344.4849	-1
4351.9819	-1
4359.4790	-1
4366.9761	-1
4374.4731	-1
4381.9702	-1
4389.4673	-1
4396.9644	-1
4404.4614	-1
4411.9585	-1
4419.4648	1
4426.9722	-1
4434.4800	1
4441.9878	1
4449.4966	-1
4457.0054	-1
4464.5142	-1
4472.0229	-1
4479.5317	-1
4487.0405	-1
4494.5493	-1
4502.0581	-1
4509.5669	-1
4517.0757	-1
4524.5845	-1
4532.0933	-1
4539.6025	1
4547.1118	1
4554.6211	1
4562.1304	1
4569.6411	-1
4577.1523	-1
4584.6636	-1
4592.1748	-1
4599.6860	-1
4607.1973	-1
4614.7085	-1
4622.2197	-1
4629.7310	-1
4637.2422	-1
4644.7534	-1
4652.2646	-1
4659.7759	-1
4667.2871	-1
4674.7983	-1
4682.3096	-1
4689.8208	-1
4697.3320	-1
4704.8433	-1
4712.3545	-1
4719.8657	-1
4727.3770	-1
4734.8882	-1
4742.3994	-1
4749.9111	1
4757.4229	1
4764.9346	1
4772.4463	1
4779.9580	1
4787.4697	1
4794.9834	-1
4802.4971	-1
4810.0107	-1
4817.5244	-1
4825.0381	-1
4832.5518	-1
4840.0654	-1
4847.5791	-1
4855.0928	-1
4862.6064	-1
4870.1201	-1
4877.6338	-1
4885.1484	-1
4892.6631	-1
4900.1777	-1
4907.6924	-1
4915.2070	-1
4922.7217	-1
4930.2363	-1
4937.7510	-1
4945.2656	-1
4952.7803	-1
4960.2949	-1
4967.8096	-1
4975.3242	-1
4982.8389	-1
4990.3535	-1
4997.8682	-1
5005.3828	-1
5012.8975	-1
5020.4121	-1
5027.9268	-1
5035.4414	-1
5042.9658	1
5050.4912	-1
5058.0171	1
5065.5430	1
5073.0698	-1
5080.5967	-1
5088.1235	-1
5095.6504	-1
5103.1772	-1
5110.7041	-1
5118.2310	-1
5125.7578	-1
5133.2847	-1
5140.8115	-1
5148.3384	-1
5155.8652	-1
5163.3926	1
5170.9199	1
5178.4473	1
5185.9746	1
5193.5034	-1
5201.0322	-1
5208.5610	-1
5216.0898	-1
5223.6187	-1
5231.1475	-1
5238.6763	-1
5246.2051	-1
5253.7339	-1
5261.2627	-1
5268.7915	-1
5276.3203	-1
5283.8496	-1
5291.3789	-1
5298.9082	-1
5306.4375	-1
5313.9668	-1
5321.4961	-1
5329.0254	-1
5336.5547	-1
5344.0840	-1
5351.6133	-1
5359.1426	-1
5366.6719	-1
5374.2012	1
5381.7305	1
5389.2598	1
5396.7891	1
5404.3188	1
5411.8486	1
5419.3784	1
5426.9082	1
5434.4395	-1
5441.9707	-1
5449.5020	-1
5457.0332	-1
5464.5645	-1
5472.0957	-1
5479.6279	-1
5487.1602	-1
5494.6924	-1
5502.2246	-1
5509.7568	-1
5517.2891	-1
5524.8223	-1
5532.3555	-1
5539.8887	-1
5547.4219	-1
5554.9551	-1
5562.4883	-1
5570.0215	-1
5577.5547	-1
5585.0879	-1
5592.6211	-1
5600.1543	-1
5607.6875	-1
5615.2207	-1
5622.7539	-1
5630.2871	-1
5637.8203	-1
5645.3535	-1
5652.8867	-1
5660.4199	-1
5667.9531	-1
5675.4863	-1
5683.0195	-1
5690.5527	-1
5698.0859	-1
5705.6196	-1
5713.1533	-1
5720.6870	-1
5728.2207	-1
5735.7544	-1
5743.2881	-1
5750.8218	-1
5758.3652	1
5765.9097	-1
5773.4546	1
5780.9995	1
5788.5454	-1
5796.0913	-1
5803.6372	-1
5811.1831	-1
5818.7290	-1
5826.2749	-1
5833.8208	-1
5841.3765	1
5848.9331	-1
5856.4902	1
5864.0474	1
5871.6050	-1
5879.1626	-1
5886.7207	-1
5894.2876	1
5901.8560	-1
5909.4243	1
5916.9927	1
5924.5620	-1
5932.1313	-1
5939.7007	-1
5947.2700	-1
5954.8486	1
5962.4282	-1
5970.0083	1
5977.5884	1
5985.1694	-1
5992.7505	-1
6000.3315	-1
6007.9214	1
6015.5127	-1
6023.1040	1
6030.6953	1
6038.2871	-1
6045.8804	-1
6053.4819	1
6061.0845	-1
6068.6875	1
6076.2905	1
6083.8940	-1
6091.4980	-1
6099.1108	1
6106.7251	-1
6114.3394	1
6121.9536	1
6129.5684	-1
6137.1831	-1
6144.7979	-1
6152.4136	-1
6160.0376	1
6167.6631	-1
6175.2886	1
6182.9146	1
6190.5415	-1
6198.1685	-1
6205.7954	-1
6213.4224	-1
6221.0581	1
6228.6948	-1
6236.3320	1
6243.9692	1
6251.6074	-1
6259.2456	-1
6266.8838	-1
6274.5312	1
6282.1797	-1
6289.8286	1
6297.4775	1
6305.1274	-1
6312.7773	-1
6320.4272	-1
6328.0771	-1
6335.7271	-1
6343.3770	-1
6351.0273	-1
6358.6777	-1
6366.3281	-1
6373.9785	-1
6381.6289	-1
6389.2793	-1
6396.9297	1
6404.5801	1
6412.2314	-1
6419.8828	-1
6427.5342	-1
6435.1855	-1
6442.8369	-1
6450.4883	-1
6458.1401	-1
6465.8013	1
6473.4634	-1
6481.1260	1
6488.7886	1
6496.4517	-1
6504.1152	-1
6511.7871	1
6519.4604	-1
6527.1338	1
6534.8071	1
6542.4814	-1
6550.1558	-1
6557.8301	-1
6565.5137	1
6573.1987	-1
6580.8838	1
6588.5688	1
6596.2554	-1
6603.9419	-1
6611.6284	-1
6619.3149	-1
6627.0015	-1
6634.6880	-1
6642.3745	-1
6650.0610	-1
6657.7476	-1
6665.4434	1
6673.1406	-1
6680.8379	1
6688.5352	1
6696.2334	-1
6703.9316	-1
6711.6299	-1
6719.3281	-1
6727.0264	-1
6734.7246	-1
6742.4229	-1
6750.1211	-1
6757.8193	-1
6765.5176	-1
6773.2158	-1
6780.9141	-1
6788.6123	1
6796.3105	1
6804.0093	1
6811.7080	1
6819.4072	-1
6827.1064	-1
6834.8057	-1
6842.5049	-1
6850.2041	-1
6857.9033	-1
6865.6025	-1
6873.3018	-1
6881.0010	-1
6888.7002	-1
6896.3994	-1
6904.0986	-1
6911.7979	-1
6919.4971	-1
6927.1963	-1
6934.8955	-1
6942.5947	-1
6950.2939	-1
6957.9937	-1
6965.6934	-1
6973.3931	-1
6981.0928	-1
6988.7925	-1
6996.4922	-1
7004.1919	1
7011.8916	1
7019.5913	1
7027.2910	1
7034.9912	1
7042.6919	-1
7050.3926	-1
7058.0933	-1
7065.7939	-1
7073.4946	-1
7081.1953	-1
7088.8965	-1
7096.5977	-1
7104.2988	-1
7112.0000	-1
7119.7012	-1
7127.4023	-1
7135.1035	-1
7142.8047	-1
7150.5059	-1
7158.2070	-1
7165.9082	-1
7173.6094	-1
7181.3110	-1
7189.0127	-1
7196.7144	-1
7204.4160	-1
7212.1177	-1
7219.8193	-1
7227.5210	-1
7235.2227	-1
7242.9243	-1
7250.6260	-1
7258.3276	-1
7266.0293	-1
7273.7402	1
7281.4521	-1
7289.1646	1
7296.8770	1
7304.5903	-1
7312.3037	-1
7320.0171	-1
7327.7305	-1
7335.4438	-1
7343.1572	-1
7350.8711	-1
7358.5850	-1
7366.2988	-1
7374.0127	-1
7381.7266	-1
7389.4404	-1
7397.1543	1
7404.8687	1
7412.5830	1
7420.2974	1
7428.0132	-1
7435.7290	-1
7443.4448	-1
7451.1606	-1
7458.8765	-1
7466.5923	-1
7474.3086	1
7482.0249	-1
7489.7412	-1
7497.4575	-1
7505.1738	-1
7512.8901	-1
7520.6064	-1
7528.3228	1
7536.0391	-1
7543.7554	-1
7551.4717	-1
7559.1880	-1
7566.9043	-1
7574.6206	-1
7582.3369	-1
7590.0532	-1
7597.7695	-1
7605.4858	-1
7613.2021	-1
7620.9185	-1
7628.6362	-1
7636.3540	-1
7644.0718	-1
7651.7896	-1
7659.5073	-1
7667.2251	-1
7674.9429	-1
7682.6606	-1
7690.3882	1
7698.1167	-1
7705.8457	1
7713.5747	1
7721.3047	-1
7729.0347	-1
7736.7646	-1
7744.4946	-1
7752.2246	-1
7759.9546	-1
7767.6846	-1
7775.4146	-1
7783.1445	-1
7790.8745	-1
7798.6045	-1
7806.3345	-1
7814.0649	1
7821.7954	1
7829.5259	1
7837.2563	1
7844.9883	-1
7852.7202	-1
7860.4521	-1
7868.1841	-1
7875.9160	-1
7883.6479	-1
7891.3799	1
7899.1118	1
7906.8442	-1
7914.5767	-1
7922.3091	-1
7930.0415	-1
7937.7739	-1
7945.5063	-1
7953.2388	-1
7960.9712	-1
7968.7036	-1
7976.4360	-1
7984.1685	-1
7991.9009	-1
7999.6333	-1
8007.3657	-1
8015.0981	-1
8022.8306	-1
8030.5630	-1
8038.2954	-1
8046.0283	1
8053.7612	1
8061.4946	1
8069.2280	1
8076.9614	1
8084.6948	1
8092.4292	-1
8100.1636	-1
8107.8979	-1
8115.6323	-1
8123.3667	-1
8131.1011	-1
8138.8354	-1
8146.5698	-1
8154.3042	-1
8162.0386	-1
8169.7729	-1
8177.5073	-1
8185.2422	1
8192.9775	-1
8200.7129	-1
8208.4482	-1
8216.1836	-1
8223.9189	-1
8231.6543	-1
8239.3916	-1
8247.1289	-1
8254.8662	-1
8262.6035	-1
8270.3408	-1
8278.0781	-1
8285.8154	-1
8293.5527	-1
8301.2900	-1
8309.0273	-1
8316.7646	-1
8324.5020	-1
8332.2393	-1
8339.9766	-1
8347.7139	-1
8355.4512	-1
8363.1885	-1
8370.9258	-1
8378.6631	-1
8386.4004	-1
8394.1377	-1
8401.8750	-1
8409.6123	-1
8417.3496	-1
8425.0869	-1
8432.8242	-1
8440.5615	-1
8448.2988	-1
8456.0361	-1
8463.7734	-1
8471.5117	-1
8479.2500	-1
8486.9883	-1
8494.7266	-1
8502.4648	-1
8510.2129	1
8517.9619	-1
8525.7119	1
8533.4619	1
8541.2129	-1
8548.9639	-1
8556.7148	-1
8564.4658	-1
8572.2168	-1
8579.9678	-1
8587.7188	-1
8595.4697	-1
8603.2207	-1
8610.9717	-1
8618.7227	-1
8626.4736	-1
8634.2256	1
8641.9775	1
8649.7295	1
8657.4814	1
8665.2344	-1
8672.9873	-1
8680.7402	-1
8688.4932	-1
8696.2461	-1
8703.9990	-1
8711.7529	-1
8719.5068	-1
8727.2607	-1
8735.0146	-1
8742.7686	-1
8750.5225	-1
8758.2764	1
8766.0303	1
8773.7842	-1
8781.5381	-1
8789.2920	-1
8797.0459	-1
8804.7998	-1
8812.5537	-1
8820.3076	-1
8828.0615	-1
8835.8154	-1
8843.5693	-1
8851.3232	-1
8859.0771	-1
8866.8311	1
8874.5859	1
8882.3408	1
8890.0957	1
8897.8506	1
8905.6055	1
8913.3623	-1
8921.1191	-1
8928.8760	-1
8936.6328	-1
8944.3896	-1
8952.1465	-1
8959.9033	-1
8967.6602	-1
8975.4170	-1
8983.1738	-1
8990.9307	-1
8998.6875	-1
9006.4443	-1
9014.2012	-1
9021.9580	-1
9029.7148	-1
9037.4717	-1
9045.2285	-1
9052.9854	-1
9060.7422	-1
9068.4990	-1
9076.2559	-1
9084.0127	-1
9091.7695	-1
9099.5273	1
9107.2852	1
9115.0430	-1
9122.8008	-1
9130.5586	-1
9138.3164	-1
9146.0742	-1
9153.8320	-1
9161.5908	-1
9169.3496	-1
9177.1084	-1
9184.8672	-1
9192.6260	-1
9200.3848	-1
9208.1436	-1
9215.9023	-1
9223.6611	-1
9231.4199	-1
9239.1787	-1
9246.9375	-1
9254.6963	-1
9262.4551	-1
9270.2139	-1
9277.9727	-1
9285.7314	-1
9293.4902	-1
9301.2500	-1
9309.0098	-1
9316.7695	-1
9324.5293	-1
9332.2891	-1
9340.0488	-1
9347.8086	-1
9355.5684	-1
9363.3389	1
9371.1104	-1
9378.8818	1
9386.6533	1
9394.4258	-1
9402.1982	-1
9409.9707	-1
9417.7432	-1
9425.5156	-1
9433.2881	-1
9441.0605	-1
9448.8330	-1
9456.6055	-1
9464.3779	-1
9472.1504	-1
9479.9229	-1
9487.6953	1
9495.4688	-1
9503.2422	-1
9511.0156	-1
9518.7891	-1
9526.5713	1
9534.3555	-1
9542.1396	1
9549.9238	1
9557.7090	-1
9565.4941	-1
9573.2793	-1
9581.0645	-1
9588.8496	-1
9596.6348	-1
9604.4199	-1
9612.2051	-1
9619.9902	-1
9627.7754	-1
9635.5605	-1
9643.3457	-1
9651.1309	1
9658.9160	1
9666.7031	-1
9674.4902	-1
9682.2773	-1
9690.0645	-1
9697.8516	-1
9705.6387	-1
9713.4258	-1
9721.2129	-1
9729.0098	1
9736.8076	-1
9744.6055	1
9752.4033	1
9760.2021	-1
9768.0010	-1
9775.7998	-1
9783.5986	-1
9791.3975	-1
9799.1963	-1
9806.9951	-1
9814.7939	-1
9822.5928	-1
9830.3916	-1
9838.1904	-1
9845.9893	-1
9853.7881	1
9861.5869	1
9869.3857	1
9877.1846	1
9884.9844	-1
9892.7842	-1
9900.5840	-1
9908.3838	-1
9916.1836	-1
9923.9834	-1
9931.7832	-1
9939.5830	-1
9947.3828	-1
9955.1826	-1
9962.9824	-1
9970.7822	-1
9978.5830	-1
9986.3838	1
9994.1846	-1
10001.9854	-1
10009.7861	-1
10017.5869	-1
10025.3877	-1
10033.1885	1
10040.9893	1
10048.7900	-1
10056.5908	-1
10064.3916	-1
10072.1924	-1
10079.9932	1
10087.7939	-1
10095.5947	-1
10103.3955	1
10111.1963	1
10118.9971	1
10126.7979	1
10134.5996	-1
10142.4014	-1
10150.2031	-1
10158.0049	-1
10165.8066	-1
10173.6084	-1
10181.4102	1
10189.2119	1
10197.0146	-1
10204.8174	-1
10212.6201	-1
10220.4229	-1
10228.2256	-1
10236.0283	-1
10243.8320	-1
10251.6357	-1
10259.4395	-1
10267.2432	-1
10275.0469	-1
10282.8506	-1
10290.6543	-1
10298.4580	-1
10306.2617	-1
10314.0654	-1
10321.8691	-1
10329.6729	-1
10337.4766	-1
10345.2803	-1
10353.0840	-1
10360.8877	-1
10368.6914	-1
10376.4951	-1
10384.2988	-1
10392.1025	-1
10399.9062	-1
10407.7100	-1
10415.5137	-1
10423.3174	-1
10431.1211	-1
10438.9248	-1
10446.7285	-1
10454.5322	-1
10462.3359	-1
10470.1396	-1
10477.9434	-1
10485.7471	-1
10493.5508	-1
10501.3545	-1
10509.1582	-1
10516.9619	-1
10524.7656	-1
10532.5693	-1
10540.3730	-1
10548.1768	-1
10555.9805	-1
10563.7842	-1
10571.5879	-1
10579.3916	-1
10587.1953	-1
10594.9990	-1
10602.8027	-1
10610.6064	-1
10618.4111	1
10626.2158	1
10634.0205	1
10641.8252	1
10649.6299	1
10657.4346	1
10665.2393	1
10673.0439	1
10680.8486	1
10688.6533	1
10696.4580	1
10704.2627	1
10712.0674	1
10719.8721	1
10727.6777	-1
10735.4834	-1
10743.2891	-1
10751.0947	-1
10758.9004	-1
10766.7061	-1
10774.5117	-1
10782.3174	-1
10790.1230	-1
10797.9287	-1
10805.7344	-1
10813.5400	-1
10821.3457	1
10829.1523	-1
10836.9590	-1
10844.7656	-1
10852.5723	-1
10860.3789	-1
10868.1855	-1
10875.9922	-1
10883.7988	-1
10891.6055	-1
10899.4121	-1
10907.2188	-1
10915.0254	-1
10922.8320	-1
10930.6387	-1
10938.4453	-1
10946.2520	-1
10954.0586	-1
10961.8652	-1
10969.6729	-1
10977.4805	-1
10985.2881	-1
10993.0957	-1
11000.9033	-1
11008.7109	-1
11016.5186	-1
11024.3262	-1
11032.1338	-1
11039.9414	-1
11047.7490	-1
11055.5566	-1
11063.3643	-1
11071.1719	-1
11078.9795	-1
11086.7871	-1
11094.5947	-1
11102.4023	-1
11110.2109	-1
11118.0195	-1
11125.8281	-1
11133.6367	-1
11141.4453	-1
11149.2539	-1
11157.0625	-1
11164.8711	-1
11172.6797	-1
11180.4883	-1
11188.2969	-1
11196.1055	-1
11203.9141	-1
11211.7227	-1
11219.5312	-1
11227.3398	-1
11235.1484	-1
11242.9570	-1
11250.7656	-1
11258.5742	-1
11266.3828	-1
11274.1914	-1
11282.0000	-1
11289.8086	-1
11297.6172	-1
11305.4258	-1
11313.2344	-1
11321.0430	-1
11328.8516	-1
11336.6602	-1
11344.4688	-1
11352.2773	-1
11360.0859	-1
11367.8945	-1
11375.7031	-1
11383.5117	-1
11391.3213	-1
11399.1309	-1
11406.9404	-1
11414.7500	-1
11422.5596	-1
11430.3691	-1
11438.1885	1
11446.0088	-1
11453.8291	1
11461.6494	1
11469.4717	-1
11477.2939	-1
11485.1162	-1
11492.9385	-1
11500.7607	-1
11508.5830	-1
11516.4053	-1
11524.2275	-1
11532.0498	-1
11539.8721	-1
11547.6943	-1
11555.5166	-1
11563.3389	1
11571.1611	1
11578.9834	1
11586.8057	1
11594.6299	-1
11602.4541	-1
11610.2783	-1
11618.1025	-1
11625.9268	-1
11633.7510	-1
11641.5752	-1
11649.3994	-1
11657.2236	-1
11665.0479	-1
11672.8721	-1
11680.6963	-1
11688.5205	-1
11696.3447	-1
11704.1689	-1
11711.9932	-1
11719.8174	-1
11727.6416	-1
11735.4658	1
11743.2900	-1
11751.1143	-1
11758.9385	-1
11766.7627	-1
11774.5869	-1
11782.4111	-1
11790.2354	1
11798.0605	1
11805.8857	1
11813.7109	1
11821.5361	1
11829.3613	1
11837.1865	1
11845.0127	-1
11852.8389	-1
11860.6650	-1
11868.4912	-1
11876.3174	-1
11884.1436	-1
11891.9697	1
11899.7959	1
11907.6230	-1
11915.4502	-1
11923.2773	-1
11931.1045	-1
11938.9316	-1
11946.7588	-1
11954.5879	-1
11962.4170	-1
11970.2461	-1
11978.0752	-1
11985.9043	-1
11993.7334	-1
12001.5625	-1
12009.3916	-1
12017.2207	-1
12025.0498	-1
12032.8789	-1
12040.7080	-1
12048.5381	-1
12056.3682	-1
12064.1982	-1
12072.0283	-1
12079.8584	-1
12087.6885	-1
12095.5186	-1
12103.3486	-1
12111.1787	-1
12119.0088	-1
12126.8389	-1
12134.6689	-1
12142.4990	-1
12150.3291	-1
12158.1592	-1
12165.9893	-1
12173.8193	-1
12181.6494	-1
12189.4795	-1
12197.3096	-1
12205.1396	-1
12212.9697	-1
12220.7998	-1
12228.6299	-1
12236.4600	-1
12244.2900	-1
12252.1201	-1
12259.9502	-1
12267.7803	-1
12275.6104	-1
12283.4404	-1
12291.2705	-1
12299.1006	-1
12306.9404	1
12314.7812	-1
12322.6221	1
12330.4639	1
12338.3066	-1
12346.1494	-1
12353.9922	-1
12361.8350	-1
12369.6777	-1
12377.5205	-1
12385.3633	-1
12393.2061	-1
12401.0576	1
12408.9102	-1
12416.7637	1
12424.6172	1
12432.4707	-1
12440.3242	-1
12448.1777	-1
12456.0312	-1
12463.8848	-1
12471.7383	-1
12479.5918	-1
12487.4453	-1
12495.2988	-1
12503.1523	-1
12511.0059	-1
12518.8594	-1
12526.7139	1
12534.5684	1
12542.4229	1
12550.2773	1
12558.1318	-1
12565.9863	-1
12573.8408	-1
12581.6953	-1
12589.5498	-1
12597.4043	-1
12605.2588	-1
12613.1133	-1
12620.9678	-1
12628.8223	-1
12636.6768	-1
12644.5312	-1
12652.3867	-1
12660.2422	-1
12668.0977	-1
12675.9531	-1
12683.8086	-1
12691.6641	-1
12699.5195	-1
12707.3750	-1
12715.2305	-1
12723.0859	-1
12730.9414	-1
12738.7969	-1
12746.6523	1
12754.5078	1
12762.3633	1
12770.2188	1
12778.0742	1
12785.9297	1
12793.7852	1
12801.6406	1
12809.4971	-1
12817.3535	-1
12825.2100	-1
12833.0664	-1
12840.9229	-1
12848.7793	-1
12856.6357	-1
12864.4922	-1
12872.3486	-1
12880.2051	-1
12888.0615	-1
12895.9180	-1
12903.7744	1
12911.6309	1
12919.4873	1
12927.3438	1
12935.2012	-1
12943.0586	-1
12950.9160	-1
12958.7734	-1
12966.6309	-1
12974.4883	-1
12982.3457	-1
12990.2031	-1
12998.0605	-1
13005.9180	-1
13013.7754	-1
13021.6328	-1
13029.4902	-1
13037.3477	-1
13045.2051	-1
13053.0625	-1
13060.9199	-1
13068.7773	-1
13076.6348	-1
13084.4922	-1
13092.3496	-1
13100.2070	-1
13108.0645	-1
13115.9219	-1
13123.7803	1
13131.6387	-1
13139.4971	-1
13147.3555	-1
13155.2139	-1
13163.0723	-1
13170.9307	-1
13178.7891	1
13186.6475	1
13194.5059	1
13202.3643	-1
13210.2227	-1
13218.0811	1
13225.9395	-1
13233.7979	-1
13241.6562	-1
13249.5146	-1
13257.3740	-1
13265.2334	-1
13273.0928	-1
13280.9521	-1
13288.8115	-1
13296.6709	-1
13304.5303	-1
13312.3896	-1
13320.2490	-1
13328.1084	-1
13335.9678	-1
13343.8271	-1
13351.6875	-1
13359.5479	-1
13367.4082	-1
13375.2686	-1
13383.1289	-1
13390.9893	-1
13398.8496	-1
13406.7100	-1
13414.5703	-1
13422.4307	-1
13430.2910	-1
13438.1514	-1
13446.0117	-1
13453.8721	-1
13461.7324	-1
13469.5928	-1
13477.4531	-1
13485.3135	-1
13493.1738	-1
13501.0342	-1
13508.8945	-1
13516.7549	-1
13524.6152	-1
13532.4756	-1
13540.3359	-1
13548.1963	-1
13556.0566	-1
13563.9170	-1
13571.7773	-1
13579.6377	-1
13587.4980	-1
13595.3584	-1
13603.2188	-1
13611.0791	-1
13618.9395	-1
13626.7998	-1
13634.6602	-1
13642.5205	-1
13650.3809	-1
13658.2510	1
13666.1221	-1
13673.9941	1
13681.8662	1
13689.7383	-1
13697.6104	-1
13705.4824	-1
13713.3545	-1
13721.2266	-1
13729.0986	-1
13736.9707	-1
13744.8428	-1
13752.7148	-1
13760.5869	-1
13768.4590	-1
13776.3311	-1
13784.2041	1
13792.0771	1
13799.9502	-1
13807.8232	-1
13815.6963	-1
13823.5693	-1
13831.4424	-1
13839.3154	-1
13847.1885	-1
13855.0615	-1
13862.9443	1
13870.8281	-1
13878.7119	1
13886.5957	1
13894.4805	-1
13902.3652	-1
13910.2500	-1
13918.1348	-1
13926.0195	-1
13933.9043	-1
13941.7891	-1
13949.6738	-1
13957.5586	-1
13965.4434	-1
13973.3281	-1
13981.2129	-1
13989.0977	1
13996.9824	1
14004.8682	-1
14012.7539	-1
14020.6396	-1
14028.5254	-1
14036.4111	-1
14044.2969	-1
14052.1826	-1
14060.0684	-1
14067.9541	-1
14075.8486	1
14083.7441	-1
14091.6406	1
14099.5371	1
14107.4346	-1
14115.3320	-1
14123.2295	-1
14131.1270	-1
14139.0244	-1
14146.9219	-1
14154.8193	-1
14162.7168	-1
14170.6143	-1
14178.5117	-1
14186.4092	-1
14194.3066	-1
14202.2041	1
14210.1016	1
14217.9990	1
14225.8965	1
14233.7959	-1
14241.6953	-1
14249.5947	-1
14257.4941	-1
14265.3936	-1
14273.2930	-1
14281.1924	1
14289.0918	1
14296.9912	-1
14304.8906	-1
14312.7900	-1
14320.6895	-1
14328.5889	-1
14336.4883	-1
14344.3877	-1
14352.2871	-1
14360.1865	-1
14368.0859	-1
14375.9854	-1
14383.8848	-1
14391.7852	-1
14399.6855	-1
14407.5859	-1
14415.4863	-1
14423.3867	-1
14431.2871	-1
14439.1875	1
14447.0879	1
14454.9883	1
14462.8887	1
14470.7891	1
14478.6895	1
14486.5908	-1
14494.4922	-1
14502.3936	-1
14510.2949	-1
14518.1963	-1
14526.0977	-1
14533.9990	-1
14541.9004	-1
14549.8018	-1
14557.7031	-1
14565.6045	-1
14573.5059	-1
14581.4082	1
14589.3105	1
14597.2129	1
14605.1152	1
14613.0186	-1
14620.9219	-1
14628.8252	-1
14636.7285	-1
14644.6318	-1
14652.5352	-1
14660.4385	1
14668.3418	1
14676.2461	-1
14684.1504	-1
14692.0547	-1
14699.9600	-1
14707.8652	-1
14715.7705	-1
14723.6758	-1
14731.5811	-1
14739.4863	-1
14747.3916	-1
14755.2969	-1
14763.2021	-1
14771.1074	-1
14779.0127	-1
14786.9180	-1
14794.8232	-1
14802.7285	-1
14810.6338	-1
14818.5391	1
14826.4443	1
14834.3506	1
14842.2568	1
14850.1631	1
14858.0693	1
14865.9756	-1
14873.8818	-1
14881.7881	-1
14889.6943	-1
14897.6006	-1
14905.5068	-1
14913.4131	-1
14921.3193	-1
14929.2256	-1
14937.1318	-1
14945.0381	-1
14952.9443	-1
14960.8516	1
14968.7588	1
14976.6660	1
14984.5732	1
14992.4814	-1
15000.3896	-1
15008.2979	-1
15016.2061	-1
15024.1143	-1
15032.0225	-1
15039.9316	1
15047.8408	-1
15055.7500	-1
15063.6592	-1
15071.5684	-1
15079.4775	-1
15087.3867	-1
15095.2959	1
15103.2061	-1
15111.1162	-1
15119.0264	-1
15126.9365	-1
15134.8467	-1
15142.7568	-1
15150.6670	-1
15158.5771	-1
15166.4873	-1
15174.3975	-1
15182.3076	-1
15190.2178	-1
15198.1279	-1
15206.0381	-1
15213.9482	-1
15221.8584	-1
15229.7686	-1
15237.6787	-1
15245.5889	-1
15253.4990	-1
15261.4092	-1
15269.3193	-1
15277.2295	-1
15285.1396	-1
15293.0498	-1
15300.9600	-1
15308.8701	-1
15316.7803	-1
15324.6904	-1
15332.6006	-1
15340.5107	1
15348.4209	1
15356.3320	1
15364.2432	1
15372.1543	1
15380.0654	-1
15387.9766	-1
15395.8877	-1
15403.7988	-1
15411.7100	-1
15419.6211	-1
15427.5342	-1
15435.4473	-1
15443.3604	-1
15451.2734	-1
15459.1865	-1
15467.0996	-1
15475.0137	-1
15482.9277	-1
15490.8418	-1
15498.7559	-1
15506.6699	-1
15514.5840	-1
15522.4980	-1
15530.4121	-1
15538.3262	-1
15546.2402	-1
15554.1543	-1
15562.0684	-1
15569.9824	-1
15577.8965	-1
15585.8105	-1
15593.7246	-1
15601.6387	-1
15609.5527	-1
15617.4668	-1
15625.3809	-1
15633.2949	-1
15641.2090	-1
15649.1230	-1
15657.0371	-1
15664.9512	-1
15672.8652	-1
15680.7793	-1
15688.6934	-1
15696.6074	-1
15704.5215	-1
15712.4355	-1
15720.3496	-1
15728.2637	-1
15736.1777	-1
15744.0918	-1
15752.0059	-1
15759.9219	-1
15767.8379	-1
15775.7539	-1
15783.6699	-1
15791.5859	-1
15799.5020	-1
15807.4180	-1
15815.3340	-1
15823.2500	-1
15831.1660	-1
15839.0820	-1
15846.9980	-1
15854.9150	-1
15862.8320	-1
15870.7490	-1
15878.6660	-1
15886.5830	-1
15894.5000	-1
15902.4170	-1
15910.3340	-1
15918.2510	-1
15926.1680	-1
15934.0850	-1
15942.0020	-1
15949.9189	-1
15957.8359	-1
15965.7529	-1
15973.6699	-1
15981.5869	-1
15989.5039	-1
15997.4209	-1
16005.3379	-1
16013.2549	-1
16021.1719	-1
16029.0889	-1
16037.0059	-1
16044.9229	-1
16052.8398	-1
16060.7568	-1
16068.6738	-1
16076.5908	-1
16084.5078	-1
16092.4248	-1
16100.3516	1
16108.2803	-1
16116.2090	1
16124.1377	1
16132.0674	-1
16139.9971	-1
16147.9268	-1
16155.8564	-1
16163.7861	-1
16171.7158	-1
16179.6455	-1
16187.5752	-1
16195.5049	-1
16203.4346	-1
16211.3643	-1
16219.2939	-1
16227.2334	1
16235.1738	-1
16243.1143	1
16251.0547	1
16258.9961	-1
16266.9375	-1
16274.8789	-1
16282.8203	-1
16290.7617	-1
16298.7031	-1
16306.6445	-1
16314.5859	-1
16322.5273	-1
16330.4688	-1
16338.4102	-1
16346.3516	-1
16354.2930	1
16362.2344	1
16370.1758	1
16378.1172	1
16386.0605	-1
16394.0039	-1
16401.9473	-1
16409.8906	-1
16417.8340	-1
16425.7773	-1
16433.7207	-1
16441.6641	-1
16449.6074	-1
16457.5508	-1
16465.4941	-1
16473.4375	-1
16481.3809	-1
16489.3242	-1
16497.2676	-1
16505.2109	-1
16513.1543	-1
16521.0977	-1
16529.0410	-1
16536.9844	-1
16544.9277	-1
16552.8711	-1
16560.8145	-1
16568.7578	-1
16576.7012	1
16584.6445	1
16592.5879	1
16600.5312	1
16608.4746	1
16616.4180	1
16624.3613	1
16632.3047	1
16640.2480	-1
16648.1914	-1
16656.1348	-1
16664.0781	-1
16672.0215	-1
16679.9648	-1
16687.9082	-1
16695.8516	-1
16703.7949	-1
16711.7383	-1
16719.6816	-1
16727.6250	-1
16735.5703	1
16743.5156	1
16751.4609	-1
16759.4062	-1
16767.3516	-1
16775.2969	-1
16783.2422	-1
16791.1875	-1
16799.1328	-1
16807.0781	-1
16815.0234	-1
16822.9688	-1
16830.9141	-1
16838.8594	-1
16846.8047	1
16854.7500	1
16862.6953	1
16870.6406	1
16878.5859	-1
16886.5312	-1
16894.4766	-1
16902.4219	-1
16910.3672	-1
16918.3125	-1
16926.2578	-1
16934.2031	-1
16942.1484	-1
16950.0938	-1
16958.0391	-1
16965.9844	-1
16973.9297	-1
16981.8750	-1
16989.8203	-1
16997.7656	-1
17005.7109	-1
17013.6562	-1
17021.6016	-1
17029.5469	-1
17037.4922	-1
17045.4375	-1
17053.3828	-1
17061.3281	-1
17069.2754	1
17077.2227	1
17085.1699	-1
17093.1172	-1
17101.0645	-1
17109.0117	-1
17116.9590	-1
17124.9062	-1
17132.8535	-1
17140.8008	-1
17148.7480	-1
17156.6953	-1
17164.6426	-1
17172.5898	-1
17180.5371	-1
17188.4844	-1
17196.4316	-1
17204.3789	-1
17212.3262	-1
17220.2734	-1
17228.2207	-1
17236.1680	-1
17244.1152	-1
17252.0625	-1
17260.0098	-1
17267.9570	-1
17275.9043	-1
17283.8516	-1
17291.7988	-1
17299.7461	-1
17307.6934	-1
17315.6406	-1
17323.5879	-1
17331.5352	-1
17339.4824	-1
17347.4297	-1
17355.3770	-1
17363.3242	-1
17371.2715	1
17379.2188	1
17387.1660	1
17395.1133	1
17403.0605	1
17411.0078	1
17418.9551	1
17426.9023	1
17434.8516	-1
17442.8008	-1
17450.7500	-1
17458.6992	-1
17466.6484	-1
17474.5977	-1
17482.5469	-1
17490.4961	-1
17498.4453	-1
17506.3945	-1
17514.3438	-1
17522.2930	-1
17530.2422	1
17538.1914	1
17546.1406	1
17554.0898	1
17562.0391	1
17569.9883	1
17577.9375	1
17585.8867	1
17593.8359	1
17601.7852	1
17609.7344	1
17617.6836	1
17625.6328	1
17633.5820	1
17641.5312	1
17649.4805	1
17657.4316	-1
17665.3828	-1
17673.3340	-1
17681.2852	-1
17689.2363	-1
17697.1875	-1
17705.1387	-1
17713.0898	-1
17721.0410	-1
17728.9922	-1
17736.9434	-1
17744.8945	-1
17752.8477	-1
17760.8008	-1
17768.7539	-1
17776.7070	-1
17784.6602	-1
17792.6133	-1
17800.5664	-1
17808.5195	-1
17816.4727	-1
17824.4258	-1
17832.3789	-1
17840.3320	-1
17848.2852	-1
17856.2383	-1
17864.1914	-1
17872.1445	-1
17880.0977	-1
17888.0508	-1
17896.0039	-1
17903.9570	-1
17911.9102	-1
17919.8633	-1
17927.8164	-1
17935.7695	-1
17943.7227	-1
17951.6758	-1
17959.6289	-1
17967.5820	-1
17975.5352	-1
17983.4883	-1
17991.4414	-1
17999.3945	-1
18007.3477	-1
18015.3008	-1
18023.2539	-1
18031.2070	-1
18039.1602	-1
18047.1133	-1
18055.0664	-1
18063.0195	-1
18070.9727	-1
18078.9258	-1
18086.8789	-1
18094.8320	-1
18102.7852	-1
18110.7383	-1
18118.6914	-1
18126.6445	-1
18134.5977	1
18142.5508	1
18150.5039	1
18158.4570	1
18166.4102	1
18174.3633	1
18182.3164	1
18190.2695	1
18198.2227	1
18206.1758	1
18214.1289	1
18222.0820	1
18230.0352	1
18237.9902	-1
18245.9453	-1
18253.9004	-1
18261.8555	-1
18269.8105	-1
18277.7656	-1
18285.7207	-1
18293.6758	-1
18301.6309	-1
18309.5859	-1
18317.5410	-1
18325.4961	-1
18333.4531	-1
18341.4102	-1
18349.3672	-1
18357.3242	-1
18365.2812	-1
18373.2383	-1
18381.1953	-1
18389.1523	-1
18397.1094	-1
18405.0664	-1
18413.0234	-1
18420.9805	-1
18428.9375	-1
18436.8945	-1
18444.8516	-1
18452.8086	-1
18460.7656	-1
18468.7227	-1
18476.6797	-1
18484.6367	-1
18492.5938	-1
18500.5508	-1
18508.5078	-1
18516.4648	-1
18524.4219	-1
18532.3789	-1
18540.3359	-1
18548.2930	-1
18556.2500	-1
18564.2070	-1
18572.1641	-1
18580.1211	-1
18588.0781	-1
18596.0352	-1
18603.9922	-1
18611.9492	-1
18619.9062	-1
18627.8633	-1
18635.8203	-1
18643.7773	-1
18651.7344	-1
18659.6914	-1
18667.6484	-1
18675.6055	-1
18683.5625	-1
18691.5195	-1
18699.4766	-1
18707.4336	-1
18715.3906	-1
18723.3477	-1
18731.3047	-1
18739.2617	-1
18747.2188	-1
18755.1758	-1
18763.1328	-1
18771.0898	-1
18779.0469	-1
18787.0039	-1
18794.9609	-1
18802.9180	-1
18810.8750	-1
18818.8320	-1
18826.7891	-1
18834.7461	-1
18842.7031	-1
18850.6602	-1
18858.6191	-1
18866.5781	-1
18874.5371	-1
18882.4961	-1
18890.4551	-1
18898.4141	-1
18906.3730	-1
18914.3320	-1
18922.2910	-1
18930.2500	-1
18938.2090	-1
18946.1680	-1
18954.1270	-1
18962.0859	-1
18970.0449	-1
18978.0039	-1
18985.9629	-1
18993.9219	-1
19001.8809	-1
19009.8398	-1
19017.7988	-1
19025.7578	-1
19033.7168	-1
19041.6758	-1
19049.6348	-1
19057.5938	-1
19065.5527	-1
19073.5117	-1
19081.4707	-1
19089.4297	-1
19097.3887	-1
19105.3477	-1
19113.3066	-1
19121.2656	-1
19129.2246	-1
19137.1836	-1
19145.1426	-1
19153.1016	-1
19161.0605	-1
19169.0195	-1
19176.9785	-1
19184.9375	-1
19192.8984	-1
19200.8594	-1
19208.8203	-1
19216.7812	-1
19224.7422	-1
19232.7031	-1
19240.6641	-1
19248.6250	-1
19256.5859	-1
19264.5469	-1
19272.5078	-1
19280.4688	-1
19288.4297	-1
19296.3906	-1
19304.3516	-1
19312.3125	-1
19320.2734	-1
19328.2344	-1
19336.1953	-1
19344.1562	-1
19352.1172	-1
19360.0781	-1
19368.0391	-1
19376.0000	-1
19383.9609	-1
19391.9219	-1
19399.8828	-1
19407.8438	-1
19415.8047	-1
19423.7656	-1
19431.7266	-1
19439.6875	-1
19447.6484	-1
19455.6094	-1
19463.5703	-1
19471.5312	-1
19479.4922	-1
19487.4531	-1
19495.4141	-1
19503.3750	-1
19511.3457	1
19519.3184	-1
19527.2910	1
19535.2637	1
19543.2363	-1
19551.2090	-1
19559.1816	-1
19567.1543	-1
19575.1270	-1
19583.0996	-1
19591.0723	-1
19599.0449	-1
19607.0176	-1
19614.9902	-1
19622.9629	-1
19630.9355	-1
19638.9102	1
19646.8848	1
19654.8594	1
19662.8340	1
19670.8086	-1
19678.7832	-1
19686.7578	-1
19694.7324	-1
19702.7070	-1
19710.6816	-1
19718.6582	-1
19726.6348	-1
19734.6113	-1
19742.5879	-1
19750.5645	-1
19758.5410	-1
19766.5176	-1
19774.4941	-1
19782.4707	-1
19790.4473	-1
19798.4238	-1
19806.4004	-1
19814.3770	-1
19822.3535	-1
19830.3301	-1
19838.3066	-1
19846.2832	-1
19854.2598	-1
19862.2363	1
19870.2129	-1
19878.1895	-1
19886.1660	-1
19894.1426	-1
19902.1289	1
19910.1172	-1
19918.1055	1
19926.0938	1
19934.0820	-1
19942.0703	-1
19950.0586	-1
19958.0566	1
19966.0566	-1
19974.0566	1
19982.0566	1
19990.0566	-1
19998.0586	-1
20006.0684	1
20014.0801	-1
20022.0918	1
20030.1035	1
20038.1172	-1
20046.1309	-1
20054.1445	-1
20062.1582	-1
20070.1719	-1
20078.1855	-1
20086.1992	-1
20094.2129	-1
20102.2266	-1
20110.2402	-1
20118.2539	-1
20126.2676	-1
20134.2812	1
20142.2949	1
20150.3086	1
20158.3223	1
20166.3359	-1
20174.3496	-1
20182.3633	-1
20190.3770	-1
20198.3906	-1
20206.4043	-1
20214.4199	-1
20222.4355	-1
20230.4512	-1
20238.4668	-1
20246.4824	-1
20254.4980	-1
20262.5137	-1
20270.5293	-1
20278.5449	-1
20286.5605	-1
20294.5762	-1
20302.5918	-1
20310.6074	-1
20318.6230	-1
20326.6484	1
20334.6738	-1
20342.6992	1
20350.7246	1
20358.7520	-1
20366.7793	-1
20374.8066	-1
20382.8340	-1
20390.8613	-1
20398.8887	-1
20406.9160	-1
20414.9434	-1
20422.9707	-1
20431.0078	1
20439.0449	-1
20447.0820	1
20455.1191	1
20463.1562	-1
20471.1934	-1
20479.2324	-1
20487.2793	1
20495.3281	-1
20503.3770	1
20511.4258	1
20519.4746	-1
20527.5254	-1
20535.5840	1
20543.6445	-1
20551.7051	1
20559.7656	1
20567.8262	-1
20575.8867	-1
20583.9570	1
20592.0293	-1
20600.1016	1
20608.1738	1
20616.2461	-1
20624.3184	-1
20632.4004	1
20640.4844	-1
20648.5684	1
20656.6523	1
20664.7363	-1
20672.8203	-1
20680.9141	1
20689.0078	-1
20697.1035	1
20705.1992	1
20713.2949	-1
20721.3906	-1
20729.4863	-1
20737.5820	-1
20745.6777	-1
20753.7734	-1
20761.8691	-1
20769.9648	-1
20778.0605	-1
20786.1562	-1
20794.2520	-1
20802.3477	-1
20810.4434	1
20818.5391	1
20826.6348	1
20834.7305	1
20842.8281	-1
20850.9258	-1
20859.0234	-1
20867.1211	-1
20875.2188	-1
20883.3164	-1
20891.4141	-1
20899.5117	-1
20907.6094	-1
20915.7070	-1
20923.8047	-1
20931.9023	-1
20940.0000	-1
20948.0977	-1
20956.1953	-1
20964.2930	-1
20972.3906	-1
20980.4883	-1
20988.5859	-1
20996.6836	-1
21004.7812	-1
21012.8789	-1
21020.9766	-1
21029.0742	-1
21037.1719	1
21045.2715	1
21053.3711	1
21061.4707	1
21069.5703	1
21077.6699	1
21085.7695	1
21093.8711	-1
21101.9727	-1
21110.0742	-1
21118.1758	-1
21126.2773	-1
21134.3789	-1
21142.4805	-1
21150.5820	-1
21158.6836	-1
21166.7852	-1
21174.8867	-1
21182.9883	-1
21191.0898	-1
21199.1914	-1
21207.2930	-1
21215.3945	-1
21223.4961	-1
21231.5977	-1
21239.6992	-1
21247.8008	-1
21255.9023	-1
21264.0039	-1
21272.1055	-1
21280.2070	-1
21288.3086	-1
21296.4102	-1
21304.5117	-1
21312.6133	-1
21320.7148	-1
21328.8164	-1
21336.9180	-1
21345.0195	-1
21353.1211	-1
21361.2227	-1
21369.3242	-1
21377.4258	-1
21385.5293	-1
21393.6328	-1
21401.7363	-1
21409.8477	1
21417.9609	-1
21426.0742	1
21434.1875	1
21442.3008	-1
21450.4160	-1
21458.5391	1
21466.6641	-1
21474.7891	1
21482.9141	1
21491.0410	-1
21499.1680	-1
21507.2949	-1
21515.4219	-1
21523.5488	-1
21531.6758	-1
21539.8027	-1
21547.9297	-1
21556.0566	-1
21564.1836	-1
21572.3105	-1
21580.4375	-1
21588.5645	1
21596.6914	1
21604.8184	1
21612.9453	1
21621.0723	-1
21629.1992	-1
21637.3262	-1
21645.4531	-1
21653.5801	-1
21661.7070	-1
21669.8359	1
21677.9648	1
21686.0938	-1
21694.2227	-1
21702.3516	-1
21710.4805	-1
21718.6094	-1
21726.7383	-1
21734.8672	-1
21742.9961	-1
21751.1250	-1
21759.2539	-1
21767.3828	-1
21775.5117	-1
21783.6406	-1
21791.7695	-1
21799.8984	-1
21808.0273	-1
21816.1562	-1
21824.2852	-1
21832.4160	-1
21840.5469	-1
21848.6777	-1
21856.8086	-1
21864.9395	-1
21873.0703	-1
21881.2012	-1
21889.3418	1
21897.4824	-1
21905.6230	1
21913.7637	1
21921.9062	-1
21930.0488	-1
21938.1914	-1
21946.3340	-1
21954.4766	-1
21962.6191	-1
21970.7617	-1
21978.9043	-1
21987.0469	-1
21995.1895	-1
22003.3320	-1
22011.4746	-1
22019.6172	1
22027.7598	1
22035.9023	1
22044.0449	1
22052.1875	-1
22060.3301	-1
22068.4727	-1
22076.6152	-1
22084.7578	-1
22092.9004	-1
22101.0430	-1
22109.1855	-1
22117.3281	-1
22125.4707	-1
22133.6133	-1
22141.7559	-1
22149.9004	1
22158.0449	1
22166.1895	1
22174.3340	1
22182.4785	-1
22190.6230	-1
22198.7676	-1
22206.9121	-1
22215.0566	-1
22223.2012	-1
22231.3457	-1
22239.4902	-1
22247.6348	-1
22255.7793	-1
22263.9238	-1
22272.0684	-1
22280.2129	1
22288.3574	1
22296.5020	1
22304.6465	1
22312.7910	-1
22320.9355	-1
22329.0801	-1
22337.2246	-1
22345.3691	-1
22353.5137	-1
22361.6582	-1
22369.8027	-1
22377.9473	-1
22386.0918	-1
22394.2363	-1
22402.3809	-1
22410.5273	-1
22418.6738	-1
22426.8203	-1
22434.9668	-1
22443.1133	-1
22451.2598	-1
22459.4062	-1
22467.5527	-1
22475.6992	-1
22483.8457	-1
22491.9922	-1
22500.1387	-1
22508.2852	-1
22516.4316	-1
22524.5781	-1
22532.7246	-1
22540.8711	-1
22549.0176	-1
22557.1641	-1
22565.3105	-1
22573.4570	-1
22581.6035	-1
22589.7500	-1
22597.8965	-1
22606.0430	-1
22614.1895	-1
22622.3359	-1
22630.4824	-1
22638.6289	-1
22646.7754	-1
22654.9219	-1
22663.0684	-1
22671.2148	-1
22679.3613	-1
22687.5078	-1
22695.6543	-1
22703.8008	1
22711.9473	1
22720.0938	1
22728.2402	1
22736.3867	-1
22744.5332	-1
22752.6797	-1
22760.8262	-1
22768.9727	-1
22777.1191	-1
22785.2676	-1
22793.4160	-1
22801.5645	-1
22809.7129	-1
22817.8613	-1
22826.0098	-1
22834.1582	-1
22842.3066	-1
22850.4551	-1
22858.6035	-1
22866.7520	-1
22874.9004	-1
22883.0488	-1
22891.2070	1
22899.3652	-1
22907.5234	1
22915.6816	1
22923.8418	-1
22932.0020	-1
22940.1699	1
22948.3398	-1
22956.5098	1
22964.6797	1
22972.8516	-1
22981.0234	-1
22989.2031	1
22997.3848	-1
23005.5664	1
23013.7480	1
23021.9297	-1
23030.1133	-1
23038.3047	1
23046.4980	-1
23054.6914	1
23062.8848	1
23071.0781	-1
23079.2734	-1
23087.4766	1
23095.6816	-1
23103.8867	1
23112.0918	1
23120.2969	-1
23128.5020	-1
23136.7168	1
23144.9336	-1
23153.1504	1
23161.3672	1
23169.5840	-1
23177.8008	-1
23186.0176	-1
23194.2441	1
23202.4727	-1
23210.7012	1
23218.9297	1
23227.1582	-1
23235.3867	-1
23243.6152	-1
23251.8535	1
23260.0918	-1
23268.3320	1
23276.5723	1
23284.8125	-1
23293.0527	-1
23301.3027	1
23309.5527	-1
23317.8027	1
23326.0527	1
23334.3047	-1
23342.5566	-1
23350.8086	-1
23359.0684	1
23367.3301	-1
23375.5918	1
23383.8535	1
23392.1172	-1
23400.3809	-1
23408.6445	-1
23416.9160	1
23425.1895	-1
23433.4629	1
23441.7363	1
23450.0098	-1
23458.2852	-1
23466.5684	1
23474.8535	-1
23483.1387	1
23491.4238	1
23499.7090	-1
23507.9941	-1
23516.2891	1
23524.5859	-1
23532.8828	1
23541.1797	1
23549.4766	-1
23557.7734	-1
23566.0703	-1
23574.3672	-1
23582.6641	-1
23590.9609	-1
23599.2578	-1
23607.5547	-1
23615.8516	-1
23624.1484	-1
23632.4453	-1
23640.7422	-1
23649.0410	1
23657.3398	1
23665.6387	1
23673.9375	1
23682.2363	-1
23690.5352	-1
23698.8340	-1
23707.1328	-1
23715.4316	-1
23723.7305	-1
23732.0293	1
23740.3281	1
23748.6289	-1
23756.9297	-1
23765.2305	-1
23773.5312	-1
23781.8320	-1
23790.1328	-1
23798.4336	-1
23806.7344	-1
23815.0352	-1
23823.3359	-1
23831.6367	-1
23839.9375	-1
23848.2383	-1
23856.5391	-1
23864.8398	-1
23873.1406	-1
23881.4414	-1
23889.7422	-1
23898.0430	-1
23906.3438	-1
23914.6445	-1
23922.9453	-1
23931.2461	-1
23939.5469	-1
23947.8477	-1
23956.1484	-1
23964.4492	-1
23972.7500	-1
23981.0508	-1
23989.3613	1
23997.6738	-1
24005.9863	1
24014.2988	1
24022.6113	-1
24030.9238	-1
24039.2363	-1
24047.5488	-1
24055.8613	-1
24064.1738	-1
24072.4863	-1
24080.7988	-1
24089.1113	-1
24097.4238	-1
24105.7363	-1
24114.0488	-1
24122.3613	1
24130.6738	1
24138.9863	1
24147.3008	-1
24155.6152	-1
24163.9297	-1
24172.2441	-1
24180.5586	-1
24188.8730	-1
24197.1875	-1
24205.5020	-1
24213.8164	-1
24222.1309	-1
24230.4453	-1
24238.7598	-1
24247.0742	-1
24255.3965	1
24263.7207	-1
24272.0449	1
24280.3691	1
24288.6953	-1
24297.0215	-1
24305.3477	-1
24313.6738	-1
24322.0000	-1
24330.3262	-1
24338.6523	-1
24346.9785	-1
24355.3047	-1
24363.6309	-1
24371.9570	-1
24380.2832	-1
24388.6094	1
24396.9355	1
24405.2617	1
24413.5879	1
24421.9160	-1
24430.2441	-1
24438.5723	-1
24446.9004	-1
24455.2285	-1
24463.5566	-1
24471.8848	-1
24480.2129	-1
24488.5410	-1
24496.8691	-1
24505.1973	-1
24513.5254	-1
24521.8535	-1
24530.1816	-1
24538.5098	-1
24546.8379	-1
24555.1660	-1
24563.4941	-1
24571.8223	-1
24580.1504	-1
24588.4785	-1
24596.8066	-1
24605.1348	-1
24613.4629	-1
24621.7910	1
24630.1191	1
24638.4473	1
24646.7754	1
24655.1035	1
24663.4316	1
24671.7598	1
24680.0879	1
24688.4199	-1
24696.7520	-1
24705.0840	-1
24713.4160	-1
24721.7480	-1
24730.0801	-1
24738.4121	-1
24746.7441	-1
24755.0762	-1
24763.4082	-1
24771.7402	-1
24780.0723	-1
24788.4043	-1
24796.7363	-1
24805.0684	-1
24813.4004	-1
24821.7324	-1
24830.0645	-1
24838.3965	-1
24846.7285	-1
24855.0605	-1
24863.3926	-1
24871.7246	-1
24880.0566	-1
24888.3887	-1
24896.7207	-1
24905.0527	-1
24913.3848	-1
24921.7168	-1
24930.0488	-1
24938.3809	-1
24946.7129	-1
24955.0449	-1
24963.3770	-1
24971.7090	-1
24980.0410	-1
24988.3730	1
24996.7051	1
25005.0371	1
25013.3691	-1
25021.7012	-1
25030.0332	-1
25038.3652	-1
25046.6973	-1
25055.0293	-1
25063.3613	1
25071.6934	-1
25080.0254	-1
25088.3574	-1
25096.6895	-1
25105.0215	-1
25113.3535	-1
25121.6875	1
25130.0215	1
25138.3555	1
25146.6895	1
25155.0234	1
25163.3574	1
25171.6914	1
25180.0254	1
25188.3594	1
25196.6934	1
25205.0273	1
25213.3613	1
25221.6953	-1
25230.0293	-1
25238.3633	-1
25246.6973	-1
25255.0312	-1
25263.3652	-1
25271.6992	-1
25280.0332	-1
25288.3672	-1
25296.7012	-1
25305.0352	-1
25313.3691	-1
25321.7051	1
25330.0410	1
25338.3770	1
25346.7129	1
25355.0488	-1
25363.3848	-1
25371.7207	-1
25380.0566	-1
25388.3926	-1
25396.7285	-1
25405.0645	-1
25413.4004	-1
25421.7363	-1
25430.0723	-1
25438.4082	-1
25446.7441	-1
25455.0820	1
25463.4199	1
25471.7578	1
25480.0957	1
25488.4355	-1
25496.7754	-1
25505.1152	-1
25513.4551	-1
25521.7949	-1
25530.1348	-1
25538.4746	1
25546.8164	-1
25555.1582	-1
25563.5000	-1
25571.8418	-1
25580.1836	-1
25588.5254	-1
25596.8672	-1
25605.2090	-1
25613.5508	-1
25621.8926	-1
25630.2344	-1
25638.5762	-1
25646.9180	-1
25655.2598	-1
25663.6016	-1
25671.9434	-1
25680.2852	-1
25688.6270	-1
25696.9688	-1
25705.3105	-1
25713.6523	-1
25721.9941	-1
25730.3359	-1
25738.6777	-1
25747.0195	-1
25755.3613	-1
25763.7031	-1
25772.0449	-1
25780.3867	-1
25788.7285	-1
25797.0703	-1
25805.4121	-1
25813.7539	-1
25822.0957	-1
25830.4375	-1
25838.7793	-1
25847.1211	-1
25855.4629	-1
25863.8047	-1
25872.1465	-1
25880.4883	-1
25888.8301	-1
25897.1719	-1
25905.5137	-1
25913.8555	-1
25922.1973	-1
25930.5391	-1
25938.8809	-1
25947.2227	-1
25955.5645	-1
25963.9062	-1
25972.2480	-1
25980.5898	-1
25988.9316	-1
25997.2734	-1
26005.6152	-1
26013.9570	-1
26022.2988	-1
26030.6406	-1
26038.9824	-1
26047.3242	-1
26055.6660	-1
26064.0078	-1
26072.3496	-1
26080.6914	-1
26089.0332	-1
26097.3750	1
26105.7168	1
26114.0586	1
26122.4023	1
26130.7461	1
26139.0898	1
26147.4336	1
26155.7773	1
26164.1211	1
26172.4648	1
26180.8086	1
26189.1523	-1
26197.4961	-1
26205.8398	-1
26214.1836	-1
26222.5273	-1
26230.8711	-1
26239.2148	-1
26247.5586	-1
26255.9023	-1
26264.2461	-1
26272.5898	-1
26280.9336	-1
26289.2773	-1
26297.6211	-1
26305.9648	-1
26314.3086	-1
26322.6523	-1
26330.9961	-1
26339.3398	-1
26347.6836	-1
26356.0273	-1
26364.3711	-1
26372.7148	-1
26381.0586	-1
26389.4062	-1
26397.7539	-1
26406.1016	-1
26414.4492	-1
26422.7969	-1
26431.1445	-1
26439.4922	-1
26447.8398	-1
26456.1875	-1
26464.5352	-1
26472.8828	-1
26481.2305	-1
26489.5781	-1
26497.9258	-1
26506.2734	-1
26514.6211	-1
26522.9688	-1
26531.3164	-1
26539.6641	-1
26548.0117	-1
26556.3594	-1
26564.7070	-1
26573.0547	-1
26581.4023	-1
26589.7500	-1
26598.0977	-1
26606.4453	-1
26614.7930	-1
26623.1406	-1
26631.4883	-1
26639.8379	-1
26648.1875	-1
26656.5371	-1
26664.8867	-1
26673.2363	-1
26681.5859	-1
26689.9355	-1
26698.2852	-1
26706.6348	-1
26714.9844	-1
26723.3340	-1
26731.6836	-1
26740.0352	-1
26748.3867	-1
26756.7383	-1
26765.0898	-1
26773.4414	-1
26781.7930	-1
26790.1445	-1
26798.4961	-1
26806.8477	-1
26815.1992	-1
26823.5508	-1
26831.9023	-1
26840.2539	-1
26848.6055	-1
26856.9570	-1
26865.3086	-1
26873.6602	-1
26882.0117	-1
26890.3633	-1
26898.7148	-1
26907.0664	-1
26915.4180	-1
26923.7695	-1
26932.1211	-1
26940.4727	-1
26948.8242	-1
26957.1758	-1
26965.5273	-1
26973.8789	-1
26982.2305	-1
26990.5820	-1
26998.9336	-1
27007.2852	-1
27015.6367	-1
27023.9883	-1
27032.3398	-1
27040.6914	-1
27049.0430	-1
27057.3945	-1
27065.7461	-1
27074.0977	-1
27082.4492	-1
27090.8008	-1
27099.1523	-1
27107.5039	-1
27115.8555	-1
27124.2070	-1
27132.5586	-1
27140.9102	-1
27149.2617	-1
27157.6133	-1
27165.9648	-1
