0.5820	2
0.6457	2
0.9740	2
0.9785	2
1.1052	2
1.1800	2
1.4948	2
1.5312	-1
1.6698	2
1.7218	2
1.7658	2
1.8529	2
1.9355	2
2.0680	2
2.1481	2
2.1630	2
2.2048	2
2.2551	2
2.2632	2
2.3888	2
2.4213	2
2.5289	2
2.6541	2
2.8216	2
2.8400	2
2.9378	2
2.9878	2
3.0475	2
3.0630	1
3.1379	2
3.1678	2
3.1682	2
3.2547	2
3.3120	2
3.3251	2
3.3303	2
3.3629	2
3.3760	2
3.3800	2
3.3964	2
3.4216	2
3.5915	2
3.6168	2
3.6367	2
3.6429	-2
3.7376	-2
3.9088	2
3.9258	2
3.9771	2
4.0250	-2
4.0250	2
4.0461	-2
4.1370	2
4.1426	-2
4.1548	2
4.1742	2
4.1781	-2
4.1946	2
4.2108	2
4.3148	2
4.3995	2
4.5063	2
4.5739	2
4.5969	2
4.8514	2
4.9126	2
4.9217	2
4.9606	-2
5.0050	2
5.0504	2
5.1126	-2
5.1468	2
5.1628	2
5.2396	2
5.2533	2
5.3674	2
5.5968	2
5.6175	2
5.6245	2
5.6659	2
5.7028	2
5.7836	2
5.9620	2
5.9850	2
5.9963	2
6.4192	-2
6.6582	-2
6.6783	2
6.7036	2
6.7241	-2
6.8529	-2
6.8672	-2
6.9720	2
7.0847	-2
7.1495	-2
7.1937	2
7.4591	-2
7.4755	-2
7.5444	-2
7.5584	-2
7.5785	2
7.6517	2
7.7432	-2
7.7795	2
7.8846	-2
7.8897	-2
7.9371	-2
8.1412	-2
8.3881	-2
8.4402	2
8.4573	-2
8.5390	-2
8.5463	-2
8.6947	-2
8.8398	-2
8.9920	1
9.0927	-2
9.1353	-2
9.3467	-2
9.3558	-2
9.4420	-2
9.4442	-2
9.9467	-2
10.0482	-2
10.2589	-2
10.3562	-2
10.3630	-2
10.4400	-2
10.5971	-2
10.7885	-2
10.8374	-2
11.2029	-2
11.3205	-2
11.4570	-2
11.4636	-2
11.6910	2
11.6967	-2
11.7269	-2
11.8427	-2
12.0766	-2
12.1389	-2
12.2075	-2
12.5569	-2
12.5704	-2
12.6009	-2
12.6111	-2
13.2175	-2
13.6779	-2
13.6887	-2
13.6902	-2
13.7791	-2
13.8164	-2
13.9721	-2
14.6481	-2
14.8336	-2
14.9211	-1
15.4657	-2
15.4720	-2
15.4941	-2
15.5073	-2
16.6107	-2
16.6216	-2
16.6985	-2
16.9664	-2
18.2431	-2
18.5687	-2
18.6654	-2
18.6889	-2
19.1090	-2
19.2823	-2
19.3142	-2
20.8522	-1
21.3321	-2
21.8780	-2
26.7836	1
32.7151	1
38.6479	-1
44.5807	-1
50.5140	-1
56.4640	1
62.4155	-1
68.3679	1
74.3203	1
80.2742	-1
86.2281	-1
92.1820	-1
98.1359	-1
104.0898	-1
110.0437	-1
115.9977	-1
121.9518	-1
127.9058	-1
133.8741	1
139.8442	-1
145.8147	1
151.7852	1
157.7568	-1
163.7284	-1
169.7001	-1
175.6717	-1
181.6433	-1
187.6150	-1
193.5867	-1
199.5585	-1
205.5302	-1
211.5020	-1
217.4738	-1
223.4455	-1
229.4176	1
235.3898	1
241.3630	-1
247.3362	-1
253.3093	-1
259.2825	-1
265.2557	-1
271.2289	-1
277.2021	-1
283.1754	-1
289.1487	-1
295.1219	-1
301.0952	-1
307.0845	1
313.0756	-1
319.0671	1
325.0587	1
331.0516	-1
337.0445	-1
343.0374	-1
349.0304	-1
355.0233	-1
361.0163	-1
367.0236	1
373.0323	1
379.0425	-1
385.0532	1
391.0639	1
397.0753	-1
403.0868	-1
409.0983	-1
415.1097	-1
421.1212	-1
427.1327	-1
433.1444	-1
439.1561	-1
445.1678	-1
451.1795	-1
457.1912	-1
463.2029	-1
469.2150	1
475.2271	1
481.2393	1
487.2516	1
493.2645	-1
499.2775	-1
505.2905	-1
511.3035	-1
517.3165	-1
523.3295	-1
529.3427	-1
535.3558	-1
541.3689	-1
547.3820	-1
553.3951	-1
559.4083	-1
565.4218	-1
571.4352	-1
577.4487	-1
583.4622	-1
589.4757	-1
595.4892	-1
601.5028	-1
607.5164	-1
613.5300	-1
619.5436	-1
625.5573	-1
631.5710	-1
637.5847	1
643.5984	1
649.6122	1
655.6260	1
661.6408	-1
667.6556	-1
673.6705	-1
679.6854	-1
685.7003	-1
691.7151	-1
697.7301	-1
703.7451	-1
709.7601	-1
715.7751	-1
721.7902	-1
727.8052	-1
733.8203	-1
739.8354	-1
745.8506	-1
751.8657	-1
757.8809	-1
763.8960	-1
769.9112	-1
775.9264	-1
781.9417	-1
787.9569	-1
793.9929	1
800.0322	-1
806.0720	1
812.1118	1
818.1523	-1
824.1930	-1
830.2336	-1
836.2743	-1
842.3149	-1
848.3556	-1
854.3963	-1
860.4370	-1
866.4777	-1
872.5184	-1
878.5720	1
884.6273	-1
890.6830	1
896.7388	1
902.7955	-1
908.8523	-1
914.9091	-1
920.9658	-1
927.0226	-1
933.0800	-1
939.1509	1
945.2239	-1
951.2972	1
957.3707	1
963.4451	-1
969.5195	-1
975.5939	-1
981.6683	-1
987.7427	-1
993.8172	-1
999.8917	-1
1005.9662	-1
1012.0408	-1
1018.1153	-1
1024.1898	-1
1030.2644	-1
1036.3394	1
1042.4144	1
1048.4896	1
1054.5648	1
1060.6407	-1
1066.7168	-1
1072.7928	-1
1078.8689	-1
1084.9449	-1
1091.0210	-1
1097.0970	-1
1103.1732	-1
1109.2494	-1
1115.3256	-1
1121.4017	-1
1127.4779	-1
1133.5542	-1
1139.6305	-1
1145.7068	-1
1151.7831	-1
1157.8594	-1
1163.9357	-1
1170.0122	-1
1176.0887	-1
1182.1653	-1
1188.2418	-1
1194.3184	-1
1200.3949	-1
1206.4722	1
1212.5494	1
1218.6268	1
1224.7045	1
1230.7821	1
1236.8597	1
1242.9375	1
1249.0153	1
1255.0946	-1
1261.1740	-1
1267.2533	-1
1273.3326	-1
1279.4120	-1
1285.4913	-1
1291.5708	-1
1297.6503	-1
1303.7297	-1
1309.8092	-1
1315.8887	-1
1321.9681	-1
1328.0477	-1
1334.1273	-1
1340.2069	-1
1346.2865	-1
1352.3661	-1
1358.4457	-1
1364.5254	-1
1370.6051	-1
1376.6848	-1
1382.7645	-1
1388.8442	-1
1394.9240	-1
1401.0039	-1
1407.0839	-1
1413.1638	-1
1419.2438	-1
1425.3237	-1
1431.4037	-1
1437.4838	-1
1443.5638	-1
1449.6439	-1
1455.7240	-1
1461.8041	-1
1467.8842	-1
1473.9644	-1
1480.0446	-1
1486.1248	-1
1492.2050	-1
1498.2852	-1
1504.3654	-1
1510.4457	-1
1516.5260	-1
1522.6063	-1
1528.6866	-1
1534.7670	-1
1540.8473	-1
1546.9285	1
1553.0096	1
1559.0909	1
1565.1722	1
1571.2535	1
1577.3350	1
1583.4164	1
1589.4979	1
1595.5795	1
1601.6611	1
1607.7428	1
1613.8245	1
1619.9062	1
1625.9880	1
1632.0698	1
1638.1517	1
1644.2378	-1
1650.3239	-1
1656.4099	-1
1662.4960	-1
1668.5820	-1
1674.6681	-1
1680.7543	-1
1686.8405	-1
1692.9266	-1
1699.0128	-1
1705.0990	-1
1711.1852	-1
1717.2715	-1
1723.3578	-1
1729.4441	-1
1735.5304	-1
1741.6167	-1
1747.7030	-1
1753.7894	-1
1759.8759	-1
1765.9623	-1
1772.0487	-1
1778.1351	-1
1784.2216	-1
1790.3081	-1
1796.3947	-1
1802.4812	-1
1808.5677	-1
1814.6543	-1
1820.7408	-1
1826.8275	-1
1832.9142	-1
1839.0009	-1
1845.0875	-1
1851.1742	-1
1857.2609	-1
1863.3477	-1
1869.4344	-1
1875.5212	-1
1881.6080	-1
1887.6948	-1
1893.7816	-1
1899.8685	-1
1905.9554	-1
1912.0424	-1
1918.1293	-1
1924.2162	-1
1930.3031	-1
1936.3901	-1
1942.4772	-1
1948.5642	-1
1954.6512	-1
1960.7383	-1
1966.8253	-1
1972.9125	-1
1978.9996	-1
1985.0868	-1
1991.1740	-1
1997.2611	-1
2003.3483	-1
2009.4355	-1
2015.5228	-1
2021.6101	-1
2027.6974	-1
2033.7847	-1
2039.8719	-1
2045.9603	-1
2052.0486	-1
2058.1370	-1
2064.2253	-1
2070.3137	-1
2076.4021	-1
2082.4905	-1
2088.5789	-1
2094.6672	-1
2100.7556	-1
2106.8440	-1
2112.9324	-1
2119.0210	-1
2125.1096	-1
2131.1982	-1
2137.2869	-1
2143.3755	-1
2149.4641	-1
2155.5527	-1
2161.6414	-1
2167.7300	-1
2173.8186	-1
2179.9072	-1
2185.9958	-1
2192.0847	-1
2198.1736	-1
2204.2625	-1
2210.3513	-1
2216.4402	-1
2222.5291	-1
2228.6184	1
2234.7078	1
2240.7981	-1
2246.8884	-1
2252.9788	-1
2259.0691	-1
2265.1594	-1
2271.2498	-1
2277.3406	-1
2283.4314	-1
2289.5222	-1
2295.6130	-1
2301.7039	-1
2307.7947	-1
2313.8872	1
2319.9797	1
2326.0723	1
2332.1648	1
2338.2573	1
2344.3499	1
2350.4426	1
2356.5354	1
2362.6282	1
2368.7209	1
2374.8140	1
2380.9070	1
2387.0000	1
2393.0930	1
2399.1860	1
2405.2791	1
2411.3723	1
2417.4656	1
2423.5588	1
2429.6521	1
2435.7454	1
2441.8386	1
2447.9321	1
2454.0256	1
2460.1191	1
2466.2126	1
2472.3062	1
2478.3999	1
2484.4937	1
2490.5874	1
2496.6812	1
2502.7749	1
2508.8701	-1
2514.9656	-1
2521.0610	-1
2527.1565	-1
2533.2520	-1
2539.3474	-1
2545.4429	-1
2551.5383	-1
2557.6338	-1
2563.7292	-1
2569.8247	-1
2575.9202	-1
2582.0181	-1
2588.1160	-1
2594.2139	-1
2600.3118	-1
2606.4097	-1
2612.5076	-1
2618.6055	-1
2624.7034	-1
2630.8013	-1
2636.8992	-1
2642.9971	-1
2649.0950	-1
2655.1931	-1
2661.2913	-1
2667.3894	-1
2673.4875	-1
2679.5857	-1
2685.6838	-1
2691.7820	-1
2697.8801	-1
2703.9783	-1
2710.0764	-1
2716.1746	-1
2722.2727	-1
2728.3711	-1
2734.4695	-1
2740.5679	-1
2746.6663	-1
2752.7646	-1
2758.8630	-1
2764.9614	-1
2771.0598	-1
2777.1582	-1
2783.2566	-1
2789.3550	-1
2795.4534	-1
2801.5520	-1
2807.6506	-1
2813.7493	-1
2819.8479	-1
2825.9465	-1
2832.0452	-1
2838.1438	-1
2844.2424	-1
2850.3411	-1
2856.4397	-1
2862.5383	-1
2868.6370	-1
2874.7361	1
2880.8352	1
2886.9343	1
2893.0334	1
2899.1331	1
2905.2327	1
2911.3325	1
2917.4326	1
2923.5327	1
2929.6328	1
2935.7329	1
2941.8330	1
2947.9336	1
2954.0347	-1
2960.1357	-1
2966.2368	-1
2972.3379	-1
2978.4390	-1
2984.5400	-1
2990.6411	-1
2996.7422	-1
3002.8433	-1
3008.9443	-1
3015.0454	-1
3021.1465	-1
3027.2478	-1
3033.3491	-1
3039.4504	-1
3045.5518	-1
3051.6531	-1
3057.7544	-1
3063.8557	-1
3069.9570	-1
3076.0583	-1
3082.1597	-1
3088.2610	-1
3094.3623	-1
3100.4639	-1
3106.5654	-1
3112.6670	-1
3118.7686	-1
3124.8701	-1
3130.9717	-1
3137.0735	-1
3143.1753	-1
3149.2771	-1
3155.3789	-1
3161.4807	-1
3167.5825	-1
3173.6846	-1
3179.7866	-1
3185.8887	-1
3191.9907	-1
3198.0928	-1
3204.1948	-1
3210.2969	-1
3216.3989	-1
3222.5010	-1
3228.6030	-1
3234.7051	-1
3240.8074	-1
3246.9097	-1
3253.0120	-1
3259.1143	-1
3265.2166	-1
3271.3188	-1
3277.4211	-1
3283.5271	1
3289.6331	1
3295.7390	1
3301.8450	1
3307.9531	-1
3314.0613	-1
3320.1694	-1
3326.2776	-1
3332.3857	-1
3338.4939	-1
3344.6021	-1
3350.7102	-1
3356.8184	-1
3362.9265	-1
3369.0347	-1
3375.1428	-1
3381.2512	-1
3387.3596	-1
3393.4680	-1
3399.5764	-1
3405.6848	-1
3411.7932	-1
3417.9019	-1
3424.0105	-1
3430.1191	-1
3436.2278	-1
3442.3364	-1
3448.4451	-1
3454.5540	-1
3460.6628	-1
3466.7717	-1
3472.8806	-1
3478.9895	-1
3485.0984	-1
3491.2073	-1
3497.3162	-1
3503.4253	-1
3509.5344	-1
3515.6436	-1
3521.7527	-1
3527.8618	-1
3533.9709	-1
3540.0801	-1
3546.1892	-1
3552.2983	-1
3558.4075	-1
3564.5168	-1
3570.6262	-1
3576.7356	-1
3582.8450	-1
3588.9543	-1
3595.0637	-1
3601.1731	-1
3607.2825	-1
3613.3918	-1
3619.5012	-1
3625.6106	-1
3631.7200	-1
3637.8296	-1
3643.9392	-1
3650.0488	-1
3656.1584	-1
3662.2681	-1
3668.3777	-1
3674.4873	-1
3680.5969	-1
3686.7065	-1
3692.8162	-1
3698.9258	-1
3705.0354	-1
3711.1494	-1
3717.2634	-1
3723.3774	-1
3729.4915	-1
3735.6055	-1
3741.7195	-1
3747.8335	-1
3753.9475	-1
3760.0615	-1
3766.1755	-1
3772.2896	-1
3778.4036	-1
3784.5178	-1
3790.6321	-1
3796.7463	-1
3802.8606	-1
3808.9749	-1
3815.0891	-1
3821.2034	-1
3827.3176	-1
3833.4319	-1
3839.5461	-1
3845.6604	-1
3851.7747	-1
3857.8892	-1
3864.0037	-1
3870.1182	-1
3876.2327	-1
3882.3472	-1
3888.4617	-1
3894.5762	-1
3900.6909	-1
3906.8057	-1
3912.9204	-1
3919.0352	-1
3925.1499	-1
3931.2646	-1
3937.3794	-1
3943.4941	-1
3949.6089	-1
3955.7236	-1
3961.8384	-1
3967.9534	-1
3974.0684	-1
3980.1833	-1
3986.2983	-1
3992.4133	-1
3998.5283	-1
4004.6433	-1
4010.7583	-1
4016.8733	-1
4022.9883	-1
4029.1033	-1
4035.2183	-1
4041.3335	-1
4047.4487	-1
4053.5640	-1
4059.6792	-1
4065.7944	-1
4071.9097	-1
4078.0249	-1
4084.1401	-1
4090.2554	-1
4096.3706	-1
4102.4858	-1
4108.6011	-1
4114.7163	-1
4120.8315	-1
4126.9468	-1
4133.0620	-1
4139.1772	-1
4145.2925	-1
4151.4082	-1
4157.5239	-1
4163.6396	-1
4169.7554	-1
4175.8711	-1
4181.9868	-1
4188.1025	-1
4194.2183	-1
4200.3340	-1
4206.4497	-1
4212.5654	-1
4218.6812	-1
4224.7969	-1
4230.9126	-1
4237.0283	-1
4243.1440	-1
4249.2598	-1
4255.3755	-1
4261.4932	-1
4267.6108	-1
4273.7285	-1
4279.8462	-1
4285.9639	-1
4292.0815	-1
4298.1992	-1
4304.3169	-1
4310.4346	-1
4316.5522	-1
4322.6699	-1
4328.7876	-1
4334.9053	-1
4341.0229	-1
4347.1406	-1
4353.2583	-1
4359.3760	-1
4365.4937	-1
4371.6113	-1
4377.7290	-1
4383.8467	-1
4389.9644	-1
4396.0972	1
4402.2314	-1
4408.3662	1
4414.5010	1
4420.6372	-1
4426.7734	-1
4432.9097	-1
4439.0459	-1
4445.1821	-1
4451.3184	-1
4457.4546	-1
4463.5908	-1
4469.7271	-1
4475.8633	-1
4481.9995	-1
4488.1357	-1
4494.2725	1
4500.4092	1
4506.5459	1
4512.6826	1
4518.8213	-1
4524.9600	-1
4531.0986	-1
4537.2373	-1
4543.3760	-1
4549.5146	-1
4555.6533	-1
4561.7920	-1
4567.9307	-1
4574.0693	-1
4580.2080	-1
4586.3467	-1
4592.4854	-1
4598.6240	-1
4604.7627	-1
4610.9014	-1
4617.0400	-1
4623.1787	-1
4629.3179	-1
4635.4570	-1
4641.5962	-1
4647.7354	-1
4653.8745	-1
4660.0137	-1
4666.1528	1
4672.2920	1
4678.4312	1
4684.5708	1
4690.7104	1
4696.8501	1
4702.9897	1
4709.1294	1
4715.2705	-1
4721.4116	-1
4727.5527	-1
4733.6938	-1
4739.8350	-1
4745.9761	-1
4752.1172	-1
4758.2583	-1
4764.3994	-1
4770.5405	-1
4776.6816	-1
4782.8228	-1
4788.9653	-1
4795.1079	-1
4801.2505	-1
4807.3931	-1
4813.5356	-1
4819.6782	-1
4825.8208	-1
4831.9634	-1
4838.1060	-1
4844.2485	-1
4850.3911	-1
4856.5337	-1
4862.6768	-1
4868.8198	-1
4874.9629	-1
4881.1060	-1
4887.2490	-1
4893.3921	-1
4899.5352	-1
4905.6782	-1
4911.8213	-1
4917.9644	-1
4924.1074	-1
4930.2505	-1
4936.3936	-1
4942.5366	-1
4948.6797	-1
4954.8228	-1
4960.9658	-1
4967.1089	-1
4973.2524	-1
4979.3960	-1
4985.5396	-1
4991.6831	-1
4997.8267	-1
5003.9702	-1
5010.1143	1
5016.2588	1
5022.4033	1
5028.5479	1
5034.6924	1
5040.8369	1
5046.9819	1
5053.1270	1
5059.2725	1
5065.4180	1
5071.5635	1
5077.7090	1
5083.8545	1
5090.0000	1
5096.1455	1
5102.2910	1
5108.4385	-1
5114.5859	-1
5120.7334	-1
5126.8809	-1
5133.0283	-1
5139.1758	-1
5145.3237	-1
5151.4717	-1
5157.6196	-1
5163.7676	-1
5169.9155	-1
5176.0635	-1
5182.2129	-1
5188.3623	-1
5194.5117	-1
5200.6611	-1
5206.8105	-1
5212.9600	-1
5219.1094	-1
5225.2588	-1
5231.4082	-1
5237.5576	-1
5243.7070	-1
5249.8564	-1
5256.0059	-1
5262.1558	-1
5268.3057	-1
5274.4556	-1
5280.6055	-1
5286.7554	-1
5292.9053	-1
5299.0552	-1
5305.2051	-1
5311.3550	-1
5317.5049	-1
5323.6548	-1
5329.8047	-1
5335.9546	-1
5342.1045	-1
5348.2544	-1
5354.4043	-1
5360.5542	-1
5366.7041	-1
5372.8540	-1
5379.0039	-1
5385.1538	-1
5391.3037	-1
5397.4536	-1
5403.6040	-1
5409.7544	-1
5415.9048	-1
5422.0552	-1
5428.2056	-1
5434.3560	-1
5440.5068	1
5446.6577	1
5452.8086	1
5458.9595	1
5465.1108	1
5471.2622	1
5477.4141	1
5483.5659	1
5489.7178	1
5495.8696	1
5502.0215	1
5508.1733	1
5514.3252	1
5520.4771	1
5526.6289	1
5532.7832	-1
5538.9375	-1
5545.0918	-1
5551.2461	-1
5557.4004	-1
5563.5547	-1
5569.7095	-1
5575.8643	-1
5582.0190	-1
5588.1738	-1
5594.3286	-1
5600.4834	-1
5606.6382	-1
5612.7930	-1
5618.9478	-1
5625.1025	-1
5631.2573	-1
5637.4121	-1
5643.5669	-1
5649.7217	-1
5655.8765	-1
5662.0312	-1
5668.1860	-1
5674.3408	-1
5680.4956	-1
5686.6504	-1
5692.8052	-1
5698.9600	-1
5705.1147	-1
5711.2695	-1
5717.4248	-1
5723.5801	-1
5729.7354	-1
5735.8906	-1
5742.0459	-1
5748.2012	-1
5754.3579	-1
5760.5146	-1
5766.6714	-1
5772.8281	-1
5778.9849	-1
5785.1416	-1
5791.3008	-1
5797.4600	-1
5803.6191	-1
5809.7783	-1
5815.9375	-1
5822.0967	-1
5828.2559	-1
5834.4150	-1
5840.5742	-1
5846.7334	-1
5852.8926	-1
5859.0518	-1
5865.2109	-1
5871.3701	-1
5877.5293	-1
5883.6885	-1
5889.8477	-1
5896.0068	-1
5902.1665	-1
5908.3262	-1
5914.4858	-1
5920.6455	-1
5926.8052	-1
5932.9648	-1
5939.1245	-1
5945.2842	-1
5951.4438	-1
5957.6035	-1
5963.7632	-1
5969.9229	-1
5976.0825	-1
5982.2422	-1
5988.4019	-1
5994.5615	-1
6000.7212	-1
6006.8809	-1
6013.0405	-1
6019.2002	-1
6025.3599	-1
6031.5195	-1
6037.6792	-1
6043.8389	-1
6049.9990	-1
6056.1592	-1
6062.3193	-1
6068.4795	-1
6074.6396	-1
6080.7998	-1
6086.9600	-1
6093.1201	-1
6099.2803	-1
6105.4404	-1
6111.6006	-1
6117.7607	-1
6123.9209	-1
6130.0811	-1
6136.2412	-1
6142.4014	-1
6148.5615	-1
6154.7217	-1
6160.8833	-1
6167.0449	-1
6173.2065	-1
6179.3682	-1
6185.5298	-1
6191.6914	-1
6197.8535	-1
6204.0156	-1
6210.1777	-1
6216.3398	-1
6222.5020	-1
6228.6641	-1
6234.8262	-1
6240.9883	-1
6247.1504	-1
6253.3125	-1
6259.4746	-1
6265.6367	-1
6271.7988	-1
6277.9609	-1
6284.1230	-1
6290.2852	-1
6296.4473	-1
6302.6094	-1
6308.7720	-1
6314.9346	-1
6321.0972	-1
6327.2598	-1
6333.4360	1
6339.6143	-1
6345.7925	1
6351.9707	1
6358.1504	-1
6364.3301	-1
6370.5098	-1
6376.6895	-1
6382.8691	-1
6389.0488	-1
6395.2285	-1
6401.4082	-1
6407.6021	1
6413.7974	-1
6419.9932	1
6426.1890	1
6432.3862	-1
6438.5835	-1
6444.7808	-1
6450.9780	-1
6457.1753	-1
6463.3726	-1
6469.5698	-1
6475.7671	-1
6481.9644	-1
6488.1616	-1
6494.3589	-1
6500.5562	-1
6506.7539	1
6512.9526	-1
6519.1514	-1
6525.3501	-1
6531.5488	-1
6537.7476	-1
6543.9463	-1
6550.1577	1
6556.3711	-1
6562.5845	1
6568.7983	1
6575.0132	-1
6581.2280	-1
6587.4429	-1
6593.6577	-1
6599.8726	-1
6606.0874	-1
6612.3022	-1
6618.5171	-1
6624.7319	-1
6630.9468	-1
6637.1616	-1
6643.3896	1
6649.6196	-1
6655.8501	1
6662.0806	1
6668.3125	-1
6674.5444	-1
6680.7764	-1
6687.0083	-1
6693.2402	-1
6699.4722	-1
6705.7041	-1
6711.9360	-1
6718.1680	-1
6724.3999	-1
6730.6318	-1
6736.8638	-1
6743.0962	1
6749.3286	1
6755.5610	1
6761.7935	1
6768.0273	-1
6774.2612	-1
6780.4951	-1
6786.7290	-1
6792.9629	-1
6799.1968	-1
6805.4307	-1
6811.6646	-1
6817.8984	-1
6824.1323	-1
6830.3662	-1
6836.6001	-1
6842.8345	-1
6849.0688	-1
6855.3032	-1
6861.5376	-1
6867.7720	-1
6874.0063	-1
6880.2407	-1
6886.4751	-1
6892.7095	-1
6898.9438	-1
6905.1782	-1
6911.4126	-1
6917.6475	1
6923.8823	1
6930.1172	1
6936.3521	1
6942.5869	1
6948.8218	1
6955.0566	1
6961.2920	1
6967.5298	-1
6973.7676	-1
6980.0054	-1
6986.2432	-1
6992.4810	-1
6998.7188	-1
7004.9565	-1
7011.1943	-1
7017.4321	-1
7023.6699	-1
7029.9077	-1
7036.1455	-1
7042.3838	-1
7048.6221	-1
7054.8604	-1
7061.0986	-1
7067.3369	-1
7073.5752	-1
7079.8135	-1
7086.0518	-1
7092.2900	-1
7098.5283	-1
7104.7666	-1
7111.0049	-1
7117.2432	-1
7123.4814	-1
7129.7197	-1
7135.9580	-1
7142.1963	-1
7148.4346	-1
7154.6729	-1
7160.9111	-1
7167.1494	-1
7173.3877	-1
7179.6260	-1
7185.8643	-1
7192.1030	-1
7198.3418	-1
7204.5806	-1
7210.8193	-1
7217.0581	-1
7223.2969	-1
7229.5356	-1
7235.7744	-1
7242.0132	-1
7248.2520	-1
7254.4907	-1
7260.7295	-1
7266.9688	1
7273.2080	1
7279.4473	1
7285.6865	1
7291.9258	1
7298.1650	1
7304.4048	1
7310.6445	1
7316.8843	1
7323.1240	1
7329.3638	1
7335.6035	1
7341.8433	1
7348.0830	1
7354.3228	1
7360.5625	1
7366.8047	-1
7373.0469	-1
7379.2891	-1
7385.5312	-1
7391.7734	-1
7398.0156	-1
7404.2578	-1
7410.5000	-1
7416.7422	-1
7422.9844	-1
7429.2266	-1
7435.4688	-1
7441.7114	-1
7447.9541	-1
7454.1968	-1
7460.4395	-1
7466.6821	-1
7472.9248	-1
7479.1680	1
7485.4111	1
7491.6543	1
7497.8975	1
7504.1416	-1
7510.3857	-1
7516.6299	-1
7522.8740	-1
7529.1182	-1
7535.3623	-1
7541.6074	-1
7547.8525	-1
7554.0977	-1
7560.3428	-1
7566.5879	-1
7572.8330	-1
7579.0786	-1
7585.3242	-1
7591.5698	-1
7597.8154	-1
7604.0610	-1
7610.3066	-1
7616.5522	-1
7622.7979	-1
7629.0435	-1
7635.2891	-1
7641.5347	-1
7647.7803	-1
7654.0269	-1
7660.2734	-1
7666.5200	-1
7672.7666	-1
7679.0132	-1
7685.2598	-1
7691.5073	-1
7697.7549	-1
7704.0024	-1
7710.2500	-1
7716.4976	-1
7722.7451	-1
7728.9927	-1
7735.2402	-1
7741.4878	-1
7747.7354	-1
7753.9829	-1
7760.2305	-1
7766.4785	-1
7772.7266	-1
7778.9746	-1
7785.2227	-1
7791.4707	-1
7797.7188	-1
7803.9673	-1
7810.2158	-1
7816.4644	-1
7822.7129	-1
7828.9619	-1
7835.2109	-1
7841.4609	-1
7847.7109	-1
7853.9609	-1
7860.2109	-1
7866.4609	-1
7872.7109	-1
7878.9609	-1
7885.2109	-1
7891.4609	-1
7897.7109	-1
7903.9609	-1
7910.2109	-1
7916.4609	-1
7922.7109	-1
7928.9609	-1
7935.2114	-1
7941.4619	-1
7947.7124	-1
7953.9629	-1
7960.2134	-1
7966.4639	-1
7972.7144	-1
7978.9648	-1
7985.2153	-1
7991.4658	-1
7997.7163	-1
8003.9668	-1
8010.2173	-1
8016.4678	-1
8022.7183	-1
8028.9688	-1
8035.2192	-1
8041.4697	-1
8047.7202	-1
8053.9707	-1
8060.2212	-1
8066.4722	-1
8072.7231	-1
8078.9741	-1
8085.2251	-1
8091.4761	-1
8097.7271	-1
8103.9780	-1
8110.2290	-1
8116.4932	1
8122.7588	-1
8129.0244	1
8135.2905	1
8141.5571	-1
8147.8237	-1
8154.0908	-1
8160.3711	1
8166.6528	-1
8172.9351	1
8179.2173	1
8185.5005	-1
8191.7837	-1
8198.0674	-1
8204.3506	-1
8210.6338	-1
8216.9297	1
8223.2266	-1
8229.5244	1
8235.8223	1
8242.1211	-1
8248.4199	-1
8254.7188	-1
8261.0176	-1
8267.3164	-1
8273.6152	-1
8279.9141	-1
8286.2129	-1
8292.5117	-1
8298.8105	-1
8305.1094	-1
8311.4082	-1
8317.7080	1
8324.0078	1
8330.3086	-1
8336.6094	-1
8342.9102	-1
8349.2109	-1
8355.5117	-1
8361.8125	-1
8368.1133	-1
8374.4141	-1
8380.7285	1
8387.0449	-1
8393.3613	1
8399.6777	1
8405.9951	-1
8412.3125	-1
8418.6299	-1
8424.9473	-1
8431.2646	-1
8437.5820	-1
8443.8994	-1
8450.2168	-1
8456.5342	-1
8462.8516	-1
8469.1689	-1
8475.4863	-1
8481.8047	1
8488.1230	1
8494.4414	1
8500.7598	1
8507.0791	-1
8513.3984	-1
8519.7178	-1
8526.0371	-1
8532.3564	-1
8538.6758	-1
8544.9961	-1
8551.3164	-1
8557.6367	-1
8563.9570	-1
8570.2773	-1
8576.5977	-1
8582.9180	-1
8589.2383	-1
8595.5586	-1
8601.8789	-1
8608.1992	-1
8614.5195	-1
8620.8398	-1
8627.1602	-1
8633.4805	-1
8639.8008	-1
8646.1211	-1
8652.4414	-1
8658.7617	1
8665.0820	1
8671.4023	1
8677.7227	1
8684.0439	1
8690.3652	1
8696.6865	1
8703.0078	1
8709.3311	-1
8715.6543	-1
8721.9775	-1
8728.3008	-1
8734.6240	-1
8740.9473	-1
8747.2705	-1
8753.5938	-1
8759.9170	-1
8766.2402	-1
8772.5635	-1
8778.8867	-1
8785.2100	-1
8791.5332	-1
8797.8564	-1
8804.1797	-1
8810.5029	-1
8816.8262	-1
8823.1504	-1
8829.4746	-1
8835.7988	-1
8842.1230	-1
8848.4473	-1
8854.7715	-1
8861.0957	1
8867.4199	1
8873.7451	1
8880.0703	-1
8886.3955	-1
8892.7207	-1
8899.0459	-1
8905.3711	-1
8911.6963	-1
8918.0215	1
8924.3467	1
8930.6729	1
8936.9990	1
8943.3252	1
8949.6514	-1
8955.9775	-1
8962.3037	-1
8968.6299	-1
8974.9561	-1
8981.2822	-1
8987.6084	-1
8993.9346	-1
9000.2607	-1
9006.5869	-1
9012.9131	-1
9019.2393	-1
9025.5654	-1
9031.8916	-1
9038.2178	-1
9044.5439	-1
9050.8701	-1
9057.1963	-1
9063.5234	1
9069.8506	1
9076.1797	-1
9082.5088	-1
9088.8379	-1
9095.1670	-1
9101.4961	-1
9107.8252	-1
9114.1543	-1
9120.4834	-1
9126.8125	-1
9133.1416	-1
9139.4707	-1
9145.7998	-1
9152.1289	-1
9158.4580	-1
9164.7871	-1
9171.1162	-1
9177.4453	-1
9183.7744	-1
9190.1064	-1
9196.4385	-1
9202.7705	-1
9209.1025	-1
9215.4346	-1
9221.7666	-1
9228.0986	-1
9234.4307	-1
9240.7627	-1
9247.0947	-1
9253.4268	-1
9259.7588	-1
9266.0908	-1
9272.4229	-1
9278.7549	-1
9285.0869	-1
9291.4189	-1
9297.7510	-1
9304.0830	-1
9310.4150	-1
9316.7471	-1
9323.0791	-1
9329.4111	-1
9335.7432	-1
9342.0752	-1
9348.4072	-1
9354.7393	-1
9361.0713	-1
9367.4033	-1
9373.7354	-1
9380.0674	-1
9386.3994	-1
9392.7314	-1
9399.0635	-1
9405.3955	-1
9411.7275	-1
9418.0596	-1
9424.3916	-1
9430.7236	-1
9437.0693	1
9443.4170	-1
9449.7646	1
9456.1123	1
9462.4619	-1
9468.8115	-1
9475.1611	-1
9481.5107	-1
9487.8604	-1
9494.2100	-1
9500.5596	-1
9506.9092	-1
9513.2715	1
9519.6357	-1
9526.0000	1
9532.3643	1
9538.7295	-1
9545.0947	-1
9551.4600	-1
9557.8252	-1
9564.1904	-1
9570.5557	-1
9576.9209	-1
9583.2988	1
9589.6787	-1
9596.0586	1
9602.4385	1
9608.8193	-1
9615.2002	-1
9621.5811	-1
9627.9619	-1
9634.3428	-1
9640.7363	1
9647.1318	-1
9653.5273	1
9659.9229	1
9666.3203	-1
9672.7178	-1
9679.1152	-1
9685.5127	-1
9691.9102	-1
9698.3076	-1
9704.7051	-1
9711.1025	-1
9717.5000	-1
9723.8975	-1
9730.2949	-1
9736.6924	-1
9743.0898	1
9749.4883	1
9755.8867	1
9762.2852	1
9768.6855	-1
9775.0859	-1
9781.4863	-1
9787.8867	-1
9794.2871	-1
9800.6875	-1
9807.0879	-1
9813.4883	-1
9819.8887	-1
9826.2891	-1
9832.6895	-1
9839.0898	-1
9845.4902	-1
9851.8906	-1
9858.2910	-1
9864.6914	-1
9871.0918	-1
9877.4922	-1
9883.8926	-1
9890.2930	-1
9896.6934	-1
9903.0938	-1
9909.4941	-1
9915.8945	-1
9922.2949	1
9928.6953	1
9935.0957	1
9941.4971	1
9947.8984	1
9954.2998	1
9960.7012	1
9967.1025	1
9973.5068	-1
9979.9111	-1
9986.3154	-1
9992.7197	-1
9999.1240	-1
10005.5283	-1
10011.9326	-1
10018.3369	-1
10024.7412	-1
10031.1455	-1
10037.5498	-1
10043.9541	-1
10050.3584	-1
10056.7627	-1
10063.1670	-1
10069.5713	-1
10075.9756	-1
10082.3799	-1
10088.7852	-1
10095.1904	-1
10101.5957	-1
10108.0010	-1
10114.4062	-1
10120.8115	-1
10127.2168	-1
10133.6221	-1
10140.0273	-1
10146.4326	-1
10152.8379	-1
10159.2432	-1
10165.6484	-1
10172.0537	-1
10178.4590	-1
10184.8643	-1
10191.2695	-1
10197.6748	-1
10204.0801	-1
10210.4854	-1
10216.8906	-1
10223.2959	-1
10229.7012	-1
10236.1064	-1
10242.5117	1
10248.9170	1
10255.3223	1
10261.7275	1
10268.1328	1
10274.5381	1
10280.9443	1
10287.3516	-1
10293.7588	-1
10300.1660	-1
10306.5732	-1
10312.9805	-1
10319.3877	-1
10325.7969	-1
10332.2061	-1
10338.6152	-1
10345.0244	-1
10351.4336	-1
10357.8428	-1
10364.2520	-1
10370.6611	-1
10377.0703	-1
10383.4795	-1
10389.8887	-1
10396.2979	-1
10402.7070	-1
10409.1162	-1
10415.5254	-1
10421.9346	-1
10428.3438	-1
10434.7529	-1
10441.1621	-1
10447.5713	-1
10453.9805	-1
10460.3896	-1
10466.7988	-1
10473.2080	-1
10479.6182	-1
10486.0283	-1
10492.4385	-1
10498.8486	-1
10505.2588	-1
10511.6689	-1
10518.0801	-1
10524.4912	-1
10530.9023	-1
10537.3135	-1
10543.7246	-1
10550.1357	-1
10556.5469	-1
10562.9580	-1
10569.3691	-1
10575.7803	-1
10582.1914	-1
10588.6162	1
10595.0430	-1
10601.4697	1
10607.8965	1
10614.3242	-1
10620.7520	-1
10627.1797	-1
10633.6074	-1
10640.0352	-1
10646.4629	-1
10652.8906	-1
10659.3184	-1
10665.7461	-1
10672.1738	-1
10678.6016	-1
10685.0293	-1
10691.4580	1
10697.8867	1
10704.3154	1
10710.7441	1
10717.1738	-1
10723.6035	-1
10730.0332	-1
10736.4629	-1
10742.8926	-1
10749.3223	-1
10755.7520	-1
10762.1816	-1
10768.6113	-1
10775.0410	-1
10781.4707	-1
10787.9004	-1
10794.3311	-1
10800.7617	-1
10807.1924	-1
10813.6230	-1
10820.0537	-1
10826.4844	-1
10832.9150	-1
10839.3457	-1
10845.7764	-1
10852.2070	-1
10858.6377	-1
10865.0684	-1
10871.4990	1
10877.9297	1
10884.3604	1
10890.7920	1
10897.2236	1
10903.6553	1
10910.0869	1
10916.5186	1
10922.9512	-1
10929.3838	-1
10935.8164	-1
10942.2490	-1
10948.6816	-1
10955.1143	-1
10961.5469	-1
10967.9795	-1
10974.4121	-1
10980.8447	-1
10987.2773	-1
10993.7100	-1
11000.1426	-1
11006.5752	-1
11013.0078	-1
11019.4404	-1
11025.8730	-1
11032.3057	-1
11038.7383	-1
11045.1709	-1
11051.6035	-1
11058.0361	-1
11064.4688	-1
11070.9014	-1
11077.3350	-1
11083.7686	-1
11090.2021	-1
11096.6357	-1
11103.0693	-1
11109.5029	-1
11115.9365	-1
11122.3701	-1
11128.8037	-1
11135.2373	-1
11141.6709	-1
11148.1045	-1
11154.5381	-1
11160.9717	-1
11167.4053	-1
11173.8389	-1
11180.2725	-1
11186.7061	-1
11193.1396	-1
11199.5732	-1
11206.0068	-1
11212.4404	-1
11218.8740	-1
11225.3076	-1
11231.7412	1
11238.1758	1
11244.6104	1
11251.0449	1
11257.4795	1
11263.9141	1
11270.3486	1
11276.7832	1
11283.2178	1
11289.6533	-1
11296.0889	-1
11302.5244	-1
11308.9600	-1
11315.3955	-1
11321.8311	-1
11328.2676	-1
11334.7041	-1
11341.1406	-1
11347.5771	-1
11354.0137	-1
11360.4502	-1
11366.8867	-1
11373.3232	-1
11379.7598	-1
11386.1963	-1
11392.6328	-1
11399.0693	-1
11405.5059	-1
11411.9424	-1
11418.3789	-1
11424.8154	-1
11431.2520	-1
11437.6885	-1
11444.1250	-1
11450.5615	-1
11456.9980	-1
11463.4346	-1
11469.8711	-1
11476.3076	-1
11482.7451	-1
11489.1826	-1
11495.6201	-1
11502.0576	-1
11508.4951	-1
11514.9326	-1
11521.3701	-1
11527.8076	-1
11534.2451	-1
11540.6826	-1
11547.1201	-1
11553.5576	-1
11559.9951	-1
11566.4326	-1
11572.8701	-1
11579.3076	-1
11585.7451	-1
11592.1826	-1
11598.6201	-1
11605.0576	-1
11611.4951	-1
11617.9326	-1
11624.3838	1
11630.8369	-1
11637.2900	1
11643.7432	1
11650.1973	-1
11656.6514	-1
11663.1055	-1
11669.5596	-1
11676.0137	-1
11682.4678	-1
11688.9229	-1
11695.3779	-1
11701.8330	-1
11708.2881	-1
11714.7432	-1
11721.1982	-1
11727.6533	1
11734.1084	1
11740.5635	1
11747.0186	1
11753.4746	-1
11759.9307	-1
11766.3867	-1
11772.8428	-1
11779.2988	-1
11785.7549	-1
11792.2119	1
11798.6689	1
11805.1260	-1
11811.5830	-1
11818.0400	-1
11824.4971	-1
11830.9541	-1
11837.4111	-1
11843.8682	-1
11850.3252	-1
11856.7822	-1
11863.2393	-1
11869.6963	-1
11876.1533	-1
11882.6113	-1
11889.0693	-1
11895.5273	-1
11901.9854	-1
11908.4434	-1
11914.9014	-1
11921.3594	1
11927.8174	1
11934.2764	1
11940.7354	1
11947.1943	1
11953.6533	1
11960.1123	-1
11966.5713	-1
11973.0303	-1
11979.4893	-1
11985.9482	-1
11992.4072	-1
11998.8662	1
12005.3252	1
12011.7852	-1
12018.2451	-1
12024.7051	-1
12031.1650	-1
12037.6250	-1
12044.0850	-1
12050.5449	1
12057.0049	1
12063.4658	-1
12069.9268	-1
12076.3877	-1
12082.8486	-1
12089.3096	-1
12095.7705	-1
12102.2324	1
12108.6943	1
12115.1572	-1
12121.6201	-1
12128.0830	-1
12134.5459	-1
12141.0088	-1
12147.4717	-1
12153.9346	-1
12160.3975	-1
12166.8604	-1
12173.3232	-1
12179.7861	-1
12186.2490	-1
12192.7119	-1
12199.1748	-1
12205.6377	-1
12212.1006	-1
12218.5635	-1
12225.0264	-1
12231.4902	-1
12237.9541	-1
12244.4180	-1
12250.8818	-1
12257.3457	-1
12263.8096	-1
12270.2734	-1
12276.7373	-1
12283.2012	-1
12289.6650	-1
12296.1289	-1
12302.5928	-1
12309.0566	-1
12315.5205	-1
12321.9844	-1
12328.4482	-1
12334.9121	-1
12341.3760	-1
12347.8398	1
12354.3037	1
12360.7686	-1
12367.2334	-1
12373.6992	-1
12380.1650	-1
12386.6309	-1
12393.0967	-1
12399.5625	-1
12406.0283	-1
12412.4941	-1
12418.9600	-1
12425.4258	-1
12431.8916	-1
12438.3574	-1
12444.8232	-1
12451.2891	-1
12457.7549	-1
12464.2207	-1
12470.6865	-1
12477.1523	-1
12483.6182	-1
12490.0840	-1
12496.5498	-1
12503.0156	-1
12509.4814	-1
12515.9473	-1
12522.4131	-1
12528.8789	-1
12535.3447	-1
12541.8105	-1
12548.2764	-1
12554.7422	1
12561.2080	1
12567.6738	1
12574.1396	1
12580.6055	1
12587.0723	1
12593.5391	1
12600.0059	1
12606.4727	1
12612.9395	1
12619.4062	-1
12625.8730	-1
12632.3398	-1
12638.8066	-1
12645.2734	-1
12651.7402	-1
12658.2080	1
12664.6758	1
12671.1436	1
12677.6113	1
12684.0791	1
12690.5469	1
12697.0146	1
12703.4824	1
12709.9502	1
12716.4180	1
12722.8867	1
12729.3555	1
12735.8271	-1
12742.2988	-1
12748.7705	-1
12755.2422	-1
12761.7139	-1
12768.1855	-1
12774.6572	-1
12781.1289	-1
12787.6006	-1
12794.0723	-1
12800.5439	-1
12807.0156	-1
12813.4873	-1
12819.9590	-1
12826.4307	-1
12832.9023	-1
12839.3740	-1
12845.8457	-1
12852.3174	-1
12858.7891	-1
12865.2607	-1
12871.7324	-1
12878.2041	-1
12884.6758	-1
12891.1484	-1
12897.6211	-1
12904.0938	-1
12910.5664	-1
12917.0391	-1
12923.5117	-1
12929.9844	-1
12936.4570	-1
12942.9297	-1
12949.4023	-1
12955.8750	-1
12962.3477	-1
12968.8213	1
12975.2949	1
12981.7686	1
12988.2422	1
12994.7158	1
13001.1895	1
13007.6641	1
13014.1387	1
13020.6133	1
13027.0879	1
13033.5625	1
13040.0371	1
13046.5117	-1
13052.9863	-1
13059.4609	-1
13065.9355	-1
13072.4102	-1
13078.8848	-1
13085.3613	-1
13091.8379	-1
13098.3145	-1
13104.7910	-1
13111.2676	-1
13117.7441	-1
13124.2207	-1
13130.6973	-1
13137.1738	-1
13143.6504	-1
13150.1270	-1
13156.6035	-1
13163.0801	-1
13169.5566	-1
13176.0332	-1
13182.5098	-1
13188.9863	-1
13195.4629	-1
13201.9395	-1
13208.4160	-1
13214.8926	-1
13221.3691	-1
13227.8457	-1
13234.3223	-1
13240.7998	-1
13247.2773	-1
13253.7549	-1
13260.2324	-1
13266.7100	-1
13273.1875	-1
13279.6650	-1
13286.1426	-1
13292.6201	-1
13299.0977	-1
13305.5752	-1
13312.0527	-1
13318.5303	-1
13325.0078	-1
13331.4854	-1
13337.9629	-1
13344.4404	-1
13350.9180	-1
13357.3955	-1
13363.8730	-1
13370.3506	-1
13376.8281	-1
13383.3057	-1
13389.7832	-1
13396.2607	1
13402.7383	1
13409.2158	1
13415.6934	1
13422.1709	1
13428.6484	1
13435.1270	1
13441.6055	1
13448.0840	1
13454.5625	1
13461.0420	-1
13467.5215	-1
13474.0010	-1
13480.4805	-1
13486.9600	-1
13493.4395	-1
13499.9189	-1
13506.3984	-1
13512.8779	-1
13519.3574	-1
13525.8369	-1
13532.3164	-1
13538.7959	-1
13545.2754	-1
13551.7549	-1
13558.2344	-1
13564.7139	-1
13571.1934	-1
13577.6738	-1
13584.1543	-1
13590.6348	-1
13597.1152	-1
13603.5957	-1
13610.0762	-1
13616.5566	1
13623.0371	1
13629.5176	1
13635.9980	1
13642.4785	1
13648.9590	1
13655.4395	1
13661.9199	1
13668.4014	1
13674.8828	1
13681.3643	1
13687.8457	1
13694.3271	1
13700.8086	1
13707.2910	1
13713.7734	1
13720.2617	-1
13726.7500	-1
13733.2383	-1
13739.7266	-1
13746.2148	-1
13752.7031	-1
13759.1914	-1
13765.6797	-1
13772.1680	-1
13778.6562	-1
13785.1445	-1
13791.6328	-1
13798.1211	-1
13804.6094	-1
13811.0977	-1
13817.5859	-1
13824.0742	-1
13830.5625	-1
13837.0508	-1
13843.5391	-1
13850.0273	-1
13856.5156	-1
13863.0039	-1
13869.4922	-1
13875.9814	-1
13882.4707	-1
13888.9600	-1
13895.4492	-1
13901.9385	-1
13908.4277	-1
13914.9170	-1
13921.4062	-1
13927.8955	-1
13934.3848	-1
13940.8740	-1
13947.3633	-1
13953.8525	-1
13960.3418	-1
13966.8311	-1
13973.3203	-1
13979.8096	-1
13986.2988	-1
13992.7881	-1
13999.2773	-1
14005.7666	-1
14012.2559	-1
14018.7451	-1
14025.2344	-1
14031.7236	-1
14038.2129	-1
14044.7021	-1
14051.1914	-1
14057.6807	-1
14064.1699	-1
14070.6592	-1
14077.1484	-1
14083.6377	-1
14090.1270	-1
14096.6162	-1
14103.1055	-1
14109.5957	-1
14116.0859	-1
14122.5762	-1
14129.0664	-1
14135.5566	-1
14142.0469	-1
14148.5400	1
14155.0332	1
14161.5264	1
14168.0195	1
14174.5127	1
14181.0059	1
14187.4990	1
14193.9922	1
14200.4854	1
14206.9785	1
14213.4717	1
14219.9648	1
14226.4580	1
14232.9512	1
14239.4443	1
14245.9375	1
14252.4307	1
14258.9238	1
14265.4180	1
14271.9121	1
14278.4062	1
14284.9004	1
14291.3945	-1
14297.8887	-1
14304.3828	-1
14310.8770	-1
14317.3711	-1
14323.8652	-1
14330.3594	-1
14336.8535	-1
14343.3477	-1
14349.8418	-1
14356.3359	-1
14362.8301	-1
14369.3242	-1
14375.8184	-1
14382.3125	-1
14388.8066	-1
14395.3008	-1
14401.7949	-1
14408.2900	-1
14414.7852	-1
14421.2803	-1
14427.7754	-1
14434.2705	-1
14440.7656	-1
14447.2607	-1
14453.7559	-1
14460.2510	-1
14466.7461	-1
14473.2412	-1
14479.7363	-1
14486.2314	-1
14492.7266	-1
14499.2217	-1
14505.7168	-1
14512.2119	-1
14518.7070	-1
14525.2021	-1
14531.6973	-1
14538.1924	-1
14544.6875	-1
14551.1826	-1
14557.6777	-1
14564.1729	-1
14570.6680	-1
14577.1631	-1
14583.6582	-1
14590.1533	-1
14596.6484	-1
14603.1436	-1
14609.6387	-1
14616.1338	-1
14622.6289	-1
14629.1240	-1
14635.6191	-1
14642.1152	-1
14648.6113	-1
14655.1074	-1
14661.6035	-1
14668.0996	-1
14674.5957	-1
14681.0947	-1
14687.5938	-1
14694.0928	-1
14700.5918	-1
14707.0908	-1
14713.5898	-1
14720.0889	-1
14726.5879	-1
14733.0869	-1
14739.5859	-1
14746.0850	-1
14752.5840	-1
14759.0840	-1
14765.5840	-1
14772.0840	-1
14778.5840	-1
14785.0840	-1
14791.5840	-1
14798.0840	-1
14804.5840	-1
14811.0840	-1
14817.5840	-1
14824.0840	-1
14830.5840	-1
14837.0840	-1
14843.5840	-1
14850.0840	-1
14856.5840	-1
14863.0840	-1
14869.5840	-1
14876.0840	-1
14882.5840	-1
14889.0840	-1
14895.5840	-1
14902.0840	-1
14908.5840	-1
14915.0840	-1
14921.5840	-1
14928.0840	-1
14934.5840	-1
14941.0840	-1
14947.5840	-1
14954.0850	-1
14960.5859	-1
14967.0869	-1
14973.5879	-1
14980.0889	-1
14986.5898	-1
14993.0908	-1
14999.5918	-1
15006.0928	-1
15012.5938	-1
15019.0947	-1
15025.5957	-1
15032.0967	1
15038.5977	1
15045.0986	1
15051.5996	1
15058.1006	1
15064.6016	1
15071.1025	1
15077.6055	-1
15084.1084	-1
15090.6113	-1
15097.1143	-1
15103.6172	-1
15110.1201	-1
15116.6240	-1
15123.1279	-1
15129.6318	-1
15136.1357	-1
15142.6396	-1
15149.1436	-1
15155.6475	-1
15162.1514	-1
15168.6553	-1
15175.1592	-1
15181.6631	-1
15188.1670	-1
15194.6719	-1
15201.1768	-1
15207.6816	-1
15214.1865	-1
15220.6914	-1
15227.1963	-1
15233.7012	-1
15240.2061	-1
15246.7109	-1
15253.2158	-1
15259.7207	-1
15266.2256	-1
15272.7305	-1
15279.2354	-1
15285.7402	-1
15292.2451	-1
15298.7500	-1
15305.2549	-1
15311.7598	-1
15318.2646	-1
15324.7695	-1
15331.2744	-1
15337.7793	-1
15344.2842	-1
15350.7891	-1
15357.2939	-1
15363.7988	-1
15370.3037	-1
15376.8086	-1
15383.3135	-1
15389.8193	-1
15396.3252	-1
15402.8311	-1
15409.3369	-1
15415.8428	-1
15422.3486	-1
15428.8545	-1
15435.3604	-1
15441.8662	-1
15448.3721	-1
15454.8779	-1
15461.3838	-1
15467.8906	-1
15474.3975	-1
15480.9043	-1
15487.4111	-1
15493.9180	-1
15500.4248	-1
15506.9316	-1
15513.4385	-1
15519.9453	-1
15526.4521	-1
15532.9590	-1
15539.4658	-1
15545.9727	-1
15552.4795	-1
15558.9863	-1
15565.4932	-1
15572.0000	-1
15578.5068	-1
15585.0146	-1
15591.5225	-1
15598.0303	-1
15604.5381	-1
15611.0459	-1
15617.5537	-1
15624.0615	-1
15630.5693	-1
15637.0771	-1
15643.5850	-1
15650.0928	-1
15656.6006	-1
15663.1094	-1
15669.6182	-1
15676.1270	-1
15682.6357	-1
15689.1445	-1
15695.6533	-1
15702.1631	-1
15708.6729	-1
15715.1826	-1
15721.6924	-1
15728.2021	-1
15734.7119	-1
15741.2217	-1
15747.7314	-1
15754.2412	-1
15760.7510	-1
15767.2607	-1
15773.7705	-1
15780.2832	-1
15786.7959	-1
15793.3086	-1
15799.8213	-1
15806.3340	-1
15812.8467	-1
15819.3594	-1
15825.8721	-1
15832.3848	-1
15838.8975	-1
15845.4102	-1
15851.9229	-1
15858.4355	-1
15864.9482	-1
15871.4609	-1
15877.9736	-1
15884.4863	-1
15890.9990	-1
15897.5117	-1
15904.0244	-1
15910.5371	-1
15917.0498	-1
15923.5625	-1
15930.0752	-1
15936.5889	-1
15943.1025	-1
15949.6162	-1
15956.1299	-1
15962.6436	-1
15969.1572	-1
15975.6709	-1
15982.1846	-1
15988.6982	-1
15995.2119	-1
16001.7256	-1
16008.2393	-1
16014.7529	-1
16021.2666	-1
16027.7803	-1
16034.2939	-1
16040.8076	-1
16047.3213	-1
16053.8350	-1
16060.3486	-1
16066.8623	-1
16073.3760	-1
16079.8896	-1
16086.4033	-1
16092.9170	-1
16099.4307	-1
16105.9443	-1
16112.4580	-1
16118.9717	-1
16125.4854	-1
16131.9990	-1
16138.5127	-1
16145.0264	-1
16151.5400	-1
16158.0537	-1
16164.5674	-1
16171.0811	-1
16177.5947	-1
16184.1084	-1
16190.6221	-1
16197.1357	-1
16203.6494	-1
16210.1631	-1
16216.6768	-1
16223.1904	-1
16229.7041	-1
16236.2178	-1
16242.7314	-1
16249.2461	-1
16255.7607	-1
16262.2754	-1
16268.7900	-1
16275.3047	-1
16281.8193	-1
16288.3340	-1
16294.8486	-1
16301.3633	-1
16308.0488	1
16314.7344	1
16321.4199	1
16328.1055	1
16334.7910	1
16341.4775	-1
16348.1641	-1
16354.8506	-1
16361.5371	-1
16368.2236	-1
16374.9102	-1
16381.5967	-1
16388.2832	-1
16394.9688	-1
16401.6543	-1
16408.3398	-1
16415.0254	-1
16421.7129	-1
16428.4004	-1
16435.0879	-1
16441.7754	-1
16448.4629	-1
16455.1504	-1
16461.8379	-1
16468.5254	-1
16475.2129	-1
16481.9004	-1
16488.5879	-1
16495.2754	-1
16501.9629	1
16508.6504	1
16515.3379	-1
16522.0254	-1
16528.7129	-1
16535.4004	-1
16542.0879	-1
16548.7754	-1
16555.4629	1
16562.1504	1
16568.8379	-1
16575.5254	-1
16582.2129	-1
16588.9004	-1
16595.5879	-1
16602.2754	-1
16608.9629	-1
16615.6504	-1
16622.3379	-1
16629.0254	-1
16635.7129	-1
16642.4004	-1
16649.0879	-1
16655.7754	-1
16662.4629	-1
16669.1504	-1
16675.8379	-1
16682.5254	-1
16689.2129	-1
16695.9004	-1
16702.5879	-1
16709.2754	-1
16715.9629	-1
16722.6504	-1
16729.3535	1
16736.0566	-1
16742.7617	1
16749.4668	1
16756.1719	-1
16762.8770	-1
16769.5820	-1
16776.2871	-1
16782.9922	-1
16789.6973	-1
16796.4023	-1
16803.1074	-1
16809.8125	-1
16816.5176	-1
16823.2227	-1
16829.9277	-1
16836.6328	1
16843.3379	1
16850.0430	1
16856.7480	1
16863.4551	-1
16870.1621	-1
16876.8691	-1
16883.5762	-1
16890.2832	-1
16896.9902	-1
16903.6973	-1
16910.4043	-1
16917.1113	-1
16923.8184	-1
16930.5254	-1
16937.2324	-1
16943.9395	-1
16950.6465	-1
16957.3535	-1
16964.0605	-1
16970.7676	-1
16977.4746	-1
16984.1816	-1
16990.8887	-1
16997.5957	1
17004.3027	-1
17011.0098	-1
17017.7168	-1
17024.4238	-1
17031.1309	1
17037.8379	1
17044.5449	1
17051.2539	1
17057.9629	1
17064.6719	1
17071.3809	1
17078.0898	-1
17084.7988	-1
17091.5078	-1
17098.2168	-1
17104.9258	-1
17111.6348	-1
17118.3438	-1
17125.0527	-1
17131.7617	-1
17138.4707	-1
17145.1797	-1
17151.8887	-1
17158.5977	1
17165.3066	1
17172.0156	-1
17178.7246	-1
17185.4336	-1
17192.1426	-1
17198.8516	-1
17205.5605	-1
17212.2695	-1
17218.9785	-1
17225.6875	-1
17232.3965	-1
17239.1055	-1
17245.8145	-1
17252.5254	1
17259.2363	1
17265.9473	1
17272.6582	1
17279.3691	1
17286.0801	-1
17292.7910	-1
17299.5020	-1
17306.2129	-1
17312.9238	-1
17319.6348	-1
17326.3457	1
17333.0566	1
17339.7676	1
17346.4785	-1
17353.1895	-1
17359.9004	-1
17366.6113	-1
17373.3223	-1
17380.0332	-1
17386.7441	-1
17393.4551	-1
17400.1660	-1
17406.8770	-1
17413.5879	-1
17420.2988	-1
17427.0117	-1
17433.7246	-1
17440.4375	-1
17447.1504	-1
17453.8633	-1
17460.5762	-1
17467.2891	-1
17474.0020	-1
17480.7148	-1
17487.4277	-1
17494.1406	-1
17500.8535	-1
17507.5664	1
17514.2793	-1
17520.9922	-1
17527.7051	-1
17534.4180	-1
17541.1309	-1
17547.8438	-1
17554.5566	1
17561.2695	1
17567.9824	1
17574.6953	1
17581.4082	1
17588.1211	1
17594.8340	1
17601.5469	1
17608.2598	1
17614.9746	-1
17621.6895	-1
17628.4043	-1
17635.1191	-1
17641.8340	-1
17648.5488	-1
17655.2637	-1
17661.9785	-1
17668.6934	-1
17675.4082	-1
17682.1230	-1
17688.8379	-1
17695.5527	-1
17702.2676	-1
17708.9824	-1
17715.6973	-1
17722.4121	-1
17729.1270	-1
17735.8418	-1
17742.5566	-1
17749.2715	-1
17755.9863	-1
17762.7012	-1
17769.4160	-1
17776.1309	-1
17782.8457	-1
17789.5605	-1
17796.2754	-1
17802.9902	-1
17809.7051	-1
17816.4199	-1
17823.1348	-1
17829.8496	-1
17836.5645	-1
17843.2793	-1
17849.9941	-1
17856.7090	1
17863.4238	1
17870.1387	1
17876.8535	1
17883.5703	1
17890.2871	1
17897.0039	1
17903.7207	1
17910.4375	1
17917.1543	1
17923.8711	1
17930.5879	1
17937.3047	-1
17944.0215	-1
17950.7383	-1
17957.4551	-1
17964.1719	-1
17970.8887	-1
17977.6055	-1
17984.3223	-1
17991.0391	-1
17997.7559	-1
18004.4727	-1
18011.1895	-1
18017.9062	-1
18024.6230	-1
18031.3398	-1
18038.0566	-1
18044.7734	-1
18051.4902	-1
18058.2070	-1
18064.9238	-1
18071.6406	-1
18078.3574	-1
18085.0742	-1
18091.7910	-1
18098.5078	-1
18105.2246	-1
18111.9414	-1
18118.6582	-1
18125.3750	-1
18132.0918	-1
18138.8105	-1
18145.5293	-1
18152.2480	-1
18158.9668	-1
18165.6855	-1
18172.4043	-1
18179.1230	-1
18185.8418	-1
18192.5605	-1
18199.2793	-1
18205.9980	-1
18212.7168	-1
18219.4355	-1
18226.1543	-1
18232.8730	-1
18239.5918	-1
18246.3105	-1
18253.0293	-1
18259.7480	-1
18266.4668	-1
18273.1855	-1
18279.9043	-1
18286.6230	-1
18293.3418	-1
18300.0605	-1
18306.7793	-1
18313.4980	-1
18320.2168	-1
18326.9355	-1
18333.6543	-1
18340.3750	1
18347.0957	1
18353.8164	1
18360.5371	1
18367.2578	1
18373.9785	1
18380.6992	1
18387.4199	1
18394.1406	1
18400.8613	1
18407.5820	1
18414.3027	1
18421.0254	1
18427.7480	1
18434.4707	1
18441.1934	1
18447.9160	-1
18454.6387	-1
18461.3613	-1
18468.0840	-1
18474.8066	-1
18481.5293	-1
18488.2520	-1
18494.9746	-1
18501.6973	-1
18508.4199	-1
18515.1426	-1
18521.8652	-1
18528.5879	-1
18535.3105	-1
18542.0332	-1
18548.7559	-1
18555.4785	-1
18562.2012	-1
18568.9238	-1
18575.6465	-1
18582.3691	-1
18589.0918	-1
18595.8145	-1
18602.5371	-1
18609.2598	-1
18615.9824	-1
18622.7051	-1
18629.4277	-1
18636.1504	-1
18642.8730	-1
18649.5957	-1
18656.3184	-1
18663.0410	-1
18669.7637	-1
18676.4863	-1
18683.2090	-1
18689.9316	-1
18696.6543	-1
18703.3770	-1
18710.0996	-1
18716.8223	-1
18723.5449	-1
18730.2676	-1
18736.9902	-1
18743.7129	-1
18750.4355	-1
18757.1582	-1
18763.8809	-1
18770.6035	-1
18777.3262	-1
18784.0488	-1
18790.7715	-1
18797.4941	-1
18804.2168	-1
18810.9414	-1
18817.6660	-1
18824.3906	-1
18831.1152	-1
18837.8398	-1
18844.5645	-1
18851.2891	-1
18858.0137	-1
18864.7383	-1
18871.4629	-1
18878.1875	-1
18884.9121	-1
18891.6367	-1
18898.3613	-1
18905.0859	-1
18911.8105	-1
18918.5352	-1
18925.2598	-1
18931.9844	-1
18938.7090	-1
18945.4336	-1
18952.1582	-1
18958.8828	-1
18965.6074	-1
18972.3320	-1
18979.0566	-1
18985.7812	-1
18992.5059	-1
18999.2305	-1
19005.9551	-1
19012.6816	-1
19019.4082	-1
19026.1348	-1
19032.8613	-1
19039.5879	-1
19046.3145	-1
19053.0410	-1
19059.7676	-1
19066.4941	-1
19073.2207	-1
19079.9473	-1
19086.6738	-1
19093.4004	-1
19100.1270	-1
19106.8535	-1
19113.5801	-1
19120.3066	-1
19127.0332	-1
19133.7598	-1
19140.4863	-1
19147.2129	-1
19153.9395	-1
19160.6660	-1
19167.3926	-1
19174.1191	-1
19180.8457	-1
19187.5723	-1
19194.2988	-1
19201.0254	-1
19207.7520	-1
19214.4785	-1
19221.2051	-1
19227.9316	-1
19234.6582	-1
19241.3848	-1
19248.1113	-1
19254.8379	-1
19261.5645	-1
19268.2910	-1
19275.0176	-1
19281.7441	-1
19288.4707	-1
19295.1973	-1
19301.9238	-1
19308.6504	-1
19315.3770	-1
19322.1035	-1
19328.8301	-1
19335.5586	-1
19342.2871	-1
19349.0156	-1
19355.7441	-1
19362.4727	-1
19369.2012	-1
19375.9297	-1
19382.6582	-1
19389.3867	-1
19396.1152	-1
19402.8438	-1
19409.5723	-1
19416.3008	-1
19423.0293	-1
19429.7578	-1
19436.4863	-1
19443.2148	-1
19449.9434	-1
19456.6719	-1
19463.4004	-1
19470.1289	-1
19476.8574	-1
19483.5859	-1
19490.3145	-1
19497.0449	-1
19503.7754	-1
19510.5059	-1
19517.2363	-1
19523.9668	-1
19530.6973	-1
19537.4277	-1
19544.1582	-1
19550.8887	-1
19557.6191	-1
19564.3496	-1
19571.0801	-1
19577.8105	-1
19584.5410	-1
19591.2715	-1
19598.0020	-1
19604.7324	-1
19611.4629	-1
19618.1934	-1
19624.9238	-1
19631.6543	-1
19638.3965	1
19645.1406	-1
19651.8848	1
19658.6309	1
19665.3770	-1
19672.1230	-1
19678.8691	-1
19685.6152	-1
19692.3613	-1
19699.1074	-1
19705.8535	-1
19712.5996	-1
19719.3457	-1
19726.0918	-1
19732.8379	-1
19739.5840	-1
19746.3301	1
19753.0762	1
19759.8242	1
19766.5723	1
19773.3203	-1
19780.0684	-1
19786.8164	-1
19793.5645	-1
19800.3125	-1
19807.0605	-1
19813.8086	-1
19820.5566	-1
19827.3047	-1
19834.0527	-1
19840.8008	-1
19847.5488	-1
19854.2969	-1
19861.0449	-1
19867.7930	-1
19874.5410	-1
19881.2891	-1
19888.0371	-1
19894.7852	-1
19901.5332	-1
19908.2812	-1
19915.0293	-1
19921.7773	-1
19928.5254	-1
19935.2754	1
19942.0254	1
19948.7754	1
19955.5254	1
19962.2754	1
19969.0254	1
19975.7754	1
19982.5254	1
19989.2754	-1
19996.0254	-1
20002.7754	-1
20009.5254	-1
20016.2754	-1
20023.0254	-1
20029.7773	1
20036.5293	1
20043.2812	-1
20050.0332	-1
20056.7852	-1
20063.5371	-1
20070.2891	-1
20077.0410	-1
20083.7930	-1
20090.5449	-1
20097.2969	-1
20104.0488	-1
20110.8008	-1
20117.5527	-1
20124.3047	-1
20131.0566	-1
20137.8086	-1
20144.5605	-1
20151.3125	-1
20158.0645	-1
20164.8184	-1
20171.5723	-1
20178.3262	-1
20185.0801	-1
20191.8340	-1
20198.5879	-1
20205.3418	-1
20212.0957	-1
20218.8496	-1
20225.6035	-1
20232.3574	-1
20239.1113	-1
20245.8652	1
20252.6191	1
20259.3730	1
20266.1270	-1
20272.8809	-1
20279.6348	-1
20286.3887	-1
20293.1426	-1
20299.8965	-1
20306.6504	-1
20313.4043	-1
20320.1582	-1
20326.9121	-1
20333.6660	-1
20340.4199	-1
20347.1738	1
20353.9277	1
20360.6816	1
20367.4355	1
20374.1895	1
20380.9434	1
20387.6973	1
20394.4531	-1
20401.2090	-1
20407.9648	-1
20414.7207	-1
20421.4766	-1
20428.2324	-1
20434.9883	-1
20441.7441	-1
20448.5000	-1
20455.2559	-1
20462.0117	-1
20468.7676	-1
20475.5254	1
20482.2832	1
20489.0410	1
20495.7988	1
20502.5566	1
20509.3145	1
20516.0723	1
20522.8301	1
20529.5879	-1
20536.3457	-1
20543.1035	-1
20549.8613	-1
20556.6191	-1
20563.3770	-1
20570.1367	-1
20576.8965	-1
20583.6562	-1
20590.4160	-1
20597.1758	-1
20603.9355	-1
20610.6973	-1
20617.4590	-1
20624.2207	-1
20630.9824	-1
20637.7441	-1
20644.5059	-1
20651.2676	1
20658.0293	1
20664.7910	-1
20671.5527	-1
20678.3145	-1
20685.0762	-1
20691.8379	-1
20698.5996	-1
20705.3613	-1
20712.1230	-1
20718.8848	-1
20725.6465	-1
20732.4082	-1
20739.1699	-1
20745.9316	-1
20752.6934	-1
20759.4551	-1
20766.2168	-1
20772.9785	-1
20779.7402	-1
20786.5020	-1
20793.2637	-1
20800.0254	-1
20806.7871	-1
20813.5488	-1
20820.3105	-1
20827.0723	-1
20833.8340	-1
20840.5957	-1
20847.3574	-1
20854.1191	-1
20860.8809	-1
20867.6426	-1
20874.4043	-1
20881.1660	-1
20887.9277	-1
20894.6895	-1
20901.4512	-1
20908.2129	-1
20914.9746	-1
20921.7363	-1
20928.4980	-1
20935.2598	-1
20942.0215	-1
20948.7832	-1
20955.5449	-1
20962.3066	-1
20969.0684	-1
20975.8301	-1
20982.5918	-1
20989.3535	-1
20996.1152	-1
21002.8770	-1
21009.6387	-1
21016.4004	-1
21023.1621	-1
21029.9258	1
21036.6895	1
21043.4531	1
21050.2168	1
21056.9824	-1
21063.7480	-1
21070.5137	-1
21077.2793	-1
21084.0449	-1
21090.8105	-1
21097.5762	-1
21104.3418	-1
21111.1074	-1
21117.8730	-1
21124.6387	-1
21131.4043	-1
21138.1699	1
21144.9355	1
21151.7012	1
21158.4668	1
21165.2324	-1
21171.9980	-1
21178.7637	-1
21185.5293	-1
21192.2949	-1
21199.0605	-1
21205.8262	1
21212.5918	1
21219.3574	1
21226.1230	1
21232.8887	-1
21239.6543	-1
21246.4199	-1
21253.1855	-1
21259.9512	-1
21266.7168	-1
21273.4824	1
21280.2480	1
21287.0137	1
21293.7793	-1
21300.5449	-1
21307.3105	-1
21314.0762	-1
21320.8418	-1
21327.6074	-1
21334.3730	1
21341.1387	1
21347.9043	1
21354.6719	1
21361.4395	-1
21368.2070	-1
21374.9746	-1
21381.7422	-1
21388.5098	-1
21395.2773	-1
21402.0449	1
21408.8125	-1
21415.5801	-1
21422.3477	-1
21429.1152	-1
21435.8828	-1
21442.6504	-1
21449.4180	-1
21456.1855	-1
21462.9531	-1
21469.7207	-1
21476.4883	-1
21483.2559	-1
21490.0273	-1
21496.7988	-1
21503.5703	-1
21510.3418	-1
21517.1133	-1
21523.8848	-1
21530.6582	-1
21537.4316	-1
21544.2051	-1
21550.9785	-1
21557.7520	-1
21564.5254	-1
21571.2988	-1
21578.0723	-1
21584.8457	-1
21591.6191	-1
21598.3926	-1
21605.1660	-1
21611.9395	-1
21618.7129	-1
21625.4863	-1
21632.2598	-1
21639.0332	-1
21645.8066	-1
21652.5801	-1
21659.3535	-1
21666.1270	-1
21672.9004	-1
21679.6738	-1
21686.4473	-1
21693.2207	-1
21699.9941	-1
21706.7676	-1
21713.5410	-1
21720.3145	-1
21727.0879	-1
21733.8613	-1
21740.6348	-1
21747.4082	-1
21754.1816	-1
21760.9551	-1
21767.7285	-1
21774.5020	-1
21781.2754	-1
21788.0488	-1
21794.8223	-1
21801.5957	-1
21808.3691	-1
21815.1426	-1
21821.9160	-1
21828.6895	-1
21835.4629	-1
21842.2363	-1
21849.0098	-1
21855.7852	-1
21862.5605	-1
21869.3359	-1
21876.1113	-1
21882.8867	-1
21889.6621	-1
21896.4375	-1
21903.2129	-1
21909.9883	-1
21916.7637	-1
21923.5391	-1
21930.3145	-1
21937.0898	-1
21943.8652	-1
21950.6406	-1
21957.4160	-1
21964.1914	-1
21970.9668	-1
21977.7422	-1
21984.5176	-1
21991.2930	-1
21998.0684	-1
22004.8438	-1
22011.6191	-1
22018.3945	-1
22025.1699	-1
22031.9453	-1
22038.7207	-1
22045.4961	-1
22052.2715	-1
22059.0469	-1
22065.8223	-1
22072.5977	-1
22079.3730	-1
22086.1484	-1
22092.9238	-1
22099.7012	-1
22106.4785	-1
22113.2559	-1
22120.0332	-1
22126.8105	-1
22133.5879	-1
22140.3652	-1
22147.1426	-1
22153.9199	-1
22160.6973	-1
22167.4746	-1
22174.2520	-1
22181.0293	-1
22187.8066	-1
22194.5840	-1
22201.3613	-1
22208.1387	-1
22214.9160	-1
22221.6934	-1
22228.4707	-1
22235.2480	-1
22242.0254	-1
22248.8027	-1
22255.5801	-1
22262.3574	-1
22269.1348	-1
22275.9121	-1
22282.7012	1
22289.4922	-1
22296.2832	1
22303.0742	1
22309.8672	-1
22316.6602	-1
22323.4531	-1
22330.2461	-1
22337.0391	-1
22343.8320	-1
22350.6250	-1
22357.4180	-1
22364.2109	-1
22371.0039	-1
22377.7969	-1
22384.5898	-1
22391.3828	1
22398.1758	1
22404.9688	1
22411.7617	1
22418.5566	-1
22425.3516	-1
22432.1465	-1
22438.9414	-1
22445.7363	-1
22452.5312	-1
22459.3262	-1
22466.1211	-1
22472.9160	-1
22479.7109	-1
22486.5059	-1
22493.3008	-1
22500.0957	1
22506.8906	1
22513.6855	1
22520.4805	1
22527.2754	-1
22534.0703	-1
22540.8652	-1
22547.6602	-1
22554.4551	-1
22561.2500	-1
22568.0449	-1
22574.8398	-1
22581.6348	-1
22588.4297	-1
22595.2246	-1
22602.0195	-1
22608.8145	1
22615.6113	1
22622.4082	1
22629.2051	1
22636.0020	-1
22642.7988	-1
22649.5957	-1
22656.3926	-1
22663.1895	-1
22669.9863	-1
22676.7832	-1
22683.5801	-1
22690.3770	-1
22697.1738	-1
22703.9707	-1
22710.7676	-1
22717.5645	-1
22724.3613	-1
22731.1582	-1
22737.9551	-1
22744.7520	-1
22751.5488	-1
22758.3457	-1
22765.1426	-1
22771.9395	-1
22778.7363	-1
22785.5332	-1
22792.3301	-1
22799.1270	-1
22805.9238	-1
22812.7207	-1
22819.5176	-1
22826.3145	-1
22833.1113	-1
22839.9082	1
22846.7051	1
22853.5039	1
22860.3027	1
22867.1016	1
22873.9004	1
22880.6992	1
22887.4980	1
22894.2969	1
22901.0957	-1
22907.8945	-1
22914.6934	-1
22921.4922	-1
22928.2910	-1
22935.0898	-1
22941.8887	1
22948.6875	-1
22955.4863	-1
22962.2852	-1
22969.0840	-1
22975.8828	-1
22982.6816	-1
22989.4805	-1
22996.2793	-1
23003.0781	-1
23009.8770	-1
23016.6758	-1
23023.4746	-1
23030.2734	1
23037.0723	1
23043.8711	1
23050.6699	1
23057.4688	1
23064.2676	1
23071.0684	-1
23077.8691	-1
23084.6699	-1
23091.4707	-1
23098.2715	-1
23105.0723	-1
23111.8730	-1
23118.6738	-1
23125.4746	-1
23132.2754	-1
23139.0762	-1
23145.8770	-1
23152.6777	-1
23159.4785	-1
23166.2793	-1
23173.0801	-1
23179.8809	-1
23186.6816	-1
23193.4824	-1
23200.2832	-1
23207.0840	-1
23213.8848	-1
23220.6855	-1
23227.4863	-1
23234.2871	-1
23241.0879	-1
23247.8887	-1
23254.6895	-1
23261.4902	-1
23268.2910	-1
23275.0918	-1
23281.8926	-1
23288.6934	-1
23295.4941	-1
23302.2949	-1
23309.0957	-1
23315.8984	-1
23322.7012	-1
23329.5039	-1
23336.3066	-1
23343.1094	-1
23349.9121	-1
23356.7148	1
23363.5176	1
23370.3203	1
23377.1230	1
23383.9258	1
23390.7285	1
23397.5312	1
23404.3340	1
23411.1367	1
23417.9395	1
23424.7422	-1
23431.5449	-1
23438.3477	-1
23445.1504	-1
23451.9531	-1
23458.7559	-1
23465.5586	-1
23472.3613	-1
23479.1641	-1
23485.9668	-1
23492.7695	-1
23499.5723	-1
23506.3750	-1
23513.1777	-1
23519.9805	-1
23526.7832	-1
23533.5859	-1
23540.3887	-1
23547.1934	-1
23553.9980	-1
23560.8027	-1
23567.6074	-1
23574.4121	-1
23581.2168	-1
23588.0215	-1
23594.8262	-1
23601.6309	-1
23608.4355	-1
23615.2402	-1
23622.0449	-1
23628.8496	-1
23635.6543	-1
23642.4590	-1
23649.2637	-1
23656.0684	-1
23662.8730	-1
23669.6777	-1
23676.4824	-1
23683.2871	-1
23690.0918	-1
23696.8965	-1
23703.7012	-1
23710.5059	-1
23717.3105	-1
23724.1152	-1
23730.9199	-1
23737.7246	-1
23744.5293	-1
23751.3359	1
23758.1426	1
23764.9492	1
23771.7559	1
23778.5625	-1
23785.3691	-1
23792.1758	-1
23798.9824	-1
23805.7891	-1
23812.5957	-1
23819.4023	1
23826.2090	1
23833.0156	-1
23839.8223	-1
23846.6289	-1
23853.4355	-1
23860.2422	-1
23867.0488	-1
23873.8555	-1
23880.6621	-1
23887.4688	-1
23894.2754	-1
23901.0820	-1
23907.8887	-1
23914.6953	-1
23921.5020	-1
23928.3086	-1
23935.1152	-1
23941.9219	-1
23948.7285	-1
23955.5352	-1
23962.3418	-1
23969.1484	-1
23975.9551	-1
23982.7617	-1
23989.5684	-1
23996.3750	-1
24003.1816	-1
24009.9883	-1
24016.7949	-1
24023.6016	-1
24030.4082	-1
24037.2168	-1
24044.0254	-1
24050.8340	-1
24057.6426	-1
24064.4512	-1
24071.2598	-1
24078.0684	-1
24084.8770	-1
24091.6855	-1
24098.4941	-1
24105.3027	-1
24112.1113	-1
24118.9199	-1
24125.7285	-1
24132.5371	-1
24139.3457	-1
24146.1543	-1
24152.9629	-1
24159.7715	-1
24166.5801	-1
24173.3887	-1
24180.1973	-1
24187.0059	-1
24193.8145	-1
24200.6230	-1
24207.4316	-1
24214.2402	-1
24221.0488	-1
24227.8574	-1
24234.6660	-1
24241.4766	1
24248.2871	1
24255.0977	1
24261.9082	1
24268.7188	1
24275.5293	1
24282.3398	1
24289.1504	1
24295.9609	1
24302.7715	1
24309.5820	1
24316.3926	1
24323.2031	1
24330.0137	1
24336.8242	1
24343.6348	1
24350.4453	1
24357.2559	-1
24364.0664	-1
24370.8770	-1
24377.6875	-1
24384.4980	-1
24391.3086	-1
24398.1191	1
24404.9297	1
24411.7402	1
24418.5508	1
24425.3613	1
24432.1719	1
24438.9824	1
24445.7930	1
24452.6035	-1
24459.4141	-1
24466.2246	-1
24473.0352	-1
24479.8457	-1
24486.6562	-1
24493.4688	-1
24500.2812	-1
24507.0938	-1
24513.9062	-1
24520.7188	-1
24527.5312	-1
24534.3438	-1
24541.1562	-1
24547.9688	-1
24554.7812	-1
24561.5938	-1
24568.4062	-1
24575.2188	-1
24582.0312	-1
24588.8438	-1
24595.6562	-1
24602.4688	-1
24609.2812	-1
24616.0938	-1
24622.9062	-1
24629.7188	-1
24636.5312	-1
24643.3438	-1
24650.1562	-1
24656.9688	-1
24663.7812	-1
24670.5938	-1
24677.4062	-1
24684.2207	-1
24691.0352	-1
24697.8496	-1
24704.6641	-1
24711.4785	-1
24718.2930	-1
24725.1074	-1
24731.9219	-1
24738.7383	-1
24745.5547	-1
24752.3711	-1
24759.1875	-1
24766.0039	-1
24772.8203	-1
24779.6367	-1
24786.4531	-1
24793.2695	-1
24800.0859	-1
24806.9023	-1
24813.7188	-1
24820.5352	-1
24827.3516	-1
24834.1680	-1
24840.9844	-1
24847.8008	-1
24854.6172	-1
24861.4355	-1
24868.2539	-1
24875.0723	-1
24881.8906	-1
24888.7090	-1
24895.5273	-1
24902.3457	-1
24909.1641	-1
24915.9824	-1
24922.8008	-1
24929.6191	-1
24936.4375	-1
24943.2559	-1
24950.0742	-1
24956.8926	-1
24963.7109	-1
24970.5293	-1
24977.3477	-1
24984.1660	-1
24990.9844	-1
24997.8027	-1
25004.6211	-1
25011.4395	-1
25018.2578	-1
25025.0762	-1
25031.8945	-1
25038.7129	-1
25045.5312	-1
25052.3496	-1
25059.1680	-1
25065.9863	-1
25072.8047	-1
25079.6230	-1
25086.4414	-1
25093.2598	-1
25100.0781	-1
25106.8965	-1
25113.7148	-1
25120.5332	-1
25127.3516	-1
25134.1699	-1
25140.9883	-1
25147.8066	-1
25154.6250	-1
25161.4434	-1
25168.2617	-1
25175.0801	-1
25181.8984	-1
25188.7168	-1
25195.5352	-1
25202.3535	-1
25209.1719	-1
25215.9902	-1
25222.8086	-1
25229.6270	-1
25236.4453	-1
25243.2637	-1
25250.0820	-1
25256.9004	-1
25263.7188	-1
25270.5371	-1
25277.3555	-1
25284.1738	-1
25290.9922	-1
25297.8105	-1
25304.6289	-1
25311.4473	-1
25318.2656	-1
25325.0840	-1
25331.9023	-1
25338.7207	-1
25345.5391	-1
25352.3594	-1
25359.1797	-1
25366.0000	-1
25372.8203	-1
25379.6406	-1
25386.4609	-1
25393.2812	-1
25400.1016	-1
25406.9219	-1
25413.7422	-1
25420.5625	-1
25427.3828	-1
25434.2031	-1
25441.0234	-1
25447.8438	-1
25454.6641	-1
25461.4844	-1
25468.3047	-1
25475.1270	-1
25481.9492	-1
25488.7715	-1
25495.5938	-1
25502.4160	-1
25509.2383	-1
25516.0605	-1
25522.8828	-1
25529.7051	-1
25536.5273	-1
25543.3496	-1
25550.1719	-1
25556.9941	-1
25563.8164	-1
25570.6387	-1
25577.4609	-1
25584.2832	-1
25591.1055	-1
25597.9277	-1
25604.7500	-1
25611.5723	-1
25618.3945	-1
25625.2168	-1
25632.0391	-1
25638.8613	-1
25645.6973	1
25652.5332	-1
25659.3711	1
25666.2090	1
25673.0469	-1
25679.8848	-1
25686.7227	-1
25693.5605	-1
25700.3984	-1
25707.2363	-1
25714.0742	-1
25720.9121	-1
25727.7500	-1
25734.5879	-1
25741.4258	-1
25748.2637	-1
25755.1016	1
25761.9395	1
25768.7773	1
25775.6152	1
25782.4551	-1
25789.2949	-1
25796.1348	-1
25802.9746	-1
25809.8145	-1
25816.6543	-1
25823.4941	-1
25830.3340	-1
25837.1738	-1
25844.0137	-1
25850.8535	-1
25857.6934	-1
25864.5332	-1
25871.3730	-1
25878.2129	-1
25885.0527	-1
25891.8926	-1
25898.7324	-1
25905.5723	-1
25912.4121	-1
25919.2520	-1
25926.0918	-1
25932.9316	-1
25939.7852	1
25946.6406	-1
25953.4961	1
25960.3516	1
25967.2090	-1
25974.0664	-1
25980.9238	-1
25987.7812	-1
25994.6387	-1
26001.4961	-1
26008.3535	-1
26015.2109	-1
26022.0684	-1
26028.9258	-1
26035.7832	-1
26042.6406	-1
26049.4980	1
26056.3555	1
26063.2129	1
26070.0703	1
26076.9297	-1
26083.7891	-1
26090.6484	-1
26097.5078	-1
26104.3672	-1
26111.2266	-1
26118.0859	-1
26124.9453	-1
26131.8047	-1
26138.6641	-1
26145.5234	-1
26152.3828	-1
26159.2422	-1
26166.1016	-1
26172.9609	-1
26179.8203	-1
26186.6797	-1
26193.5391	-1
26200.3984	-1
26207.2578	-1
26214.1172	-1
26220.9766	-1
26227.8359	-1
26234.6953	-1
26241.5547	1
26248.4141	1
26255.2734	1
26262.1328	1
26268.9922	1
26275.8516	1
26282.7129	1
26289.5742	1
26296.4355	-1
26303.2969	-1
26310.1582	-1
26317.0195	-1
26323.8809	-1
26330.7422	-1
26337.6055	-1
26344.4688	-1
26351.3320	-1
26358.1953	-1
26365.0586	-1
26371.9219	-1
26378.7852	-1
26385.6484	-1
26392.5117	-1
26399.3750	-1
26406.2383	-1
26413.1016	-1
26419.9648	-1
26426.8281	-1
26433.6914	-1
26440.5547	-1
26447.4180	-1
26454.2812	-1
26461.1465	-1
26468.0117	-1
26474.8770	-1
26481.7422	-1
26488.6074	-1
26495.4727	-1
26502.3379	-1
26509.2031	-1
26516.0684	-1
26522.9336	-1
26529.7988	-1
26536.6641	-1
26543.5293	-1
26550.3945	-1
26557.2598	-1
26564.1250	-1
26570.9902	-1
26577.8555	-1
26584.7207	-1
26591.5859	-1
26598.4512	-1
26605.3301	1
26612.2109	-1
26619.0918	1
26625.9727	1
26632.8555	-1
26639.7383	-1
26646.6211	-1
26653.5039	-1
26660.3867	-1
26667.2695	-1
26674.1523	-1
26681.0352	-1
26687.9180	-1
26694.8008	-1
26701.6836	-1
26708.5664	-1
26715.4492	1
26722.3320	1
26729.2148	1
26736.0977	1
26742.9824	-1
26749.8672	-1
26756.7520	-1
26763.6367	-1
26770.5215	-1
26777.4062	-1
26784.2910	-1
26791.1758	-1
26798.0605	-1
26804.9453	-1
26811.8301	-1
26818.7148	-1
26825.5996	-1
26832.4844	-1
26839.3691	-1
26846.2539	-1
26853.1387	-1
26860.0234	-1
26866.9082	-1
26873.7930	-1
26880.6777	-1
26887.5625	-1
26894.4473	-1
26901.3320	-1
26908.2168	1
26915.1016	1
26921.9863	1
26928.8711	1
26935.7578	-1
26942.6445	-1
26949.5312	-1
26956.4180	-1
26963.3047	-1
26970.1914	-1
26977.0781	-1
26983.9648	-1
26990.8516	-1
26997.7383	-1
27004.6250	-1
27011.5117	-1
27018.3984	1
27025.2852	1
27032.1719	1
27039.0586	1
27045.9453	1
27052.8320	1
27059.7188	-1
27066.6055	-1
27073.4922	-1
27080.3789	-1
27087.2656	-1
27094.1523	-1
27101.0391	-1
27107.9258	-1
27114.8125	-1
27121.6992	-1
27128.5859	-1
27135.4727	-1
27142.3613	-1
27149.2500	-1
27156.1387	-1
27163.0273	-1
27169.9160	-1
27176.8047	-1
27183.6934	1
27190.5820	1
27197.4707	1
27204.3594	1
27211.2480	1
27218.1367	1
27225.0254	1
27231.9141	1
27238.8027	-1
27245.6914	-1
27252.5801	-1
27259.4688	-1
27266.3574	-1
27273.2461	-1
27280.1367	-1
27287.0273	-1
27293.9180	-1
27300.8086	-1
27307.6992	-1
27314.5898	-1
27321.4805	-1
27328.3711	-1
27335.2617	-1
27342.1523	-1
27349.0430	-1
27355.9336	-1
27362.8242	-1
27369.7148	-1
27376.6055	-1
27383.4961	-1
27390.3867	-1
27397.2773	-1
27404.1680	-1
27411.0586	-1
27417.9492	-1
27424.8398	-1
27431.7305	-1
27438.6211	-1
27445.5117	-1
27452.4023	-1
27459.2930	-1
27466.1836	-1
27473.0742	-1
27479.9648	-1
27486.8555	1
27493.7461	1
27500.6367	1
27507.5273	1
27514.4180	1
27521.3086	1
27528.1992	1
27535.0898	1
27541.9805	1
27548.8730	1
27555.7656	1
27562.6582	1
27569.5508	-1
27576.4434	-1
27583.3359	-1
27590.2285	-1
27597.1211	-1
27604.0137	-1
27610.9062	-1
27617.7988	-1
27624.6914	-1
27631.5840	-1
27638.4766	-1
27645.3691	-1
27652.2617	-1
27659.1543	-1
27666.0469	-1
27672.9395	-1
27679.8320	-1
27686.7246	-1
27693.6172	-1
27700.5098	-1
27707.4023	-1
27714.2949	-1
27721.1875	-1
27728.0801	-1
27734.9727	-1
27741.8652	-1
27748.7578	-1
27755.6504	-1
27762.5430	-1
27769.4355	-1
27776.3281	-1
27783.2207	-1
27790.1133	-1
27797.0059	-1
27803.8984	-1
27810.7910	-1
27817.6855	-1
27824.5801	-1
27831.4746	-1
27838.3691	-1
27845.2637	-1
27852.1582	-1
27859.0527	1
27865.9473	1
27872.8418	1
27879.7363	1
27886.6309	1
27893.5254	1
27900.4199	1
27907.3145	1
27914.2090	1
27921.1055	1
27928.0020	1
27934.8984	1
27941.7949	1
27948.6914	1
27955.5879	-1
27962.4844	-1
27969.3809	-1
27976.2773	-1
27983.1738	-1
27990.0703	-1
27996.9668	-1
28003.8633	-1
28010.7598	-1
28017.6562	-1
28024.5527	-1
28031.4492	-1
28038.3457	-1
28045.2422	-1
28052.1387	-1
28059.0352	-1
28065.9316	-1
28072.8281	-1
28079.7246	-1
28086.6211	-1
28093.5176	-1
28100.4141	-1
28107.3105	-1
28114.2070	-1
28121.1035	-1
28128.0000	-1
28134.8965	-1
28141.7930	-1
28148.6895	-1
28155.5859	-1
28162.4824	-1
28169.3789	-1
28176.2754	-1
28183.1719	-1
28190.0684	-1
28196.9648	-1
28203.8613	-1
28210.7578	-1
28217.6543	-1
28224.5508	-1
28231.4473	-1
28238.3438	-1
28245.2402	-1
28252.1367	-1
28259.0332	-1
28265.9297	-1
28272.8262	-1
28279.7227	-1
28286.6211	-1
28293.5195	-1
28300.4180	-1
28307.3164	-1
28314.2148	-1
28321.1133	-1
28328.0117	-1
28334.9102	-1
28341.8086	-1
28348.7070	-1
28355.6055	-1
28362.5039	-1
28369.4043	1
28376.3047	1
28383.2051	1
28390.1055	1
28397.0059	1
28403.9062	1
28410.8066	1
28417.7070	1
28424.6074	1
28431.5078	1
28438.4082	1
28445.3086	1
28452.2090	1
28459.1094	1
28466.0098	1
28472.9102	1
28479.8105	1
28486.7109	1
28493.6113	1
28500.5117	1
28507.4121	-1
28514.3125	-1
28521.2129	-1
28528.1133	-1
28535.0137	-1
28541.9141	-1
28548.8164	-1
28555.7188	-1
28562.6211	-1
28569.5234	-1
28576.4258	-1
28583.3281	-1
28590.2305	-1
28597.1328	-1
28604.0352	-1
28610.9375	-1
28617.8398	-1
28624.7422	-1
28631.6445	-1
28638.5469	-1
28645.4492	-1
28652.3516	-1
28659.2539	-1
28666.1562	-1
28673.0586	-1
28679.9609	-1
28686.8633	-1
28693.7656	-1
28700.6680	-1
28707.5703	-1
28714.4727	-1
28721.3750	-1
28728.2773	-1
28735.1797	-1
28742.0820	-1
28748.9844	-1
28755.8867	-1
28762.7891	-1
28769.6914	-1
28776.5938	-1
28783.4961	-1
28790.3984	-1
28797.3008	-1
28804.2031	-1
28811.1055	-1
28818.0078	-1
28824.9102	-1
28831.8125	-1
28838.7148	-1
28845.6172	-1
28852.5195	-1
28859.4219	-1
28866.3242	-1
28873.2266	-1
28880.1309	1
28887.0352	1
28893.9395	1
28900.8438	1
28907.7480	1
28914.6523	1
28921.5566	1
28928.4609	-1
28935.3652	-1
28942.2695	-1
28949.1738	-1
28956.0781	-1
28962.9824	-1
28969.8867	-1
28976.7910	-1
28983.6953	-1
28990.5996	-1
28997.5039	-1
29004.4082	-1
29011.3145	-1
29018.2207	-1
29025.1270	-1
29032.0332	-1
29038.9395	-1
29045.8457	-1
29052.7520	-1
29059.6582	-1
29066.5645	-1
29073.4707	-1
29080.3770	-1
29087.2832	-1
29094.1895	-1
29101.0957	-1
29108.0020	-1
29114.9082	-1
29121.8145	-1
29128.7207	-1
29135.6270	-1
29142.5332	-1
29149.4395	-1
29156.3457	-1
29163.2520	-1
29170.1582	-1
29177.0645	-1
29183.9707	-1
29190.8770	-1
29197.7832	-1
29204.6895	-1
29211.5957	-1
29218.5020	-1
29225.4082	-1
29232.3145	-1
29239.2207	-1
29246.1270	-1
29253.0332	-1
29259.9395	-1
29266.8457	-1
29273.7520	-1
29280.6582	-1
29287.5645	-1
29294.4707	-1
29301.3770	-1
29308.2832	-1
29315.1895	-1
29322.0957	-1
29329.0020	-1
29335.9082	-1
29342.8164	-1
29349.7246	-1
29356.6328	-1
29363.5410	-1
29370.4492	-1
29377.3574	-1
29384.2656	-1
29391.1738	-1
29398.0820	-1
29404.9902	-1
29411.8984	-1
29418.8066	-1
29425.7168	-1
29432.6270	-1
29439.5371	-1
29446.4473	-1
29453.3574	-1
29460.2676	-1
29467.1777	-1
29474.0879	-1
29480.9980	-1
29487.9082	-1
29494.8184	-1
29501.7285	-1
29508.6387	-1
29515.5488	-1
29522.4590	-1
29529.3691	-1
29536.2793	-1
29543.1895	-1
29550.0996	-1
29557.0098	-1
29563.9199	-1
29570.8301	-1
29577.7402	-1
29584.6504	-1
29591.5605	-1
29598.4707	-1
29605.3809	-1
29612.2910	-1
29619.2012	-1
29626.1113	-1
29633.0215	-1
29639.9316	-1
29646.8418	-1
29653.7520	-1
29660.6621	-1
29667.5723	-1
29674.4824	-1
29681.3926	-1
29688.3027	-1
29695.2129	-1
29702.1230	-1
29709.0332	-1
29715.9434	-1
29722.8555	-1
29729.7676	-1
29736.6797	-1
29743.5918	-1
29750.5039	-1
29757.4160	-1
29764.3281	-1
29771.2402	-1
29778.1523	-1
29785.0645	-1
29791.9766	-1
29798.8887	-1
29805.8008	-1
29812.7129	-1
29819.6250	-1
29826.5371	-1
29833.4492	-1
29840.3613	-1
29847.2734	-1
29854.1855	-1
29861.0977	-1
29868.0098	-1
29874.9219	-1
29881.8340	-1
29888.7461	-1
29895.6582	-1
29902.5703	-1
29909.4824	-1
29916.3945	-1
29923.3066	-1
29930.2188	-1
29937.1309	-1
29944.0430	-1
29950.9551	-1
29957.8672	-1
29964.7793	-1
29971.6914	-1
29978.6035	-1
29985.5156	-1
29992.4277	-1
29999.3398	-1
30006.2520	-1
30013.1641	-1
30020.0762	-1
30026.9883	-1
30033.9004	-1
30040.8125	-1
30047.7246	-1
30054.6367	-1
30061.5488	-1
30068.4609	-1
30075.3730	-1
30082.2852	-1
30089.1973	-1
30096.1094	-1
30103.0215	-1
30109.9336	-1
30116.8457	-1
30123.7578	-1
30130.6719	-1
30137.5859	-1
30144.5000	-1
30151.4141	-1
30158.3281	-1
30165.2422	-1
30172.1562	-1
30179.0703	-1
30185.9844	-1
30192.8984	-1
30199.8125	-1
30206.7266	-1
30213.6406	-1
30220.5547	-1
30227.4688	-1
30234.3828	-1
30241.2969	-1
30248.2109	-1
30255.1250	-1
30262.0391	-1
30268.9531	-1
30275.8672	-1
30282.7812	-1
30289.6953	-1
30296.6094	-1
30303.5234	-1
30310.4375	-1
30317.3516	-1
30324.2656	-1
30331.1797	-1
30338.1074	1
30345.0352	-1
30351.9648	1
30358.8945	1
30365.8242	-1
30372.7539	-1
30379.6836	-1
30386.6133	-1
30393.5430	-1
30400.4727	-1
30407.4023	-1
30414.3320	-1
30421.2617	-1
30428.1914	-1
30435.1348	1
30442.0781	-1
30449.0234	1
30455.9688	1
30462.9141	-1
30469.8594	-1
30476.8047	-1
30483.7500	-1
30490.6953	-1
30497.6406	-1
30504.5859	-1
30511.5312	-1
30518.4766	-1
30525.4219	-1
30532.3809	1
30539.3418	-1
30546.3027	1
30553.2637	1
30560.2246	-1
30567.1855	-1
30574.1465	-1
30581.1074	-1
30588.0684	-1
30595.0293	-1
30601.9902	-1
30608.9512	-1
30615.9121	-1
30622.8730	-1
30629.8340	-1
30636.7949	-1
30643.7578	1
30650.7207	1
30657.6836	1
30664.6465	1
30671.6094	-1
30678.5723	-1
30685.5352	-1
30692.4980	-1
30699.4609	-1
30706.4238	-1
30713.3867	-1
30720.3496	-1
30727.3125	-1
30734.2754	-1
30741.2383	-1
30748.2012	-1
30755.1641	1
30762.1270	1
30769.0898	-1
30776.0527	-1
30783.0156	-1
30789.9785	-1
30796.9414	-1
30803.9043	-1
30810.8672	-1
30817.8301	-1
30824.7930	-1
30831.7578	-1
30838.7227	-1
30845.6875	-1
30852.6523	1
30859.6172	1
30866.5820	1
30873.5469	1
30880.5117	1
30887.4766	1
30894.4414	-1
30901.4062	-1
30908.3711	-1
30915.3359	-1
30922.3008	-1
30929.2656	-1
30936.2305	-1
30943.1953	-1
30950.1602	-1
30957.1250	-1
30964.0898	-1
30971.0547	-1
30978.0195	1
30984.9844	1
30991.9492	1
30998.9160	1
31005.8828	-1
31012.8496	-1
31019.8164	-1
31026.7832	-1
31033.7500	-1
31040.7168	-1
31047.6836	-1
31054.6504	-1
31061.6172	-1
31068.5840	-1
31075.5508	-1
31082.5176	-1
31089.4844	-1
31096.4512	-1
31103.4180	-1
31110.3848	-1
31117.3516	-1
31124.3184	-1
31131.2852	1
31138.2520	1
31145.2207	-1
31152.1895	-1
31159.1582	-1
31166.1270	-1
31173.0957	-1
31180.0645	-1
31187.0332	-1
31194.0020	-1
31200.9707	-1
31207.9395	-1
31214.9082	-1
31221.8770	-1
31228.8457	-1
31235.8145	-1
31242.7832	-1
31249.7520	-1
31256.7207	-1
31263.6895	-1
31270.6582	-1
31277.6270	-1
31284.5957	-1
31291.5645	-1
31298.5332	-1
31305.5020	-1
31312.4707	-1
31319.4395	-1
31326.4082	-1
31333.3770	-1
31340.3457	-1
31347.3145	-1
31354.2832	-1
31361.2520	-1
31368.2207	-1
31375.1895	-1
31382.1582	-1
31389.1270	-1
31396.0957	-1
31403.0645	-1
31410.0332	-1
31417.0020	-1
31423.9707	-1
31430.9395	-1
31437.9082	-1
31444.8770	-1
31451.8457	-1
31458.8145	-1
31465.7832	-1
31472.7520	-1
31479.7207	-1
31486.6895	-1
31493.6719	1
31500.6562	-1
31507.6406	1
31514.6250	1
31521.6113	-1
31528.5977	-1
31535.5840	-1
31542.5820	1
31549.5820	-1
31556.5820	1
31563.5820	1
31570.5840	-1
31577.5859	-1
31584.5879	-1
31591.5898	-1
31598.5918	-1
31605.5938	-1
31612.5957	-1
31619.5977	-1
31626.5996	-1
31633.6016	-1
31640.6035	-1
31647.6055	-1
31654.6074	1
31661.6094	1
31668.6113	1
31675.6133	1
31682.6172	-1
31689.6211	-1
31696.6250	-1
31703.6289	-1
31710.6328	-1
31717.6367	-1
31724.6406	-1
31731.6445	-1
31738.6484	-1
31745.6523	-1
31752.6562	-1
31759.6602	-1
31766.6641	-1
31773.6680	-1
31780.6719	-1
31787.6758	-1
31794.6797	-1
31801.6836	-1
31808.6875	-1
31815.6914	-1
31822.6953	-1
31829.6992	-1
31836.7031	-1
31843.7207	1
31850.7402	-1
31857.7598	1
31864.7793	1
31871.7988	-1
31878.8184	-1
31885.8379	-1
31892.8574	-1
31899.8906	1
31906.9258	-1
31913.9609	1
31920.9961	1
31928.0332	-1
31935.0703	-1
31942.1074	-1
31949.1445	-1
31956.1816	-1
31963.2188	-1
31970.2559	-1
31977.2930	-1
31984.3301	-1
31991.3672	-1
31998.4043	-1
32005.4414	-1
32012.4785	1
32019.5156	1
32026.5527	1
32033.5898	1
32040.6289	-1
32047.6680	-1
32054.7070	-1
32061.7461	-1
32068.7852	-1
32075.8242	-1
32082.8633	-1
32089.9023	-1
32096.9414	-1
32103.9805	-1
32111.0195	-1
32118.0586	-1
32125.0977	-1
32132.1367	-1
32139.1758	-1
32146.2148	-1
32153.2539	-1
32160.2930	-1
32167.3320	-1
32174.3711	-1
32181.4102	-1
32188.4492	-1
32195.4883	-1
32202.5273	-1
32209.5664	1
32216.6055	1
32223.6445	1
32230.6855	-1
32237.7266	-1
32244.7676	-1
32251.8086	-1
32258.8496	-1
32265.8906	-1
32272.9316	-1
32279.9727	-1
32287.0137	-1
32294.0547	-1
32301.0957	-1
32308.1367	-1
32315.1777	-1
32322.2305	1
32329.2852	-1
32336.3398	1
32343.3945	1
32350.4512	-1
32357.5078	-1
32364.5645	-1
32371.6211	-1
32378.6777	-1
32385.7344	-1
32392.7910	-1
32399.8477	-1
32406.9043	-1
32413.9609	-1
32421.0176	-1
32428.0742	-1
32435.1309	1
32442.1875	1
32449.2441	1
32456.3008	1
32463.3574	-1
32470.4141	-1
32477.4707	-1
32484.5273	-1
32491.5840	-1
32498.6406	-1
32505.6973	-1
32512.7539	-1
32519.8105	-1
32526.8672	-1
32533.9238	-1
32540.9805	-1
32548.0371	-1
32555.0938	-1
32562.1504	-1
32569.2070	-1
32576.2637	-1
32583.3203	-1
32590.3770	-1
32597.4473	1
32604.5195	-1
32611.5918	1
32618.6641	1
32625.7363	-1
32632.8086	-1
