0.0000	0
0.2361	2
0.2647	1
0.3325	2
0.4220	2
0.4604	2
0.4986	2
0.5566	2
0.5703	2
0.5746	2
0.5904	2
0.6646	2
0.7527	2
0.8855	2
0.9453	2
1.0432	2
1.1438	2
1.1596	2
1.2043	2
1.2327	2
1.2860	2
1.3204	2
1.4189	2
1.4594	2
1.4738	2
1.5123	2
1.5146	2
1.5160	2
1.6038	2
1.6041	2
1.6705	2
1.7249	2
1.7488	2
1.7710	2
1.7796	2
1.7995	2
1.8263	2
1.8398	2
1.9184	2
2.0609	2
2.1817	-1
2.2316	2
2.2390	2
2.2844	2
2.3909	2
2.4406	2
2.4608	2
2.4850	2
2.5408	2
2.6172	2
2.6608	2
2.6728	2
2.7082	2
2.7214	2
2.7757	2
2.8092	2
2.8324	2
2.9287	2
2.9670	-2
3.0037	2
3.0631	2
3.0899	2
3.1150	2
3.1323	2
3.1486	2
3.1753	2
3.2900	2
3.3237	-2
3.3412	2
3.3428	2
3.4153	2
3.5061	2
3.5275	2
3.5917	-2
3.5998	2
3.6023	2
3.6390	2
3.8169	2
3.9129	2
4.0897	-2
4.0992	1
4.1422	-2
4.4998	-2
4.5198	2
4.5244	-2
4.5613	2
4.5768	-2
4.6621	-2
4.9108	-2
4.9809	2
5.3644	-2
5.6698	-2
5.6878	-2
6.3198	-2
6.6792	-2
7.1910	2
7.9115	-2
11.1544	1
18.2113	-1
25.2686	1
32.3259	1
39.3844	-1
46.4430	-1
53.5016	-1
60.5602	-1
67.6188	-1
74.6774	-1
81.7360	-1
88.7947	-1
95.8534	-1
102.9121	-1
109.9708	-1
117.0295	-1
124.0885	1
131.1476	1
138.2066	1
145.2657	1
152.3264	-1
159.3871	-1
166.4477	-1
173.5084	-1
180.5691	-1
187.6297	-1
194.6905	-1
201.7513	-1
208.8121	-1
215.8728	-1
222.9336	-1
229.9944	-1
237.0556	-1
244.1168	-1
251.1779	-1
258.2391	-1
265.3003	-1
272.3615	-1
279.4228	-1
286.4841	-1
293.5453	-1
300.6066	-1
307.6679	-1
314.7292	-1
321.7905	1
328.8519	1
335.9133	1
342.9747	1
350.0366	1
357.0984	1
364.1604	1
371.2223	1
378.2866	-1
385.3508	-1
392.4150	-1
399.4793	-1
406.5435	-1
413.6078	-1
420.6725	-1
427.7372	-1
434.8020	-1
441.8667	-1
448.9314	-1
455.9962	-1
463.0610	-1
470.1259	-1
477.1907	-1
484.2556	-1
491.3205	-1
498.3854	-1
505.4503	-1
512.5153	-1
519.5802	-1
526.6451	-1
533.7101	-1
540.7750	-1
547.8401	-1
554.9052	-1
561.9702	-1
569.0353	-1
576.1003	-1
583.1654	-1
590.2306	-1
597.2958	-1
604.3610	-1
611.4261	-1
618.4913	-1
625.5565	-1
632.6218	1
639.6870	-1
646.7523	-1
653.8175	-1
660.8828	1
667.9480	-1
675.0132	-1
682.0785	-1
689.1439	-1
696.2092	-1
703.2746	-1
710.3400	-1
717.4053	-1
724.4707	-1
731.5369	1
738.6032	1
745.6697	1
752.7363	1
759.8030	1
766.8709	-1
773.9389	-1
781.0069	-1
788.0749	-1
795.1429	-1
802.2109	-1
809.2796	-1
816.3483	-1
823.4171	-1
830.4858	-1
837.5545	-1
844.6232	-1
851.6920	-1
858.7609	-1
865.8297	-1
872.8986	-1
879.9674	-1
887.0363	-1
894.1052	-1
901.1741	-1
908.2430	-1
915.3119	-1
922.3808	-1
929.4497	-1
936.5192	-1
943.5887	-1
950.6583	-1
957.7278	-1
964.7973	-1
971.8668	-1
978.9365	-1
986.0061	-1
993.0757	-1
1000.1454	-1
1007.2150	-1
1014.2847	-1
1021.3545	-1
1028.4243	-1
1035.4941	-1
1042.5640	-1
1049.6338	-1
1056.7151	1
1063.7976	-1
1070.8805	1
1077.9634	1
1085.0474	-1
1092.1313	-1
1099.2153	-1
1106.2993	-1
1113.3833	-1
1120.4673	-1
1127.5514	-1
1134.6355	-1
1141.7196	-1
1148.8037	-1
1155.8878	-1
1162.9719	-1
1170.0563	1
1177.1407	1
1184.2252	1
1191.3098	1
1198.3956	-1
1205.4814	-1
1212.5673	-1
1219.6531	-1
1226.7389	-1
1233.8247	-1
1240.9109	1
1247.9972	1
1255.0836	-1
1262.1700	-1
1269.2565	-1
1276.3430	-1
1283.4296	-1
1290.5161	-1
1297.6028	-1
1304.6895	-1
1311.7761	-1
1318.8628	-1
1325.9495	-1
1333.0361	-1
1340.1229	-1
1347.2097	-1
1354.2965	-1
1361.3833	-1
1368.4701	-1
1375.5569	-1
1382.6440	1
1389.7312	1
1396.8188	1
1403.9065	1
1410.9941	1
1418.0818	1
1425.1699	-1
1432.2581	-1
1439.3462	-1
1446.4343	-1
1453.5225	-1
1460.6106	-1
1467.6991	1
1474.7889	-1
1481.8788	-1
1488.9686	-1
1496.0585	-1
1503.1483	-1
1510.2382	-1
1517.3295	-1
1524.4208	-1
1531.5121	-1
1538.6034	-1
1545.6947	-1
1552.7860	-1
1559.8774	-1
1566.9689	-1
1574.0603	-1
1581.1517	-1
1588.2432	-1
1595.3346	-1
1602.4261	-1
1609.5177	-1
1616.6093	-1
1623.7008	-1
1630.7924	-1
1637.8839	-1
1644.9756	-1
1652.0673	-1
1659.1589	-1
1666.2506	-1
1673.3423	-1
1680.4340	-1
1687.5258	-1
1694.6176	-1
1701.7094	-1
1708.8011	-1
1715.8929	-1
1722.9847	-1
1730.0765	-1
1737.1683	-1
1744.2601	-1
1751.3519	-1
1758.4437	-1
1765.5355	-1
1772.6274	-1
1779.7194	-1
1786.8113	-1
1793.9135	1
1801.0170	-1
1808.1207	1
1815.2246	1
1822.3296	-1
1829.4346	-1
1836.5396	-1
1843.6445	-1
1850.7495	-1
1857.8545	-1
1864.9596	-1
1872.0647	-1
1879.1698	-1
1886.2749	-1
1893.3800	-1
1900.4851	-1
1907.5905	1
1914.6959	1
1921.8014	1
1928.9069	1
1936.0140	-1
1943.1212	-1
1950.2284	-1
1957.3356	-1
1964.4427	-1
1971.5499	-1
1978.6572	-1
1985.7645	-1
1992.8718	-1
1999.9791	-1
2007.0864	-1
2014.1937	-1
2021.3011	-1
2028.4086	-1
2035.5160	-1
2042.6234	-1
2049.7307	-1
2056.8381	-1
2063.9456	-1
2071.0530	-1
2078.1604	-1
2085.2678	-1
2092.3752	-1
2099.4827	-1
2106.5903	1
2113.6980	1
2120.8069	-1
2127.9158	-1
2135.0247	-1
2142.1335	-1
2149.2424	-1
2156.3513	-1
2163.4604	-1
2170.5696	-1
2177.6787	-1
2184.7979	1
2191.9185	-1
2199.0393	1
2206.1602	1
2213.2817	-1
2220.4036	-1
2227.5359	1
2234.6694	-1
2241.8032	1
2248.9373	1
2256.0723	-1
2263.2073	-1
2270.3423	-1
2277.4773	-1
2284.6123	-1
2291.7473	-1
2298.8826	-1
2306.0178	-1
2313.1531	-1
2320.2883	-1
2327.4236	-1
2334.5588	-1
2341.6943	1
2348.8298	1
2355.9653	1
2363.1008	1
2370.2378	-1
2377.3748	-1
2384.5117	-1
2391.6487	-1
2398.7859	-1
2405.9231	-1
2413.0603	-1
2420.1975	-1
2427.3347	-1
2434.4719	-1
2441.6091	-1
2448.7463	-1
2455.8835	-1
2463.0208	-1
2470.1580	-1
2477.2952	-1
2484.4324	-1
2491.5696	-1
2498.7070	-1
2505.8445	-1
2512.9819	-1
2520.1194	-1
2527.2568	-1
2534.3943	-1
2541.5320	1
2548.6699	1
2555.8079	1
2562.9458	1
2570.0837	1
2577.2217	1
2584.3596	1
2591.4976	1
2598.6372	-1
2605.7769	-1
2612.9165	-1
2620.0562	-1
2627.1958	-1
2634.3354	-1
2641.4753	-1
2648.6152	-1
2655.7551	-1
2662.8950	-1
2670.0349	-1
2677.1748	-1
2684.3147	-1
2691.4546	-1
2698.5945	-1
2705.7344	-1
2712.8743	-1
2720.0142	-1
2727.1550	1
2734.2959	1
2741.4368	1
2748.5776	1
2755.7188	1
2762.8599	1
2770.0015	-1
2777.1431	-1
2784.2847	-1
2791.4263	-1
2798.5679	-1
2805.7095	-1
2812.8513	-1
2819.9932	-1
2827.1350	-1
2834.2769	-1
2841.4187	-1
2848.5605	-1
2855.7024	-1
2862.8442	-1
2869.9861	-1
2877.1279	-1
2884.2700	-1
2891.4121	-1
2898.5542	-1
2905.6963	-1
2912.8384	-1
2919.9805	-1
2927.1226	-1
2934.2646	-1
2941.4070	-1
2948.5493	-1
2955.6917	-1
2962.8340	-1
2969.9763	-1
2977.1187	-1
2984.2632	-1
2991.4077	-1
2998.5522	-1
3005.6968	-1
3012.8413	-1
3019.9858	-1
3027.1304	-1
3034.2749	-1
3041.4194	-1
3048.5640	-1
3055.7085	-1
3062.8530	-1
3069.9978	-1
3077.1426	-1
3084.2874	-1
3091.4321	-1
3098.5769	-1
3105.7217	-1
3112.8667	-1
3120.0117	-1
3127.1567	-1
3134.3018	-1
3141.4468	-1
3148.5918	-1
3155.7371	-1
3162.8823	-1
3170.0276	-1
3177.1729	-1
3184.3181	-1
3191.4634	-1
3198.6089	-1
3205.7544	-1
3212.9102	1
3220.0671	-1
3227.2244	1
3234.3816	1
3241.5398	-1
3248.6980	-1
3255.8562	-1
3263.0146	-1
3270.1826	1
3277.3518	-1
3284.5212	1
3291.6907	1
3298.8613	-1
3306.0320	-1
3313.2026	-1
3320.3733	-1
3327.5439	-1
3334.7244	1
3341.9060	-1
3349.0879	1
3356.2698	1
3363.4529	-1
3370.6360	-1
3377.8191	-1
3385.0022	-1
3392.1853	-1
3399.3684	-1
3406.5515	-1
3413.7346	-1
3420.9177	-1
3428.1008	-1
3435.2839	-1
3442.4670	-1
3449.6506	1
3456.8342	1
3464.0178	1
3471.2014	1
3478.3865	-1
3485.5715	-1
3492.7566	-1
3499.9417	-1
3507.1267	-1
3514.3118	-1
3521.4973	-1
3528.6829	-1
3535.8684	-1
3543.0540	-1
3550.2395	-1
3557.4250	-1
3564.6106	-1
3571.7961	1
3578.9817	-1
3586.1672	-1
3593.3528	-1
3600.5383	-1
3607.7239	-1
3614.9097	1
3622.0955	-1
3629.2812	-1
3636.4670	-1
3643.6528	-1
3650.8386	-1
3658.0244	-1
3665.2104	1
3672.3965	1
3679.5828	1
3686.7690	1
3693.9553	1
3701.1418	1
3708.3301	-1
3715.5183	-1
3722.7065	-1
3729.8948	-1
3737.0830	-1
3744.2712	-1
3751.4595	-1
3758.6477	-1
3765.8359	-1
3773.0242	-1
3780.2124	-1
3787.4006	-1
3794.5894	1
3801.7783	1
3808.9673	1
3816.1562	1
3823.3457	-1
3830.5352	-1
3837.7246	-1
3844.9141	-1
3852.1035	-1
3859.2930	-1
3866.4832	-1
3873.6733	-1
3880.8635	-1
3888.0537	-1
3895.2439	-1
3902.4341	-1
3909.6245	-1
3916.8149	-1
3924.0054	-1
3931.1958	-1
3938.3862	-1
3945.5767	-1
3952.7671	-1
3959.9575	-1
3967.1479	-1
3974.3384	-1
3981.5288	-1
3988.7192	-1
3995.9097	-1
4003.1001	-1
4010.2905	-1
4017.4810	-1
4024.6714	-1
4031.8618	-1
4039.0525	-1
4046.2432	-1
4053.4338	-1
4060.6245	-1
4067.8152	-1
4075.0059	-1
4082.1978	-1
4089.3896	-1
4096.5815	-1
4103.7734	-1
4110.9653	-1
4118.1572	-1
4125.3491	-1
4132.5410	-1
4139.7329	-1
4146.9248	-1
4154.1167	-1
4161.3086	-1
4168.5010	-1
4175.6934	-1
4182.8857	-1
4190.0781	-1
4197.2705	-1
4204.4629	-1
4211.6553	-1
4218.8477	-1
4226.0400	-1
4233.2427	1
4240.4463	-1
4247.6504	1
4254.8545	1
4262.0591	-1
4269.2637	-1
4276.4683	-1
4283.6729	-1
4290.8774	-1
4298.0820	-1
4305.2871	-1
4312.4922	-1
4319.6973	-1
4326.9023	-1
4334.1074	-1
4341.3125	-1
4348.5176	1
4355.7227	1
4362.9282	1
4370.1338	1
4377.3398	-1
4384.5459	-1
4391.7520	-1
4398.9580	-1
4406.1641	-1
4413.3701	-1
4420.5767	-1
4427.7832	-1
4434.9897	-1
4442.1963	-1
4449.4028	-1
4456.6094	-1
4463.8159	-1
4471.0225	-1
4478.2290	-1
4485.4355	-1
4492.6421	-1
4499.8486	-1
4507.0552	1
4514.2617	1
4521.4692	-1
4528.6768	-1
4535.8843	-1
4543.0918	-1
4550.2993	-1
4557.5068	-1
4564.7148	1
4571.9229	1
4579.1309	1
4586.3389	1
4593.5469	-1
4600.7549	-1
4607.9629	-1
4615.1709	-1
4622.3789	-1
4629.5869	-1
4636.7954	-1
4644.0039	-1
4651.2124	-1
4658.4209	-1
4665.6294	-1
4672.8379	-1
4680.0474	-1
4687.2568	-1
4694.4663	-1
4701.6758	-1
4708.8853	-1
4716.0947	-1
4723.3042	-1
4730.5137	-1
4737.7231	-1
4744.9326	-1
4752.1421	-1
4759.3516	-1
4766.5610	-1
4773.7705	-1
4780.9800	-1
4788.1895	-1
4795.3989	-1
4802.6084	-1
4809.8179	-1
4817.0273	-1
4824.2368	-1
4831.4561	1
4838.6768	-1
4845.8979	1
4853.1191	1
4860.3413	-1
4867.5635	-1
4874.7856	-1
4882.0078	-1
4889.2300	-1
4896.4521	-1
4903.6743	-1
4910.8965	-1
4918.1187	-1
4925.3408	-1
4932.5630	-1
4939.7852	-1
4947.0078	1
4954.2305	1
4961.4531	1
4968.6758	1
4975.9004	-1
4983.1250	-1
4990.3496	-1
4997.5742	-1
5004.7988	-1
5012.0234	-1
5019.2480	-1
5026.4727	-1
5033.6973	-1
5040.9219	-1
5048.1465	-1
5055.3711	-1
5062.5957	-1
5069.8203	-1
5077.0449	-1
5084.2695	-1
5091.4941	-1
5098.7188	-1
5105.9434	-1
5113.1680	-1
5120.3926	-1
5127.6172	-1
5134.8418	-1
5142.0664	-1
5149.2915	1
5156.5166	1
5163.7417	1
5170.9673	1
5178.1929	1
5185.4185	1
5192.6440	1
5199.8696	1
5207.0967	-1
5214.3242	-1
5221.5518	-1
5228.7793	-1
5236.0068	-1
5243.2344	-1
5250.4619	-1
5257.6895	-1
5264.9170	-1
5272.1445	-1
5279.3721	-1
5286.5996	-1
5293.8271	-1
5301.0547	-1
5308.2822	-1
5315.5098	-1
5322.7373	-1
5329.9648	-1
5337.1929	-1
5344.4209	-1
5351.6489	-1
5358.8770	-1
5366.1050	-1
5373.3330	-1
5380.5615	-1
5387.7900	-1
5395.0186	-1
5402.2471	-1
5409.4756	-1
5416.7041	-1
5423.9331	-1
5431.1621	-1
5438.3911	-1
5445.6201	-1
5452.8491	-1
5460.0781	-1
5467.3076	-1
5474.5371	-1
5481.7666	-1
5488.9961	-1
5496.2256	-1
5503.4551	-1
5510.6846	-1
5517.9238	1
5525.1646	-1
5532.4058	1
5539.6470	1
5546.8887	-1
5554.1304	-1
5561.3721	-1
5568.6138	-1
5575.8555	-1
5583.0972	-1
5590.3394	-1
5597.5913	1
5604.8442	-1
5612.0977	1
5619.3511	1
5626.6050	-1
5633.8589	-1
5641.1133	-1
5648.3770	1
5655.6416	-1
5662.9067	1
5670.1719	1
5677.4375	-1
5684.7031	-1
5691.9688	-1
5699.2349	-1
5706.5098	1
5713.7861	-1
5721.0625	1
5728.3389	1
5735.6162	-1
5742.8936	-1
5750.1709	-1
5757.4580	1
5764.7466	-1
5772.0352	1
5779.3237	1
5786.6128	-1
5793.9028	-1
5801.2021	1
5808.5029	-1
5815.8037	1
5823.1045	1
5830.4062	-1
5837.7080	-1
5845.0195	1
5852.3325	-1
5859.6455	1
5866.9585	1
5874.2725	-1
5881.5864	-1
5888.9004	-1
5896.2148	-1
5903.5391	1
5910.8643	-1
5918.1899	1
5925.5156	1
5932.8423	-1
5940.1689	-1
5947.4956	-1
5954.8223	-1
5962.1587	1
5969.4961	-1
5976.8340	1
5984.1719	1
5991.5107	-1
5998.8496	-1
6006.1885	-1
6013.5366	1
6020.8862	-1
6028.2358	1
6035.5854	1
6042.9365	-1
6050.2876	-1
6057.6387	-1
6064.9897	-1
6072.3408	-1
6079.6919	-1
6087.0430	-1
6094.3940	-1
6101.7451	-1
6109.0962	-1
6116.4473	-1
6123.7983	-1
6131.1499	1
6138.5015	1
6145.8540	-1
6153.2065	-1
6160.5591	-1
6167.9116	-1
6175.2642	-1
6182.6167	-1
6189.9692	-1
6197.3311	1
6204.6943	-1
6212.0581	1
6219.4219	1
6226.7861	-1
6234.1509	-1
6241.5244	1
6248.8994	-1
6256.2744	1
6263.6494	1
6271.0254	-1
6278.4014	-1
6285.7773	-1
6293.1636	1
6300.5513	-1
6307.9390	1
6315.3271	1
6322.7158	-1
6330.1045	-1
6337.4932	-1
6344.8818	-1
6352.2705	-1
6359.6592	-1
6367.0479	-1
6374.4365	-1
6381.8252	-1
6389.2231	1
6396.6226	-1
6404.0220	1
6411.4214	1
6418.8223	-1
6426.2231	-1
6433.6240	-1
6441.0249	-1
6448.4258	-1
6455.8267	-1
6463.2275	-1
6470.6284	-1
6478.0293	-1
6485.4302	-1
6492.8311	-1
6500.2319	-1
6507.6333	1
6515.0347	1
6522.4360	1
6529.8374	1
6537.2397	-1
6544.6421	-1
6552.0444	-1
6559.4468	-1
6566.8491	-1
6574.2515	-1
6581.6543	-1
6589.0571	-1
6596.4600	-1
6603.8628	1
6611.2656	-1
6618.6685	-1
6626.0713	-1
6633.4741	1
6640.8774	-1
6648.2808	-1
6655.6841	-1
6663.0874	-1
6670.4907	-1
6677.8940	-1
6685.2974	1
6692.7007	1
6700.1045	1
6707.5083	-1
6714.9121	-1
6722.3159	-1
6729.7197	-1
6737.1235	-1
6744.5273	-1
6751.9326	-1
6759.3379	-1
6766.7432	-1
6774.1484	-1
6781.5537	-1
6788.9590	-1
6796.3647	-1
6803.7705	-1
6811.1763	-1
6818.5820	-1
6825.9878	-1
6833.3936	-1
6840.7993	-1
6848.2051	-1
6855.6108	-1
6863.0166	-1
6870.4224	-1
6877.8281	-1
6885.2349	-1
6892.6416	-1
6900.0483	-1
6907.4551	-1
6914.8618	-1
6922.2686	-1
6929.6753	-1
6937.0820	-1
6944.4888	-1
6951.8955	-1
6959.3022	-1
6966.7090	-1
6974.1260	1
6981.5439	-1
6988.9624	1
6996.3809	1
7003.7998	-1
7011.2188	-1
7018.6377	-1
7026.0566	-1
7033.4756	-1
7040.8945	-1
7048.3135	-1
7055.7324	-1
7063.1514	-1
7070.5703	-1
7077.9893	-1
7085.4082	-1
7092.8276	1
7100.2471	1
7107.6665	1
7115.0859	1
7122.5063	-1
7129.9268	-1
7137.3472	-1
7144.7676	-1
7152.1880	-1
7159.6084	-1
7167.0288	-1
7174.4492	-1
7181.8696	-1
7189.2900	-1
7196.7104	-1
7204.1309	-1
7211.5518	-1
7218.9727	-1
7226.3936	-1
7233.8145	-1
7241.2354	-1
7248.6562	-1
7256.0771	-1
7263.4980	-1
7270.9189	-1
7278.3398	-1
7285.7607	-1
7293.1816	-1
7300.6025	1
7308.0234	1
7315.4448	-1
7322.8662	-1
7330.2876	-1
7337.7090	-1
7345.1304	-1
7352.5518	-1
7359.9736	-1
7367.3955	-1
7374.8267	1
7382.2588	-1
7389.6914	1
7397.1240	1
7404.5571	-1
7411.9902	-1
7419.4233	-1
7426.8564	-1
7434.2896	-1
7441.7227	-1
7449.1558	-1
7456.5889	-1
7464.0220	-1
7471.4551	-1
7478.8882	-1
7486.3213	-1
7493.7549	1
7501.1885	1
7508.6221	1
7516.0557	1
7523.4902	-1
7530.9248	-1
7538.3594	-1
7545.7939	-1
7553.2285	-1
7560.6631	-1
7568.0977	-1
7575.5322	-1
7582.9668	-1
7590.4014	-1
7597.8359	-1
7605.2705	-1
7612.7051	-1
7620.1396	-1
7627.5742	-1
7635.0088	-1
7642.4434	-1
7649.8779	-1
7657.3130	-1
7664.7480	-1
7672.1831	-1
7679.6182	-1
7687.0532	-1
7694.4883	-1
7701.9233	1
7709.3584	1
7716.7935	1
7724.2285	1
7731.6636	1
7739.0991	1
7746.5347	1
7753.9702	1
7761.4062	-1
7768.8423	-1
7776.2783	-1
7783.7144	-1
7791.1504	-1
7798.5864	-1
7806.0225	-1
7813.4585	-1
7820.8945	-1
7828.3306	-1
7835.7666	-1
7843.2026	-1
7850.6396	-1
7858.0767	-1
7865.5137	-1
7872.9507	-1
7880.3877	-1
7887.8247	-1
7895.2617	-1
7902.6987	-1
7910.1357	-1
7917.5728	-1
7925.0098	-1
7932.4468	-1
7939.8838	-1
7947.3213	-1
7954.7588	-1
7962.1963	-1
7969.6338	-1
7977.0713	-1
7984.5088	1
7991.9463	-1
7999.3838	-1
8006.8213	-1
8014.2588	-1
8021.6963	-1
8029.1338	-1
8036.5713	-1
8044.0088	-1
8051.4463	-1
8058.8838	-1
8066.3213	-1
8073.7588	-1
8081.1963	-1
8088.6338	-1
8096.0713	-1
8103.5088	-1
8110.9463	-1
8118.3838	-1
8125.8223	-1
8133.2607	-1
8140.6992	-1
8148.1377	-1
8155.5762	-1
8163.0239	1
8170.4731	-1
8177.9229	1
8185.3726	1
8192.8232	-1
8200.2744	-1
8207.7256	-1
8215.1768	-1
8222.6279	-1
8230.0791	-1
8237.5303	-1
8244.9814	-1
8252.4326	-1
8259.8838	-1
8267.3350	-1
8274.7861	-1
8282.2373	1
8289.6885	1
8297.1396	1
8304.5908	1
8312.0439	-1
8319.4971	-1
8326.9502	-1
8334.4033	-1
8341.8564	-1
8349.3096	-1
8356.7627	-1
8364.2158	-1
8371.6689	-1
8379.1221	-1
8386.5752	-1
8394.0283	-1
8401.4814	-1
8408.9346	-1
8416.3877	-1
8423.8408	-1
8431.2939	-1
8438.7471	-1
8446.2002	-1
8453.6533	-1
8461.1064	-1
8468.5596	-1
8476.0127	-1
8483.4658	-1
8490.9189	1
8498.3721	1
8505.8252	1
8513.2793	1
8520.7334	1
8528.1875	1
8535.6416	1
8543.0957	1
8550.5518	-1
8558.0078	-1
8565.4639	-1
8572.9199	-1
8580.3760	-1
8587.8320	-1
8595.2891	1
8602.7461	1
8610.2031	-1
8617.6602	-1
8625.1172	-1
8632.5742	-1
8640.0312	-1
8647.4883	-1
8654.9453	-1
8662.4023	-1
8669.8594	-1
8677.3164	-1
8684.7734	-1
8692.2305	-1
8699.6885	-1
8707.1465	-1
8714.6045	-1
8722.0625	-1
8729.5205	-1
8736.9785	-1
8744.4365	-1
8751.8945	-1
8759.3525	-1
8766.8105	-1
8774.2686	-1
8781.7266	-1
8789.1846	-1
8796.6426	-1
8804.1006	-1
8811.5586	-1
8819.0166	-1
8826.4746	-1
8833.9326	-1
8841.3906	-1
8848.8486	-1
8856.3066	-1
8863.7646	-1
8871.2227	-1
8878.6807	-1
8886.1387	-1
8893.5967	-1
8901.0547	-1
8908.5127	-1
8915.9707	-1
8923.4297	-1
8930.8887	-1
8938.3477	-1
8945.8066	-1
8953.2656	-1
8960.7246	-1
8968.1846	-1
8975.6445	-1
8983.1133	1
8990.5830	-1
8998.0537	1
9005.5244	1
9012.9951	-1
9020.4658	-1
9027.9365	-1
9035.4072	-1
9042.8779	-1
9050.3486	-1
9057.8193	-1
9065.2900	-1
9072.7607	-1
9080.2314	-1
9087.7021	-1
9095.1729	-1
9102.6445	1
9110.1162	-1
9117.5879	-1
9125.0596	-1
9132.5312	-1
9140.0127	1
9147.4961	-1
9154.9795	1
9162.4629	1
9169.9473	-1
9177.4316	-1
9184.9160	-1
9192.4004	-1
9199.8848	-1
9207.3691	-1
9214.8535	-1
9222.3379	-1
9229.8223	-1
9237.3066	-1
9244.7910	-1
9252.2754	-1
9259.7598	1
9267.2441	1
9274.7305	-1
9282.2168	-1
9289.7031	-1
9297.1895	-1
9304.6758	-1
9312.1621	-1
9319.6484	-1
9327.1348	-1
9334.6299	1
9342.1270	-1
9349.6240	1
9357.1211	1
9364.6191	-1
9372.1172	-1
9379.6152	-1
9387.1133	-1
9394.6113	-1
9402.1094	-1
9409.6074	-1
9417.1055	-1
9424.6035	-1
9432.1016	-1
9439.5996	-1
9447.0977	-1
9454.5957	1
9462.0938	1
9469.5918	1
9477.0898	1
9484.5889	-1
9492.0879	-1
9499.5869	-1
9507.0859	-1
9514.5850	-1
9522.0840	-1
9529.5830	-1
9537.0820	-1
9544.5811	-1
9552.0801	-1
9559.5791	-1
9567.0781	-1
9574.5771	-1
9582.0762	-1
9589.5752	-1
9597.0742	-1
9604.5732	-1
9612.0723	-1
9619.5723	1
9627.0723	-1
9634.5723	-1
9642.0723	-1
9649.5723	-1
9657.0723	-1
9664.5723	-1
9672.0723	1
9679.5723	1
9687.0723	1
9694.5723	1
9702.0723	1
9709.5723	1
9717.0723	1
9724.5723	-1
9732.0723	-1
9739.5723	-1
9747.0723	-1
9754.5723	-1
9762.0723	-1
9769.5732	-1
9777.0742	-1
9784.5752	-1
9792.0762	-1
9799.5771	-1
9807.0781	-1
9814.5791	1
9822.0801	1
9829.5811	1
9837.0820	1
9844.5840	-1
9852.0859	-1
9859.5879	-1
9867.0898	-1
9874.5918	-1
9882.0938	-1
9889.5957	-1
9897.0977	-1
9904.5996	-1
9912.1016	-1
9919.6035	-1
9927.1055	-1
9934.6084	-1
9942.1113	-1
9949.6143	-1
9957.1172	-1
9964.6201	-1
9972.1230	-1
9979.6260	-1
9987.1289	-1
9994.6318	-1
10002.1348	-1
10009.6377	-1
10017.1406	-1
10024.6436	1
10032.1465	-1
10039.6494	-1
10047.1523	-1
10054.6553	-1
10062.1582	-1
10069.6611	-1
10077.1641	1
10084.6670	1
10092.1699	1
10099.6729	-1
10107.1758	-1
10114.6787	-1
10122.1816	-1
10129.6846	-1
10137.1875	-1
10144.6904	-1
10152.1934	-1
10159.6973	-1
10167.2012	-1
10174.7051	-1
10182.2090	-1
10189.7129	-1
10197.2168	-1
10204.7207	-1
10212.2246	-1
10219.7285	-1
10227.2324	-1
10234.7363	1
10242.2402	1
10249.7441	1
10257.2480	1
10264.7520	1
10272.2559	1
10279.7598	1
10287.2637	1
10294.7676	1
10302.2715	-1
10309.7754	-1
10317.2793	-1
10324.7832	-1
10332.2871	-1
10339.7910	-1
10347.2959	-1
10354.8008	-1
10362.3057	-1
10369.8105	-1
10377.3154	-1
10384.8203	-1
10392.3252	-1
10399.8301	-1
10407.3350	-1
10414.8398	-1
10422.3447	-1
10429.8496	-1
10437.3555	-1
10444.8613	-1
10452.3672	-1
10459.8730	-1
10467.3789	-1
10474.8848	-1
10482.3916	-1
10489.8984	-1
10497.4053	-1
10504.9121	-1
10512.4189	-1
10519.9258	-1
10527.4326	-1
10534.9395	-1
10542.4463	-1
10549.9531	-1
10557.4600	-1
10564.9668	-1
10572.4736	-1
10579.9805	-1
10587.4873	-1
10594.9941	-1
10602.5010	-1
10610.0078	-1
10617.5146	-1
10625.0215	-1
10632.5283	-1
10640.0352	-1
10647.5420	-1
10655.0488	-1
10662.5557	-1
10670.0625	-1
10677.5693	-1
10685.0762	-1
10692.5830	-1
10700.0898	-1
10707.5967	-1
10715.1035	-1
10722.6104	-1
10730.1172	-1
10737.6240	-1
10745.1309	-1
10752.6377	-1
10760.1445	-1
10767.6514	-1
10775.1582	-1
10782.6650	-1
10790.1719	-1
10797.6787	-1
10805.1855	-1
10812.6924	-1
10820.1992	-1
10827.7061	-1
10835.2129	-1
10842.7207	-1
10850.2285	-1
10857.7363	-1
10865.2441	-1
10872.7520	-1
10880.2598	-1
10887.7676	-1
10895.2754	-1
10902.7832	-1
10910.2910	-1
10917.7988	-1
10925.3066	-1
10932.8145	-1
10940.3223	-1
10947.8301	-1
10955.3379	-1
10962.8457	-1
10970.3535	-1
10977.8711	1
10985.3906	-1
10992.9102	1
11000.4297	1
11007.9502	-1
11015.4707	-1
11022.9912	-1
11030.5117	-1
11038.0322	-1
11045.5527	-1
11053.0732	-1
11060.5938	-1
11068.1143	-1
11075.6348	-1
11083.1553	-1
11090.6758	-1
11098.1973	1
11105.7188	1
11113.2402	1
11120.7617	1
11128.2842	-1
11135.8066	-1
11143.3291	-1
11150.8516	-1
11158.3740	-1
11165.8965	-1
11173.4189	-1
11180.9414	-1
11188.4639	-1
11195.9863	-1
11203.5088	-1
11211.0312	-1
11218.5547	-1
11226.0781	-1
11233.6016	-1
11241.1250	-1
11248.6484	-1
11256.1719	-1
11263.6953	-1
11271.2188	-1
11278.7422	-1
11286.2656	-1
11293.7891	-1
11301.3125	-1
11308.8359	1
11316.3594	1
11323.8828	1
11331.4062	1
11338.9297	1
11346.4531	1
11353.9766	1
11361.5000	1
11369.0254	-1
11376.5508	-1
11384.0762	-1
11391.6016	-1
11399.1270	-1
11406.6523	-1
11414.1787	-1
11421.7051	-1
11429.2314	-1
11436.7578	-1
11444.2842	-1
11451.8105	-1
11459.3369	-1
11466.8633	-1
11474.3896	-1
11481.9160	-1
11489.4424	-1
11496.9688	-1
11504.4951	-1
11512.0215	-1
11519.5479	-1
11527.0742	-1
11534.6006	-1
11542.1270	-1
11549.6533	1
11557.1797	1
11564.7070	-1
11572.2344	-1
11579.7617	-1
11587.2891	-1
11594.8164	-1
11602.3438	-1
11609.8721	-1
11617.4004	-1
11624.9287	-1
11632.4570	-1
11639.9854	-1
11647.5137	-1
11655.0420	-1
11662.5703	-1
11670.0986	-1
11677.6270	-1
11685.1553	-1
11692.6836	-1
11700.2119	-1
11707.7402	-1
11715.2686	-1
11722.7969	-1
11730.3252	-1
11737.8535	-1
11745.3828	-1
11752.9121	-1
11760.4414	-1
11767.9707	-1
11775.5000	-1
11783.0293	-1
11790.5586	-1
11798.0879	-1
11805.6172	-1
11813.1562	1
11820.6963	-1
11828.2363	1
11835.7764	1
11843.3174	-1
11850.8584	-1
11858.3994	-1
11865.9404	-1
11873.4814	-1
11881.0225	-1
11888.5635	-1
11896.1045	-1
11903.6553	1
11911.2070	-1
11918.7588	1
11926.3105	1
11933.8633	-1
11941.4160	-1
11948.9688	-1
11956.5215	-1
11964.0742	-1
11971.6270	-1
11979.1797	-1
11986.7324	-1
11994.2852	-1
12001.8379	-1
12009.3906	-1
12016.9434	-1
12024.4971	1
12032.0508	1
12039.6045	1
12047.1582	1
12054.7119	-1
12062.2666	-1
12069.8213	-1
12077.3760	-1
12084.9307	-1
12092.4854	-1
12100.0400	-1
12107.5947	-1
12115.1494	-1
12122.7041	-1
12130.2588	-1
12137.8135	-1
12145.3682	-1
12152.9229	-1
12160.4775	-1
12168.0322	-1
12175.5869	-1
12183.1416	-1
12190.6963	-1
12198.2510	-1
12205.8057	-1
12213.3604	-1
12220.9150	-1
12228.4697	-1
12236.0244	1
12243.5791	1
12251.1338	1
12258.6885	1
12266.2432	1
12273.7979	1
12281.3535	1
12288.9092	1
12296.4648	-1
12304.0205	-1
12311.5762	-1
12319.1318	-1
12326.6875	-1
12334.2432	-1
12341.7998	-1
12349.3564	-1
12356.9131	-1
12364.4697	-1
12372.0264	-1
12379.5830	-1
12387.1396	-1
12394.6963	-1
12402.2529	-1
12409.8096	-1
12417.3662	-1
12424.9229	-1
12432.4795	-1
12440.0361	-1
12447.5928	-1
12455.1494	-1
12462.7061	-1
12470.2627	-1
12477.8193	1
12485.3760	1
12492.9326	-1
12500.4893	-1
12508.0459	-1
12515.6025	-1
12523.1592	-1
12530.7158	-1
12538.2725	-1
12545.8291	-1
12553.3857	-1
12560.9424	-1
12568.4990	-1
12576.0557	-1
12583.6133	-1
12591.1709	-1
12598.7285	-1
12606.2861	-1
12613.8438	-1
12621.4014	-1
12628.9590	-1
12636.5166	-1
12644.0742	-1
12651.6318	-1
12659.1895	-1
12666.7471	-1
12674.3047	1
12681.8633	1
12689.4219	-1
12696.9805	-1
12704.5391	-1
12712.0977	-1
12719.6562	-1
12727.2148	-1
12734.7734	1
12742.3320	1
12749.8906	1
12757.4492	1
12765.0078	1
12772.5674	-1
12780.1270	-1
12787.6865	-1
12795.2461	-1
12802.8057	-1
12810.3652	-1
12817.9248	-1
12825.4844	-1
12833.0439	-1
12840.6035	-1
12848.1631	-1
12855.7227	-1
12863.2822	-1
12870.8418	-1
12878.4014	-1
12885.9609	-1
12893.5205	-1
12901.0801	-1
12908.6406	-1
12916.2012	-1
12923.7617	-1
12931.3223	-1
12938.8828	-1
12946.4434	-1
12954.0039	-1
12961.5645	-1
12969.1250	-1
12976.6855	-1
12984.2461	-1
12991.8066	-1
12999.3672	-1
13006.9277	-1
13014.4883	-1
13022.0488	-1
13029.6094	-1
13037.1699	-1
13044.7305	-1
13052.2910	-1
13059.8516	-1
13067.4121	-1
13074.9727	-1
13082.5332	-1
13090.0938	-1
13097.6543	-1
13105.2148	-1
13112.7852	1
13120.3564	-1
13127.9287	1
13135.5010	1
13143.0742	-1
13150.6475	-1
13158.2207	-1
13165.7939	-1
13173.3672	-1
13180.9404	-1
13188.5137	-1
13196.0869	-1
13203.6602	-1
13211.2334	-1
13218.8066	-1
13226.3799	-1
13233.9531	1
13241.5264	1
13249.1006	-1
13256.6748	-1
13264.2490	-1
13271.8232	-1
13279.3975	-1
13286.9717	-1
13294.5459	-1
13302.1201	-1
13309.7041	1
13317.2900	-1
13324.8760	1
13332.4619	1
13340.0488	-1
13347.6357	-1
13355.2227	-1
13362.8096	-1
13370.3965	-1
13377.9834	-1
13385.5703	-1
13393.1572	-1
13400.7441	-1
13408.3311	-1
13415.9180	-1
13423.5049	-1
13431.0928	1
13438.6807	1
13446.2695	-1
13453.8584	-1
13461.4473	-1
13469.0361	-1
13476.6250	-1
13484.2139	-1
13491.8027	-1
13499.3916	-1
13506.9805	-1
13514.5781	1
13522.1777	-1
13529.7773	1
13537.3770	1
13544.9775	-1
13552.5781	-1
13560.1787	-1
13567.7793	-1
13575.3799	-1
13582.9805	-1
13590.5811	-1
13598.1816	-1
13605.7822	-1
13613.3828	-1
13620.9834	-1
13628.5840	-1
13636.1855	1
13643.7871	1
13651.3887	1
13658.9902	1
13666.5928	-1
13674.1953	-1
13681.7979	-1
13689.4004	-1
13697.0029	-1
13704.6055	-1
13712.2080	-1
13719.8105	-1
13727.4131	-1
13735.0156	-1
13742.6182	-1
13750.2207	-1
13757.8242	-1
13765.4277	-1
13773.0312	-1
13780.6348	-1
13788.2383	-1
13795.8418	-1
13803.4453	-1
13811.0488	-1
13818.6523	-1
13826.2559	-1
13833.8594	-1
13841.4629	-1
13849.0664	1
13856.6699	1
13864.2734	1
13871.8770	1
13879.4805	1
13887.0840	1
13894.6875	1
13902.2910	1
13909.8965	-1
13917.5020	-1
13925.1074	-1
13932.7129	-1
13940.3184	-1
13947.9238	-1
13955.5303	-1
13963.1367	-1
13970.7432	-1
13978.3496	-1
13985.9561	-1
13993.5625	-1
14001.1689	1
14008.7754	1
14016.3818	1
14023.9893	1
14031.5967	-1
14039.2041	-1
14046.8115	-1
14054.4189	-1
14062.0264	-1
14069.6338	-1
14077.2412	1
14084.8486	1
14092.4561	-1
14100.0635	-1
14107.6709	-1
14115.2783	-1
14122.8857	-1
14130.4932	-1
14138.1006	-1
14145.7080	-1
14153.3154	-1
14160.9229	-1
14168.5303	-1
14176.1377	-1
14183.7451	-1
14191.3525	-1
14198.9600	-1
14206.5674	-1
14214.1748	-1
14221.7822	-1
14229.3906	-1
14236.9990	-1
14244.6074	-1
14252.2158	-1
14259.8242	-1
14267.4326	-1
14275.0420	1
14282.6514	1
14290.2607	1
14297.8701	1
14305.4795	-1
14313.0889	-1
14320.6982	-1
14328.3076	-1
14335.9170	-1
14343.5264	-1
14351.1357	1
14358.7451	1
14366.3555	1
14373.9658	1
14381.5762	1
14389.1865	1
14396.7969	-1
14404.4072	-1
14412.0176	-1
14419.6279	-1
14427.2383	-1
14434.8486	-1
14442.4609	-1
14450.0732	-1
14457.6855	-1
14465.2979	-1
14472.9102	-1
14480.5225	-1
14488.1348	-1
14495.7471	-1
14503.3594	-1
14510.9717	-1
14518.5840	-1
14526.1963	-1
14533.8086	1
14541.4209	1
14549.0342	-1
14556.6475	-1
14564.2607	-1
14571.8740	-1
14579.4873	-1
14587.1006	-1
14594.7139	1
14602.3271	1
14609.9404	1
14617.5537	1
14625.1680	1
14632.7822	-1
14640.3965	-1
14648.0107	-1
14655.6250	-1
14663.2393	-1
14670.8535	-1
14678.4688	-1
14686.0840	-1
14693.6992	-1
14701.3145	-1
14708.9297	-1
14716.5449	-1
14724.1602	-1
14731.7754	-1
14739.3906	-1
14747.0059	-1
14754.6211	-1
14762.2363	-1
14769.8516	-1
14777.4668	-1
14785.0820	-1
14792.6973	-1
14800.3125	-1
14807.9277	-1
14815.5430	-1
14823.1582	-1
14830.7734	-1
14838.3887	-1
14846.0039	-1
14853.6191	-1
14861.2363	-1
14868.8535	-1
14876.4707	-1
14884.0879	-1
14891.7051	-1
14899.3223	-1
14906.9395	-1
14914.5566	-1
14922.1738	-1
14929.7910	-1
14937.4082	-1
14945.0254	-1
14952.6445	-1
14960.2637	-1
14967.8828	-1
14975.5020	-1
14983.1211	-1
14990.7402	-1
14998.3594	-1
15005.9785	-1
15013.5977	-1
15021.2168	-1
15028.8359	-1
15036.4551	-1
15044.0742	-1
15051.6934	-1
15059.3125	-1
15066.9316	-1
15074.5508	-1
15082.1699	-1
15089.7900	-1
15097.4102	-1
15105.0303	-1
15112.6504	-1
15120.2705	-1
15127.8906	-1
15135.5107	-1
15143.1309	-1
15150.7510	-1
15158.3711	-1
15165.9912	-1
15173.6113	-1
15181.2314	-1
15188.8516	-1
15196.4717	-1
15204.0918	-1
15211.7119	-1
15219.3320	-1
15226.9521	-1
15234.5723	-1
15242.1924	-1
15249.8125	-1
15257.4326	-1
15265.0527	-1
15272.6729	-1
15280.2930	-1
15287.9131	-1
15295.5332	-1
15303.1533	-1
15310.7734	-1
15318.3936	-1
15326.0137	-1
15333.6338	-1
15341.2539	-1
15348.8740	-1
15356.4941	-1
15364.1143	-1
15371.7344	-1
15379.3545	-1
15386.9746	-1
15394.5947	-1
15402.2148	-1
15409.8359	-1
15417.4570	-1
15425.0781	-1
15432.6992	-1
15440.3203	-1
15447.9414	-1
15455.5625	-1
15463.1934	1
15470.8252	-1
15478.4570	1
15486.0889	1
15493.7217	-1
15501.3545	-1
15508.9873	-1
15516.6201	-1
15524.2529	-1
15531.8857	-1
15539.5195	-1
15547.1533	-1
15554.7871	-1
15562.4209	-1
15570.0547	-1
15577.6885	-1
15585.3320	1
15592.9766	-1
15600.6211	1
15608.2656	1
15615.9111	-1
15623.5566	-1
15631.2021	-1
15638.8477	-1
15646.4932	-1
15654.1387	-1
15661.7842	-1
15669.4297	-1
15677.0752	-1
15684.7207	-1
15692.3662	-1
15700.0117	-1
15707.6582	1
15715.3047	1
15722.9512	1
15730.5977	1
15738.2461	-1
15745.8945	-1
15753.5430	-1
15761.1914	-1
15768.8398	-1
15776.4883	-1
15784.1367	-1
15791.7852	-1
15799.4336	-1
15807.0820	-1
15814.7305	-1
15822.3789	-1
15830.0273	-1
15837.6758	-1
15845.3242	-1
15852.9727	-1
15860.6211	-1
15868.2695	-1
15875.9180	1
15883.5664	1
15891.2148	1
15898.8633	1
15906.5117	1
15914.1602	-1
15921.8086	-1
15929.4570	-1
15937.1055	-1
15944.7539	-1
15952.4023	-1
15960.0508	1
15967.7002	1
15975.3496	1
15983.0010	-1
15990.6523	-1
15998.3037	-1
16005.9551	-1
16013.6064	-1
16021.2578	-1
16028.9102	-1
16036.5625	-1
16044.2148	-1
16051.8672	-1
16059.5195	-1
16067.1719	-1
16074.8242	-1
16082.4766	-1
16090.1289	-1
16097.7812	-1
16105.4336	-1
16113.0859	-1
16120.7383	-1
16128.3906	-1
16136.0430	-1
16143.6953	-1
16151.3477	-1
16159.0000	-1
16166.6523	-1
16174.3047	-1
16181.9570	-1
16189.6094	-1
16197.2617	-1
16204.9141	-1
16212.5664	-1
16220.2188	-1
16227.8711	-1
16235.5234	-1
16243.1758	-1
16250.8281	-1
16258.4805	-1
16266.1328	-1
16273.7852	-1
16281.4375	-1
16289.0898	-1
16296.7422	-1
16304.3945	1
16312.0469	1
16319.7002	-1
16327.3535	-1
16335.0068	-1
16342.6602	-1
16350.3135	-1
16357.9668	-1
16365.6201	1
16373.2734	1
16380.9268	1
16388.5801	1
16396.2344	1
16403.8887	1
16411.5430	1
16419.1973	1
16426.8516	1
16434.5059	1
16442.1602	1
16449.8145	1
16457.4688	1
16465.1230	1
16472.7793	-1
16480.4355	-1
16488.0918	-1
16495.7480	-1
16503.4043	-1
16511.0605	-1
16518.7168	-1
16526.3730	-1
16534.0293	-1
16541.6855	-1
16549.3418	-1
16556.9980	-1
16564.6543	1
16572.3105	1
16579.9668	1
16587.6230	1
16595.2832	-1
16602.9434	-1
16610.6035	-1
16618.2637	-1
16625.9238	-1
16633.5840	-1
16641.2441	-1
16648.9043	-1
16656.5645	-1
16664.2246	-1
16671.8848	-1
16679.5449	-1
16687.2070	-1
16694.8691	-1
16702.5312	-1
16710.1934	-1
16717.8555	-1
16725.5176	-1
16733.1797	-1
16740.8418	-1
16748.5039	-1
16756.1660	-1
16763.8281	-1
16771.4902	-1
16779.1523	-1
16786.8145	-1
16794.4766	-1
16802.1387	-1
16809.8008	-1
16817.4629	-1
16825.1250	-1
16832.7871	-1
16840.4492	-1
16848.1113	-1
16855.7734	-1
16863.4355	-1
16871.0977	-1
16878.7598	-1
16886.4219	-1
16894.0840	-1
16901.7461	-1
16909.4082	-1
16917.0703	-1
16924.7324	-1
16932.3945	-1
16940.0566	-1
16947.7188	-1
16955.3809	1
16963.0430	-1
16970.7051	1
16978.3672	1
16986.0293	-1
16993.6914	-1
17001.3535	1
17009.0156	-1
17016.6777	-1
17024.3398	-1
17032.0020	-1
17039.6641	1
17047.3262	1
17054.9883	-1
17062.6504	-1
17070.3125	-1
17077.9746	-1
17085.6367	-1
17093.2988	-1
17100.9609	-1
17108.6230	-1
17116.2852	-1
17123.9473	-1
17131.6094	-1
17139.2715	-1
17146.9355	1
17154.5996	1
17162.2637	1
17169.9277	1
17177.5918	-1
17185.2559	-1
17192.9199	-1
17200.5840	-1
17208.2480	-1
17215.9121	-1
17223.5762	-1
17231.2402	-1
17238.9043	-1
17246.5684	-1
17254.2324	-1
17261.8965	-1
17269.5605	1
17277.2246	1
17284.8887	1
17292.5527	1
17300.2168	-1
17307.8809	-1
17315.5449	-1
17323.2090	-1
17330.8730	-1
17338.5371	-1
17346.2012	1
17353.8652	1
17361.5293	-1
17369.1934	-1
17376.8574	-1
17384.5215	-1
17392.1855	-1
17399.8496	-1
17407.5137	1
17415.1777	1
17422.8418	1
17430.5059	1
17438.1699	1
17445.8359	1
17453.5020	1
17461.1680	1
17468.8340	-1
17476.5000	-1
17484.1660	-1
17491.8320	-1
17499.4980	-1
17507.1641	-1
17514.8301	1
17522.4961	-1
17530.1621	-1
17537.8281	-1
17545.4941	-1
17553.1602	-1
17560.8262	-1
17568.4922	-1
17576.1582	-1
17583.8242	-1
17591.4902	-1
17599.1562	-1
17606.8223	-1
17614.4902	-1
17622.1582	-1
17629.8262	-1
17637.4941	-1
17645.1621	-1
17652.8301	-1
17660.5000	-1
17668.1699	-1
17675.8398	-1
17683.5098	-1
17691.1797	-1
17698.8496	-1
17706.5195	-1
17714.1895	-1
17721.8594	-1
17729.5293	-1
17737.1992	-1
17744.8691	-1
17752.5391	-1
17760.2090	-1
17767.8789	-1
17775.5488	-1
17783.2188	-1
17790.8887	-1
17798.5605	-1
17806.2324	-1
17813.9043	-1
17821.5762	-1
17829.2480	-1
17836.9199	-1
17844.5918	-1
17852.2637	-1
17859.9355	-1
17867.6074	-1
17875.2793	-1
17882.9512	-1
17890.6230	-1
17898.2969	-1
17905.9707	-1
17913.6445	-1
17921.3184	-1
17928.9922	-1
17936.6660	-1
17944.3398	-1
17952.0137	-1
17959.6875	-1
17967.3613	-1
17975.0352	-1
17982.7090	-1
17990.3828	-1
17998.0566	-1
18005.7305	-1
18013.4043	-1
18021.0781	-1
18028.7520	-1
18036.4258	-1
18044.0996	-1
18051.7734	-1
18059.4473	-1
18067.1211	-1
18074.7949	-1
18082.4688	-1
18090.1426	-1
18097.8164	-1
18105.4902	-1
18113.1641	-1
18120.8398	-1
18128.5156	-1
18136.1914	-1
18143.8672	-1
18151.5430	-1
18159.2188	-1
18166.8945	-1
18174.5703	-1
18182.2461	-1
18189.9219	-1
18197.5977	-1
18205.2734	-1
18212.9492	-1
18220.6250	-1
18228.3008	-1
18235.9766	-1
18243.6523	-1
18251.3281	-1
18259.0039	-1
18266.6797	-1
18274.3555	-1
18282.0312	-1
18289.7070	-1
18297.3828	-1
18305.0586	-1
18312.7344	-1
18320.4102	-1
18328.0859	-1
18335.7617	-1
18343.4375	-1
18351.1152	-1
18358.7930	-1
18366.4707	-1
18374.1484	-1
18381.8262	-1
18389.5039	-1
18397.1816	-1
18404.8594	-1
18412.5371	-1
18420.2148	-1
18427.8926	-1
18435.5703	-1
18443.2480	-1
18450.9258	-1
18458.6035	-1
18466.2812	-1
18473.9590	-1
18481.6367	-1
18489.3145	-1
18496.9922	-1
18504.6699	-1
18512.3477	-1
18520.0254	-1
18527.7031	-1
18535.3809	-1
18543.0586	-1
18550.7363	-1
18558.4141	-1
18566.0918	-1
18573.7695	-1
18581.4473	-1
18589.1250	-1
18596.8027	-1
18604.4805	-1
18612.1582	-1
18619.8359	-1
18627.5137	-1
18635.1914	-1
18642.8691	-1
18650.5469	-1
18658.2246	-1
18665.9023	-1
18673.5801	-1
18681.2578	-1
18688.9355	-1
18696.6133	-1
18704.2910	-1
18711.9688	-1
18719.6465	-1
18727.3242	-1
18735.0020	-1
18742.6797	-1
18750.3691	1
18758.0586	-1
18765.7500	1
18773.4414	1
18781.1328	-1
18788.8242	-1
18796.5156	-1
18804.2070	-1
18811.8984	-1
18819.5898	-1
18827.2812	-1
18834.9727	-1
18842.6641	-1
18850.3555	-1
18858.0469	-1
18865.7383	-1
18873.4297	1
18881.1211	1
18888.8125	1
18896.5039	1
18904.1973	-1
18911.8906	-1
18919.5840	-1
18927.2773	-1
18934.9707	-1
18942.6641	-1
18950.3574	-1
18958.0508	-1
18965.7441	-1
18973.4375	-1
18981.1309	-1
18988.8242	-1
18996.5176	-1
19004.2109	-1
19011.9043	-1
19019.5977	-1
19027.2910	-1
19034.9844	-1
19042.6777	-1
19050.3711	-1
19058.0645	-1
19065.7578	-1
19073.4512	-1
19081.1445	-1
19088.8379	1
19096.5312	-1
19104.2246	-1
19111.9180	-1
19119.6113	-1
19127.3145	1
19135.0195	-1
19142.7246	1
19150.4297	1
19158.1348	-1
19165.8398	-1
19173.5469	-1
19181.2617	1
19188.9785	-1
19196.6953	1
19204.4121	1
19212.1289	-1
19219.8457	-1
19227.5723	1
19235.3008	-1
19243.0293	1
19250.7578	1
19258.4863	-1
19266.2148	-1
19273.9434	-1
19281.6719	-1
19289.4004	-1
19297.1289	-1
19304.8574	-1
19312.5859	-1
19320.3145	-1
19328.0430	-1
19335.7715	-1
19343.5000	-1
19351.2285	1
19358.9570	1
19366.6875	1
19374.4180	1
19382.1484	-1
19389.8789	-1
19397.6094	-1
19405.3398	-1
19413.0703	-1
19420.8008	-1
19428.5312	-1
19436.2617	-1
19443.9922	-1
19451.7227	-1
19459.4531	-1
19467.1836	-1
19474.9141	-1
19482.6445	-1
19490.3750	-1
19498.1055	-1
19505.8359	-1
19513.5664	-1
19521.2969	-1
19529.0273	-1
19536.7676	1
19544.5098	-1
19552.2520	1
19559.9941	1
19567.7363	-1
19575.4785	-1
19583.2207	-1
19590.9629	-1
19598.7051	-1
19606.4473	-1
19614.1895	-1
19621.9316	-1
19629.6738	-1
19637.4258	1
19645.1797	-1
19652.9336	1
19660.6875	1
19668.4414	-1
19676.1953	-1
19683.9492	-1
19691.7129	1
19699.4785	-1
19707.2441	1
19715.0098	1
19722.7754	-1
19730.5410	-1
19738.3164	1
19746.0938	-1
19753.8711	1
19761.6484	1
19769.4277	-1
19777.2070	-1
19784.9941	1
19792.7832	-1
19800.5723	1
19808.3613	1
19816.1523	-1
19823.9434	-1
19831.7422	1
19839.5430	-1
19847.3438	1
19855.1445	1
19862.9453	-1
19870.7480	-1
19878.5586	1
19886.3711	-1
19894.1836	1
19901.9961	1
19909.8086	-1
19917.6230	-1
19925.4375	-1
19933.2520	-1
19941.0664	-1
19948.8809	-1
19956.6953	-1
19964.5098	-1
19972.3242	-1
19980.1387	-1
19987.9531	-1
19995.7676	-1
20003.5820	1
20011.3965	1
20019.2109	1
20027.0254	1
20034.8398	-1
20042.6543	-1
20050.4688	-1
20058.2832	-1
20066.0977	-1
20073.9121	-1
20081.7266	-1
20089.5410	-1
20097.3555	-1
20105.1699	-1
20112.9844	-1
20120.7988	-1
20128.6133	-1
20136.4277	-1
20144.2422	-1
20152.0566	-1
20159.8711	-1
20167.6855	-1
20175.5000	1
20183.3145	1
20191.1289	1
20198.9434	-1
20206.7578	-1
20214.5723	-1
20222.3867	-1
20230.2012	-1
20238.0156	-1
20245.8301	1
20253.6465	1
20261.4629	1
20269.2793	1
20277.0957	-1
20284.9121	-1
20292.7285	-1
20300.5449	-1
20308.3613	-1
20316.1777	-1
20323.9941	-1
20331.8105	-1
20339.6270	-1
20347.4434	-1
20355.2598	-1
20363.0762	-1
20370.8926	-1
20378.7090	-1
20386.5254	-1
20394.3418	-1
20402.1582	-1
20409.9746	-1
20417.7930	-1
20425.6113	-1
20433.4297	-1
20441.2480	-1
20449.0664	-1
20456.8848	-1
20464.7031	-1
20472.5215	-1
20480.3398	-1
20488.1582	-1
20495.9766	-1
20503.7949	-1
20511.6133	-1
20519.4316	-1
20527.2500	-1
20535.0684	-1
20542.8867	-1
20550.7051	-1
20558.5234	-1
20566.3418	-1
20574.1602	-1
20581.9863	1
20589.8145	-1
20597.6426	1
20605.4707	1
20613.3008	-1
20621.1309	-1
20628.9688	1
20636.8086	-1
20644.6484	1
20652.4883	1
20660.3301	-1
20668.1719	-1
20676.0137	-1
20683.8555	-1
20691.6973	-1
20699.5391	-1
20707.3809	-1
20715.2227	-1
20723.0645	-1
20730.9062	-1
20738.7480	-1
20746.5898	-1
20754.4316	1
20762.2734	1
20770.1152	1
20777.9570	1
20785.8008	-1
20793.6445	-1
20801.4883	-1
20809.3320	-1
20817.1758	-1
20825.0195	-1
20832.8633	-1
20840.7070	-1
20848.5508	-1
20856.3945	-1
20864.2383	-1
20872.0820	-1
20879.9258	-1
20887.7695	-1
20895.6133	-1
20903.4570	-1
20911.3008	-1
20919.1445	-1
20926.9883	-1
20934.8320	-1
20942.6758	-1
20950.5195	-1
20958.3633	-1
20966.2070	-1
20974.0508	1
20981.8945	1
20989.7402	-1
20997.5859	-1
21005.4316	-1
21013.2773	-1
21021.1230	-1
21028.9688	-1
21036.8145	-1
21044.6699	1
21052.5254	-1
21060.3828	1
21068.2402	1
21076.0977	-1
21083.9551	-1
21091.8125	-1
21099.6699	-1
21107.5273	-1
21115.3848	-1
21123.2422	-1
21131.0996	-1
21138.9570	-1
21146.8145	-1
21154.6719	-1
21162.5293	-1
21170.3867	1
21178.2441	1
21186.1016	1
21193.9590	1
21201.8164	-1
21209.6738	-1
21217.5312	-1
21225.3887	-1
21233.2461	-1
21241.1035	-1
21248.9629	-1
21256.8223	-1
21264.6816	-1
21272.5410	-1
21280.4004	-1
21288.2598	-1
21296.1191	-1
21303.9785	-1
21311.8379	-1
21319.6973	-1
21327.5566	-1
21335.4160	-1
21343.2754	-1
21351.1348	-1
21358.9941	-1
21366.8535	-1
21374.7129	-1
21382.5723	-1
21390.4316	1
21398.2910	1
21406.1504	1
21414.0098	1
21421.8691	1
21429.7285	1
21437.5879	1
21445.4473	1
21453.3086	-1
21461.1699	-1
21469.0312	-1
21476.8926	-1
21484.7539	-1
21492.6152	-1
21500.4766	-1
21508.3379	-1
21516.1992	-1
21524.0605	-1
21531.9219	-1
21539.7832	-1
21547.6445	-1
21555.5059	-1
21563.3672	-1
21571.2285	-1
21579.0898	-1
21586.9512	-1
21594.8125	-1
21602.6738	-1
21610.5352	-1
21618.3965	-1
21626.2578	-1
21634.1191	-1
21641.9805	-1
21649.8418	-1
21657.7031	-1
21665.5645	-1
21673.4258	-1
21681.2871	-1
21689.1484	-1
21697.0098	-1
21704.8711	-1
21712.7324	-1
21720.5938	-1
21728.4551	-1
21736.3164	-1
21744.1777	-1
21752.0391	-1
21759.9004	-1
21767.7617	-1
21775.6230	-1
21783.4844	-1
21791.3457	-1
21799.2070	-1
21807.0684	-1
21814.9297	-1
21822.7910	-1
21830.6523	1
21838.5137	1
21846.3750	1
21854.2363	1
21862.0996	-1
21869.9629	-1
21877.8262	-1
21885.6895	-1
21893.5527	-1
21901.4160	-1
21909.2793	-1
21917.1426	-1
21925.0059	-1
21932.8691	-1
21940.7324	-1
21948.5957	-1
21956.4590	-1
21964.3223	-1
21972.1855	-1
21980.0488	-1
21987.9121	-1
21995.7754	-1
22003.6387	-1
22011.5117	1
22019.3848	-1
22027.2578	1
22035.1309	1
22043.0059	-1
22050.8809	-1
22058.7656	1
22066.6504	-1
22074.5371	1
22082.4238	1
22090.3105	-1
22098.1973	-1
22106.0938	1
22113.9922	-1
22121.8906	1
22129.7891	1
22137.6875	-1
22145.5859	-1
22153.4941	1
22161.4043	-1
22169.3145	1
22177.2246	1
22185.1367	-1
22193.0488	-1
22200.9688	1
22208.8906	-1
22216.8125	1
22224.7344	1
22232.6582	-1
22240.5820	-1
22248.5156	1
22256.4492	-1
22264.3828	1
22272.3164	1
22280.2520	-1
22288.1875	-1
22296.1230	-1
22304.0684	1
22312.0137	-1
22319.9590	1
22327.9062	1
22335.8535	-1
22343.8008	-1
22351.7480	-1
22359.7051	1
22367.6641	-1
22375.6230	1
22383.5820	1
22391.5410	-1
22399.5000	-1
22407.4688	1
22415.4395	-1
22423.4102	1
22431.3809	1
22439.3516	-1
22447.3223	-1
22455.2930	-1
22463.2734	1
22471.2559	-1
22479.2383	1
22487.2207	1
22495.2031	-1
22503.1855	-1
22511.1699	-1
22519.1621	1
22527.1562	-1
22535.1504	1
22543.1445	1
22551.1406	-1
22559.1367	-1
22567.1426	1
22575.1484	-1
22583.1562	1
22591.1641	1
22599.1719	-1
22607.1797	-1
22615.1973	1
22623.2168	-1
22631.2363	1
22639.2559	1
22647.2754	-1
22655.2949	-1
22663.3145	-1
22671.3340	-1
22679.3535	-1
22687.3730	-1
22695.3926	-1
22703.4121	-1
22711.4316	-1
22719.4512	-1
22727.4707	-1
22735.4902	-1
22743.5117	1
22751.5332	1
22759.5547	1
22767.5762	1
22775.5996	-1
22783.6230	-1
22791.6465	-1
22799.6699	-1
22807.6934	-1
22815.7168	-1
22823.7402	-1
22831.7637	-1
22839.7871	-1
22847.8105	-1
22855.8340	-1
22863.8574	-1
22871.8809	1
22879.9043	1
22887.9277	-1
22895.9512	-1
22903.9746	-1
22911.9980	-1
22920.0215	-1
22928.0449	-1
22936.0684	-1
22944.0918	-1
22952.1152	-1
22960.1387	-1
22968.1621	-1
22976.1855	-1
22984.2109	-1
22992.2363	-1
23000.2617	-1
23008.2871	-1
23016.3125	-1
23024.3379	-1
23032.3633	-1
23040.3887	-1
23048.4141	-1
23056.4395	-1
23064.4648	-1
23072.5000	1
23080.5352	-1
23088.5703	1
23096.6055	1
23104.6426	-1
23112.6797	-1
23120.7168	-1
23128.7539	-1
23136.7910	-1
23144.8281	-1
23152.8652	-1
23160.9023	-1
23168.9395	-1
23176.9766	-1
23185.0137	-1
23193.0508	-1
23201.0879	1
23209.1250	1
23217.1621	1
23225.2012	-1
23233.2402	-1
23241.2793	-1
23249.3184	-1
23257.3574	-1
23265.3965	-1
23273.4355	-1
23281.4746	-1
23289.5137	-1
23297.5527	-1
23305.5918	-1
23313.6309	-1
23321.6699	-1
23329.7188	1
23337.7676	-1
23345.8184	1
23353.8691	1
23361.9199	-1
23369.9707	-1
23378.0215	-1
23386.0723	-1
23394.1230	-1
23402.1738	-1
23410.2246	-1
23418.2754	-1
23426.3262	-1
23434.3770	-1
23442.4277	-1
23450.4785	-1
23458.5293	1
23466.5801	1
23474.6309	1
23482.6816	1
23490.7344	-1
23498.7871	-1
23506.8398	-1
23514.8926	-1
23522.9453	-1
23530.9980	-1
23539.0508	-1
23547.1035	-1
23555.1562	-1
23563.2090	-1
23571.2617	-1
23579.3145	-1
23587.3672	-1
23595.4199	-1
23603.4727	-1
23611.5254	-1
23619.5781	-1
23627.6309	-1
23635.6855	-1
23643.7402	-1
23651.7949	-1
23659.8496	-1
23667.9043	-1
23675.9590	-1
23684.0137	1
23692.0684	1
23700.1230	1
23708.1777	1
23716.2324	1
23724.2871	1
23732.3418	1
23740.3965	1
23748.4531	-1
23756.5098	-1
23764.5664	-1
23772.6230	-1
23780.6797	-1
23788.7363	-1
23796.7930	-1
23804.8496	-1
23812.9062	-1
23820.9629	-1
23829.0195	-1
23837.0762	-1
23845.1328	-1
23853.1895	-1
23861.2461	-1
23869.3027	-1
23877.3594	-1
23885.4160	-1
23893.4746	-1
23901.5332	-1
23909.5918	-1
23917.6504	-1
23925.7090	-1
23933.7676	-1
23941.8262	-1
23949.8848	-1
23957.9434	-1
23966.0020	-1
23974.0605	-1
23982.1191	-1
23990.1777	1
23998.2363	1
24006.2949	1
24014.3535	1
24022.4121	1
24030.4707	1
24038.5293	-1
24046.5879	-1
24054.6465	-1
24062.7051	-1
24070.7637	-1
24078.8223	-1
24086.8809	-1
24094.9395	-1
24102.9980	-1
24111.0566	-1
24119.1152	-1
24127.1738	-1
24135.2324	1
24143.2910	1
24151.3496	-1
24159.4082	-1
24167.4668	-1
24175.5254	-1
24183.5840	-1
24191.6426	-1
24199.7012	1
24207.7598	1
24215.8203	1
24223.8809	1
24231.9414	1
24240.0020	1
24248.0645	1
24256.1270	1
24264.1895	-1
24272.2520	-1
24280.3145	-1
24288.3770	-1
24296.4395	-1
24304.5020	-1
24312.5645	1
24320.6270	-1
24328.6895	-1
24336.7520	-1
24344.8145	-1
24352.8770	-1
24360.9395	-1
24369.0020	-1
24377.0645	-1
24385.1270	-1
24393.1895	-1
24401.2520	-1
24409.3145	-1
24417.3789	1
24425.4434	1
24433.5078	1
24441.5723	1
24449.6367	-1
24457.7012	-1
24465.7656	-1
24473.8301	-1
24481.8945	-1
24489.9590	-1
24498.0234	1
24506.0879	-1
24514.1523	-1
24522.2168	-1
24530.2812	-1
24538.3457	-1
24546.4102	-1
24554.4746	-1
24562.5391	-1
24570.6035	-1
24578.6680	-1
24586.7324	-1
24594.7969	-1
24602.8613	-1
24610.9258	-1
24618.9902	-1
24627.0547	-1
24635.1191	-1
24643.1836	-1
24651.2480	-1
24659.3125	-1
24667.3770	-1
24675.4414	-1
24683.5059	-1
24691.5703	-1
24699.6367	-1
24707.7031	-1
24715.7695	-1
24723.8359	-1
24731.9023	-1
24739.9688	-1
24748.0352	-1
24756.1016	-1
24764.1680	-1
24772.2344	-1
24780.3008	-1
24788.3672	-1
24796.4336	1
24804.5000	1
24812.5664	1
24820.6328	1
24828.6992	1
24836.7656	1
24844.8320	1
24852.8984	1
24860.9648	1
24869.0312	1
24877.0977	1
24885.1641	1
24893.2305	1
24901.2969	1
24909.3652	-1
24917.4336	-1
24925.5020	-1
24933.5703	-1
24941.6387	-1
24949.7070	-1
24957.7754	-1
24965.8438	-1
24973.9121	-1
24981.9805	-1
24990.0488	-1
24998.1172	-1
25006.1855	-1
25014.2539	-1
25022.3223	-1
25030.3906	-1
25038.4590	-1
25046.5273	-1
25054.5957	-1
25062.6641	-1
25070.7324	-1
25078.8008	-1
25086.8691	-1
25094.9375	-1
25103.0059	-1
25111.0742	-1
25119.1426	-1
25127.2109	-1
25135.2793	-1
25143.3477	-1
25151.4160	-1
25159.4844	-1
25167.5527	-1
25175.6211	-1
25183.6895	-1
25191.7578	-1
25199.8281	-1
25207.8984	-1
25215.9688	-1
25224.0391	-1
25232.1094	-1
25240.1797	-1
25248.2539	-1
25256.3281	-1
25264.4023	-1
25272.4766	-1
25280.5508	-1
25288.6250	-1
25296.6992	-1
25304.7734	-1
25312.8477	-1
25320.9219	-1
25328.9961	-1
25337.0703	-1
25345.1465	-1
25353.2227	-1
25361.2988	-1
25369.3750	-1
25377.4512	-1
25385.5273	-1
25393.6035	-1
25401.6797	-1
25409.7559	-1
25417.8320	-1
25425.9082	-1
25433.9844	-1
25442.0605	-1
25450.1367	-1
25458.2129	-1
25466.2891	-1
25474.3652	-1
25482.4414	-1
25490.5176	-1
25498.5938	-1
25506.6699	-1
25514.7461	-1
25522.8223	-1
25530.8984	-1
25538.9746	-1
25547.0508	-1
25555.1270	-1
25563.2031	-1
25571.2793	-1
25579.3555	-1
25587.4316	-1
25595.5078	-1
25603.5840	-1
25611.6602	-1
25619.7363	-1
25627.8125	-1
25635.8906	-1
25643.9688	-1
25652.0469	-1
25660.1250	-1
25668.2031	-1
25676.2812	-1
25684.3594	-1
25692.4375	-1
25700.5156	-1
25708.5938	-1
25716.6719	-1
25724.7500	-1
25732.8281	-1
25740.9062	-1
25748.9844	-1
25757.0625	-1
25765.1406	-1
25773.2188	-1
25781.2969	-1
25789.3750	-1
25797.4531	-1
25805.5312	-1
25813.6094	-1
25821.6875	-1
25829.7656	-1
25837.8438	-1
25845.9219	-1
25854.0000	-1
25862.0781	-1
25870.1562	-1
25878.2344	-1
25886.3125	-1
25894.3906	-1
25902.4688	-1
25910.5469	-1
25918.6250	-1
25926.7031	-1
25934.7812	-1
25942.8594	-1
25950.9375	-1
25959.0156	-1
25967.0938	-1
25975.1719	-1
25983.2500	-1
25991.3281	-1
25999.4062	-1
26007.4844	-1
26015.5625	-1
26023.6406	-1
26031.7188	-1
26039.7969	-1
26047.8750	-1
26055.9531	-1
26064.0312	-1
26072.1094	-1
26080.1875	-1
26088.2656	-1
26096.3438	-1
26104.6152	1
26112.8867	-1
26121.1582	-1
26129.4297	-1
26137.7012	-1
26145.9727	-1
26154.2441	-1
26164.7285	1
26175.2129	-1
