0.0000	0
0.0011	-1
0.1254	-2
0.1890	-2
0.3387	2
0.3846	2
0.4893	2
0.6301	2
0.6386	2
0.6601	2
0.7045	2
0.7405	2
0.7419	2
0.7675	2
0.8177	2
0.8464	2
0.8565	2
0.9997	2
1.0071	2
1.0736	2
1.0946	2
1.1515	-2
1.1557	2
1.1874	-2
1.1881	2
1.2249	2
1.3204	2
1.3822	2
1.4058	-2
1.4100	2
1.4816	2
1.5242	-2
1.5627	-2
1.6375	-2
1.6588	-2
1.7046	-2
1.7257	2
1.7566	-2
1.7647	2
1.7956	-2
1.8416	-2
1.8688	-2
1.8793	-2
1.9434	2
1.9684	-2
1.9782	2
2.1206	-2
2.1474	-2
2.1551	-2
2.1576	-2
2.1751	-2
2.1885	-2
2.1957	-2
2.2045	-2
2.2654	-2
2.3444	-2
2.4403	-2
2.5296	2
2.5305	2
2.6694	-2
2.6709	-2
2.7780	-2
2.7898	-2
2.8280	-2
2.8891	-2
3.0687	-2
3.0890	-2
3.2188	-2
3.3647	-2
3.3853	2
3.3861	-2
3.4695	-2
3.5953	-2
3.8143	-2
3.8296	-2
3.8519	-2
3.9217	-2
4.0595	-2
4.1557	-2
4.2087	-2
4.2154	-2
4.3159	-2
4.3370	-2
4.3431	-2
4.5723	-2
4.6912	-2
4.7449	-2
4.7945	-2
4.9143	-2
5.1184	-2
5.2717	-2
5.2974	-2
5.3135	-2
5.3536	-2
5.3985	-2
5.4259	-2
5.4360	-2
5.5296	-2
5.5348	-2
5.7876	-2
5.8008	-2
5.8808	-2
5.8809	-2
6.0107	1
6.2017	-2
6.5200	-2
6.7301	-2
7.1441	-2
7.4919	-2
7.7151	-2
12.2041	-1
18.4944	1
24.7878	-1
31.0814	1
37.3753	1
43.6701	-1
49.9650	-1
56.2599	-1
62.5715	1
68.8850	-1
75.1990	1
81.5130	1
87.8281	-1
94.1431	-1
100.4582	-1
106.7733	-1
113.0883	-1
119.4034	-1
125.7186	-1
132.0339	-1
138.3491	-1
144.6792	1
151.0110	-1
157.3431	1
163.6753	1
170.0088	-1
176.3422	-1
182.6757	-1
189.0091	-1
195.3426	-1
201.6760	-1
208.0096	-1
214.3432	-1
220.6768	-1
227.0103	-1
233.3439	-1
239.6775	-1
246.0115	1
252.3455	1
258.6806	-1
265.0156	-1
271.3507	-1
277.6858	-1
284.0208	-1
290.3559	-1
296.6912	-1
303.0266	-1
309.3619	-1
315.6972	-1
322.0325	-1
328.3819	1
334.7328	-1
341.0841	1
347.4355	1
353.7876	-1
360.1397	-1
366.4918	-1
372.8440	-1
379.1961	-1
385.5485	-1
391.9150	1
398.2833	-1
404.6519	1
411.0208	1
417.3909	-1
423.7610	-1
430.1311	-1
436.5013	-1
442.8714	-1
449.2416	-1
455.6118	-1
461.9821	-1
468.3524	-1
474.7227	-1
481.0929	-1
487.4632	-1
493.8341	1
500.2053	1
506.5766	1
512.9478	1
519.3208	-1
525.6938	-1
532.0668	-1
538.4398	-1
544.8127	-1
551.1857	-1
557.5588	-1
563.9319	-1
570.3051	-1
576.6782	-1
583.0513	-1
589.4244	-1
595.7982	-1
602.1721	-1
608.5459	-1
614.9197	-1
621.2936	-1
627.6674	-1
634.0413	-1
640.4152	-1
646.7891	-1
653.1630	-1
659.5369	-1
665.9108	-1
672.2849	1
678.6589	1
685.0330	1
691.4071	1
697.7830	-1
704.1588	-1
710.5347	-1
716.9105	-1
723.2864	-1
729.6622	-1
736.0385	-1
742.4148	-1
748.7911	-1
755.1674	-1
761.5436	-1
767.9199	-1
774.2963	-1
780.6728	-1
787.0493	-1
793.4257	-1
799.8022	-1
806.1786	-1
812.5552	-1
818.9318	-1
825.3084	-1
831.6850	-1
838.0756	1
844.4683	-1
850.8615	1
857.2546	1
863.6492	-1
870.0437	-1
876.4382	-1
882.8328	-1
889.2274	-1
895.6220	-1
902.0168	-1
908.4116	-1
914.8063	-1
921.2011	-1
927.6109	1
934.0228	-1
940.4352	1
946.8476	1
953.2616	-1
959.6756	-1
966.0896	-1
972.5036	-1
978.9176	-1
985.3317	-1
991.7631	1
998.1962	-1
1004.6298	1
1011.0634	1
1017.4978	-1
1023.9322	-1
1030.3666	-1
1036.8010	-1
1043.2355	-1
1049.6699	-1
1056.1044	-1
1062.5388	-1
1068.9733	-1
1075.4078	-1
1081.8424	-1
1088.2770	-1
1094.7122	1
1101.1473	1
1107.5825	1
1114.0178	1
1120.4539	-1
1126.8899	-1
1133.3259	-1
1139.7620	-1
1146.1980	-1
1152.6340	-1
1159.0703	-1
1165.5066	-1
1171.9429	-1
1178.3792	-1
1184.8154	-1
1191.2517	-1
1197.6884	-1
1204.1250	-1
1210.5616	-1
1216.9983	-1
1223.4349	-1
1229.8716	-1
1236.3086	-1
1242.7456	-1
1249.1826	-1
1255.6196	-1
1262.0566	-1
1268.4937	-1
1274.9310	1
1281.3685	1
1287.8060	1
1294.2437	1
1300.6813	1
1307.1190	1
1313.5568	1
1319.9946	1
1326.4346	-1
1332.8745	-1
1339.3145	-1
1345.7544	-1
1352.1943	-1
1358.6344	-1
1365.0746	-1
1371.5148	-1
1377.9550	-1
1384.3951	-1
1390.8353	-1
1397.2755	-1
1403.7158	-1
1410.1561	-1
1416.5964	-1
1423.0367	-1
1429.4771	-1
1435.9174	-1
1442.3578	-1
1448.7982	-1
1455.2386	-1
1461.6791	-1
1468.1195	-1
1474.5599	-1
1481.0005	-1
1487.4410	-1
1493.8816	-1
1500.3221	-1
1506.7627	-1
1513.2032	-1
1519.6439	-1
1526.0846	-1
1532.5253	-1
1538.9659	-1
1545.4066	-1
1551.8473	-1
1558.2881	-1
1564.7289	-1
1571.1697	-1
1577.6105	-1
1584.0513	-1
1590.4921	-1
1596.9330	-1
1603.3739	-1
1609.8148	-1
1616.2557	-1
1622.6967	-1
1629.1376	-1
1635.5791	1
1642.0206	1
1648.4624	1
1654.9043	1
1661.3463	1
1667.7883	1
1674.2305	1
1680.6726	1
1687.1149	1
1693.5571	1
1699.9995	1
1706.4419	1
1712.8844	1
1719.3270	1
1725.7697	1
1732.2124	1
1738.6583	-1
1745.1042	-1
1751.5502	-1
1757.9961	-1
1764.4420	-1
1770.8881	-1
1777.3342	-1
1783.7804	-1
1790.2266	-1
1796.6727	-1
1803.1189	-1
1809.5651	-1
1816.0114	-1
1822.4576	-1
1828.9039	-1
1835.3502	-1
1841.7965	-1
1848.2428	-1
1854.6892	-1
1861.1356	-1
1867.5820	-1
1874.0284	-1
1880.4749	-1
1886.9213	-1
1893.3678	-1
1899.8143	-1
1906.2609	-1
1912.7074	-1
1919.1539	-1
1925.6005	-1
1932.0471	-1
1938.4938	-1
1944.9404	-1
1951.3871	-1
1957.8337	-1
1964.2804	-1
1970.7271	-1
1977.1737	-1
1983.6205	-1
1990.0673	-1
1996.5140	-1
2002.9608	-1
2009.4077	-1
2015.8546	-1
2022.3015	-1
2028.7484	-1
2035.1953	-1
2041.6422	-1
2048.0894	-1
2054.5366	-1
2060.9839	-1
2067.4312	-1
2073.8784	-1
2080.3257	-1
2086.7729	-1
2093.2202	-1
2099.6675	-1
2106.1147	-1
2112.5620	-1
2119.0093	-1
2125.4568	-1
2131.9043	-1
2138.3518	-1
2144.7993	-1
2151.2468	-1
2157.6943	-1
2164.1418	-1
2170.5894	-1
2177.0369	-1
2183.4844	-1
2189.9319	-1
2196.3794	-1
2202.8271	-1
2209.2749	-1
2215.7227	-1
2222.1704	-1
2228.6182	-1
2235.0659	-1
2241.5139	-1
2247.9619	-1
2254.4099	-1
2260.8579	-1
2267.3059	-1
2273.7539	-1
2280.2021	-1
2286.6504	-1
2293.0986	-1
2299.5469	-1
2305.9951	-1
2312.4434	-1
2318.8921	1
2325.3408	1
2331.7898	1
2338.2390	1
2344.6882	1
2351.1375	1
2357.5869	1
2364.0364	1
2370.4858	-1
2376.9353	-1
2383.3848	-1
2389.8342	-1
2396.2837	-1
2402.7332	-1
2409.1829	1
2415.6326	1
2422.0823	1
2428.5322	1
2434.9827	1
2441.4331	1
2447.8838	1
2454.3347	1
2460.7859	1
2467.2371	1
2473.6885	1
2480.1406	-1
2486.5928	-1
2493.0449	-1
2499.4973	-1
2505.9497	-1
2512.4021	-1
2518.8545	1
2525.3074	1
2531.7603	1
2538.2131	1
2544.6660	1
2551.1189	1
2557.5720	1
2564.0251	1
2570.4783	1
2576.9336	-1
2583.3889	-1
2589.8442	-1
2596.2996	-1
2602.7549	-1
2609.2102	-1
2615.6655	-1
2622.1208	-1
2628.5762	-1
2635.0315	-1
2641.4868	-1
2647.9421	-1
2654.3977	-1
2660.8533	-1
2667.3088	-1
2673.7644	-1
2680.2200	-1
2686.6755	-1
2693.1326	1
2699.5896	1
2706.0466	1
2712.5037	1
2718.9609	1
2725.4182	1
2731.8755	1
2738.3330	1
2744.7905	1
2751.2480	1
2757.7058	1
2764.1636	1
2770.6216	-1
2777.0796	-1
2783.5376	-1
2789.9956	-1
2796.4536	-1
2802.9116	-1
2809.3699	-1
2815.8281	-1
2822.2864	-1
2828.7446	-1
2835.2029	-1
2841.6611	-1
2848.1194	-1
2854.5776	-1
2861.0359	-1
2867.4941	-1
2873.9524	-1
2880.4106	-1
2886.8691	-1
2893.3276	-1
2899.7861	-1
2906.2446	-1
2912.7031	-1
2919.1616	-1
2925.6204	-1
2932.0791	-1
2938.5378	-1
2944.9966	-1
2951.4553	-1
2957.9141	-1
2964.3730	-1
2970.8320	-1
2977.2910	-1
2983.7500	-1
2990.2090	-1
2996.6680	-1
3003.1270	-1
3009.5859	-1
3016.0449	-1
3022.5039	-1
3028.9629	-1
3035.4219	-1
3041.8811	-1
3048.3403	-1
3054.7996	-1
3061.2588	-1
3067.7180	-1
3074.1772	-1
3080.6367	-1
3087.0962	-1
3093.5557	-1
3100.0151	-1
3106.4746	-1
3112.9341	-1
3119.3936	-1
3125.8530	-1
3132.3125	-1
3138.7720	-1
3145.2314	-1
3151.6909	-1
3158.1521	-1
3164.6133	-1
3171.0745	-1
3177.5356	-1
3183.9968	-1
3190.4580	-1
3196.9194	-1
3203.3809	-1
3209.8423	-1
3216.3037	-1
3222.7651	-1
3229.2266	-1
3235.6882	1
3242.1501	1
3248.6121	1
3255.0742	1
3261.5364	1
3267.9988	1
3274.4612	1
3280.9236	1
3287.3860	1
3293.8484	1
3300.3108	1
3306.7737	-1
3313.2366	-1
3319.6995	-1
3326.1624	-1
3332.6252	-1
3339.0881	-1
3345.5510	-1
3352.0142	-1
3358.4773	-1
3364.9404	-1
3371.4036	-1
3377.8667	-1
3384.3298	-1
3390.7930	-1
3397.2561	-1
3403.7192	-1
3410.1824	-1
3416.6455	-1
3423.1089	-1
3429.5723	-1
3436.0356	-1
3442.4990	-1
3448.9624	-1
3455.4258	-1
3461.8894	-1
3468.3530	-1
3474.8167	-1
3481.2803	-1
3487.7439	-1
3494.2075	-1
3500.6711	-1
3507.1348	-1
3513.5984	-1
3520.0623	-1
3526.5261	-1
3532.9900	-1
3539.4539	-1
3545.9177	-1
3552.3816	-1
3558.8455	-1
3565.3093	-1
3571.7732	-1
3578.2383	-1
3584.7034	-1
3591.1685	-1
3597.6335	-1
3604.0986	-1
3610.5637	-1
3617.0295	-1
3623.4956	-1
3629.9617	-1
3636.4277	-1
3642.8938	-1
3649.3599	-1
3655.8264	-1
3662.2930	-1
3668.7595	-1
3675.2261	-1
3681.6926	-1
3688.1592	-1
3694.6267	-1
3701.0942	-1
3707.5618	-1
3714.0293	-1
3720.4968	-1
3726.9644	-1
3733.4333	-1
3739.9023	-1
3746.3716	-1
3752.8408	-1
3759.3101	-1
3765.7793	-1
3772.2485	-1
3778.7178	-1
3785.1870	-1
3791.6562	-1
3798.1255	-1
3804.5947	-1
3811.0642	-1
3817.5337	-1
3824.0032	-1
3830.4727	-1
3836.9421	-1
3843.4116	-1
3849.8811	-1
3856.3506	-1
3862.8201	-1
3869.2896	-1
3875.7590	-1
3882.2285	-1
3888.6990	-1
3895.1694	-1
3901.6399	-1
3908.1104	-1
3914.5808	-1
3921.0513	-1
3927.5232	-1
3933.9951	-1
3940.4670	-1
3946.9390	-1
3953.4109	-1
3959.8828	-1
3966.3550	-1
3972.8271	-1
3979.2993	-1
3985.7715	-1
3992.2437	-1
3998.7158	-1
4005.1880	-1
4011.6602	-1
4018.1323	-1
4024.6045	-1
4031.0767	-1
4037.5488	-1
4044.0212	-1
4050.4937	-1
4056.9661	-1
4063.4385	-1
4069.9109	-1
4076.3833	-1
4082.8557	-1
4089.3281	-1
4095.8005	-1
4102.2729	-1
4108.7456	-1
4115.2183	-1
4121.6909	-1
4128.1636	-1
4134.6362	-1
4141.1089	-1
4147.5815	-1
4154.0542	-1
4160.5269	-1
4166.9995	-1
4173.4722	-1
4179.9448	-1
4186.4175	-1
4192.8901	-1
4199.3633	-1
4205.8364	-1
4212.3096	-1
4218.7827	-1
4225.2559	-1
4231.7290	-1
4238.2021	-1
4244.6753	-1
4251.1484	-1
4257.6216	-1
4264.0947	-1
4270.5679	-1
4277.0410	-1
4283.5142	-1
4289.9873	-1
4296.4604	-1
4302.9336	-1
4309.4067	-1
4315.8799	-1
4322.3530	-1
4328.8262	-1
4335.2993	-1
4341.7725	-1
4348.2456	-1
4354.7192	-1
4361.1929	-1
4367.6665	-1
4374.1401	-1
4380.6138	-1
4387.0874	-1
4393.5610	-1
4400.0347	-1
4406.5083	-1
4412.9819	-1
4419.4556	-1
4425.9292	-1
4432.4028	-1
4438.8765	-1
4445.3501	-1
4451.8237	-1
4458.2974	-1
4464.7710	-1
4471.2456	-1
4477.7202	-1
4484.1948	-1
4490.6694	-1
4497.1440	-1
4503.6187	-1
4510.0933	-1
4516.5679	-1
4523.0425	-1
4529.5171	-1
4535.9917	-1
4542.4663	-1
4548.9414	-1
4555.4165	-1
4561.8916	-1
4568.3667	-1
4574.8418	-1
4581.3169	-1
4587.7925	-1
4594.2681	-1
4600.7437	-1
4607.2192	-1
4613.6948	-1
4620.1704	-1
4626.6465	-1
4633.1226	-1
4639.5986	-1
4646.0747	-1
4652.5659	1
4659.0586	-1
4665.5518	1
4672.0449	1
4678.5396	-1
4685.0342	-1
4691.5288	-1
4698.0234	-1
4704.5181	-1
4711.0127	-1
4717.5073	-1
4724.0020	-1
4730.4966	-1
4736.9912	-1
4743.4858	-1
4749.9805	-1
4756.4756	1
4762.9707	1
4769.4658	1
4775.9614	1
4782.4585	-1
4788.9556	-1
4795.4526	-1
4801.9497	-1
4808.4468	-1
4814.9438	-1
4821.4414	-1
4827.9390	-1
4834.4365	-1
4840.9341	-1
4847.4316	-1
4853.9292	-1
4860.4268	-1
4866.9243	-1
4873.4219	-1
4879.9194	-1
4886.4170	-1
4892.9146	-1
4899.4126	-1
4905.9106	-1
4912.4087	-1
4918.9067	-1
4925.4048	-1
4931.9028	-1
4938.4014	1
4944.8999	1
4951.3984	1
4957.8970	1
4964.3955	1
4970.8940	1
4977.3926	1
4983.8911	1
4990.3916	-1
4996.8921	-1
5003.3926	-1
5009.8931	-1
5016.3936	-1
5022.8940	-1
5029.3950	-1
5035.8960	-1
5042.3970	-1
5048.8979	-1
5055.3989	-1
5061.8999	-1
5068.4014	-1
5074.9028	-1
5081.4043	-1
5087.9058	-1
5094.4072	-1
5100.9087	-1
5107.4102	1
5113.9116	1
5120.4131	1
5126.9150	1
5133.4175	1
5139.9199	-1
5146.4224	-1
5152.9248	-1
5159.4272	-1
5165.9297	-1
5172.4321	-1
5178.9351	1
5185.4385	-1
5191.9419	-1
5198.4453	-1
5204.9487	-1
5211.4521	-1
5217.9556	-1
5224.4590	-1
5230.9624	-1
5237.4658	-1
5243.9692	-1
5250.4727	-1
5256.9761	-1
5263.4795	-1
5269.9829	-1
5276.4863	-1
5282.9897	-1
5289.4932	-1
5295.9966	-1
5302.5000	-1
5309.0034	-1
5315.5068	-1
5322.0103	-1
5328.5137	-1
5335.0171	-1
5341.5210	1
5348.0249	1
5354.5298	1
5361.0347	1
5367.5400	1
5374.0454	1
5380.5508	1
5387.0562	1
5393.5615	1
5400.0669	1
5406.5732	-1
5413.0796	-1
5419.5859	-1
5426.0923	-1
5432.5986	-1
5439.1050	-1
5445.6128	1
5452.1206	1
5458.6299	-1
5465.1392	-1
5471.6484	-1
5478.1577	-1
5484.6670	-1
5491.1763	-1
5497.6855	-1
5504.1948	-1
5510.7041	-1
5517.2134	-1
5523.7227	-1
5530.2319	-1
5536.7412	-1
5543.2505	-1
5549.7598	-1
5556.2690	-1
5562.7783	-1
5569.2876	-1
5575.7974	-1
5582.3071	-1
5588.8169	-1
5595.3267	-1
5601.8364	-1
5608.3462	-1
5614.8560	-1
5621.3657	-1
5627.8755	-1
5634.3853	-1
5640.8950	-1
5647.4048	-1
5653.9146	-1
5660.4243	-1
5666.9341	-1
5673.4438	-1
5679.9536	-1
5686.4634	-1
5692.9736	-1
5699.4839	-1
5705.9941	-1
5712.5044	-1
5719.0146	-1
5725.5249	-1
5732.0352	-1
5738.5454	-1
5745.0557	-1
5751.5659	-1
5758.0762	-1
5764.5864	-1
5771.0967	-1
5777.6069	-1
5784.1172	-1
5790.6274	-1
5797.1377	-1
5803.6479	-1
5810.1582	-1
5816.6685	-1
5823.1787	-1
5829.6890	-1
5836.1992	-1
5842.7100	-1
5849.2207	-1
5855.7314	-1
5862.2422	-1
5868.7529	-1
5875.2637	-1
5881.7744	-1
5888.2871	1
5894.7998	1
5901.3130	1
5907.8262	1
5914.3394	1
5920.8525	1
5927.3657	1
5933.8789	1
5940.3921	1
5946.9053	1
5953.4185	1
5959.9316	1
5966.4448	1
5972.9585	-1
5979.4722	-1
5985.9858	-1
5992.4995	-1
5999.0132	-1
6005.5269	-1
6012.0405	-1
6018.5542	-1
6025.0679	-1
6031.5815	-1
6038.0952	-1
6044.6089	-1
6051.1230	-1
6057.6372	-1
6064.1514	-1
6070.6655	-1
6077.1797	-1
6083.6938	-1
6090.2080	-1
6096.7222	-1
6103.2363	-1
6109.7505	-1
6116.2646	-1
6122.7788	-1
6129.2935	-1
6135.8081	-1
6142.3228	-1
6148.8374	-1
6155.3521	-1
6161.8667	-1
6168.3813	-1
6174.8960	-1
6181.4106	-1
6187.9253	-1
6194.4399	-1
6200.9546	-1
6207.4712	-1
6213.9883	-1
6220.5054	-1
6227.0225	-1
6233.5396	-1
6240.0566	-1
6246.5737	-1
6253.0908	-1
6259.6079	-1
6266.1250	-1
6272.6421	-1
6279.1592	-1
6285.6772	-1
6292.1953	-1
6298.7134	-1
6305.2314	-1
6311.7495	-1
6318.2676	-1
6324.7861	-1
6331.3047	-1
6337.8232	-1
6344.3418	-1
6350.8604	-1
6357.3789	-1
6363.8984	-1
6370.4180	-1
6376.9375	-1
6383.4570	-1
6389.9766	-1
6396.4961	-1
6403.0166	-1
6409.5371	-1
6416.0576	-1
6422.5781	-1
6429.0986	-1
6435.6191	-1
6442.1396	-1
6448.6602	-1
6455.1807	-1
6461.7012	-1
6468.2217	-1
6474.7422	-1
6481.2632	-1
6487.7842	-1
6494.3052	-1
6500.8262	-1
6507.3472	-1
6513.8682	-1
6520.3892	-1
6526.9102	-1
6533.4312	-1
6539.9521	-1
6546.4731	-1
6552.9941	-1
6559.5151	-1
6566.0361	-1
6572.5571	-1
6579.0781	-1
6585.5991	-1
6592.1201	-1
6598.6411	-1
6605.1621	-1
6611.6831	-1
6618.2041	-1
6624.7251	-1
6631.2461	-1
6637.7676	-1
6644.2891	-1
6650.8105	-1
6657.3320	-1
6663.8535	-1
6670.3750	-1
6676.8965	-1
6683.4180	-1
6689.9395	-1
6696.4609	-1
6702.9956	1
6709.5317	-1
6716.0684	1
6722.6050	1
6729.1431	-1
6735.6812	-1
6742.2192	-1
6748.7573	-1
6755.2954	-1
6761.8335	-1
6768.3716	-1
6774.9097	-1
6781.4609	1
6788.0137	-1
6794.5669	1
6801.1201	1
6807.6738	-1
6814.2275	-1
6820.7812	-1
6827.3350	-1
6833.8887	-1
6840.4424	-1
6846.9961	-1
6853.5498	-1
6860.1035	-1
6866.6572	-1
6873.2109	-1
6879.7646	-1
6886.3188	1
6892.8740	-1
6899.4292	-1
6905.9844	-1
6912.5396	-1
6919.0947	-1
6925.6499	-1
6932.2183	1
6938.7881	-1
6945.3584	1
6951.9287	1
6958.5000	-1
6965.0713	-1
6971.6426	-1
6978.2139	-1
6984.7852	-1
6991.3564	-1
6997.9277	-1
7004.4990	-1
7011.0703	-1
7017.6416	-1
7024.2129	-1
7030.7974	1
7037.3833	-1
7043.9692	1
7050.5557	1
7057.1426	-1
7063.7295	-1
7070.3164	-1
7076.9033	-1
7083.4902	-1
7090.0771	-1
7096.6641	-1
7103.2510	-1
7109.8379	-1
7116.4248	-1
7123.0117	-1
7129.5986	-1
7136.1860	1
7142.7734	1
7149.3608	1
7155.9487	1
7162.5371	-1
7169.1255	-1
7175.7139	-1
7182.3022	-1
7188.8906	-1
7195.4790	-1
7202.0674	-1
7208.6558	-1
7215.2441	-1
7221.8325	-1
7228.4209	-1
7235.0093	-1
7241.5981	1
7248.1870	1
7254.7764	-1
7261.3657	-1
7267.9551	-1
7274.5444	-1
7281.1338	-1
7287.7231	-1
7294.3125	1
7300.9019	1
7307.4912	-1
7314.0806	-1
7320.6699	-1
7327.2593	-1
7333.8486	-1
7340.4380	-1
7347.0278	1
7353.6177	1
7360.2075	1
7366.7974	1
7373.3877	-1
7379.9780	-1
7386.5684	-1
7393.1587	-1
7399.7490	-1
7406.3394	-1
7412.9307	-1
7419.5220	-1
7426.1133	-1
7432.7046	-1
7439.2959	-1
7445.8872	-1
7452.4790	1
7459.0708	1
7465.6626	1
7472.2544	1
7478.8462	-1
7485.4380	-1
7492.0298	-1
7498.6216	-1
7505.2134	-1
7511.8052	-1
7518.3975	-1
7524.9897	-1
7531.5820	-1
7538.1743	-1
7544.7666	-1
7551.3589	-1
7557.9512	-1
7564.5435	-1
7571.1357	-1
7577.7280	-1
7584.3203	-1
7590.9126	-1
7597.5049	-1
7604.0972	-1
7610.6895	-1
7617.2817	-1
7623.8740	-1
7630.4663	-1
7637.0591	1
7643.6519	-1
7650.2446	-1
7656.8374	-1
7663.4302	-1
7670.0229	-1
7676.6157	-1
7683.2085	1
7689.8013	1
7696.3940	1
7702.9868	-1
7709.5796	-1
7716.1724	-1
7722.7651	-1
7729.3579	-1
7735.9507	-1
7742.5444	1
7749.1382	1
7755.7319	1
7762.3257	1
7768.9194	1
7775.5132	1
7782.1069	1
7788.7007	1
7795.2964	-1
7801.8921	-1
7808.4878	-1
7815.0835	-1
7821.6792	-1
7828.2749	-1
7834.8711	-1
7841.4673	-1
7848.0635	-1
7854.6597	-1
7861.2559	-1
7867.8521	-1
7874.4482	-1
7881.0444	-1
7887.6406	-1
7894.2368	-1
7900.8330	-1
7907.4292	-1
7914.0254	-1
7920.6216	-1
7927.2178	-1
7933.8140	-1
7940.4102	-1
7947.0063	-1
7953.6025	-1
7960.1987	-1
7966.7949	-1
7973.3911	-1
7979.9873	-1
7986.5835	-1
7993.1802	-1
7999.7769	-1
8006.3735	-1
8012.9702	-1
8019.5669	-1
8026.1636	-1
8032.7603	-1
8039.3569	-1
8045.9536	-1
8052.5503	-1
8059.1470	-1
8065.7437	-1
8072.3403	-1
8078.9370	-1
8085.5337	-1
8092.1304	-1
8098.7271	-1
8105.3237	-1
8111.9209	1
8118.5181	1
8125.1152	1
8131.7124	1
8138.3105	-1
8144.9087	-1
8151.5068	-1
8158.1050	-1
8164.7031	-1
8171.3013	-1
8177.8994	-1
8184.4976	-1
8191.0957	-1
8197.6934	-1
8204.2920	-1
8210.8906	-1
8217.4893	-1
8224.0879	-1
8230.6865	-1
8237.2852	-1
8243.8838	-1
8250.4824	-1
8257.0811	-1
8263.6797	-1
8270.2783	-1
8276.8770	-1
8283.4756	-1
8290.0742	-1
8296.6729	-1
8303.2715	-1
8309.8701	-1
8316.4688	-1
8323.0674	-1
8329.6660	-1
8336.2656	-1
8342.8652	-1
8349.4648	-1
8356.0645	-1
8362.6641	-1
8369.2637	-1
8375.8633	-1
8382.4629	-1
8389.0625	-1
8395.6621	-1
8402.2617	-1
8408.8613	-1
8415.4609	-1
8422.0605	-1
8428.6602	-1
8435.2598	-1
8441.8594	-1
8448.4590	-1
8455.0596	-1
8461.6602	-1
8468.2607	-1
8474.8613	-1
8481.4619	-1
8488.0625	-1
8494.6631	-1
8501.2637	-1
8507.8643	-1
8514.4648	-1
8521.0654	-1
8527.6660	-1
8534.2666	-1
8540.8672	-1
8547.4678	-1
8554.0684	-1
8560.6689	-1
8567.2695	-1
8573.8701	-1
8580.4707	-1
8587.0850	1
8593.7012	-1
8600.3174	1
8606.9336	1
8613.5508	-1
8620.1680	-1
8626.7852	-1
8633.4160	1
8640.0488	-1
8646.6816	1
8653.3145	1
8659.9482	-1
8666.5820	-1
8673.2158	-1
8679.8496	-1
8686.4834	-1
8693.1309	1
8699.7803	-1
8706.4297	1
8713.0791	1
8719.7295	-1
8726.3799	-1
8733.0303	-1
8739.6807	-1
8746.3311	-1
8752.9814	-1
8759.6318	-1
8766.2822	-1
8772.9326	-1
8779.5830	-1
8786.2334	-1
8792.8838	-1
8799.5352	1
8806.1865	1
8812.8379	-1
8819.4893	-1
8826.1406	-1
8832.7930	-1
8839.4453	-1
8846.0977	-1
8852.7500	-1
8859.4023	-1
8866.0684	1
8872.7354	-1
8879.4033	1
8886.0713	1
8892.7393	-1
8899.4072	-1
8906.0752	-1
8912.7432	-1
8919.4111	-1
8926.0791	-1
8932.7471	-1
8939.4150	-1
8946.0830	-1
8952.7510	-1
8959.4189	-1
8966.0869	-1
8972.7559	1
8979.4248	1
8986.0938	1
8992.7627	1
8999.4326	-1
9006.1025	-1
9012.7725	-1
9019.4424	-1
9026.1123	-1
9032.7822	-1
9039.4521	-1
9046.1221	-1
9052.7920	-1
9059.4619	-1
9066.1318	-1
9072.8018	-1
9079.4717	-1
9086.1416	-1
9092.8115	-1
9099.4814	-1
9106.1514	-1
9112.8213	-1
9119.4912	-1
9126.1611	-1
9132.8311	-1
9139.5010	-1
9146.1709	-1
9152.8408	-1
9159.5117	1
9166.1826	1
9172.8535	1
9179.5244	1
9186.1953	1
9192.8662	1
9199.5371	1
9206.2080	1
9212.8809	-1
9219.5537	-1
9226.2266	-1
9232.8994	-1
9239.5723	-1
9246.2451	-1
9252.9180	-1
9259.5908	-1
9266.2637	-1
9272.9365	-1
9279.6094	-1
9286.2822	-1
9292.9551	-1
9299.6279	-1
9306.3008	-1
9312.9736	-1
9319.6465	-1
9326.3193	-1
9332.9922	-1
9339.6650	-1
9346.3379	-1
9353.0107	-1
9359.6836	-1
9366.3564	-1
9373.0303	-1
9379.7041	-1
9386.3779	-1
9393.0518	-1
9399.7256	-1
9406.3994	-1
9413.0732	-1
9419.7471	-1
9426.4209	-1
9433.0947	-1
9439.7686	-1
9446.4424	-1
9453.1162	-1
9459.7900	-1
9466.4639	-1
9473.1377	-1
9479.8115	-1
9486.4854	-1
9493.1592	-1
9499.8330	-1
9506.5068	-1
9513.1807	-1
9519.8545	-1
9526.5283	-1
9533.2021	1
9539.8770	1
9546.5518	1
9553.2266	1
9559.9014	-1
9566.5762	-1
9573.2510	-1
9579.9258	-1
9586.6006	-1
9593.2754	-1
9599.9502	1
9606.6260	1
9613.3018	-1
9619.9775	-1
9626.6533	-1
9633.3291	-1
9640.0049	-1
9646.6807	-1
9653.3564	1
9660.0322	1
9666.7080	1
9673.3848	1
9680.0615	-1
9686.7383	-1
9693.4150	-1
9700.0918	-1
9706.7686	-1
9713.4453	-1
9720.1221	-1
9726.7988	-1
9733.4756	-1
9740.1523	-1
9746.8291	-1
9753.5059	-1
9760.1826	-1
9766.8594	-1
9773.5361	-1
9780.2129	-1
9786.8896	-1
9793.5664	-1
9800.2432	-1
9806.9199	-1
9813.5967	-1
9820.2734	-1
9826.9502	-1
9833.6270	-1
9840.3057	-1
9846.9844	-1
9853.6631	-1
9860.3418	-1
9867.0205	-1
9873.6992	-1
9880.3779	-1
9887.0566	-1
9893.7354	-1
9900.4141	-1
9907.0928	-1
9913.7715	-1
9920.4502	-1
9927.1289	-1
9933.8076	-1
9940.4863	-1
9947.1650	-1
9953.8438	-1
9960.5225	-1
9967.2012	-1
9973.8799	-1
9980.5713	1
9987.2646	-1
9993.9580	1
10000.6514	1
10007.3457	-1
10014.0400	-1
10020.7344	-1
10027.4287	-1
10034.1230	-1
10040.8174	-1
10047.5117	-1
10054.2061	-1
10060.9131	1
10067.6211	-1
10074.3301	1
10081.0391	1
10087.7490	-1
10094.4590	-1
10101.1689	-1
10107.8789	-1
10114.5889	-1
10121.2988	-1
10128.0088	-1
10134.7314	1
10141.4551	-1
10148.1797	1
10154.9043	1
10161.6299	-1
10168.3555	-1
10175.0811	-1
10181.8066	-1
10188.5322	-1
10195.2705	1
10202.0107	-1
10208.7510	1
10215.4912	1
10222.2324	-1
10228.9736	-1
10235.7148	-1
10242.4561	-1
10249.1973	-1
10255.9385	-1
10262.6797	-1
10269.4209	-1
10276.1621	-1
10282.9033	-1
10289.6445	-1
10296.3857	-1
10303.1279	1
10309.8701	1
10316.6123	1
10323.3545	1
10330.0977	-1
10336.8408	-1
10343.5840	-1
10350.3271	-1
10357.0703	-1
10363.8135	-1
10370.5566	-1
10377.2998	-1
10384.0430	-1
10390.7861	-1
10397.5293	-1
10404.2725	-1
10411.0156	-1
10417.7588	-1
10424.5020	-1
10431.2451	-1
10437.9883	-1
10444.7314	-1
10451.4746	-1
10458.2178	-1
10464.9609	-1
10471.7041	-1
10478.4473	-1
10485.1904	-1
10491.9336	1
10498.6777	1
10505.4219	1
10512.1660	1
10518.9102	1
10525.6543	1
10532.3984	1
10539.1426	1
10545.8877	-1
10552.6328	-1
10559.3779	-1
10566.1230	-1
10572.8682	-1
10579.6133	-1
10586.3584	-1
10593.1035	-1
10599.8486	-1
10606.5938	-1
10613.3389	-1
10620.0840	-1
10626.8291	1
10633.5742	1
10640.3193	1
10647.0645	1
10653.8115	-1
10660.5586	-1
10667.3057	-1
10674.0527	-1
10680.7998	-1
10687.5469	-1
10694.2939	-1
10701.0410	-1
10707.7881	-1
10714.5352	-1
10721.2822	-1
10728.0293	-1
10734.7764	-1
10741.5234	-1
10748.2705	-1
10755.0176	-1
10761.7646	-1
10768.5117	-1
10775.2598	1
10782.0078	1
10788.7559	1
10795.5039	-1
10802.2520	-1
10809.0000	-1
10815.7480	-1
10822.4961	-1
10829.2441	-1
10835.9922	-1
10842.7402	-1
10849.4883	-1
10856.2363	-1
10862.9844	-1
10869.7324	-1
10876.4814	-1
10883.2305	-1
10889.9795	-1
10896.7285	-1
10903.4775	-1
10910.2266	-1
10916.9756	-1
10923.7246	-1
10930.4736	-1
10937.2227	-1
10943.9717	-1
10950.7207	-1
10957.4697	-1
10964.2188	-1
10970.9678	-1
10977.7168	-1
10984.4658	-1
10991.2148	-1
10997.9639	-1
11004.7129	-1
11011.4619	-1
11018.2109	-1
11024.9600	-1
11031.7090	-1
11038.4580	-1
11045.2070	-1
11051.9561	-1
11058.7051	-1
11065.4541	-1
11072.2031	-1
11078.9521	-1
11085.7012	-1
11092.4502	-1
11099.1992	-1
11105.9482	-1
11112.6973	-1
11119.4463	-1
11126.1953	-1
11132.9443	-1
11139.6934	-1
11146.4424	-1
11153.1914	-1
11159.9424	-1
11166.6934	-1
11173.4443	-1
11180.1953	-1
11186.9463	-1
11193.7109	1
11200.4766	-1
11207.2432	1
11214.0098	1
11220.7773	-1
11227.5449	-1
11234.3125	-1
11241.0801	-1
11247.8477	-1
11254.6152	-1
11261.3828	-1
11268.1504	-1
11274.9180	-1
11281.6855	-1
11288.4531	-1
11295.2207	-1
11301.9883	1
11308.7559	1
11315.5234	1
11322.2910	1
11329.0596	-1
11335.8281	-1
11342.5967	-1
11349.3652	-1
11356.1338	-1
11362.9023	-1
11369.6709	-1
11376.4395	-1
11383.2080	-1
11389.9766	-1
11396.7451	-1
11403.5137	-1
11410.2832	-1
11417.0527	-1
11423.8223	-1
11430.5918	-1
11437.3613	-1
11444.1309	-1
11450.9004	-1
11457.6699	-1
11464.4395	-1
11471.2090	-1
11477.9785	-1
11484.7480	-1
11491.5176	1
11498.2871	1
11505.0566	1
11511.8262	1
11518.5957	1
11525.3652	1
11532.1348	1
11538.9043	1
11545.6748	-1
11552.4453	-1
11559.2158	-1
11565.9863	-1
11572.7568	-1
11579.5273	-1
11586.2979	-1
11593.0684	-1
11599.8389	-1
11606.6094	-1
11613.3799	-1
11620.1504	-1
11626.9209	-1
11633.6914	-1
11640.4619	-1
11647.2324	-1
11654.0029	-1
11660.7734	-1
11667.5449	1
11674.3164	1
11681.0879	1
11687.8594	1
11694.6309	1
11701.4023	1
11708.1748	-1
11714.9473	-1
11721.7197	-1
11728.4922	-1
11735.2646	-1
11742.0371	-1
11748.8096	-1
11755.5820	-1
11762.3545	-1
11769.1270	-1
11775.8994	-1
11782.6719	-1
11789.4443	-1
11796.2168	-1
11802.9893	-1
11809.7617	-1
11816.5342	-1
11823.3066	-1
11830.0801	-1
11836.8535	-1
11843.6270	-1
11850.4004	-1
11857.1738	-1
11863.9473	-1
11870.7207	-1
11877.4941	-1
11884.2676	-1
11891.0410	-1
11897.8145	-1
11904.5879	-1
11911.3623	1
11918.1367	1
11924.9111	1
11931.6855	-1
11938.4600	-1
11945.2344	-1
11952.0088	-1
11958.7832	-1
11965.5576	-1
11972.3320	-1
11979.1064	-1
11985.8809	-1
11992.6553	-1
11999.4297	-1
12006.2041	-1
12012.9795	-1
12019.7549	-1
12026.5303	-1
12033.3057	-1
12040.0811	-1
12046.8564	-1
12053.6318	-1
12060.4072	-1
12067.1826	-1
12073.9590	-1
12080.7354	-1
12087.5117	-1
12094.2881	-1
12101.0645	-1
12107.8408	-1
12114.6172	-1
12121.3936	-1
12128.1699	-1
12134.9463	-1
12141.7227	-1
12148.4990	-1
12155.2754	-1
12162.0518	-1
12168.8281	-1
12175.6045	-1
12182.3809	-1
12189.1572	-1
12195.9336	-1
12202.7100	-1
12209.4863	-1
12216.2627	-1
12223.0391	-1
12229.8154	-1
12236.5918	-1
12243.3682	-1
12250.1445	-1
12256.9209	-1
12263.6973	-1
12270.4736	-1
12277.2500	-1
12284.0400	1
12290.8311	-1
12297.6230	1
12304.4150	1
12311.2080	-1
12318.0010	-1
12324.7939	-1
12331.5869	-1
12338.3799	-1
12345.1729	-1
12351.9658	-1
12358.7588	-1
12365.5518	-1
12372.3447	-1
12379.1377	-1
12385.9307	-1
12392.7236	1
12399.5176	1
12406.3115	1
12413.1055	1
12419.9004	-1
12426.6953	-1
12433.4902	-1
12440.2852	-1
12447.0801	-1
12453.8750	-1
12460.6699	1
12467.4648	1
12474.2607	-1
12481.0566	-1
12487.8525	-1
12494.6484	-1
12501.4443	-1
12508.2402	-1
12515.0361	1
12521.8320	1
12528.6279	-1
12535.4238	-1
12542.2197	-1
12549.0156	-1
12555.8115	-1
12562.6074	-1
12569.4033	-1
12576.1992	-1
12582.9951	-1
12589.7920	-1
12596.5889	-1
12603.3857	-1
12610.1826	-1
12616.9795	-1
12623.7764	-1
12630.5732	-1
12637.3701	-1
12644.1670	-1
12650.9639	1
12657.7607	1
12664.5586	-1
12671.3564	-1
12678.1543	-1
12684.9521	-1
12691.7500	-1
12698.5479	-1
12705.3457	1
12712.1436	1
12718.9424	-1
12725.7412	-1
12732.5400	-1
12739.3389	-1
12746.1377	-1
12752.9365	-1
12759.7354	1
12766.5342	1
12773.3330	1
12780.1318	1
12786.9307	1
12793.7295	1
12800.5293	-1
12807.3291	-1
12814.1289	-1
12820.9287	-1
12827.7285	-1
12834.5283	-1
12841.3281	-1
12848.1279	-1
12854.9277	-1
12861.7275	-1
12868.5273	-1
12875.3271	-1
12882.1279	-1
12888.9287	-1
12895.7295	-1
12902.5303	-1
12909.3311	-1
12916.1318	-1
12922.9326	-1
12929.7334	-1
12936.5342	-1
12943.3350	-1
12950.1357	-1
12956.9365	-1
12963.7383	1
12970.5400	1
12977.3418	1
12984.1436	1
12990.9453	1
12997.7471	1
13004.5488	1
13011.3506	1
13018.1543	-1
13024.9580	-1
13031.7617	-1
13038.5654	-1
13045.3691	-1
13052.1729	-1
13058.9766	-1
13065.7803	-1
13072.5840	-1
13079.3877	-1
13086.1914	-1
13092.9951	-1
13099.7988	-1
13106.6025	-1
13113.4062	-1
13120.2100	-1
13127.0137	-1
13133.8174	-1
13140.6211	-1
13147.4248	-1
13154.2285	-1
13161.0322	-1
13167.8359	-1
13174.6396	-1
13181.4434	-1
13188.2480	-1
13195.0527	-1
13201.8574	-1
13208.6621	-1
13215.4668	-1
13222.2725	1
13229.0781	1
13235.8838	1
13242.6895	1
13249.4951	1
13256.3008	1
13263.1064	1
13269.9121	1
13276.7178	1
13283.5234	1
13290.3291	-1
13297.1348	-1
13303.9404	-1
13310.7461	-1
13317.5518	-1
13324.3574	-1
13331.1641	-1
13337.9707	-1
13344.7773	-1
13351.5840	-1
13358.3906	-1
13365.1973	-1
13372.0039	-1
13378.8105	-1
13385.6172	-1
13392.4238	-1
13399.2305	-1
13406.0371	-1
13412.8447	1
13419.6523	1
13426.4600	1
13433.2676	1
13440.0752	1
13446.8828	1
13453.6914	-1
13460.5000	-1
13467.3086	-1
13474.1172	-1
13480.9258	-1
13487.7344	-1
13494.5430	-1
13501.3516	-1
13508.1602	-1
13514.9688	-1
13521.7773	-1
13528.5859	-1
13535.3945	1
13542.2031	1
13549.0117	1
13555.8213	1
13562.6309	-1
13569.4404	-1
13576.2500	-1
13583.0596	-1
13589.8691	-1
13596.6787	-1
13603.4883	-1
13610.2979	-1
13617.1074	-1
13623.9170	-1
13630.7266	-1
13637.5361	-1
13644.3457	-1
13651.1553	-1
13657.9648	-1
13664.7744	-1
13671.5840	-1
13678.3936	-1
13685.2031	-1
13692.0127	-1
13698.8223	-1
13705.6318	-1
13712.4414	-1
13719.2510	-1
13726.0605	-1
13732.8701	-1
13739.6797	-1
13746.4893	-1
13753.2988	-1
13760.1084	-1
13766.9199	1
13773.7314	1
13780.5430	1
13787.3545	1
13794.1660	1
13800.9775	1
13807.7891	1
13814.6006	1
13821.4121	1
13828.2236	1
13835.0381	-1
13841.8525	-1
13848.6670	-1
13855.4814	-1
13862.2959	-1
13869.1104	-1
13875.9258	-1
13882.7412	-1
13889.5566	-1
13896.3721	-1
13903.1875	-1
13910.0029	-1
13916.8184	-1
13923.6338	-1
13930.4492	-1
13937.2646	-1
13944.0801	-1
13950.8955	-1
13957.7109	-1
13964.5264	-1
13971.3418	-1
13978.1572	-1
13984.9727	-1
13991.7881	-1
13998.6045	-1
14005.4209	-1
14012.2373	-1
14019.0537	-1
14025.8701	-1
14032.6865	-1
14039.5029	-1
14046.3193	-1
14053.1357	-1
14059.9521	-1
14066.7686	-1
14073.5850	-1
14080.4014	-1
14087.2178	-1
14094.0342	-1
14100.8506	-1
14107.6670	-1
14114.4834	-1
14121.2998	-1
14128.1162	-1
14134.9326	-1
14141.7490	-1
14148.5654	-1
14155.3818	-1
14162.1992	1
14169.0166	1
14175.8340	-1
14182.6514	-1
14189.4688	-1
14196.2861	-1
14203.1035	-1
14209.9209	-1
14216.7383	-1
14223.5557	-1
14230.3730	-1
14237.1904	-1
14244.0078	-1
14250.8252	-1
14257.6426	-1
14264.4600	-1
14271.2773	-1
14278.0947	-1
14284.9121	-1
14291.7295	-1
14298.5498	1
14305.3701	-1
14312.1904	-1
14319.0107	-1
14325.8311	-1
14332.6514	-1
14339.4717	-1
14346.2920	-1
14353.1123	-1
14359.9326	-1
14366.7529	-1
14373.5732	-1
14380.3936	-1
14387.2139	-1
14394.0342	-1
14400.8545	-1
14407.6748	-1
14414.4951	-1
14421.3154	-1
14428.1357	-1
14434.9561	-1
14441.7764	-1
14448.5967	-1
14455.4170	-1
14462.2373	-1
14469.0576	-1
14475.8779	-1
14482.6982	-1
14489.5186	-1
14496.3389	-1
14503.1592	-1
14509.9805	-1
14516.8018	-1
14523.6230	-1
14530.4443	-1
14537.2656	-1
14544.0869	-1
14550.9082	-1
14557.7295	-1
14564.5508	-1
14571.3721	-1
14578.1934	-1
14585.0146	-1
14591.8359	-1
14598.6572	-1
14605.4785	-1
14612.2998	-1
14619.1211	-1
14625.9424	-1
14632.7637	1
14639.5850	1
14646.4062	1
14653.2275	1
14660.0488	1
14666.8701	1
14673.6914	1
14680.5127	1
14687.3340	1
14694.1553	1
14700.9766	1
14707.7988	1
14714.6211	1
14721.4434	1
14728.2656	1
14735.0879	1
14741.9102	1
14748.7324	1
14755.5547	1
14762.3799	1
14769.2051	1
14776.0303	1
14782.8555	1
14789.6807	1
14796.5059	1
14803.3311	1
14810.1562	1
14816.9814	1
14823.8066	1
14830.6318	1
14837.4570	1
14844.2822	1
14851.1074	1
14857.9326	1
14864.7578	1
14871.5840	-1
14878.4102	-1
14885.2363	-1
14892.0625	-1
14898.8887	-1
14905.7148	-1
14912.5410	-1
14919.3672	-1
14926.1934	-1
14933.0195	-1
14939.8457	-1
14946.6719	-1
14953.4980	-1
14960.3242	-1
14967.1504	-1
14973.9766	-1
14980.8027	-1
14987.6289	-1
14994.4551	-1
15001.2812	-1
15008.1074	-1
15014.9336	-1
15021.7598	-1
15028.5859	-1
15035.4131	-1
15042.2402	-1
15049.0674	-1
15055.8945	-1
15062.7217	-1
15069.5488	-1
15076.3760	-1
15083.2031	-1
15090.0303	-1
15096.8574	-1
15103.6846	-1
15110.5117	-1
15117.3389	-1
15124.1660	-1
15130.9932	-1
15137.8203	-1
15144.6475	-1
15151.4746	-1
15158.3018	-1
15165.1289	-1
15171.9561	-1
15178.7832	-1
15185.6104	-1
15192.4375	-1
15199.2646	-1
15206.0918	-1
15212.9189	-1
15219.7461	-1
15226.5732	-1
15233.4004	-1
15240.2285	-1
15247.0566	-1
15253.8848	-1
15260.7129	-1
15267.5410	-1
15274.3691	-1
15281.1992	-1
15288.0293	-1
15294.8594	-1
15301.6895	-1
15308.5195	-1
15315.3496	-1
15322.1816	1
15329.0137	1
15335.8457	1
15342.6777	1
15349.5098	1
15356.3418	1
15363.1738	1
15370.0059	1
15376.8379	1
15383.6709	1
15390.5039	1
15397.3369	1
15404.1699	1
15411.0029	1
15417.8359	-1
15424.6689	-1
15431.5020	-1
15438.3350	-1
15445.1680	-1
15452.0010	-1
15458.8350	1
15465.6699	-1
15472.5049	-1
15479.3398	-1
15486.1748	-1
15493.0098	-1
15499.8447	-1
15506.6826	-1
15513.5205	-1
15520.3584	-1
15527.1963	-1
15534.0342	-1
15540.8721	-1
15547.7100	-1
15554.5479	-1
15561.3857	-1
15568.2236	-1
15575.0615	-1
15581.8994	-1
15588.7373	-1
15595.5752	-1
15602.4131	-1
15609.2510	-1
15616.0889	-1
15622.9268	-1
15629.7646	-1
15636.6025	-1
15643.4404	-1
15650.2783	-1
15657.1162	-1
15663.9541	-1
15670.7920	-1
15677.6299	-1
15684.4678	-1
15691.3057	-1
15698.1436	-1
15704.9814	-1
15711.8203	-1
15718.6592	-1
15725.4980	-1
15732.3369	-1
15739.1758	-1
15746.0146	-1
15752.8535	-1
15759.6924	-1
15766.5312	-1
15773.3701	-1
15780.2090	-1
15787.0479	-1
15793.8867	-1
15800.7256	-1
15807.5645	-1
15814.4033	-1
15821.2422	-1
15828.0811	-1
15834.9209	-1
15841.7607	-1
15848.6006	-1
15855.4404	-1
15862.2803	-1
15869.1201	-1
15875.9600	-1
15882.7998	-1
15889.6396	-1
15896.4795	-1
15903.3193	-1
15910.1592	-1
15917.0010	-1
15923.8428	-1
15930.6846	-1
15937.5264	-1
15944.3682	-1
15951.2100	-1
15958.0518	-1
15964.8936	-1
15971.7354	-1
15978.5771	-1
15985.4189	-1
15992.2607	-1
15999.1025	-1
16005.9443	-1
16012.7861	-1
16019.6279	-1
16026.4697	-1
16033.3115	-1
16040.1533	-1
16046.9951	-1
16053.8369	-1
16060.6787	-1
16067.5205	-1
16074.3623	-1
16081.2061	-1
16088.0498	-1
16094.8936	-1
16101.7373	-1
16108.5811	-1
16115.4248	-1
16122.2686	-1
16129.1123	-1
16135.9561	-1
16142.7998	-1
16149.6436	-1
16156.4873	-1
16163.3320	-1
16170.1768	-1
16177.0215	-1
16183.8662	-1
16190.7109	-1
16197.5557	-1
16204.4004	-1
16211.2451	-1
16218.0898	-1
16224.9346	-1
16231.7793	-1
16238.6240	-1
16245.4688	-1
16252.3135	-1
16259.1582	-1
16266.0029	-1
16272.8477	-1
16279.6924	-1
16286.5381	-1
16293.3838	-1
16300.2295	-1
16307.0752	-1
16313.9209	-1
16320.7666	-1
16327.6133	-1
16334.4600	-1
16341.3066	-1
16348.1533	-1
16355.0000	-1
16361.8467	-1
16368.6934	-1
16375.5400	-1
16382.3867	-1
16389.2344	-1
16396.0820	-1
16402.9297	-1
16409.7773	-1
16416.6250	-1
16423.4727	-1
16430.3203	-1
16437.1680	-1
16444.0156	-1
16450.8652	-1
16457.7148	-1
16464.5645	-1
16471.4141	-1
16478.2637	-1
16485.1133	-1
16491.9629	-1
16498.8125	-1
16505.6621	-1
16512.5117	-1
16519.3613	-1
16526.2109	-1
16533.0605	-1
16539.9102	-1
16546.7598	-1
16553.6094	-1
16560.4590	-1
16567.3086	-1
16574.1582	-1
16581.0078	-1
16587.8574	-1
16594.7070	-1
16601.5566	-1
16608.4062	-1
16615.2559	-1
16622.1055	-1
16628.9551	-1
16635.8047	-1
16642.6543	-1
16649.5039	-1
16656.3535	-1
16663.2031	-1
16670.0527	-1
16676.9023	-1
16683.7520	-1
16690.6016	-1
16697.4512	-1
16704.3008	-1
16711.1504	-1
16718.0000	-1
16724.8496	-1
16731.6992	-1
16738.5527	-1
16745.4062	-1
16752.2598	-1
16759.1133	-1
16765.9668	-1
16772.8203	-1
16779.6738	-1
16786.5273	-1
16793.3809	-1
16800.2344	-1
16807.0879	-1
16813.9414	-1
16820.7949	-1
16827.6484	-1
16834.5020	-1
16841.3555	-1
16848.2090	-1
16855.0625	-1
16861.9160	-1
16868.7695	-1
16875.6230	-1
16882.4766	-1
16889.3301	-1
16896.1836	-1
16903.0371	-1
16909.8906	-1
16916.7441	-1
16923.5977	-1
16930.4512	-1
16937.3047	-1
16944.1582	-1
16951.0117	-1
16957.8652	-1
16964.7188	-1
16971.5723	-1
16978.4258	-1
16985.2793	-1
16992.1328	-1
16998.9863	-1
17005.8398	-1
17012.6934	-1
17019.5469	-1
17026.4004	-1
17033.2539	-1
17040.1074	-1
17046.9609	-1
17053.8145	-1
17060.6680	-1
17067.5215	-1
17074.3750	-1
17081.2285	-1
17088.0820	-1
17094.9355	-1
17101.7891	-1
17108.6426	-1
17115.4961	-1
17122.3496	-1
17129.2031	-1
17136.0566	-1
17142.9121	-1
17149.7676	-1
17156.6230	-1
17163.4785	-1
17170.3340	-1
17177.1895	-1
17184.0449	-1
17190.9004	-1
17197.7559	-1
17204.6113	-1
17211.4668	-1
17218.3223	-1
17225.1777	-1
17232.0332	-1
17238.8887	-1
17245.7441	-1
17252.5996	-1
17259.4551	-1
17266.3105	-1
17273.1660	-1
17280.0215	-1
17286.8770	-1
17293.7324	-1
17300.5879	-1
17307.4434	-1
17314.2988	-1
17321.1543	-1
17328.0098	-1
17334.8652	-1
17341.7207	-1
17348.5762	-1
17355.4316	-1
17362.2871	-1
17369.1426	-1
17375.9980	-1
17382.8535	-1
17389.7090	-1
17396.5664	-1
17403.4238	-1
17410.2812	-1
17417.1387	-1
17423.9961	-1
17430.8535	-1
17437.7109	-1
17444.5684	-1
17451.4258	-1
17458.4434	1
17465.4629	-1
17472.4824	-1
17479.5020	-1
17486.5215	-1
17493.5410	-1
17500.5605	-1
17507.5879	1
17514.6152	1
17521.6445	-1
17528.6738	-1
17535.7031	-1
17542.7324	-1
17549.7617	-1
17556.7910	-1
17563.8203	-1
17570.8496	-1
17577.8789	-1
17584.9082	-1
17591.9375	-1
17598.9668	-1
17606.0098	1
17613.0547	-1
17620.0996	1
17627.1445	1
17634.1895	-1
17641.2344	-1
17648.2793	-1
17655.3242	-1
17662.3691	-1
17669.4141	-1
17676.4590	-1
17683.5039	-1
17690.5488	-1
17697.5938	-1
17704.6387	-1
17711.6836	-1
17718.7305	1
17725.7773	1
17732.8242	1
17739.8711	1
17746.9180	-1
17753.9648	-1
17761.0117	-1
17768.0586	-1
17775.1055	-1
17782.1523	-1
17789.1992	-1
17796.2461	-1
17803.2930	-1
17810.3398	-1
17817.3867	-1
17824.4336	-1
17831.4805	-1
17838.5273	-1
17845.5742	-1
17852.6211	-1
17859.6680	-1
17866.7148	-1
17873.7617	-1
17880.8086	-1
17887.8555	-1
17894.9023	-1
17901.9492	-1
17908.9961	-1
17916.0449	1
17923.0938	1
17930.1426	1
17937.1914	1
17944.2402	1
17951.2891	1
17958.3379	1
17965.3867	1
17972.4355	-1
17979.4844	-1
17986.5332	-1
17993.5820	-1
18000.6309	-1
18007.6797	-1
18014.7285	-1
18021.7773	-1
18028.8262	-1
18035.8750	-1
18042.9238	-1
18049.9727	-1
18057.0234	-1
18064.0742	-1
18071.1250	-1
18078.1758	-1
18085.2266	-1
18092.2773	-1
18099.3281	-1
18106.3789	-1
18113.4297	-1
18120.4805	-1
18127.5312	-1
18134.5820	-1
18141.6328	-1
18148.6836	-1
18155.7344	-1
18162.7852	-1
18169.8359	-1
18176.8867	-1
18183.9375	-1
18190.9883	-1
18198.0391	-1
18205.0898	-1
18212.1406	-1
18219.1914	-1
18226.2422	-1
18233.2930	-1
18240.3438	-1
18247.3945	-1
18254.4453	-1
18261.4961	-1
18268.5469	-1
18275.5977	-1
18282.6484	-1
18289.6992	-1
18296.7500	-1
18303.8008	-1
18310.8516	1
18317.9023	1
18324.9531	1
18332.0039	1
18339.0547	1
18346.1055	1
18353.1562	1
18360.2070	1
18367.2578	1
18374.3086	1
18381.3594	1
18388.4121	1
18395.4648	1
18402.5176	1
18409.5703	1
18416.6230	1
18423.6777	-1
18430.7324	-1
18437.7871	-1
18444.8418	-1
18451.8965	-1
18458.9512	-1
18466.0059	-1
18473.0605	-1
18480.1152	-1
18487.1699	-1
18494.2246	-1
18501.2793	-1
18508.3340	-1
18515.3887	-1
18522.4434	-1
18529.4980	-1
18536.5527	-1
18543.6074	-1
18550.6621	-1
18557.7168	-1
18564.7715	-1
18571.8262	-1
18578.8809	-1
18585.9355	-1
18592.9902	-1
18600.0449	-1
18607.0996	-1
18614.1543	-1
18621.2090	-1
18628.2637	-1
18635.3184	-1
18642.3730	-1
18649.4277	-1
18656.4824	-1
18663.5371	-1
18670.5918	-1
18677.6465	-1
18684.7012	-1
18691.7559	-1
18698.8105	-1
18705.8652	-1
18712.9199	-1
18719.9746	-1
18727.0293	-1
18734.0840	-1
18741.1387	-1
18748.1934	-1
18755.2480	-1
18762.3027	-1
18769.3574	-1
18776.4121	-1
18783.4668	-1
18790.5215	-1
18797.5762	-1
18804.6328	-1
18811.6895	-1
18818.7461	-1
18825.8027	-1
18832.8594	-1
18839.9160	-1
18846.9727	-1
18854.0293	-1
18861.0859	-1
18868.1426	-1
18875.1992	-1
18882.2559	-1
18889.3125	-1
18896.3691	-1
18903.4258	-1
18910.4824	-1
18917.5391	-1
18924.5957	-1
18931.6523	-1
18938.7090	-1
18945.7656	-1
18952.8223	-1
18959.8789	-1
18966.9355	-1
18973.9922	-1
18981.0488	-1
18988.1055	-1
18995.1621	-1
19002.2188	-1
19009.2754	-1
19016.3320	-1
19023.3887	-1
19030.4453	-1
19037.5020	-1
19044.5586	-1
19051.6152	-1
19058.6719	-1
19065.7285	-1
19072.7852	-1
19079.8418	-1
19086.8984	-1
19093.9551	-1
19101.0117	1
19108.0684	1
19115.1250	1
19122.1816	1
19129.2383	1
19136.2969	1
19143.3555	1
19150.4141	1
19157.4727	1
19164.5312	1
19171.5898	1
19178.6484	1
19185.7070	1
19192.7656	1
19199.8242	1
19206.8828	1
19213.9414	1
19221.0000	1
19228.0586	1
19235.1172	1
19242.1758	1
19249.2344	1
19256.2930	1
19263.3535	1
19270.4141	1
19277.4746	1
19284.5352	1
19291.5957	1
19298.6562	1
19305.7168	1
19312.7773	1
19319.8379	1
19326.9004	-1
19333.9629	-1
19341.0254	-1
19348.0879	-1
19355.1504	-1
19362.2129	-1
19369.2754	-1
19376.3379	-1
19383.4004	-1
19390.4629	-1
19397.5254	-1
19404.5879	-1
19411.6504	-1
19418.7129	-1
19425.7754	-1
19432.8379	-1
19439.9004	-1
19446.9629	-1
19454.0254	-1
19461.0879	-1
19468.1504	-1
19475.2129	-1
19482.2754	-1
19489.3379	-1
19496.4004	-1
19503.4629	-1
19510.5254	-1
19517.5879	-1
19524.6504	-1
19531.7129	-1
19538.7754	-1
19545.8379	-1
19552.9004	-1
19559.9629	-1
19567.0254	-1
19574.0879	-1
19581.1504	-1
19588.2129	-1
19595.2754	-1
19602.3379	-1
19609.4004	-1
19616.4629	-1
19623.5254	-1
19630.5879	-1
19637.6504	-1
19644.7129	-1
19651.7754	-1
19658.8379	-1
19665.9043	-1
19672.9707	-1
19680.0371	-1
19687.1035	-1
19694.1699	-1
19701.2363	-1
19708.3027	-1
19715.3691	-1
19722.4355	-1
19729.5020	-1
19736.5684	-1
19743.6348	-1
19750.7012	-1
19757.7676	-1
19764.8340	-1
19771.9004	-1
19778.9668	-1
19786.0332	-1
19793.0996	-1
19800.1660	-1
19807.2324	-1
19814.2988	-1
19821.3652	-1
19828.4316	-1
19835.4980	-1
19842.5645	-1
19849.6309	-1
19856.6973	-1
19863.7637	-1
19870.8301	-1
19877.8984	-1
19884.9668	-1
19892.0352	-1
19899.1035	-1
19906.1719	-1
19913.2402	-1
19920.3086	-1
19927.3770	-1
19934.4453	-1
19941.5137	-1
19948.5820	-1
19955.6504	-1
19962.7188	-1
19969.7871	-1
19976.8555	-1
19983.9238	-1
19990.9922	-1
19998.0605	-1
20005.1289	-1
20012.1973	-1
20019.2656	-1
20026.3340	-1
20033.4023	-1
20040.4707	-1
20047.5391	-1
20054.6074	-1
20061.6758	-1
20068.7441	-1
20075.8125	-1
20082.8809	-1
20089.9492	-1
20097.0176	-1
20104.0859	-1
20111.1543	-1
20118.2227	-1
20125.2910	-1
20132.3594	-1
20139.4277	-1
20146.4961	-1
20153.5645	-1
20160.6328	-1
20167.7012	-1
20174.7695	-1
20181.8379	-1
20188.9062	-1
20195.9746	-1
20203.0430	-1
20210.1113	-1
20217.1797	-1
20224.2480	-1
20231.3164	-1
20238.3848	-1
20245.4531	-1
20252.5215	-1
20259.5898	-1
20266.6582	-1
20273.7266	-1
20280.7949	-1
20287.8633	-1
20294.9316	-1
20302.0000	-1
20309.0684	-1
20316.1367	-1
20323.2051	-1
20330.2734	-1
20337.3418	-1
20344.4102	-1
20351.4785	-1
20358.5469	-1
20365.6152	-1
20372.6836	-1
20379.7520	-1
20387.0195	1
20394.2871	1
20401.5566	1
20408.8262	1
20416.0957	1
20423.3652	1
20430.6348	1
20437.9043	-1
20445.1738	-1
20452.4434	-1
20459.7129	-1
20466.9824	-1
20474.2520	-1
20481.5215	-1
20488.7910	-1
20496.0605	-1
20503.3301	-1
20510.5996	-1
20517.8691	-1
20525.1387	-1
20532.4082	-1
20539.6777	-1
20546.9473	-1
20554.2168	-1
20561.4863	-1
20568.7559	-1
20576.0254	-1
20583.2949	-1
20590.5664	-1
20597.8379	-1
20605.1094	-1
20612.3809	-1
20619.6523	-1
20626.9238	-1
20634.1953	-1
20641.4668	-1
20648.7383	-1
20656.0098	-1
20663.2812	-1
20670.5527	-1
20677.8242	-1
20685.0957	-1
20692.3672	-1
20699.6387	-1
20706.9102	-1
20714.1816	-1
20721.4648	1
20728.7500	-1
20736.0371	1
20743.3242	1
20750.6113	-1
20757.8984	-1
20765.1855	-1
20772.4727	-1
20779.7598	-1
20787.0469	-1
20794.3340	-1
20801.6211	-1
20808.9082	-1
20816.1953	-1
20823.4824	-1
20830.7695	-1
20838.0566	1
20845.3438	1
20852.6309	1
20859.9180	1
20867.2070	-1
20874.4961	-1
20881.7852	-1
20889.0742	-1
20896.3633	-1
20903.6523	-1
20910.9414	-1
20918.2305	-1
20925.5195	-1
20932.8086	-1
20940.0977	-1
20947.3867	-1
20954.6758	-1
20961.9648	-1
20969.2539	-1
20976.5430	-1
20983.8320	-1
20991.1211	-1
20998.4102	-1
21005.6992	-1
21012.9883	-1
21020.2773	-1
21027.5664	-1
21034.8555	-1
21042.1445	1
21049.4336	1
21056.7227	1
21064.0117	1
21071.3008	1
21078.5898	1
21085.8789	1
21093.1680	1
21100.4590	-1
21107.7500	-1
21115.0410	-1
21122.3320	-1
21129.6230	-1
21136.9141	-1
21144.2051	-1
21151.4961	-1
21158.7871	-1
21166.0781	-1
21173.3691	-1
21180.6602	-1
21187.9512	-1
21195.2422	-1
21202.5332	-1
21209.8242	-1
21217.1152	-1
21224.4062	-1
21231.6973	-1
21238.9883	-1
21246.2793	-1
21253.5703	-1
21260.8613	-1
21268.1523	-1
21275.4453	1
21282.7383	1
21290.0312	-1
21297.3242	-1
21304.6172	-1
21311.9102	-1
21319.2031	-1
21326.4961	-1
21333.7891	-1
21341.0820	-1
21348.3750	-1
21355.6680	-1
21362.9609	-1
21370.2539	-1
21377.5469	-1
21384.8398	-1
21392.1328	-1
21399.4258	-1
21406.7188	-1
21414.0117	-1
21421.3047	-1
21428.5977	-1
21435.8906	-1
21443.1836	-1
21450.4766	-1
21457.7695	-1
21465.0625	1
21472.3555	1
21479.6484	1
21486.9414	1
21494.2344	1
21501.5273	1
21508.8203	1
21516.1133	1
21523.4062	1
21530.6992	1
21537.9922	1
21545.2852	1
21552.5781	1
21559.8711	-1
21567.1641	1
21574.4570	-1
21581.7500	-1
21589.0430	-1
21596.3359	-1
21603.6289	-1
21610.9238	-1
21618.2188	-1
21625.5137	-1
21632.8086	-1
21640.1035	-1
21647.3984	-1
21654.6934	-1
21661.9883	-1
21669.2832	-1
21676.5781	-1
21683.8730	-1
21691.1680	-1
21698.4629	1
21705.7578	1
21713.0527	1
21720.3477	1
21727.6445	-1
21734.9414	-1
21742.2383	-1
21749.5352	-1
21756.8320	-1
21764.1289	-1
21771.4258	-1
21778.7227	-1
21786.0195	-1
21793.3164	-1
21800.6133	-1
21807.9102	-1
21815.2070	-1
21822.5039	-1
21829.8008	-1
21837.0977	-1
21844.3945	-1
21851.6914	-1
21858.9883	-1
21866.2852	-1
21873.5820	-1
21880.8789	-1
21888.1758	-1
21895.4727	-1
21902.7695	-1
21910.0664	-1
21917.3633	-1
21924.6602	-1
21931.9570	-1
21939.2539	-1
21946.5508	-1
21953.8477	-1
21961.1445	-1
21968.4414	-1
21975.7383	-1
21983.0352	-1
21990.3340	-1
21997.6328	-1
22004.9316	-1
22012.2305	-1
22019.5293	-1
22026.8281	-1
22034.1270	-1
22041.4258	-1
22048.7246	-1
22056.0234	-1
22063.3223	-1
22070.6211	-1
22077.9199	-1
22085.2188	-1
22092.5176	-1
22099.8164	-1
22107.1152	-1
22114.4141	-1
22121.7129	-1
22129.0117	-1
22136.3105	-1
22143.6094	-1
22150.9082	-1
22158.2070	-1
22165.5059	-1
22172.8047	-1
22180.1035	-1
22187.4023	-1
22194.7012	-1
22202.0000	-1
22209.2988	-1
22216.5977	-1
22223.8965	-1
22231.1953	-1
22238.4941	-1
22245.7930	-1
22253.0918	-1
22260.3906	-1
22267.6895	-1
22274.9883	-1
22282.2871	-1
22289.5859	-1
22296.8848	1
22304.1836	1
22311.4824	1
22318.7812	1
22326.0801	1
22333.3789	1
22340.6777	1
22347.9766	1
22355.2754	1
22362.5742	1
22369.8750	1
22377.1758	1
22384.4766	1
22391.7773	1
22399.0781	-1
22406.3789	-1
22413.6797	-1
22420.9805	-1
22428.2812	-1
22435.5820	-1
22442.8828	1
22450.1836	1
22457.4844	-1
22464.7852	-1
22472.0859	-1
22479.3867	-1
22486.6875	-1
22493.9883	-1
22501.2891	1
22508.5898	1
22515.8906	-1
22523.1914	-1
22530.4922	-1
22537.7930	-1
22545.0938	-1
22552.3945	-1
22559.6953	1
22566.9961	1
22574.2969	1
22581.5977	-1
22588.8984	-1
22596.1992	1
22603.5000	-1
22610.8008	-1
22618.1016	-1
22625.4023	-1
22632.7051	-1
22640.0078	-1
22647.3105	-1
22654.6133	-1
22661.9160	-1
22669.2188	-1
22676.5215	-1
22683.8242	-1
22691.1270	-1
22698.4297	-1
22705.7324	-1
22713.0352	-1
22720.3398	-1
22727.6445	-1
22734.9492	-1
22742.2539	-1
22749.5586	-1
22756.8633	-1
22764.1680	-1
22771.4727	-1
22778.7773	-1
22786.0820	-1
22793.3867	-1
22800.6914	-1
22807.9961	-1
22815.3008	-1
22822.6055	-1
22829.9102	-1
22837.2148	-1
22844.5195	-1
22851.8242	-1
22859.1289	-1
22866.4336	-1
22873.7383	-1
22881.0430	-1
22888.3477	-1
22895.6523	-1
22902.9570	-1
22910.2617	-1
22917.5664	-1
22924.8711	-1
22932.1758	-1
22939.4805	-1
22946.7852	-1
22954.0898	-1
22961.3945	-1
22968.6992	-1
22976.0039	-1
22983.3105	-1
22990.6172	-1
22997.9238	-1
23005.2305	-1
23012.5371	-1
23019.8438	-1
23027.1504	-1
23034.4570	-1
23041.7637	-1
23049.0703	-1
23056.3770	-1
23063.6836	-1
23070.9902	-1
23078.2969	-1
23085.6035	-1
23092.9102	-1
23100.2168	-1
23107.5234	-1
23114.8301	-1
23122.1367	-1
23129.4434	-1
23136.7500	-1
23144.0566	-1
23151.3633	-1
23158.6699	-1
23165.9766	-1
23173.2832	-1
23180.5898	-1
23187.8965	-1
23195.2031	-1
23202.5098	-1
23209.8164	-1
23217.1230	-1
23224.4297	-1
23231.7363	-1
23239.0430	-1
23246.3516	-1
23253.6602	-1
23260.9688	-1
23268.2773	-1
23275.5859	-1
23282.8945	-1
23290.2031	-1
23297.5117	-1
23304.8203	-1
23312.1289	-1
23319.4375	-1
23326.7461	-1
23334.0547	-1
23341.3633	-1
23348.6719	-1
23355.9805	-1
23363.2891	-1
23370.5977	-1
23377.9062	-1
23385.2148	-1
23392.5234	-1
23399.8320	-1
23407.1406	-1
23414.4492	-1
23421.7578	-1
23429.0664	-1
23436.3750	-1
23443.6836	-1
23450.9922	-1
23458.3008	-1
23465.6094	-1
23472.9180	-1
23480.2266	-1
23487.5352	-1
23494.8438	-1
23502.1523	-1
23509.4609	-1
23516.7695	-1
23524.0781	-1
23531.3867	-1
23538.6953	-1
23546.0039	-1
23553.3125	-1
23560.6211	-1
23567.9297	-1
23575.2520	1
23582.5762	-1
23589.9004	1
23597.2246	1
23604.5508	-1
23611.8770	-1
23619.2031	-1
23626.5293	-1
23633.8555	-1
23641.1816	-1
23648.5078	-1
23655.8340	-1
23663.1602	-1
23670.4863	-1
23677.8125	-1
23685.1387	-1
23692.4648	1
23699.7910	1
23707.1172	1
23714.4434	1
23721.7715	-1
23729.0996	-1
23736.4277	-1
23743.7559	-1
23751.0840	-1
23758.4121	-1
23765.7402	-1
23773.0684	-1
23780.3965	-1
23787.7246	-1
23795.0527	-1
23802.3809	-1
23809.7090	-1
23817.0371	-1
23824.3652	-1
23831.6934	-1
23839.0215	-1
23846.3496	-1
23853.6777	-1
23861.0059	-1
23868.3340	-1
23875.6621	-1
23882.9902	-1
23890.3184	-1
23897.6484	1
23904.9785	1
23912.3086	1
23919.6387	1
23926.9688	1
23934.2988	1
23941.6289	1
23948.9590	1
23956.2910	-1
23963.6230	-1
23970.9551	-1
23978.2871	-1
23985.6191	-1
23992.9512	-1
24000.2832	1
24007.6152	1
24014.9473	-1
24022.2793	-1
24029.6113	-1
24036.9434	-1
24044.2754	-1
24051.6074	-1
24058.9414	-1
24066.2754	-1
24073.6094	-1
24080.9434	-1
24088.2773	-1
24095.6113	-1
24102.9453	-1
24110.2793	-1
24117.6133	-1
24124.9473	-1
24132.2812	-1
24139.6152	-1
24146.9492	-1
24154.2832	-1
24161.6172	-1
24168.9512	-1
24176.2852	-1
24183.6191	-1
24190.9531	-1
24198.2871	-1
24205.6211	-1
24212.9551	-1
24220.2891	-1
24227.6230	-1
24234.9570	-1
24242.2910	-1
24249.6250	-1
24256.9590	-1
24264.2930	-1
24271.6270	-1
24278.9609	-1
24286.2949	-1
24293.6289	-1
24300.9629	-1
24308.2969	-1
24315.6309	-1
24322.9668	1
24330.3027	-1
24337.6387	-1
24344.9746	1
24352.3105	-1
24359.6465	-1
24366.9824	-1
24374.3184	-1
24381.6543	1
24388.9902	1
24396.3262	-1
24403.6621	-1
24410.9980	-1
24418.3340	-1
24425.6699	-1
24433.0059	-1
24440.3418	1
24447.6777	1
24455.0137	1
24462.3496	1
24469.6855	1
24477.0215	1
24484.3574	1
24491.6934	1
24499.0293	1
24506.3652	1
24513.7012	1
24521.0371	1
24528.3730	1
24535.7090	1
24543.0469	-1
24550.3848	-1
24557.7227	-1
24565.0605	-1
24572.3984	-1
24579.7363	-1
24587.0742	1
24594.4121	1
24601.7500	-1
24609.0879	-1
24616.4258	-1
24623.7637	-1
24631.1016	-1
24638.4395	-1
24645.7793	1
24653.1191	1
24660.4590	-1
24667.7988	-1
24675.1387	-1
24682.4785	-1
24689.8184	-1
24697.1582	-1
24704.4980	-1
24711.8379	-1
24719.1777	-1
24726.5176	-1
24733.8574	-1
24741.1973	-1
24748.5391	-1
24755.8809	-1
24763.2227	-1
24770.5645	-1
24777.9062	-1
24785.2480	-1
24792.5898	1
24799.9316	1
24807.2734	1
24814.6152	1
24821.9570	1
24829.2988	1
24836.6426	-1
24843.9863	-1
24851.3301	-1
24858.6738	-1
24866.0176	-1
24873.3613	-1
24880.7070	-1
24888.0527	-1
24895.3984	-1
24902.7441	-1
24910.0898	-1
24917.4355	-1
24924.7812	-1
24932.1270	-1
24939.4727	-1
24946.8184	-1
24954.1641	-1
24961.5098	-1
24968.8555	-1
24976.2012	-1
24983.5469	-1
24990.8926	-1
24998.2383	-1
25005.5840	-1
25012.9297	-1
25020.2754	-1
25027.6211	-1
25034.9668	-1
25042.3125	-1
25049.6582	-1
25057.0039	-1
25064.3496	-1
25071.6953	-1
25079.0410	-1
25086.3867	-1
25093.7324	-1
25101.0781	-1
25108.4238	-1
25115.7695	-1
25123.1152	-1
25130.4609	-1
25137.8066	-1
25145.1523	-1
25152.4980	-1
25159.8438	-1
25167.1895	-1
25174.5352	-1
25181.8809	-1
25189.2266	1
25196.5723	1
25203.9199	1
25211.2676	1
25218.6152	1
25225.9629	1
25233.3105	1
25240.6582	1
25248.0059	1
25255.3535	1
25262.7012	1
25270.0488	1
25277.3965	1
25284.7461	1
25292.0957	1
25299.4453	1
25306.7949	-1
25314.1445	-1
25321.4941	-1
25328.8438	-1
25336.1934	-1
25343.5430	-1
25350.8926	-1
25358.2422	-1
25365.5918	-1
25372.9414	-1
25380.2910	-1
25387.6406	-1
25394.9902	-1
25402.3398	-1
25409.6895	-1
25417.0391	-1
25424.3887	-1
25431.7383	-1
25439.0879	-1
25446.4375	-1
25453.7871	-1
25461.1367	-1
25468.4863	-1
25475.8359	-1
25483.1855	-1
25490.5352	-1
25497.8848	-1
25505.2344	-1
25512.5840	-1
25519.9336	-1
25527.2832	1
25534.6328	1
25541.9844	1
25549.3359	1
25556.6875	1
25564.0391	1
25571.3906	1
25578.7422	1
25586.0938	1
25593.4453	1
25600.7969	-1
25608.1484	-1
25615.5000	-1
25622.8516	-1
25630.2031	-1
25637.5547	-1
25644.9062	-1
25652.2578	-1
25659.6094	-1
25666.9609	-1
25674.3125	-1
25681.6641	-1
25689.0156	-1
25696.3672	-1
25703.7188	-1
25711.0703	-1
25718.4219	-1
25725.7734	-1
25733.1250	-1
25740.4766	-1
25747.8281	-1
25755.1797	-1
25762.5312	-1
25769.8828	-1
25777.2344	1
25784.5859	-1
25791.9375	-1
25799.2891	-1
25806.6406	-1
25813.9922	-1
25821.3438	-1
25828.6973	-1
25836.0508	-1
25843.4043	-1
25850.7578	-1
25858.1113	-1
25865.4648	-1
25872.8184	-1
25880.1719	-1
25887.5254	-1
25894.8789	-1
25902.2324	-1
25909.5859	-1
25916.9414	-1
25924.2969	-1
25931.6523	-1
25939.0078	-1
25946.3633	-1
25953.7188	-1
25961.0742	-1
25968.4297	-1
25975.7852	-1
25983.1406	-1
25990.4961	-1
25997.8516	-1
26005.2070	-1
26012.5625	-1
26019.9180	-1
26027.2734	-1
26034.6289	-1
26041.9844	-1
26049.3418	-1
26056.6992	-1
26064.0566	-1
26071.4141	-1
26078.7715	-1
26086.1289	-1
26093.4863	-1
26100.8438	-1
26108.2012	-1
26115.5586	-1
26122.9160	-1
26130.2734	-1
26137.6309	-1
26144.9883	-1
26152.3457	-1
26159.7031	-1
26167.0605	-1
26174.4180	-1
26181.7754	-1
26189.1328	-1
26196.4902	-1
26203.8477	-1
26211.2051	-1
26218.5625	-1
26225.9199	-1
26233.2773	-1
26240.6348	-1
26247.9922	-1
26255.3496	-1
26262.7070	-1
26270.0664	-1
26277.4258	-1
26284.7852	-1
26292.1445	-1
26299.5039	-1
26306.8633	-1
26314.2227	-1
26321.5820	-1
26328.9414	-1
26336.3008	-1
26343.6602	-1
26351.0195	-1
26358.3789	-1
26365.7383	-1
26373.0977	-1
26380.4570	-1
26387.8164	-1
26395.1758	-1
26402.5371	-1
26409.8984	-1
26417.2598	-1
26424.6211	-1
26431.9824	-1
26439.3438	-1
26446.7051	-1
26454.0664	-1
26461.4277	-1
26468.7891	-1
26476.1504	-1
26483.5117	-1
26490.8730	-1
26498.2344	-1
26505.5957	-1
26512.9570	-1
26520.3184	-1
26527.6797	-1
26535.0410	-1
26542.4023	-1
26549.7637	-1
26557.1250	-1
26564.4863	-1
26571.8477	-1
26579.2109	-1
26586.5742	-1
26593.9375	-1
26601.3008	-1
26608.6641	-1
26616.0273	-1
26623.3906	-1
26630.7539	-1
26638.1172	-1
26645.4805	-1
26652.8438	-1
26660.2070	-1
26667.5703	-1
26674.9336	-1
26682.2969	-1
26689.6602	-1
26697.0234	-1
26704.3867	-1
26711.7500	-1
26719.1133	-1
26726.4766	-1
26733.8398	-1
26741.2031	-1
26748.5664	-1
26755.9316	-1
26763.2969	-1
26770.6621	-1
26778.0273	-1
26785.3926	-1
26792.7578	-1
26800.1230	-1
26807.4883	-1
26814.8535	-1
26822.2188	-1
26829.5840	-1
26836.9492	-1
26844.3145	-1
26851.6797	-1
26859.0449	-1
26866.4102	-1
26873.7754	-1
26881.1406	-1
26888.5059	-1
26895.8711	-1
26903.2363	-1
26910.6016	-1
26917.9668	-1
26925.3320	-1
26932.6992	-1
26940.0664	-1
26947.4336	-1
26954.8008	-1
26962.1680	-1
26969.5352	-1
26976.9023	-1
26984.2695	-1
26991.6367	-1
26999.0039	-1
27006.3711	-1
27013.7383	-1
27021.1055	-1
27028.4727	-1
27035.8398	-1
27043.2070	-1
27050.5742	-1
27057.9414	-1
27065.3086	-1
27072.6758	-1
27080.0430	-1
27087.4102	-1
27094.7773	-1
27102.1445	-1
27109.5117	-1
27116.8789	-1
27124.2461	-1
27131.6133	-1
27138.9805	-1
27146.3477	-1
27153.7148	-1
27161.0820	-1
27168.4492	-1
27175.8164	-1
27183.1836	-1
27190.5508	-1
27197.9180	-1
27205.2988	1
27212.6816	-1
27220.0645	1
27227.4473	1
27234.8320	-1
27242.2168	-1
27249.6016	-1
27256.9863	-1
27264.3711	-1
27271.7559	-1
27279.1406	-1
27286.5254	-1
27293.9102	-1
27301.2949	-1
27308.6797	-1
27316.0645	-1
27323.4492	1
27330.8340	1
27338.2188	1
27345.6035	1
27352.9902	-1
27360.3770	-1
27367.7637	-1
27375.1504	-1
27382.5371	-1
27389.9238	-1
27397.3105	-1
27404.6973	-1
27412.0840	-1
27419.4707	-1
27426.8574	-1
27434.2441	-1
27441.6309	-1
27449.0176	-1
27456.4043	-1
27463.7910	-1
27471.1777	-1
27478.5645	-1
27485.9512	-1
27493.3379	-1
27500.7246	-1
27508.1113	-1
27515.4980	-1
27522.8984	1
27530.3008	-1
27537.7031	1
27545.1055	1
27552.5098	-1
27559.9141	-1
27567.3184	-1
27574.7227	-1
27582.1270	-1
27589.5312	-1
27596.9355	-1
27604.3398	-1
27611.7441	-1
27619.1484	-1
27626.5527	-1
27633.9570	-1
27641.3613	1
27648.7656	1
27656.1699	1
27663.5742	1
27670.9785	-1
27678.3828	-1
27685.7871	-1
27693.1914	-1
27700.5957	-1
27708.0000	-1
27715.4043	-1
27722.8086	-1
27730.2129	-1
27737.6172	-1
27745.0215	-1
27752.4258	-1
27759.8320	-1
27767.2383	-1
27774.6445	-1
27782.0508	-1
27789.4570	-1
27796.8633	-1
27804.2695	1
27811.6758	1
27819.0820	1
27826.4883	1
27833.8945	1
27841.3008	1
27848.7070	-1
27856.1133	-1
27863.5195	-1
27870.9258	-1
27878.3320	-1
27885.7383	-1
27893.1445	-1
27900.5508	-1
27907.9570	-1
27915.3633	-1
27922.7695	-1
27930.1758	-1
27937.5820	-1
27944.9883	-1
27952.3945	-1
27959.8008	-1
27967.2070	-1
27974.6133	-1
27982.0215	1
27989.4297	1
27996.8379	-1
28004.2461	-1
28011.6543	-1
28019.0625	-1
28026.4707	-1
28033.8789	-1
28041.2871	-1
28048.6953	-1
28056.1035	-1
28063.5117	-1
28070.9199	-1
28078.3281	-1
28085.7363	-1
28093.1445	-1
28100.5527	-1
28107.9609	-1
28115.3691	-1
28122.7773	-1
28130.1855	-1
28137.5938	-1
28145.0020	-1
28152.4102	-1
28159.8184	-1
28167.2266	-1
28174.6348	-1
28182.0430	-1
28189.4512	-1
28196.8594	-1
28204.2676	-1
28211.6758	-1
28219.0840	-1
28226.4922	-1
28233.9004	-1
28241.3223	1
28248.7461	-1
28256.1699	1
28263.5938	1
28271.0195	-1
28278.4453	-1
28285.8711	-1
28293.2969	-1
28300.7227	-1
28308.1484	-1
28315.5742	-1
28323.0000	-1
28330.4258	-1
28337.8516	-1
28345.2773	-1
28352.7031	-1
28360.1289	1
28367.5547	1
28374.9805	1
28382.4062	1
28389.8340	-1
28397.2617	-1
28404.6895	-1
28412.1172	-1
28419.5449	-1
28426.9727	-1
28434.4004	-1
28441.8281	-1
28449.2559	-1
28456.6836	-1
28464.1113	-1
28471.5391	-1
28478.9668	1
28486.3945	1
28493.8223	-1
28501.2500	-1
28508.6777	-1
28516.1055	-1
28523.5332	-1
28530.9609	-1
28538.3887	1
28545.8164	1
28553.2461	-1
28560.6758	-1
28568.1055	-1
28575.5352	-1
28582.9648	-1
28590.3945	-1
28597.8242	1
28605.2539	-1
28612.6836	-1
28620.1133	-1
28627.5430	-1
28634.9727	-1
28642.4023	-1
28649.8320	1
28657.2617	1
28664.6914	1
28672.1211	1
28679.5508	1
28686.9805	-1
28694.4102	-1
28701.8398	-1
28709.2695	-1
28716.6992	-1
28724.1289	-1
28731.5605	1
28738.9922	1
28746.4238	-1
28753.8555	-1
28761.2871	-1
28768.7188	-1
28776.1504	-1
28783.5820	-1
28791.0137	-1
28798.4453	-1
28805.8770	-1
28813.3086	-1
28820.7402	-1
28828.1719	-1
28835.6055	1
28843.0391	1
28850.4727	1
28857.9062	1
28865.3398	-1
28872.7734	-1
28880.2070	-1
28887.6406	-1
28895.0742	-1
28902.5078	-1
28909.9434	-1
28917.3789	-1
28924.8145	-1
28932.2500	-1
28939.6855	-1
28947.1211	-1
28954.5566	-1
28961.9922	-1
28969.4277	-1
28976.8633	-1
28984.2988	-1
28991.7344	-1
28999.1699	1
29006.6055	1
29014.0410	1
29021.4766	1
29028.9121	1
29036.3477	1
29043.7852	-1
29051.2227	-1
29058.6602	-1
29066.0977	-1
29073.5352	-1
29080.9727	-1
29088.4102	-1
29095.8477	-1
29103.2852	-1
29110.7227	-1
29118.1602	-1
29125.5977	-1
29133.0352	-1
29140.4727	-1
29147.9102	-1
29155.3477	-1
29162.7852	-1
29170.2227	-1
29177.6602	-1
29185.0977	-1
29192.5352	-1
29199.9727	-1
29207.4102	-1
29214.8477	-1
29222.2852	-1
29229.7227	-1
29237.1602	-1
29244.5977	-1
29252.0352	-1
29259.4727	-1
29266.9102	-1
29274.3477	-1
29281.7852	-1
29289.2227	-1
29296.6602	-1
29304.0977	-1
29311.5352	-1
29318.9727	-1
29326.4102	-1
29333.8477	-1
29341.2852	-1
29348.7227	-1
29356.1621	-1
29363.6016	-1
29371.0410	-1
29378.4805	-1
29385.9199	-1
29393.3594	-1
29400.7988	1
29408.2383	1
29415.6777	1
29423.1172	1
29430.5566	-1
29437.9961	-1
29445.4355	-1
29452.8750	-1
29460.3145	-1
29467.7539	-1
29475.1953	-1
29482.6367	-1
29490.0781	-1
29497.5195	-1
29504.9609	-1
29512.4023	-1
29519.8438	1
29527.2852	1
29534.7266	1
29542.1680	1
29549.6094	1
29557.0508	1
29564.4922	1
29571.9336	1
29579.3750	1
29586.8164	1
29594.2578	1
29601.6992	1
29609.1406	-1
29616.5820	-1
29624.0234	-1
29631.4648	-1
29638.9062	-1
29646.3477	-1
29653.7910	-1
29661.2344	-1
29668.6777	-1
29676.1211	-1
29683.5645	-1
29691.0078	-1
29698.4512	1
29705.8945	1
29713.3398	1
29720.7852	1
29728.2305	1
29735.6758	1
29743.1230	1
29750.5703	1
29758.0176	-1
29765.4648	-1
29772.9121	-1
29780.3594	-1
29787.8066	-1
29795.2539	-1
29802.7012	1
29810.1484	1
29817.5977	-1
29825.0469	-1
29832.4961	-1
29839.9453	-1
29847.3945	-1
29854.8438	-1
29862.2930	-1
29869.7422	-1
29877.1914	-1
29884.6406	-1
29892.0898	-1
29899.5391	-1
29906.9883	-1
29914.4375	-1
29921.8867	-1
29929.3359	-1
29936.7852	-1
29944.2344	-1
29951.6836	-1
29959.1328	-1
29966.5820	-1
29974.0312	-1
29981.4805	-1
29988.9297	-1
29996.3789	-1
30003.8281	-1
30011.2773	-1
30018.7266	-1
30026.1758	-1
30033.6250	-1
30041.0742	-1
30048.5234	-1
30055.9727	-1
30063.4219	-1
30070.8711	-1
30078.3203	-1
30085.7695	-1
30093.2188	-1
30100.6680	-1
30108.1172	-1
30115.5664	-1
30123.0156	-1
30130.4648	-1
30137.9141	-1
30145.3633	-1
30152.8125	-1
30160.2617	-1
30167.7109	-1
30175.1621	1
30182.6133	-1
30190.0645	-1
30197.5156	-1
30204.9668	-1
30212.4180	-1
30219.8691	-1
30227.3203	-1
30234.7715	-1
30242.2227	-1
30249.6738	-1
30257.1250	-1
30264.5762	-1
30272.0273	-1
30279.4785	-1
30286.9297	-1
30294.3809	-1
30301.8320	-1
30309.2832	-1
30316.7344	-1
30324.1855	-1
30331.6367	-1
30339.0879	-1
30346.5391	-1
30353.9902	-1
30361.4414	-1
30368.8926	-1
30376.3438	-1
30383.7949	-1
30391.2461	-1
30398.6973	-1
30406.1484	-1
30413.5996	-1
30421.0508	-1
30428.5020	-1
30435.9531	-1
30443.4043	-1
30450.8555	-1
30458.3066	-1
30465.7578	-1
30473.2090	-1
30480.6602	-1
30488.1113	-1
30495.5625	1
30503.0137	1
30510.4648	1
30517.9160	1
30525.3672	1
30532.8184	1
30540.2695	1
30547.7207	1
30555.1719	1
30562.6250	1
30570.0781	1
30577.5312	1
30584.9844	1
30592.4375	1
30599.8906	1
30607.3438	-1
30614.7969	-1
30622.2500	-1
30629.7031	-1
30637.1562	-1
30644.6094	-1
30652.0625	-1
30659.5156	-1
30666.9688	-1
30674.4219	-1
30681.8750	-1
30689.3281	-1
30696.7832	1
30704.2383	1
30711.6934	1
30719.1484	1
30726.6035	1
30734.0586	1
30741.5137	1
30748.9707	-1
30756.4277	-1
30763.8848	-1
30771.3418	-1
30778.7988	-1
30786.2559	-1
30793.7129	-1
30801.1699	-1
30808.6270	-1
30816.0840	-1
30823.5410	-1
30830.9980	-1
30838.4570	-1
30845.9160	-1
30853.3750	-1
30860.8340	-1
30868.2930	-1
30875.7520	-1
30883.2109	-1
30890.6699	-1
30898.1289	-1
30905.5879	-1
30913.0469	-1
30920.5059	-1
30927.9648	-1
30935.4238	-1
30942.8828	-1
30950.3418	-1
30957.8008	-1
30965.2598	-1
30972.7188	-1
30980.1777	-1
30987.6367	-1
30995.0957	-1
31002.5547	-1
31010.0137	-1
31017.4727	-1
31024.9316	-1
31032.3906	-1
31039.8496	-1
31047.3086	-1
31054.7676	-1
31062.2305	-1
31069.6934	-1
31077.1562	-1
31084.6191	-1
31092.0820	-1
31099.5449	-1
31107.0078	-1
31114.4707	-1
31121.9336	-1
31129.3965	-1
31136.8594	-1
31144.3223	-1
31151.7852	-1
31159.2480	-1
31166.7109	-1
31174.1738	-1
31181.6367	-1
31189.0996	-1
31196.5625	-1
31204.0254	-1
31211.4883	-1
31218.9512	-1
31226.4141	-1
31233.8770	-1
31241.3398	-1
31248.8027	-1
31256.2656	-1
31263.7285	-1
31271.1914	-1
31278.6543	-1
31286.1172	-1
31293.5801	-1
31301.0430	-1
31308.5059	-1
31315.9688	-1
31323.4316	-1
31330.8945	-1
31338.3574	-1
31345.8203	-1
31353.2832	-1
31360.7461	-1
31368.2090	-1
31375.6719	-1
31383.1348	-1
31390.5977	-1
31398.0605	-1
31405.5234	-1
31412.9863	-1
31420.4512	-1
31427.9160	-1
31435.3809	-1
31442.8457	-1
31450.3105	-1
31457.7754	-1
31465.2402	-1
31472.7051	-1
31480.1699	-1
31487.6348	-1
31495.0996	-1
31502.5645	-1
31510.0312	-1
31517.4980	-1
31524.9648	-1
31532.4316	-1
31539.8984	-1
31547.3652	-1
31554.8320	-1
31562.2988	-1
31569.7656	-1
31577.2324	-1
31584.6992	-1
31592.1660	-1
31599.6328	-1
31607.0996	-1
31614.5664	-1
31622.0332	-1
31629.5000	-1
31636.9668	-1
31644.4336	-1
31651.9004	-1
31659.3672	-1
31666.8340	-1
31674.3008	-1
31681.7676	-1
31689.2344	-1
31696.7012	-1
31704.1680	-1
31711.6348	-1
31719.1016	-1
31726.5684	-1
31734.0352	-1
31741.5020	-1
31748.9688	-1
31756.4355	-1
31763.9023	-1
31771.3691	-1
31778.8359	-1
31786.3047	-1
31793.7734	-1
31801.2422	-1
31808.7109	-1
31816.1797	-1
31823.6484	-1
31831.1172	-1
31838.5859	-1
31846.0547	-1
31853.5234	-1
31860.9922	-1
31868.4609	-1
31875.9297	-1
31883.3984	-1
31890.8672	-1
31898.3359	-1
31905.8047	-1
31913.2734	-1
31920.7422	-1
31928.2109	-1
31935.6797	-1
31943.1484	-1
31950.6172	-1
31958.0859	-1
31965.5547	-1
31973.0234	-1
31980.4922	-1
31987.9609	-1
31995.4297	-1
32002.8984	-1
32010.3672	-1
32017.8359	-1
32025.3047	-1
32032.7734	-1
32040.2422	-1
32047.7109	-1
32055.1797	-1
32062.6484	-1
32070.1172	-1
32077.5859	-1
32085.0547	-1
32092.5234	-1
32099.9922	-1
32107.4609	-1
32114.9297	-1
32122.3984	-1
32129.8672	-1
32137.5078	1
32145.1484	1
32152.7891	1
32160.4297	-1
32168.0703	-1
32175.7109	-1
32183.3516	-1
32190.9922	-1
32198.6328	-1
32206.2754	-1
32213.9180	-1
32221.5605	-1
32229.2031	-1
32236.8457	-1
32244.4883	-1
32252.1309	-1
32259.7734	-1
32267.4160	-1
32275.0586	-1
32282.7012	-1
32290.3438	-1
32298.0000	1
32305.6582	-1
32313.3164	1
32320.9746	1
32328.6328	-1
32336.2910	-1
32343.9492	-1
32351.6074	-1
32359.2656	-1
32366.9238	-1
32374.5820	-1
32382.2402	-1
32389.8984	-1
32397.5566	-1
32405.2285	1
32412.9023	-1
32420.5762	1
32428.2500	1
32435.9258	-1
32443.6016	-1
32451.2773	-1
32458.9531	-1
32466.6289	-1
32474.3047	-1
32481.9805	-1
32489.6562	-1
32497.3320	-1
32505.0078	-1
32512.6973	1
32520.3867	-1
32528.0781	1
32535.7695	1
32543.4609	-1
32551.1523	-1
32558.8438	-1
32566.5352	-1
32574.2266	-1
32581.9180	-1
32589.6094	-1
32597.3008	-1
32604.9922	-1
32612.6836	-1
32620.3750	-1
32628.0664	-1
32635.7598	1
32643.4531	1
32651.1465	1
32658.8398	1
32666.5332	-1
32674.2266	-1
32681.9199	-1
32689.6133	-1
32697.3066	-1
32705.0000	-1
32712.6934	-1
32720.3867	-1
32728.0801	-1
32735.7734	-1
32743.4668	-1
32751.1602	-1
32758.8555	-1
32766.5508	-1
32774.2461	-1
32781.9414	-1
32789.6367	-1
32797.3320	-1
32805.0273	-1
32812.7227	-1
32820.4180	-1
32828.1133	-1
32835.8086	-1
32843.5039	-1
32851.1992	1
32858.8945	1
32866.5898	1
32874.2852	1
32881.9805	1
32889.6758	1
32897.3711	1
32905.0664	1
32912.7656	-1
32920.4648	-1
32928.1641	-1
32935.8633	-1
32943.5625	-1
32951.2617	-1
32958.9609	-1
32966.6602	-1
32974.3594	-1
32982.0586	-1
32989.7578	-1
32997.4570	-1
33005.1562	-1
33012.8555	-1
33020.5547	-1
33028.2539	-1
33035.9531	-1
33043.6523	-1
33051.3516	-1
33059.0508	-1
33066.7500	-1
33074.4492	-1
33082.1484	-1
33089.8477	-1
33097.5469	-1
33105.2461	-1
33112.9453	-1
33120.6445	-1
33128.3438	-1
33136.0430	-1
33143.7422	-1
33151.4414	-1
33159.1406	-1
33166.8398	-1
33174.5391	-1
33182.2383	-1
33189.9375	-1
33197.6367	-1
33205.3359	-1
33213.0352	-1
33220.7344	-1
33228.4336	-1
33236.1328	-1
33243.8320	-1
33251.5312	-1
33259.2305	-1
33266.9297	-1
33274.6289	-1
33282.3281	1
33290.0273	1
33297.7266	1
33305.4258	1
33313.1250	1
33320.8242	1
33328.5273	-1
33336.2305	-1
33343.9336	-1
33351.6367	-1
33359.3398	-1
33367.0430	-1
33374.7461	-1
33382.4492	-1
33390.1523	-1
33397.8555	-1
33405.5586	-1
33413.2617	-1
33420.9648	-1
33428.6680	-1
33436.3711	-1
33444.0742	-1
33451.7773	-1
33459.4805	-1
33467.1836	-1
33474.8867	-1
33482.5898	-1
33490.2930	-1
33497.9961	-1
33505.6992	-1
33513.4023	-1
33521.1055	-1
33528.8086	-1
33536.5117	-1
33544.2148	-1
33551.9180	-1
33559.6211	-1
33567.3242	-1
33575.0430	1
33582.7617	-1
33590.4805	1
33598.1992	1
33605.9180	-1
33613.6367	-1
33621.3555	-1
33629.0859	1
33636.8203	-1
33644.5547	1
33652.2891	1
33660.0234	-1
33667.7578	-1
33675.4922	-1
33683.2266	-1
33690.9609	-1
33698.6953	-1
33706.4297	-1
33714.1641	-1
33721.8984	-1
33729.6328	-1
33737.3672	-1
33745.1016	-1
33752.8359	1
33760.5703	1
33768.3047	1
33776.0391	1
33783.7773	-1
33791.5156	-1
33799.2539	-1
33806.9922	-1
33814.7305	-1
33822.4688	-1
33830.2070	-1
33837.9453	-1
33845.6836	-1
33853.4219	-1
33861.1602	-1
33868.8984	-1
33876.6367	-1
33884.3750	-1
33892.1133	-1
33899.8516	-1
33907.5898	-1
33915.3281	-1
33923.0664	-1
33930.8047	-1
33938.5430	-1
33946.2812	-1
33954.0195	-1
33961.7695	1
33969.5234	-1
33977.2773	1
33985.0312	1
33992.7852	-1
34000.5391	-1
34008.2930	-1
34016.0469	-1
34023.8125	1
34031.5820	-1
34039.3516	1
34047.1211	1
34054.8906	-1
34062.6602	-1
34070.4297	-1
34078.1992	-1
34085.9688	-1
34093.7383	-1
34101.5078	-1
34109.2773	-1
34117.0469	-1
34124.8164	-1
34132.5859	-1
34140.3555	-1
34148.1250	1
34155.8945	1
34163.6641	1
34171.4336	1
34179.2031	-1
34186.9727	-1
34194.7422	-1
34202.5117	-1
34210.2812	-1
34218.0508	-1
34225.8203	-1
34233.5898	-1
34241.3594	-1
34249.1289	-1
34256.8984	-1
34264.6680	-1
34272.4414	-1
34280.2148	-1
34287.9883	-1
34295.7617	-1
34303.5352	-1
34311.3086	-1
34319.0820	-1
34326.8555	-1
34334.6289	-1
34342.4023	-1
34350.1758	-1
34357.9492	-1
34365.7227	1
34373.4961	1
34381.2695	1
34389.0430	-1
34396.8164	-1
34404.5898	-1
34412.3633	-1
34420.1367	-1
34427.9102	-1
34435.6836	-1
34443.4570	-1
34451.2305	-1
34459.0039	-1
34466.7773	-1
34474.5508	-1
34482.3242	-1
34490.1094	1
34497.8945	-1
34505.6836	1
34513.4727	1
34521.2617	-1
34529.0508	-1
34536.8398	-1
34544.6289	-1
34552.4180	-1
34560.2070	-1
34567.9961	-1
34575.7852	-1
34583.5742	-1
34591.3633	-1
34599.1523	-1
34606.9414	-1
34614.7305	1
34622.5195	1
34630.3086	1
34638.0977	1
34645.8867	-1
34653.6758	-1
34661.4648	-1
34669.2539	-1
34677.0430	-1
34684.8320	-1
34692.6211	-1
34700.4102	-1
34708.1992	-1
34715.9883	-1
34723.7773	-1
34731.5664	-1
34739.3555	-1
34747.1445	-1
34754.9336	-1
34762.7227	-1
34770.5117	-1
34778.3008	-1
34786.0938	-1
34793.8984	1
34801.7031	-1
34809.5078	1
34817.3125	1
34825.1211	-1
34832.9297	-1
34841.6406	-1
34850.3516	1
