0.0000	0
0.0169	1
0.0354	-1
0.0543	1
0.0732	1
0.0934	-1
0.1137	-1
0.1341	-1
0.1684	1
0.1908	-2
0.2046	-1
0.2411	1
0.2777	1
0.3155	-1
0.3533	-1
0.3911	-1
0.4289	-1
0.4667	-1
0.5045	-1
0.5424	-1
0.5803	-1
0.6079	-2
0.6182	-1
0.6705	1
0.7244	-1
0.7786	1
0.8175	-2
0.8329	1
0.8885	-1
0.9441	-1
0.9739	-2
0.9896	-2
0.9997	-1
1.0554	-1
1.1110	-1
1.1667	-1
1.2225	-1
1.2679	-2
1.2783	-1
1.3341	-1
1.3369	-2
1.3385	-2
1.3899	-1
1.4457	-1
1.4686	-2
1.5016	-1
1.5577	1
1.6140	1
1.6714	-1
1.7288	-1
1.7863	-1
1.8437	-1
1.9012	-1
1.9586	-1
2.0162	-1
2.0638	-2
2.0737	-1
2.1313	-1
2.1888	-1
2.2464	-1
2.2965	-2
2.3158	-2
2.3185	1
2.3229	-2
2.3249	-2
2.3922	-1
2.4663	1
2.4944	2
2.5391	-2
2.5405	1
2.5634	-2
2.5982	-2
2.6159	-1
2.6913	-1
2.7666	-1
2.8015	-2
2.8420	-1
2.8763	-2
2.9174	-1
2.9727	-2
2.9741	2
2.9930	-1
3.0375	-2
3.0786	-1
3.1718	1
3.2664	-1
3.3616	1
3.3653	-2
3.3801	-2
3.4568	1
3.4778	-2
3.5528	-1
3.6489	-1
3.6619	-2
3.6822	-2
3.7449	-1
3.8306	-2
3.8409	-1
3.8957	-2
3.9369	-1
3.9547	-2
4.0330	-1
4.1016	-2
4.1293	-1
4.2256	-1
4.3219	-1
4.4182	-1
4.4967	-2
4.5145	-1
4.6108	-1
4.7074	1
4.8041	1
4.9008	1
4.9976	1
5.0957	-1
5.1937	-1
5.2918	-1
5.3882	-2
5.3899	-1
5.4879	-1
5.5860	-1
5.6842	-1
5.7824	-1
5.8806	-1
5.9129	-2
5.9788	-1
6.0770	-1
6.1752	-1
6.2735	-1
6.3718	-1
6.4092	-2
6.4701	-1
6.5201	-2
6.5684	-1
6.6060	-2
6.6164	2
6.6667	-1
6.7650	-1
6.8634	-1
6.9618	-1
7.0602	-1
7.0959	2
7.1586	-1
7.2571	-1
7.2842	-2
7.3555	-1
7.4334	-2
7.4543	1
7.5533	1
7.6424	2
7.6524	1
7.7515	1
7.8513	-1
7.9511	-1
8.0510	-1
8.1508	-1
8.2506	-1
8.2595	2
8.3505	-1
8.4510	-1
8.5516	-1
8.6521	-1
8.7527	-1
8.7654	-2
8.8533	-1
8.9538	-1
9.0545	-1
9.1045	2
9.1552	-1
9.1949	2
9.2559	-1
9.3566	-1
9.4573	-1
9.5579	-1
9.6587	-1
9.7595	-1
9.8604	-1
9.9612	-1
10.0769	1
10.1944	-1
10.3123	1
10.4303	1
10.5495	-1
10.6688	-1
10.7880	-1
10.9072	-1
11.0265	-1
11.1457	-1
11.2650	-1
11.3689	2
11.3843	-1
11.5037	-1
11.6230	-1
11.7552	1
11.7883	2
11.8895	-1
12.0241	1
12.1589	1
12.2943	-1
12.4298	-1
12.5652	-1
12.7007	-1
12.8361	-1
12.9722	-1
13.1215	1
13.2723	-1
13.4235	1
13.5747	1
13.7268	-1
13.8788	-1
14.0309	-1
14.1830	-1
14.3351	-1
14.4871	-1
14.6393	-1
14.7915	-1
14.9437	-1
15.0959	-1
15.2481	-1
15.4003	-1
15.5531	1
15.7059	1
15.8588	1
16.0117	1
16.1655	-1
16.3194	-1
16.4732	-1
16.6271	-1
16.7810	-1
16.9348	-1
17.0888	-1
17.2428	-1
17.3967	-1
17.5507	-1
17.7047	-1
17.8586	-1
18.0127	-1
18.1668	-1
18.3208	-1
18.4749	-1
18.6290	-1
18.7831	-1
18.9378	-1
19.0925	-1
19.2473	-1
19.4020	-1
19.5568	-1
19.7115	-1
19.8664	1
20.0213	1
20.1762	1
20.3312	1
20.4862	1
20.6413	1
20.7967	1
20.9521	1
21.1088	-1
21.2655	-1
21.4222	-1
21.5788	-1
21.7356	-1
21.8923	-1
22.0491	-1
22.2059	-1
22.3627	-1
22.5195	-1
22.6764	-1
22.8332	-1
22.9901	-1
23.1470	-1
23.3040	-1
23.4609	-1
23.6179	-1
23.7748	-1
23.9318	-1
24.0889	-1
24.2460	-1
24.4031	-1
24.5601	-1
24.7172	-1
24.8744	-1
25.0316	-1
25.1888	-1
25.3460	-1
25.5032	-1
25.6604	-1
25.8182	-1
25.9760	-1
26.1337	-1
26.2915	-1
26.4493	-1
26.6071	-1
26.7650	-1
26.9229	-1
27.0808	-1
27.2387	-1
27.3966	-1
27.5546	-1
27.7126	-1
27.8706	-1
28.0286	-1
28.1866	-1
28.3447	-1
28.5027	-1
28.6610	1
28.8194	1
28.9778	1
29.1364	1
29.2950	1
29.4538	1
29.6127	1
29.7716	1
29.9306	1
30.0896	1
30.2486	1
30.4077	1
30.5668	1
30.7260	1
30.8863	-1
31.0466	-1
31.2069	-1
31.3673	-1
31.5276	-1
31.6879	-1
31.8488	-1
32.0096	-1
32.1705	-1
32.3314	-1
32.4922	-1
32.6531	-1
32.8142	-1
32.9754	-1
33.1366	-1
33.2977	-1
33.4589	-1
33.6201	-1
33.7815	-1
33.9430	-1
34.1044	-1
34.2659	-1
34.4273	-1
34.5888	-1
34.7510	1
34.9133	1
35.0758	-1
35.2383	-1
35.4007	-1
35.5632	-1
35.7257	-1
35.8882	-1
36.0508	-1
36.2134	-1
36.3760	-1
36.5386	-1
36.7012	-1
36.8638	-1
37.0266	-1
37.1895	-1
37.3523	-1
37.5152	-1
37.6780	-1
37.8409	-1
38.0039	-1
38.1669	-1
38.3299	-1
38.4929	-1
38.6559	-1
38.8189	-1
38.9821	-1
39.1452	-1
39.3084	-1
39.4716	-1
39.6347	-1
39.7979	-1
39.9611	-1
40.1244	-1
40.2877	-1
40.4509	-1
40.6142	-1
40.7775	-1
40.9409	-1
41.1042	-1
41.2676	-1
41.4310	-1
41.5944	-1
41.7578	-1
41.9214	1
42.0851	1
42.2488	1
42.4125	1
42.5763	1
42.7401	1
42.9041	1
43.0681	1
43.2321	1
43.3961	1
43.5602	1
43.7243	1
43.8885	1
44.0527	1
44.2169	1
44.3811	1
44.5456	1
44.7101	1
44.8747	1
45.0394	1
45.2041	1
45.3689	1
45.5344	-1
45.6998	-1
45.8653	-1
46.0307	-1
46.1962	-1
46.3616	-1
46.5272	-1
46.6928	-1
46.8584	-1
47.0241	-1
47.1897	-1
47.3553	-1
47.5215	-1
47.6878	-1
47.8541	-1
48.0203	-1
48.1866	-1
48.3528	-1
48.5193	-1
48.6857	-1
48.8521	-1
49.0186	-1
49.1850	-1
49.3515	-1
49.5181	-1
49.6847	-1
49.8513	-1
50.0180	-1
50.1846	-1
50.3512	-1
50.5181	-1
50.6849	-1
50.8517	-1
51.0186	-1
51.1854	-1
51.3522	-1
51.5207	1
51.6892	1
51.8577	1
52.0262	1
52.1948	1
52.3635	1
52.5321	1
52.7011	1
52.8702	1
53.0394	1
53.2085	1
53.3777	1
53.5495	-1
53.7214	-1
53.8932	-1
54.0651	-1
54.2369	-1
54.4088	-1
54.5808	-1
54.7527	-1
54.9247	-1
55.0967	-1
55.2687	-1
55.4407	-1
55.6128	-1
55.7849	-1
55.9570	-1
56.1291	-1
56.3012	-1
56.4733	-1
56.6455	-1
56.8178	-1
56.9900	-1
57.1622	-1
57.3344	-1
57.5066	-1
57.6790	-1
57.8513	-1
58.0237	-1
58.1960	-1
58.3683	-1
58.5407	-1
58.7131	-1
58.8856	-1
59.0581	-1
59.2305	-1
59.4030	-1
59.5755	-1
59.7481	-1
59.9207	-1
60.0933	-1
60.2659	-1
60.4385	-1
60.6111	-1
60.7838	-1
60.9566	-1
61.1293	-1
61.3020	-1
61.4748	-1
61.6475	-1
61.8204	-1
61.9932	-1
62.1661	-1
62.3389	-1
62.5118	-1
62.6847	-1
62.8576	-1
63.0306	-1
63.2036	-1
63.3765	-1
63.5495	-1
63.7225	-1
63.8956	-1
64.0686	-1
64.2417	-1
64.4148	-1
64.5880	-1
64.7611	-1
64.9359	-1
65.1107	-1
65.2855	-1
65.4604	-1
65.6352	-1
65.8100	-1
65.9850	-1
66.1599	-1
66.3349	-1
66.5098	-1
66.6848	-1
66.8597	-1
67.0348	-1
67.2099	-1
67.3850	-1
67.5601	-1
67.7352	-1
67.9103	-1
68.0855	-1
68.2607	-1
68.4359	-1
68.6111	-1
68.7863	-1
68.9615	-1
69.1368	-1
69.3121	-1
69.4875	-1
69.6628	-1
69.8381	-1
70.0135	-1
70.1889	-1
70.3643	-1
70.5398	-1
70.7152	-1
70.8907	-1
71.0661	-1
71.2417	-1
71.4173	-1
71.5928	-1
71.7684	-1
71.9440	-1
72.1196	-1
72.2953	-1
72.4710	-1
72.6467	-1
72.8225	-1
72.9982	-1
73.1740	-1
73.3498	-1
73.5257	-1
73.7016	-1
73.8774	-1
74.0533	-1
74.2292	-1
74.4051	-1
74.5811	-1
74.7571	-1
74.9331	-1
75.1091	-1
75.2851	-1
75.4612	-1
75.6373	-1
75.8134	-1
75.9896	-1
76.1657	-1
76.3418	-1
76.5180	-1
76.6943	-1
76.8705	-1
77.0467	-1
77.2230	-1
77.3992	-1
77.5756	-1
77.7519	-1
77.9283	-1
78.1046	-1
78.2810	-1
78.4574	-1
78.6338	-1
78.8103	-1
78.9868	-1
79.1633	-1
79.3397	-1
79.5162	-1
79.6928	-1
79.8694	-1
80.0460	-1
80.2226	-1
80.3992	-1
80.5758	-1
80.7525	1
80.9294	1
81.1063	1
81.2832	-1
81.4601	-1
81.6370	-1
81.8139	-1
81.9909	-1
82.1678	-1
82.3447	1
82.5217	1
82.6987	1
82.8757	-1
83.0528	1
83.2298	-1
83.4069	-1
83.5839	-1
83.7610	-1
83.9381	-1
84.1152	1
84.2923	1
84.4695	1
84.6468	1
84.8242	1
85.0016	1
85.1791	1
85.3566	1
85.5341	1
85.7118	1
85.8912	-1
86.0706	-1
86.2501	-1
86.4295	-1
86.6090	-1
86.7885	-1
86.9704	-1
87.1523	-1
87.3342	-1
87.5161	-1
87.6980	-1
87.8799	-1
88.0619	-1
88.2440	-1
88.4260	-1
88.6081	-1
88.7901	-1
88.9722	-1
89.1543	-1
89.3365	-1
89.5187	-1
89.7008	-1
89.8830	-1
90.0652	-1
90.2475	-1
90.4298	-1
90.6120	-1
90.7943	-1
90.9766	-1
91.1589	-1
91.3413	-1
91.5237	-1
91.7061	-1
91.8886	-1
92.0710	-1
92.2534	-1
92.4359	-1
92.6184	-1
92.8009	-1
92.9834	-1
93.1659	-1
93.3484	-1
93.5311	-1
93.7137	-1
93.8963	-1
94.0789	-1
94.2615	-1
94.4442	-1
94.6270	-1
94.8098	-1
94.9926	-1
95.1754	-1
95.3582	-1
95.5411	-1
95.7240	-1
95.9070	-1
96.0900	-1
96.2729	-1
96.4559	-1
96.6389	-1
96.8220	-1
97.0050	-1
97.1881	-1
97.3712	-1
97.5543	-1
97.7374	-1
97.9206	-1
98.1038	-1
98.2870	-1
98.4702	-1
98.6534	-1
98.8367	-1
99.0200	-1
99.2033	-1
99.3866	-1
99.5700	-1
99.7533	-1
99.9366	-1
100.1201	-1
100.3036	-1
100.4870	-1
100.6705	-1
100.8540	-1
101.0375	-1
101.2210	-1
101.4046	-1
101.5882	-1
101.7718	-1
101.9554	-1
102.1389	-1
102.3233	-1
102.5076	-1
102.6920	-1
102.8763	-1
103.0607	-1
103.2451	-1
103.4295	-1
103.6140	-1
103.7985	-1
103.9830	-1
104.3596	1
104.7363	1
105.1132	1
105.4901	1
105.8670	1
106.2440	1
106.6212	-1
106.9985	-1
107.3758	-1
107.7530	-1
108.1303	-1
108.5076	-1
108.8858	-1
109.2640	-1
109.6423	-1
110.0205	-1
110.3987	-1
110.7770	-1
111.1553	-1
111.5337	-1
111.9121	-1
112.2904	-1
112.6688	-1
113.0472	-1
113.4257	-1
113.8042	-1
114.1827	-1
114.5613	-1
114.9398	-1
115.3183	-1
115.6970	-1
116.0756	-1
116.4542	-1
116.8329	-1
117.2115	-1
117.5902	-1
117.9689	-1
118.3477	-1
118.7265	-1
119.1053	-1
119.4841	-1
119.8629	-1
120.2552	1
120.6490	-1
121.0432	1
121.4375	1
121.8330	-1
122.2285	-1
122.6241	-1
123.0196	-1
123.4152	-1
123.8107	-1
124.2064	-1
124.6021	-1
124.9978	-1
125.3935	-1
125.7892	-1
126.1850	-1
126.5810	1
126.9773	1
127.3736	1
127.7699	1
128.1671	-1
128.5643	-1
128.9616	-1
129.3588	-1
129.7561	-1
130.1533	-1
130.5513	-1
130.9493	-1
131.3473	-1
131.7453	-1
132.1432	-1
132.5412	-1
132.9393	-1
133.3375	-1
133.7356	-1
134.1337	-1
134.5318	-1
134.9299	-1
135.3284	1
135.7269	1
136.1254	1
136.5240	1
136.9227	1
137.3213	1
137.7202	-1
138.1191	-1
138.5181	-1
138.9170	-1
139.3159	-1
139.7148	-1
140.1145	1
140.5148	-1
140.9152	-1
141.3155	-1
141.7159	-1
142.1162	-1
142.5166	-1
142.9171	1
143.3188	-1
143.7205	-1
144.1223	-1
144.5240	-1
144.9258	-1
145.3275	-1
145.7295	-1
146.1315	-1
146.5335	-1
146.9355	-1
147.3376	-1
147.7396	-1
148.1425	-1
148.5455	-1
148.9484	-1
149.3514	-1
149.7543	-1
150.1573	-1
150.5604	-1
150.9634	-1
151.3665	-1
151.7696	-1
152.1727	-1
152.5758	-1
152.9790	-1
153.3822	-1
153.7854	-1
154.1887	-1
154.5919	-1
154.9951	1
155.3983	-1
155.8016	1
156.2049	1
156.6082	-1
157.0116	-1
157.4149	-1
157.8182	-1
158.2215	-1
158.6249	-1
159.0282	1
159.4316	1
159.8351	1
160.2386	-1
160.6421	-1
161.0456	-1
161.4492	-1
161.8527	-1
162.2562	-1
162.6608	1
163.0656	1
163.4704	1
163.8753	1
164.2802	1
164.6852	1
165.0902	1
165.4952	1
165.9003	1
166.3054	1
166.7110	-1
167.1166	-1
167.5221	-1
167.9277	-1
168.3333	-1
168.7389	-1
169.1454	1
169.5519	1
169.9611	-1
170.3703	-1
170.7794	-1
171.1886	-1
171.5978	-1
172.0070	-1
172.4163	-1
172.8256	-1
173.2349	-1
173.6442	-1
174.0535	-1
174.4628	-1
174.8722	-1
175.2816	-1
175.6910	-1
176.1005	-1
176.5099	-1
176.9193	-1
177.3288	-1
177.7384	-1
178.1479	-1
178.5575	-1
178.9670	-1
179.3766	-1
179.7870	1
180.1976	1
180.6082	1
181.0188	1
181.4294	1
181.8402	1
182.2509	1
182.6618	1
183.0728	-1
183.4837	-1
183.8947	-1
184.3058	-1
184.7168	-1
185.1278	-1
185.5395	-1
185.9512	-1
186.3629	-1
186.7746	-1
187.1862	-1
187.5980	-1
188.0099	1
188.4219	1
188.8340	1
189.2463	1
189.6591	-1
190.0719	-1
190.4847	-1
190.8976	-1
191.3104	-1
191.7232	-1
192.1362	-1
192.5492	-1
192.9622	-1
193.3752	-1
193.7882	-1
194.2012	-1
194.6144	-1
195.0276	-1
195.4407	-1
195.8539	-1
196.2671	-1
196.6803	-1
197.0936	-1
197.5069	-1
197.9203	-1
198.3336	-1
198.7470	-1
199.1603	-1
199.5738	-1
199.9872	-1
200.4007	-1
200.8141	-1
201.2276	-1
201.6411	-1
202.0546	-1
202.4682	-1
202.8818	-1
203.2953	-1
203.7089	-1
204.1225	-1
204.5362	-1
204.9500	-1
205.3637	-1
205.7774	-1
206.1912	-1
206.6049	-1
207.0188	-1
207.4326	-1
207.8465	-1
208.2603	-1
208.6742	-1
209.0880	-1
209.5020	-1
209.9160	-1
210.3300	-1
210.7439	-1
211.1579	-1
211.5719	-1
211.9860	-1
212.4001	-1
212.8142	-1
213.2283	-1
213.6424	-1
214.0565	-1
214.4718	-1
214.8871	-1
215.3024	-1
215.7178	-1
216.1331	-1
216.5484	-1
216.9642	1
217.3821	-1
217.8000	-1
218.2179	-1
218.6358	-1
219.0537	-1
219.4716	-1
219.8906	-1
220.3096	-1
220.7287	-1
221.1477	-1
221.5667	-1
221.9858	-1
222.4050	-1
222.8241	-1
223.2433	-1
223.6625	-1
224.0817	-1
224.5009	-1
224.9202	-1
225.3395	-1
225.7588	-1
226.1781	-1
226.5974	-1
227.0167	-1
227.4362	-1
227.8556	-1
228.2750	-1
228.6945	-1
229.1139	-1
229.5334	-1
229.9529	-1
230.3725	-1
230.7921	-1
231.2117	-1
231.6313	-1
232.0508	-1
232.4706	-1
232.8903	-1
233.3101	-1
233.7298	-1
234.1496	-1
234.5693	-1
234.9892	-1
235.4091	-1
235.8290	-1
236.2489	-1
236.6688	-1
237.0887	-1
237.5087	-1
237.9287	-1
238.3488	-1
238.7688	-1
239.1888	-1
239.6089	-1
240.0290	-1
240.4492	-1
240.8693	-1
241.2895	-1
241.7096	-1
242.1298	-1
242.5500	-1
242.9703	-1
243.3906	-1
243.8109	-1
244.2312	-1
244.6515	-1
245.0719	-1
245.4923	-1
245.9127	-1
246.3331	-1
246.7535	-1
247.1739	-1
247.5944	-1
248.0149	-1
248.4354	-1
248.8559	-1
249.2892	1
249.7241	-1
250.1593	1
250.5946	1
251.0310	-1
251.4675	-1
251.9040	-1
252.3404	-1
252.7769	-1
253.2134	-1
253.6499	-1
254.0865	-1
254.5354	1
254.9858	-1
255.4367	1
255.8875	1
256.3392	-1
256.7909	-1
257.2425	-1
257.6942	-1
258.1458	-1
258.5976	-1
259.0494	-1
259.5013	-1
259.9532	-1
260.4050	-1
260.8569	-1
261.3088	-1
261.7610	1
262.2138	-1
262.6667	-1
263.1195	-1
263.5724	-1
264.0252	-1
264.4781	-1
264.9435	1
265.4107	-1
265.8782	1
266.3457	1
266.8141	-1
267.2824	-1
267.7508	-1
268.2192	-1
268.6876	-1
269.1560	-1
269.6246	-1
270.0932	-1
270.5618	-1
271.0304	-1
271.4990	-1
271.9806	1
272.4638	-1
272.9473	1
273.4309	1
273.9157	-1
274.4006	-1
274.8855	-1
275.3703	-1
275.8552	-1
276.3401	-1
276.8250	-1
277.3100	-1
277.7950	-1
278.2800	-1
278.7650	-1
279.2500	-1
279.7353	1
280.2207	1
280.7061	1
281.1916	1
281.6784	-1
282.1653	-1
282.6522	-1
283.1391	-1
283.6260	-1
284.1129	-1
284.5999	-1
285.0869	-1
285.5739	-1
286.0609	-1
286.5479	-1
287.0349	-1
287.5221	-1
288.0092	-1
288.4964	-1
288.9835	-1
289.4707	-1
289.9578	-1
290.4451	-1
290.9323	-1
291.4196	-1
291.9069	-1
292.3942	-1
292.8814	-1
293.3691	1
293.8568	1
294.3446	1
294.8324	1
295.3203	1
295.8082	1
296.2961	1
296.7841	1
297.2734	-1
297.7627	-1
298.2520	-1
298.7414	-1
299.2307	-1
299.7201	-1
300.2099	1
300.6998	1
301.1903	-1
301.6808	-1
302.1714	-1
302.6619	-1
303.1524	-1
303.6430	-1
304.1339	-1
304.6247	-1
305.1156	-1
305.6065	-1
306.0974	-1
306.5883	-1
307.0793	-1
307.5703	-1
308.0614	-1
308.5524	-1
309.0434	-1
309.5345	-1
310.0258	1
310.5173	1
311.0092	-1
311.5012	-1
311.9932	-1
312.4852	-1
312.9771	-1
313.4691	-1
313.9613	-1
314.4534	-1
314.9456	-1
315.4377	-1
315.9299	-1
316.4221	-1
316.9143	-1
317.4066	-1
317.8989	-1
318.3912	-1
318.8835	-1
319.3757	-1
319.8681	-1
320.3605	-1
320.8529	-1
321.3453	-1
321.8377	-1
322.3301	-1
322.8226	1
323.3152	1
323.8077	1
324.3004	1
324.7941	1
325.2878	1
325.7816	1
326.2754	1
326.7693	1
327.2632	1
327.7571	1
328.2510	1
328.7454	-1
329.2397	-1
329.7341	-1
330.2285	-1
330.7229	-1
331.2173	-1
331.7118	-1
332.2064	-1
332.7009	-1
333.1954	-1
333.6900	-1
334.1846	-1
334.6798	-1
335.1751	-1
335.6704	-1
336.1656	-1
336.6609	-1
337.1562	-1
337.6516	-1
338.1471	-1
338.6425	-1
339.1380	-1
339.6335	-1
340.1290	-1
340.6246	1
341.1202	1
341.6159	1
342.1116	1
342.6104	-1
343.1093	-1
343.6081	-1
344.1070	-1
344.6058	-1
345.1046	-1
345.6036	-1
346.1026	-1
346.6015	-1
347.1005	-1
347.5995	-1
348.0984	-1
348.5976	-1
349.0968	-1
349.5959	-1
350.0951	-1
350.5943	-1
351.0935	-1
351.5927	-1
352.0920	-1
352.5913	-1
353.0906	-1
353.5899	-1
354.0892	-1
354.5886	-1
355.0880	-1
355.5875	-1
356.0869	-1
356.5863	-1
357.0857	-1
357.5853	-1
358.0848	-1
358.5844	-1
359.0839	-1
359.5834	-1
360.0830	-1
360.5841	-1
361.0853	-1
361.5865	-1
362.0876	-1
362.5888	-1
363.0899	-1
363.5912	-1
364.0925	-1
364.5938	-1
365.0951	-1
365.5963	-1
366.0977	-1
366.5991	-1
367.1005	-1
367.6019	-1
368.1034	-1
368.6048	-1
369.1062	-1
369.6078	-1
370.1093	-1
370.6108	-1
371.1124	-1
371.6140	-1
372.1155	-1
372.6172	-1
373.1188	-1
373.6205	-1
374.1221	-1
374.6238	-1
375.1255	-1
375.6273	-1
376.1291	-1
376.6309	-1
377.1327	-1
377.6345	-1
378.1364	-1
378.6383	-1
379.1402	-1
379.6422	-1
380.1441	-1
380.6461	-1
381.1480	-1
381.6501	-1
382.1522	-1
382.6542	-1
383.1563	-1
383.6584	-1
384.1605	-1
384.6627	-1
385.1649	-1
385.6671	-1
386.1693	-1
386.6714	-1
387.1736	-1
387.6759	-1
388.1782	-1
388.6935	1
389.2101	-1
389.7272	1
390.2443	1
390.7619	-1
391.2796	-1
391.7977	-1
392.3278	1
392.8592	-1
393.3911	1
393.9230	1
394.4560	-1
394.9891	-1
395.5221	-1
396.0552	-1
396.5883	-1
397.1336	1
397.6803	-1
398.2273	1
398.7744	1
399.3221	-1
399.8699	-1
400.4177	-1
400.9654	-1
401.5132	-1
402.0609	-1
402.6089	-1
403.1568	-1
403.7047	-1
404.2526	-1
404.8005	-1
405.3484	-1
405.8968	1
406.4453	1
406.9943	-1
407.5434	-1
408.0925	-1
408.6416	-1
409.1907	-1
409.7398	-1
410.2890	-1
410.8382	-1
411.4001	1
411.9635	-1
412.5272	1
413.0910	1
413.6559	-1
414.2208	-1
414.7857	-1
415.3506	-1
415.9155	-1
416.4804	-1
417.0454	-1
417.6105	-1
418.1756	-1
418.7406	-1
419.3057	-1
419.8708	-1
420.4362	1
421.0017	1
421.5672	1
422.1328	1
422.6997	-1
423.2667	-1
423.8336	-1
424.4006	-1
424.9676	-1
425.5345	-1
426.1018	-1
426.6691	-1
427.2364	-1
427.8037	-1
428.3710	-1
428.9383	-1
429.5057	-1
430.0732	-1
430.6406	-1
431.2080	-1
431.7755	-1
432.3429	-1
432.9105	-1
433.4780	-1
434.0456	-1
434.6131	-1
435.1807	-1
435.7483	-1
436.3160	1
436.8839	1
437.4518	1
438.0199	1
438.5887	1
439.1576	1
439.7266	1
440.2955	1
440.8654	-1
441.4352	-1
442.0050	-1
442.5748	-1
443.1447	-1
443.7145	-1
444.2846	-1
444.8546	-1
445.4247	-1
445.9947	-1
446.5648	-1
447.1349	-1
447.7052	-1
448.2756	-1
448.8460	-1
449.4164	-1
449.9868	-1
450.5572	-1
451.1277	-1
451.6982	-1
452.2687	-1
452.8392	-1
453.4098	-1
453.9803	-1
454.5511	1
455.1220	1
455.6929	1
456.2639	1
456.8349	1
457.4060	1
457.9771	1
458.5482	1
459.1205	-1
459.6929	-1
460.2652	-1
460.8376	-1
461.4100	-1
461.9824	-1
462.5555	-1
463.1287	-1
463.7018	-1
464.2750	-1
464.8481	-1
465.4213	-1
465.9945	-1
466.5678	-1
467.1411	-1
467.7144	-1
468.2876	-1
468.8609	-1
469.4343	-1
470.0077	-1
470.5811	-1
471.1545	-1
471.7279	-1
472.3013	-1
472.8756	1
473.4502	1
474.0262	-1
474.6022	-1
475.1782	-1
475.7542	-1
476.3303	-1
476.9063	-1
477.4827	-1
478.0591	-1
478.6355	-1
479.2119	-1
479.7882	-1
480.3646	-1
480.9411	-1
481.5176	-1
482.0941	-1
482.6707	-1
483.2472	-1
483.8237	-1
484.4004	-1
484.9770	-1
485.5537	-1
486.1303	-1
486.7070	-1
487.2837	-1
487.8605	-1
488.4374	-1
489.0143	-1
489.5911	-1
490.1680	-1
490.7449	-1
491.3219	-1
491.8989	-1
492.4759	-1
493.0529	-1
493.6299	-1
494.2068	-1
494.7839	-1
495.3611	-1
495.9382	-1
496.5153	-1
497.0924	-1
497.6695	-1
498.2467	-1
498.8239	-1
499.4012	-1
499.9784	-1
500.5556	-1
501.1329	-1
501.7102	-1
502.2876	-1
502.8650	-1
503.4423	-1
504.0197	-1
504.5970	-1
505.1745	-1
505.7520	-1
506.3294	-1
506.9197	1
507.5116	-1
508.1039	1
508.6962	1
509.2896	-1
509.8830	-1
510.4764	-1
511.0699	-1
511.6633	-1
512.2567	-1
512.8502	-1
513.4437	-1
514.0497	1
514.6572	-1
515.2651	1
515.8731	1
516.4819	-1
517.0906	-1
517.6994	-1
518.3082	-1
518.9169	-1
519.5257	-1
520.1346	-1
520.7560	1
521.3790	-1
522.0023	1
522.6259	1
523.2501	-1
523.8744	-1
524.4987	-1
525.1229	-1
525.7477	-1
526.3848	1
527.0234	-1
527.6623	1
528.3013	1
528.9415	-1
529.5817	-1
530.2219	-1
530.8621	-1
531.5023	-1
532.1425	-1
532.7828	-1
533.4231	-1
534.0634	-1
534.7037	-1
535.3441	-1
535.9844	-1
536.6251	1
537.2659	1
537.9068	1
538.5477	1
539.1899	-1
539.8321	-1
540.4744	-1
541.1166	-1
541.7589	-1
542.4012	-1
543.0435	-1
543.6859	-1
544.3283	-1
544.9707	-1
545.6131	-1
546.2555	-1
546.8984	-1
547.5413	-1
548.1841	-1
548.8270	-1
549.4699	-1
550.1128	-1
550.7558	1
551.3988	-1
552.0418	-1
552.6848	-1
553.3278	-1
553.9708	-1
554.6138	-1
555.2569	1
555.9000	1
556.5431	1
557.1866	1
557.8303	1
558.4741	1
559.1179	1
559.7629	-1
560.4079	-1
561.0530	-1
561.6981	-1
562.3431	-1
562.9882	-1
563.6339	-1
564.2797	-1
564.9254	-1
565.5712	-1
566.2169	-1
566.8627	-1
567.5087	1
568.1548	1
568.8015	1
569.4481	1
570.0949	-1
570.7418	-1
571.3886	-1
572.0355	-1
572.6823	-1
573.3292	-1
573.9762	-1
574.6232	-1
575.2703	-1
575.9173	-1
576.5643	-1
577.2114	-1
577.8586	-1
578.5058	-1
579.1530	-1
579.8002	-1
580.4474	-1
581.0947	-1
581.7421	-1
582.3895	-1
583.0369	-1
583.6843	-1
584.3317	-1
584.9791	-1
585.6279	1
586.2768	-1
586.9257	-1
587.5745	-1
588.2234	-1
588.8723	-1
589.5211	-1
590.1700	1
590.8190	1
591.4688	-1
592.1185	-1
592.7683	-1
593.4182	-1
594.0680	-1
594.7178	-1
595.3694	-1
596.0209	-1
596.6725	-1
597.3240	-1
597.9756	-1
598.6272	-1
599.2792	-1
599.9313	-1
600.5833	-1
601.2354	-1
601.8874	-1
602.5394	-1
603.1916	-1
603.8438	-1
604.4960	-1
605.1483	-1
605.8005	-1
606.4527	-1
607.1050	-1
607.7573	-1
608.4095	-1
609.0619	-1
609.7142	-1
610.3666	-1
611.0190	-1
611.6715	-1
612.3240	-1
612.9764	-1
613.6289	-1
614.2814	-1
614.9339	-1
615.5865	-1
616.2391	-1
616.8917	-1
617.5443	-1
618.1968	-1
618.8495	-1
619.5023	-1
620.1550	-1
620.8077	-1
621.4604	-1
622.1260	1
622.7930	-1
623.4604	1
624.1279	1
624.7966	-1
625.4652	-1
626.1339	-1
626.8025	-1
627.4711	-1
628.1398	-1
628.8086	-1
629.4774	-1
630.1462	-1
630.8151	-1
631.4839	-1
632.1527	-1
632.8219	1
633.4911	1
634.1604	1
634.8297	1
635.5006	-1
636.1715	-1
636.8424	-1
637.5133	-1
638.1842	-1
638.8551	-1
639.5261	-1
640.1971	-1
640.8682	-1
641.5392	-1
642.2102	-1
642.8812	-1
643.5524	-1
644.2235	-1
644.8947	-1
645.5659	-1
646.2371	-1
646.9083	-1
647.5795	-1
648.2508	-1
648.9221	-1
649.5933	-1
650.2646	-1
650.9359	-1
651.6075	1
652.2791	1
652.9509	1
653.6228	1
654.2947	1
654.9667	1
655.6393	1
656.3118	1
656.9860	-1
657.6601	-1
658.3342	-1
659.0084	-1
659.6825	-1
660.3566	-1
661.0309	-1
661.7051	-1
662.3794	-1
663.0536	-1
663.7279	-1
664.4022	-1
665.0765	-1
665.7509	-1
666.4253	-1
667.0997	-1
667.7740	-1
668.4484	-1
669.1235	1
669.7985	1
670.4736	1
671.1488	1
671.8240	1
672.4992	1
673.1747	-1
673.8502	-1
674.5256	-1
675.2011	-1
675.8766	-1
676.5521	-1
677.2277	-1
677.9033	-1
678.5789	-1
679.2546	-1
679.9302	-1
680.6059	-1
681.2817	-1
681.9576	-1
682.6334	-1
683.3093	-1
683.9851	-1
684.6610	-1
685.3376	-1
686.0143	-1
686.6910	-1
687.3677	-1
688.0444	-1
688.7211	-1
689.3985	-1
690.0759	-1
690.7532	-1
691.4306	-1
692.1080	-1
692.7853	-1
693.4629	-1
694.1404	-1
694.8180	-1
695.4955	-1
696.1731	-1
696.8506	-1
697.5283	1
698.2061	1
698.8839	1
699.5621	-1
700.2404	-1
700.9188	-1
701.5971	-1
702.2755	-1
702.9538	-1
703.6323	-1
704.3107	-1
704.9892	-1
705.6677	-1
706.3462	-1
707.0247	-1
707.7034	-1
708.3820	-1
709.0607	-1
709.7393	-1
710.4180	-1
711.0966	-1
711.7769	-1
712.4571	-1
713.1374	-1
713.8177	-1
714.4980	-1
715.1783	-1
715.8588	-1
716.5392	-1
717.2197	-1
717.9002	-1
718.5807	-1
719.2612	-1
719.9421	-1
720.6230	-1
721.3039	-1
721.9848	-1
722.6657	-1
723.3466	-1
724.0276	-1
724.7087	-1
725.3897	-1
726.0707	-1
726.7518	-1
727.4328	-1
728.1140	-1
728.7951	-1
729.4763	-1
730.1574	-1
730.8516	1
731.5472	-1
732.2432	1
732.9393	1
733.6366	-1
734.3339	-1
735.0312	-1
735.7286	-1
736.4259	-1
737.1232	-1
737.8207	-1
738.5181	-1
739.2156	-1
739.9130	-1
740.6105	-1
741.3079	-1
742.0058	1
742.7037	1
743.4017	1
744.0997	1
744.7991	-1
745.4985	-1
746.1979	-1
746.8973	-1
747.5967	-1
748.2961	-1
748.9956	-1
749.6951	-1
750.3947	-1
751.0942	-1
751.7937	-1
752.4932	-1
753.1929	-1
753.8925	-1
754.5922	-1
755.2918	-1
755.9915	-1
756.6911	-1
757.3909	-1
758.0906	-1
758.7904	-1
759.4902	-1
760.1899	-1
760.8897	-1
761.5898	1
762.2900	1
762.9903	1
763.6906	1
764.3909	1
765.0912	1
765.7917	1
766.4921	1
767.1940	-1
767.8959	-1
768.5978	-1
769.2997	-1
770.0016	-1
770.7035	-1
771.4058	1
772.1082	1
772.8110	-1
773.5139	-1
774.2168	-1
774.9197	-1
775.6226	-1
776.3254	-1
777.0289	1
777.7324	1
778.4368	-1
779.1413	-1
779.8458	-1
780.5502	-1
781.2547	-1
781.9592	-1
782.6638	-1
783.3683	-1
784.0729	-1
784.7775	-1
785.4821	-1
786.1867	-1
786.8923	1
787.5978	1
788.3036	-1
789.0093	-1
789.7151	-1
790.4208	-1
791.1266	-1
791.8324	-1
792.5386	-1
793.2448	-1
793.9510	-1
794.6573	-1
795.3635	-1
796.0698	-1
796.7762	-1
797.4826	-1
798.1890	-1
798.8954	-1
799.6019	-1
800.3083	-1
801.0148	-1
801.7214	-1
802.4279	-1
803.1345	-1
803.8410	-1
804.5475	-1
805.2542	-1
805.9609	-1
806.6675	-1
807.3742	-1
808.0809	-1
808.7875	-1
809.4943	1
810.2012	1
810.9080	1
811.6149	1
812.3218	-1
813.0287	-1
813.7357	-1
814.4426	-1
815.1495	-1
815.8564	-1
816.5635	-1
817.2707	-1
817.9778	-1
818.6850	-1
819.3922	-1
820.0993	-1
820.8069	1
821.5146	1
822.2236	1
822.9326	1
823.6416	1
824.3506	1
825.0598	1
825.7689	1
826.4780	1
827.1873	1
827.8965	1
828.6058	1
829.3153	-1
830.0248	-1
830.7343	-1
831.4438	-1
832.1533	-1
832.8629	-1
833.5734	1
834.2841	1
834.9951	-1
835.7062	-1
836.4172	-1
837.1283	-1
837.8394	-1
838.5504	-1
839.2618	-1
839.9733	-1
840.6848	-1
841.3962	-1
842.1077	-1
842.8192	-1
843.5308	-1
844.2424	-1
844.9540	-1
845.6656	-1
846.3773	-1
847.0889	-1
847.8006	-1
848.5123	-1
849.2241	-1
849.9358	-1
850.6475	-1
851.3593	-1
852.0711	-1
852.7830	-1
853.4948	-1
854.2067	-1
854.9185	-1
855.6304	-1
856.3423	-1
857.0543	-1
857.7663	-1
858.4783	-1
859.1902	-1
859.9022	-1
860.6143	-1
861.3264	-1
862.0385	-1
862.7506	-1
863.4627	-1
864.1748	-1
864.8871	1
865.5995	1
866.3135	-1
867.0278	1
867.7421	1
868.4564	1
869.1708	1
869.8853	1
870.5997	1
871.3143	1
872.0288	1
872.7434	1
873.4581	1
874.1735	1
874.8890	1
875.6052	1
876.3221	-1
877.0390	-1
877.7559	-1
878.4728	-1
879.1898	-1
879.9067	-1
880.6249	-1
881.3432	-1
882.0615	-1
882.7797	-1
883.4980	-1
884.2162	-1
884.9346	-1
885.6530	-1
886.3714	-1
887.0898	-1
887.8082	-1
888.5266	-1
889.2451	-1
889.9636	-1
890.6821	-1
891.4006	-1
892.1191	-1
892.8376	-1
893.5562	-1
894.2748	-1
894.9935	-1
895.7121	-1
896.4307	-1
897.1494	-1
897.8683	1
898.5873	1
899.3072	-1
900.0270	-1
900.7469	-1
901.4667	-1
902.1866	-1
902.9064	-1
903.6265	-1
904.3466	-1
905.0667	-1
905.7868	-1
906.5070	-1
907.2271	-1
907.9474	-1
908.6677	-1
909.3879	-1
910.1082	-1
910.8285	-1
911.5488	-1
912.2692	-1
912.9896	-1
913.7100	-1
914.4304	-1
915.1508	-1
915.8712	-1
916.5917	-1
917.3122	-1
918.0327	-1
918.7532	-1
919.4738	-1
920.1943	-1
920.9149	-1
921.6356	-1
922.3562	-1
923.0768	-1
923.7975	-1
924.5181	-1
925.2394	1
925.9608	1
926.6822	1
927.4036	1
928.1251	1
928.8466	1
929.5681	1
930.2897	1
931.0135	-1
931.7374	-1
932.4612	-1
933.1851	-1
933.9090	-1
934.6329	-1
935.3569	-1
936.0809	-1
936.8049	-1
937.5289	-1
938.2529	-1
938.9769	-1
939.7010	-1
940.4253	-1
941.1495	-1
941.8738	-1
942.5980	-1
943.3223	-1
944.0466	-1
944.7711	-1
945.4955	-1
946.2199	-1
946.9443	-1
947.6688	-1
948.3934	-1
949.1180	-1
949.8426	-1
950.5672	-1
951.2918	-1
952.0164	-1
952.7418	1
953.4673	1
954.1928	1
954.9184	1
955.6456	1
956.3729	1
957.1002	1
957.8275	1
958.5549	1
959.2823	1
960.0098	1
960.7374	1
961.4649	1
962.1925	1
962.9201	1
963.6478	1
964.3755	1
965.1032	1
965.8311	1
966.5590	1
967.2869	1
968.0148	1
968.7431	-1
969.4714	-1
970.1996	-1
970.9279	-1
971.6562	-1
972.3846	-1
973.1130	-1
973.8416	-1
974.5701	-1
975.2986	-1
976.0271	-1
976.7556	-1
977.4843	-1
978.2130	-1
978.9417	-1
979.6705	-1
980.3992	-1
981.1280	-1
981.8569	-1
982.5859	-1
983.3148	-1
984.0438	-1
984.7727	-1
985.5016	-1
986.2308	-1
986.9599	-1
987.6890	-1
988.4182	-1
989.1473	-1
989.8764	-1
990.6080	1
991.3396	1
992.0712	1
992.8029	1
993.5347	1
994.2664	1
994.9982	1
995.7301	1
996.4630	1
997.1959	1
997.9297	-1
998.6636	-1
999.3975	-1
1000.1314	-1
1000.8653	-1
1001.5992	-1
1002.3335	-1
1003.0679	-1
1003.8022	-1
1004.5366	-1
1005.2710	-1
1006.0054	-1
1006.7406	-1
1007.4758	-1
1008.2111	-1
1008.9463	-1
1009.6815	-1
1010.4168	-1
1011.1522	1
1011.8876	1
1012.6230	1
1013.3585	1
1014.0956	-1
1014.8328	-1
1015.5699	-1
1016.3070	-1
1017.0441	-1
1017.7812	-1
1018.5186	-1
1019.2560	-1
1019.9933	-1
1020.7307	-1
1021.4681	-1
1022.2054	-1
1022.9430	-1
1023.6805	-1
1024.4181	-1
1025.1556	-1
1025.8932	-1
1026.6307	-1
1027.3685	-1
1028.1063	-1
1028.8441	-1
1029.5819	-1
1030.3197	-1
1031.0575	-1
1031.7954	-1
1032.5333	-1
1033.2712	-1
1034.0092	-1
1034.7471	-1
1035.4850	-1
1036.2230	-1
1036.9611	-1
1037.6991	-1
1038.4371	-1
1039.1752	-1
1039.9132	-1
1040.6517	1
1041.3903	1
1042.1307	-1
1042.8712	-1
1043.6117	-1
1044.3522	-1
1045.0927	-1
1045.8331	-1
1046.5739	-1
1047.3146	-1
1048.0553	-1
1048.7960	-1
1049.5367	-1
1050.2775	-1
1051.0183	-1
1051.7593	-1
1052.5002	-1
1053.2412	-1
1053.9822	-1
1054.7231	-1
1055.4642	-1
1056.2053	-1
1056.9464	-1
1057.6875	-1
1058.4286	-1
1059.1697	-1
1059.9109	-1
1060.6521	-1
1061.3933	-1
1062.1345	-1
1062.8757	-1
1063.6169	-1
1064.3583	-1
1065.0996	-1
1065.8409	-1
1066.5823	-1
1067.3236	-1
1068.0649	-1
1068.8064	-1
1069.5479	-1
1070.2893	-1
1071.0308	-1
1071.7722	-1
1072.5137	-1
1073.2552	-1
1073.9968	-1
1074.7384	-1
1075.4800	-1
1076.2216	-1
1076.9631	-1
1077.7048	-1
1078.4465	-1
1079.1882	-1
1079.9299	-1
1080.6716	-1
1081.4133	-1
1082.1571	1
1082.9010	1
1083.6449	1
1084.3889	1
1085.1329	1
1085.8771	1
1086.6212	1
1087.3654	1
1088.1096	1
1088.8539	1
1089.5981	1
1090.3430	-1
1091.0879	-1
1091.8329	-1
1092.5779	-1
1093.3229	-1
1094.0679	-1
1094.8130	-1
1095.5581	-1
1096.3032	-1
1097.0483	-1
1097.7935	-1
1098.5386	-1
1099.2839	-1
1100.0293	-1
1100.7747	-1
1101.5200	-1
1102.2654	-1
1103.0107	-1
1103.7562	-1
1104.5017	-1
1105.2472	-1
1105.9927	-1
1106.7382	-1
1107.4836	-1
1108.2294	-1
1108.9751	-1
1109.7208	-1
1110.4666	-1
1111.2123	-1
1111.9580	-1
1112.7065	-1
1113.4551	-1
1114.2036	-1
1114.9521	-1
1115.7007	-1
1116.4492	-1
1117.1980	-1
1117.9468	-1
1118.6956	-1
1119.4443	-1
1120.1931	-1
1120.9419	-1
1121.6908	-1
1122.4397	-1
1123.1886	-1
1123.9375	-1
1124.6865	-1
1125.4355	-1
1126.1847	-1
1126.9338	-1
1127.6830	-1
1128.4321	-1
1129.1813	-1
1129.9304	-1
1130.6797	-1
1131.4290	-1
1132.1782	-1
1132.9275	-1
1133.6768	-1
1134.4260	-1
1135.1755	-1
1135.9250	-1
1136.6746	-1
1137.4241	-1
1138.1736	-1
1138.9231	-1
1139.6727	-1
1140.4224	-1
1141.1720	-1
1141.9216	-1
1142.6713	-1
1143.4209	-1
1144.1707	-1
1144.9204	-1
1145.6702	-1
1146.4199	-1
1147.1698	-1
1147.9197	-1
1148.6696	-1
1149.4194	-1
1150.1693	-1
1150.9192	-1
1151.6691	-1
1152.4189	-1
1153.1689	-1
1153.9189	-1
1154.6689	-1
1155.4189	-1
1156.1689	-1
1156.9189	-1
1157.6691	-1
1158.4192	-1
1159.1693	-1
1159.9194	-1
1160.6697	-1
1161.4199	-1
1162.1702	-1
1162.9204	-1
1163.6707	-1
1164.4209	-1
1165.1713	-1
1165.9216	-1
1166.6779	-1
1167.4341	-1
1168.1903	-1
1168.9465	-1
1169.7028	-1
1170.4590	-1
1171.2153	-1
1171.9717	-1
1172.7280	-1
1173.4844	-1
1174.2407	-1
1174.9971	-1
1175.7535	-1
1176.5100	-1
1177.2665	-1
1178.0229	-1
1178.7794	-1
1179.5359	-1
1180.2925	-1
1181.0491	-1
1181.8057	-1
1182.5623	-1
1183.3188	-1
1184.0754	-1
1184.8323	-1
1185.5891	-1
1186.3459	-1
1187.1028	-1
1187.8596	-1
1188.6165	-1
1189.3734	-1
1190.1304	-1
1190.8873	-1
1191.6443	-1
1192.4012	-1
1193.1582	-1
1193.9153	-1
1194.6724	-1
1195.4294	-1
1196.1865	-1
1196.9436	-1
1197.7007	-1
1198.4579	-1
1199.2151	-1
1199.9723	-1
1200.7295	-1
1201.4867	-1
1202.2439	-1
1203.0012	-1
1203.7585	-1
1204.5159	-1
1205.2732	-1
1206.0305	-1
1206.7878	-1
1207.5453	-1
1208.3027	-1
1209.0602	-1
1209.8176	-1
1210.5751	-1
1211.3325	-1
1212.0901	-1
1212.8477	-1
1213.6052	-1
1214.3628	-1
1215.1204	-1
1215.8779	-1
1216.6355	-1
1217.3932	-1
1218.1509	-1
1218.9086	-1
1219.6663	-1
1220.4240	-1
1221.1824	-1
1221.9408	-1
1222.6992	-1
1223.4576	-1
1224.2161	-1
1224.9745	-1
1225.7330	-1
1226.4916	-1
1227.2501	-1
1228.0087	-1
1228.7672	-1
1229.5258	-1
1230.2844	-1
1231.0431	-1
1231.8018	-1
1232.5604	-1
1233.3191	-1
1234.0778	-1
1234.8365	-1
1235.5953	-1
1236.3541	-1
1237.1129	-1
1237.8717	-1
1238.6305	-1
1239.3894	-1
1240.1483	-1
1240.9072	-1
1241.6663	-1
1242.4253	-1
1243.1843	-1
1243.9434	-1
1244.7025	-1
1245.4617	-1
1246.2208	-1
1246.9800	-1
1247.7391	-1
1248.4984	-1
1249.2577	-1
1250.0170	-1
1250.7762	-1
1251.5355	-1
1252.2948	-1
1253.0541	-1
1253.8135	-1
1254.5729	-1
1255.3323	-1
1256.0917	-1
1256.8511	-1
1257.6106	-1
1258.3701	-1
1259.1296	-1
1259.8892	-1
1260.6487	-1
1261.4082	-1
1262.1677	-1
1262.9274	-1
1263.6870	-1
1264.4467	-1
1265.2063	-1
1265.9659	-1
1266.7257	-1
1267.4855	-1
1268.2452	-1
1269.0050	-1
1269.7648	-1
1270.5245	-1
1271.2844	-1
1272.0443	-1
1272.8042	-1
1273.5641	-1
1274.3240	-1
1275.0839	-1
1275.8439	-1
1276.6039	-1
1277.3639	-1
1278.1239	-1
1278.8839	-1
1279.6439	-1
1280.4041	-1
1281.1642	-1
1281.9243	-1
1282.6844	-1
1283.4446	-1
1284.2047	-1
1284.9650	-1
1285.7252	-1
1286.4855	-1
1287.2457	-1
1288.0060	-1
1288.7662	-1
1289.5266	-1
1290.2870	-1
1291.0474	-1
1291.8077	-1
1292.5681	-1
1293.3285	-1
1294.0890	-1
1294.8495	-1
1295.6100	-1
1296.5530	1
1297.4961	1
1298.4392	1
1299.3823	1
1300.3254	1
1301.2687	1
1302.2119	1
1303.1552	1
1304.0984	1
1305.0417	-1
1305.9851	-1
1306.9285	-1
1307.8718	-1
1308.8152	-1
1309.7585	-1
1310.7020	-1
1311.6455	-1
1312.5890	-1
1313.5325	-1
1314.4760	-1
1315.4194	-1
1316.3630	-1
1317.3066	-1
1318.2504	-1
1319.1941	-1
1320.1378	-1
1321.0815	-1
1322.0254	-1
1322.9692	-1
1323.9131	-1
1324.8571	-1
1325.8010	-1
1326.7450	-1
1327.6891	-1
1328.6332	-1
1329.5773	-1
1330.5214	-1
1331.4655	-1
1332.4095	-1
1333.3538	-1
1334.2980	-1
1335.2422	-1
1336.1864	-1
1337.1306	-1
1338.0748	-1
1339.0192	-1
1339.9635	-1
1340.9078	-1
1341.8522	-1
1342.7965	-1
1343.7408	-1
1344.6854	-1
1345.6300	-1
1346.5746	-1
1347.5192	-1
1348.4637	-1
1349.4083	-1
1350.3534	-1
1351.2985	-1
1352.2435	-1
1353.1886	-1
1354.1337	-1
1355.0787	-1
1356.0370	1
1356.9969	-1
1357.9573	1
1358.9176	1
1359.8790	-1
1360.8406	-1
1361.8021	-1
1362.7637	-1
1363.7252	-1
1364.6868	-1
1365.6484	-1
1366.6101	-1
1367.5718	-1
1368.5334	-1
1369.4951	-1
1370.4568	-1
1371.4187	1
1372.3807	1
1373.3428	1
1374.3049	1
1375.2684	-1
1376.2319	-1
1377.1954	-1
1378.1589	-1
1379.1224	-1
1380.0859	-1
1381.0496	-1
1382.0132	-1
1382.9768	-1
1383.9404	-1
1384.9041	-1
1385.8677	-1
1386.8314	-1
1387.7952	-1
1388.7589	-1
1389.7227	-1
1390.6864	-1
1391.6501	-1
1392.6140	-1
1393.5779	-1
1394.5417	-1
1395.5056	-1
1396.4695	-1
1397.4333	-1
1398.3975	1
1399.3619	1
1400.3265	1
1401.2911	1
1402.2559	1
1403.2206	1
1404.1854	1
1405.1503	1
1406.1160	-1
1407.0817	-1
1408.0474	-1
1409.0131	-1
1409.9788	-1
1410.9445	-1
1411.9111	-1
1412.8778	-1
1413.8445	-1
1414.8112	-1
1415.7778	-1
1416.7445	-1
1417.7119	1
1418.6793	1
1419.6467	1
1420.6143	1
1421.5822	-1
1422.5500	-1
1423.5179	-1
1424.4858	-1
1425.4537	-1
1426.4216	-1
1427.3896	-1
1428.3577	-1
1429.3257	-1
1430.2937	-1
1431.2617	-1
1432.2297	-1
1433.1984	1
1434.1672	1
1435.1362	1
1436.1053	1
1437.0746	-1
1438.0438	-1
1439.0131	-1
1439.9823	-1
1440.9515	-1
1441.9208	-1
1442.8905	-1
1443.8602	-1
1444.8300	-1
1445.7997	-1
1446.7694	-1
1447.7391	-1
1448.7091	-1
1449.6791	-1
1450.6490	-1
1451.6190	-1
1452.5890	-1
1453.5590	-1
1454.5291	-1
1455.4991	-1
1456.4692	-1
1457.4393	-1
1458.4094	-1
1459.3795	-1
1460.3500	-1
1461.3204	-1
1462.2909	-1
1463.2614	-1
1464.2318	-1
1465.2023	-1
1466.1729	1
1467.1434	1
1468.1149	1
1469.0863	1
1470.0577	1
1471.0293	1
1472.0009	1
1472.9724	1
1473.9441	1
1474.9158	1
1475.8876	-1
1476.8595	-1
1477.8314	-1
1478.8033	-1
1479.7753	-1
1480.7472	-1
1481.7196	-1
1482.6921	-1
1483.6647	-1
1484.6372	-1
1485.6097	-1
1486.5823	-1
1487.5549	-1
1488.5276	-1
1489.5002	-1
1490.4729	-1
1491.4456	-1
1492.4182	-1
1493.3920	-1
1494.3657	-1
1495.3395	-1
1496.3132	-1
1497.2870	-1
1498.2607	-1
1499.2345	1
1500.2084	1
1501.1830	1
1502.1577	1
1503.1326	1
1504.1074	1
1505.0823	1
1506.0573	1
1507.0342	-1
1508.0111	-1
1508.9880	-1
1509.9650	-1
1510.9419	-1
1511.9188	-1
1512.8960	-1
1513.8732	-1
1514.8503	-1
1515.8275	-1
1516.8047	-1
1517.7819	-1
1518.7593	-1
1519.7367	-1
1520.7141	-1
1521.6915	-1
1522.6689	-1
1523.6464	-1
1524.6239	-1
1525.6016	-1
1526.5792	-1
1527.5569	-1
1528.5345	-1
1529.5122	-1
1530.4900	-1
1531.4678	-1
1532.4456	-1
1533.4235	-1
1534.4014	-1
1535.3793	-1
1536.3573	-1
1537.3353	-1
1538.3134	-1
1539.2914	-1
1540.2694	-1
1541.2474	-1
1542.2263	-1
1543.2052	-1
1544.1841	-1
1545.1630	-1
1546.1418	-1
1547.1207	-1
1548.0997	-1
1549.0787	-1
1550.0577	-1
1551.0367	-1
1552.0157	-1
1552.9948	-1
1553.9739	-1
1554.9530	-1
1555.9321	-1
1556.9113	-1
1557.8904	-1
1558.8695	-1
1559.8488	-1
1560.8280	-1
1561.8073	-1
1562.7865	-1
1563.7657	-1
1564.7450	-1
1565.7244	-1
1566.7037	-1
1567.6831	-1
1568.6625	-1
1569.6418	-1
1570.6212	-1
1571.6008	1
1572.5806	1
1573.5603	1
1574.5402	1
1575.5200	1
1576.4999	1
1577.4799	1
1578.4598	1
1579.4398	1
1580.4199	1
1581.4000	1
1582.3801	1
1583.3617	-1
1584.3433	-1
1585.3248	-1
1586.3064	-1
1587.2880	-1
1588.2695	-1
1589.2513	-1
1590.2332	-1
1591.2150	-1
1592.1968	-1
1593.1786	-1
1594.1604	-1
1595.1423	-1
1596.1243	-1
1597.1062	-1
1598.0881	-1
1599.0701	-1
1600.0520	-1
1601.0348	1
1602.0176	1
1603.0005	1
1603.9834	1
1604.9663	1
1605.9493	1
1606.9324	1
1607.9155	1
1608.8987	1
1609.8818	1
1610.8655	-1
1611.8491	-1
1612.8328	-1
1613.8164	-1
1614.8002	-1
1615.7839	-1
1616.7682	-1
1617.7524	-1
1618.7367	-1
1619.7209	-1
1620.7052	-1
1621.6895	-1
1622.6740	-1
1623.6584	-1
1624.6429	-1
1625.6274	-1
1626.6119	-1
1627.5964	-1
1628.5811	-1
1629.5657	-1
1630.5503	-1
1631.5349	-1
1632.5195	-1
1633.5042	-1
1634.4889	-1
1635.4736	-1
1636.4584	-1
1637.4431	-1
1638.4279	-1
1639.4126	-1
1640.3997	-1
1641.3868	-1
1642.3740	-1
1643.3612	-1
1644.3484	-1
1645.3356	-1
1646.3229	-1
1647.3102	-1
1648.2975	-1
1649.2848	-1
1650.2721	-1
1651.2594	-1
1652.2482	-1
1653.2369	-1
1654.2257	-1
1655.2145	-1
1656.2032	-1
1657.1920	-1
1658.1814	-1
1659.1708	-1
1660.1603	-1
1661.1498	-1
1662.1393	-1
1663.1288	-1
1664.1188	-1
1665.1088	-1
1666.0988	-1
1667.0887	-1
1668.0787	-1
1669.0687	-1
1670.0592	-1
1671.0497	-1
1672.0402	-1
1673.0306	-1
1674.0211	-1
1675.0116	-1
1676.0029	-1
1676.9943	-1
1677.9856	-1
1678.9769	-1
1679.9683	-1
1680.9596	-1
1681.9510	-1
1682.9425	-1
1683.9340	-1
1684.9254	-1
1685.9169	-1
1686.9083	-1
1687.8999	-1
1688.8915	-1
1689.8831	-1
1690.8746	-1
1691.8662	-1
1692.8578	-1
1693.8505	-1
1694.8431	-1
1695.8358	-1
1696.8285	-1
1697.8212	-1
1698.8140	-1
1699.8069	-1
1700.7998	-1
1701.7927	-1
1702.7856	-1
1703.7786	-1
1704.7715	-1
1705.7645	-1
1706.7576	-1
1707.7506	-1
1708.7437	-1
1709.7367	-1
1710.7297	-1
1711.7229	-1
1712.7161	-1
1713.7092	-1
1714.7024	-1
1715.6956	-1
1716.6887	-1
1717.6820	-1
1718.6753	-1
1719.6686	-1
1720.6619	-1
1721.6552	-1
1722.6484	-1
1723.6426	-1
1724.6367	-1
1725.6309	-1
1726.6250	-1
1727.6191	-1
1728.6133	-1
1729.6075	-1
1730.6018	-1
1731.5961	-1
1732.5903	-1
1733.5846	-1
1734.5789	-1
1735.5732	-1
1736.5676	-1
1737.5620	-1
1738.5564	-1
1739.5508	-1
1740.5452	-1
1741.5397	-1
1742.5342	-1
1743.5287	-1
1744.5232	-1
1745.5177	-1
1746.5122	-1
1747.6956	1
1748.8789	1
1750.0623	1
1751.2457	1
1752.4292	1
1753.6127	1
1754.7980	-1
1755.9833	-1
1757.1686	-1
1758.3542	-1
1759.5399	-1
1760.7256	-1
1761.9113	-1
1763.0969	-1
1764.2826	-1
1765.4686	-1
1766.6547	-1
1767.8407	-1
1769.0267	-1
1770.2128	-1
1771.3988	-1
1772.5850	-1
1773.7711	-1
1774.9573	-1
1776.1434	-1
1777.3296	-1
1778.5157	-1
1779.7020	-1
1780.8883	-1
1782.0746	-1
1783.2609	-1
1784.4471	-1
1785.6334	-1
1786.8198	-1
1788.0062	-1
1789.1926	-1
1790.3790	-1
1791.5654	-1
1792.7518	-1
1793.9517	1
1795.1528	-1
1796.3544	1
1797.5560	1
1798.7588	-1
1799.9615	-1
1801.1643	-1
1802.3671	-1
1803.5698	-1
1804.7726	-1
1805.9755	-1
1807.1783	-1
1808.3812	-1
1809.5841	-1
1810.7870	-1
1811.9899	-1
1813.1931	1
1814.3964	1
1815.5997	1
1816.8031	1
1818.0081	-1
1819.2130	-1
1820.4180	-1
1821.6229	-1
1822.8279	-1
1824.0328	-1
1825.2379	-1
1826.4430	-1
1827.6481	-1
1828.8531	-1
1830.0582	-1
1831.2633	-1
1832.4688	-1
1833.6742	-1
1834.8796	-1
1836.0851	-1
1837.2906	-1
1838.4962	-1
1839.7018	-1
1840.9073	-1
1842.1130	-1
1843.3187	-1
1844.5244	-1
1845.7301	-1
1846.9360	1
1848.1420	1
1849.3479	1
1850.5540	1
1851.7601	1
1852.9663	1
1854.1731	1
1855.3800	1
1856.5889	-1
1857.7977	-1
1859.0066	-1
1860.2155	-1
1861.4243	-1
1862.6332	-1
1863.8422	-1
1865.0511	-1
1866.2601	-1
1867.4691	-1
1868.6781	-1
1869.8871	-1
1871.0963	-1
1872.3055	-1
1873.5148	-1
1874.7240	-1
1875.9332	-1
1877.1425	-1
1878.3517	-1
1879.5610	-1
1880.7704	-1
1881.9797	-1
1883.1891	-1
1884.3984	-1
1885.6078	-1
1886.8173	-1
1888.0267	-1
1889.2362	-1
1890.4457	-1
1891.6552	-1
1892.8646	-1
1894.0741	-1
1895.2837	-1
1896.4933	-1
1897.7029	-1
1898.9125	-1
1900.1222	-1
1901.3319	-1
1902.5416	-1
1903.7513	-1
1904.9611	-1
1906.1708	-1
1907.3806	-1
1908.5905	-1
1909.8003	-1
1911.0101	-1
1912.2200	-1
1913.4298	-1
1914.6400	1
1915.8505	1
1917.0610	1
1918.2716	1
1919.4822	1
1920.6929	1
1921.9036	1
1923.1144	1
1924.3252	1
1925.5360	1
1926.7469	1
1927.9579	1
1929.1688	1
1930.3799	1
1931.5909	1
1932.8021	1
1934.0137	-1
1935.2252	-1
1936.4368	-1
1937.6483	-1
1938.8599	-1
1940.0714	-1
1941.2866	1
1942.5018	1
1943.7170	-1
1944.9323	-1
1946.1475	-1
1947.3627	-1
1948.5779	-1
1949.7931	-1
1951.0085	-1
1952.2240	-1
1953.4395	-1
1954.6549	-1
1955.8705	-1
1957.0861	-1
1958.3018	1
1959.5175	1
1960.7335	-1
1961.9496	-1
1963.1656	-1
1964.3817	-1
1965.5978	-1
1966.8138	-1
1968.0302	1
1969.2466	1
1970.4630	1
1971.6796	1
1972.8970	-1
1974.1144	-1
1975.3318	-1
1976.5492	-1
1977.7666	-1
1978.9840	-1
1980.2024	-1
1981.4208	-1
1982.6392	-1
1983.8575	-1
1985.0759	-1
1986.2943	-1
1987.5128	-1
1988.7314	-1
1989.9501	-1
1991.1687	-1
1992.3873	-1
1993.6060	-1
1994.8247	-1
1996.0435	-1
1997.2622	-1
1998.4810	-1
1999.6997	-1
2000.9185	-1
2002.1375	-1
2003.3564	-1
2004.5754	-1
2005.7944	-1
2007.0134	-1
2008.2324	-1
2009.4515	-1
2010.6707	-1
2011.8898	-1
2013.1089	-1
2014.3280	-1
2015.5471	-1
2016.7665	1
2017.9860	1
2019.2061	-1
2020.4261	-1
2021.6462	-1
2022.8663	-1
2024.0864	-1
2025.3065	-1
2026.5267	-1
2027.7469	-1
2028.9672	-1
2030.1874	-1
2031.4076	-1
2032.6278	-1
2033.8483	-1
2035.0687	-1
2036.2892	-1
2037.5096	-1
2038.7301	-1
2039.9506	-1
2041.1711	-1
2042.3917	-1
2043.6123	-1
2044.8329	-1
2046.0535	-1
2047.2740	-1
2048.4949	-1
2049.7156	-1
2050.9363	-1
2052.1570	-1
2053.3777	-1
2054.5984	-1
2055.8193	-1
2057.0403	-1
2058.2612	-1
2059.4822	-1
2060.7031	-1
2061.9241	-1
2063.1450	-1
2064.3660	-1
2065.5869	-1
2066.8079	-1
2068.0288	-1
2069.2498	-1
2070.4709	-1
2071.6921	-1
2072.9133	-1
2074.1345	-1
2075.3557	-1
2076.5769	-1
2077.7983	1
2079.0198	1
2080.2412	1
2081.4626	1
2082.6843	1
2083.9060	1
2085.1277	1
2086.3494	1
2087.5710	1
2088.7930	1
2090.0161	-1
2091.2393	-1
2092.4624	-1
2093.6855	-1
2094.9087	-1
2096.1318	-1
2097.3550	-1
2098.5781	-1
2099.8013	-1
2101.0244	-1
2102.2476	-1
2103.4707	-1
2104.6941	-1
2105.9175	-1
2107.1409	-1
2108.3643	-1
2109.5876	-1
2110.8110	-1
2112.0347	-1
2113.2583	-1
2114.4819	-1
2115.7056	-1
2116.9292	-1
2118.1528	-1
2119.3774	1
2120.6021	1
2121.8267	1
2123.0515	1
2124.2764	1
2125.5012	1
2126.7280	-1
2127.9548	-1
2129.1816	-1
2130.4084	-1
2131.6353	-1
2132.8621	-1
2134.0889	-1
2135.3157	-1
2136.5425	-1
2137.7693	-1
2138.9963	-1
2140.2234	-1
2141.4504	-1
2142.6775	-1
2143.9045	-1
2145.1316	-1
2146.3586	-1
2147.5857	-1
2148.8130	-1
2150.0403	-1
2151.2676	-1
2152.4949	-1
2153.7222	-1
2154.9495	-1
2156.1802	-1
2157.4109	-1
2158.6416	-1
2159.8723	-1
2161.1030	-1
2162.3337	-1
2163.5647	-1
2164.7957	-1
2166.0266	-1
2167.2576	-1
2168.4885	-1
2169.7195	-1
2170.9504	-1
2172.1814	-1
2173.4124	-1
2174.6433	-1
2175.8743	-1
2177.1052	-1
2178.3364	-1
2179.5676	-1
2180.7988	-1
2182.0300	-1
2183.2612	-1
2184.4924	-1
2185.7236	-1
2186.9548	-1
2188.1860	-1
2189.4172	-1
2190.6484	-1
2191.8796	-1
2193.1111	-1
2194.3425	-1
2195.5740	-1
2196.8054	-1
2198.0369	-1
2199.2683	-1
2200.4998	-1
2201.7312	-1
2202.9626	-1
2204.1941	-1
2205.4255	-1
2206.6570	-1
2207.8887	-1
2209.1204	-1
2210.3521	-1
2211.5837	-1
2212.8154	-1
2214.0471	-1
2215.2788	-1
2216.5105	-1
2217.7422	-1
2218.9739	-1
2220.2056	-1
2221.4373	-1
2222.6704	-1
2223.9036	-1
2225.1367	-1
2226.3699	-1
2227.6030	-1
2228.8362	-1
2230.0698	-1
2231.3035	-1
2232.5371	-1
2233.7708	-1
2235.0044	-1
2236.2380	-1
2237.4719	-1
2238.7061	-1
2239.9402	-1
2241.1743	-1
2242.4084	-1
2243.6426	-1
2244.8770	-1
2246.1113	-1
2247.3457	-1
2248.5801	-1
2249.8145	-1
2251.0488	-1
2252.2832	-1
2253.5176	-1
2254.7520	-1
2255.9863	-1
2257.2207	-1
2258.4551	-1
2259.6897	-1
2260.9243	-1
2262.1589	-1
2263.3936	-1
2264.6282	-1
2265.8628	-1
2267.0974	-1
2268.3320	-1
2269.5667	-1
2270.8142	1
2272.0632	-1
2273.3125	1
2274.5620	1
2275.8123	-1
2277.0625	-1
2278.3127	-1
2279.5630	-1
2280.8132	-1
2282.0635	-1
2283.3137	-1
2284.5640	-1
2285.8142	-1
2287.0645	-1
2288.3147	-1
2289.5649	-1
2290.8157	1
2292.0664	1
2293.3171	1
2294.5679	1
2295.8193	-1
2297.0708	-1
2298.3223	-1
2299.5737	-1
2300.8252	-1
2302.0767	-1
2303.3284	-1
2304.5801	-1
2305.8318	-1
2307.0835	-1
2308.3352	-1
2309.5869	-1
2310.8386	-1
2312.0903	-1
2313.3420	-1
2314.5938	-1
2315.8455	-1
2317.0972	-1
2318.3491	-1
2319.6011	-1
2320.8530	-1
2322.1050	-1
2323.3569	-1
2324.6089	-1
2325.8611	1
2327.1135	1
2328.3660	1
2329.6184	1
2330.8708	1
2332.1233	1
2333.3760	1
2334.6287	1
2335.8823	-1
2337.1360	-1
2338.3896	-1
2339.6433	-1
2340.8970	-1
2342.1506	-1
2343.4043	-1
2344.6580	-1
2345.9116	-1
2347.1653	-1
2348.4189	-1
2349.6726	-1
2350.9272	-1
2352.1819	-1
2353.4365	-1
2354.6912	-1
2355.9458	-1
2357.2004	-1
2358.4553	-1
2359.7102	-1
2360.9651	-1
2362.2200	-1
2363.4749	-1
2364.7297	-1
2365.9846	-1
2367.2395	-1
2368.4944	-1
2369.7493	-1
2371.0042	-1
2372.2590	-1
2373.5142	1
2374.7693	1
2376.0244	-1
2377.2795	-1
2378.5347	-1
2379.7898	-1
2381.0449	-1
2382.3000	-1
2383.5552	1
2384.8103	1
2386.0654	-1
2387.3206	-1
2388.5757	-1
2389.8308	-1
2391.0859	-1
2392.3411	-1
2393.5964	-1
2394.8518	-1
2396.1072	-1
2397.3625	-1
2398.6179	-1
2399.8733	-1
2401.1292	1
2402.3850	1
2403.6409	1
2404.8970	1
2406.1531	1
2407.4097	1
2408.6663	1
2409.9229	1
2411.1794	1
2412.4360	1
2413.6926	1
2414.9495	1
2416.2083	-1
2417.4670	-1
2418.7258	-1
2419.9846	-1
2421.2434	-1
2422.5022	-1
2423.7612	-1
2425.0203	-1
2426.2793	-1
2427.5383	-1
2428.7974	-1
2430.0564	-1
2431.3154	-1
2432.5745	-1
2433.8335	-1
2435.0925	-1
2436.3516	-1
2437.6106	-1
2438.8699	-1
2440.1292	-1
2441.3884	-1
2442.6477	-1
2443.9070	-1
2445.1663	-1
2446.4255	-1
2447.6848	-1
2448.9441	-1
2450.2034	-1
2451.4626	-1
2452.7219	-1
2453.9814	-1
2455.2410	-1
2456.5005	-1
2457.7600	-1
2459.0195	-1
2460.2791	-1
2461.5386	-1
2462.7981	-1
2464.0576	-1
2465.3171	-1
2466.5767	-1
2467.8362	-1
2469.0959	-1
2470.3557	-1
2471.6155	-1
2472.8752	-1
2474.1350	-1
2475.3948	-1
2476.6545	-1
2477.9146	-1
2479.1746	-1
2480.4346	-1
2481.6946	-1
2482.9546	-1
2484.2146	-1
2485.4746	-1
2486.7346	-1
2487.9946	-1
2489.2546	-1
2490.5146	-1
2491.7749	-1
2493.0352	-1
2494.2954	-1
2495.5557	-1
2496.8159	-1
2498.0762	-1
2499.3364	-1
2500.5967	-1
2501.8569	-1
2503.1172	-1
2504.3774	-1
2505.6377	-1
2506.8982	-1
2508.1587	-1
2509.4192	-1
2510.6797	-1
2511.9402	-1
2513.2007	-1
2514.4612	-1
2515.7217	-1
2516.9822	-1
2518.2427	-1
2519.5032	-1
2520.7637	-1
2522.0242	1
2523.2849	1
2524.5457	-1
2525.8064	-1
2527.0671	-1
2528.3279	-1
2529.5886	-1
2530.8494	-1
2532.1108	-1
2533.3723	-1
2534.6338	-1
2535.8953	-1
2537.1567	-1
2538.4182	-1
2539.6802	1
2540.9421	1
2542.2041	1
2543.4663	1
2544.7285	1
2545.9910	1
2547.2556	1
2548.5205	1
2549.7854	1
2551.0505	1
2552.3157	1
2553.5808	1
2554.8462	1
2556.1116	1
2557.3770	1
2558.6423	1
2559.9077	1
2561.1733	1
2562.4390	1
2563.7046	1
2564.9702	1
2566.2383	-1
2567.5063	-1
2568.7744	-1
2570.0425	-1
2571.3105	-1
2572.5786	-1
2573.8469	-1
2575.1152	-1
2576.3835	-1
2577.6519	-1
2578.9202	-1
2580.1885	-1
2581.4568	-1
2582.7251	-1
2583.9934	-1
2585.2617	-1
2586.5300	-1
2587.7983	-1
2589.0669	-1
2590.3354	-1
2591.6040	-1
2592.8726	-1
2594.1411	-1
2595.4097	-1
2596.6782	-1
2597.9468	-1
2599.2153	-1
2600.4841	-1
2601.7529	-1
2603.0217	-1
2604.2905	-1
2605.5593	-1
2606.8281	-1
2608.0969	-1
2609.3657	-1
2610.6345	-1
2611.9036	-1
2613.1726	-1
2614.4417	-1
2615.7107	-1
2616.9797	-1
2618.2488	-1
2619.5181	-1
2620.7874	-1
2622.0566	-1
2623.3259	-1
2624.5952	-1
2625.8645	-1
2627.1343	1
2628.4041	1
2629.6738	1
2630.9436	1
2632.2134	1
2633.4834	1
2634.7537	1
2636.0242	1
2637.2947	1
2638.5664	1
2639.8381	1
2641.1099	1
2642.3816	1
2643.6536	1
2644.9255	1
2646.1980	1
2647.4705	1
2648.7429	1
2650.0212	-1
2651.2996	-1
2652.5779	-1
2653.8562	-1
2655.1345	-1
2656.4131	-1
2657.6917	-1
2658.9702	-1
2660.2488	-1
2661.5273	-1
2662.8059	-1
2664.0845	-1
2665.3630	-1
2666.6416	-1
2667.9202	-1
2669.1987	-1
2670.4773	-1
2671.7559	-1
2673.0347	-1
2674.3135	-1
2675.5923	-1
2676.8711	-1
2678.1499	-1
2679.4287	-1
2680.7075	-1
2681.9863	-1
2683.2651	-1
2684.5439	-1
2685.8228	-1
2687.1016	-1
2688.3806	-1
2689.6597	-1
2690.9387	-1
2692.2178	-1
2693.4968	-1
2694.7759	-1
2696.0549	-1
2697.3340	-1
2698.6130	-1
2699.8921	-1
2701.1711	-1
2702.4502	-1
2703.7292	-1
2705.0083	-1
2706.2874	-1
2707.5664	-1
2708.8457	-1
2710.1250	-1
2711.4043	-1
2712.6836	-1
2713.9629	-1
2715.2422	-1
2716.5215	-1
2717.8008	-1
2719.0801	-1
2720.3594	-1
2721.6387	-1
2722.9180	-1
2724.1973	-1
2725.4766	-1
2726.7561	-1
2728.0356	-1
2729.3152	-1
2730.5947	-1
2731.8743	-1
2733.1538	-1
2734.4333	-1
2735.7129	-1
2736.9924	-1
2738.2720	-1
2739.5518	-1
2740.8315	-1
2742.1172	-1
2743.4028	-1
2744.6885	-1
2745.9741	-1
2747.2598	-1
2748.5454	-1
2749.8318	-1
2751.1182	-1
2752.4045	-1
2753.6909	-1
2754.9773	-1
2756.2637	-1
2757.5500	-1
2758.8364	-1
2760.1228	-1
2761.4092	-1
2762.6956	-1
2763.9819	-1
2765.2686	-1
2766.5552	-1
2767.8418	-1
2769.1284	-1
2770.4150	-1
2771.7017	-1
2772.9885	-1
2774.2754	-1
2775.5623	-1
2776.8491	-1
2778.1360	-1
2779.4229	-1
2780.7097	-1
2781.9966	-1
2783.2834	-1
2784.5703	-1
2785.8572	-1
2787.1440	-1
2788.4312	-1
2789.7183	-1
2791.0054	-1
2792.2925	-1
2793.5796	-1
2794.8667	-1
2796.1538	-1
2797.4409	-1
2798.7280	-1
2800.0151	-1
2801.3022	-1
2802.5894	-1
2803.8767	-1
2805.1641	-1
2806.4514	-1
2807.7388	-1
2809.0261	-1
2810.3135	-1
2811.6008	-1
2812.8882	-1
2814.1755	-1
2815.4629	-1
2816.7502	-1
2818.0376	-1
2819.3252	-1
2820.6128	-1
2821.9004	-1
2823.1880	-1
2824.4756	-1
2825.7632	-1
2827.0513	-1
2828.3394	-1
2829.6274	-1
2830.9155	-1
2832.2036	-1
2833.4917	-1
2834.7803	-1
2836.0688	-1
2837.3574	-1
2838.6460	-1
2839.9346	-1
2841.2231	-1
2842.5122	-1
2843.8013	-1
2845.0903	-1
2846.3794	-1
2847.6685	-1
2848.9575	-1
2850.2466	-1
2851.5356	-1
2852.8247	-1
2854.1138	-1
2855.4028	-1
2856.6919	-1
2857.9812	-1
2859.2705	-1
2860.5598	-1
2861.8491	-1
2863.1384	-1
2864.4277	-1
2865.7170	-1
2867.0063	-1
2868.2957	-1
2869.5850	-1
2870.8743	-1
2872.1636	-1
2873.4529	-1
2874.7422	-1
2876.0315	-1
2877.3208	-1
2878.6101	-1
2879.8994	-1
2881.1887	-1
2882.4780	-1
2883.7673	-1
2885.0566	-1
2886.3459	-1
2887.6353	-1
2888.9248	-1
2890.2144	-1
2891.5039	-1
2892.7935	-1
2894.0830	-1
2895.3726	-1
2896.6621	-1
2897.9653	1
2899.2700	-1
2900.5752	1
2901.8804	1
2903.1868	-1
2904.4932	-1
2905.7996	-1
2907.1060	-1
2908.4124	-1
2909.7188	-1
2911.0251	-1
2912.3315	-1
2913.6379	-1
2914.9443	-1
2916.2507	-1
2917.5571	-1
2918.8640	1
2920.1709	1
2921.4778	1
2922.7849	1
2924.0935	-1
2925.4021	-1
2926.7107	-1
2928.0193	-1
2929.3279	-1
2930.6365	-1
2931.9451	-1
2933.2537	-1
2934.5623	-1
2935.8708	-1
2937.1794	-1
2938.4880	-1
2939.7969	-1
2941.1057	-1
2942.4146	-1
2943.7234	-1
2945.0322	-1
2946.3411	-1
2947.6499	-1
2948.9587	-1
2950.2676	-1
2951.5764	-1
2952.8853	-1
2954.2070	1
2955.5303	-1
2956.8540	1
2958.1777	1
2959.5027	-1
2960.8276	-1
2962.1526	-1
2963.4775	-1
2964.8025	-1
2966.1274	-1
2967.4526	-1
2968.7778	-1
2970.1030	-1
2971.4282	-1
2972.7534	-1
2974.0786	-1
2975.4043	1
2976.7300	1
2978.0559	1
2979.3818	1
2980.7090	-1
2982.0361	-1
2983.3633	-1
2984.6904	-1
2986.0176	-1
2987.3447	-1
2988.6719	-1
2989.9990	-1
2991.3262	-1
2992.6533	-1
2993.9805	-1
2995.3076	-1
2996.6350	-1
2997.9624	-1
2999.2898	-1
3000.6172	-1
3001.9446	-1
3003.2720	-1
3004.5996	-1
3005.9272	-1
3007.2549	-1
3008.5825	-1
3009.9102	-1
3011.2378	-1
3012.5657	1
3013.8936	1
3015.2214	1
3016.5496	1
3017.8777	1
3019.2058	1
3020.5339	1
3021.8621	1
3023.1917	-1
3024.5212	-1
3025.8508	-1
3027.1804	-1
3028.5100	-1
3029.8396	-1
3031.1697	-1
3032.4998	-1
3033.8298	-1
3035.1599	-1
3036.4900	-1
3037.8201	-1
3039.1516	-1
3040.4832	-1
3041.8147	-1
3043.1462	-1
3044.4778	-1
3045.8093	-1
3047.1411	-1
3048.4729	-1
3049.8047	-1
3051.1365	-1
3052.4683	-1
3053.8000	-1
3055.1321	-1
3056.4641	-1
3057.7961	-1
3059.1282	-1
3060.4602	-1
3061.7922	-1
3063.1245	-1
3064.4568	-1
3065.7891	-1
3067.1213	-1
3068.4536	-1
3069.7859	-1
3071.1182	-1
3072.4504	-1
3073.7827	-1
3075.1150	-1
3076.4473	-1
3077.7795	-1
3079.1121	-1
3080.4446	-1
3081.7771	-1
3083.1226	1
3084.4697	-1
3085.8171	1
3087.1646	1
3088.5132	-1
3089.8618	-1
3091.2104	-1
3092.5591	-1
3093.9077	-1
3095.2563	-1
3096.6052	-1
3097.9541	-1
3099.3030	-1
3100.6519	-1
3102.0007	-1
3103.3496	-1
3104.6987	1
3106.0481	1
3107.3975	1
3108.7468	1
3110.0972	-1
3111.4475	-1
3112.7979	-1
3114.1482	-1
3115.4985	-1
3116.8489	-1
3118.1997	1
3119.5505	1
3120.9016	-1
3122.2527	-1
3123.6038	-1
3124.9548	-1
3126.3059	-1
3127.6570	-1
3129.0085	1
3130.3601	1
3131.7119	-1
3133.0637	-1
3134.4155	-1
3135.7673	-1
3137.1191	-1
3138.4709	-1
3139.8230	-1
3141.1750	-1
3142.5271	-1
3143.8792	-1
3145.2312	-1
3146.5833	-1
3147.9358	1
3149.2883	1
3150.6414	1
3151.9944	1
3153.3484	-1
3154.7024	-1
3156.0564	-1
3157.4104	-1
3158.7644	-1
3160.1184	-1
3161.4729	-1
3162.8274	-1
3164.1819	-1
3165.5364	-1
3166.8909	-1
3168.2454	-1
3169.5999	-1
3170.9543	-1
3172.3088	-1
3173.6633	-1
3175.0178	-1
3176.3723	-1
3177.7271	-1
3179.0818	-1
3180.4365	-1
3181.7913	-1
3183.1460	-1
3184.5007	-1
3185.8562	-1
3187.2117	-1
3188.5671	-1
3189.9226	-1
3191.2781	-1
3192.6335	-1
3193.9893	1
3195.3450	1
3196.7007	1
3198.0564	1
3199.4121	1
3200.7681	1
3202.1240	1
3203.4800	1
3204.8362	1
3206.1926	1
3207.5491	-1
3208.9055	-1
3210.2620	-1
3211.6184	-1
3212.9749	-1
3214.3313	-1
3215.6880	-1
3217.0447	-1
3218.4014	-1
3219.7581	-1
3221.1147	-1
3222.4714	-1
3223.8284	-1
3225.1853	-1
3226.5422	-1
3227.8992	-1
3229.2561	-1
3230.6130	-1
3231.9707	1
3233.3284	1
3234.6860	1
3236.0437	1
3237.4016	1
3238.7595	1
3240.1199	-1
3241.4802	-1
3242.8406	-1
3244.2009	-1
3245.5615	-1
3246.9221	-1
3248.2827	-1
3249.6433	-1
3251.0039	-1
3252.3645	-1
3253.7251	-1
3255.0857	-1
3256.4480	-1
3257.8103	-1
3259.1726	-1
3260.5349	-1
3261.8972	-1
3263.2595	-1
3264.6221	-1
3265.9846	-1
3267.3472	-1
3268.7097	-1
3270.0723	1
3271.4348	-1
3272.7974	-1
3274.1599	1
3275.5225	-1
3276.8850	-1
3278.2476	-1
3279.6101	-1
3280.9727	-1
3282.3352	-1
3283.6980	-1
3285.0608	-1
3286.4236	-1
3287.7864	-1
3289.1492	-1
3290.5120	-1
3291.8750	-1
3293.2380	-1
3294.6011	-1
3295.9641	-1
3297.3271	-1
3298.6902	-1
3300.0532	-1
3301.4163	-1
3302.7793	-1
3304.1423	-1
3305.5054	-1
3306.8684	-1
3308.2317	-1
3309.5950	-1
3310.9583	-1
3312.3215	-1
3313.6848	-1
3315.0481	-1
3316.4116	-1
3317.7751	-1
3319.1387	-1
3320.5022	-1
3321.8657	-1
3323.2292	-1
3324.5928	-1
3325.9563	-1
3327.3198	-1
3328.6833	-1
3330.0469	-1
3331.4104	-1
3332.7742	-1
3334.1379	-1
3335.5017	-1
3336.8655	-1
3338.2292	-1
3339.5930	-1
3340.9568	-1
3342.3206	-1
3343.6843	-1
3345.0481	-1
3346.4119	-1
3347.7756	-1
3349.1396	1
3350.5037	1
3351.8679	1
3353.2322	1
3354.5964	1
3355.9607	1
3357.3250	1
3358.6892	1
3360.0537	1
3361.4182	1
3362.7827	1
3364.1475	1
3365.5125	1
3366.8774	1
3368.2427	1
3369.6079	1
3370.9731	1
3372.3386	1
3373.7041	1
3375.0696	1
3376.4353	-1
3377.8010	-1
3379.1667	-1
3380.5325	-1
3381.8982	-1
3383.2639	-1
3384.6299	-1
3385.9958	-1
3387.3618	-1
3388.7278	-1
3390.0938	-1
3391.4597	-1
3392.8259	-1
3394.1921	-1
3395.5583	-1
3396.9246	-1
3398.2908	-1
3399.6570	-1
3401.0234	1
3402.3899	1
3403.7563	1
3405.1230	1
3406.4902	1
3407.8577	1
3409.2251	1
3410.5925	1
3411.9602	1
3413.3279	1
3414.6970	-1
3416.0662	-1
3417.4353	-1
3418.8044	-1
3420.1736	-1
3421.5427	-1
3422.9119	-1
3424.2812	-1
3425.6506	-1
3427.0200	-1
3428.3894	-1
3429.7588	-1
3431.1299	1
3432.5010	1
3433.8721	1
3435.2432	1
3436.6145	-1
3437.9858	-1
3439.3572	-1
3440.7285	-1
3442.0999	-1
3443.4712	-1
3444.8428	-1
3446.2144	-1
3447.5859	-1
3448.9575	-1
3450.3291	-1
3451.7007	-1
3453.0735	1
3454.4463	1
3455.8191	1
3457.1919	1
3458.5652	-1
3459.9385	-1
3461.3118	-1
3462.6851	-1
3464.0583	-1
3465.4316	-1
3466.8052	-1
3468.1787	-1
3469.5522	-1
3470.9258	-1
3472.2993	-1
3473.6729	-1
3475.0496	1
3476.4265	1
3477.8035	1
3479.1804	1
3480.5593	-1
3481.9382	-1
3483.3171	-1
3484.6960	-1
3486.0750	-1
3487.4539	-1
3488.8333	-1
3490.2126	-1
3491.5920	-1
3492.9714	-1
3494.3508	-1
3495.7302	-1
3497.1099	-1
3498.4895	-1
3499.8691	-1
3501.2488	-1
3502.6284	-1
3504.0081	-1
3505.3899	-1
3506.7717	-1
3508.1536	-1
3509.5354	-1
3510.9172	-1
3512.2991	-1
3513.6812	-1
3515.0632	-1
3516.4453	-1
3517.8274	-1
3519.2095	-1
3520.5916	-1
3521.9736	-1
3523.3557	-1
3524.7378	-1
3526.1199	-1
3527.5020	-1
3528.8840	-1
3530.2664	-1
3531.6487	-1
3533.0310	-1
3534.4133	-1
3535.7957	-1
3537.1780	-1
3538.5603	-1
3539.9426	-1
3541.3250	-1
3542.7073	-1
3544.0896	-1
3545.4719	-1
3546.8545	-1
3548.2371	-1
3549.6196	-1
3551.0022	-1
3552.3848	-1
3553.7673	-1
3555.1499	-1
3556.5325	-1
3557.9150	-1
3559.2976	-1
3560.6802	-1
3562.0627	-1
3563.4456	1
3564.8284	1
3566.2112	1
3567.5952	-1
3568.9792	-1
3570.3633	-1
3571.7473	-1
3573.1313	-1
3574.5154	-1
3575.8997	-1
3577.2839	-1
3578.6682	-1
3580.0525	-1
3581.4368	-1
3582.8210	-1
3584.2056	-1
3585.5901	-1
3586.9746	-1
3588.3591	-1
3589.7437	-1
3591.1282	-1
3592.5129	-1
3593.8977	-1
3595.2825	-1
3596.6672	-1
3598.0520	-1
3599.4368	-1
3600.8215	-1
3602.2063	-1
3603.5911	-1
3604.9758	-1
3606.3606	-1
3607.7454	-1
3609.1304	-1
3610.5154	-1
3611.9004	-1
3613.2854	-1
3614.6704	-1
3616.0554	-1
3617.4404	-1
3618.8257	-1
3620.2109	-1
3621.5962	-1
3622.9814	-1
3624.3667	-1
3625.7520	-1
3627.1372	-1
3628.5225	-1
3629.9077	-1
3631.2930	-1
3632.6782	-1
3634.0635	-1
3635.4487	-1
3636.8340	-1
3638.2192	-1
3639.6047	-1
3640.9902	-1
3642.3757	-1
3643.7612	-1
3645.1467	-1
3646.5322	-1
3647.9177	-1
3649.3032	-1
3650.6887	-1
3652.0742	-1
3653.4597	-1
3654.8452	-1
3656.2307	-1
3657.6162	-1
3659.0034	-1
3660.3906	-1
3661.7778	-1
3663.1650	-1
3664.5522	-1
3665.9395	-1
3667.3267	-1
3668.7139	-1
3670.1011	-1
3671.4885	-1
3672.8760	-1
3674.2634	-1
3675.6509	-1
3677.0383	-1
3678.4258	-1
3679.8132	-1
3681.2007	-1
3682.5881	-1
3683.9758	-1
3685.3635	-1
3686.7512	-1
3688.1389	-1
3689.5266	-1
3690.9143	-1
3692.3025	-1
3693.6907	-1
3695.0789	-1
3696.4670	-1
3697.8552	-1
3699.2434	-1
3700.8137	1
3702.3843	1
3703.9548	1
3705.5254	1
3707.0959	1
3708.6665	1
3710.2371	1
3711.8076	1
3713.3784	1
3714.9492	1
3716.5205	-1
3718.0918	-1
3719.6631	-1
3721.2344	-1
3722.8057	-1
3724.3770	-1
3725.9485	-1
3727.5200	-1
3729.0916	-1
3730.6631	-1
3732.2346	-1
3733.8062	-1
3735.3777	-1
3736.9492	-1
3738.5208	-1
3740.0923	-1
3741.6638	-1
3743.2354	-1
3744.8071	-1
3746.3789	-1
3747.9507	-1
3749.5225	-1
3751.0942	-1
3752.6660	-1
3754.2388	-1
3755.8115	-1
3757.3843	-1
3758.9570	-1
3760.5298	-1
3762.1025	-1
3763.6755	-1
3765.2485	-1
3766.8215	-1
3768.3945	-1
3769.9675	-1
3771.5405	-1
3773.1135	-1
3774.6865	-1
3776.2595	-1
3777.8325	-1
3779.4055	-1
3780.9785	-1
3782.5518	-1
3784.1250	-1
3785.6982	-1
3787.2715	-1
3788.8447	-1
3790.4180	-1
3791.9912	-1
3793.5645	-1
3795.1377	-1
3796.7109	-1
3798.2844	-1
3799.8579	-1
3801.4314	-1
3803.0049	-1
3804.5784	-1
3806.1519	-1
3807.7253	-1
3809.2988	-1
3810.8792	1
3812.4597	1
3814.0403	1
3815.6208	1
3817.2014	1
3818.7830	-1
3820.3645	-1
3821.9460	-1
3823.5276	-1
3825.1091	-1
3826.6907	-1
3828.2725	-1
3829.8542	-1
3831.4360	-1
3833.0178	-1
3834.5996	-1
3836.1814	-1
3837.7634	-1
3839.3455	-1
3840.9275	-1
3842.5095	-1
3844.0916	-1
3845.6736	-1
3847.2566	-1
3848.8396	-1
3850.4226	-1
3852.0056	-1
3853.5886	-1
3855.1716	-1
3856.7546	-1
3858.3376	-1
3859.9207	-1
3861.5037	-1
3863.0867	-1
3864.6697	-1
3866.2661	1
3867.8643	-1
3869.4626	1
3871.0613	1
3872.6611	-1
3874.2610	-1
3875.8608	-1
3877.4607	-1
3879.0605	-1
3880.6604	-1
3882.2603	-1
3883.8601	-1
3885.4600	-1
3887.0598	-1
3888.6719	1
3890.2854	-1
3891.8994	1
3893.5134	1
3895.1287	-1
3896.7439	-1
3898.3591	-1
3899.9744	-1
3901.5896	-1
3903.2048	-1
3904.8201	-1
3906.4353	-1
3908.0505	-1
3909.6658	-1
3911.2932	1
3912.9224	-1
3914.5518	1
3916.1812	1
3917.8118	-1
3919.4424	-1
3921.0730	-1
3922.7036	-1
3924.3342	-1
3925.9648	-1
3927.5957	-1
3929.2266	-1
3930.8574	-1
3932.4883	-1
3934.1191	-1
3935.7500	-1
3937.3811	1
3939.0122	1
3940.6433	1
3942.2747	1
3943.9075	-1
3945.5403	-1
3947.1731	-1
3948.8059	-1
3950.4387	-1
3952.0715	-1
3953.7043	-1
3955.3372	-1
3956.9700	-1
3958.6028	-1
3960.2356	-1
3961.8687	-1
3963.5017	-1
3965.1348	-1
3966.7678	-1
3968.4009	-1
3970.0339	-1
3971.6670	-1
3973.3003	-1
3974.9336	-1
3976.5669	-1
3978.2002	-1
3979.8335	-1
3981.4668	-1
3983.1003	1
3984.7339	1
3986.3674	1
3988.0010	1
3989.6348	1
3991.2686	1
3992.9026	1
3994.5366	1
3996.1731	-1
3997.8096	-1
3999.4460	-1
4001.0825	-1
4002.7190	-1
4004.3555	-1
4005.9922	-1
4007.6289	-1
4009.2656	-1
4010.9023	-1
4012.5391	-1
4014.1758	-1
4015.8125	-1
4017.4492	-1
4019.0859	-1
4020.7227	-1
4022.3594	-1
4023.9961	-1
4025.6331	-1
4027.2700	-1
4028.9070	-1
4030.5439	-1
4032.1809	-1
4033.8179	-1
4035.4548	-1
4037.0918	-1
4038.7288	-1
4040.3657	-1
4042.0027	-1
4043.6399	-1
4045.2771	-1
4046.9143	-1
4048.5515	-1
4050.1887	-1
4051.8259	-1
4053.4631	-1
4055.1003	-1
4056.7375	-1
4058.3748	-1
4060.0120	-1
4061.6494	-1
4063.2869	-1
4064.9243	-1
4066.5618	-1
4068.1992	-1
4069.8367	-1
4071.4741	-1
4073.1116	-1
4074.7490	1
4076.3865	1
4078.0249	1
4079.6633	1
4081.3018	1
4082.9402	1
4084.5801	-1
4086.2200	-1
4087.8599	-1
4089.4998	-1
4091.1396	-1
4092.7795	-1
4094.4197	-1
4096.0596	-1
4097.6997	-1
4099.3398	-1
4100.9800	-1
4102.6201	-1
4104.2612	-1
4105.9023	-1
4107.5435	-1
4109.1846	-1
4110.8257	-1
4112.4668	-1
4114.1079	-1
4115.7490	-1
4117.3901	-1
4119.0312	-1
4120.6724	-1
4122.3135	-1
4123.9546	-1
4125.5957	-1
4127.2368	-1
4128.8779	-1
4130.5190	-1
4132.1602	-1
4133.8013	-1
4135.4424	-1
4137.0967	1
4138.7524	-1
4140.4087	1
4142.0649	1
4143.7217	-1
4145.3784	-1
4147.0356	-1
4148.7056	1
4150.3770	-1
4152.0488	1
4153.7207	1
4155.3931	-1
4157.0654	-1
4158.7378	-1
4160.4102	-1
4162.0825	-1
4163.7549	-1
4165.4272	-1
4167.0996	-1
4168.7720	-1
4170.4443	-1
4172.1167	-1
4173.7891	-1
4175.4619	1
4177.1348	1
4178.8076	1
4180.4805	1
4182.1543	-1
4183.8281	-1
4185.5020	-1
4187.1758	-1
4188.8496	-1
4190.5234	-1
4192.1973	-1
4193.8711	-1
4195.5449	-1
4197.2188	-1
4198.8926	-1
4200.5664	-1
4202.2402	-1
4203.9141	-1
4205.5879	-1
4207.2617	-1
4208.9355	-1
4210.6094	-1
4212.2837	-1
4213.9580	-1
4215.6323	-1
4217.3066	-1
4218.9810	-1
4220.6670	1
4222.3545	-1
4224.0425	1
4225.7305	1
4227.4194	-1
4229.1084	-1
4230.7974	-1
4232.4868	-1
4234.1880	1
4235.8906	-1
4237.5933	1
4239.2959	1
4240.9995	-1
4242.7031	-1
4244.4067	-1
4246.1104	-1
4247.8140	-1
4249.5176	-1
4251.2212	-1
4252.9248	-1
4254.6284	-1
4256.3320	-1
4258.0356	-1
4259.7393	-1
4261.4434	1
4263.1475	1
4264.8521	1
4266.5566	1
4268.2612	-1
4269.9658	-1
4271.6709	-1
4273.3760	-1
4275.0811	-1
4276.7861	-1
4278.4912	-1
4280.1963	-1
4281.9014	-1
4283.6064	-1
4285.3115	-1
4287.0166	-1
4288.7222	1
4290.4277	1
4292.1333	1
4293.8389	-1
4295.5449	-1
4297.2510	-1
4298.9570	-1
4300.6631	-1
4302.3691	-1
4304.0752	-1
4305.7812	-1
4307.4873	-1
4309.1934	-1
4310.8994	-1
4312.6055	-1
4314.3120	-1
4316.0186	-1
4317.7251	-1
4319.4316	-1
4321.1382	-1
4322.8447	-1
4324.5518	-1
4326.2588	-1
4327.9658	-1
4329.6729	-1
4331.3799	-1
4333.0869	-1
4334.7939	-1
4336.5137	1
4338.2349	-1
4339.9565	1
4341.6782	1
4343.4009	-1
4345.1235	-1
4346.8462	-1
4348.5688	-1
4350.2915	-1
4352.0142	-1
4353.7368	-1
4355.4595	-1
4357.1821	-1
4358.9048	-1
4360.6274	-1
4362.3501	-1
4364.0732	1
4365.7964	1
4367.5195	1
4369.2427	1
4370.9673	-1
4372.6919	-1
4374.4165	-1
4376.1411	-1
4377.8657	-1
4379.5903	-1
4381.3154	-1
4383.0405	-1
4384.7656	-1
4386.4907	-1
4388.2158	-1
4389.9409	-1
4391.6660	-1
4393.3911	-1
4395.1162	-1
4396.8413	-1
4398.5664	-1
4400.2915	-1
4402.0166	-1
4403.7544	1
4405.4937	-1
4407.2334	1
4408.9731	1
4410.7139	-1
4412.4546	-1
4415.9243	1
4419.3950	-1
