0.0000	0
0.0007	-1
0.0765	-888
0.5059	-888
0.6213	-888
0.7125	-888
0.7708	888
0.7864	-888
0.7905	888
0.8317	-888
0.8440	-888
0.8819	-888
0.8878	-888
0.8959	-888
0.9768	-888
1.0243	-1
1.0361	-888
1.0800	-888
1.0883	-888
1.1321	-888
1.1332	-888
1.1440	888
1.1494	-888
1.1744	-888
1.1761	-888
1.2363	-888
1.2546	888
1.2597	888
1.3484	888
1.3639	-888
1.4298	-888
1.4383	-888
1.4459	888
1.4581	-888
1.4730	888
1.4983	888
1.5840	-888
1.5979	-888
1.6400	888
1.6568	-888
1.7141	-888
1.7604	-888
1.7614	-888
1.7621	-888
1.7831	-888
1.8591	-888
1.8636	-888
1.8814	-888
1.8880	-888
1.9050	-888
1.9160	888
2.0070	-888
2.0480	888
2.0485	1
2.0959	888
2.1362	888
2.1625	-888
2.1875	888
2.2654	888
2.2847	-888
2.3193	-888
2.3547	-888
2.3757	888
2.4204	-888
2.5413	888
2.5430	-888
2.5461	-888
2.5616	-888
2.5686	-888
2.5906	-888
2.6582	888
2.6845	888
2.7007	-888
2.7053	888
2.7254	-888
2.7700	888
2.7993	-888
2.8068	888
2.8111	888
2.8248	-888
2.8532	-888
2.8571	-888
2.9661	888
2.9832	-888
3.0669	-888
3.0981	-888
3.1220	-888
3.2143	-888
3.2452	888
3.3031	-888
3.3394	-888
3.3689	-888
3.4077	888
3.4125	888
3.4682	-888
3.4731	888
3.4912	888
3.5130	-888
3.5385	888
3.5964	888
3.6005	-888
3.6597	888
3.6650	-888
3.6705	-888
3.6839	888
3.6848	-888
3.7206	-888
3.7281	888
3.7677	888
3.8029	888
3.8364	-888
3.9114	-888
3.9338	888
3.9869	-888
4.0822	-888
4.1735	888
4.2490	888
4.2667	888
4.2872	-888
4.3725	-888
4.4062	888
4.4623	-888
4.4693	888
4.4974	888
4.5040	-888
4.5509	-888
4.6707	888
4.7673	-888
4.7791	-888
4.8349	-888
4.8572	-888
4.9831	-888
5.0138	-888
5.1797	-888
5.2272	-888
5.3009	888
5.3124	-888
5.3717	-888
5.4258	888
5.4779	888
5.4924	888
5.8879	888
5.9662	888
6.0335	888
6.0393	888
6.2172	888
6.3016	888
6.6964	888
6.7135	888
6.8083	-888
7.0342	888
7.0544	-888
7.1780	888
7.7508	888
7.9012	888
8.1188	888
8.3931	888
8.9964	888
9.0050	888
9.3303	888
9.4041	1
16.7615	-1
24.1194	1
31.4772	1
38.8364	-1
46.1956	-1
53.5549	-1
60.9265	1
68.2996	-1
75.6731	1
83.0467	1
90.4216	-1
97.7965	-1
105.1715	-1
112.5464	-1
119.9213	-1
127.2963	-1
134.6713	-1
142.0464	-1
149.4214	-1
156.8110	1
164.2022	-1
171.5938	1
178.9854	1
186.3783	-1
193.7712	-1
201.1641	-1
208.5570	-1
215.9499	-1
223.3428	-1
230.7359	-1
238.1289	-1
245.5219	-1
252.9150	-1
260.3080	-1
267.7010	-1
275.0945	1
282.4879	1
289.8826	-1
297.2773	-1
304.6720	-1
312.0667	-1
319.4614	-1
326.8561	-1
334.2509	-1
341.6457	-1
349.0406	-1
356.4354	-1
363.8302	-1
371.2404	1
378.6519	-1
386.0638	1
393.4758	1
400.8889	-1
408.3020	-1
415.7151	-1
423.1282	-1
430.5413	-1
437.9544	-1
445.3813	1
452.8098	-1
460.2391	1
467.6684	1
475.0992	-1
482.5300	-1
489.9609	-1
497.3917	-1
504.8226	-1
512.2534	-1
519.6844	-1
527.1154	-1
534.5463	-1
541.9773	-1
549.4083	-1
556.8392	-1
564.2706	1
571.7020	1
579.1334	1
586.5649	1
593.9978	-1
601.4307	-1
608.8636	-1
616.2966	-1
623.7295	-1
631.1625	-1
638.5955	-1
646.0286	-1
653.4616	-1
660.8947	-1
668.3278	-1
675.7609	-1
683.1941	-1
690.6273	-1
698.0605	-1
705.4938	-1
712.9270	-1
720.3602	-1
727.7939	1
735.2276	1
742.6615	1
750.0954	-1
757.5293	-1
764.9632	-1
772.3971	1
779.8310	-1
787.2649	-1
794.6989	-1
802.1345	-1
809.5702	-1
817.0059	-1
824.4415	-1
831.8772	-1
839.3129	-1
846.7488	-1
854.1848	-1
861.6208	-1
869.0568	-1
876.4927	-1
883.9287	-1
891.3648	-1
898.8010	-1
906.2371	-1
913.6733	-1
921.1094	-1
928.5456	-1
935.9818	-1
943.4180	-1
950.8542	-1
958.2905	-1
965.7438	1
973.1987	-1
980.6545	1
988.1103	1
995.5676	-1
1003.0248	-1
1010.4821	-1
1017.9394	-1
1025.3966	-1
1032.8539	-1
1040.3113	-1
1047.7687	-1
1055.2261	-1
1062.6835	-1
1070.1548	1
1077.6278	-1
1085.1013	1
1092.5748	1
1100.0490	-1
1107.5231	-1
1114.9972	-1
1122.4713	-1
1129.9454	-1
1137.4200	-1
1144.9072	1
1152.3961	-1
1159.8855	1
1167.3749	1
1174.8660	-1
1182.3572	-1
1189.8484	-1
1197.3396	-1
1204.8308	-1
1212.3220	-1
1219.8134	-1
1227.3047	-1
1234.7960	-1
1242.2874	-1
1249.7787	-1
1257.2700	-1
1264.7616	1
1272.2533	1
1279.7450	1
1287.2368	1
1294.7301	-1
1302.2234	-1
1309.7167	-1
1317.2100	-1
1324.7032	-1
1332.1965	-1
1339.6899	-1
1347.1833	-1
1354.6768	-1
1362.1702	-1
1369.6636	-1
1377.1570	-1
1384.6514	1
1392.1459	1
1399.6404	1
1407.1349	1
1414.6307	-1
1422.1266	-1
1429.6224	-1
1437.1183	-1
1444.6141	-1
1452.1100	-1
1459.6060	-1
1467.1019	-1
1474.5979	-1
1482.0939	-1
1489.5898	-1
1497.0858	-1
1504.5845	1
1512.0831	1
1519.5818	1
1527.0804	1
1534.5812	-1
1542.0819	-1
1549.5826	-1
1557.0834	-1
1564.5841	-1
1572.0848	-1
1579.5858	-1
1587.0868	-1
1594.5878	-1
1602.0887	-1
1609.5897	-1
1617.0907	-1
1624.5918	-1
1632.0929	-1
1639.5940	-1
1647.0951	-1
1654.5962	-1
1662.0973	-1
1669.5985	-1
1677.0997	-1
1684.6010	-1
1692.1022	-1
1699.6034	-1
1707.1046	-1
1714.6074	1
1722.1104	1
1729.6133	1
1737.1163	1
1744.6194	1
1752.1224	1
1759.6255	1
1767.1287	1
1774.6332	-1
1782.1377	-1
1789.6422	-1
1797.1467	-1
1804.6512	-1
1812.1558	-1
1819.6604	-1
1827.1650	-1
1834.6697	-1
1842.1743	-1
1849.6790	-1
1857.1836	-1
1864.6884	-1
1872.1931	-1
1879.6979	-1
1887.2026	-1
1894.7074	-1
1902.2122	-1
1909.7178	1
1917.2235	1
1924.7294	1
1932.2354	1
1939.7415	1
1947.2476	1
1954.7546	-1
1962.2617	-1
1969.7688	-1
1977.2759	-1
1984.7830	-1
1992.2900	-1
1999.7975	1
2007.3052	1
2014.8184	-1
2022.3315	-1
2029.8447	-1
2037.3579	-1
2044.8711	-1
2052.3843	-1
2059.8977	-1
2067.4111	-1
2074.9246	-1
2082.4380	-1
2089.9514	-1
2097.4648	-1
2104.9783	-1
2112.4917	-1
2120.0051	-1
2127.5186	-1
2135.0320	-1
2142.5454	-1
2150.0608	1
2157.5762	1
2165.0925	1
2172.6089	1
2180.1255	1
2187.6421	1
2195.1594	-1
2202.6768	-1
2210.1941	-1
2217.7114	-1
2225.2288	-1
2232.7461	-1
2240.2644	1
2247.7827	1
2255.3013	-1
2262.8198	-1
2270.3384	-1
2277.8569	-1
2285.3755	-1
2292.8940	-1
2300.4131	-1
2307.9321	-1
2315.4512	-1
2322.9702	-1
2330.4893	-1
2338.0083	-1
2345.5273	-1
2353.0464	-1
2360.5654	-1
2368.0845	-1
2375.6035	-1
2383.1226	-1
2390.6433	1
2398.1641	1
2405.6848	1
2413.2056	1
2420.7263	1
2428.2473	1
2435.7686	-1
2443.2898	-1
2450.8110	-1
2458.3323	-1
2465.8535	-1
2473.3748	-1
2480.8962	-1
2488.4177	-1
2495.9392	-1
2503.4607	-1
2510.9822	-1
2518.5037	-1
2526.0251	-1
2533.5466	-1
2541.0681	-1
2548.5896	-1
2556.1113	-1
2563.6331	-1
2571.1548	-1
2578.6765	-1
2586.1982	-1
2593.7200	-1
2601.2417	-1
2608.7634	-1
2616.2854	-1
2623.8074	-1
2631.3293	-1
2638.8513	-1
2646.3733	-1
2653.8953	-1
2661.4175	-1
2668.9397	-1
2676.4619	-1
2683.9841	-1
2691.5063	-1
2699.0286	-1
2706.5518	1
2714.0752	1
2721.5986	1
2729.1221	1
2736.6455	1
2744.1699	-1
2751.6943	-1
2759.2188	-1
2766.7432	-1
2774.2676	-1
2781.7920	-1
2789.3167	-1
2796.8413	-1
2804.3660	-1
2811.8906	-1
2819.4153	-1
2826.9399	-1
2834.4648	1
2841.9897	-1
2849.5146	-1
2857.0396	-1
2864.5645	-1
2872.0894	-1
2879.6143	1
2887.1392	-1
2894.6641	1
2902.1890	1
2909.7139	1
2917.2390	1
2924.7642	1
2932.2927	-1
2939.8213	-1
2947.3499	-1
2954.8784	-1
2962.4070	-1
2969.9355	-1
2977.4644	-1
2984.9932	-1
2992.5220	-1
3000.0508	-1
3007.5796	-1
3015.1084	-1
3022.6372	-1
3030.1660	-1
3037.6948	-1
3045.2236	-1
3052.7524	-1
3060.2812	-1
3067.8103	-1
3075.3394	-1
3082.8684	-1
3090.3975	-1
3097.9265	-1
3105.4556	-1
3112.9858	1
3120.5161	1
3128.0464	-1
3135.5767	-1
3143.1072	-1
3150.6377	-1
3158.1682	-1
3165.6987	-1
3173.2292	1
3180.7598	1
3188.2903	1
3195.8208	-1
3203.3513	-1
3210.8818	-1
3218.4124	-1
3225.9429	-1
3233.4734	-1
3241.0039	1
3248.5349	1
3256.0659	1
3263.5972	-1
3271.1284	-1
3278.6597	-1
3286.1909	-1
3293.7222	-1
3301.2534	-1
3308.7847	1
3316.3162	1
3323.8477	-1
3331.3792	-1
3338.9106	-1
3346.4421	-1
3353.9736	-1
3361.5051	-1
3369.0366	1
3376.5681	1
3384.0996	1
3391.6311	1
3399.1626	-1
3406.6941	-1
3414.2256	-1
3421.7571	-1
3429.2886	-1
3436.8201	-1
3444.3518	-1
3451.8835	-1
3459.4153	-1
3466.9470	-1
3474.4788	-1
3482.0105	-1
3489.5425	-1
3497.0745	-1
3504.6064	-1
3512.1384	-1
3519.6704	-1
3527.2024	-1
3534.7346	-1
3542.2668	-1
3549.7991	-1
3557.3313	-1
3564.8635	-1
3572.3958	-1
3579.9280	-1
3587.4602	-1
3594.9924	-1
3602.5247	-1
3610.0569	-1
3617.5891	-1
3625.1226	1
3632.6565	1
3640.1907	1
3647.7249	1
3655.2590	1
3662.7932	1
3670.3274	1
3677.8616	1
3685.3958	1
3692.9299	1
3700.4644	1
3708.0037	-1
3715.5430	-1
3723.0823	-1
3730.6216	-1
3738.1609	-1
3745.7002	-1
3753.2397	-1
3760.7793	-1
3768.3188	-1
3775.8584	-1
3783.3979	-1
3790.9375	-1
3798.4771	-1
3806.0166	-1
3813.5562	-1
3821.0957	-1
3828.6353	-1
3836.1748	-1
3843.7146	-1
3851.2544	-1
3858.7942	-1
3866.3340	-1
3873.8738	-1
3881.4136	-1
3888.9536	-1
3896.4937	-1
3904.0337	-1
3911.5737	-1
3919.1138	-1
3926.6538	-1
3934.1941	-1
3941.7344	-1
3949.2747	-1
3956.8149	-1
3964.3552	-1
3971.8955	-1
3979.4360	-1
3986.9766	-1
3994.5171	-1
4002.0576	-1
4009.5981	-1
4017.1387	-1
4024.6792	-1
4032.2197	-1
4039.7603	-1
4047.3008	-1
4054.8413	-1
4062.3818	-1
4069.9226	-1
4077.4634	-1
4085.0042	-1
4092.5449	-1
4100.0859	-1
4107.6270	-1
4115.1709	-1
4122.7148	-1
4130.2588	-1
4137.8027	-1
4145.3467	-1
4152.8906	-1
4160.4346	-1
4167.9785	-1
4175.5225	-1
4183.0664	-1
4190.6104	-1
4198.1543	-1
4205.6987	-1
4213.2432	-1
4220.7876	-1
4228.3320	-1
4235.8765	-1
4243.4209	-1
4250.9653	-1
4258.5098	-1
4266.0542	-1
4273.5986	-1
4281.1431	-1
4288.6875	-1
4296.2324	-1
4303.7773	-1
4311.3223	-1
4318.8672	-1
4326.4121	-1
4333.9570	-1
4341.5020	-1
4349.0469	-1
4356.5918	-1
4364.1367	-1
4371.6816	-1
4379.2266	-1
4386.7720	-1
4394.3174	-1
4401.8628	-1
4409.4082	-1
4416.9536	-1
4424.4990	-1
4432.0444	-1
4439.5898	-1
4447.1353	-1
4454.6807	-1
4462.2261	-1
4469.7715	-1
4477.3169	-1
4484.8623	-1
4492.4077	-1
4499.9531	-1
4507.4985	-1
4515.0439	-1
4522.5894	-1
4530.1348	-1
4537.6802	-1
4545.2256	-1
4552.7710	-1
4560.3164	-1
4567.8623	-1
4575.4082	-1
4582.9541	-1
4590.5000	-1
4598.0459	-1
4605.5918	-1
4613.1387	-1
4620.6855	-1
4628.2324	-1
4635.7793	-1
4643.3262	-1
4650.8730	-1
4658.4199	-1
4665.9668	-1
4673.5137	-1
4681.0605	-1
4688.6074	-1
4696.1543	-1
4703.7012	-1
4711.2480	-1
4718.7949	-1
4726.3418	-1
4733.8887	-1
4741.4355	-1
4748.9834	-1
4756.5312	-1
4764.0791	-1
4771.6270	-1
4779.1748	-1
4786.7227	-1
4794.2710	-1
4801.8193	-1
4809.3677	-1
4816.9160	-1
4824.4644	-1
4832.0127	-1
4839.5625	-1
4847.1123	-1
4854.6621	-1
4862.2124	-1
4869.7627	-1
4877.3130	-1
4884.8633	-1
4892.4136	-1
4899.9639	-1
4907.5142	-1
4915.0645	-1
4922.6147	-1
4930.1655	-1
4937.7163	-1
4945.2671	-1
4952.8179	-1
4960.3687	-1
4967.9194	-1
4975.4702	-1
4983.0210	-1
4990.5718	-1
4998.1226	-1
5005.6733	-1
5013.2241	-1
5020.7754	-1
5028.3267	-1
5035.8779	-1
5043.4292	-1
5050.9805	-1
5058.5317	-1
5066.0830	-1
5073.6343	-1
5081.1855	-1
5088.7368	-1
5096.2881	-1
5103.8394	-1
5111.3906	-1
5118.9419	-1
5126.4932	-1
5134.0444	-1
5141.5957	-1
5149.1470	-1
5156.6982	-1
5164.2495	-1
5171.8008	-1
5179.3521	-1
5186.9033	-1
5194.4546	-1
5202.0063	-1
5209.5581	-1
5217.1099	-1
5224.6616	-1
5232.2134	-1
5239.7651	-1
5247.3169	-1
5254.8687	-1
5262.4204	-1
5269.9722	-1
5277.5239	-1
5285.0757	-1
5292.6274	-1
5300.1792	-1
5307.7310	-1
5315.2827	-1
5322.8345	-1
5330.3862	-1
5337.9385	-1
5345.4907	-1
5353.0430	-1
5360.5952	-1
5368.1475	-1
5375.6997	-1
5383.2520	-1
5390.8042	-1
5398.3564	-1
5405.9087	-1
5413.4756	1
5421.0449	-1
5428.6152	1
5436.1855	1
5443.7583	-1
5451.3311	-1
5458.9038	-1
5466.4766	-1
5474.0493	-1
5481.6221	-1
5489.1948	-1
5496.7676	-1
5504.3403	-1
5511.9131	-1
5519.4858	-1
5527.0586	-1
5534.6318	1
5542.2051	1
5549.7783	1
5557.3516	1
5564.9263	-1
5572.5010	-1
5580.0757	-1
5587.6504	-1
5595.2251	-1
5602.7998	-1
5610.3750	-1
5617.9502	-1
5625.5254	-1
5633.1006	-1
5640.6758	-1
5648.2510	-1
5655.8262	-1
5663.4014	-1
5670.9766	-1
5678.5518	-1
5686.1270	-1
5693.7021	-1
5701.2773	-1
5708.8525	-1
5716.4277	-1
5724.0029	-1
5731.5781	-1
5739.1533	-1
5746.7290	1
5754.3047	1
5761.8809	1
5769.4570	1
5777.0332	1
5784.6094	1
5792.1855	1
5799.7617	1
5807.3408	-1
5814.9199	-1
5822.4990	-1
5830.0781	-1
5837.6572	-1
5845.2363	-1
5852.8159	-1
5860.3955	-1
5867.9751	-1
5875.5547	-1
5883.1343	-1
5890.7139	-1
5898.2935	-1
5905.8730	-1
5913.4526	-1
5921.0322	-1
5928.6118	-1
5936.1914	-1
5943.7710	-1
5951.3506	-1
5958.9302	-1
5966.5098	-1
5974.0894	-1
5981.6689	-1
5989.2485	-1
5996.8281	-1
6004.4077	-1
6011.9873	-1
6019.5669	-1
6027.1465	-1
6034.7266	-1
6042.3066	-1
6049.8867	-1
6057.4668	-1
6065.0469	-1
6072.6274	-1
6080.2080	-1
6087.7886	-1
6095.3691	-1
6102.9497	-1
6110.5303	-1
6118.1108	-1
6125.6914	-1
6133.2720	-1
6140.8525	-1
6148.4331	-1
6156.0137	-1
6163.5942	-1
6171.1748	1
6178.7559	1
6186.3369	1
6193.9180	1
6201.4990	1
6209.0801	1
6216.6611	1
6224.2422	1
6231.8237	1
6239.4053	1
6246.9868	1
6254.5684	1
6262.1499	1
6269.7319	1
6277.3145	1
6284.8970	1
6292.4810	-1
6300.0649	-1
6307.6489	-1
6315.2329	-1
6322.8169	-1
6330.4009	-1
6337.9854	-1
6345.5698	-1
6353.1543	-1
6360.7388	-1
6368.3232	-1
6375.9077	-1
6383.4922	1
6391.0767	1
6398.6611	1
6406.2456	1
6413.8320	-1
6421.4185	-1
6429.0049	-1
6436.5913	-1
6444.1777	-1
6451.7642	-1
6459.3511	-1
6466.9380	-1
6474.5249	-1
6482.1118	-1
6489.6987	-1
6497.2856	-1
6504.8730	-1
6512.4604	-1
6520.0479	-1
6527.6353	-1
6535.2227	-1
6542.8101	-1
6550.3975	-1
6557.9849	-1
6565.5723	-1
6573.1597	-1
6580.7471	-1
6588.3345	-1
6595.9219	-1
6603.5093	-1
6611.0967	-1
6618.6841	-1
6626.2715	-1
6633.8589	-1
6641.4468	-1
6649.0347	-1
6656.6226	-1
6664.2104	-1
6671.7983	-1
6679.3862	-1
6686.9741	-1
6694.5620	-1
6702.1499	-1
6709.7378	-1
6717.3257	-1
6724.9136	-1
6732.5015	-1
6740.0894	-1
6747.6772	-1
6755.2651	-1
6762.8530	-1
6770.4409	-1
6778.0288	-1
6785.6167	-1
6793.2046	-1
6800.7925	-1
6808.3804	-1
6815.9683	-1
6823.5566	-1
6831.1450	-1
6838.7334	-1
6846.3218	-1
6853.9102	-1
6861.4985	-1
6869.0903	1
6876.6821	1
6884.2739	1
6891.8662	1
6899.4585	1
6907.0508	1
6914.6431	-1
6922.2354	-1
6929.8276	-1
6937.4199	-1
6945.0122	-1
6952.6045	-1
6960.1968	1
6967.7891	1
6975.3813	1
6982.9736	1
6990.5659	-1
6998.1582	-1
7005.7505	-1
7013.3428	1
7020.9351	-1
7028.5273	-1
7036.1196	-1
7043.7119	-1
7051.3042	-1
7058.8965	-1
7066.4888	-1
7074.0811	-1
7081.6738	-1
7089.2666	-1
7096.8594	-1
7104.4521	-1
7112.0449	-1
7119.6377	-1
7127.2305	-1
7134.8237	-1
7142.4170	-1
7150.0103	-1
7157.6035	-1
7165.1968	-1
7172.7900	-1
7180.3833	-1
7187.9766	-1
7195.5698	-1
7203.1631	-1
7210.7563	-1
7218.3496	-1
7225.9429	-1
7233.5361	-1
7241.1294	-1
7248.7227	-1
7256.3159	-1
7263.9097	-1
7271.5034	-1
7279.0972	-1
7286.6909	-1
7294.2847	-1
7301.8784	-1
7309.4722	-1
7317.0708	-1
7324.6694	-1
7332.2681	-1
7339.8667	-1
7347.4653	-1
7355.0640	-1
7362.6626	-1
7370.2612	-1
7377.8599	-1
7385.4585	-1
7393.0571	-1
7400.6558	-1
7408.2549	-1
7415.8540	-1
7423.4531	-1
7431.0522	-1
7438.6514	-1
7446.2505	-1
7453.8496	-1
7461.4487	-1
7469.0479	-1
7476.6470	-1
7484.2461	-1
7491.8452	-1
7499.4443	-1
7507.0435	-1
7514.6426	-1
7522.2417	-1
7529.8408	-1
7537.4399	-1
7545.0396	-1
7552.6392	-1
7560.2388	-1
7567.8384	-1
7575.4380	-1
7583.0376	-1
7590.6372	-1
7598.2368	-1
7605.8364	-1
7613.4360	-1
7621.0356	-1
7628.6353	-1
7636.2349	-1
7643.8345	-1
7651.4341	-1
7659.0337	-1
7666.6333	-1
7674.2329	-1
7681.8325	-1
7689.4321	-1
7697.0317	-1
7704.6313	-1
7712.2310	-1
7719.8306	-1
7727.4316	-1
7735.0327	-1
7742.6338	-1
7750.2349	-1
7757.8359	-1
7765.4370	-1
7773.0386	-1
7780.6401	-1
7788.2417	-1
7795.8433	-1
7803.4580	1
7811.0742	-1
7818.6909	1
7826.3076	1
7833.9258	-1
7841.5439	-1
7849.1621	-1
7856.7803	-1
7864.3984	-1
7872.0166	-1
7879.6348	-1
7887.2529	-1
7894.8838	1
7902.5171	-1
7910.1509	1
7917.7847	1
7925.4194	-1
7933.0542	-1
7940.6890	-1
7948.3237	-1
7955.9585	-1
7963.5933	-1
7971.2290	-1
7978.8647	-1
7986.5005	-1
7994.1362	-1
8001.7720	-1
8009.4077	-1
8017.0435	1
8024.6802	-1
8032.3169	-1
8039.9536	-1
8047.5903	-1
8055.2271	-1
8062.8638	-1
8070.5142	1
8078.1655	-1
8085.8174	-1
8093.4697	1
8101.1221	1
8108.7759	-1
8116.4297	-1
8124.0835	-1
8131.7373	-1
8139.3911	-1
8147.0449	-1
8154.6992	-1
8162.3535	-1
8170.0078	-1
8177.6621	-1
8185.3164	-1
8192.9854	1
8200.6553	-1
8208.3262	1
8215.9971	1
8223.6689	-1
8231.3408	-1
8239.0127	-1
8246.6846	-1
8254.3564	-1
8262.0283	-1
8269.7002	-1
8277.3721	-1
8285.0439	-1
8292.7158	-1
8300.3877	-1
8308.0596	-1
8315.7324	1
8323.4053	1
8331.0781	1
8338.7510	1
8346.4248	-1
8354.0986	-1
8361.7725	-1
8369.4463	-1
8377.1201	-1
8384.7939	-1
8392.4688	-1
8400.1436	-1
8407.8184	-1
8415.4932	-1
8423.1680	-1
8430.8428	-1
8438.5176	-1
8446.1924	-1
8453.8672	-1
8461.5420	-1
8469.2168	-1
8476.8916	-1
8484.5664	-1
8492.2412	-1
8499.9160	-1
8507.5908	-1
8515.2656	-1
8522.9404	-1
8530.6152	1
8538.2900	1
8545.9648	1
8553.6396	1
8561.3154	1
8568.9912	1
8576.6670	1
8584.3428	1
8592.0205	-1
8599.6982	-1
8607.3760	-1
8615.0537	-1
8622.7314	-1
8630.4092	-1
8638.0869	-1
8645.7646	-1
8653.4424	-1
8661.1201	-1
8668.7979	-1
8676.4756	-1
8684.1543	-1
8691.8330	-1
8699.5117	-1
8707.1904	-1
8714.8691	-1
8722.5479	-1
8730.2266	-1
8737.9053	-1
8745.5840	-1
8753.2627	-1
8760.9414	-1
8768.6201	-1
8776.2988	-1
8783.9775	-1
8791.6562	-1
8799.3350	-1
8807.0137	-1
8814.6924	-1
8822.3711	-1
8830.0498	-1
8837.7285	-1
8845.4072	-1
8853.0859	-1
8860.7646	-1
8868.4434	-1
8876.1221	-1
8883.8008	-1
8891.4795	-1
8899.1582	-1
8906.8369	-1
8914.5156	-1
8922.1943	-1
8929.8730	-1
8937.5518	-1
8945.2305	-1
8952.9092	-1
8960.5889	1
8968.2686	1
8975.9482	1
8983.6279	1
8991.3076	1
8998.9873	1
9006.6670	1
9014.3467	1
9022.0264	1
9029.7061	1
9037.3857	1
9045.0654	1
9052.7451	1
9060.4258	1
9068.1064	1
9075.7871	1
9083.4736	-1
9091.1602	-1
9098.8467	-1
9106.5332	-1
9114.2197	-1
9121.9062	-1
9129.5928	-1
9137.2793	-1
9144.9658	-1
9152.6523	-1
9160.3389	-1
9168.0254	-1
9175.7119	-1
9183.3984	-1
9191.0850	-1
9198.7715	-1
9206.4580	-1
9214.1445	-1
9221.8311	-1
9229.5176	-1
9237.2041	-1
9244.8906	-1
9252.5771	-1
9260.2637	-1
9267.9502	-1
9275.6367	-1
9283.3232	-1
9291.0098	-1
9298.6963	-1
9306.3828	-1
9314.0703	-1
9321.7578	-1
9329.4453	-1
9337.1328	-1
9344.8203	-1
9352.5078	-1
9360.1953	-1
9367.8828	-1
9375.5703	-1
9383.2578	-1
9390.9453	-1
9398.6328	-1
9406.3203	-1
9414.0078	-1
9421.6953	-1
9429.3828	-1
9437.0703	-1
9444.7578	-1
9452.4453	-1
9460.1328	-1
9467.8203	-1
9475.5078	-1
9483.1953	-1
9490.8828	-1
9498.5703	-1
9506.2578	-1
9513.9453	-1
9521.6328	-1
9529.3203	-1
9537.0078	-1
9544.6953	-1
9552.3828	-1
9560.0703	-1
9567.7578	-1
9575.4453	-1
9583.1328	-1
9590.8203	-1
9598.5078	-1
9606.1953	-1
9613.8828	-1
9621.5703	-1
9629.2578	-1
9636.9463	-1
9644.6348	-1
9652.3232	-1
9660.0117	-1
9667.7002	-1
9675.3887	-1
9683.0771	-1
9690.7656	-1
9698.4541	-1
9706.1426	-1
9713.8311	-1
9721.5195	-1
9729.2080	-1
9736.8965	-1
9744.5850	-1
9752.2734	-1
9759.9619	-1
9767.6504	-1
9775.3389	-1
9783.0273	-1
9790.7158	-1
9798.4043	-1
9806.0928	-1
9813.7812	-1
9821.4697	1
9829.1582	1
9836.8467	1
9844.5352	1
9852.2266	-1
9859.9180	-1
9867.6094	-1
9875.3008	-1
9882.9922	-1
9890.6836	-1
9898.3750	-1
9906.0664	-1
9913.7578	-1
9921.4492	-1
9929.1406	-1
9936.8320	-1
9944.5234	-1
9952.2148	-1
9959.9062	-1
9967.5977	-1
9975.2891	-1
9982.9805	-1
9990.6719	-1
9998.3633	-1
10006.0684	1
10013.7754	-1
10021.4824	1
10029.1895	1
10036.8975	-1
10044.6055	-1
10052.3135	-1
10060.0342	1
10067.7568	-1
10075.4795	1
10083.2021	1
10090.9258	-1
10098.6494	-1
10106.3730	-1
10114.0967	-1
10121.8213	-1
10129.5586	1
10137.2998	-1
10145.0410	1
10152.7822	1
10160.5244	-1
10168.2666	-1
10176.0088	-1
10183.7510	-1
10191.4932	-1
10199.2354	-1
10206.9775	-1
10214.7197	-1
10222.4619	-1
10230.2041	-1
10237.9463	-1
10245.6885	-1
10253.4316	1
10261.1748	1
10268.9180	-1
10276.6611	-1
10284.4043	-1
10292.1475	-1
10299.8906	-1
10307.6338	-1
10315.3779	-1
10323.1221	-1
10330.8779	1
10338.6357	-1
10346.3945	1
10354.1533	1
10361.9131	-1
10369.6729	-1
10377.4326	-1
10385.1924	-1
10392.9521	-1
10400.7119	-1
10408.4717	-1
10416.2314	-1
10423.9912	-1
10431.7510	-1
10439.5107	-1
10447.2705	-1
10455.0312	1
10462.7920	1
10470.5527	1
10478.3135	1
10486.0752	-1
10493.8369	-1
10501.5986	-1
10509.3604	-1
10517.1221	-1
10524.8838	-1
10532.6455	-1
10540.4072	-1
10548.1689	-1
10555.9307	-1
10563.6924	-1
10571.4541	-1
10579.2168	-1
10586.9795	-1
10594.7422	-1
10602.5049	-1
10610.2676	-1
10618.0303	-1
10625.7930	-1
10633.5557	-1
10641.3184	-1
10649.0811	-1
10656.8438	-1
10664.6064	-1
10672.3691	1
10680.1318	1
10687.8945	1
10695.6572	1
10703.4199	1
10711.1826	1
10718.9453	1
10726.7080	1
10734.4727	-1
10742.2373	-1
10750.0020	-1
10757.7666	-1
10765.5312	-1
10773.2959	-1
10781.0605	-1
10788.8252	-1
10796.5898	-1
10804.3545	-1
10812.1191	-1
10819.8838	-1
10827.6494	1
10835.4150	1
10843.1807	1
10850.9463	1
10858.7129	-1
10866.4795	-1
10874.2461	-1
10882.0127	-1
10889.7793	-1
10897.5459	-1
10905.3125	-1
10913.0791	-1
10920.8457	-1
10928.6123	-1
10936.3789	-1
10944.1455	-1
10951.9121	-1
10959.6787	-1
10967.4453	-1
10975.2119	-1
10982.9785	-1
10990.7451	-1
10998.5117	-1
11006.2783	-1
11014.0449	-1
11021.8115	-1
11029.5781	-1
11037.3447	-1
11045.1123	-1
11052.8799	-1
11060.6475	-1
11068.4150	-1
11076.1826	-1
11083.9502	-1
11091.7178	-1
11099.4854	-1
11107.2529	-1
11115.0205	-1
11122.7881	-1
11130.5557	-1
11138.3232	1
11146.0908	1
11153.8584	1
11161.6260	1
11169.3945	1
11177.1631	1
11184.9326	-1
11192.7021	-1
11200.4717	-1
11208.2412	-1
11216.0107	-1
11223.7803	-1
11231.5498	-1
11239.3193	-1
11247.0889	-1
11254.8584	-1
11262.6279	-1
11270.3975	-1
11278.1670	-1
11285.9365	-1
11293.7061	-1
11301.4756	-1
11309.2451	-1
11317.0146	-1
11324.7852	-1
11332.5557	-1
11340.3262	-1
11348.0967	-1
11355.8672	-1
11363.6377	-1
11371.4102	-1
11379.1826	-1
11386.9551	-1
11394.7275	-1
11402.5000	-1
11410.2725	-1
11418.0449	-1
11425.8174	-1
11433.5898	-1
11441.3623	-1
11449.1348	-1
11456.9072	-1
11464.6797	-1
11472.4521	-1
11480.2246	-1
11487.9971	-1
11495.7695	-1
11503.5420	-1
11511.3145	-1
11519.0869	-1
11526.8594	-1
11534.6318	-1
11542.4043	-1
11550.1768	-1
11557.9492	-1
11565.7217	-1
11573.4941	-1
11581.2666	-1
11589.0391	-1
11596.8115	-1
11604.5850	-1
11612.3584	-1
11620.1318	-1
11627.9189	1
11635.7080	-1
11643.4971	1
11651.2861	1
11659.0762	-1
11666.8662	-1
11674.6562	-1
11682.4463	-1
11690.2363	-1
11698.0264	-1
11705.8164	-1
11713.6064	-1
11721.4092	1
11729.2139	-1
11737.0186	1
11744.8232	1
11752.6299	-1
11760.4365	-1
11768.2432	1
11776.0498	-1
11783.8564	-1
11791.6631	-1
11799.4697	-1
11807.2764	-1
11815.0957	1
11822.9170	-1
11830.7383	1
11838.5596	1
11846.3828	-1
11854.2061	-1
11862.0293	-1
11869.8525	-1
11877.6758	-1
11885.5117	1
11893.3496	-1
11901.1875	1
11909.0254	1
11916.8652	-1
11924.7051	-1
11932.5449	-1
11940.3848	-1
11948.2246	-1
11956.0645	-1
11963.9043	-1
11971.7441	-1
11979.5840	-1
11987.4238	-1
11995.2637	-1
12003.1035	-1
12010.9434	1
12018.7832	1
12026.6230	1
12034.4639	1
12042.3057	-1
12050.1475	-1
12057.9893	-1
12065.8311	-1
12073.6729	-1
12081.5146	-1
12089.3564	-1
12097.1982	-1
12105.0400	-1
12112.8818	-1
12120.7236	-1
12128.5654	-1
12136.4072	-1
12144.2490	-1
12152.0908	-1
12159.9326	-1
12167.7744	-1
12175.6162	-1
12183.4580	-1
12191.2998	-1
12199.1416	-1
12206.9834	-1
12214.8252	-1
12222.6670	-1
12230.5098	1
12238.3525	1
12246.1953	1
12254.0381	1
12261.8809	1
12269.7236	1
12277.5664	1
12285.4092	1
12293.2539	-1
12301.0986	-1
12308.9434	-1
12316.7881	-1
12324.6328	-1
12332.4775	-1
12340.3242	1
12348.1709	1
12356.0176	-1
12363.8643	-1
12371.7109	-1
12379.5576	-1
12387.4043	-1
12395.2510	-1
12403.0977	-1
12410.9443	-1
12418.7910	-1
12426.6377	-1
12434.4844	-1
12442.3311	-1
12450.1777	-1
12458.0244	-1
12465.8711	-1
12473.7178	-1
12481.5645	-1
12489.4111	-1
12497.2578	-1
12505.1045	-1
12512.9512	-1
12520.7979	-1
12528.6445	-1
12536.4912	-1
12544.3379	-1
12552.1846	-1
12560.0312	-1
12567.8779	-1
12575.7246	-1
12583.5723	-1
12591.4199	-1
12599.2676	-1
12607.1152	-1
12614.9629	-1
12622.8105	-1
12630.6582	-1
12638.5059	-1
12646.3535	-1
12654.2012	-1
12662.0488	-1
12669.8965	-1
12677.7441	-1
12685.5918	1
12693.4404	1
12701.2891	1
12709.1377	1
12716.9863	1
12724.8359	-1
12732.6855	-1
12740.5352	-1
12748.3848	-1
12756.2344	-1
12764.0840	-1
12771.9336	-1
12779.7832	-1
12787.6328	-1
12795.4824	-1
12803.3320	-1
12811.1816	-1
12819.0322	-1
12826.8828	-1
12834.7334	-1
12842.5840	-1
12850.4346	-1
12858.2852	-1
12866.1367	-1
12873.9883	-1
12881.8398	-1
12889.6914	-1
12897.5430	-1
12905.3945	-1
12913.2461	-1
12921.0977	-1
12928.9492	-1
12936.8008	-1
12944.6523	-1
12952.5039	-1
12960.3555	-1
12968.2070	-1
12976.0586	-1
12983.9102	-1
12991.7617	-1
12999.6133	-1
13007.4658	-1
13015.3184	-1
13023.1709	-1
13031.0234	-1
13038.8760	-1
13046.7412	1
13054.6074	-1
13062.4746	1
13070.3418	1
13078.2100	-1
13086.0781	-1
13093.9463	-1
13101.8145	-1
13109.6826	-1
13117.5508	-1
13125.4189	-1
13133.2871	-1
13141.1553	-1
13149.0234	-1
13156.8916	-1
13164.7598	-1
13172.6289	1
13180.4980	1
13188.3672	1
13196.2363	1
13204.1064	-1
13211.9766	-1
13219.8467	-1
13227.7168	-1
13235.5869	-1
13243.4570	-1
13251.3281	-1
13259.1992	-1
13267.0703	1
13274.9414	-1
13282.8125	-1
13290.6836	-1
13298.5547	-1
13306.4258	1
13314.2969	-1
13322.1680	-1
13330.0391	-1
13337.9102	-1
13345.7812	-1
13353.6523	-1
13361.5244	-1
13369.3965	-1
13377.2686	-1
13385.1406	-1
13393.0127	-1
13400.8848	-1
13408.7568	1
13416.6289	1
13424.5010	1
13432.3740	1
13440.2471	1
13448.1201	1
13455.9932	-1
13463.8662	-1
13471.7393	-1
13479.6123	-1
13487.4854	-1
13495.3584	-1
13503.2324	1
13511.1064	1
13518.9805	-1
13526.8545	-1
13534.7285	-1
13542.6025	-1
13550.4766	-1
13558.3506	-1
13566.2266	-1
13574.1025	-1
13581.9785	-1
13589.8545	-1
13597.7305	-1
13605.6064	-1
13613.4824	-1
13621.3584	-1
13629.2344	-1
13637.1104	-1
13644.9863	-1
13652.8623	-1
13660.7383	1
13668.6143	1
13676.4912	-1
13684.3682	-1
13692.2451	-1
13700.1221	-1
13707.9990	-1
13715.8760	-1
13723.7529	1
13731.6299	1
13739.5068	1
13747.3838	1
13755.2607	-1
13763.1377	-1
13771.0146	-1
13778.8916	-1
13786.7686	-1
13794.6455	-1
13802.5225	1
13810.4004	-1
13818.2783	-1
13826.1562	-1
13834.0342	-1
13841.9121	-1
13849.7900	-1
13857.6689	-1
13865.5479	-1
13873.4268	-1
13881.3057	-1
13889.1846	-1
13897.0635	-1
13904.9424	-1
13912.8213	-1
13920.7002	-1
13928.5791	-1
13936.4580	-1
13944.3369	-1
13952.2158	-1
13960.0947	-1
13967.9736	-1
13975.8525	-1
13983.7314	-1
13991.6104	-1
13999.4902	-1
14007.3701	-1
14015.2500	-1
14023.1299	-1
14031.0098	-1
14038.8896	-1
14046.7695	-1
14054.6494	-1
14062.5293	-1
14070.4092	-1
14078.2891	-1
14086.1689	-1
14094.0498	-1
14101.9307	-1
14109.8115	-1
14117.6924	-1
14125.5732	-1
14133.4541	-1
14141.3359	-1
14149.2178	-1
14157.0996	-1
14164.9814	-1
14172.8633	-1
14180.7451	-1
14188.6270	-1
14196.5088	-1
14204.3906	-1
14212.2725	-1
14220.1543	-1
14228.0361	-1
14235.9180	-1
14243.7998	-1
14251.6816	-1
14259.5635	-1
14267.4453	-1
14275.3271	-1
14283.2090	-1
14291.0908	-1
14298.9727	-1
14306.8545	-1
14314.7510	1
14322.6484	-1
14330.5459	1
14338.4434	1
14346.3418	-1
14354.2402	-1
14362.1387	-1
14370.0371	-1
14377.9355	-1
14385.8340	-1
14393.7324	-1
14401.6309	-1
14409.5293	-1
14417.4277	-1
14425.3262	-1
14433.2246	-1
14441.1240	1
14449.0234	1
14456.9229	1
14464.8223	1
14472.7227	-1
14480.6230	-1
14488.5234	-1
14496.4238	-1
14504.3242	-1
14512.2246	-1
14520.1250	-1
14528.0254	-1
14535.9258	-1
14543.8262	-1
14551.7266	-1
14559.6270	-1
14567.5273	-1
14575.4277	-1
14583.3281	-1
14591.2285	-1
14599.1289	-1
14607.0293	-1
14614.9297	1
14622.8311	-1
14630.7324	-1
14638.6338	-1
14646.5352	-1
14654.4365	-1
14662.3379	-1
14670.2393	1
14678.1406	1
14686.0420	1
14693.9434	1
14701.8447	1
14709.7461	1
14717.6475	1
14725.5498	-1
14733.4521	-1
14741.3545	-1
14749.2568	-1
14757.1592	-1
14765.0615	-1
14772.9639	-1
14780.8662	-1
14788.7686	-1
14796.6709	-1
14804.5732	-1
14812.4756	-1
14820.3789	-1
14828.2822	-1
14836.1855	-1
14844.0889	-1
14851.9922	-1
14859.8955	-1
14867.7988	1
14875.7021	-1
14883.6055	-1
14891.5088	-1
14899.4121	1
14907.3154	-1
14915.2188	-1
14923.1221	-1
14931.0254	-1
14938.9287	-1
14946.8320	-1
14954.7354	-1
14962.6387	-1
14970.5420	-1
14978.4463	-1
14986.3506	-1
14994.2549	-1
15002.1592	-1
15010.0635	-1
15017.9678	-1
15025.8721	-1
15033.7764	-1
15041.6807	-1
15049.5850	-1
15057.4893	-1
15065.3936	-1
15073.2979	-1
15081.2021	-1
15089.1064	-1
15097.0107	-1
15104.9150	-1
15112.8193	-1
15120.7236	1
15128.6279	1
15136.5322	1
15144.4365	1
15152.3408	1
15160.2461	1
15168.1514	1
15176.0566	1
15183.9619	1
15191.8672	1
15199.7725	1
15207.6777	1
15215.5830	-1
15223.4883	-1
15231.3936	-1
15239.2988	-1
15247.2041	-1
15255.1094	-1
15263.0146	-1
15270.9199	-1
15278.8252	-1
15286.7305	-1
15294.6357	-1
15302.5410	-1
15310.4473	1
15318.3535	1
15326.2607	-1
15334.1680	-1
15342.0752	-1
15349.9824	-1
15357.8896	-1
15365.7969	-1
15373.7041	-1
15381.6113	-1
15389.5186	-1
15397.4258	-1
15405.3330	-1
15413.2402	-1
15421.1475	1
15429.0547	1
15436.9619	1
15444.8691	1
15452.7773	-1
15460.6855	-1
15468.5938	-1
15476.5020	-1
15484.4102	-1
15492.3184	-1
15500.2266	-1
15508.1348	-1
15516.0430	-1
15523.9512	-1
15531.8594	-1
15539.7676	-1
15547.6758	1
15555.5840	1
15563.4922	1
15571.4004	1
15579.3096	-1
15587.2188	-1
15595.1279	-1
15603.0371	-1
15610.9463	-1
15618.8555	-1
15626.7646	-1
15634.6738	-1
15642.5830	-1
15650.4922	-1
15658.4014	-1
15666.3105	-1
15674.2197	-1
15682.1289	-1
15690.0381	-1
15697.9473	-1
15705.8564	-1
15713.7656	-1
15721.6748	-1
15729.5840	-1
15737.4932	-1
15745.4023	-1
15753.3115	-1
15761.2207	-1
15769.1299	-1
15777.0391	-1
15784.9482	-1
15792.8574	-1
15800.7666	-1
15808.6768	-1
15816.5869	1
15824.4971	1
15832.4072	1
15840.3174	1
15848.2275	1
15856.1377	1
15864.0479	1
15871.9580	1
15879.8682	1
15887.7783	1
15895.6885	1
15903.5996	1
15911.5107	1
15919.4219	1
15927.3359	-1
15935.2500	-1
15943.1641	-1
15951.0781	-1
15958.9922	-1
15966.9062	-1
15974.8203	-1
15982.7344	-1
15990.6484	-1
15998.5625	-1
16006.4766	-1
16014.3906	-1
16022.3047	-1
16030.2188	-1
16038.1328	-1
16046.0469	-1
16053.9609	-1
16061.8750	-1
16069.7891	-1
16077.7031	-1
16085.6172	-1
16093.5312	-1
16101.4453	-1
16109.3594	-1
16117.2734	-1
16125.1875	-1
16133.1016	-1
16141.0156	-1
16148.9297	-1
16156.8438	-1
16164.7588	-1
16172.6738	-1
16180.5889	-1
16188.5039	-1
16196.4189	-1
16204.3340	-1
16212.2490	-1
16220.1641	-1
16228.0791	-1
16235.9941	-1
16243.9092	-1
16251.8242	-1
16259.7393	-1
16267.6543	-1
16275.5693	-1
16283.4844	-1
16291.3994	-1
16299.3145	-1
16307.2295	-1
16315.1445	-1
16323.0596	-1
16330.9746	-1
16338.8896	-1
16346.8047	-1
16354.7197	-1
16362.6348	-1
16370.5498	-1
16378.4648	-1
16386.3809	-1
16394.2969	-1
16402.2129	-1
16410.1289	-1
16418.0449	-1
16425.9609	-1
16433.8770	-1
16441.7930	-1
16449.7090	-1
16457.6250	-1
16465.5410	-1
16473.4570	-1
16481.3730	-1
16489.2891	-1
16497.2051	-1
16505.1211	-1
16513.0371	-1
16520.9531	-1
16528.8691	-1
16536.7852	-1
16544.7012	-1
16552.6172	-1
16560.5332	-1
16568.4492	-1
16576.3652	-1
16584.2812	-1
16592.1992	-1
16600.1172	-1
16608.0352	-1
16615.9531	-1
16623.8711	-1
16631.7891	-1
16639.7070	-1
16647.6250	-1
16655.5430	-1
16663.4609	-1
16671.3789	-1
16679.2969	-1
16687.2148	-1
16695.1328	-1
16703.0508	-1
16710.9688	-1
16718.8867	-1
16726.8047	-1
16734.7227	-1
16742.6406	-1
16750.5586	-1
16758.4766	-1
16766.3945	-1
16774.3125	-1
16782.2305	-1
16790.1484	-1
16798.0664	-1
16805.9844	-1
16813.9023	-1
16821.8203	-1
16829.7383	-1
16837.6562	-1
16845.5742	-1
16853.4922	-1
16861.4102	-1
16869.3281	-1
16877.2461	-1
16885.1641	-1
16893.0820	-1
16901.0000	-1
16908.9180	-1
16916.8359	-1
16924.7539	-1
16932.6719	-1
16940.5898	-1
16948.5078	-1
16956.4258	-1
16964.3438	-1
16972.2617	-1
16980.1797	-1
16988.0977	-1
16996.0156	-1
17003.9336	-1
17011.8516	-1
17019.7695	-1
17027.6875	-1
17035.6055	-1
17043.5234	-1
17051.4414	-1
17059.3594	-1
17067.2773	-1
17075.1953	-1
17083.1133	-1
17091.0312	-1
17098.9492	-1
17106.8672	-1
17114.7852	1
17122.7031	1
17130.6211	1
17138.5410	1
17146.4609	1
17154.3809	1
17162.3008	1
17170.2207	1
17178.1406	1
17186.0605	1
17193.9805	1
17201.9004	-1
17209.8203	1
17217.7402	-1
17225.6602	-1
17233.5801	-1
17241.5000	-1
17249.4199	-1
17257.3398	1
17265.2598	1
17273.1797	1
17281.0996	1
17289.0195	1
17296.9395	1
17304.8594	1
17312.7793	1
17320.6992	1
17328.6191	1
17336.5391	1
17344.4590	1
17352.3789	1
17360.2988	1
17368.2188	1
17376.1387	-1
17384.0586	-1
17391.9785	-1
17399.8984	-1
17407.8184	-1
17415.7383	-1
17423.6582	1
17431.5781	-1
17439.4980	-1
17447.4180	-1
17455.3379	-1
17463.2578	-1
17471.1777	-1
17479.0977	1
17487.0176	1
17494.9395	1
17502.8613	1
17510.7832	1
17518.7051	1
17526.6270	1
17534.5488	1
17542.4707	1
17550.3926	1
17558.3164	1
17566.2402	1
17574.1641	1
17582.0879	1
17590.0117	1
17597.9355	1
17605.8594	1
17613.7832	1
17621.7070	1
17629.6309	1
17637.5547	1
17645.4785	1
17653.4023	1
17661.3262	1
17669.2500	1
17677.1738	1
17685.0977	1
17693.0215	1
17700.9473	-1
17708.8730	-1
17716.7988	-1
17724.7246	-1
17732.6504	-1
17740.5762	-1
17748.5020	-1
17756.4277	-1
17764.3535	-1
17772.2793	-1
17780.2051	-1
17788.1309	-1
17796.0566	-1
17803.9824	-1
17811.9082	-1
17819.8340	-1
17827.7598	-1
17835.6855	-1
17843.6113	-1
17851.5371	-1
17859.4629	-1
17867.3887	-1
17875.3145	-1
17883.2402	-1
17891.1660	-1
17899.0918	-1
17907.0176	-1
17914.9434	-1
17922.8691	-1
17930.7949	-1
17938.7246	1
17946.6543	1
17954.5840	1
17962.5137	-1
17970.4434	-1
17978.3730	-1
17986.3027	-1
17994.2324	-1
18002.1621	-1
18010.0918	-1
18018.0215	-1
18025.9512	-1
18033.8809	-1
18041.8105	-1
18049.7402	-1
18057.6699	-1
18065.5996	-1
18073.5293	-1
18081.4590	-1
18089.3887	-1
18097.3184	-1
18105.2480	-1
18113.1777	-1
18121.1074	-1
18129.0371	-1
18136.9668	-1
18144.8965	-1
18152.8262	-1
18160.7559	-1
18168.6855	-1
18176.6152	-1
18184.5449	-1
18192.4746	-1
18200.4043	-1
18208.3340	-1
18216.2637	-1
18224.1934	-1
18232.1230	-1
18240.0527	-1
18247.9824	-1
18255.9121	-1
18263.8418	-1
18271.7715	-1
18279.7012	-1
18287.6309	-1
18295.5605	-1
18303.4902	-1
18311.4199	-1
18319.3496	-1
18327.2793	-1
18335.2090	-1
18343.1387	-1
18351.0684	-1
18358.9980	-1
18366.9277	-1
18374.8574	-1
18382.7871	-1
18390.7168	-1
18398.6465	-1
18406.5762	-1
18414.5059	-1
18422.4355	-1
18430.3652	-1
18438.2969	-1
18446.2285	-1
18454.1602	-1
18462.0918	-1
18470.0234	-1
18477.9551	-1
18485.8867	-1
18493.8184	-1
18501.7500	-1
18509.6816	-1
18517.6133	-1
18525.5449	-1
18533.4766	-1
18541.4082	-1
18549.3398	-1
18557.2715	-1
18565.2031	-1
18573.1348	-1
18581.0664	-1
18588.9980	-1
18596.9297	-1
18604.8613	-1
18612.7930	-1
18620.7246	-1
18628.6582	-1
18636.5918	-1
18644.5254	-1
18652.4590	-1
18660.3926	-1
18668.3262	-1
18676.2598	-1
18684.1934	-1
18692.1270	-1
18700.0605	-1
18707.9941	-1
18715.9277	-1
18723.8613	-1
18731.7949	-1
18739.7285	-1
18747.6621	-1
18755.5957	-1
18763.5293	-1
18771.4629	-1
18779.3965	-1
18787.3301	-1
18795.2637	-1
18803.1973	-1
18811.1309	-1
18819.0645	-1
18826.9980	-1
18834.9316	-1
18842.8652	-1
18850.7988	-1
18858.7324	-1
18866.6660	-1
18874.5996	-1
18882.5332	-1
18890.4668	-1
18898.4004	-1
18906.3340	-1
18914.2676	-1
18922.2012	-1
18930.1348	-1
18938.0684	-1
18946.0020	-1
18953.9355	-1
18961.8711	-1
18969.8066	-1
18977.7422	-1
18985.6777	-1
18993.6133	-1
19001.5488	-1
19009.4844	-1
19017.4199	-1
19025.3555	-1
19033.2910	-1
19041.2266	-1
19049.1621	-1
19057.0977	-1
19065.0332	-1
19072.9688	-1
19080.9043	-1
19088.8398	-1
19096.7754	-1
19104.7109	-1
19112.6465	-1
19120.5820	-1
19128.5176	-1
19136.4531	-1
19144.3887	-1
19152.3262	-1
19160.2637	-1
19168.2012	-1
19176.1387	-1
19184.0762	-1
19192.0137	-1
19199.9512	-1
19207.8887	-1
19215.8262	-1
19223.7637	-1
19231.7012	-1
19239.6387	-1
19247.5762	-1
19255.5137	-1
19263.4512	-1
19271.3887	-1
19279.3262	-1
19287.2637	-1
19295.2012	-1
19303.1387	-1
19311.0762	-1
19319.0137	-1
19326.9512	-1
19334.8887	-1
19342.8262	-1
19350.7637	-1
19358.7012	-1
19366.6387	-1
19374.5762	-1
19382.5137	-1
19390.4512	-1
19398.3887	-1
19406.3262	-1
19414.2637	-1
19422.2012	-1
19430.1387	-1
19438.0762	-1
19446.0137	-1
19453.9512	-1
19461.8887	-1
19469.8262	-1
19477.7637	-1
19485.7012	-1
19493.6387	-1
19501.5762	-1
19509.5137	-1
19517.4512	-1
19525.3887	-1
19533.3262	-1
19541.2637	-1
19549.2012	-1
19557.1387	-1
19565.0762	-1
19573.0137	-1
19580.9512	-1
19588.8887	-1
19596.8262	-1
19604.7637	-1
19612.7012	-1
19620.6387	-1
19628.5781	-1
19636.5176	-1
19644.4570	-1
19652.3965	-1
19660.3359	-1
19668.2754	-1
19676.2148	-1
19684.1543	-1
19692.0938	-1
19700.0332	-1
19707.9727	-1
19715.9121	-1
19723.8516	-1
19731.7910	-1
19739.7305	-1
19747.6699	-1
19755.6094	-1
19763.5488	-1
19771.4883	-1
19779.4277	-1
19787.3672	-1
19795.3066	-1
19803.2461	-1
19811.1855	-1
19819.1250	-1
19827.0645	-1
19835.0039	-1
19842.9434	-1
19850.8828	-1
19858.8223	-1
19866.7617	-1
19874.7012	-1
19882.6406	-1
19890.5801	-1
19898.5195	-1
19906.4590	-1
19914.4004	-1
19922.3418	-1
19930.2832	-1
19938.2246	-1
19946.1660	-1
19954.1074	-1
19962.0488	-1
19969.9902	-1
19977.9316	-1
19985.8730	-1
19993.8145	-1
20001.7559	-1
20009.6973	-1
20017.6387	-1
20025.5801	-1
20033.5215	-1
20041.4629	-1
20049.4043	-1
20057.3457	-1
20065.2871	-1
20073.2285	-1
20081.1699	-1
20089.1113	-1
20097.0527	-1
20104.9961	-1
20112.9395	-1
20120.8828	-1
20128.8262	-1
20136.7695	-1
20144.7129	-1
20152.6562	-1
20160.5996	-1
20168.5430	-1
20176.4863	-1
20184.4297	-1
20192.3730	-1
20200.3164	-1
20208.2598	-1
20216.2031	-1
20224.1465	-1
20232.0898	-1
20240.0332	-1
20247.9766	-1
20255.9199	-1
20263.8633	-1
20271.8066	-1
20279.7500	-1
20287.6934	-1
20295.6367	-1
20303.5801	-1
20311.5234	-1
20319.4668	-1
20327.4102	-1
20335.3535	-1
20343.2969	-1
20351.2402	-1
20359.1836	-1
20367.1270	-1
20375.0703	-1
20383.0137	-1
20390.9570	-1
20398.9004	-1
20406.8438	-1
20414.7871	-1
20422.7305	-1
20430.6738	-1
20438.6172	-1
20446.5605	-1
20454.5039	-1
20462.4609	1
20470.4199	-1
20478.3789	1
20486.3379	1
20494.2988	-1
20502.2598	-1
20510.2207	-1
20518.1816	-1
20526.1426	-1
20534.1035	-1
20542.0645	-1
20550.0254	-1
20557.9863	-1
20565.9473	-1
20573.9082	-1
20581.8691	-1
20589.8301	1
20597.7910	1
20605.7520	1
20613.7129	1
20621.6758	-1
20629.6387	-1
20637.6016	-1
20645.5645	-1
20653.5273	-1
20661.4902	-1
20669.4531	-1
20677.4160	-1
20685.3789	-1
20693.3418	-1
20701.3047	-1
20709.2676	-1
20717.2305	-1
20725.1934	-1
20733.1562	-1
20741.1191	-1
20749.0820	-1
20757.0449	-1
20765.0078	-1
20772.9707	-1
20780.9336	-1
20788.8965	-1
20796.8594	-1
20804.8223	-1
20812.7852	1
20820.7480	1
20828.7109	1
20836.6738	1
20844.6367	1
20852.5996	1
20860.5645	1
20868.5293	1
20876.4941	-1
20884.4590	-1
20892.4238	-1
20900.3887	-1
20908.3535	-1
20916.3184	-1
20924.2832	-1
20932.2480	-1
20940.2129	-1
20948.1777	-1
20956.1426	-1
20964.1074	-1
20972.0742	-1
20980.0410	-1
20988.0078	-1
20995.9746	-1
21003.9414	-1
21011.9082	-1
21019.8750	-1
21027.8418	-1
21035.8086	-1
21043.7754	-1
21051.7422	-1
21059.7090	-1
21067.6758	-1
21075.6426	-1
21083.6094	-1
21091.5762	-1
21099.5430	-1
21107.5098	-1
21115.4766	-1
21123.4434	-1
21131.4102	-1
21139.3770	-1
21147.3438	-1
21155.3105	-1
21163.2773	-1
21171.2441	-1
21179.2109	-1
21187.1777	-1
21195.1445	-1
21203.1113	-1
21211.0781	1
21219.0449	1
21227.0117	1
21234.9785	-1
21242.9453	-1
21250.9121	-1
21258.8789	-1
21266.8457	-1
21274.8125	-1
21282.7793	1
21290.7461	1
21298.7148	1
21306.6836	1
21314.6523	1
21322.6211	1
21330.5898	1
21338.5586	1
21346.5273	1
21354.4961	1
21362.4648	1
21370.4355	1
21378.4062	1
21386.3770	-1
21394.3477	-1
21402.3184	-1
21410.2891	-1
21418.2598	-1
21426.2305	-1
21434.2012	-1
21442.1719	-1
21450.1426	-1
21458.1133	-1
21466.0840	-1
21474.0547	-1
21482.0273	-1
21490.0000	-1
21497.9727	-1
21505.9453	-1
21513.9180	-1
21521.8906	-1
21529.8633	-1
21537.8359	-1
21545.8086	-1
21553.7812	-1
21561.7539	-1
21569.7266	-1
21577.7012	-1
21585.6758	-1
21593.6504	-1
21601.6250	-1
21609.5996	-1
21617.5742	-1
21625.5488	-1
21633.5234	-1
21641.4980	-1
21649.4727	-1
21657.4473	-1
21665.4219	-1
21673.3965	-1
21681.3711	-1
21689.3457	-1
21697.3203	-1
21705.2949	-1
21713.2695	-1
21721.2441	-1
21729.2188	-1
21737.1934	-1
21745.1680	-1
21753.1426	-1
21761.1172	-1
21769.0918	-1
21777.0664	-1
21785.0410	-1
21793.0156	-1
21800.9902	-1
21808.9648	-1
21816.9395	-1
21824.9141	-1
21832.8887	-1
21840.8633	-1
21848.8379	-1
21856.8125	-1
21864.7871	-1
21872.7617	-1
21880.7363	-1
21888.7109	-1
21896.6855	-1
21904.6602	-1
21912.6348	1
21920.6094	-1
21928.5840	-1
21936.5586	-1
21944.5332	-1
21952.5078	1
21960.4824	-1
21968.4570	-1
21976.4316	1
21984.4062	1
21992.3809	-1
22000.3555	-1
22008.3301	-1
22016.3047	-1
22024.2793	-1
22032.2539	-1
22040.2285	1
22048.2031	1
22056.1777	1
22064.1523	-1
22072.1270	-1
22080.1016	-1
22088.0762	-1
22096.0508	-1
22104.0254	-1
22112.0000	1
22119.9746	1
22127.9492	1
22135.9238	-1
22143.8984	-1
22151.8730	-1
22159.8477	-1
22167.8223	-1
22175.7969	-1
22183.7734	1
22191.7500	1
22199.7266	1
22207.7031	1
22215.6797	1
22223.6562	1
22231.6328	1
22239.6094	1
22247.5859	1
22255.5625	1
22263.5391	1
22271.5176	-1
22279.4961	-1
22287.4746	-1
22295.4531	-1
22303.4316	-1
22311.4102	-1
22319.3906	1
22327.3711	1
22335.3516	1
22343.3320	1
22351.3125	1
22359.2930	1
22367.2734	1
22375.2539	1
22383.2344	1
22391.2168	-1
22399.1992	-1
22407.1816	-1
22415.1641	-1
22423.1465	-1
22431.1289	-1
22439.1113	-1
22447.0938	-1
22455.0762	-1
22463.0586	-1
22471.0410	-1
22479.0234	-1
22487.0059	-1
22494.9883	-1
22502.9707	-1
22510.9531	-1
22518.9355	-1
22526.9180	-1
22534.9004	-1
22542.8828	-1
22550.8652	-1
22558.8477	-1
22566.8301	-1
22574.8125	-1
22582.7949	-1
22590.7773	-1
22598.7598	-1
22606.7422	-1
22614.7246	-1
22622.7070	-1
22630.6895	-1
22638.6719	-1
22646.6543	-1
22654.6367	-1
22662.6191	-1
22670.6016	-1
22678.5840	-1
22686.5664	-1
22694.5488	-1
22702.5312	-1
22710.5137	-1
22718.4961	-1
22726.4805	-1
22734.4648	-1
22742.4492	-1
22750.4336	-1
22758.4180	-1
22766.4023	-1
22774.3867	1
22782.3711	1
22790.3555	-1
22798.3398	-1
22806.3242	-1
22814.3086	-1
22822.2930	-1
22830.2773	-1
22838.2617	-1
22846.2461	-1
22854.2305	-1
22862.2148	-1
22870.1992	-1
22878.1836	-1
22886.1680	-1
22894.1523	-1
22902.1367	-1
22910.1211	-1
22918.1055	-1
22926.0898	-1
22934.0762	-1
22942.0625	-1
22950.0488	-1
22958.0352	-1
22966.0215	-1
22974.0078	-1
22981.9961	-1
22989.9844	-1
22997.9727	-1
23005.9609	-1
23013.9492	-1
23021.9375	-1
23029.9277	-1
23037.9180	-1
23045.9082	-1
23053.8984	-1
23061.8887	-1
23069.8789	-1
23077.8691	-1
23085.8594	-1
23093.8496	-1
23101.8398	-1
23109.8301	-1
23117.8203	-1
23125.8105	-1
23133.8008	-1
23141.7910	-1
23149.7812	-1
23157.7715	-1
23165.7617	-1
23173.7520	-1
23181.7422	-1
23189.7344	-1
23197.7266	-1
23205.7188	-1
23213.7109	-1
23221.7031	-1
23229.6953	-1
23237.6875	-1
23245.6797	-1
23253.6719	-1
23261.6641	-1
23269.6562	-1
23277.6484	-1
23285.6406	-1
23293.6328	-1
23301.6250	-1
23309.6172	-1
23317.6094	-1
23325.6016	-1
23333.5938	-1
23341.5859	-1
23349.5781	-1
23357.5703	-1
23365.5625	-1
23373.5547	-1
23381.5469	-1
23389.5391	-1
23397.5312	-1
23405.5234	-1
23413.5156	-1
23421.5078	-1
23429.5000	-1
23437.4922	-1
23445.4844	-1
23453.4766	-1
23461.4688	-1
23469.4609	-1
23477.4531	-1
23485.4453	-1
23493.4375	-1
23501.4297	-1
23509.4219	-1
23517.4141	-1
23525.4062	-1
23533.3984	-1
23541.3906	-1
23549.3828	-1
23557.3750	-1
23565.3672	-1
23573.3594	-1
23581.3516	-1
23589.3438	-1
23597.3359	-1
23605.3281	-1
23613.3203	-1
23621.3125	-1
23629.3047	-1
23637.2969	-1
23645.2891	-1
23653.2812	-1
23661.2734	-1
23669.2656	-1
23677.2578	-1
23685.2500	-1
23693.2422	-1
23701.2344	-1
23709.2266	-1
23717.2188	-1
23725.2109	-1
23733.2031	-1
23741.1953	-1
23749.1895	-1
23757.1836	-1
23765.1777	-1
23773.1719	-1
23781.1660	-1
23789.1602	-1
23797.3457	1
23805.5312	1
23813.7168	1
23821.9023	-1
23830.0879	-1
23838.2734	-1
23846.4590	-1
23854.6445	-1
23862.8301	-1
23871.0156	-1
23879.2012	-1
23887.3867	-1
23895.5723	-1
23903.7578	-1
23911.9434	-1
23920.1289	-1
23928.3145	-1
23936.5000	-1
23944.6992	1
23952.9004	-1
23961.1016	1
23969.3027	1
23977.5059	-1
23985.7090	-1
23993.9121	-1
24002.1152	-1
24010.3184	-1
24018.5215	-1
24026.7246	-1
24034.9277	-1
24043.1309	-1
24051.3340	-1
24059.5371	-1
24067.7402	-1
24075.9434	1
24084.1465	1
24092.3496	1
24100.5527	1
24108.7578	-1
24116.9629	-1
24125.1680	-1
24133.3730	-1
24141.5781	-1
24149.7832	-1
24157.9883	1
24166.1934	1
24174.3984	-1
24182.6035	-1
24190.8086	-1
24199.0137	-1
24207.2188	-1
24215.4238	-1
24223.6289	-1
24231.8340	-1
24240.0391	-1
24248.2441	-1
24256.4492	-1
24264.6543	-1
24272.8594	-1
24281.0645	-1
24289.2695	-1
24297.4746	-1
24305.6797	-1
24313.8848	-1
24322.0898	1
24330.2949	1
24338.5000	1
24346.7051	1
24354.9121	1
24363.1191	1
24371.3262	-1
24379.5332	-1
24387.7402	-1
24395.9473	-1
24404.1543	-1
24412.3613	-1
24420.5684	-1
24428.7754	-1
24436.9824	-1
24445.1895	-1
24453.3965	-1
24461.6035	-1
24469.8105	1
24478.0176	1
24486.2246	1
24494.4316	1
24502.6406	-1
24510.8496	-1
24519.0586	-1
24527.2676	-1
24535.4766	-1
24543.6855	-1
24551.8945	1
24560.1035	1
24568.3125	-1
24576.5215	-1
24584.7305	-1
24592.9395	-1
24601.1484	-1
24609.3574	-1
24617.5684	-1
24625.7793	-1
24633.9902	-1
24642.2012	-1
24650.4121	-1
24658.6230	-1
24666.8340	1
24675.0449	1
24683.2559	1
24691.4668	1
24699.6777	-1
24707.8887	-1
24716.0996	-1
24724.3105	-1
24732.5215	-1
24740.7324	-1
24748.9453	-1
24757.1582	-1
24765.3711	-1
24773.5840	-1
24781.7969	-1
24790.0098	-1
24798.2227	-1
24806.4355	-1
24814.6484	-1
24822.8613	-1
24831.0742	-1
24839.2871	-1
24847.5000	-1
24855.7129	-1
24863.9258	-1
24872.1387	-1
24880.3516	-1
24888.5645	-1
24896.7773	-1
24904.9902	-1
24913.2031	-1
24921.4160	-1
24929.6289	-1
24937.8418	-1
24946.0547	-1
24954.2676	-1
24962.4805	-1
24970.6934	-1
24978.9062	-1
24987.1191	-1
24995.3320	-1
25003.5449	-1
25011.7578	-1
25019.9707	-1
25028.1836	-1
25036.3965	-1
25044.6094	-1
25052.8223	-1
25061.0352	-1
25069.2480	-1
25077.4609	-1
25085.6738	-1
25093.8867	-1
25102.0996	-1
25110.3125	-1
25118.5254	-1
25126.7383	-1
25134.9512	-1
25143.1660	-1
25151.3809	-1
25159.5957	-1
25167.8105	-1
25176.0254	-1
25184.2402	-1
25192.4551	1
25200.6699	1
25208.8848	1
25217.0996	1
25225.3145	1
25233.5293	1
25241.7441	1
25249.9590	1
25258.1738	1
25266.3887	1
25274.6035	1
25282.8184	1
25291.0332	1
25299.2480	1
25307.4629	1
25315.6777	1
25323.8926	1
25332.1074	1
25340.3242	1
25348.5410	1
25356.7598	-1
25364.9785	-1
25373.1973	-1
25381.4160	-1
25389.6348	-1
25397.8535	-1
25406.0723	-1
25414.2910	-1
25422.5098	-1
25430.7285	-1
25438.9473	-1
25447.1660	-1
25455.3848	-1
25463.6035	-1
25471.8223	-1
25480.0410	-1
25488.2598	-1
25496.4785	-1
25504.6992	-1
25512.9199	-1
25521.1406	-1
25529.3613	-1
25537.5820	-1
25545.8027	-1
25554.0234	1
25562.2441	1
25570.4648	1
25578.6855	1
25586.9062	1
25595.1270	1
25603.3496	1
25611.5723	1
25619.7969	-1
25628.0215	-1
25636.2461	-1
25644.4707	-1
25652.6953	-1
25660.9199	-1
25669.1445	-1
25677.3691	-1
25685.5938	-1
25693.8184	-1
25702.0430	-1
25710.2676	-1
25718.4922	-1
25726.7168	-1
25734.9414	-1
25743.1660	-1
25751.3906	-1
25759.6152	-1
25767.8398	-1
25776.0645	-1
25784.2891	-1
25792.5137	-1
25800.7383	-1
25808.9629	-1
25817.1875	-1
25825.4121	-1
25833.6367	-1
25841.8613	-1
25850.0859	-1
25858.3105	-1
25866.5371	-1
25874.7637	-1
25882.9902	-1
25891.2168	-1
25899.4434	-1
25907.6699	-1
25915.8965	-1
25924.1230	-1
25932.3496	-1
25940.5762	-1
25948.8027	-1
25957.0293	-1
25965.2559	-1
25973.4824	-1
25981.7090	-1
25989.9355	-1
25998.1621	-1
26006.3887	-1
26014.6152	-1
26022.8418	-1
26031.0684	-1
26039.2949	-1
26047.5215	-1
26055.7480	-1
26063.9746	-1
26072.2012	-1
26080.4277	-1
26088.6543	-1
26096.8809	-1
26105.1074	-1
26113.3340	-1
26121.5605	-1
26129.7871	-1
26138.0137	-1
26146.2402	-1
26154.4668	-1
26162.6934	-1
26170.9199	-1
26179.1465	-1
26187.3730	-1
26195.5996	-1
26203.8262	-1
26212.0527	1
26220.2793	1
26228.5078	1
26236.7363	1
26244.9648	-1
26253.1934	-1
26261.4219	-1
26269.6504	-1
26277.8789	-1
26286.1074	-1
26294.3359	-1
26302.5645	-1
26310.7930	-1
26319.0215	-1
26327.2500	-1
26335.4785	-1
26343.7070	-1
26351.9355	-1
26360.1641	-1
26368.3926	-1
26376.6211	-1
26384.8496	-1
26393.0781	-1
26401.3066	-1
26409.5352	-1
26417.7637	-1
26425.9922	-1
26434.2207	-1
26442.4492	-1
26450.6777	-1
26458.9062	-1
26467.1348	-1
26475.3633	-1
26483.5918	-1
26491.8223	-1
26500.0527	-1
26508.2832	-1
26516.5137	-1
26524.7441	-1
26532.9746	-1
26541.2051	-1
26549.4355	-1
26557.6660	-1
26565.8965	-1
26574.1270	-1
26582.3574	-1
26590.5879	-1
26598.8184	-1
26607.0488	-1
26615.2793	-1
26623.5098	-1
26631.7402	-1
26639.9707	-1
26648.2012	-1
26656.4316	-1
26664.6621	-1
26672.8926	-1
26681.1230	-1
26689.3535	-1
26697.5840	-1
26705.8145	-1
26714.0449	-1
26722.2754	-1
26730.5059	-1
26738.7363	-1
26746.9668	-1
26755.1973	-1
26763.4277	-1
26771.6582	-1
26779.8887	-1
26788.1191	-1
26796.3496	-1
26804.5801	-1
26812.8105	-1
26821.0410	-1
26829.2715	-1
26837.5020	-1
26845.7324	-1
26853.9629	-1
26862.1934	-1
26870.4238	-1
26878.6543	-1
26886.8848	-1
26895.1152	-1
26903.3457	-1
26911.5762	-1
26919.8086	-1
26928.0410	-1
26936.2734	-1
26944.5059	-1
26952.7383	-1
26960.9707	-1
26969.2031	-1
26977.4355	-1
26985.6680	-1
26993.9004	-1
27002.1328	-1
27010.3652	-1
27018.5977	-1
27026.8301	-1
27035.0625	-1
27043.2949	-1
27051.5273	-1
27059.7598	-1
27067.9922	-1
27076.2246	-1
27084.4570	-1
27092.6895	-1
27100.9219	-1
27109.1543	-1
27117.3867	-1
27125.6191	-1
27133.8516	-1
27142.0840	-1
27150.3164	-1
27158.5625	1
27166.8105	-1
27175.0586	1
27183.3066	1
27191.5547	-1
27199.8027	-1
27208.0508	-1
27216.2988	-1
27224.5469	-1
27232.7949	-1
27241.0449	-1
27249.2949	-1
27257.5449	-1
27265.7949	-1
27274.0449	-1
27282.2949	-1
27290.5449	1
27298.7949	1
27307.0449	1
27315.2949	1
27323.5469	-1
27331.7988	-1
27340.0508	-1
27348.3027	-1
27356.5547	-1
27364.8066	-1
27373.0586	1
27381.3105	1
27389.5625	-1
27397.8145	-1
27406.0664	-1
27414.3184	-1
27422.5703	-1
27430.8223	-1
27439.0742	-1
27447.3262	-1
27455.5781	-1
27463.8301	-1
27472.0820	-1
27480.3340	-1
27488.5859	-1
27496.8379	-1
27505.0898	-1
27513.3418	-1
27521.5938	-1
27529.8457	-1
27538.0977	1
27546.3496	1
27554.6016	1
27562.8535	1
27571.1074	1
27579.3613	1
27587.6152	-1
27595.8691	-1
27604.1230	-1
27612.3770	-1
27620.6309	-1
27628.8848	-1
27637.1387	-1
27645.3926	-1
27653.6465	-1
27661.9004	-1
27670.1543	-1
27678.4082	-1
27686.6641	1
27694.9199	1
27703.1758	1
27711.4316	1
27719.6875	-1
27727.9434	-1
27736.1992	-1
27744.4551	-1
27752.7109	-1
27760.9668	-1
27769.2227	-1
27777.4785	-1
27785.7344	-1
27793.9902	-1
27802.2461	-1
27810.5020	-1
27818.7578	-1
27827.0137	-1
27835.2695	-1
27843.5254	-1
27851.7812	-1
27860.0371	-1
27868.2930	-1
27876.5488	-1
27884.8047	-1
27893.0605	-1
27901.3164	-1
27909.5723	-1
27917.8301	-1
27926.0879	-1
27934.3457	-1
27942.6035	-1
27950.8613	-1
27959.1191	-1
27967.3770	-1
27975.6348	-1
27983.8926	-1
27992.1504	-1
28000.4082	-1
28008.6660	-1
28016.9238	1
28025.1816	1
28033.4395	1
28041.6973	1
28049.9551	1
28058.2129	1
28066.4707	1
28074.7285	1
28082.9883	-1
28091.2480	-1
28099.5078	-1
28107.7676	-1
28116.0273	-1
28124.2871	-1
28132.5469	-1
28140.8066	-1
28149.0664	-1
28157.3262	-1
28165.5859	-1
28173.8457	-1
28182.1055	-1
28190.3652	-1
28198.6250	-1
28206.8848	-1
28215.1445	-1
28223.4043	-1
28231.6641	-1
28239.9238	-1
28248.1836	-1
28256.4434	-1
28264.7031	-1
28272.9629	-1
28281.2246	1
28289.4863	1
28297.7480	1
28306.0098	1
28314.2715	1
28322.5332	1
28330.7949	1
28339.0566	1
28347.3184	1
28355.5801	1
28363.8418	1
28372.1035	1
28380.3652	-1
28388.6270	-1
28396.8887	-1
28405.1504	-1
28413.4121	-1
28421.6738	-1
28429.9355	-1
28438.1973	-1
28446.4590	-1
28454.7207	-1
28462.9824	-1
28471.2441	-1
28479.5078	-1
28487.7715	-1
28496.0352	-1
28504.2988	-1
28512.5625	-1
28520.8262	-1
28529.0898	1
28537.3535	1
28545.6172	-1
28553.8809	-1
28562.1445	-1
28570.4082	-1
28578.6719	-1
28586.9355	-1
28595.1992	-1
28603.4629	-1
28611.7266	-1
28619.9902	-1
28628.2539	-1
28636.5176	-1
28644.7812	-1
28653.0449	-1
28661.3086	-1
28669.5723	-1
28677.8359	-1
28686.0996	-1
28694.3633	1
28702.6270	1
28710.8906	1
28719.1562	1
28727.4219	1
28735.6875	1
28743.9531	1
28752.2188	1
28760.4844	-1
28768.7500	-1
28777.0156	-1
28785.2812	-1
28793.5469	-1
28801.8125	-1
28810.0781	1
28818.3438	1
28826.6113	1
28834.8789	1
28843.1484	-1
28851.4180	-1
28859.6875	-1
28867.9570	-1
28876.2266	-1
28884.4961	-1
28892.7656	-1
28901.0352	-1
28909.3047	-1
28917.5742	-1
28925.8438	-1
28934.1133	-1
28942.3828	-1
28950.6523	-1
28958.9219	-1
28967.1914	-1
28975.4609	-1
28983.7305	-1
28992.0000	-1
29000.2695	-1
29008.5391	-1
29016.8086	-1
29025.0781	-1
29033.3477	-1
29041.6172	-1
29049.8867	-1
29058.1562	-1
29066.4258	-1
29074.6953	-1
29082.9648	-1
29091.2344	-1
29099.5039	-1
29107.7734	-1
29116.0430	-1
29124.3125	-1
29132.5820	-1
29140.8535	-1
29149.1250	-1
29157.3965	-1
29165.6680	-1
29173.9395	-1
29182.2109	-1
29190.4824	-1
29198.7539	-1
29207.0254	-1
29215.2969	-1
29223.5684	-1
29231.8398	-1
29240.1113	1
29248.3828	1
29256.6543	1
29264.9258	1
29273.1973	1
29281.4688	1
29289.7402	1
29298.0117	1
29306.2832	1
29314.5566	1
29322.8301	1
29331.1035	1
29339.3770	-1
29347.6504	-1
29355.9238	-1
29364.1973	-1
29372.4707	-1
29380.7441	-1
29389.0176	-1
29397.2910	-1
29405.5645	-1
29413.8379	-1
29422.1113	-1
29430.3848	-1
29438.6582	-1
29446.9316	-1
29455.2051	-1
29463.4785	-1
29471.7520	-1
29480.0254	-1
29488.2988	-1
29496.5723	-1
29504.8457	-1
29513.1191	-1
29521.3926	-1
29529.6660	-1
29537.9395	-1
29546.2129	-1
29554.4863	-1
29562.7598	-1
29571.0332	-1
29579.3066	-1
29587.5820	1
29595.8574	1
29604.1328	1
29612.4082	1
29620.6855	-1
29628.9629	-1
29637.2402	-1
29645.5176	-1
29653.7949	-1
29662.0723	-1
29670.3496	-1
29678.6270	-1
29686.9043	-1
29695.1816	-1
29703.4590	-1
29711.7363	-1
29720.0137	-1
29728.2910	-1
29736.5684	-1
29744.8457	-1
29753.1230	-1
29761.4004	-1
29769.6777	1
29777.9551	1
29786.2324	1
29794.5098	-1
29802.7871	-1
29811.0645	-1
29819.3418	-1
29827.6191	-1
29835.8965	-1
29844.1738	-1
29852.4512	-1
29860.7285	-1
29869.0059	-1
29877.2832	-1
29885.5605	-1
29893.8398	-1
29902.1191	-1
29910.3984	-1
29918.6777	-1
29926.9570	-1
29935.2363	-1
29943.5156	-1
29951.7949	-1
29960.0742	-1
29968.3535	-1
29976.6328	-1
29984.9121	-1
29993.1914	-1
30001.4707	-1
30009.7500	-1
30018.0293	-1
30026.3086	-1
30034.5879	-1
30042.8672	-1
30051.1465	-1
30059.4258	-1
30067.7051	-1
30075.9844	-1
30084.2637	-1
30092.5469	-1
30100.8301	-1
30109.1133	-1
30117.3965	-1
30125.6797	-1
30133.9629	-1
30142.2461	-1
30150.5293	-1
30158.8125	-1
30167.0957	-1
30175.3789	-1
30183.6621	-1
30191.9453	-1
30200.2285	-1
30208.5117	-1
30216.7949	-1
30225.0781	-1
30233.3613	-1
30241.6445	-1
30249.9277	-1
30258.2109	-1
30266.4941	-1
30274.7773	-1
30283.0605	-1
30291.3438	-1
30299.6270	-1
30307.9102	-1
30316.1934	-1
30324.4766	-1
30332.7598	-1
30341.0430	-1
30349.3262	-1
30357.6094	-1
30365.8926	-1
30374.1758	-1
30382.4590	-1
30390.7422	-1
30399.0254	-1
30407.3086	-1
30415.5918	-1
30423.8750	-1
30432.1582	-1
30440.4414	-1
30448.7246	-1
30457.0078	-1
30465.2910	-1
30473.5742	-1
30481.8574	-1
30490.1426	-1
30498.4277	-1
30506.7129	-1
30514.9980	-1
30523.2832	-1
30531.5684	-1
30539.8535	-1
30548.1387	-1
30556.4238	-1
30564.7090	-1
30572.9941	-1
30581.2793	-1
30589.5645	-1
30597.8496	-1
30606.1348	-1
30614.4199	-1
30622.7051	-1
30630.9902	-1
30639.2754	-1
30647.5605	-1
30655.8457	-1
30664.1309	-1
30672.4160	-1
30680.7012	-1
30688.9863	-1
30697.2715	-1
30705.5566	-1
30713.8418	-1
30722.1270	-1
30730.4121	-1
30738.6973	-1
30746.9824	-1
30755.2676	-1
30763.5527	-1
30771.8379	-1
30780.1230	-1
30788.4082	-1
30796.6934	-1
30804.9785	-1
30813.2637	-1
30821.5488	-1
30829.8340	-1
30838.1191	-1
30846.4043	-1
30854.6895	-1
30862.9746	-1
30871.2598	-1
30879.5449	-1
30887.8301	-1
30896.1152	-1
30904.4004	-1
30912.6855	-1
30920.9707	-1
30929.2559	-1
30937.5410	-1
30945.8262	-1
30954.1113	-1
30962.3965	-1
30970.6816	-1
30978.9668	-1
30987.2520	-1
30995.5371	-1
31003.8223	-1
31012.1074	-1
31020.3926	-1
31028.6777	-1
31036.9648	-1
31045.2520	-1
31053.5391	-1
31061.8262	-1
31070.1133	-1
31078.4004	-1
31086.6875	-1
31094.9746	-1
31103.2617	-1
31111.5488	-1
31119.8359	-1
31128.1230	-1
31136.4102	-1
31144.6973	-1
31152.9844	-1
31161.2715	-1
31169.5586	-1
31177.8457	-1
31186.1328	-1
31194.4199	-1
31202.7070	-1
31210.9941	-1
31219.2812	-1
31227.5684	-1
31235.8574	-1
31244.1582	1
31252.4609	-1
31260.7637	1
31269.0664	1
31277.3711	-1
31285.6758	-1
31293.9805	-1
31302.2852	-1
31310.5898	-1
31318.8945	-1
31327.1992	-1
31335.5039	-1
31343.8086	-1
31352.1133	-1
31360.4180	-1
31368.7227	-1
31377.0273	1
31385.3320	1
31393.6367	1
31401.9414	1
31410.2480	-1
31418.5547	-1
31426.8613	-1
31435.1680	-1
31443.4746	-1
31451.7812	-1
31460.0879	-1
31468.3945	-1
31476.7012	-1
31485.0078	-1
31493.3145	-1
31501.6211	-1
31509.9277	-1
31518.2344	-1
31526.5410	-1
31534.8477	-1
31543.1543	-1
31551.4609	-1
31559.7676	-1
31568.0742	-1
31576.3809	-1
31584.6875	-1
31592.9941	-1
31601.3145	1
31609.6367	-1
31617.9590	1
31626.2812	1
31634.6035	-1
31642.9258	-1
31651.2480	-1
31659.5703	-1
31667.8926	-1
31676.2148	-1
31684.5391	-1
31692.8633	-1
31701.1875	-1
31709.5117	-1
31717.8359	-1
31726.1602	-1
31734.4844	1
31742.8086	1
31751.1328	1
31759.4570	1
31767.7832	-1
31776.1094	-1
31784.4355	-1
31792.7617	-1
31801.0879	-1
31809.4141	-1
31817.7402	-1
31826.0664	-1
31834.3926	-1
31842.7188	-1
31851.0449	-1
31859.3711	-1
31867.6973	-1
31876.0234	-1
31884.3496	-1
31892.6758	-1
31901.0020	-1
31909.3281	-1
31917.6543	1
31925.9805	1
31934.3066	1
31942.6328	1
31950.9590	-1
31959.2852	1
31967.6113	-1
31975.9375	-1
31984.2637	-1
31992.5898	-1
32000.9160	-1
32009.2422	1
32017.5703	1
32025.8984	1
32034.2266	-1
32042.5547	-1
32050.8828	-1
32059.2109	-1
32067.5391	-1
32075.8672	-1
32084.1953	-1
32092.5234	-1
32100.8516	-1
32109.1797	-1
32117.5078	-1
32125.8359	-1
32134.1641	-1
32142.4922	-1
32150.8203	-1
32159.1484	-1
32167.4766	-1
32175.8047	-1
32184.1328	-1
32192.4609	-1
32200.7891	-1
32209.1172	-1
32217.4453	-1
32225.7734	-1
32234.1016	-1
32242.4297	-1
32250.7578	-1
32259.0859	-1
32267.4141	-1
32275.7422	-1
32284.0723	-1
32292.4023	-1
32300.7324	-1
32309.0625	-1
32317.3926	-1
32325.7227	-1
32334.0527	-1
32342.3828	-1
32350.7129	-1
32359.0430	-1
32367.3730	-1
32375.7031	-1
32384.0332	-1
32392.3633	-1
32400.6934	-1
32409.0371	1
32417.3828	-1
32425.7285	1
32434.0742	1
32442.4219	-1
32450.7695	-1
32459.1172	-1
32467.4648	-1
32475.8125	-1
32484.1602	-1
32492.5078	-1
32500.8555	-1
32509.2031	-1
32517.5508	-1
32525.8984	-1
32534.2461	-1
32542.5938	1
32550.9414	1
32559.2891	1
32567.6367	1
32575.9863	-1
32584.3359	-1
32592.6855	-1
32601.0352	-1
32609.3848	-1
32617.7344	-1
32626.0840	-1
32634.4336	-1
32642.7832	-1
32651.1328	-1
32659.4824	-1
32667.8320	-1
32676.1816	-1
32684.5312	-1
32692.8809	-1
32701.2305	-1
32709.5801	-1
32717.9297	-1
32726.2793	-1
32734.6289	-1
32742.9785	-1
32751.3281	-1
32759.6777	-1
32768.0273	-1
32776.3789	1
32784.7305	1
32793.0820	1
32801.4336	1
32809.7852	1
32818.1367	1
32826.4883	1
32834.8398	1
32843.1914	-1
32851.5430	-1
32859.8945	-1
32868.2461	-1
32876.5977	-1
32884.9492	-1
32893.3008	-1
32901.6523	-1
32910.0039	-1
32918.3555	-1
32926.7070	-1
32935.0586	-1
32943.4102	-1
32951.7617	-1
32960.1133	-1
32968.4648	-1
32976.8164	-1
32985.1680	-1
32993.5195	-1
33001.8711	-1
33010.2227	-1
33018.5742	-1
33026.9258	-1
33035.2773	-1
33043.6289	-1
33051.9805	-1
33060.3320	-1
33068.6836	-1
33077.0352	-1
33085.3867	-1
33093.7383	-1
33102.0898	-1
33110.4414	-1
33118.7930	-1
33127.1445	-1
33135.4961	-1
33143.8477	-1
33152.1992	-1
33160.5508	-1
33168.9023	-1
33177.2539	-1
33185.6055	-1
33193.9609	1
33202.3164	1
33210.6719	1
33219.0273	1
33227.3828	1
33235.7383	1
33244.0938	1
33252.4492	1
33260.8047	1
33269.1602	1
33277.5156	1
33285.8711	1
33294.2266	1
33302.5820	1
33310.9375	-1
33319.2930	-1
33327.6484	-1
33336.0039	-1
33344.3594	-1
33352.7148	-1
33361.0703	-1
33369.4258	-1
33377.7812	-1
33386.1367	-1
33394.4922	-1
33402.8477	-1
33411.2031	-1
33419.5586	-1
33427.9141	-1
33436.2695	-1
33444.6250	-1
33452.9805	-1
33461.3359	-1
33469.6914	-1
33478.0469	-1
33486.4023	-1
33494.7578	-1
33503.1133	-1
33511.4688	-1
33519.8242	-1
33528.1797	-1
33536.5352	-1
33544.8906	-1
33553.2461	-1
33561.6016	-1
33569.9570	-1
33578.3125	-1
33586.6680	-1
33595.0234	-1
33603.3789	-1
33611.7383	1
33620.0977	1
33628.4570	1
33636.8164	1
33645.1758	1
33653.5352	1
33661.8945	1
33670.2539	1
33678.6133	-1
33686.9727	-1
33695.3320	-1
33703.6914	-1
33712.0508	-1
33720.4102	-1
33728.7695	-1
33737.1289	-1
33745.4883	-1
33753.8477	-1
33762.2070	-1
33770.5664	-1
33778.9258	-1
33787.2852	-1
33795.6445	-1
33804.0039	-1
33812.3633	-1
33820.7227	-1
33829.0820	-1
33837.4414	-1
33845.8008	-1
33854.1602	-1
33862.5195	-1
33870.8789	-1
33879.2383	-1
33887.5977	-1
33895.9570	-1
33904.3164	-1
33912.6758	-1
33921.0352	-1
33929.3984	-1
33937.7617	-1
33946.1250	-1
33954.4883	-1
33962.8516	-1
33971.2148	-1
33979.5781	-1
33987.9414	-1
33996.3047	-1
34004.6680	-1
34013.0312	-1
34021.3945	-1
34029.7578	-1
34038.1211	-1
34046.4844	-1
34054.8477	-1
34063.2109	-1
34071.5742	-1
34079.9375	1
34088.3008	1
34096.6641	1
34105.0273	1
34113.3906	-1
34121.7539	-1
34130.1172	-1
34138.4805	-1
34146.8438	-1
34155.2070	-1
34163.5703	1
34171.9336	1
34180.2969	1
34188.6641	-1
34197.0312	-1
34205.3984	-1
34213.7656	-1
34222.1328	-1
34230.5000	-1
34238.8672	-1
34247.2344	-1
34255.6016	-1
34263.9688	-1
34272.3359	-1
34280.7031	-1
34289.0703	-1
34297.4375	-1
34305.8047	-1
34314.1719	-1
34322.5391	-1
34330.9062	-1
34339.2734	-1
34347.6406	1
34356.0078	-1
34364.3750	-1
34372.7422	-1
34381.1094	-1
34389.4766	-1
34397.8438	1
34406.2109	1
34414.5781	-1
34422.9453	1
34431.3125	-1
34439.6797	-1
34448.0469	-1
34456.4141	-1
34464.7812	-1
34473.1484	1
34481.5156	1
34489.8828	1
34498.2500	1
34506.6172	-1
34514.9844	-1
34523.3516	-1
34531.7188	-1
34540.0859	-1
34548.4531	-1
34556.8203	1
34565.1875	1
34573.5547	1
34581.9219	-1
34590.2891	-1
34598.6562	-1
34607.0234	-1
34615.3906	-1
34623.7578	-1
34632.1250	1
34640.4922	1
34648.8594	1
34657.2266	1
34665.5938	-1
34673.9609	-1
34682.3281	-1
34690.6953	-1
34699.0625	-1
34707.4297	-1
34715.7969	1
34724.1641	1
34732.5352	1
34740.9062	1
34749.2773	1
34757.6484	1
34766.0195	1
34774.3906	1
34782.7617	1
34791.1328	1
34799.5039	1
34807.8750	1
34816.2461	1
34824.6172	1
34832.9883	1
34841.3594	1
34849.7305	-1
34858.1016	-1
34866.4727	-1
34874.8438	-1
34883.2148	-1
34891.5859	-1
34899.9570	-1
34908.3281	-1
34916.6992	-1
34925.0703	-1
34933.4414	-1
34941.8125	-1
34950.1836	-1
34958.5547	-1
34966.9258	-1
34975.2969	-1
34983.6680	-1
34992.0391	-1
35000.4102	-1
35008.7812	-1
35017.1523	-1
35025.5234	-1
35033.8945	-1
35042.2656	-1
35050.6367	-1
35059.0078	-1
35067.3789	-1
35075.7500	-1
35084.1211	-1
35092.4922	-1
35100.8633	-1
35109.2344	-1
35117.6055	-1
35125.9766	-1
35134.3477	-1
35142.7188	-1
35151.0898	-1
35159.4609	-1
35167.8320	-1
35176.2070	-1
35184.5820	-1
35192.9570	-1
35201.3320	-1
35209.7070	-1
35218.0820	-1
35226.4570	-1
35234.8320	-1
35243.2070	-1
35251.5820	-1
35259.9570	-1
35268.3320	-1
35276.7070	-1
35285.0820	-1
35293.4570	-1
35301.8320	-1
35310.2070	-1
35318.5820	-1
35326.9570	-1
35335.3320	-1
35343.7070	-1
35352.0820	-1
35360.4570	-1
35368.8320	-1
35377.2070	-1
35385.5820	-1
35393.9570	-1
35402.3320	1
35410.7070	1
35419.0820	1
35427.4609	-1
35435.8398	-1
35444.2188	-1
35452.5977	-1
35460.9766	-1
35469.3555	-1
35477.7344	-1
35486.1133	-1
35494.4922	-1
35502.8711	-1
35511.2500	-1
35519.6289	-1
35528.0078	-1
35536.3867	-1
35544.7656	-1
35553.1445	-1
35561.5234	-1
35569.9023	-1
35578.2812	-1
35586.6602	-1
35595.0391	-1
35603.4180	-1
35611.7969	-1
35620.1758	-1
35628.5547	-1
35636.9336	-1
35645.3125	-1
35653.6914	-1
35662.0703	-1
35670.4492	-1
35678.8281	-1
35687.2070	-1
35695.5859	-1
35703.9648	-1
35712.3438	-1
35720.7227	-1
35729.1016	-1
35737.4805	-1
35745.8594	-1
35754.2383	-1
35762.6172	-1
35770.9961	-1
35779.3750	-1
35787.7539	-1
35796.1328	-1
35804.5117	-1
35812.8906	-1
35821.2695	-1
35829.6523	-1
35838.0352	-1
35846.4180	-1
35854.8008	-1
35863.1836	-1
35871.5664	-1
35879.9492	-1
35888.3320	-1
35896.7148	-1
35905.0977	-1
35913.4805	-1
35921.8633	-1
35930.2461	-1
35938.6289	-1
35947.0117	-1
35955.3945	-1
35963.7773	-1
35972.1602	-1
35980.5430	-1
35988.9258	-1
35997.3086	-1
36005.6914	-1
36014.0742	-1
36022.4570	-1
36030.8398	-1
36039.2227	-1
36047.6055	-1
36055.9883	-1
36064.3711	-1
36072.7539	-1
36081.1367	-1
36089.5195	-1
36097.9023	-1
36106.2852	-1
36114.6680	-1
36123.0508	-1
36131.4336	-1
36139.8164	-1
36148.1992	-1
36156.5820	-1
36164.9648	-1
36173.3477	-1
36181.7305	-1
36190.1133	-1
36198.4961	-1
36206.8789	-1
36215.2617	-1
36223.6445	-1
36232.0273	-1
36240.4102	-1
36248.7930	-1
36257.1758	-1
36265.5625	-1
36273.9492	-1
36282.3359	-1
36290.7227	-1
36299.1094	-1
36307.4961	-1
36315.8828	-1
36324.2695	-1
36332.6562	-1
36341.0430	-1
36349.4297	-1
36357.8164	-1
36366.2031	-1
36374.5898	-1
36382.9766	-1
36391.3633	-1
36399.7500	-1
36408.1367	-1
36416.5234	-1
36424.9102	-1
36433.2969	-1
36441.6836	-1
36450.0703	-1
36458.4570	-1
36466.8438	-1
36475.2305	-1
36483.6172	-1
36492.0039	-1
36500.3906	-1
36508.7773	-1
36517.1641	-1
36525.5508	-1
36533.9375	-1
36542.3242	-1
36550.7109	-1
36559.0977	-1
36567.4844	-1
36575.8711	-1
36584.2578	-1
36592.6445	-1
36601.0312	-1
36609.4180	-1
36617.8047	-1
36626.1914	-1
36634.5781	-1
36642.9648	-1
36651.3516	-1
36659.7383	-1
36668.1250	-1
36676.5117	-1
36684.8984	-1
36693.2852	-1
36701.6719	-1
36710.0586	-1
36718.4453	-1
36726.8320	-1
36735.2188	-1
36743.6055	-1
36751.9922	-1
36760.3789	-1
36768.7656	-1
36777.1523	-1
36785.5391	-1
36793.9258	-1
36802.3125	-1
36810.6992	-1
36819.0859	-1
36827.4727	-1
36835.8594	-1
36844.2461	-1
36852.6328	-1
36861.0195	-1
36869.4062	-1
36877.7930	-1
36886.1797	-1
36894.5664	-1
36902.9531	-1
36911.3398	-1
36919.7266	-1
36928.1133	-1
36936.5156	1
36944.9180	-1
36953.3203	1
36961.7227	1
36970.1289	-1
36978.5352	-1
36986.9414	-1
36995.3477	-1
37003.7539	-1
37012.1602	-1
37020.5664	-1
37028.9727	-1
37037.3789	-1
37045.7852	-1
37054.2031	1
37062.6211	-1
37071.0391	1
37079.4570	1
37087.8750	-1
37096.2930	-1
37104.7109	-1
37113.1289	-1
37121.5469	-1
37129.9648	-1
37138.3828	-1
37146.8008	-1
37155.2188	-1
37163.6367	-1
37172.0703	1
37180.5039	-1
37188.9375	1
37197.3711	1
37205.8086	-1
37214.2461	-1
37222.6836	-1
37231.1211	-1
37239.5586	-1
37247.9961	-1
37256.4336	-1
37264.8711	-1
37273.3086	-1
37281.7461	-1
37290.1836	-1
37298.6211	-1
37307.0586	1
37315.4961	1
37323.9336	1
37332.3711	1
37340.8086	-1
37349.2461	-1
37357.6836	-1
37366.1211	-1
37374.5586	-1
37382.9961	-1
37391.4336	-1
37399.8711	-1
37408.3086	-1
37416.7461	-1
37425.1836	-1
37433.6211	-1
37442.0586	-1
37450.4961	-1
37458.9336	-1
37467.3711	-1
37475.8086	-1
37484.2461	-1
37492.6836	-1
37501.1211	-1
37509.5586	-1
37517.9961	-1
37526.4336	-1
37534.8711	-1
37543.3086	1
37551.7461	1
37560.1836	1
37568.6211	1
37577.0586	1
37585.4961	1
37593.9336	1
37602.3711	1
37610.8125	-1
37619.2539	-1
37627.6953	-1
37636.1367	-1
37644.5781	-1
37653.0195	-1
37661.4609	-1
37669.9023	-1
37678.3438	-1
37686.7852	-1
37695.2266	-1
37703.6680	-1
37712.1094	-1
37720.5508	-1
37728.9922	-1
37737.4336	-1
37745.8750	-1
37754.3164	-1
37762.7578	-1
37771.1992	-1
37779.6406	-1
37788.0820	-1
37796.5234	-1
37804.9648	-1
37813.4062	-1
37821.8477	-1
37830.2891	-1
37838.7305	-1
37847.1719	-1
37855.6133	-1
37864.0547	-1
37872.4961	-1
37880.9375	-1
37889.3789	-1
37897.8203	-1
37906.2617	-1
37914.7031	-1
37923.1445	-1
37931.5859	-1
37940.0273	-1
37948.4688	-1
37956.9102	-1
37965.3516	-1
37973.7930	-1
37982.2344	-1
37990.6758	-1
37999.1172	-1
38007.5586	-1
38016.0039	1
38024.4492	1
38032.8945	1
38041.3398	1
38049.7852	1
38058.2305	1
38066.6758	-1
38075.1211	-1
38083.5664	-1
38092.0117	-1
38100.4570	-1
38108.9023	-1
38117.3477	-1
38125.7930	-1
38134.2383	-1
38142.6836	-1
38151.1289	-1
38159.5742	-1
38168.0195	-1
38176.4648	-1
38184.9102	-1
38193.3555	-1
38201.8008	-1
38210.2461	-1
38218.6914	-1
38227.1367	-1
38235.5820	-1
38244.0273	-1
38252.4727	-1
38260.9180	-1
38269.3633	-1
38277.8086	-1
38286.2539	-1
38294.6992	-1
38303.1445	-1
38311.5898	-1
38320.0352	-1
38328.4805	-1
38336.9414	1
38345.4023	-1
38353.8633	1
38362.3242	1
38370.7852	-1
38379.2461	-1
38387.7070	-1
38396.1836	1
38404.6602	-1
38413.1367	1
38421.6133	1
38430.0898	-1
38438.5664	-1
38447.0430	-1
38455.5195	-1
38463.9961	-1
38472.4727	-1
38480.9492	-1
38489.4258	-1
38497.9023	-1
38506.3789	-1
38514.8555	-1
38523.3320	-1
38531.8086	1
38540.2852	1
38548.7617	1
38557.2383	1
38565.7188	-1
38574.1992	-1
38582.6797	-1
38591.1602	-1
38599.6406	-1
38608.1211	-1
38616.6016	-1
38625.0820	-1
38633.5625	-1
38642.0430	-1
38650.5234	-1
38659.0039	-1
38667.4844	-1
38675.9648	-1
38684.4453	-1
38692.9258	-1
38701.4062	-1
38709.8867	-1
38718.3672	-1
38726.8477	-1
38735.3281	-1
38743.8086	-1
38752.2891	-1
38760.7812	1
38769.2734	-1
38777.7656	1
38786.2578	1
38794.7500	-1
38803.2422	-1
38811.7344	-1
38820.2305	-1
38828.7383	1
38837.2461	-1
38845.7539	1
38854.2617	1
38862.7695	-1
38871.2773	-1
38879.7852	-1
38888.2930	-1
38896.8008	-1
38905.3086	-1
38913.8164	-1
38922.3242	-1
38930.8320	-1
38939.3398	-1
38947.8477	-1
38956.3555	-1
38964.8633	1
38973.3711	1
38981.8789	1
38990.3867	1
38998.8984	-1
39007.4102	-1
39015.9219	-1
39024.4336	-1
39032.9453	-1
39041.4570	-1
39049.9688	-1
39058.4805	-1
39066.9922	-1
39075.5039	-1
39084.0156	-1
39092.5273	-1
39101.0391	-1
39109.5508	-1
39118.0625	-1
39126.5742	-1
39135.0859	-1
39143.5977	-1
39152.1094	-1
39160.6211	-1
39169.1328	-1
39177.6445	-1
39186.1562	-1
39194.6680	-1
39203.1797	1
39211.6914	1
39220.2031	1
39228.7148	-1
39237.2266	-1
39245.7383	-1
39254.2500	-1
39262.7617	-1
39271.2734	-1
39279.7852	-1
39288.2969	-1
39296.8086	-1
39305.3203	-1
39313.8320	-1
39322.3438	-1
39330.8555	-1
39339.3789	1
39347.9023	-1
39356.4297	1
39364.9570	1
39373.4844	-1
39382.0117	-1
39390.5391	-1
39399.0664	-1
39407.5938	-1
39416.1211	-1
39424.6484	-1
39433.1758	-1
39441.7031	-1
39450.2305	-1
39458.7578	-1
39467.2852	-1
39475.8125	1
39484.3398	1
39492.8672	1
39501.3945	1
39509.9219	-1
39518.4492	-1
39526.9766	-1
39535.5039	-1
39544.0312	-1
39552.5586	-1
39561.0859	-1
39569.6133	-1
39578.1406	-1
39586.6680	-1
39595.1953	-1
39603.7227	-1
39612.2500	-1
39620.7773	-1
39629.3047	-1
39637.8320	-1
39646.3594	-1
39654.8867	-1
39663.4141	-1
39671.9531	1
39680.4961	-1
39689.0391	1
39697.5820	1
39706.1250	-1
39714.6680	-1
