0.0000	0
0.2300	-1
0.3479	-888
0.4340	-888
0.4864	-888
0.5206	-888
0.5609	888
0.6131	-888
0.6173	888
0.7156	888
0.7218	-888
0.7517	-888
0.8404	-888
0.8851	-888
0.8854	-888
0.9224	-888
0.9483	-888
0.9662	-888
1.0240	-888
1.0384	-888
1.1385	-888
1.2095	-888
1.2174	-888
1.2221	888
1.2322	-888
1.2929	-888
1.3062	-888
1.3122	-888
1.3503	888
1.3790	-888
1.3904	-888
1.3936	-888
1.3990	-888
1.4160	-888
1.4336	-888
1.4702	-888
1.4788	-888
1.5863	-888
1.5921	-888
1.6112	-888
1.6276	-888
1.6634	-888
1.6786	-888
1.7152	888
1.7309	-888
1.7363	-888
1.7369	-888
1.7456	-888
1.8189	-888
1.8278	-888
1.8358	-888
1.8574	-888
1.8643	-888
1.8683	-888
1.8697	-888
1.9007	-888
1.9072	-888
1.9151	-888
2.0173	888
2.0697	-888
2.1088	-888
2.1104	-888
2.1805	-888
2.2031	-888
2.2434	888
2.2895	-888
2.2942	888
2.3001	-888
2.3289	-888
2.3607	-888
2.4008	-888
2.4694	888
2.4819	-888
2.4855	-888
2.4956	-888
2.6666	-888
2.6709	-888
2.7044	-888
2.7345	-888
2.7790	-888
2.8244	888
2.8649	-888
2.9173	-888
2.9209	-888
2.9527	-888
3.0262	888
3.0618	-888
3.1120	-888
3.1815	888
3.2215	888
3.2715	888
3.2787	888
3.3189	-888
3.3321	-888
3.3671	888
3.5110	-888
3.5192	-888
3.5405	888
3.5558	-888
3.6156	-888
3.6363	-888
3.6421	888
3.7168	-888
3.7548	-888
3.8354	888
3.8718	888
3.9003	-888
4.0214	888
4.1251	888
4.1960	888
4.2315	-888
4.2462	888
4.2784	888
4.3475	888
4.4735	888
4.7572	888
4.8797	888
4.9808	888
5.0189	888
5.0768	-1
5.3604	888
5.4190	888
5.4906	888
5.6874	888
5.8581	888
5.8913	-888
5.9410	888
6.3095	888
6.7640	888
6.7921	888
6.8512	888
8.0626	888
8.7417	888
9.9242	1
11.0499	888
17.0435	1
24.1646	-1
31.2861	1
38.4076	1
45.5304	-1
52.6532	-1
59.7760	-1
66.8988	-1
74.0216	-1
81.1444	-1
88.2673	-1
95.3902	-1
102.5131	-1
109.6360	-1
116.7590	-1
123.8819	-1
131.0051	1
138.1284	1
145.2517	1
152.3750	1
159.4999	-1
166.6247	-1
173.7496	-1
180.8745	-1
187.9993	-1
195.1242	-1
202.2492	-1
209.3741	-1
216.4991	-1
223.6241	-1
230.7491	-1
237.8740	-1
244.9991	-1
252.1242	-1
259.2493	-1
266.3744	-1
273.4995	-1
280.6245	-1
287.7497	-1
294.8749	-1
302.0001	-1
309.1253	-1
316.2505	-1
323.3756	-1
330.5010	1
337.6265	1
344.7520	1
351.8777	1
359.0034	1
366.1292	1
373.2550	1
380.3808	1
387.5081	-1
394.6355	-1
401.7628	-1
408.8902	-1
416.0175	-1
423.1449	-1
430.2732	1
437.4016	1
444.5307	-1
451.6597	-1
458.7887	-1
465.9178	-1
473.0468	-1
480.1759	-1
487.3051	-1
494.4342	-1
501.5634	-1
508.6926	-1
515.8218	-1
522.9510	-1
530.0805	-1
537.2100	-1
544.3395	-1
551.4691	-1
558.5987	-1
565.7283	-1
572.8578	1
579.9875	1
587.1171	-1
594.2468	-1
601.3764	-1
608.5060	-1
615.6357	-1
622.7654	-1
629.8952	-1
637.0250	-1
644.1548	-1
651.2847	-1
658.4145	-1
665.5443	-1
672.6747	-1
679.8051	-1
686.9354	-1
694.0658	-1
701.1962	-1
708.3265	-1
715.4572	1
722.5878	1
729.7185	1
736.8492	-1
743.9800	-1
751.1107	-1
758.2415	-1
765.3722	-1
772.5029	-1
779.6350	-1
786.7671	-1
793.8992	-1
801.0312	-1
808.1633	-1
815.2954	-1
822.4281	-1
829.5608	-1
836.6935	-1
843.8262	-1
850.9589	-1
858.0916	-1
865.2244	-1
872.3572	-1
879.4900	-1
886.6228	-1
893.7556	-1
900.8884	-1
908.0220	-1
915.1556	-1
922.2892	-1
929.4229	-1
936.5565	-1
943.6901	-1
950.8239	-1
957.9576	-1
965.0913	-1
972.2250	-1
979.3588	-1
986.4925	-1
993.6263	-1
1000.7602	-1
1007.8940	-1
1015.0279	-1
1022.1617	-1
1029.2955	-1
1036.4294	-1
1043.5634	-1
1050.6973	-1
1057.8312	-1
1064.9651	-1
1072.1104	1
1079.2567	-1
1086.4034	1
1093.5502	1
1100.6974	-1
1107.8446	-1
1114.9918	-1
1122.1390	-1
1129.2863	-1
1136.4335	-1
1143.5808	-1
1150.7281	-1
1157.8755	-1
1165.0228	-1
1172.1702	-1
1179.3175	-1
1186.4651	1
1193.6128	1
1200.7605	1
1207.9082	1
1215.0564	-1
1222.2046	-1
1229.3528	-1
1236.5010	-1
1243.6492	-1
1250.7974	-1
1257.9458	-1
1265.0942	-1
1272.2427	-1
1279.3911	-1
1286.5396	-1
1293.6880	-1
1300.8365	-1
1307.9851	-1
1315.1337	-1
1322.2822	-1
1329.4308	-1
1336.5793	-1
1343.7280	-1
1350.8767	-1
1358.0254	-1
1365.1741	-1
1372.3228	-1
1379.4714	-1
1386.6204	1
1393.7693	1
1400.9183	1
1408.0674	1
1415.2164	1
1422.3655	1
1429.5146	1
1436.6638	1
1443.8134	-1
1450.9629	-1
1458.1124	-1
1465.2620	-1
1472.4115	-1
1479.5610	-1
1486.7107	-1
1493.8604	-1
1501.0100	-1
1508.1597	-1
1515.3093	-1
1522.4590	-1
1529.6096	-1
1536.7603	-1
1543.9109	-1
1551.0615	-1
1558.2122	-1
1565.3628	-1
1572.5137	1
1579.6646	-1
1586.8156	-1
1593.9666	-1
1601.1176	-1
1608.2686	-1
1615.4196	-1
1622.5707	-1
1629.7218	-1
1636.8729	-1
1644.0240	-1
1651.1752	-1
1658.3263	-1
1665.4775	-1
1672.6288	-1
1679.7800	-1
1686.9313	-1
1694.0825	-1
1701.2338	-1
1708.3851	-1
1715.5365	-1
1722.6879	-1
1729.8392	-1
1736.9906	-1
1744.1420	-1
1751.2935	-1
1758.4449	-1
1765.5964	-1
1772.7479	-1
1779.8994	-1
1787.0509	-1
1794.2028	-1
1801.3546	-1
1808.5065	-1
1815.6686	1
1822.8318	-1
1829.9954	1
1837.1589	1
1844.3236	-1
1851.4883	-1
1858.6530	-1
1865.8176	-1
1872.9823	-1
1880.1470	-1
1887.3118	-1
1894.4766	-1
1901.6414	-1
1908.8062	-1
1915.9709	-1
1923.1357	-1
1930.3008	1
1937.4659	1
1944.6311	1
1951.7963	1
1958.9630	-1
1966.1298	-1
1973.2965	-1
1980.4633	-1
1987.6300	-1
1994.7968	-1
2001.9636	-1
2009.1305	-1
2016.2974	-1
2023.4642	-1
2030.6311	-1
2037.7980	-1
2044.9650	-1
2052.1318	-1
2059.2988	-1
2066.4658	-1
2073.6328	-1
2080.7998	-1
2087.9668	-1
2095.1338	-1
2102.3008	-1
2109.4678	-1
2116.6348	-1
2123.8018	-1
2130.9690	1
2138.1362	1
2145.3047	-1
2152.4731	-1
2159.6416	-1
2166.8101	-1
2173.9785	-1
2181.1470	-1
2188.3154	-1
2195.4839	-1
2202.6523	-1
2209.8311	1
2217.0110	-1
2224.1912	1
2231.3713	1
2238.5525	-1
2245.7339	-1
2252.9255	1
2260.1184	-1
2267.3115	1
2274.5049	1
2281.6987	-1
2288.8926	-1
2296.0864	-1
2303.2803	-1
2310.4741	-1
2317.6680	-1
2324.8618	-1
2332.0557	-1
2339.2495	-1
2346.4434	-1
2353.6372	-1
2360.8311	-1
2368.0254	1
2375.2197	1
2382.4141	1
2389.6084	1
2396.8035	-1
2403.9985	-1
2411.1936	-1
2418.3887	-1
2425.5837	-1
2432.7788	-1
2439.9739	-1
2447.1689	-1
2454.3640	-1
2461.5591	-1
2468.7542	-1
2475.9492	-1
2483.1445	1
2490.3401	1
2497.5356	1
2504.7312	1
2511.9268	-1
2519.1223	-1
2526.3179	-1
2533.5134	-1
2540.7090	-1
2547.9045	-1
2555.1003	-1
2562.2961	-1
2569.4919	-1
2576.6877	-1
2583.8835	-1
2591.0793	-1
2598.2756	-1
2605.4719	-1
2612.6682	-1
2619.8645	-1
2627.0608	-1
2634.2571	-1
2641.4536	-1
2648.6501	-1
2655.8467	-1
2663.0432	-1
2670.2397	-1
2677.4363	-1
2684.6331	1
2691.8298	1
2699.0266	1
2706.2234	1
2713.4202	1
2720.6172	1
2727.8142	1
2735.0112	1
2742.2085	-1
2749.4058	-1
2756.6030	-1
2763.8003	-1
2770.9976	-1
2778.1948	-1
2785.3923	-1
2792.5898	-1
2799.7874	-1
2806.9849	-1
2814.1824	-1
2821.3799	-1
2828.5791	1
2835.7783	1
2842.9775	-1
2850.1768	-1
2857.3760	-1
2864.5752	-1
2871.7744	-1
2878.9736	-1
2886.1731	-1
2893.3726	-1
2900.5720	-1
2907.7715	-1
2914.9709	-1
2922.1704	-1
2929.3699	-1
2936.5693	-1
2943.7688	-1
2950.9683	-1
2958.1677	-1
2965.3672	-1
2972.5669	-1
2979.7666	-1
2986.9663	-1
2994.1660	-1
3001.3657	-1
3008.5654	-1
3015.7651	-1
3022.9648	-1
3030.1646	-1
3037.3643	-1
3044.5640	-1
3051.7637	-1
3058.9636	-1
3066.1636	-1
3073.3635	-1
3080.5635	-1
3087.7634	-1
3094.9634	-1
3102.1633	-1
3109.3633	-1
3116.5632	-1
3123.7632	-1
3130.9631	-1
3138.1631	-1
3145.3633	-1
3152.5635	-1
3159.7637	-1
3166.9639	-1
3174.1641	-1
3181.3643	-1
3188.5652	-1
3195.7661	-1
3202.9670	-1
3210.1680	-1
3217.3689	-1
3224.5698	-1
3231.7710	-1
3238.9722	-1
3246.1833	1
3253.3960	-1
3260.6089	1
3267.8218	1
3275.0356	-1
3282.2495	-1
3289.4634	-1
3296.6772	-1
3303.9014	1
3311.1267	-1
3318.3523	1
3325.5779	1
3332.8044	-1
3340.0310	-1
3347.2576	-1
3354.4844	-1
3361.7112	-1
3368.9480	1
3376.1863	-1
3383.4248	1
3390.6636	1
3397.9033	-1
3405.1431	-1
3412.3828	-1
3419.6226	-1
3426.8623	-1
3434.1023	-1
3441.3423	-1
3448.5823	-1
3455.8223	-1
3463.0623	-1
3470.3022	-1
3477.5422	-1
3484.7827	1
3492.0232	1
3499.2637	1
3506.5042	1
3513.7461	-1
3520.9880	-1
3528.2300	-1
3535.4719	-1
3542.7139	-1
3549.9558	-1
3557.1980	1
3564.4402	-1
3571.6824	-1
3578.9246	-1
3586.1667	-1
3593.4089	-1
3600.6511	-1
3607.8933	1
3615.1357	1
3622.3784	1
3629.6216	-1
3636.8647	-1
3644.1079	-1
3651.3511	-1
3658.5942	-1
3665.8374	-1
3673.0806	-1
3680.3237	-1
3687.5669	-1
3694.8101	-1
3702.0532	-1
3709.2964	-1
3716.5408	1
3723.7852	1
3731.0295	1
3738.2739	1
3745.5183	-1
3752.7627	-1
3760.0071	-1
3767.2515	-1
3774.4958	-1
3781.7402	-1
3788.9854	1
3796.2305	1
3803.4758	-1
3810.7212	-1
3817.9666	-1
3825.2119	-1
3832.4573	-1
3839.7026	-1
3846.9480	-1
3854.1934	-1
3861.4387	-1
3868.6841	-1
3875.9294	-1
3883.1750	-1
3890.4209	1
3897.6667	1
3904.9128	-1
3912.1589	-1
3919.4050	-1
3926.6511	-1
3933.8972	-1
3941.1433	-1
3948.3921	-1
3955.6409	-1
3962.8896	-1
3970.1384	-1
3977.3872	-1
3984.6362	-1
3991.8853	-1
3999.1343	-1
4006.3833	-1
4013.6323	-1
4020.8813	-1
4028.1304	-1
4035.3794	-1
4042.6284	-1
4049.8774	-1
4057.1265	-1
4064.3755	-1
4071.6245	-1
4078.8735	-1
4086.1226	-1
4093.3716	-1
4100.6206	-1
4107.8696	-1
4115.1187	-1
4122.3677	-1
4129.6167	-1
4136.8657	-1
4144.1147	-1
4151.3638	-1
4158.6128	-1
4165.8618	-1
4173.1108	-1
4180.3599	-1
4187.6089	-1
4194.8579	-1
4202.1069	-1
4209.3564	-1
4216.6060	-1
4223.8555	-1
4231.1050	-1
4238.3545	-1
4245.6040	-1
4252.8535	-1
4260.1030	-1
4267.3525	-1
4274.6128	1
4281.8740	-1
4289.1357	1
4296.3975	1
4303.6602	-1
4310.9229	-1
4318.1855	-1
4325.4482	-1
4332.7109	-1
4339.9736	-1
4347.2363	-1
4354.4990	-1
4361.7617	-1
4369.0244	-1
4376.2871	-1
4383.5498	-1
4390.8130	1
4398.0762	1
4405.3394	1
4412.6025	1
4419.8672	-1
4427.1318	-1
4434.3965	-1
4441.6611	-1
4448.9258	-1
4456.1904	-1
4463.4556	-1
4470.7207	-1
4477.9858	-1
4485.2510	-1
4492.5161	-1
4499.7812	-1
4507.0464	-1
4514.3115	-1
4521.5767	-1
4528.8418	-1
4536.1069	-1
4543.3721	-1
4550.6377	-1
4557.9033	-1
4565.1689	-1
4572.4346	-1
4579.7002	-1
4586.9658	-1
4594.2314	1
4601.4971	1
4608.7627	1
4616.0283	1
4623.2944	1
4630.5605	1
4637.8286	-1
4645.0967	-1
4652.3647	-1
4659.6328	-1
4666.9009	-1
4674.1689	-1
4681.4375	-1
4688.7061	-1
4695.9746	-1
4703.2432	-1
4710.5117	-1
4717.7803	-1
4725.0488	-1
4732.3174	-1
4739.5859	-1
4746.8545	-1
4754.1230	-1
4761.3916	-1
4768.6606	-1
4775.9297	-1
4783.1987	-1
4790.4678	-1
4797.7368	-1
4805.0059	-1
4812.2749	-1
4819.5439	-1
4826.8130	-1
4834.0820	-1
4841.3511	-1
4848.6201	-1
4855.8892	-1
4863.1582	-1
4870.4272	-1
4877.7075	1
4884.9893	-1
4892.2710	1
4899.5527	1
4906.8359	-1
4914.1191	-1
4921.4023	-1
4928.6855	-1
4935.9688	-1
4943.2520	-1
4950.5352	-1
4957.8184	-1
4965.1016	-1
4972.3848	-1
4979.6680	-1
4986.9512	-1
4994.2349	1
5001.5186	1
5008.8022	1
5016.0859	1
5023.3711	-1
5030.6562	-1
5037.9414	-1
5045.2266	-1
5052.5117	-1
5059.7969	-1
5067.0825	1
5074.3682	1
5081.6538	-1
5088.9395	-1
5096.2251	-1
5103.5107	-1
5110.7964	-1
5118.0820	-1
5125.3682	-1
5132.6543	-1
5139.9404	-1
5147.2266	-1
5154.5127	-1
5161.7988	-1
5169.0850	-1
5176.3711	-1
5183.6572	-1
5190.9434	-1
5198.2295	-1
5205.5156	-1
5212.8022	1
5220.0889	1
5227.3755	1
5234.6621	1
5241.9487	1
5249.2354	1
5256.5234	-1
5263.8115	-1
5271.0996	-1
5278.3877	-1
5285.6758	-1
5292.9639	-1
5300.2520	-1
5307.5400	-1
5314.8281	-1
5322.1162	-1
5329.4043	-1
5336.6924	-1
5343.9829	-1
5351.2734	-1
5358.5640	-1
5365.8545	-1
5373.1450	-1
5380.4355	-1
5387.7261	-1
5395.0166	-1
5402.3071	-1
5409.5977	-1
5416.8882	-1
5424.1787	-1
5431.4692	-1
5438.7598	-1
5446.0503	-1
5453.3408	-1
5460.6313	-1
5467.9219	-1
5475.2124	-1
5482.5029	-1
5489.7935	-1
5497.0840	-1
5504.3745	-1
5511.6650	-1
5518.9556	-1
5526.2461	-1
5533.5371	-1
5540.8281	-1
5548.1191	-1
5555.4102	-1
5562.7012	-1
5570.0029	1
5577.3062	-1
5584.6094	1
5591.9126	1
5599.2173	-1
5606.5220	-1
5613.8267	-1
5621.1313	-1
5628.4360	-1
5635.7407	-1
5643.0454	-1
5650.3599	1
5657.6758	-1
5664.9922	1
5672.3086	1
5679.6255	-1
5686.9424	-1
5694.2598	-1
5701.5869	1
5708.9150	-1
5716.2437	1
5723.5723	1
5730.9014	-1
5738.2305	-1
5745.5596	-1
5752.8906	-1
5760.2300	1
5767.5708	-1
5774.9116	1
5782.2524	1
5789.5947	-1
5796.9370	-1
5804.2793	-1
5811.6318	1
5818.9858	-1
5826.3398	1
5833.6938	1
5841.0488	-1
5848.4038	-1
5855.7695	1
5863.1367	-1
5870.5039	1
5877.8711	1
5885.2393	-1
5892.6074	-1
5899.9858	1
5907.3657	-1
5914.7461	1
5922.1265	1
5929.5078	-1
5936.8892	-1
5944.2705	-1
5951.6519	-1
5959.0435	1
5966.4360	-1
5973.8291	1
5981.2222	1
5988.6162	-1
5996.0103	-1
6003.4043	-1
6010.7988	-1
6018.2031	1
6025.6089	-1
6033.0151	1
6040.4214	1
6047.8281	-1
6055.2349	-1
6062.6421	-1
6070.0596	1
6077.4785	-1
6084.8979	1
6092.3174	1
6099.7383	-1
6107.1592	-1
6114.5801	-1
6122.0010	-1
6129.4219	-1
6136.8428	-1
6144.2637	-1
6151.6846	-1
6159.1055	-1
6166.5264	-1
6173.9473	-1
6181.3682	-1
6188.7896	1
6196.2109	1
6203.6333	-1
6211.0557	-1
6218.4780	-1
6225.9004	-1
6233.3228	-1
6240.7451	-1
6248.1675	-1
6255.6016	1
6263.0371	-1
6270.4731	1
6277.9092	1
6285.3462	-1
6292.7832	-1
6300.2314	1
6307.6812	-1
6315.1313	1
6322.5815	1
6330.0327	-1
6337.4839	-1
6344.9351	-1
6352.3975	1
6359.8613	-1
6367.3252	1
6374.7891	1
6382.2544	-1
6389.7197	-1
6397.1851	-1
6404.6504	-1
6412.1157	-1
6419.5811	-1
6427.0464	-1
6434.5117	-1
6441.9771	-1
6449.4536	1
6456.9316	-1
6464.4097	1
6471.8882	1
6479.3672	-1
6486.8462	-1
6494.3252	-1
6501.8042	-1
6509.2832	-1
6516.7622	-1
6524.2412	-1
6531.7202	-1
6539.1992	-1
6546.6782	-1
6554.1572	-1
6561.6362	-1
6569.1157	1
6576.5952	1
6584.0747	1
6591.5542	1
6599.0347	-1
6606.5151	-1
6613.9956	-1
6621.4761	-1
6628.9565	-1
6636.4370	-1
6643.9175	-1
6651.3979	-1
6658.8784	-1
6666.3589	-1
6673.8394	-1
6681.3198	-1
6688.8003	-1
6696.2808	-1
6703.7612	-1
6711.2417	-1
6718.7222	-1
6726.2026	-1
6733.6836	-1
6741.1646	-1
6748.6455	-1
6756.1265	-1
6763.6074	-1
6771.0884	-1
6778.5693	1
6786.0503	1
6793.5312	1
6801.0122	1
6808.4932	1
6815.9751	-1
6823.4570	-1
6830.9390	-1
6838.4209	-1
6845.9028	-1
6853.3848	-1
6860.8667	-1
6868.3486	-1
6875.8306	-1
6883.3125	-1
6890.7944	-1
6898.2764	-1
6905.7588	-1
6913.2412	-1
6920.7236	-1
6928.2061	-1
6935.6885	-1
6943.1709	-1
6950.6533	-1
6958.1357	-1
6965.6182	-1
6973.1006	-1
6980.5830	-1
6988.0654	-1
6995.5479	-1
7003.0303	-1
7010.5127	-1
7017.9951	-1
7025.4775	-1
7032.9600	-1
7040.4536	1
7047.9487	-1
7055.4438	1
7062.9390	1
7070.4351	-1
7077.9312	-1
7085.4272	-1
7092.9233	-1
7100.4194	-1
7107.9155	-1
7115.4116	-1
7122.9077	-1
7130.4038	-1
7137.8999	-1
7145.3960	-1
7152.8921	-1
7160.3887	1
7167.8853	1
7175.3818	1
7182.8784	1
7190.3755	-1
7197.8726	-1
7205.3696	-1
7212.8667	-1
7220.3638	-1
7227.8608	-1
7235.3584	-1
7242.8560	-1
7250.3535	-1
7257.8511	-1
7265.3486	-1
7272.8462	-1
7280.3438	-1
7287.8413	-1
7295.3389	-1
7302.8364	-1
7310.3340	-1
7317.8315	-1
7325.3291	-1
7332.8267	-1
7340.3242	-1
7347.8218	-1
7355.3193	-1
7362.8169	-1
7370.3149	1
7377.8130	1
7385.3115	-1
7392.8101	-1
7400.3086	-1
7407.8071	-1
7415.3057	-1
7422.8042	-1
7430.3027	-1
7437.8013	-1
7445.3110	1
7452.8223	-1
7460.3340	1
7467.8457	1
7475.3584	-1
7482.8711	-1
7490.3838	-1
7497.8965	-1
7505.4092	-1
7512.9219	-1
7520.4351	-1
7527.9482	-1
7535.4614	-1
7542.9746	-1
7550.4878	-1
7558.0010	-1
7565.5142	1
7573.0278	1
7580.5415	1
7588.0552	1
7595.5703	-1
7603.0854	-1
7610.6006	-1
7618.1157	-1
7625.6309	-1
7633.1460	-1
7640.6611	-1
7648.1768	-1
7655.6924	-1
7663.2080	-1
7670.7236	-1
7678.2393	-1
7685.7549	-1
7693.2705	-1
7700.7861	-1
7708.3018	-1
7715.8174	-1
7723.3330	-1
7730.8486	-1
7738.3643	-1
7745.8799	-1
7753.3955	-1
7760.9111	-1
7768.4268	-1
7775.9424	1
7783.4585	1
7790.9746	1
7798.4907	1
7806.0068	1
7813.5229	1
7821.0391	1
7828.5552	1
7836.0742	-1
7843.5933	-1
7851.1123	-1
7858.6313	-1
7866.1504	-1
7873.6694	-1
7881.1885	-1
7888.7075	-1
7896.2266	-1
7903.7456	-1
7911.2646	-1
7918.7837	-1
7926.3032	-1
7933.8228	-1
7941.3423	-1
7948.8618	-1
7956.3813	-1
7963.9009	-1
7971.4204	-1
7978.9399	-1
7986.4595	-1
7993.9790	-1
8001.4985	-1
8009.0181	-1
8016.5376	-1
8024.0571	-1
8031.5767	-1
8039.0962	-1
8046.6157	-1
8054.1353	-1
8061.6548	-1
8069.1743	-1
8076.6938	-1
8084.2134	-1
8091.7329	-1
8099.2524	-1
8106.7720	-1
8114.2915	-1
8121.8110	-1
8129.3306	-1
8136.8506	-1
8144.3706	-1
8151.8906	-1
8159.4106	-1
8166.9307	-1
8174.4507	-1
8181.9707	-1
8189.4907	-1
8197.0107	1
8204.5322	-1
8212.0537	-1
8219.5752	-1
8227.0967	-1
8234.6182	-1
8242.1514	1
8249.6855	-1
8257.2207	1
8264.7559	1
8272.2920	-1
8279.8281	-1
8287.3643	-1
8294.9004	-1
8302.4365	-1
8309.9727	-1
8317.5088	-1
8325.0449	-1
8332.5811	-1
8340.1172	-1
8347.6533	-1
8355.1895	-1
8362.7266	1
8370.2637	1
8377.8008	1
8385.3379	1
8392.8760	-1
8400.4141	-1
8407.9521	-1
8415.4902	-1
8423.0283	-1
8430.5664	-1
8438.1045	1
8445.6426	1
8453.1816	-1
8460.7207	-1
8468.2598	-1
8475.7988	-1
8483.3379	-1
8490.8770	-1
8498.4160	-1
8505.9551	-1
8513.4941	-1
8521.0332	-1
8528.5723	-1
8536.1113	-1
8543.6514	-1
8551.1914	-1
8558.7314	-1
8566.2715	-1
8573.8115	-1
8581.3516	-1
8588.8916	1
8596.4316	1
8603.9717	1
8611.5117	1
8619.0518	1
8626.5918	1
8634.1328	-1
8641.6738	-1
8649.2148	-1
8656.7559	-1
8664.2969	-1
8671.8379	-1
8679.3799	-1
8686.9219	-1
8694.4639	-1
8702.0059	-1
8709.5479	-1
8717.0898	-1
8724.6318	1
8732.1738	1
8739.7168	-1
8747.2598	-1
8754.8027	-1
8762.3457	-1
8769.8887	-1
8777.4316	-1
8784.9756	-1
8792.5195	-1
8800.0635	-1
8807.6074	-1
8815.1514	-1
8822.6953	-1
8830.2402	-1
8837.7852	-1
8845.3301	-1
8852.8750	-1
8860.4199	-1
8867.9648	-1
8875.5098	-1
8883.0547	-1
8890.5996	-1
8898.1445	-1
8905.6895	-1
8913.2344	-1
8920.7793	-1
8928.3242	-1
8935.8691	-1
8943.4141	-1
8950.9590	-1
8958.5039	-1
8966.0498	-1
8973.5957	-1
8981.1416	-1
8988.6875	-1
8996.2334	-1
9003.7793	-1
9011.3252	-1
9018.8711	-1
9026.4170	-1
9033.9629	-1
9041.5088	-1
9049.0547	-1
9056.6006	-1
9064.1465	-1
9071.7041	1
9079.2627	-1
9086.8213	1
9094.3799	1
9101.9404	-1
9109.5010	-1
9117.0615	-1
9124.6221	-1
9132.1826	-1
9139.7432	-1
9147.3037	-1
9154.8643	-1
9162.4248	-1
9169.9854	-1
9177.5459	-1
9185.1064	-1
9192.6670	1
9200.2285	-1
9207.7900	-1
9215.3516	-1
9222.9131	-1
9230.4854	1
9238.0596	-1
9245.6338	1
9253.2080	1
9260.7832	-1
9268.3584	-1
9275.9336	-1
9283.5088	-1
9291.0840	-1
9298.6592	-1
9306.2344	-1
9313.8096	-1
9321.3848	-1
9328.9600	-1
9336.5352	-1
9344.1104	-1
9351.6865	1
9359.2627	1
9366.8398	-1
9374.4170	-1
9381.9941	-1
9389.5713	-1
9397.1484	-1
9404.7256	-1
9412.3027	-1
9419.8799	-1
9427.4678	1
9435.0566	-1
9442.6465	1
9450.2363	1
9457.8271	-1
9465.4180	-1
9473.0088	-1
9480.5996	-1
9488.1904	-1
9495.7812	-1
9503.3721	-1
9510.9629	-1
9518.5537	-1
9526.1445	-1
9533.7354	-1
9541.3262	-1
9548.9170	1
9556.5088	1
9564.1006	1
9571.6924	1
9579.2852	-1
9586.8779	-1
9594.4707	-1
9602.0635	-1
9609.6562	-1
9617.2490	-1
9624.8428	-1
9632.4365	-1
9640.0303	-1
9647.6240	-1
9655.2178	-1
9662.8115	-1
9670.4053	-1
9677.9990	-1
9685.5928	-1
9693.1865	-1
9700.7803	-1
9708.3740	-1
9715.9678	-1
9723.5615	-1
9731.1553	-1
9738.7490	-1
9746.3428	-1
9753.9365	-1
9761.5303	1
9769.1240	1
9776.7178	1
9784.3125	1
9791.9072	1
9799.5020	1
9807.0967	1
9814.6914	1
9822.2881	-1
9829.8848	-1
9837.4814	-1
9845.0781	-1
9852.6748	-1
9860.2715	-1
9867.8691	-1
9875.4668	-1
9883.0645	-1
9890.6621	-1
9898.2598	-1
9905.8574	-1
9913.4551	-1
9921.0527	-1
9928.6504	-1
9936.2480	-1
9943.8457	-1
9951.4434	-1
9959.0410	-1
9966.6387	-1
9974.2363	-1
9981.8340	-1
9989.4316	-1
9997.0293	-1
10004.6270	-1
10012.2246	-1
10019.8223	-1
10027.4199	-1
10035.0176	-1
10042.6152	-1
10050.2139	1
10057.8125	1
10065.4111	-1
10073.0098	-1
10080.6084	-1
10088.2070	-1
10095.8057	-1
10103.4043	-1
10111.0029	-1
10118.6016	-1
10126.2002	-1
10133.7988	-1
10141.3975	-1
10148.9961	-1
10156.5947	1
10164.1934	1
10171.7920	1
10179.3906	1
10186.9893	1
10194.5879	1
10202.1865	1
10209.7852	-1
10217.3838	-1
10224.9824	-1
10232.5811	-1
10240.1797	-1
10247.7783	-1
10255.3770	1
10262.9766	1
10270.5762	1
10278.1758	1
10285.7754	1
10293.3750	1
10300.9746	1
10308.5752	-1
10316.1758	-1
10323.7764	-1
10331.3770	-1
10338.9775	-1
10346.5781	-1
10354.1797	1
10361.7822	-1
10369.3848	-1
10376.9873	-1
10384.5898	-1
10392.1924	-1
10399.7949	-1
10407.3975	-1
10415.0000	-1
10422.6025	-1
10430.2051	-1
10437.8076	-1
10445.4102	-1
10453.0146	-1
10460.6191	-1
10468.2236	-1
10475.8281	-1
10483.4326	-1
10491.0371	-1
10498.6416	-1
10506.2461	-1
10513.8506	-1
10521.4551	-1
10529.0596	-1
10536.6641	-1
10544.2705	-1
10551.8770	-1
10559.4834	-1
10567.0898	-1
10574.6963	-1
10582.3027	-1
10589.9092	-1
10597.5156	-1
10605.1221	-1
10612.7285	-1
10620.3350	-1
10627.9414	-1
10635.5479	-1
10643.1543	-1
10650.7607	-1
10658.3672	-1
10665.9736	-1
10673.5801	-1
10681.1865	-1
10688.7930	-1
10696.3994	-1
10704.0059	-1
10711.6123	-1
10719.2188	-1
10726.8252	-1
10734.4316	-1
10742.0381	-1
10749.6445	-1
10757.2510	-1
10764.8574	-1
10772.4639	-1
10780.0703	-1
10787.6768	-1
10795.2832	-1
10802.8896	-1
10810.4961	-1
10818.1035	-1
10825.7109	-1
10833.3184	-1
10840.9258	-1
10848.5332	-1
10856.1406	-1
10863.7480	-1
10871.3555	-1
10878.9629	-1
10886.5703	-1
10894.1777	-1
10901.7852	-1
10909.3926	-1
10917.0000	-1
10924.6074	-1
10932.2148	-1
10939.8223	-1
10947.4297	-1
10955.0371	-1
10962.6445	-1
10970.2520	-1
10977.8594	-1
10985.4668	-1
10993.0742	-1
11000.6816	-1
11008.2891	-1
11015.8965	-1
11023.5039	-1
11031.1113	-1
11038.7188	-1
11046.3262	-1
11053.9336	-1
11061.5410	-1
11069.1484	-1
11076.7559	-1
11084.3633	-1
11091.9824	1
11099.6035	-1
11107.2246	1
11114.8457	1
11122.4678	-1
11130.0898	-1
11137.7119	-1
11145.3340	-1
11152.9561	-1
11160.5781	-1
11168.2012	-1
11175.8242	-1
11183.4473	-1
11191.0703	-1
11198.6934	-1
11206.3164	-1
11213.9395	1
11221.5625	1
11229.1855	1
11236.8086	1
11244.4336	-1
11252.0586	-1
11259.6836	-1
11267.3086	-1
11274.9336	-1
11282.5586	-1
11290.1836	1
11297.8086	-1
11305.4336	-1
11313.0586	-1
11320.6836	-1
11328.3086	-1
11335.9336	-1
11343.5586	-1
11351.1836	-1
11358.8086	-1
11366.4336	-1
11374.0586	-1
11381.6836	-1
11389.3086	-1
11396.9336	-1
11404.5586	-1
11412.1836	-1
11419.8086	-1
11427.4336	-1
11435.0586	1
11442.6846	1
11450.3105	1
11457.9365	1
11465.5625	1
11473.1885	1
11480.8145	1
11488.4414	-1
11496.0684	-1
11503.6953	-1
11511.3223	-1
11518.9492	-1
11526.5762	-1
11534.2041	1
11541.8320	-1
11549.4600	-1
11557.0879	-1
11564.7158	-1
11572.3438	-1
11579.9717	-1
11587.5996	1
11595.2285	-1
11602.8574	-1
11610.4863	-1
11618.1152	-1
11625.7441	-1
11633.3730	-1
11641.0029	-1
11648.6328	-1
11656.2627	-1
11663.8926	-1
11671.5225	-1
11679.1523	-1
11686.7822	-1
11694.4121	-1
11702.0420	-1
11709.6719	-1
11717.3018	-1
11724.9316	-1
11732.5615	-1
11740.1914	-1
11747.8213	-1
11755.4512	-1
11763.0811	-1
11770.7109	-1
11778.3418	-1
11785.9727	-1
11793.6035	-1
11801.2344	-1
11808.8652	-1
11816.4961	-1
11824.1270	-1
11831.7578	-1
11839.3887	-1
11847.0195	-1
11854.6504	-1
11862.2812	-1
11869.9121	-1
11877.5430	-1
11885.1738	-1
11892.8047	-1
11900.4355	-1
11908.0664	-1
11915.6973	-1
11923.3281	-1
11930.9590	-1
11938.6025	1
11946.2471	-1
11953.8916	1
11961.5361	1
11969.1826	-1
11976.8291	-1
11984.4756	-1
11992.1221	-1
11999.7686	-1
12007.4150	-1
12015.0615	-1
12022.7080	-1
12030.3652	1
12038.0244	-1
12045.6836	1
12053.3428	1
12061.0039	-1
12068.6650	-1
12076.3262	-1
12083.9873	-1
12091.6484	-1
12099.3096	-1
12106.9707	-1
12114.6318	-1
12122.2930	-1
12129.9541	-1
12137.6152	-1
12145.2764	-1
12152.9375	1
12160.5986	1
12168.2598	1
12175.9209	1
12183.5840	-1
12191.2471	-1
12198.9102	-1
12206.5732	-1
12214.2363	-1
12221.8994	-1
12229.5625	-1
12237.2256	-1
12244.8887	-1
12252.5518	-1
12260.2148	-1
12267.8779	-1
12275.5410	-1
12283.2041	-1
12290.8672	-1
12298.5303	-1
12306.1934	-1
12313.8564	-1
12321.5195	-1
12329.1826	-1
12336.8457	-1
12344.5088	-1
12352.1719	-1
12359.8350	-1
12367.4980	1
12375.1621	1
12382.8262	1
12390.4902	1
12398.1543	1
12405.8184	1
12413.4824	1
12421.1465	1
12428.8125	-1
12436.4785	-1
12444.1445	-1
12451.8105	-1
12459.4766	-1
12467.1426	-1
12474.8086	1
12482.4746	1
12490.1416	-1
12497.8086	-1
12505.4756	-1
12513.1426	-1
12520.8096	-1
12528.4766	-1
12536.1436	-1
12543.8105	-1
12551.4775	-1
12559.1445	-1
12566.8115	-1
12574.4785	-1
12582.1455	-1
12589.8125	-1
12597.4795	-1
12605.1465	-1
12612.8135	-1
12620.4805	-1
12628.1484	1
12635.8174	-1
12643.4863	-1
12651.1553	-1
12658.8242	-1
12666.4932	-1
12674.1621	-1
12681.8311	-1
12689.5000	-1
12697.1689	-1
12704.8379	-1
12712.5068	-1
12720.1758	-1
12727.8447	1
12735.5137	1
12743.1826	1
12750.8516	1
12758.5205	1
12766.1895	-1
12773.8584	-1
12781.5273	-1
12789.1963	-1
12796.8652	-1
12804.5342	-1
12812.2041	-1
12819.8740	-1
12827.5439	-1
12835.2139	-1
12842.8838	-1
12850.5537	-1
12858.2236	-1
12865.8936	-1
12873.5635	-1
12881.2334	-1
12888.9033	-1
12896.5732	-1
12904.2432	-1
12911.9131	-1
12919.5830	-1
12927.2529	-1
12934.9229	-1
12942.5928	-1
12950.2637	1
12957.9375	-1
12965.6113	-1
12973.2852	-1
12980.9590	-1
12988.6328	-1
12996.3066	-1
13003.9805	-1
13011.6543	-1
13019.3281	-1
13027.0020	-1
13034.6758	-1
13042.3496	-1
13050.0234	-1
13057.6973	-1
13065.3711	-1
13073.0449	-1
13080.7188	-1
13088.3926	-1
13096.0664	-1
13103.7402	-1
13111.4141	-1
13119.0879	-1
13126.7617	-1
13134.4355	-1
13142.1094	-1
13149.7832	-1
13157.4570	-1
13165.1309	-1
13172.8047	-1
13180.4785	-1
13188.1523	-1
13195.8262	-1
13203.5000	-1
13211.1738	-1
13218.8477	-1
13226.5215	-1
13234.1963	-1
13241.8711	-1
13249.5459	-1
13257.2334	1
13264.9219	-1
13272.6113	1
13280.3008	1
13287.9912	-1
13295.6816	-1
13303.3721	-1
13311.0625	-1
13318.7529	-1
13326.4434	-1
13334.1338	-1
13341.8242	-1
13349.5146	-1
13357.2051	-1
13364.8955	-1
13372.5859	-1
13380.2773	1
13387.9688	1
13395.6611	-1
13403.3535	-1
13411.0459	-1
13418.7383	-1
13426.4307	-1
13434.1230	-1
13441.8154	-1
13449.5078	-1
13457.2119	1
13464.9180	-1
13472.6240	1
13480.3301	1
13488.0371	-1
13495.7441	-1
13503.4512	-1
13511.1582	-1
13518.8652	-1
13526.5723	-1
13534.2793	-1
13541.9863	-1
13549.6934	-1
13557.4004	-1
13565.1074	-1
13572.8145	-1
13580.5225	1
13588.2305	1
13595.9395	-1
13603.6484	-1
13611.3574	-1
13619.0664	-1
13626.7754	-1
13634.4844	-1
13642.1934	-1
13649.9023	-1
13657.6113	-1
13665.3320	1
13673.0537	-1
13680.7764	1
13688.4990	1
13696.2227	-1
13703.9463	-1
13711.6699	-1
13719.3936	-1
13727.1172	-1
13734.8408	-1
13742.5645	-1
13750.2881	-1
13758.0117	-1
13765.7354	-1
13773.4590	-1
13781.1826	-1
13788.9062	1
13796.6299	1
13804.3545	1
13812.0791	1
13819.8047	-1
13827.5303	-1
13835.2559	-1
13842.9814	-1
13850.7070	-1
13858.4326	-1
13866.1582	-1
13873.8838	-1
13881.6094	-1
13889.3350	-1
13897.0605	-1
13904.7861	-1
13912.5117	1
13920.2373	1
13927.9629	1
13935.6885	1
13943.4150	-1
13951.1416	-1
13958.8682	-1
13966.5947	-1
13974.3213	-1
13982.0479	-1
13989.7744	-1
13997.5010	-1
14005.2275	-1
14012.9541	-1
14020.6807	-1
14028.4072	-1
14036.1348	1
14043.8623	1
14051.5898	1
14059.3174	1
14067.0459	-1
14074.7744	-1
14082.5029	-1
14090.2314	-1
14097.9600	-1
14105.6885	-1
14113.4170	-1
14121.1455	-1
14128.8740	-1
14136.6025	-1
14144.3311	-1
14152.0596	-1
14159.7891	-1
14167.5186	-1
14175.2480	-1
14182.9775	-1
14190.7070	-1
14198.4365	-1
14206.1670	1
14213.8975	1
14221.6279	-1
14229.3584	-1
14237.0889	-1
14244.8193	-1
14252.5498	1
14260.2803	-1
14268.0107	-1
14275.7412	1
14283.4717	-1
14291.2021	-1
14298.9326	-1
14306.6631	-1
14314.3936	-1
14322.1240	-1
14329.8545	-1
14337.5850	-1
14345.3154	-1
14353.0459	-1
14360.7764	-1
14368.5068	-1
14376.2383	1
14383.9697	1
14391.7012	1
14399.4326	1
14407.1641	1
14414.8955	1
14422.6270	1
14430.3584	1
14438.0908	-1
14445.8232	-1
14453.5557	-1
14461.2881	-1
14469.0205	-1
14476.7529	-1
14484.4854	-1
14492.2178	-1
14499.9502	-1
14507.6826	-1
14515.4150	-1
14523.1475	-1
14530.8828	1
14538.6182	1
14546.3535	1
14554.0889	1
14561.8242	-1
14569.5596	-1
14577.2949	-1
14585.0303	-1
14592.7656	-1
14600.5010	-1
14608.2363	-1
14615.9717	-1
14623.7070	-1
14631.4424	-1
14639.1777	-1
14646.9131	-1
14654.6484	-1
14662.3838	-1
14670.1191	-1
14677.8545	-1
14685.5898	-1
14693.3252	-1
14701.0625	-1
14708.7998	-1
14716.5371	-1
14724.2744	-1
14732.0117	-1
14739.7490	-1
14747.4863	-1
14755.2236	-1
14762.9609	-1
14770.6982	-1
14778.4355	-1
14786.1729	1
14793.9102	-1
14801.6475	1
14809.3848	1
14817.1230	-1
14824.8613	1
14832.5996	-1
14840.3379	-1
14848.0762	-1
14855.8145	-1
14863.5527	-1
14871.2910	1
14879.0293	1
14886.7676	-1
14894.5059	-1
14902.2441	-1
14909.9824	-1
14917.7207	-1
14925.4590	-1
14933.1973	-1
14940.9355	-1
14948.6738	-1
14956.4121	-1
14964.1504	-1
14971.8887	-1
14979.6270	-1
14987.3652	-1
14995.1035	-1
15002.8418	-1
15010.5801	-1
15018.3184	-1
15026.0576	1
15033.7988	-1
15041.5400	-1
15049.2812	-1
15057.0225	-1
15064.7637	-1
15072.5049	-1
15080.2461	-1
15087.9873	-1
15095.7285	-1
15103.4697	-1
15111.2109	-1
15118.9521	-1
15126.6943	-1
15134.4365	-1
15142.1787	-1
15149.9209	-1
15157.6631	-1
15165.4053	-1
15173.1475	-1
15180.8896	-1
15188.6318	-1
15196.3740	-1
15204.1162	-1
15211.8584	-1
15219.6006	-1
15227.3428	-1
15235.0850	-1
15242.8271	-1
15250.5693	-1
15258.3115	-1
15266.0537	-1
15273.7959	-1
15281.5381	-1
15289.2803	-1
15297.0225	-1
15304.7646	-1
15312.5078	-1
15320.2510	-1
15327.9941	-1
15335.7373	-1
15343.4805	-1
15351.2236	-1
15358.9668	-1
15366.7100	-1
15374.4531	-1
15382.1963	-1
15389.9395	-1
15397.6826	-1
15405.4258	-1
15413.1689	-1
15420.9121	-1
15428.6553	-1
15436.3984	-1
15444.1416	-1
15451.8857	-1
15459.6299	-1
15467.3740	-1
15475.1182	-1
15482.8623	-1
15490.6064	-1
15498.3506	-1
15506.0947	-1
15513.8389	-1
15521.5830	-1
15529.3271	-1
15537.0713	-1
15544.8154	-1
15552.5596	-1
15560.3037	-1
15568.0479	-1
15575.7920	-1
15583.5361	-1
15591.2803	-1
15599.0244	-1
15606.7686	-1
15614.5127	-1
15622.2568	-1
15630.0010	-1
15637.7461	-1
15645.5029	1
15653.2607	-1
15661.0186	1
15668.7764	1
15676.5352	-1
15684.2939	-1
15692.0527	-1
15699.8115	-1
15707.5703	-1
15715.3291	-1
15723.0879	-1
15730.8467	-1
15738.6055	-1
15746.3643	-1
15754.1230	-1
15761.8818	-1
15769.6514	1
15777.4229	-1
15785.1943	1
15792.9658	1
15800.7383	-1
15808.5107	-1
15816.2832	-1
15824.0557	-1
15831.8281	-1
15839.6006	-1
15847.3730	-1
15855.1455	-1
15862.9180	-1
15870.6904	-1
15878.4629	-1
15886.2354	-1
15894.0078	1
15901.7803	1
15909.5527	1
15917.3252	1
15925.0986	-1
15932.8721	-1
15940.6455	-1
15948.4189	-1
15956.1924	-1
15963.9658	-1
15971.7393	-1
15979.5127	-1
15987.2861	-1
15995.0596	-1
16002.8330	-1
16010.6064	-1
16018.3799	-1
16026.1533	-1
16033.9268	-1
16041.7002	-1
16049.4736	-1
16057.2471	-1
16065.0205	-1
16072.7939	-1
16080.5674	-1
16088.3408	-1
16096.1143	-1
16103.8877	-1
16111.6621	1
16119.4365	1
16127.2109	1
16134.9854	1
16142.7598	1
16150.5342	1
16158.3086	1
16166.0830	1
16173.8574	-1
16181.6318	-1
16189.4062	-1
16197.1807	-1
16204.9551	-1
16212.7295	-1
16220.5049	1
16228.2803	1
16236.0566	-1
16243.8330	-1
16251.6094	-1
16259.3857	-1
16267.1621	-1
16274.9385	-1
16282.7148	-1
16290.4912	-1
16298.2676	-1
16306.0439	-1
16313.8203	-1
16321.5967	-1
16329.3730	-1
16337.1494	-1
16344.9258	-1
16352.7021	-1
16360.4785	-1
16368.2549	-1
16376.0312	-1
16383.8076	-1
16391.5840	-1
16399.3613	-1
16407.1387	-1
16414.9160	-1
16422.6934	-1
16430.4707	-1
16438.2480	-1
16446.0254	-1
16453.8027	-1
16461.5801	-1
16469.3574	-1
16477.1348	-1
16484.9121	-1
16492.6895	-1
16500.4668	-1
16508.2441	-1
16516.0215	-1
16523.7988	-1
16531.5762	-1
16539.3535	-1
16547.1309	-1
16554.9082	-1
16562.6855	-1
16570.4629	-1
16578.2402	-1
16586.0176	-1
16593.7949	-1
16601.5723	-1
16609.3496	-1
16617.1270	-1
16624.9043	-1
16632.6816	-1
16640.4590	-1
16648.2363	-1
16656.0137	1
16663.7910	1
16671.5684	1
16679.3457	1
16687.1230	1
16694.9004	1
16702.6777	1
16710.4551	1
16718.2324	1
16726.0098	1
16733.7871	1
16741.5645	1
16749.3418	1
16757.1191	1
16764.8965	1
16772.6738	1
16780.4531	1
16788.2324	1
16796.0117	-1
16803.7910	-1
16811.5703	-1
16819.3496	-1
16827.1289	-1
16834.9082	-1
16842.6875	-1
16850.4668	-1
16858.2461	-1
16866.0254	-1
16873.8047	-1
16881.5840	-1
16889.3633	-1
16897.1426	-1
16904.9219	-1
16912.7012	-1
16920.4805	-1
16928.2598	-1
16936.0410	1
16943.8223	1
16951.6035	1
16959.3848	1
16967.1660	1
16974.9473	1
16982.7285	-1
16990.5098	-1
16998.2910	-1
17006.0723	-1
17013.8535	-1
17021.6348	-1
17029.4160	-1
17037.1973	-1
17044.9785	-1
17052.7598	-1
17060.5410	-1
17068.3223	-1
17076.1035	-1
17083.8848	-1
17091.6660	-1
17099.4473	-1
17107.2285	-1
17115.0098	-1
17122.7930	1
17130.5762	1
17138.3594	1
17146.1426	1
17153.9258	-1
17161.7090	-1
17169.4922	-1
17177.2754	-1
17185.0586	-1
17192.8418	-1
17200.6250	-1
17208.4082	-1
17216.1914	-1
17223.9746	-1
17231.7578	-1
17239.5410	-1
17247.3242	-1
17255.1074	-1
17262.8906	-1
17270.6738	-1
17278.4570	-1
17286.2402	-1
17294.0234	1
17301.8066	1
17309.5898	1
17317.3730	-1
17325.1562	-1
17332.9395	-1
17340.7227	-1
17348.5059	-1
17356.2891	-1
17364.0723	1
17371.8555	-1
17379.6387	-1
17387.4219	-1
17395.2051	-1
17402.9883	-1
17410.7715	-1
17418.5566	-1
17426.3418	-1
17434.1270	-1
17441.9121	-1
17449.6973	-1
17457.4824	-1
17465.2676	-1
17473.0527	-1
17480.8379	-1
17488.6230	-1
17496.4082	-1
17504.1934	-1
17511.9785	-1
17519.7637	-1
17527.5488	-1
17535.3340	-1
17543.1191	-1
17550.9043	-1
17558.6895	1
17566.4746	-1
17574.2598	-1
17582.0449	-1
17589.8301	-1
17597.6152	-1
17605.4004	-1
17613.1855	1
17620.9707	1
17628.7559	1
17636.5410	-1
17644.3262	-1
17652.1113	-1
17659.8965	1
17667.6816	-1
17675.4668	-1
17683.2520	-1
17691.0371	1
17698.8223	1
17706.6074	1
17714.3926	-1
17722.1777	-1
17729.9629	-1
17737.7480	-1
17745.5332	-1
17753.3184	-1
17761.1035	-1
17768.8887	-1
17776.6738	-1
17784.4590	-1
17792.2441	-1
17800.0293	-1
17807.8145	-1
17815.5996	-1
17823.3848	-1
17831.1699	-1
17838.9551	-1
17846.7402	-1
17854.5254	1
17862.3105	1
17870.0957	1
17877.8828	-1
17885.6699	-1
17893.4570	-1
17901.2441	-1
17909.0312	-1
17916.8184	-1
17924.6055	-1
17932.3926	-1
17940.1797	-1
17947.9668	-1
17955.7539	-1
17963.5410	-1
17971.3281	-1
17979.1152	-1
17986.9023	-1
17994.6895	-1
18002.4766	-1
18010.2637	-1
18018.0508	-1
18025.8379	-1
18033.6250	-1
18041.4121	-1
18049.1992	-1
18056.9863	-1
18064.7754	-1
18072.5645	-1
18080.3535	-1
18088.1426	-1
18095.9316	-1
18103.7207	-1
18111.5098	-1
18119.2988	-1
18127.0879	-1
18134.8770	-1
18142.6660	-1
18150.4551	-1
18158.2441	-1
18166.0332	-1
18173.8223	-1
18181.6113	-1
18189.4004	-1
18197.1895	-1
18204.9785	-1
18212.7676	-1
18220.5566	-1
18228.3457	-1
18236.1348	-1
18243.9238	-1
18251.7129	-1
18259.5020	-1
18267.2910	-1
18275.0801	-1
18282.8691	-1
18290.6582	-1
18298.4473	-1
18306.2363	-1
18314.0254	-1
18321.8145	-1
18329.6035	-1
18337.3926	-1
18345.1816	-1
18352.9707	-1
18360.7598	-1
18368.5488	-1
18376.3379	-1
18384.1270	-1
18391.9160	-1
18399.7051	-1
18407.4941	-1
18415.2832	-1
18423.0723	-1
18430.8613	-1
18438.6504	-1
18446.4395	-1
18454.2285	-1
18462.0176	-1
18469.8066	-1
18477.5957	-1
18485.3848	-1
18493.1738	-1
18500.9629	-1
18508.7520	-1
18516.5410	-1
18524.3301	-1
18532.1191	-1
18539.9082	-1
18547.6973	-1
18555.4863	-1
18563.2754	-1
18571.0645	-1
18578.8555	-1
18586.6465	-1
18594.4375	-1
18602.2285	-1
18610.0195	-1
18617.8105	-1
18625.6016	-1
18633.3926	-1
18641.1836	-1
18648.9746	-1
18656.7656	-1
18664.5566	-1
18672.3477	-1
18680.1387	-1
18687.9297	-1
18695.7207	-1
18703.5117	-1
18711.3027	-1
18719.0938	-1
18726.8848	-1
18734.6758	-1
18742.4668	-1
18750.2578	-1
18758.0488	-1
18765.8398	-1
18773.6309	-1
18781.4219	-1
18789.2129	-1
18797.0039	-1
18804.7949	-1
18812.5859	-1
18820.3770	-1
18828.1680	-1
18835.9590	-1
18843.7500	-1
18851.5410	-1
18859.3320	-1
18867.1230	-1
18874.9141	-1
18882.7051	-1
18890.4961	-1
18898.2871	-1
18906.0801	-1
18913.8730	-1
18921.6660	-1
18929.4590	-1
18937.2520	-1
18945.0449	-1
18952.8379	-1
18960.6309	-1
18968.4238	-1
18976.2168	-1
18984.0195	1
18991.8242	-1
18999.6289	1
19007.4336	1
19015.2402	-1
19023.0469	-1
19030.8535	-1
19038.6602	-1
19046.4668	-1
19054.2734	-1
19062.0801	-1
19069.8867	-1
19077.6934	-1
19085.5000	-1
19093.3066	-1
19101.1133	-1
19108.9199	1
19116.7266	1
19124.5332	1
19132.3398	1
19140.1484	-1
19147.9570	-1
19155.7656	-1
19163.5742	-1
19171.3828	-1
19179.1914	-1
19187.0000	-1
19194.8086	-1
19202.6172	-1
19210.4258	-1
19218.2344	-1
19226.0430	-1
19233.8516	-1
19241.6602	-1
19249.4688	-1
19257.2773	-1
19265.0859	-1
19272.8945	-1
19280.7051	-1
19288.5156	-1
19296.3262	-1
19304.1367	-1
19311.9473	-1
19319.7578	-1
19327.5684	1
19335.3789	-1
19343.1895	-1
19351.0000	-1
19358.8105	-1
19366.6328	1
19374.4570	-1
19382.2812	1
19390.1055	1
19397.9297	-1
19405.7539	-1
19413.5781	-1
19421.4141	1
19429.2520	-1
19437.0898	1
19444.9277	1
19452.7656	-1
19460.6035	-1
19468.4531	1
19476.3027	-1
19484.1543	1
19492.0059	1
19499.8574	-1
19507.7090	-1
19515.5605	-1
19523.4121	-1
19531.2637	-1
19539.1152	-1
19546.9668	-1
19554.8184	-1
19562.6699	-1
19570.5215	-1
19578.3730	-1
19586.2246	-1
19594.0762	1
19601.9297	1
19609.7832	1
19617.6367	1
19625.4902	-1
19633.3438	-1
19641.1973	-1
19649.0508	-1
19656.9043	-1
19664.7578	-1
19672.6133	-1
19680.4688	-1
19688.3242	-1
19696.1797	-1
19704.0352	-1
19711.8906	-1
19719.7461	-1
19727.6016	-1
19735.4570	-1
19743.3125	-1
19751.1680	-1
19759.0234	-1
19766.8789	-1
19774.7344	-1
19782.5996	1
19790.4668	-1
19798.3340	1
19806.2012	1
19814.0703	-1
19821.9395	-1
19829.8086	-1
19837.6777	-1
19845.5469	-1
19853.4160	-1
19861.2852	-1
19869.1543	-1
19877.0234	-1
19884.9023	1
19892.7832	-1
19900.6641	1
19908.5449	1
19916.4258	-1
19924.3066	-1
19932.1895	-1
19940.0820	1
19947.9766	-1
19955.8711	1
19963.7656	1
19971.6602	-1
19979.5566	-1
19987.4629	1
19995.3691	-1
20003.2773	1
20011.1855	1
20019.0938	-1
20027.0020	-1
20034.9199	1
20042.8398	-1
20050.7598	1
20058.6797	1
20066.6016	-1
20074.5234	-1
20082.4551	1
20090.3887	-1
20098.3223	1
20106.2559	1
20114.1895	-1
20122.1230	-1
20130.0684	1
20138.0137	-1
20145.9590	1
20153.9043	1
20161.8516	-1
20169.7988	-1
20177.7461	-1
20185.6934	-1
20193.6406	-1
20201.5879	-1
20209.5352	-1
20217.4824	-1
20225.4297	-1
20233.3770	-1
20241.3242	-1
20249.2715	-1
20257.2188	1
20265.1660	1
20273.1133	1
20281.0605	1
20289.0078	-1
20296.9551	-1
20304.9023	-1
20312.8496	-1
20320.7969	-1
20328.7441	-1
20336.6934	-1
20344.6426	-1
20352.5918	-1
20360.5410	-1
20368.4902	-1
20376.4395	-1
20384.3887	-1
20392.3379	-1
20400.2871	-1
20408.2363	-1
20416.1855	-1
20424.1348	-1
20432.0840	-1
20440.0332	-1
20447.9824	-1
20455.9316	-1
20463.8809	-1
20471.8301	-1
20479.7793	1
20487.7285	1
20495.6777	1
20503.6270	1
20511.5762	1
20519.5254	1
20527.4746	1
20535.4238	-1
20543.3730	-1
20551.3223	-1
20559.2715	-1
20567.2207	-1
20575.1699	-1
20583.1211	-1
20591.0723	-1
20599.0234	-1
20606.9746	-1
20614.9258	-1
20622.8770	-1
20630.8281	-1
20638.7793	-1
20646.7305	-1
20654.6816	-1
20662.6328	-1
20670.5840	-1
20678.5352	-1
20686.4863	-1
20694.4375	-1
20702.3887	-1
20710.3398	-1
20718.2910	-1
20726.2422	-1
20734.1934	-1
20742.1445	-1
20750.0957	-1
20758.0469	-1
20765.9980	-1
20773.9492	-1
20781.9004	-1
20789.8516	-1
20797.8027	-1
20805.7539	-1
20813.7051	-1
20821.6562	-1
20829.6074	-1
20837.5586	-1
20845.5195	1
20853.4824	-1
20861.4453	1
20869.4082	1
20877.3730	-1
20885.3398	-1
20893.3145	1
20901.2910	-1
20909.2676	1
20917.2441	1
20925.2207	-1
20933.1973	-1
20941.1738	-1
20949.1504	-1
20957.1270	-1
20965.1035	-1
20973.0801	-1
20981.0566	-1
20989.0332	-1
20997.0098	-1
21004.9863	-1
21012.9629	-1
21020.9414	1
21028.9199	1
21036.8984	1
21044.8770	1
21052.8555	-1
21060.8340	-1
21068.8125	-1
21076.7910	-1
21084.7695	-1
21092.7480	-1
21100.7266	-1
21108.7051	-1
21116.6836	-1
21124.6621	-1
21132.6406	-1
21140.6191	-1
21148.5977	-1
21156.5762	-1
21164.5547	-1
21172.5332	-1
21180.5117	-1
21188.4902	-1
21196.4688	-1
21204.4473	-1
21212.4258	-1
21220.4043	-1
21228.3828	-1
21236.3613	-1
21244.3398	1
21252.3184	1
21260.2988	-1
21268.2793	-1
21276.2598	-1
21284.2402	-1
21292.2207	-1
21300.2012	-1
21308.1816	-1
21316.1719	1
21324.1641	-1
21332.1562	1
21340.1484	1
21348.1426	-1
21356.1367	-1
21364.1309	-1
21372.1250	-1
21380.1191	-1
21388.1133	-1
21396.1074	-1
21404.1016	-1
21412.0957	-1
21420.0898	-1
21428.0840	-1
21436.0781	-1
21444.0723	1
21452.0664	1
21460.0605	1
21468.0547	1
21476.0488	-1
21484.0430	-1
21492.0371	-1
21500.0312	-1
21508.0254	-1
21516.0195	-1
21524.0156	1
21532.0117	1
21540.0078	-1
21548.0039	-1
21556.0000	-1
21563.9961	-1
21571.9922	-1
21579.9883	-1
21587.9844	-1
21595.9805	-1
21603.9766	-1
21611.9727	-1
21619.9688	-1
21627.9648	-1
21635.9609	-1
21643.9570	-1
21651.9531	-1
21659.9492	-1
21667.9453	-1
21675.9414	-1
21683.9375	1
21691.9336	1
21699.9297	1
21707.9258	1
21715.9219	1
21723.9180	1
21731.9160	-1
21739.9141	-1
21747.9121	-1
21755.9102	-1
21763.9082	-1
21771.9062	-1
21779.9043	-1
21787.9023	-1
21795.9004	-1
21803.8984	-1
21811.8965	-1
21819.8945	-1
21827.8926	1
21835.8906	1
21843.8887	1
21851.8867	1
21859.8867	-1
21867.8867	-1
21875.8867	-1
21883.8867	-1
21891.8867	-1
21899.8867	-1
21907.8867	-1
21915.8867	-1
21923.8867	-1
21931.8867	-1
21939.8867	-1
21947.8867	-1
21955.8867	-1
21963.8867	-1
21971.8867	-1
21979.8867	-1
21987.8867	-1
21995.8867	-1
22003.8867	-1
22011.8867	-1
22019.8867	-1
22027.8867	-1
22035.8867	-1
22043.8867	-1
22051.8867	-1
22059.8867	-1
22067.8867	-1
22075.8867	-1
22083.8867	-1
22091.8867	-1
22099.8887	-1
22107.8906	-1
22115.8926	-1
22123.8945	-1
22131.8965	-1
22139.8984	-1
22147.9004	-1
22155.9023	-1
22163.9043	-1
22171.9062	-1
22179.9082	-1
22187.9102	-1
22195.9121	-1
22203.9141	-1
22211.9160	-1
22219.9180	-1
22227.9199	-1
22235.9219	-1
22243.9238	-1
22251.9258	-1
22259.9277	-1
22267.9297	-1
22275.9316	-1
22283.9336	-1
22291.9375	-1
22299.9512	1
22307.9668	-1
22315.9824	1
22323.9980	1
22332.0137	-1
22340.0293	-1
22348.0566	1
22356.0840	-1
22364.1133	1
22372.1426	1
22380.1719	-1
22388.2012	-1
22396.2402	1
22404.2812	-1
22412.3223	1
22420.3633	1
22428.4062	-1
22436.4492	-1
22444.5020	1
22452.5566	-1
22460.6113	1
22468.6660	1
22476.7207	-1
22484.7754	-1
22492.8398	1
22500.9062	-1
22508.9727	1
22517.0391	1
22525.1074	-1
22533.1758	-1
22541.2539	1
22549.3340	-1
22557.4141	1
22565.4941	1
22573.5742	-1
22581.6543	-1
22589.7344	-1
22597.8262	1
22605.9180	-1
22614.0098	1
22622.1016	1
22630.1953	-1
22638.2891	-1
22646.3828	-1
22654.4863	1
22662.5918	-1
22670.6973	1
22678.8027	1
22686.9082	-1
22695.0137	-1
22703.1289	1
22711.2461	-1
22719.3633	1
22727.4805	1
22735.5996	-1
22743.7188	-1
22751.8379	-1
22759.9668	1
22768.0957	-1
22776.2246	1
22784.3535	1
22792.4844	-1
22800.6152	-1
22808.7461	-1
22816.8867	1
22825.0293	-1
22833.1719	1
22841.3145	1
22849.4570	-1
22857.5996	-1
22865.7520	1
22873.9062	-1
22882.0605	1
22890.2148	1
22898.3711	-1
22906.5273	-1
22914.6934	1
22922.8613	-1
22931.0293	1
22939.1973	1
22947.3652	-1
22955.5332	-1
22963.7012	-1
22971.8691	-1
22980.0371	-1
22988.2051	-1
22996.3730	-1
23004.5410	-1
23012.7090	-1
23020.8770	-1
23029.0449	-1
23037.2129	-1
23045.3828	1
23053.5527	1
23061.7227	1
23069.8926	1
23078.0625	-1
23086.2324	-1
23094.4023	-1
23102.5723	-1
23110.7422	-1
23118.9121	-1
23127.0820	-1
23135.2520	-1
23143.4219	-1
23151.5918	-1
23159.7617	-1
23167.9316	-1
23176.1016	1
23184.2715	1
23192.4414	-1
23200.6113	-1
23208.7812	-1
23216.9512	-1
23225.1211	-1
23233.2910	-1
23241.4609	-1
23249.6309	-1
23257.8008	-1
23265.9707	-1
23274.1406	-1
23282.3105	-1
23290.4824	-1
23298.6543	-1
23306.8262	-1
23314.9980	-1
23323.1699	-1
23331.3418	-1
23339.5137	-1
23347.6855	-1
23355.8574	-1
23364.0293	-1
23372.2012	-1
23380.3828	1
23388.5664	-1
23396.7500	1
23404.9336	1
23413.1172	-1
23421.3008	-1
23429.4844	-1
23437.6680	-1
23445.8516	-1
23454.0352	-1
23462.2188	-1
23470.4023	-1
23478.5859	-1
23486.7695	-1
23494.9531	-1
23503.1367	-1
23511.3223	1
23519.5078	1
23527.6934	1
23535.8789	-1
23544.0645	-1
23552.2500	-1
23560.4355	-1
23568.6211	-1
23576.8066	-1
23584.9922	-1
23593.1777	-1
23601.3633	-1
23609.5488	-1
23617.7344	-1
23625.9199	-1
23634.1055	-1
23642.3027	1
23650.5000	-1
23658.6992	1
23666.8984	1
23675.0977	-1
23683.2969	-1
23691.4961	-1
23699.6953	-1
23707.8945	-1
23716.0938	-1
23724.2930	-1
23732.4922	-1
23740.6914	-1
23748.8906	-1
23757.0898	-1
23765.2891	-1
23773.4883	1
23781.6875	1
23789.8867	1
23798.0859	1
23806.2871	-1
23814.4883	-1
23822.6895	-1
23830.8906	-1
23839.0918	-1
23847.2930	-1
23855.4941	-1
23863.6953	-1
23871.8965	-1
23880.0977	-1
23888.2988	-1
23896.5000	-1
23904.7031	1
23912.9062	1
23921.1094	1
23929.3125	-1
23937.5156	-1
23945.7188	-1
23953.9219	-1
23962.1250	-1
23970.3281	-1
23978.5312	1
23986.7344	-1
23994.9375	-1
24003.1406	-1
24011.3438	-1
24019.5469	-1
24027.7500	-1
24035.9531	1
24044.1562	1
24052.3594	1
24060.5625	1
24068.7695	-1
24076.9766	-1
24085.1836	-1
24093.3906	-1
24101.5977	-1
24109.8047	-1
24118.0117	-1
24126.2188	-1
24134.4258	-1
24142.6328	-1
24150.8398	-1
24159.0469	-1
24167.2539	-1
24175.4609	-1
24183.6680	-1
24191.8750	-1
24200.0820	-1
24208.2891	-1
24216.4961	-1
24224.7031	-1
24232.9102	-1
24241.1172	-1
24249.3242	-1
24257.5312	-1
24265.7383	-1
24273.9453	-1
24282.1523	-1
24290.3594	-1
24298.5664	-1
24306.7734	-1
24314.9805	-1
24323.1875	-1
24331.3945	-1
24339.6016	-1
24347.8086	-1
24356.0156	-1
24364.2227	1
24372.4297	1
24380.6367	-1
24388.8438	-1
24397.0508	-1
24405.2578	-1
24413.4648	-1
24421.6719	-1
24429.8789	1
24438.0859	1
24446.2930	-1
24454.5000	-1
24462.7070	-1
24470.9141	-1
24479.1211	-1
24487.3281	-1
24495.5352	1
24503.7441	1
24511.9531	1
24520.1621	1
24528.3711	1
24536.5801	1
24544.7891	1
24552.9980	1
24561.2070	1
24569.4160	1
24577.6250	1
24585.8340	1
24594.0449	-1
24602.2559	-1
24610.4668	-1
24618.6777	-1
24626.8887	-1
24635.0996	-1
24643.3105	-1
24651.5215	-1
24659.7324	-1
24667.9434	-1
24676.1543	-1
24684.3652	-1
24692.5762	-1
24700.7871	-1
24708.9980	-1
24717.2090	-1
24725.4199	-1
24733.6309	-1
24741.8418	-1
24750.0527	-1
24758.2637	-1
24766.4746	-1
24774.6855	-1
24782.8965	-1
24791.1074	-1
24799.3184	-1
24807.5293	-1
24815.7402	-1
24823.9512	-1
24832.1621	-1
24840.3750	1
24848.5879	1
24856.8008	1
24865.0137	1
24873.2266	1
24881.4395	1
24889.6523	1
24897.8652	1
24906.0781	1
24914.2910	1
24922.5059	-1
24930.7207	-1
24938.9355	-1
24947.1504	-1
24955.3652	-1
24963.5801	-1
24971.7949	1
24980.0098	1
24988.2246	-1
24996.4395	-1
25004.6543	-1
25012.8691	-1
25021.0840	-1
25029.2988	-1
25037.5156	-1
25045.7324	-1
25053.9492	-1
25062.1660	-1
25070.3828	-1
25078.5996	-1
25086.8164	-1
25095.0332	-1
25103.2500	-1
25111.4668	-1
25119.6836	-1
25127.9004	-1
25136.1172	-1
25144.3340	-1
25152.5508	-1
25160.7676	-1
25168.9844	-1
25177.2012	-1
25185.4180	-1
25193.6348	-1
25201.8516	-1
25210.0684	-1
25218.2852	-1
25226.5020	-1
25234.7188	-1
25242.9355	-1
25251.1523	-1
25259.3691	-1
25267.5859	-1
25275.8027	-1
25284.0195	-1
25292.2363	-1
25300.4531	-1
25308.6699	-1
25316.8867	-1
25325.1035	-1
25333.3203	-1
25341.5371	-1
25349.7539	-1
25357.9707	-1
25366.1875	-1
25374.4043	-1
25382.6211	-1
25390.8379	-1
25399.0547	-1
25407.2715	-1
25415.4883	-1
25423.7051	-1
25431.9219	-1
25440.1387	-1
25448.3555	-1
25456.5723	-1
25464.7891	-1
25473.0059	-1
25481.2227	1
25489.4395	1
25497.6562	1
25505.8750	1
25514.0938	1
25522.3125	1
25530.5312	1
25538.7500	1
25546.9707	-1
25555.1914	-1
25563.4121	-1
25571.6328	-1
25579.8535	-1
25588.0742	-1
25596.2949	-1
25604.5176	-1
25612.7402	-1
25620.9629	-1
25629.1855	-1
25637.4082	-1
25645.6309	-1
25653.8535	-1
25662.0762	-1
25670.2988	-1
25678.5215	-1
25686.7441	-1
25694.9668	-1
25703.1895	-1
25711.4121	-1
25719.6348	-1
25727.8574	-1
25736.0801	-1
25744.3027	-1
25752.5254	-1
25760.7480	-1
25768.9707	-1
25777.1934	-1
25785.4160	-1
25793.6387	-1
25801.8613	-1
25810.0840	-1
25818.3066	-1
25826.5293	-1
25834.7520	-1
25842.9746	-1
25851.1973	-1
25859.4199	-1
25867.6426	-1
25875.8652	-1
25884.0879	-1
25892.3105	-1
25900.5332	-1
25908.7559	-1
25916.9785	-1
25925.2012	-1
25933.4238	-1
25941.6465	-1
25949.8691	-1
25958.0918	-1
25966.3145	-1
25974.5371	-1
25982.7598	-1
25990.9824	-1
25999.2051	-1
26007.4277	-1
26015.6504	-1
26023.8730	-1
26032.0957	-1
26040.3184	-1
26048.5410	-1
26056.7637	-1
26064.9863	-1
26073.2090	-1
26081.4316	-1
26089.6543	-1
26097.8770	-1
26106.0996	-1
26114.3223	-1
26122.5449	-1
26130.7676	-1
26138.9922	-1
26147.2168	-1
26155.4414	-1
26163.6660	-1
26171.8906	-1
26180.1152	-1
26188.3398	-1
26196.5645	-1
26204.7891	-1
26213.0137	-1
26221.2383	-1
26229.4629	-1
26237.6875	-1
26245.9121	-1
26254.1367	-1
26262.3613	-1
26270.5859	-1
26278.8105	-1
26287.0371	-1
26295.2637	-1
26303.4902	-1
26311.7168	-1
26319.9434	-1
26328.1699	-1
26336.3965	-1
26344.6230	-1
26352.8496	-1
26361.0762	-1
26369.3027	-1
26377.5293	-1
26385.7559	-1
26393.9824	-1
26402.2090	-1
26410.4355	-1
26418.6621	-1
26426.8887	-1
26435.1152	-1
26443.3418	-1
26451.5684	-1
26459.7949	-1
26468.0215	-1
26476.2480	-1
26484.4746	-1
26492.7012	-1
26500.9277	-1
26509.1543	-1
26520.9902	1
26532.8262	-1
