0.0000	0
0.0496	-1
0.7784	888
0.8556	-888
1.1874	-888
1.7630	888
1.7792	888
1.7989	-888
1.8114	888
2.0177	-888
2.0424	888
2.1419	-888
2.3036	-888
2.4427	888
2.6985	888
3.2589	888
3.2981	-888
3.3054	888
3.4947	-888
3.5458	-888
3.5793	-888
3.7329	-888
3.8317	-888
3.9220	-888
3.9399	-888
4.1036	-888
4.1429	-888
4.2200	888
4.2825	-888
4.3951	-888
4.4108	888
4.4304	-1
4.5078	-888
4.5659	888
4.6322	-888
4.7435	888
4.8017	-888
4.9226	-888
5.0280	-888
5.0934	888
5.3073	888
5.4680	888
5.5980	-888
5.9214	888
6.0596	888
6.1008	-888
6.1511	-888
6.2176	-888
6.3600	888
6.3978	888
6.4289	-888
6.4910	-888
6.8407	888
6.8512	888
6.8891	-888
7.0688	-888
7.1437	888
7.2357	888
7.3736	-888
7.4009	888
7.4438	888
7.4594	-888
7.4764	-888
7.5208	888
7.5588	888
7.6173	888
7.7873	888
7.8222	888
7.9170	-888
7.9941	-888
8.0685	888
8.1851	-888
8.1938	-888
8.2183	888
8.2303	888
8.3059	-888
8.3628	-888
8.3881	888
8.4000	-888
8.4676	888
8.5045	888
8.5076	888
8.5125	-888
8.5454	-888
8.5731	-888
8.5971	-888
8.6707	888
8.8117	1
8.9003	-888
8.9084	-888
8.9814	-888
9.0985	-888
9.1355	888
9.1900	888
9.2069	888
9.2753	-888
9.2965	888
9.3131	-888
9.3881	888
9.4185	888
9.4212	-888
9.4672	-888
9.4741	888
9.6677	-888
9.8247	-888
10.0415	-888
10.0797	-888
10.4831	-888
10.5195	888
10.5499	-888
10.6266	-888
10.7050	888
10.7180	-888
10.8995	888
10.9000	-888
10.9426	-888
10.9924	888
11.0885	-888
11.7186	-888
11.7512	-888
11.9399	888
11.9833	-888
12.0609	888
12.0876	888
12.0933	-888
12.1375	-888
12.3582	888
12.3796	-888
12.4287	-888
12.4685	888
12.5072	-888
13.0253	-888
13.0273	888
13.1262	-888
13.1316	-888
13.3065	-888
13.5806	888
13.6890	888
14.4034	-888
14.4077	-888
14.7679	-888
14.7693	-888
15.0273	888
15.0369	-888
15.0928	-888
15.2570	888
15.3874	888
15.5085	-888
15.6157	888
16.0567	1
16.3059	888
16.5791	888
16.7319	-888
17.2577	-888
19.8799	888
21.9481	888
23.3034	-1
30.5506	1
37.7978	1
45.0467	-1
52.2956	-1
59.5445	-1
66.7934	-1
74.0423	-1
81.2912	-1
88.5403	-1
95.7894	-1
103.0385	-1
110.2876	-1
117.5367	-1
124.7858	-1
132.0353	1
139.2850	1
146.5347	1
153.7844	1
161.0358	-1
168.2871	-1
175.5384	-1
182.7898	-1
190.0411	-1
197.2925	-1
204.5444	1
211.7964	1
219.0487	-1
226.3009	-1
233.5532	-1
240.8055	-1
248.0578	-1
255.3101	-1
262.5629	-1
269.8158	-1
277.0686	-1
284.3214	-1
291.5743	-1
298.8271	-1
306.0801	-1
313.3331	-1
320.5862	-1
327.8392	-1
335.0922	-1
342.3452	-1
349.5983	1
356.8515	1
364.1055	1
371.3596	1
378.6137	1
385.8679	1
393.1226	-1
400.3773	-1
407.6321	-1
414.8868	-1
422.1415	-1
429.3963	-1
436.6519	1
443.9075	1
451.1633	-1
458.4191	-1
465.6749	-1
472.9307	-1
480.1865	-1
487.4423	-1
494.6988	1
501.9554	1
509.2120	-1
516.4688	-1
523.7255	-1
530.9822	-1
538.2389	-1
545.4956	-1
552.7530	-1
560.0104	-1
567.2678	-1
574.5251	-1
581.7825	-1
589.0399	-1
596.2974	1
603.5549	1
610.8133	1
618.0718	-1
625.3303	-1
632.5887	-1
639.8472	-1
647.1057	-1
654.3642	-1
661.6232	-1
668.8821	-1
676.1411	-1
683.4001	-1
690.6591	-1
697.9180	-1
705.1771	-1
712.4362	-1
719.6953	-1
726.9544	-1
734.2135	-1
741.4726	-1
748.7318	-1
755.9909	-1
763.2501	-1
770.5092	-1
777.7684	-1
785.0276	-1
792.2885	-1
799.5494	-1
806.8102	-1
814.0711	-1
821.3320	-1
828.5928	-1
835.8538	-1
843.1148	-1
850.3758	-1
857.6368	-1
864.8978	-1
872.1588	-1
879.4198	-1
886.6809	-1
893.9420	-1
901.2031	-1
908.4642	-1
915.7253	-1
922.9874	-1
930.2494	-1
937.5114	-1
944.7734	-1
952.0355	-1
959.2975	-1
966.5596	-1
973.8218	-1
981.0839	-1
988.3461	-1
995.6082	-1
1002.8704	-1
1010.1327	-1
1017.3950	-1
1024.6572	-1
1031.9196	-1
1039.1819	-1
1046.4442	-1
1053.7065	-1
1060.9689	-1
1068.2312	-1
1075.4935	-1
1082.7559	-1
1090.0299	1
1097.3055	-1
1104.5815	1
1111.8575	1
1119.1348	-1
1126.4120	-1
1133.6893	-1
1140.9667	-1
1148.2440	-1
1155.5214	-1
1162.7987	-1
1170.0760	-1
1177.3534	-1
1184.6307	-1
1191.9081	-1
1199.1854	-1
1206.4631	1
1213.7410	1
1221.0188	1
1228.2966	1
1235.5757	-1
1242.8547	-1
1250.1338	-1
1257.4128	-1
1264.6919	-1
1271.9709	-1
1279.2507	-1
1286.5305	-1
1293.8103	-1
1301.0901	-1
1308.3699	-1
1315.6497	-1
1322.9294	1
1330.2092	1
1337.4895	1
1344.7699	1
1352.0504	-1
1359.3309	-1
1366.6115	-1
1373.8920	-1
1381.1725	-1
1388.4530	-1
1395.7339	1
1403.0149	1
1410.2959	-1
1417.5769	-1
1424.8579	-1
1432.1389	-1
1439.4199	-1
1446.7009	-1
1453.9839	-1
1461.2668	-1
1468.5498	-1
1475.8328	-1
1483.1157	-1
1490.3987	-1
1497.6818	-1
1504.9648	-1
1512.2479	-1
1519.5310	-1
1526.8141	-1
1534.0972	-1
1541.3804	1
1548.6636	1
1555.9474	-1
1563.2312	-1
1570.5150	-1
1577.7988	-1
1585.0826	-1
1592.3665	-1
1599.6504	-1
1606.9343	-1
1614.2183	-1
1621.5022	-1
1628.7861	-1
1636.0701	-1
1643.3541	-1
1650.6382	-1
1657.9222	-1
1665.2063	-1
1672.4904	-1
1679.7744	-1
1687.0586	-1
1694.3428	-1
1701.6270	-1
1708.9111	-1
1716.1953	-1
1723.4795	-1
1730.7639	1
1738.0499	-1
1745.3359	-1
1752.6219	-1
1759.9080	-1
1767.1940	-1
1774.4800	-1
1781.7661	-1
1789.0522	-1
1796.3384	-1
1803.6245	-1
1810.9106	-1
1818.1968	-1
1825.4832	-1
1832.7695	-1
1840.0559	-1
1847.3538	1
1854.6531	-1
1861.9528	1
1869.2526	1
1876.5537	-1
1883.8549	-1
1891.1560	-1
1898.4572	-1
1905.7583	-1
1913.0594	-1
1920.3607	-1
1927.6620	-1
1934.9633	-1
1942.2645	-1
1949.5658	-1
1956.8671	-1
1964.1687	1
1971.4705	1
1978.7722	1
1986.0740	1
1993.3771	-1
2000.6802	-1
2007.9833	-1
2015.2864	-1
2022.5895	-1
2029.8926	-1
2037.1962	-1
2044.4998	-1
2051.8035	-1
2059.1072	-1
2066.4109	-1
2073.7146	-1
2081.0183	1
2088.3223	1
2095.6265	-1
2102.9307	-1
2110.2349	-1
2117.5393	-1
2124.8438	-1
2132.1482	-1
2139.4529	-1
2146.7576	-1
2154.0623	-1
2161.3669	-1
2168.6716	-1
2175.9763	-1
2183.2815	-1
2190.5869	-1
2197.8923	-1
2205.1978	-1
2212.5032	-1
2219.8086	-1
2227.1143	-1
2234.4199	-1
2241.7256	-1
2249.0425	1
2256.3611	-1
2263.6799	1
2270.9988	1
2278.3181	-1
2285.6384	-1
2292.9700	1
2300.3032	-1
2307.6370	1
2314.9707	1
2322.3052	-1
2329.6396	-1
2336.9741	-1
2344.3086	-1
2351.6431	-1
2358.9775	-1
2366.3120	-1
2373.6465	-1
2380.9810	-1
2388.3154	-1
2395.6499	-1
2402.9844	-1
2410.3193	1
2417.6543	1
2424.9893	1
2432.3242	1
2439.6602	-1
2446.9961	-1
2454.3320	-1
2461.6680	-1
2469.0039	-1
2476.3398	-1
2483.6758	-1
2491.0117	-1
2498.3477	-1
2505.6836	-1
2513.0195	-1
2520.3555	-1
2527.6917	-1
2535.0278	-1
2542.3640	-1
2549.7002	-1
2557.0364	-1
2564.3726	-1
2571.7087	-1
2579.0449	-1
2586.3811	-1
2593.7173	-1
2601.0535	-1
2608.3896	-1
2615.7261	1
2623.0625	1
2630.3992	1
2637.7358	1
2645.0725	1
2652.4092	1
2659.7463	1
2667.0835	1
2674.4219	-1
2681.7603	-1
2689.0986	-1
2696.4370	-1
2703.7754	-1
2711.1138	-1
2718.4521	-1
2725.7905	-1
2733.1289	-1
2740.4673	-1
2747.8057	-1
2755.1440	-1
2762.4827	-1
2769.8213	-1
2777.1599	-1
2784.4985	-1
2791.8372	-1
2799.1758	-1
2806.5144	-1
2813.8530	-1
2821.1917	-1
2828.5303	-1
2835.8689	-1
2843.2075	-1
2850.5461	1
2857.8850	1
2865.2239	-1
2872.5627	-1
2879.9016	-1
2887.2405	-1
2894.5793	-1
2901.9182	-1
2909.2571	-1
2916.5959	-1
2923.9348	-1
2931.2737	-1
2938.6125	-1
2945.9514	-1
2953.2905	-1
2960.6296	-1
2967.9688	-1
2975.3079	-1
2982.6470	-1
2989.9861	-1
2997.3252	-1
3004.6643	-1
3012.0034	-1
3019.3425	-1
3026.6816	-1
3034.0210	-1
3041.3606	1
3048.7004	1
3056.0403	1
3063.3801	1
3070.7202	-1
3078.0603	-1
3085.4004	-1
3092.7405	-1
3100.0806	-1
3107.4207	-1
3114.7607	-1
3122.1008	-1
3129.4409	-1
3136.7810	-1
3144.1211	-1
3151.4612	-1
3158.8025	-1
3166.1438	-1
3173.4851	-1
3180.8264	-1
3188.1677	-1
3195.5090	-1
3202.8506	-1
3210.1921	-1
3217.5337	-1
3224.8752	-1
3232.2168	-1
3239.5583	-1
3246.9001	-1
3254.2419	-1
3261.5837	-1
3268.9255	-1
3276.2673	-1
3283.6091	-1
3290.9509	-1
3298.2927	-1
3305.6462	1
3313.0015	-1
3320.3569	1
3327.7124	1
3335.0686	-1
3342.4248	-1
3349.7810	-1
3357.1377	-1
3364.5051	1
3371.8740	-1
3379.2434	1
3386.6128	1
3393.9829	-1
3401.3530	-1
3408.7231	-1
3416.0933	-1
3423.4639	-1
3430.8457	1
3438.2292	-1
3445.6130	1
3452.9968	1
3460.3821	-1
3467.7673	-1
3475.1526	-1
3482.5378	-1
3489.9231	-1
3497.3083	-1
3504.6936	-1
3512.0789	-1
3519.4641	-1
3526.8494	-1
3534.2346	-1
3541.6199	-1
3549.0054	1
3556.3911	1
3563.7769	1
3571.1626	1
3578.5498	-1
3585.9370	-1
3593.3242	-1
3600.7114	-1
3608.0989	-1
3615.4863	-1
3622.8740	1
3630.2617	1
3637.6497	-1
3645.0376	-1
3652.4255	-1
3659.8135	-1
3667.2014	-1
3674.5894	-1
3681.9775	-1
3689.3657	-1
3696.7539	-1
3704.1421	-1
3711.5303	-1
3718.9185	-1
3726.3066	-1
3733.6948	-1
3741.0830	-1
3748.4712	-1
3755.8594	-1
3763.2476	-1
3770.6365	1
3778.0254	1
3785.4146	1
3792.8040	1
3800.1934	1
3807.5828	1
3814.9722	-1
3822.3618	-1
3829.7515	-1
3837.1411	-1
3844.5308	-1
3851.9204	-1
3859.3105	1
3866.7007	1
3874.0911	-1
3881.4814	-1
3888.8718	-1
3896.2622	-1
3903.6526	-1
3911.0430	-1
3918.4336	1
3925.8245	1
3933.2173	-1
3940.6101	-1
3948.0029	-1
3955.3958	-1
3962.7886	-1
3970.1814	-1
3977.5750	-1
3984.9685	-1
3992.3621	-1
3999.7556	-1
4007.1492	-1
4014.5427	-1
4021.9365	-1
4029.3303	-1
4036.7241	-1
4044.1179	-1
4051.5117	-1
4058.9055	-1
4066.2993	-1
4073.6931	-1
4081.0869	-1
4088.4807	-1
4095.8745	-1
4103.2686	-1
4110.6631	-1
4118.0576	-1
4125.4521	-1
4132.8467	-1
4140.2412	-1
4147.6357	-1
4155.0303	-1
4162.4248	-1
4169.8193	-1
4177.2139	-1
4184.6084	-1
4192.0029	-1
4199.3975	-1
4206.7920	-1
4214.1865	-1
4221.5811	-1
4228.9756	-1
4236.3701	-1
4243.7651	-1
4251.1602	-1
4258.5552	-1
4265.9502	-1
4273.3452	-1
4280.7402	-1
4288.1353	-1
4295.5303	-1
4302.9253	-1
4310.3203	-1
4317.7153	-1
4325.1104	-1
4332.5054	-1
4339.9004	-1
4347.2954	-1
4354.7031	1
4362.1128	-1
4369.5225	1
4376.9326	1
4384.3438	-1
4391.7549	-1
4399.1660	-1
4406.5771	-1
4413.9883	-1
4421.3994	-1
4428.8110	-1
4436.2227	-1
4443.6343	-1
4451.0459	-1
4458.4575	-1
4465.8691	-1
4473.2808	1
4480.6924	1
4488.1040	1
4495.5161	1
4502.9297	-1
4510.3433	-1
4517.7568	-1
4525.1704	-1
4532.5840	-1
4539.9976	-1
4547.4116	1
4554.8257	1
4562.2397	-1
4569.6538	-1
4577.0679	-1
4584.4819	-1
4591.8960	-1
4599.3101	-1
4606.7246	1
4614.1392	1
4621.5537	-1
4628.9683	-1
4636.3828	-1
4643.7974	-1
4651.2119	-1
4658.6265	-1
4666.0420	-1
4673.4575	-1
4680.8730	-1
4688.2886	-1
4695.7041	-1
4703.1196	-1
4710.5361	1
4717.9526	1
4725.3701	-1
4732.7876	-1
4740.2051	-1
4747.6226	-1
4755.0400	-1
4762.4575	-1
4769.8765	-1
4777.2954	-1
4784.7144	-1
4792.1333	-1
4799.5522	-1
4806.9712	-1
4814.3901	-1
4821.8091	-1
4829.2280	-1
4836.6470	-1
4844.0659	-1
4851.4849	-1
4858.9038	-1
4866.3228	-1
4873.7417	-1
4881.1606	-1
4888.5796	-1
4895.9985	-1
4903.4175	-1
4910.8364	-1
4918.2554	-1
4925.6743	-1
4933.0933	-1
4940.5122	-1
4947.9316	-1
4955.3516	-1
4962.7715	-1
4970.2031	1
4977.6362	-1
4985.0693	1
4992.5024	1
4999.9370	-1
5007.3716	-1
5014.8062	-1
5022.2407	-1
5029.6753	-1
5037.1099	-1
5044.5444	-1
5051.9790	-1
5059.4136	-1
5066.8481	-1
5074.2827	-1
5081.7173	-1
5089.1523	1
5096.5874	1
5104.0225	1
5111.4575	1
5118.8940	-1
5126.3306	-1
5133.7671	-1
5141.2036	-1
5148.6401	-1
5156.0767	-1
5163.5137	-1
5170.9507	-1
5178.3877	-1
5185.8247	-1
5193.2617	-1
5200.6987	-1
5208.1357	-1
5215.5728	-1
5223.0098	-1
5230.4468	-1
5237.8838	-1
5245.3208	-1
5252.7578	-1
5260.1948	-1
5267.6318	-1
5275.0688	-1
5282.5059	-1
5289.9429	-1
5297.3804	1
5304.8179	1
5312.2554	1
5319.6929	1
5327.1304	1
5334.5679	1
5342.0054	1
5349.4429	1
5356.8823	-1
5364.3218	-1
5371.7612	-1
5379.2007	-1
5386.6401	-1
5394.0796	-1
5401.5200	-1
5408.9604	-1
5416.4009	-1
5423.8413	-1
5431.2817	-1
5438.7222	-1
5446.1626	-1
5453.6030	-1
5461.0435	-1
5468.4839	-1
5475.9243	-1
5483.3647	-1
5490.8057	-1
5498.2466	-1
5505.6875	-1
5513.1284	-1
5520.5693	-1
5528.0103	-1
5535.4517	-1
5542.8931	-1
5550.3345	-1
5557.7759	-1
5565.2173	-1
5572.6587	-1
5580.1006	-1
5587.5425	-1
5594.9844	-1
5602.4263	-1
5609.8682	-1
5617.3101	-1
5624.7520	-1
5632.1938	-1
5639.6357	-1
5647.0776	-1
5654.5195	-1
5661.9614	-1
5669.4033	-1
5676.8564	1
5684.3110	-1
5691.7656	1
5699.2202	1
5706.6763	-1
5714.1323	-1
5721.5884	-1
5729.0444	-1
5736.5005	-1
5743.9565	-1
5751.4126	-1
5758.8794	1
5766.3472	-1
5773.8154	1
5781.2837	1
5788.7529	-1
5796.2222	-1
5803.6914	-1
5811.1714	1
5818.6523	-1
5826.1338	1
5833.6152	1
5841.0972	-1
5848.5791	-1
5856.0610	-1
5863.5435	-1
5871.0352	1
5878.5283	-1
5886.0220	1
5893.5156	1
5901.0103	-1
5908.5049	-1
5915.9995	-1
5923.5044	1
5931.0103	-1
5938.5161	1
5946.0225	1
5953.5293	-1
5961.0366	-1
5968.5532	1
5976.0713	-1
5983.5894	1
5991.1079	1
5998.6270	-1
6006.1460	-1
6013.6753	1
6021.2056	-1
6028.7363	1
6036.2671	1
6043.7983	-1
6051.3296	-1
6058.8608	-1
6066.3926	-1
6073.9336	1
6081.4761	-1
6089.0186	1
6096.5610	1
6104.1045	-1
6111.6479	-1
6119.1914	-1
6126.7354	-1
6134.2886	1
6141.8428	-1
6149.3975	1
6156.9521	1
6164.5078	-1
6172.0635	-1
6179.6191	-1
6187.1841	1
6194.7505	-1
6202.3169	1
6209.8833	1
6217.4512	-1
6225.0190	-1
6232.5869	-1
6240.1548	-1
6247.7227	-1
6255.2905	-1
6262.8584	-1
6270.4263	-1
6277.9941	-1
6285.5620	-1
6293.1299	-1
6300.6978	-1
6308.2661	1
6315.8345	1
6323.4038	-1
6330.9731	-1
6338.5425	-1
6346.1118	-1
6353.6812	-1
6361.2505	-1
6368.8198	-1
6376.3994	1
6383.9805	-1
6391.5615	1
6399.1426	1
6406.7241	-1
6414.3066	-1
6421.8984	1
6429.4917	-1
6437.0854	1
6444.6792	1
6452.2739	-1
6459.8687	-1
6467.4634	-1
6475.0684	1
6482.6743	-1
6490.2808	1
6497.8872	1
6505.4946	-1
6513.1021	-1
6520.7095	-1
6528.3169	-1
6535.9243	-1
6543.5317	-1
6551.1392	-1
6558.7466	-1
6566.3540	-1
6573.9717	1
6581.5903	-1
6589.2095	1
6596.8286	1
6604.4487	-1
6612.0688	-1
6619.6890	-1
6627.3091	-1
6634.9292	-1
6642.5493	-1
6650.1699	-1
6657.7905	-1
6665.4111	-1
6673.0317	-1
6680.6523	-1
6688.2729	-1
6695.8936	1
6703.5142	1
6711.1348	1
6718.7554	1
6726.3774	-1
6733.9995	-1
6741.6216	-1
6749.2437	-1
6756.8657	-1
6764.4878	-1
6772.1104	1
6779.7329	1
6787.3555	-1
6794.9780	-1
6802.6006	-1
6810.2231	-1
6817.8457	-1
6825.4683	-1
6833.0908	-1
6840.7134	-1
6848.3359	-1
6855.9585	-1
6863.5811	-1
6871.2036	-1
6878.8267	-1
6886.4497	-1
6894.0728	-1
6901.6958	-1
6909.3188	-1
6916.9419	-1
6924.5654	1
6932.1890	1
6939.8125	1
6947.4370	-1
6955.0615	-1
6962.6860	-1
6970.3105	-1
6977.9351	-1
6985.5596	-1
6993.1846	-1
7000.8096	-1
7008.4346	-1
7016.0596	-1
7023.6846	-1
7031.3096	-1
7038.9351	-1
7046.5605	-1
7054.1860	-1
7061.8115	-1
7069.4370	-1
7077.0625	-1
7084.6890	-1
7092.3154	-1
7099.9419	-1
7107.5684	-1
7115.1948	-1
7122.8213	-1
7130.4478	-1
7138.0742	-1
7145.7007	-1
7153.3271	-1
7160.9536	-1
7168.5801	-1
7176.2168	1
7183.8550	-1
7191.4932	1
7199.1313	1
7206.7710	-1
7214.4106	-1
7222.0503	-1
7229.6899	-1
7237.3296	-1
7244.9692	-1
7252.6089	-1
7260.2485	-1
7267.8882	-1
7275.5278	-1
7283.1675	-1
7290.8071	-1
7298.4473	1
7306.0874	1
7313.7275	1
7321.3677	1
7329.0093	-1
7336.6509	-1
7344.2925	-1
7351.9341	-1
7359.5757	-1
7367.2173	-1
7374.8589	-1
7382.5005	-1
7390.1421	-1
7397.7837	-1
7405.4253	-1
7413.0669	-1
7420.7090	1
7428.3511	1
7435.9937	-1
7443.6362	-1
7451.2788	-1
7458.9214	-1
7466.5640	-1
7474.2065	-1
7481.8491	-1
7489.4917	-1
7497.1343	-1
7504.7769	-1
7512.4194	-1
7520.0620	-1
7527.7056	-1
7535.3491	-1
7542.9927	-1
7550.6362	-1
7558.2798	-1
7565.9233	-1
7573.5669	-1
7581.2104	-1
7588.8643	1
7596.5190	-1
7604.1743	1
7611.8296	1
7619.4858	-1
7627.1421	-1
7634.7983	-1
7642.4546	-1
7650.1108	-1
7657.7671	-1
7665.4233	-1
7673.0796	-1
7680.7358	-1
7688.3921	-1
7696.0483	-1
7703.7046	-1
7711.3613	1
7719.0181	1
7726.6748	1
7734.3315	1
7741.9897	-1
7749.6479	-1
7757.3062	-1
7764.9644	-1
7772.6226	-1
7780.2808	-1
7787.9390	-1
7795.5972	-1
7803.2554	-1
7810.9136	-1
7818.5718	-1
7826.2300	-1
7833.8887	-1
7841.5474	-1
7849.2061	-1
7856.8647	-1
7864.5234	-1
7872.1821	-1
7879.8413	1
7887.5005	1
7895.1597	1
7902.8188	1
7910.4780	-1
7918.1372	-1
7925.7964	-1
7933.4556	-1
7941.1147	-1
7948.7739	-1
7956.4336	1
7964.0938	1
7971.7539	1
7979.4141	1
7987.0752	-1
7994.7363	-1
8002.3975	-1
8010.0586	-1
8017.7197	-1
8025.3809	-1
8033.0425	1
8040.7046	-1
8048.3667	-1
8056.0288	-1
8063.6909	-1
8071.3530	-1
8079.0151	-1
8086.6772	-1
8094.3394	-1
8102.0015	-1
8109.6636	-1
8117.3257	-1
8124.9878	-1
8132.6499	-1
8140.3120	-1
8147.9741	-1
8155.6362	-1
8163.2983	-1
8170.9604	-1
8178.6245	-1
8186.2886	-1
8193.9531	-1
8201.6172	-1
8209.2812	-1
8216.9453	-1
8224.6094	-1
8232.2734	-1
8239.9375	-1
8247.6016	-1
8255.2656	-1
8262.9297	-1
8270.5947	-1
8278.2598	-1
8285.9248	-1
8293.5898	-1
8301.2549	-1
8308.9199	-1
8316.5850	-1
8324.2500	-1
8331.9150	-1
8339.5801	-1
8347.2451	-1
8354.9102	-1
8362.5752	-1
8370.2402	-1
8377.9053	-1
8385.5703	-1
8393.2354	-1
8400.9102	1
8408.5859	-1
8416.2627	1
8423.9395	1
8431.6172	-1
8439.2949	-1
8446.9727	-1
8454.6504	-1
8462.3281	-1
8470.0059	-1
8477.6836	-1
8485.3613	-1
8493.0391	-1
8500.7168	-1
8508.3945	-1
8516.0723	-1
8523.7500	1
8531.4277	1
8539.1055	1
8546.7832	1
8554.4629	-1
8562.1426	-1
8569.8223	-1
8577.5020	-1
8585.1816	-1
8592.8613	-1
8600.5410	-1
8608.2207	-1
8615.9004	-1
8623.5801	-1
8631.2598	-1
8638.9395	-1
8646.6191	-1
8654.2988	-1
8661.9785	-1
8669.6582	-1
8677.3379	-1
8685.0176	-1
8692.6973	-1
8700.3770	-1
8708.0566	-1
8715.7363	-1
8723.4160	-1
8731.0957	-1
8738.7754	1
8746.4551	1
8754.1357	1
8761.8164	1
8769.4971	1
8777.1777	1
8784.8584	1
8792.5391	1
8800.2217	-1
8807.9043	-1
8815.5869	-1
8823.2695	-1
8830.9521	-1
8838.6348	-1
8846.3174	-1
8854.0000	-1
8861.6826	-1
8869.3652	-1
8877.0479	-1
8884.7305	-1
8892.4141	-1
8900.0977	-1
8907.7812	-1
8915.4648	-1
8923.1484	-1
8930.8320	-1
8938.5156	-1
8946.1992	-1
8953.8828	-1
8961.5664	-1
8969.2500	-1
8976.9336	-1
8984.6182	1
8992.3027	1
8999.9873	-1
9007.6719	-1
9015.3564	-1
9023.0410	-1
9030.7256	-1
9038.4102	-1
9046.0947	-1
9053.7793	-1
9061.4639	-1
9069.1484	-1
9076.8330	-1
9084.5176	-1
9092.2021	-1
9099.8867	-1
9107.5713	-1
9115.2559	-1
9122.9404	-1
9130.6250	-1
9138.3096	-1
9145.9941	-1
9153.6787	-1
9161.3633	-1
9169.0479	-1
9176.7324	-1
9184.4189	-1
9192.1055	-1
9199.7920	-1
9207.4785	-1
9215.1650	-1
9222.8516	-1
9230.5381	-1
9238.2246	-1
9245.9219	1
9253.6201	-1
9261.3184	1
9269.0166	1
9276.7168	-1
9284.4170	-1
9292.1172	-1
9299.8174	-1
9307.5176	-1
9315.2178	-1
9322.9180	-1
9330.6182	-1
9338.3184	-1
9346.0186	-1
9353.7188	-1
9361.4189	-1
9369.1191	1
9376.8203	-1
9384.5215	-1
9392.2227	-1
9399.9238	-1
9407.6348	1
9415.3477	-1
9423.0605	1
9430.7734	1
9438.4873	-1
9446.2012	-1
9453.9150	-1
9461.6289	-1
9469.3428	-1
9477.0566	-1
9484.7705	-1
9492.4844	-1
9500.1982	-1
9507.9121	-1
9515.6260	-1
9523.3398	-1
9531.0547	1
9538.7695	1
9546.4854	-1
9554.2012	-1
9561.9170	-1
9569.6328	-1
9577.3486	-1
9585.0645	-1
9592.7803	-1
9600.4961	-1
9608.2217	1
9615.9482	-1
9623.6758	1
9631.4033	1
9639.1309	-1
9646.8584	-1
9654.5859	-1
9662.3135	-1
9670.0410	-1
9677.7686	-1
9685.4961	-1
9693.2236	-1
9700.9512	-1
9708.6787	-1
9716.4062	-1
9724.1338	-1
9731.8623	1
9739.5908	1
9747.3193	1
9755.0479	1
9762.7773	-1
9770.5068	-1
9778.2363	-1
9785.9658	-1
9793.6953	-1
9801.4248	-1
9809.1543	-1
9816.8838	-1
9824.6133	-1
9832.3428	-1
9840.0723	-1
9847.8018	-1
9855.5312	-1
9863.2607	-1
9870.9902	-1
9878.7197	-1
9886.4492	-1
9894.1787	-1
9901.9082	1
9909.6387	1
9917.3691	-1
9925.0996	-1
9932.8301	-1
9940.5605	-1
9948.2910	-1
9956.0215	-1
9963.7520	1
9971.4824	1
9979.2129	1
9986.9434	1
9994.6738	1
10002.4043	1
10010.1348	-1
10017.8652	-1
10025.5957	-1
10033.3262	-1
10041.0566	-1
10048.7871	-1
10056.5186	1
10064.2500	1
10071.9824	-1
10079.7148	-1
10087.4473	-1
10095.1797	-1
10102.9121	-1
10110.6445	-1
10118.3770	-1
10126.1094	-1
10133.8418	-1
10141.5742	-1
10149.3066	-1
10157.0391	-1
10164.7715	-1
10172.5039	-1
10180.2363	-1
10187.9688	-1
10195.7012	-1
10203.4336	-1
10211.1660	-1
10218.8984	-1
10226.6309	-1
10234.3633	-1
10242.0957	-1
10249.8281	-1
10257.5605	-1
10265.2930	-1
10273.0254	-1
10280.7578	-1
10288.4902	-1
10296.2227	-1
10303.9551	-1
10311.6875	-1
10319.4199	-1
10327.1523	-1
10334.8848	-1
10342.6172	-1
10350.3496	-1
10358.0830	-1
10365.8164	-1
10373.5498	-1
10381.2832	-1
10389.0166	-1
10396.7500	-1
10404.4834	-1
10412.2168	-1
10419.9502	-1
10427.6836	-1
10435.4170	-1
10443.1504	-1
10450.8838	-1
10458.6172	-1
10466.3506	-1
10474.0840	-1
10481.8174	-1
10489.5508	1
10497.2842	1
10505.0176	1
10512.7510	1
10520.4844	1
10528.2188	1
10535.9531	1
10543.6875	1
10551.4219	1
10559.1562	1
10566.8906	1
10574.6250	1
10582.3594	1
10590.0938	1
10597.8281	1
10605.5635	-1
10613.2988	-1
10621.0342	-1
10628.7695	-1
10636.5049	-1
10644.2402	-1
10651.9775	-1
10659.7148	-1
10667.4521	-1
10675.1895	-1
10682.9268	-1
10690.6641	-1
10698.4014	-1
10706.1387	-1
10713.8760	-1
10721.6133	-1
10729.3506	-1
10737.0879	-1
10744.8252	-1
10752.5625	-1
10760.2998	-1
10768.0371	-1
10775.7744	-1
10783.5117	-1
10791.2490	-1
10798.9863	-1
10806.7236	-1
10814.4609	-1
10822.1982	-1
10829.9355	-1
10837.6729	-1
10845.4102	-1
10853.1475	-1
10860.8848	-1
10868.6221	-1
10876.3594	-1
10884.0977	-1
10891.8359	-1
10899.5742	-1
10907.3125	-1
10915.0508	-1
10922.7891	-1
10930.5273	-1
10938.2656	-1
10946.0039	-1
10953.7422	-1
10961.4805	-1
10969.2188	-1
10976.9570	-1
10984.6953	-1
10992.4336	-1
11000.1719	-1
11007.9102	-1
11015.6484	-1
11023.3867	-1
11031.1250	-1
11038.8633	-1
11046.6016	-1
11054.3398	-1
11062.0781	-1
11069.8164	-1
11077.5547	-1
11085.2930	-1
11093.0312	-1
11100.7695	-1
11108.5078	-1
11116.2461	-1
11123.9844	-1
11131.7227	-1
11139.4609	-1
11147.1992	-1
11154.9375	-1
11162.6758	-1
11170.4141	-1
11178.1523	-1
11185.8906	-1
11193.6289	-1
11201.3672	-1
11209.1055	-1
11216.8438	-1
11224.5820	-1
11232.3203	-1
11240.0586	-1
11247.7969	-1
11255.5361	-1
11263.2754	-1
11271.0146	-1
11278.7539	-1
11286.4932	-1
11294.2324	-1
11301.9824	1
11309.7334	-1
11317.4844	1
11325.2354	1
11332.9873	-1
11340.7393	-1
11348.4912	-1
11356.2432	-1
11363.9951	-1
11371.7471	-1
11379.4990	-1
11387.2510	-1
11395.0029	-1
11402.7549	-1
11410.5068	-1
11418.2588	-1
11426.0117	1
11433.7646	1
11441.5176	1
11449.2705	1
11457.0244	-1
11464.7783	-1
11472.5322	-1
11480.2861	-1
11488.0400	-1
11495.7939	-1
11503.5488	-1
11511.3037	-1
11519.0586	-1
11526.8135	-1
11534.5684	-1
11542.3232	-1
11550.0781	-1
11557.8330	-1
11565.5879	-1
11573.3428	-1
11581.0977	-1
11588.8525	-1
11596.6074	-1
11604.3623	-1
11612.1172	-1
11619.8721	-1
11627.6270	-1
11635.3818	-1
11643.1367	1
11650.8916	1
11658.6465	1
11666.4014	1
11674.1562	1
11681.9111	1
11689.6660	1
11697.4209	1
11705.1787	-1
11712.9365	-1
11720.6943	-1
11728.4521	-1
11736.2100	-1
11743.9678	-1
11751.7256	-1
11759.4834	-1
11767.2412	-1
11774.9990	-1
11782.7568	-1
11790.5146	-1
11798.2725	1
11806.0303	1
11813.7891	-1
11821.5479	-1
11829.3066	-1
11837.0654	-1
11844.8242	-1
11852.5830	-1
11860.3418	-1
11868.1006	-1
11875.8594	-1
11883.6182	-1
11891.3770	-1
11899.1357	-1
11906.8945	-1
11914.6533	-1
11922.4121	-1
11930.1709	-1
11937.9297	-1
11945.6885	-1
11953.4473	-1
11961.2061	-1
11968.9648	-1
11976.7236	-1
11984.4824	-1
11992.2412	-1
12000.0000	-1
12007.7588	-1
12015.5176	-1
12023.2764	-1
12031.0352	-1
12038.7939	-1
12046.5527	-1
12054.3115	-1
12062.0703	-1
12069.8291	-1
12077.5879	-1
12085.3467	-1
12093.1064	-1
12100.8662	-1
12108.6260	-1
12116.3857	-1
12124.1455	-1
12131.9053	-1
12139.6660	-1
12147.4268	-1
12155.1875	-1
12162.9580	1
12170.7305	-1
12178.5029	1
12186.2754	1
12194.0488	-1
12201.8223	-1
12209.5957	-1
12217.3691	-1
12225.1426	-1
12232.9160	-1
12240.6895	-1
12248.4629	-1
12256.2471	1
12264.0322	-1
12271.8184	1
12279.6045	1
12287.3916	-1
12295.1787	-1
12302.9658	-1
12310.7529	-1
12318.5400	-1
12326.3271	-1
12334.1143	-1
12341.9014	-1
12349.6885	-1
12357.4756	-1
12365.2627	-1
12373.0498	-1
12380.8369	1
12388.6240	1
12396.4111	1
12404.1982	1
12411.9873	-1
12419.7764	-1
12427.5654	-1
12435.3545	-1
12443.1436	-1
12450.9326	-1
12458.7217	1
12466.5107	1
12474.3008	-1
12482.0908	-1
12489.8809	-1
12497.6709	-1
12505.4609	-1
12513.2510	-1
12521.0410	-1
12528.8311	-1
12536.6211	-1
12544.4111	-1
12552.2012	-1
12559.9912	-1
12567.7812	-1
12575.5713	-1
12583.3613	-1
12591.1514	-1
12598.9414	-1
12606.7314	-1
12614.5225	1
12622.3135	1
12630.1045	1
12637.8955	1
12645.6865	1
12653.4775	1
12661.2695	-1
12669.0615	-1
12676.8535	-1
12684.6455	-1
12692.4375	-1
12700.2295	-1
12708.0215	-1
12715.8135	-1
12723.6055	-1
12731.3975	-1
12739.1895	-1
12746.9814	-1
12754.7734	1
12762.5654	1
12770.3584	1
12778.1514	1
12785.9463	-1
12793.7412	-1
12801.5361	-1
12809.3311	-1
12817.1260	-1
12824.9209	-1
12832.7158	-1
12840.5107	-1
12848.3057	-1
12856.1006	-1
12863.8955	-1
12871.6904	-1
12879.4854	-1
12887.2803	-1
12895.0752	-1
12902.8701	-1
12910.6650	-1
12918.4600	-1
12926.2559	-1
12934.0518	-1
12941.8477	-1
12949.6436	-1
12957.4395	-1
12965.2354	-1
12973.0312	-1
12980.8271	-1
12988.6230	-1
12996.4189	-1
13004.2148	-1
13012.0107	-1
13019.8086	1
13027.6064	1
13035.4043	1
13043.2021	1
13051.0000	1
13058.7979	-1
13066.5957	-1
13074.3936	-1
13082.1914	-1
13089.9893	-1
13097.7871	-1
13105.5850	-1
13113.3828	-1
13121.1807	-1
13128.9785	-1
13136.7764	-1
13144.5742	-1
13152.3730	-1
13160.1719	-1
13167.9707	-1
13175.7695	-1
13183.5684	-1
13191.3672	-1
13199.1660	-1
13206.9648	-1
13214.7637	-1
13222.5625	-1
13230.3613	-1
13238.1602	-1
13245.9600	-1
13253.7598	-1
13261.5596	-1
13269.3594	-1
13277.1592	-1
13284.9590	-1
13292.7598	-1
13300.5605	-1
13308.3613	-1
13316.1621	-1
13323.9629	-1
13331.7637	-1
13339.5654	-1
13347.3672	-1
13355.1689	-1
13362.9707	-1
13370.7725	-1
13378.5742	-1
13386.3760	-1
13394.1777	-1
13401.9795	-1
13409.7812	-1
13417.5830	-1
13425.3848	-1
13433.1875	-1
13440.9902	-1
13448.7930	-1
13456.5957	-1
13464.3984	-1
13472.2012	-1
13480.0039	-1
13487.8066	-1
13495.6094	-1
13503.4219	1
13511.2354	-1
13519.0498	1
13526.8643	1
13534.6797	-1
13542.4951	-1
13550.3105	-1
13558.1260	-1
13565.9414	-1
13573.7568	-1
13581.5723	-1
13589.3877	-1
13597.2031	-1
13605.0186	-1
13612.8340	-1
13620.6494	-1
13628.4658	1
13636.2822	1
13644.0996	-1
13651.9170	-1
13659.7344	-1
13667.5518	-1
13675.3691	-1
13683.1865	-1
13691.0039	-1
13698.8213	-1
13706.6484	1
13714.4775	-1
13722.3066	1
13730.1357	1
13737.9668	-1
13745.7979	-1
13753.6289	-1
13761.4600	-1
13769.2910	-1
13777.1221	-1
13784.9531	-1
13792.7842	-1
13800.6152	-1
13808.4463	-1
13816.2773	-1
13824.1084	-1
13831.9395	1
13839.7705	1
13847.6035	-1
13855.4365	-1
13863.2695	-1
13871.1025	-1
13878.9355	-1
13886.7686	-1
13894.6016	-1
13902.4346	-1
13910.2676	-1
13918.1113	1
13925.9561	-1
13933.8018	1
13941.6475	1
13949.4941	-1
13957.3408	-1
13965.1875	-1
13973.0342	-1
13980.8809	-1
13988.7275	-1
13996.5742	-1
14004.4209	-1
14012.2676	-1
14020.1143	-1
14027.9609	-1
14035.8076	-1
14043.6543	1
14051.5010	1
14059.3486	1
14067.1963	1
14075.0449	-1
14082.8936	-1
14090.7422	-1
14098.5908	-1
14106.4395	-1
14114.2881	-1
14122.1377	-1
14129.9873	-1
14137.8369	-1
14145.6865	-1
14153.5361	-1
14161.3857	-1
14169.2354	-1
14177.0850	-1
14184.9346	-1
14192.7842	-1
14200.6338	-1
14208.4834	-1
14216.3330	-1
14224.1826	-1
14232.0322	-1
14239.8818	-1
14247.7314	-1
14255.5811	-1
14263.4307	1
14271.2803	1
14279.1299	1
14286.9795	1
14294.8291	1
14302.6787	1
14310.5293	1
14318.3799	1
14326.2334	-1
14334.0869	-1
14341.9404	-1
14349.7939	-1
14357.6475	-1
14365.5010	-1
14373.3545	-1
14381.2080	-1
14389.0615	-1
14396.9150	-1
14404.7686	-1
14412.6221	-1
14420.4756	-1
14428.3291	-1
14436.1826	-1
14444.0361	-1
14451.8896	-1
14459.7432	-1
14467.5967	-1
14475.4502	-1
14483.3037	-1
14491.1572	-1
14499.0107	-1
14506.8643	-1
14514.7188	1
14522.5732	1
14530.4277	1
14538.2822	1
14546.1367	1
14553.9912	1
14561.8457	1
14569.7002	1
14577.5547	-1
14585.4092	-1
14593.2637	-1
14601.1182	-1
14608.9727	-1
14616.8271	-1
14624.6816	-1
14632.5361	-1
14640.3906	-1
14648.2451	-1
14656.1006	-1
14663.9561	-1
14671.8115	-1
14679.6670	-1
14687.5225	-1
14695.3779	-1
14703.2334	-1
14711.0889	-1
14718.9443	-1
14726.7998	-1
14734.6553	-1
14742.5107	-1
14750.3662	-1
14758.2217	-1
14766.0791	1
14773.9365	1
14781.7939	1
14789.6514	1
14797.5098	1
14805.3682	1
14813.2266	1
14821.0850	1
14828.9463	-1
14836.8076	-1
14844.6689	-1
14852.5303	-1
14860.3916	-1
14868.2529	-1
14876.1143	-1
14883.9756	-1
14891.8369	-1
14899.6982	-1
14907.5596	-1
14915.4209	-1
14923.2822	-1
14931.1436	-1
14939.0049	-1
14946.8662	-1
14954.7275	-1
14962.5889	-1
14970.4502	-1
14978.3115	-1
14986.1729	-1
14994.0342	-1
15001.8955	-1
15009.7568	-1
15017.6182	-1
15025.4795	-1
15033.3408	-1
15041.2021	-1
15049.0635	-1
15056.9248	-1
15064.7861	-1
15072.6475	-1
15080.5088	-1
15088.3701	-1
15096.2314	-1
15104.0928	-1
15111.9541	-1
15119.8154	-1
15127.6768	-1
15135.5381	-1
15143.3994	-1
15151.2607	-1
15159.1230	-1
15166.9854	-1
15174.8477	-1
15182.7100	-1
15190.5723	-1
15198.4346	-1
15206.2979	1
15214.1611	1
15222.0244	1
15229.8887	1
15237.7529	-1
15245.6172	-1
15253.4814	-1
15261.3457	-1
15269.2100	1
15277.0742	-1
15284.9385	-1
15292.8027	1
15300.6670	1
15308.5312	-1
15316.3955	-1
15324.2598	-1
15332.1240	-1
15339.9883	-1
15347.8525	-1
15355.7168	-1
15363.5811	-1
15371.4453	-1
15379.3096	-1
15387.1738	-1
15395.0381	-1
15402.9023	-1
15410.7666	-1
15418.6309	-1
15426.4951	-1
15434.3594	-1
15442.2236	-1
15450.0879	-1
15457.9521	-1
15465.8164	-1
15473.6807	-1
15481.5449	-1
15489.4092	-1
15497.2744	-1
15505.1396	-1
15513.0049	-1
15520.8701	-1
15528.7354	-1
15536.6006	-1
15544.4658	-1
15552.3311	-1
15560.1963	-1
15568.0615	-1
15575.9268	-1
15583.7920	-1
15591.6572	-1
15599.5225	-1
15607.3877	-1
15615.2529	-1
15623.1182	-1
15630.9834	-1
15638.8506	-1
15646.7178	-1
15654.5850	-1
15662.4521	-1
15670.3193	-1
15678.1865	-1
15686.0537	-1
15693.9209	-1
15701.7881	-1
15709.6553	-1
15717.5225	-1
15725.3896	-1
15733.2578	-1
15741.1260	-1
15748.9941	-1
15756.8623	-1
15764.7305	-1
15772.5986	-1
15780.4668	-1
15788.3350	-1
15796.2031	-1
15804.0713	-1
15811.9395	-1
15819.8076	-1
15827.6768	-1
15835.5459	-1
15843.4150	-1
15851.2842	-1
15859.1533	-1
15867.0225	-1
15874.8916	-1
15882.7607	-1
15890.6299	-1
15898.4990	-1
15906.3682	-1
15914.2373	-1
15922.1064	-1
15929.9863	1
15937.8672	-1
15945.7490	1
15953.6309	1
15961.5137	-1
15969.3965	-1
15977.2793	-1
15985.1621	-1
15993.0449	-1
16000.9277	-1
16008.8105	-1
16016.6934	-1
16024.5762	-1
16032.4590	-1
16040.3418	-1
16048.2246	-1
16056.1182	1
16064.0127	-1
16071.9082	1
16079.8037	1
16087.7002	-1
16095.5967	-1
16103.4932	-1
16111.3896	-1
16119.2861	-1
16127.1826	-1
16135.0791	-1
16142.9756	-1
16150.8721	-1
16158.7686	-1
16166.6650	-1
16174.5615	-1
16182.4590	1
16190.3564	1
16198.2539	1
16206.1514	1
16214.0498	-1
16221.9482	-1
16229.8467	-1
16237.7451	-1
16245.6436	-1
16253.5420	-1
16261.4414	-1
16269.3408	-1
16277.2402	-1
16285.1396	-1
16293.0391	-1
16300.9385	-1
16308.8379	-1
16316.7373	-1
16324.6367	-1
16332.5361	-1
16340.4355	-1
16348.3350	-1
16356.2344	-1
16364.1338	-1
16372.0332	-1
16379.9326	-1
16387.8320	-1
16395.7305	-1
16403.6289	1
16411.5293	1
16419.4297	1
16427.3301	1
16435.2305	1
16443.1309	1
16451.0312	1
16458.9316	1
16466.8320	-1
16474.7324	-1
16482.6328	-1
16490.5332	-1
16498.4336	-1
16506.3340	-1
16514.2363	-1
16522.1387	-1
16530.0410	-1
16537.9434	-1
16545.8457	-1
16553.7480	-1
16561.6504	-1
16569.5527	-1
16577.4551	-1
16585.3574	-1
16593.2598	-1
16601.1621	-1
16609.0645	1
16616.9668	-1
16624.8691	-1
16632.7715	-1
16640.6738	-1
16648.5762	-1
16656.4785	-1
16664.3809	1
16672.2852	-1
16680.1895	-1
16688.0938	-1
16695.9980	-1
16703.9023	-1
16711.8066	-1
16719.7109	-1
16727.6152	-1
16735.5195	-1
16743.4238	-1
16751.3281	-1
16759.2324	-1
16767.1367	1
16775.0410	1
16782.9453	1
16790.8496	1
16798.7539	1
16806.6582	1
16814.5625	1
16822.4668	1
16830.3711	1
16838.2754	1
16846.1797	-1
16854.0840	-1
16861.9883	-1
16869.8926	-1
16877.7969	-1
16885.7012	-1
16893.6055	-1
16901.5098	-1
16909.4141	-1
16917.3184	-1
16925.2227	-1
16933.1270	-1
16941.0332	1
16948.9395	1
16956.8457	1
16964.7520	1
16972.6602	-1
16980.5684	-1
16988.4766	-1
16996.3848	-1
17004.2930	-1
17012.2012	-1
17020.1094	1
17028.0176	1
17035.9258	-1
17043.8340	-1
17051.7422	-1
17059.6504	-1
17067.5586	-1
17075.4668	-1
17083.3750	1
17091.2832	1
17099.1934	-1
17107.1035	-1
17115.0137	-1
17122.9238	-1
17130.8340	-1
17138.7441	-1
17146.6543	-1
17154.5645	-1
17162.4746	-1
17170.3848	-1
17178.2949	-1
17186.2051	-1
17194.1152	-1
17202.0254	-1
17209.9355	-1
17217.8457	-1
17225.7559	-1
17233.6660	-1
17241.5762	-1
17249.4863	-1
17257.3965	-1
17265.3066	-1
17273.2168	-1
17281.1270	-1
17289.0371	-1
17296.9473	-1
17304.8574	-1
17312.7676	-1
17320.6777	-1
17328.5879	-1
17336.4980	-1
17344.4082	-1
17352.3184	-1
17360.2285	-1
17368.1387	-1
17376.0488	-1
17383.9590	-1
17391.8691	-1
17399.7793	-1
17407.6895	-1
17415.5996	-1
17423.5098	-1
17431.4219	1
17439.3340	1
17447.2461	1
17455.1582	1
17463.0703	1
17470.9824	1
17478.8945	1
17486.8066	1
17494.7188	1
17502.6309	1
17510.5430	1
17518.4551	1
17526.3672	1
17534.2793	1
17542.1934	-1
17550.1074	-1
17558.0215	-1
17565.9355	-1
17573.8496	-1
17581.7637	-1
17589.6777	-1
17597.5918	-1
17605.5059	-1
17613.4199	-1
17621.3340	-1
17629.2480	-1
17637.1621	-1
17645.0762	-1
17652.9902	-1
17660.9043	-1
17668.8184	-1
17676.7324	-1
17684.6465	-1
17692.5605	-1
17700.4746	-1
17708.3887	-1
17716.3027	-1
17724.2168	-1
17732.1309	-1
17740.0449	-1
17747.9590	-1
17755.8730	-1
17763.7871	-1
17771.7012	-1
17779.6152	1
17787.5293	1
17795.4434	1
17803.3574	1
17811.2734	1
17819.1895	1
17827.1055	1
17835.0215	1
17842.9375	1
17850.8535	1
17858.7715	-1
17866.6895	-1
17874.6074	-1
17882.5254	-1
17890.4434	-1
17898.3613	-1
17906.2793	-1
17914.1973	-1
17922.1152	-1
17930.0332	-1
17937.9512	-1
17945.8691	-1
17953.7871	-1
17961.7051	-1
17969.6230	-1
17977.5410	-1
17985.4590	-1
17993.3770	-1
18001.2949	-1
18009.2129	-1
18017.1309	-1
18025.0488	-1
18032.9668	-1
18040.8848	-1
18048.8027	-1
18056.7207	-1
18064.6387	-1
18072.5566	-1
18080.4746	-1
18088.3926	-1
18096.3105	-1
18104.2285	-1
18112.1465	-1
18120.0645	-1
18127.9824	-1
18135.9004	-1
18143.8203	1
18151.7402	-1
18159.6602	-1
18167.5801	-1
18175.5000	-1
18183.4199	-1
18191.3398	-1
18199.2598	-1
18207.1797	-1
18215.0996	-1
18223.0195	-1
18230.9395	-1
18238.8594	-1
18246.7812	-1
18254.7031	-1
18262.6250	-1
18270.5469	-1
18278.4688	-1
18286.3906	-1
18294.3125	-1
18302.2344	-1
18310.1562	-1
18318.0781	-1
18326.0000	-1
18333.9219	-1
18341.8438	-1
18349.7656	-1
18357.6875	-1
18365.6094	-1
18373.5312	-1
18381.4531	-1
18389.3750	-1
18397.2969	-1
18405.2188	-1
18413.1406	-1
18421.0625	-1
18428.9844	-1
18436.9082	-1
18444.8320	-1
18452.7559	-1
18460.6797	-1
18468.6035	-1
18476.5273	-1
18484.4512	-1
18492.3750	-1
18500.2988	-1
18508.2227	-1
18516.1465	-1
18524.0703	-1
18531.9941	-1
18539.9180	-1
18547.8418	-1
18555.7656	-1
18563.6895	-1
18571.6133	-1
18579.5371	-1
18587.4609	-1
18595.3848	-1
18603.3086	-1
18611.2324	-1
18619.1562	-1
18627.0801	-1
18635.0039	-1
18642.9277	-1
18650.8516	-1
18658.7754	-1
18666.6992	-1
18674.6270	-1
18682.5547	-1
18690.4824	-1
18698.4102	-1
18706.3379	-1
18714.2656	-1
18722.1934	-1
18730.1211	-1
18738.0488	-1
18745.9766	-1
18753.9043	-1
18761.8320	-1
18769.7598	-1
18777.6875	-1
18785.6152	-1
18793.5430	-1
18801.4707	-1
18809.3984	-1
18817.3262	-1
18825.2539	-1
18833.1816	-1
18841.1094	-1
18849.0371	-1
18856.9648	-1
18864.8926	-1
18872.8203	-1
18880.7480	-1
18888.6758	-1
18896.6035	-1
18904.5312	-1
18912.4590	-1
18920.3867	-1
18928.3145	-1
18936.2422	-1
18944.1699	-1
18952.0977	-1
18960.0254	-1
18967.9531	-1
18975.8809	-1
18983.8086	-1
18991.7363	-1
18999.6641	-1
19007.5918	-1
19015.5195	-1
19023.4473	-1
19031.3750	-1
19039.3027	-1
19047.2305	-1
19055.1582	-1
19063.0859	-1
19071.0137	-1
19078.9414	-1
19086.8691	-1
19094.7969	-1
19102.7266	-1
19110.6562	-1
19118.5859	-1
19126.5156	-1
19134.4453	-1
19142.3750	-1
19150.3047	-1
19158.2344	-1
19166.1641	-1
19174.0938	-1
19182.0234	-1
19189.9531	-1
19197.8828	-1
19205.8125	-1
19213.7422	-1
19221.6719	-1
19229.6016	-1
19237.5312	-1
19245.4609	-1
19253.3906	-1
19261.3203	-1
19269.2500	-1
19277.1797	-1
19285.1094	-1
19293.0391	-1
19300.9688	-1
19308.8984	-1
19316.8281	-1
19324.7695	1
19332.7129	-1
19340.6562	1
19348.5996	1
19356.5430	-1
19364.4863	-1
19372.4297	-1
19380.3730	-1
19388.3164	-1
19396.2598	-1
19404.2031	-1
19412.1465	-1
19420.0898	-1
19428.0332	-1
19435.9766	-1
19443.9199	-1
19451.8652	1
19459.8105	1
19467.7559	1
19475.7012	1
19483.6465	-1
19491.5918	-1
19499.5371	-1
19507.4824	-1
19515.4277	-1
19523.3730	-1
19531.3184	1
19539.2637	-1
19547.2090	-1
19555.1543	-1
19563.0996	-1
19571.0449	-1
19578.9902	-1
19586.9355	-1
19594.8809	-1
19602.8262	-1
19610.7715	-1
19618.7168	-1
19626.6621	-1
19634.6074	-1
19642.5527	-1
19650.4980	-1
19658.4434	-1
19666.3887	-1
19674.3340	-1
19682.2812	-1
19690.2285	-1
19698.1758	-1
19706.1230	-1
19714.0801	1
19722.0391	-1
19729.9980	1
19737.9570	1
19745.9160	-1
19753.8750	-1
19761.8340	-1
19769.8047	1
19777.7754	-1
19785.7461	1
19793.7168	1
19801.6895	-1
19809.6621	-1
19817.6445	1
19825.6270	-1
19833.6113	1
19841.5957	1
19849.5801	-1
19857.5645	-1
19865.5488	-1
19873.5332	-1
19881.5176	-1
19889.5020	-1
19897.4863	-1
19905.4707	-1
19913.4551	-1
19921.4395	-1
19929.4238	-1
19937.4082	-1
19945.3926	1
19953.3770	1
19961.3613	1
19969.3477	1
19977.3340	-1
19985.3203	-1
19993.3066	-1
20001.2930	-1
20009.2793	-1
20017.2656	-1
20025.2520	-1
20033.2383	-1
20041.2246	-1
20049.2109	-1
20057.1973	-1
20065.1836	-1
20073.1699	-1
20081.1562	-1
20089.1426	-1
20097.1289	-1
20105.1152	-1
20113.1016	-1
20121.0898	-1
20129.0781	-1
20137.0762	1
20145.0742	-1
20153.0723	1
20161.0703	1
20169.0703	-1
20177.0703	-1
20185.0703	-1
20193.0703	-1
20201.0703	-1
20209.0703	-1
20217.0703	-1
20225.0703	-1
20233.0703	-1
20241.0801	1
20249.0918	-1
20257.1035	1
20265.1152	1
20273.1270	-1
20281.1387	-1
20289.1504	-1
20297.1719	1
20305.1934	-1
20313.2168	1
20321.2402	1
20329.2637	-1
20337.2871	-1
20345.3203	1
20353.3535	-1
20361.3887	1
20369.4238	1
20377.4590	-1
20385.4941	-1
20393.5391	1
20401.5840	-1
20409.6309	1
20417.6777	1
20425.7246	-1
20433.7715	-1
20441.8281	1
20449.8867	-1
20457.9453	1
20466.0039	1
20474.0625	-1
20482.1211	-1
20490.1895	1
20498.2598	-1
20506.3301	1
20514.4004	1
20522.4707	-1
20530.5410	-1
20538.6113	-1
20546.6816	-1
20554.7520	-1
20562.8223	-1
20570.8926	-1
20578.9629	-1
20587.0332	-1
20595.1035	-1
20603.1738	-1
20611.2441	-1
20619.3164	1
20627.3887	1
20635.4609	1
20643.5332	1
20651.6055	-1
20659.6777	-1
20667.7500	-1
20675.8223	-1
20683.8945	-1
20691.9668	-1
20700.0391	1
20708.1133	1
20716.1875	-1
20724.2617	-1
20732.3359	-1
20740.4102	-1
20748.4844	-1
20756.5586	-1
20764.6328	-1
20772.7070	-1
20780.7812	-1
20788.8555	-1
20796.9297	-1
20805.0039	-1
20813.0781	-1
20821.1523	-1
20829.2266	-1
20837.3008	-1
20845.3750	-1
20853.4492	-1
20861.5234	1
20869.5977	1
20877.6719	1
20885.7461	1
20893.8203	1
20901.8965	-1
20909.9727	-1
20918.0488	-1
20926.1250	-1
20934.2012	-1
20942.2773	-1
20950.3535	-1
20958.4297	-1
20966.5059	-1
20974.5820	-1
20982.6582	-1
20990.7344	-1
20998.8105	-1
21006.8867	-1
21014.9629	-1
21023.0391	-1
21031.1152	-1
21039.1914	-1
21047.2695	-1
21055.3477	-1
21063.4258	-1
21071.5039	-1
21079.5820	-1
21087.6602	-1
21095.7383	-1
21103.8164	-1
21111.8945	-1
21119.9727	-1
21128.0508	-1
21136.1289	-1
21144.2070	-1
21152.2852	-1
21160.3633	-1
21168.4414	-1
21176.5195	-1
21184.5977	-1
21192.6758	-1
21200.7539	-1
21208.8320	-1
21216.9199	1
21225.0098	-1
21233.0996	1
21241.1895	1
21249.2793	-1
21257.3711	-1
21265.4727	1
21273.5742	-1
21281.6777	1
21289.7812	1
21297.8848	-1
21305.9883	-1
21314.0918	-1
21322.1953	-1
21330.2988	-1
21338.4023	-1
21346.5059	-1
21354.6094	-1
21362.7129	-1
21370.8164	-1
21378.9199	-1
21387.0234	-1
21395.1270	1
21403.2305	1
21411.3340	1
21419.4375	1
21427.5430	-1
21435.6484	-1
21443.7539	-1
21451.8594	-1
21459.9648	-1
21468.0703	-1
21476.1758	-1
21484.2812	-1
21492.3867	-1
21500.4922	-1
21508.5977	-1
21516.7031	-1
21524.8086	-1
21532.9141	-1
21541.0195	-1
21549.1250	-1
21557.2305	-1
21565.3359	-1
21573.4414	-1
21581.5469	-1
21589.6523	-1
21597.7578	-1
21605.8633	-1
21613.9688	-1
21622.0742	1
21630.1797	1
21638.2852	-1
21646.3906	-1
21654.4961	-1
21662.6016	-1
21670.7070	-1
21678.8125	-1
21686.9180	-1
21695.0332	1
21703.1504	-1
21711.2676	1
21719.3848	1
21727.5039	-1
21735.6230	-1
21743.7422	-1
21751.8613	-1
21759.9805	-1
21768.0996	-1
21776.2188	-1
21784.3379	-1
21792.4570	-1
21800.5762	-1
21808.6953	-1
21816.8145	-1
21824.9336	1
21833.0527	1
21841.1719	1
21849.2910	1
21857.4121	-1
21865.5332	-1
21873.6543	-1
21881.7754	-1
21889.8965	-1
21898.0176	-1
21906.1387	-1
21914.2598	-1
21922.3809	-1
21930.5020	-1
21938.6230	-1
21946.7441	-1
21954.8652	-1
21962.9863	-1
21971.1074	-1
21979.2285	-1
21987.3496	-1
21995.4707	-1
22003.5918	-1
22011.7129	-1
22019.8340	-1
22027.9551	-1
22036.0762	-1
22044.1973	-1
22052.3184	1
22060.4395	1
22068.5605	1
22076.6816	1
22084.8027	1
22092.9238	1
22101.0449	1
22109.1660	1
22117.2891	-1
22125.4121	-1
22133.5352	-1
22141.6582	-1
22149.7812	-1
22157.9043	-1
22166.0273	-1
22174.1504	-1
22182.2734	-1
22190.3965	-1
22198.5195	-1
22206.6426	-1
22214.7656	1
22222.8887	1
22231.0117	1
22239.1348	1
22247.2598	-1
22255.3848	-1
22263.5098	-1
22271.6348	-1
22279.7598	-1
22287.8848	-1
22296.0098	-1
22304.1348	-1
22312.2598	-1
22320.3848	-1
22328.5098	-1
22336.6348	-1
22344.7598	-1
22352.8848	-1
22361.0098	-1
22369.1348	-1
22377.2598	-1
22385.3848	-1
22393.5098	-1
22401.6367	-1
22409.7637	-1
22417.8906	-1
22426.0176	-1
22434.1445	-1
22442.2715	-1
22450.3984	-1
22458.5254	-1
22466.6523	-1
22474.7793	-1
22482.9062	-1
22491.0332	-1
22499.1602	-1
22507.2871	-1
22515.4141	-1
22523.5410	-1
22531.6680	-1
22539.7949	-1
22547.9219	-1
22556.0488	-1
22564.1758	-1
22572.3027	-1
22580.4297	-1
22588.5566	-1
22596.6836	-1
22604.8105	-1
22612.9375	-1
22621.0645	-1
22629.1914	-1
22637.3184	-1
22645.4453	-1
22653.5723	-1
22661.6992	-1
22669.8262	-1
22677.9531	-1
22686.0801	-1
22694.2188	1
22702.3574	-1
22710.4961	1
22718.6348	1
22726.7754	-1
22734.9160	-1
22743.0664	1
22751.2168	-1
22759.3672	1
22767.5195	1
22775.6719	-1
22783.8242	-1
22791.9863	1
22800.1484	-1
22808.3125	1
22816.4766	1
22824.6406	-1
22832.8047	-1
22840.9785	1
22849.1523	-1
22857.3281	1
22865.5039	1
22873.6797	-1
22881.8555	-1
22890.0410	1
22898.2266	-1
22906.4141	1
22914.6016	1
22922.7891	-1
22930.9766	-1
22939.1738	1
22947.3711	-1
22955.5684	1
22963.7656	1
22971.9648	-1
22980.1641	-1
22988.3633	-1
22996.5723	1
23004.7812	-1
23012.9902	1
23021.1992	1
23029.4102	-1
23037.6211	-1
23045.8320	-1
23054.0527	1
23062.2754	-1
23070.4980	1
23078.7207	1
23086.9434	-1
23095.1660	-1
23103.3984	1
23111.6328	-1
23119.8672	1
23128.1016	1
23136.3359	-1
23144.5703	-1
23152.8047	-1
23161.0488	1
23169.2949	-1
23177.5410	1
23185.7871	1
23194.0352	-1
23202.2832	-1
23210.5312	-1
23218.7871	1
23227.0449	-1
23235.3027	1
23243.5605	1
23251.8203	-1
23260.0801	-1
23268.3477	1
23276.6172	-1
23284.8867	1
23293.1562	1
23301.4277	-1
23309.6992	-1
23317.9805	1
23326.2617	-1
23334.5430	1
23342.8242	1
23351.1074	-1
23359.3906	-1
23367.6738	-1
23375.9570	-1
23384.2402	-1
23392.5234	-1
23400.8066	-1
23409.0898	-1
23417.3730	-1
23425.6562	-1
23433.9395	-1
23442.2227	-1
23450.5059	1
23458.7891	1
23467.0723	1
23475.3555	1
23483.6406	-1
23491.9258	-1
23500.2109	-1
23508.4961	-1
23516.7812	-1
23525.0664	-1
23533.3516	-1
23541.6367	-1
23549.9219	-1
23558.2070	-1
23566.4922	-1
23574.7773	-1
23583.0625	-1
23591.3477	-1
23599.6328	-1
23607.9180	-1
23616.2031	-1
23624.4883	-1
23632.7734	-1
23641.0586	-1
23649.3438	-1
23657.6289	-1
23665.9141	-1
23674.1992	-1
23682.4863	1
23690.7734	1
23699.0605	-1
23707.3477	-1
23715.6348	-1
23723.9219	-1
23732.2090	-1
23740.4961	-1
23748.7832	-1
23757.0703	-1
23765.3574	-1
23773.6445	-1
23781.9316	-1
23790.2285	1
23798.5273	-1
23806.8262	1
23815.1250	1
23823.4238	-1
23831.7227	-1
23840.0215	-1
23848.3203	-1
23856.6191	-1
23864.9180	-1
23873.2168	-1
23881.5156	-1
23889.8145	-1
23898.1133	-1
23906.4121	-1
23914.7109	-1
23923.0098	1
23931.3086	1
23939.6074	1
23947.9082	-1
23956.2090	-1
23964.5098	-1
23972.8105	-1
23981.1113	-1
23989.4121	-1
23997.7129	-1
24006.0137	-1
24014.3145	-1
24022.6152	-1
24030.9160	-1
24039.2168	-1
24047.5176	-1
24055.8281	1
24064.1387	-1
24072.4492	1
24080.7598	1
24089.0723	-1
24097.3848	-1
24105.6973	-1
24114.0098	-1
24122.3223	-1
24130.6348	-1
24138.9473	-1
24147.2598	-1
24155.5723	-1
24163.8848	-1
24172.1973	-1
24180.5098	-1
24188.8223	1
24197.1348	1
24205.4473	1
24213.7598	1
24222.0723	-1
24230.3848	-1
24238.6973	-1
24247.0098	-1
24255.3223	-1
24263.6348	-1
24271.9473	-1
24280.2598	-1
24288.5723	-1
24296.8848	-1
24305.1973	-1
24313.5098	-1
24321.8242	-1
24330.1387	-1
24338.4531	-1
24346.7676	-1
24355.0820	-1
24363.3965	-1
24371.7109	1
24380.0254	1
24388.3398	1
24396.6543	1
24404.9688	1
24413.2832	1
24421.5977	-1
24429.9121	-1
24438.2266	-1
24446.5410	-1
24454.8555	-1
24463.1699	-1
24471.4844	1
24479.7988	-1
24488.1133	-1
24496.4277	-1
24504.7422	-1
24513.0566	-1
24521.3711	-1
24529.6855	-1
24538.0000	-1
24546.3145	-1
24554.6289	-1
24562.9434	-1
24571.2578	-1
24579.5723	1
24587.8887	1
24596.2051	1
24604.5215	1
24612.8379	1
24621.1543	-1
24629.4707	-1
24637.7871	-1
24646.1035	-1
24654.4199	-1
24662.7363	-1
24671.0527	-1
24679.3691	-1
24687.6855	-1
24696.0020	-1
24704.3184	-1
24712.6348	-1
24720.9512	-1
24729.2676	-1
24737.5840	-1
24745.9004	-1
24754.2168	-1
24762.5332	-1
24770.8496	-1
24779.1660	-1
24787.4824	-1
24795.7988	-1
24804.1152	-1
24812.4316	-1
24820.7480	-1
24829.0645	-1
24837.3809	-1
24845.6973	-1
24854.0137	-1
24862.3301	-1
24870.6465	-1
24878.9629	-1
24887.2793	-1
24895.5957	-1
24903.9121	-1
24912.2285	-1
24920.5449	-1
24928.8613	-1
24937.1777	-1
24945.4961	-1
24953.8145	-1
24962.1328	-1
24970.4512	1
24978.7695	1
24987.0879	1
24995.4062	1
25003.7246	1
25012.0430	1
25020.3613	1
25028.6797	1
25036.9980	1
25045.3164	1
25053.6348	1
25061.9531	1
25070.2715	-1
25078.5898	-1
25086.9082	-1
25095.2266	-1
25103.5449	-1
25111.8633	-1
25120.1816	-1
25128.5000	-1
25136.8184	-1
25145.1367	-1
25153.4551	-1
25161.7734	-1
25170.0918	1
25178.4102	1
25186.7285	1
25195.0469	1
25203.3652	1
25211.6836	1
25220.0039	-1
25228.3242	-1
25236.6445	-1
25244.9648	-1
25253.2852	-1
25261.6055	-1
25269.9258	1
25278.2461	1
25286.5684	-1
25294.8906	-1
25303.2129	-1
25311.5352	-1
25319.8574	-1
25328.1797	-1
25336.5020	-1
25344.8242	-1
25353.1465	-1
25361.4688	-1
25369.7910	-1
25378.1133	-1
25386.4355	-1
25394.7578	-1
25403.0801	-1
25411.4023	-1
25419.7246	-1
25428.0469	-1
25436.3691	-1
25444.6914	-1
25453.0137	-1
25461.3359	-1
25469.6582	-1
25477.9805	-1
25486.3027	-1
25494.6250	-1
25502.9473	-1
25511.2695	-1
25519.5918	-1
25527.9141	-1
25536.2363	-1
25544.5586	-1
25552.8809	-1
25561.2031	-1
25569.5254	-1
25577.8477	-1
25586.1699	-1
25594.4922	-1
25602.8145	-1
25611.1367	-1
25619.4590	-1
25627.7812	-1
25636.1035	-1
25644.4258	-1
25652.7480	-1
25661.0703	-1
25669.3926	-1
25677.7148	-1
25686.0371	-1
25694.3594	-1
25702.6816	-1
25711.0039	-1
25719.3262	-1
25727.6484	-1
25735.9707	-1
25744.2930	-1
25752.6152	-1
25760.9375	-1
25769.2598	-1
25777.5820	-1
25785.9043	-1
25794.2266	-1
25802.5488	-1
25810.8711	-1
25819.1934	-1
25827.5156	-1
25835.8398	-1
25844.1641	-1
25852.4883	-1
25860.8125	-1
25869.1367	-1
25877.4609	-1
25885.7852	-1
25894.1094	-1
25902.4336	-1
25910.7578	-1
25919.0820	-1
25927.4062	-1
25935.7305	-1
25944.0547	-1
25952.3789	-1
25960.7031	-1
25969.0273	-1
25977.3516	-1
25985.6758	-1
25994.0000	-1
26002.3242	-1
26010.6484	-1
26018.9727	-1
26027.2969	-1
26035.6211	-1
26043.9453	-1
26052.2695	-1
26060.5938	-1
26068.9180	-1
26077.2422	-1
26085.5664	1
26093.8906	1
26102.2148	-1
26110.5391	-1
26118.8633	-1
26127.1875	-1
26135.5117	-1
26143.8359	-1
26152.1602	1
26160.4844	1
26168.8086	1
26177.1328	-1
26185.4570	-1
26193.7812	-1
26202.1055	-1
26210.4297	1
26218.7539	-1
26227.0781	-1
26235.4023	1
26243.7266	1
26252.0508	1
26260.3750	1
26268.6992	-1
26277.0234	-1
26285.3477	-1
26293.6719	1
26301.9961	-1
26310.3203	-1
26318.6445	-1
26326.9688	1
26335.2930	-1
26343.6172	-1
26351.9414	-1
26360.2656	-1
26368.5898	-1
26376.9141	-1
26385.2402	-1
26393.5664	-1
26401.8926	-1
26410.2188	-1
26418.5449	-1
26426.8711	-1
26435.1973	-1
26443.5234	-1
26451.8496	-1
26460.1758	-1
26468.5020	-1
26476.8281	-1
26485.1562	-1
26493.4844	-1
26501.8125	-1
26510.1406	-1
26518.4688	-1
26526.7969	-1
26535.1250	-1
26543.4531	-1
26551.7812	-1
26560.1094	-1
26568.4375	-1
26576.7656	-1
26585.0938	-1
26593.4219	-1
26601.7500	-1
26610.0781	-1
26618.4062	-1
26626.7344	-1
26635.0625	-1
26643.3906	-1
26651.7188	-1
26660.0469	-1
26668.3750	-1
26676.7031	-1
26685.0312	-1
26693.3594	-1
26701.6875	-1
26710.0156	-1
26718.3438	-1
26726.6719	-1
26735.0000	-1
26743.3281	-1
26751.6562	-1
26759.9844	-1
26768.3125	-1
26776.6406	-1
26784.9688	-1
26793.2969	-1
26801.6250	-1
26809.9531	-1
26818.2812	-1
26826.6094	-1
26834.9375	-1
26843.2656	-1
26851.5938	-1
26859.9219	-1
26868.2500	-1
26876.5781	-1
26884.9062	-1
26893.2344	-1
26901.5625	-1
26909.8906	-1
26918.2188	-1
26926.5469	-1
26934.8750	-1
26943.2031	-1
26951.5312	-1
26959.8594	-1
26972.2949	1
26984.7305	-1
