0.0000	0
0.2628	-1
1.6918	-888
1.7216	-1
1.8722	-888
2.0058	888
2.1296	888
2.5052	888
2.5341	888
2.5794	888
2.6376	-888
3.1810	1
3.2901	888
3.5274	-888
3.8302	-888
4.2260	-888
4.2664	888
4.4124	-888
4.4844	888
4.4923	888
4.6530	-888
4.8219	-888
4.9120	888
5.0046	-888
5.1376	888
5.2600	-888
5.2739	888
5.3683	888
5.4281	888
5.5882	-888
5.6376	888
5.6555	-888
5.7766	-888
5.7938	-888
5.8665	-888
5.9563	888
6.0316	-888
6.4194	-888
6.4670	-888
6.4727	-888
6.5308	-888
6.7205	888
6.7614	-888
6.8370	-888
6.8901	888
6.9134	888
6.9492	888
7.1962	-888
7.3861	-888
7.5988	-888
7.7655	-888
8.3429	888
8.5674	-888
9.0893	-888
9.8713	-888
10.3497	1
10.3774	888
10.7008	888
14.3349	-888
15.9919	888
16.6470	888
17.5199	-1
24.6906	1
31.8614	1
39.0337	-1
46.2059	-1
53.3782	-1
60.5504	-1
67.7227	-1
74.8950	-1
82.0673	-1
89.2397	-1
96.4121	-1
103.5844	-1
110.7568	-1
117.9292	-1
125.1019	1
132.2747	1
139.4476	1
146.6206	1
153.7954	-1
160.9703	-1
168.1452	-1
175.3201	-1
182.4949	-1
189.6698	-1
196.8448	-1
204.0198	-1
211.1948	-1
218.3698	-1
225.5448	-1
232.7198	-1
239.8949	-1
247.0700	-1
254.2451	-1
261.4203	-1
268.5954	-1
275.7705	-1
282.9457	-1
290.1209	-1
297.2961	-1
304.4713	-1
311.6465	-1
318.8217	-1
325.9973	1
333.1729	1
340.3485	1
347.5243	1
354.7000	1
361.8758	1
369.0516	1
376.2275	1
383.4061	-1
390.5847	-1
397.7633	-1
404.9419	-1
412.1205	-1
419.2992	-1
426.4781	-1
433.6571	-1
440.8361	-1
448.0151	-1
455.1942	-1
462.3732	-1
469.5523	-1
476.7314	-1
483.9105	-1
491.0896	-1
498.2687	-1
505.4478	-1
512.6270	1
519.8061	1
526.9853	-1
534.1645	-1
541.3437	-1
548.5229	-1
555.7021	-1
562.8813	-1
570.0607	-1
577.2401	-1
584.4194	-1
591.5988	-1
598.7782	-1
605.9576	-1
613.1371	-1
620.3166	-1
627.4961	-1
634.6756	-1
641.8551	-1
649.0346	-1
656.2143	1
663.3940	1
670.5738	1
677.7536	1
684.9334	1
692.1134	-1
699.2934	-1
706.4734	-1
713.6534	-1
720.8334	-1
728.0134	-1
735.1935	-1
742.3738	-1
749.5540	-1
756.7343	-1
763.9145	-1
771.0947	-1
778.2764	-1
785.4582	-1
792.6400	-1
799.8217	-1
807.0035	-1
814.1852	-1
821.3682	-1
828.5512	-1
835.7342	-1
842.9172	-1
850.1002	-1
857.2831	-1
864.4662	-1
871.6492	-1
878.8323	-1
886.0154	-1
893.1985	-1
900.3816	-1
907.5652	-1
914.7489	-1
921.9326	-1
929.1162	-1
936.2999	-1
943.4835	-1
950.6673	-1
957.8511	-1
965.0349	-1
972.2186	-1
979.4024	-1
986.5862	-1
993.7700	-1
1000.9539	-1
1008.1378	-1
1015.3217	-1
1022.5056	-1
1029.6895	-1
1036.8734	-1
1044.0574	-1
1051.2413	-1
1058.4253	-1
1065.6093	-1
1072.8041	1
1080.0002	-1
1087.1967	1
1094.3931	1
1101.5901	-1
1108.7871	-1
1115.9841	-1
1123.1812	-1
1130.3782	-1
1137.5752	-1
1144.7723	-1
1151.9695	-1
1159.1666	-1
1166.3638	-1
1173.5609	-1
1180.7581	-1
1187.9554	1
1195.1530	1
1202.3505	1
1209.5480	1
1216.7463	-1
1223.9447	-1
1231.1431	-1
1238.3414	-1
1245.5398	-1
1252.7382	-1
1259.9370	1
1267.1360	1
1274.3350	-1
1281.5339	-1
1288.7329	-1
1295.9319	-1
1303.1309	-1
1310.3298	-1
1317.5289	-1
1324.7280	-1
1331.9271	-1
1339.1262	-1
1346.3253	-1
1353.5244	-1
1360.7238	-1
1367.9231	-1
1375.1224	-1
1382.3218	-1
1389.5211	-1
1396.7205	-1
1403.9198	1
1411.1193	1
1418.3191	1
1425.5189	1
1432.7191	-1
1439.9193	-1
1447.1195	-1
1454.3197	-1
1461.5199	-1
1468.7201	-1
1475.9204	-1
1483.1207	-1
1490.3210	-1
1497.5214	-1
1504.7217	-1
1511.9221	-1
1519.1227	1
1526.3232	1
1533.5244	-1
1540.7256	-1
1547.9268	-1
1555.1279	-1
1562.3291	-1
1569.5303	-1
1576.7316	-1
1583.9329	-1
1591.1342	-1
1598.3354	-1
1605.5367	-1
1612.7380	-1
1619.9396	-1
1627.1411	-1
1634.3427	-1
1641.5442	-1
1648.7457	-1
1655.9473	-1
1663.1488	-1
1670.3503	-1
1677.5519	-1
1684.7534	-1
1691.9550	-1
1699.1565	-1
1706.3582	1
1713.5604	-1
1720.7627	-1
1727.9650	-1
1735.1672	-1
1742.3695	-1
1749.5718	-1
1756.7742	-1
1763.9766	-1
1771.1790	-1
1778.3813	-1
1785.5837	-1
1792.7861	-1
1799.9890	-1
1807.1919	-1
1814.3948	-1
1821.6078	1
1828.8219	-1
1836.0364	1
1843.2509	1
1850.4664	-1
1857.6820	-1
1864.8977	-1
1872.1134	-1
1879.3291	-1
1886.5448	-1
1893.7605	-1
1900.9762	-1
1908.1919	-1
1915.4076	-1
1922.6233	-1
1929.8390	-1
1937.0552	1
1944.2715	1
1951.4878	1
1958.7041	1
1965.9220	-1
1973.1399	-1
1980.3578	-1
1987.5757	-1
1994.7936	-1
2002.0115	-1
2009.2295	-1
2016.4475	-1
2023.6655	-1
2030.8835	-1
2038.1016	-1
2045.3196	-1
2052.5376	-1
2059.7556	-1
2066.9736	-1
2074.1917	-1
2081.4097	-1
2088.6277	-1
2095.8459	-1
2103.0642	-1
2110.2825	-1
2117.5007	-1
2124.7190	-1
2131.9373	-1
2139.1558	1
2146.3743	1
2153.5940	-1
2160.8137	-1
2168.0334	-1
2175.2532	-1
2182.4729	-1
2189.6926	-1
2196.9126	-1
2204.1326	-1
2211.3525	-1
2218.5830	1
2225.8147	-1
2233.0469	1
2240.2791	1
2247.5122	-1
2254.7454	-1
2261.9883	1
2269.2324	-1
2276.4768	1
2283.7212	1
2290.9668	-1
2298.2124	-1
2305.4580	-1
2312.7036	-1
2319.9492	-1
2327.1948	-1
2334.4409	1
2341.6870	1
2348.9333	-1
2356.1797	-1
2363.4260	-1
2370.6724	-1
2377.9187	-1
2385.1650	-1
2392.4116	1
2399.6582	1
2406.9058	-1
2414.1533	-1
2421.4009	-1
2428.6484	-1
2435.8962	-1
2443.1440	-1
2450.3923	-1
2457.6406	-1
2464.8889	-1
2472.1372	-1
2479.3855	-1
2486.6338	-1
2493.8821	1
2501.1306	-1
2508.3792	-1
2515.6277	-1
2522.8762	-1
2530.1248	-1
2537.3733	-1
2544.6221	-1
2551.8708	-1
2559.1196	-1
2566.3684	-1
2573.6172	-1
2580.8660	-1
2588.1147	1
2595.3640	1
2602.6133	1
2609.8625	1
2617.1121	1
2624.3616	1
2631.6111	1
2638.8618	-1
2646.1125	-1
2653.3633	-1
2660.6140	-1
2667.8647	-1
2675.1155	-1
2682.3667	-1
2689.6179	-1
2696.8691	-1
2704.1204	-1
2711.3716	-1
2718.6228	-1
2725.8743	1
2733.1257	1
2740.3774	1
2747.6292	1
2754.8809	-1
2762.1326	-1
2769.3843	-1
2776.6360	-1
2783.8877	-1
2791.1394	-1
2798.3918	1
2805.6443	1
2812.8970	-1
2820.1497	-1
2827.4023	-1
2834.6550	-1
2841.9077	-1
2849.1604	-1
2856.4138	-1
2863.6672	-1
2870.9207	-1
2878.1741	-1
2885.4275	-1
2892.6809	-1
2899.9348	-1
2907.1887	-1
2914.4426	-1
2921.6965	-1
2928.9504	-1
2936.2043	-1
2943.4585	-1
2950.7126	-1
2957.9668	-1
2965.2209	-1
2972.4751	-1
2979.7292	-1
2986.9834	-1
2994.2375	-1
3001.4917	-1
3008.7458	-1
3016.0000	-1
3023.2542	-1
3030.5100	-1
3037.7659	-1
3045.0217	-1
3052.2776	-1
3059.5334	-1
3066.7893	-1
3074.0452	-1
3081.3010	-1
3088.5569	-1
3095.8127	-1
3103.0688	-1
3110.3250	-1
3117.5811	-1
3124.8372	-1
3132.0933	-1
3139.3494	-1
3146.6055	-1
3153.8616	-1
3161.1177	-1
3168.3738	-1
3175.6299	-1
3182.8860	-1
3190.1421	-1
3197.3982	-1
3204.6545	-1
3211.9109	-1
3219.1672	-1
3226.4236	-1
3233.6799	-1
3240.9363	-1
3248.1926	-1
3255.4490	-1
3262.7151	1
3269.9824	-1
3277.2500	1
3284.5178	1
3291.7866	-1
3299.0554	-1
3306.3242	-1
3313.5930	-1
3320.8711	1
3328.1504	-1
3335.4299	1
3342.7095	1
3349.9902	-1
3357.2710	-1
3364.5518	-1
3371.8325	-1
3379.1133	-1
3386.4033	1
3393.6946	-1
3400.9863	1
3408.2781	1
3415.5708	-1
3422.8635	-1
3430.1562	-1
3437.4490	-1
3444.7417	-1
3452.0344	-1
3459.3274	-1
3466.6204	-1
3473.9133	-1
3481.2063	-1
3488.4993	-1
3495.7922	-1
3503.0854	1
3510.3787	1
3517.6719	1
3524.9651	1
3532.2598	-1
3539.5544	-1
3546.8491	-1
3554.1438	-1
3561.4385	-1
3568.7332	-1
3576.0281	1
3583.3230	1
3590.6182	-1
3597.9133	-1
3605.2085	-1
3612.5037	-1
3619.7988	-1
3627.0940	-1
3634.3896	-1
3641.6853	-1
3648.9810	-1
3656.2766	-1
3663.5723	-1
3670.8679	-1
3678.1636	-1
3685.4592	-1
3692.7549	-1
3700.0505	-1
3707.3462	-1
3714.6418	-1
3721.9377	1
3729.2336	1
3736.5303	1
3743.8269	1
3751.1235	1
3758.4202	1
3765.7180	-1
3773.0159	-1
3780.3137	-1
3787.6116	-1
3794.9094	-1
3802.2073	-1
3809.5054	-1
3816.8035	-1
3824.1016	-1
3831.3997	-1
3838.6978	-1
3845.9958	-1
3853.2942	1
3860.5925	1
3867.8911	1
3875.1897	1
3882.4895	-1
3889.7893	-1
3897.0891	-1
3904.3889	-1
3911.6887	-1
3918.9885	-1
3926.2883	-1
3933.5881	-1
3940.8879	-1
3948.1877	-1
3955.4875	-1
3962.7874	-1
3970.0886	-1
3977.3899	-1
3984.6912	-1
3991.9924	-1
3999.2937	-1
4006.5950	-1
4013.8965	-1
4021.1980	-1
4028.4995	-1
4035.8010	-1
4043.1025	-1
4050.4041	-1
4057.7063	-1
4065.0085	-1
4072.3108	-1
4079.6130	-1
4086.9153	-1
4094.2175	-1
4101.5200	-1
4108.8228	-1
4116.1255	-1
4123.4282	-1
4130.7310	-1
4138.0337	-1
4145.3364	-1
4152.6392	-1
4159.9419	-1
4167.2446	-1
4174.5474	-1
4181.8501	-1
4189.1533	-1
4196.4565	-1
4203.7598	-1
4211.0630	-1
4218.3662	-1
4225.6694	-1
4232.9727	-1
4240.2759	-1
4247.5791	-1
4254.8823	-1
4262.1855	-1
4269.4888	-1
4276.7925	-1
4284.0962	-1
4291.3999	-1
4298.7134	1
4306.0278	-1
4313.3428	1
4320.6577	1
4327.9736	-1
4335.2896	-1
4342.6055	-1
4349.9214	-1
4357.2373	-1
4364.5532	-1
4371.8691	-1
4379.1851	-1
4386.5010	-1
4393.8169	-1
4401.1333	-1
4408.4497	-1
4415.7666	1
4423.0835	1
4430.4004	1
4437.7173	1
4445.0352	-1
4452.3530	-1
4459.6709	-1
4466.9888	-1
4474.3066	-1
4481.6245	-1
4488.9429	1
4496.2612	1
4503.5801	-1
4510.8989	-1
4518.2178	-1
4525.5366	-1
4532.8555	-1
4540.1743	-1
4547.4932	-1
4554.8120	-1
4562.1309	-1
4569.4497	-1
4576.7686	-1
4584.0874	-1
4591.4062	-1
4598.7251	-1
4606.0439	-1
4613.3628	-1
4620.6816	-1
4628.0005	-1
4635.3198	1
4642.6392	1
4649.9590	1
4657.2788	1
4664.5996	-1
4671.9204	-1
4679.2412	-1
4686.5620	-1
4693.8828	-1
4701.2036	-1
4708.5254	-1
4715.8472	-1
4723.1689	-1
4730.4907	-1
4737.8125	-1
4745.1343	-1
4752.4565	-1
4759.7788	-1
4767.1011	-1
4774.4233	-1
4781.7456	-1
4789.0679	-1
4796.3906	-1
4803.7134	-1
4811.0361	-1
4818.3589	-1
4825.6816	-1
4833.0044	-1
4840.3271	-1
4847.6499	-1
4854.9727	-1
4862.2954	-1
4869.6182	-1
4876.9409	-1
4884.2637	-1
4891.5864	-1
4898.9092	-1
4906.2427	1
4913.5771	-1
4920.9121	1
4928.2471	1
4935.5830	-1
4942.9189	-1
4950.2549	-1
4957.5908	-1
4964.9268	-1
4972.2627	-1
4979.5986	-1
4986.9346	-1
4994.2705	-1
5001.6064	-1
5008.9424	-1
5016.2783	-1
5023.6152	1
5030.9521	1
5038.2891	1
5045.6260	1
5052.9644	-1
5060.3027	-1
5067.6411	-1
5074.9795	-1
5082.3179	-1
5089.6562	-1
5096.9951	-1
5104.3340	-1
5111.6729	-1
5119.0117	-1
5126.3506	-1
5133.6895	-1
5141.0283	-1
5148.3672	-1
5155.7061	-1
5163.0449	-1
5170.3838	-1
5177.7227	-1
5185.0615	-1
5192.4004	-1
5199.7393	-1
5207.0781	-1
5214.4170	-1
5221.7559	-1
5229.0947	1
5236.4341	1
5243.7734	1
5251.1128	1
5258.4521	1
5265.7915	1
5273.1309	1
5280.4702	1
5287.8125	-1
5295.1548	-1
5302.4971	-1
5309.8394	-1
5317.1816	-1
5324.5239	-1
5331.8662	-1
5339.2085	-1
5346.5508	-1
5353.8931	-1
5361.2354	-1
5368.5776	-1
5375.9199	-1
5383.2622	-1
5390.6045	-1
5397.9468	-1
5405.2891	-1
5412.6313	-1
5419.9736	-1
5427.3159	-1
5434.6582	-1
5442.0005	-1
5449.3428	-1
5456.6851	-1
5464.0273	-1
5471.3696	-1
5478.7119	-1
5486.0542	-1
5493.3965	-1
5500.7388	-1
5508.0815	-1
5515.4243	-1
5522.7671	-1
5530.1099	-1
5537.4526	-1
5544.7954	-1
5552.1382	-1
5559.4810	-1
5566.8237	-1
5574.1665	-1
5581.5093	-1
5588.8521	-1
5596.1948	-1
5603.5483	1
5610.9028	-1
5618.2578	1
5625.6128	1
5632.9688	-1
5640.3247	-1
5647.6807	-1
5655.0366	-1
5662.3926	-1
5669.7485	-1
5677.1045	-1
5684.4707	1
5691.8384	-1
5699.2065	1
5706.5747	1
5713.9438	-1
5721.3130	-1
5728.6821	-1
5736.0610	1
5743.4409	-1
5750.8213	1
5758.2017	1
5765.5830	-1
5772.9644	-1
5780.3457	-1
5787.7271	-1
5795.1187	1
5802.5117	-1
5809.9048	1
5817.2979	1
5824.6914	-1
5832.0850	-1
5839.4795	-1
5846.8833	1
5854.2881	-1
5861.6934	1
5869.0986	1
5876.5049	-1
5883.9111	-1
5891.3271	1
5898.7441	-1
5906.1616	1
5913.5791	1
5920.9971	-1
5928.4155	-1
5935.8433	1
5943.2720	-1
5950.7012	1
5958.1304	1
5965.5605	-1
5972.9907	-1
5980.4209	-1
5987.8511	-1
5995.2915	1
6002.7329	-1
6010.1748	1
6017.6167	1
6025.0596	-1
6032.5024	-1
6039.9453	-1
6047.3882	-1
6054.8403	1
6062.2935	-1
6069.7471	1
6077.2007	1
6084.6548	-1
6092.1089	-1
6099.5635	-1
6107.0269	1
6114.4917	-1
6121.9565	1
6129.4214	1
6136.8877	-1
6144.3540	-1
6151.8203	-1
6159.2866	-1
6166.7529	-1
6174.2192	-1
6181.6855	-1
6189.1519	-1
6196.6182	-1
6204.0845	-1
6211.5508	-1
6219.0171	-1
6226.4839	1
6233.9507	1
6241.4185	-1
6248.8862	-1
6256.3540	-1
6263.8218	-1
6271.2896	-1
6278.7573	-1
6286.2251	-1
6293.7026	1
6301.1816	-1
6308.6606	1
6316.1396	1
6323.6196	-1
6331.0996	-1
6338.5889	1
6346.0796	-1
6353.5703	1
6361.0610	1
6368.5527	-1
6376.0444	-1
6383.5361	-1
6391.0371	1
6398.5391	-1
6406.0415	1
6413.5439	1
6421.0469	-1
6428.5498	-1
6436.0527	-1
6443.5557	-1
6451.0586	-1
6458.5615	-1
6466.0649	-1
6473.5684	-1
6481.0718	-1
6488.5845	1
6496.0981	-1
6503.6123	1
6511.1265	1
6518.6416	-1
6526.1567	-1
6533.6719	-1
6541.1870	-1
6548.7021	-1
6556.2173	-1
6563.7324	-1
6571.2476	-1
6578.7627	-1
6586.2778	-1
6593.7930	-1
6601.3081	-1
6608.8237	1
6616.3394	1
6623.8550	1
6631.3706	1
6638.8877	-1
6646.4048	-1
6653.9219	-1
6661.4390	-1
6668.9561	-1
6676.4731	-1
6683.9907	-1
6691.5083	-1
6699.0259	-1
6706.5435	-1
6714.0610	-1
6721.5786	-1
6729.0962	-1
6736.6138	-1
6744.1313	-1
6751.6489	-1
6759.1665	-1
6766.6841	-1
6774.2017	-1
6781.7192	-1
6789.2368	-1
6796.7544	-1
6804.2720	-1
6811.7896	-1
6819.3076	1
6826.8257	1
6834.3438	1
6841.8618	1
6849.3799	1
6856.8994	-1
6864.4189	-1
6871.9385	-1
6879.4580	-1
6886.9775	-1
6894.4971	-1
6902.0171	-1
6909.5371	-1
6917.0571	-1
6924.5771	-1
6932.0972	-1
6939.6172	-1
6947.1372	-1
6954.6572	-1
6962.1772	-1
6969.6973	-1
6977.2173	-1
6984.7373	-1
6992.2578	-1
6999.7783	-1
7007.2988	-1
7014.8193	-1
7022.3398	-1
7029.8604	-1
7037.3809	-1
7044.9014	-1
7052.4219	-1
7059.9424	-1
7067.4629	-1
7074.9834	-1
7082.5142	1
7090.0459	-1
7097.5781	1
7105.1104	1
7112.6431	-1
7120.1758	-1
7127.7085	-1
7135.2412	-1
7142.7739	-1
7150.3066	-1
7157.8394	-1
7165.3721	-1
7172.9048	-1
7180.4375	-1
7187.9702	-1
7195.5029	-1
7203.0361	1
7210.5693	1
7218.1025	1
7225.6357	1
7233.1694	-1
7240.7031	-1
7248.2368	-1
7255.7705	-1
7263.3042	-1
7270.8379	-1
7278.3721	-1
7285.9062	-1
7293.4404	-1
7300.9746	-1
7308.5088	-1
7316.0430	-1
7323.5771	-1
7331.1113	-1
7338.6455	-1
7346.1797	-1
7353.7139	-1
7361.2480	-1
7368.7822	1
7376.3164	1
7383.8511	-1
7391.3857	-1
7398.9204	-1
7406.4551	-1
7413.9897	-1
7421.5244	-1
7429.0596	-1
7436.5947	-1
7444.1299	-1
7451.6650	-1
7459.2002	-1
7466.7354	-1
7474.2705	-1
7481.8057	-1
7489.3501	1
7496.8960	-1
7504.4419	1
7511.9878	1
7519.5352	-1
7527.0825	-1
7534.6299	-1
7542.1772	-1
7549.7246	-1
7557.2720	-1
7564.8193	-1
7572.3667	-1
7579.9141	-1
7587.4614	-1
7595.0088	-1
7602.5562	-1
7610.1040	1
7617.6523	1
7625.2007	1
7632.7490	1
7640.2983	-1
7647.8477	-1
7655.3970	-1
7662.9463	-1
7670.4956	-1
7678.0449	-1
7685.5947	1
7693.1445	1
7700.6943	-1
7708.2441	-1
7715.7939	-1
7723.3438	-1
7730.8936	-1
7738.4434	-1
7745.9937	-1
7753.5439	-1
7761.0942	-1
7768.6445	-1
7776.1948	-1
7783.7451	-1
7791.2954	-1
7798.8457	-1
7806.3960	-1
7813.9463	-1
7821.4966	-1
7829.0469	-1
7836.5977	1
7844.1484	1
7851.6992	1
7859.2500	1
7866.8008	1
7874.3516	1
7881.9033	-1
7889.4551	-1
7897.0068	-1
7904.5586	-1
7912.1104	-1
7919.6621	-1
7927.2144	1
7934.7671	-1
7942.3198	-1
7949.8726	-1
7957.4253	-1
7964.9780	-1
7972.5308	-1
7980.0845	-1
7987.6382	-1
7995.1919	-1
8002.7456	-1
8010.2993	-1
8017.8530	-1
8025.4077	-1
8032.9624	-1
8040.5171	-1
8048.0718	-1
8055.6265	-1
8063.1812	-1
8070.7358	-1
8078.2905	-1
8085.8452	-1
8093.3999	-1
8100.9551	-1
8108.5103	-1
8116.0654	-1
8123.6206	-1
8131.1758	-1
8138.7310	-1
8146.2861	-1
8153.8413	-1
8161.3965	-1
8168.9517	-1
8176.5068	-1
8184.0620	-1
8191.6172	-1
8199.1719	-1
8206.7275	-1
8214.2832	-1
8221.8389	-1
8229.3945	-1
8236.9502	-1
8244.5059	-1
8252.0615	-1
8259.6172	-1
8267.1729	-1
8274.7285	-1
8282.2842	-1
8289.8486	1
8297.4150	-1
8304.9814	1
8312.5479	1
8320.1152	-1
8327.6826	-1
8335.2500	-1
8342.8174	-1
8350.3848	-1
8357.9521	-1
8365.5195	-1
8373.0869	-1
8380.6543	-1
8388.2217	-1
8395.7891	-1
8403.3564	-1
8410.9238	1
8418.4912	1
8426.0586	1
8433.6260	1
8441.1943	-1
8448.7627	-1
8456.3311	-1
8463.8994	-1
8471.4678	-1
8479.0361	-1
8486.6045	-1
8494.1729	-1
8501.7412	-1
8509.3096	-1
8516.8779	-1
8524.4463	-1
8532.0146	-1
8539.5830	-1
8547.1514	-1
8554.7197	-1
8562.2881	-1
8569.8564	-1
8577.4248	-1
8584.9932	-1
8592.5615	-1
8600.1299	-1
8607.6982	-1
8615.2666	-1
8622.8350	1
8630.4033	1
8637.9717	1
8645.5400	1
8653.1084	1
8660.6768	1
8668.2461	1
8675.8154	1
8683.3848	-1
8690.9541	-1
8698.5234	-1
8706.0928	-1
8713.6621	-1
8721.2314	-1
8728.8018	-1
8736.3721	-1
8743.9424	-1
8751.5127	-1
8759.0830	-1
8766.6533	-1
8774.2236	-1
8781.7939	-1
8789.3643	-1
8796.9346	-1
8804.5049	-1
8812.0752	-1
8819.6455	-1
8827.2158	-1
8834.7861	-1
8842.3564	-1
8849.9268	-1
8857.4971	-1
8865.0674	-1
8872.6377	-1
8880.2080	-1
8887.7783	-1
8895.3486	-1
8902.9189	-1
8910.4893	-1
8918.0596	-1
8925.6299	-1
8933.2002	-1
8940.7705	-1
8948.3408	-1
8955.9111	-1
8963.4814	-1
8971.0518	-1
8978.6221	-1
8986.1924	-1
8993.7627	-1
9001.3330	-1
9008.9033	-1
9016.4736	-1
9024.0439	-1
9031.6143	-1
9039.1846	-1
9046.7549	1
9054.3262	1
9061.8975	-1
9069.4688	-1
9077.0400	-1
9084.6113	-1
9092.1826	-1
9099.7539	-1
9107.3252	-1
9114.8965	-1
9122.4775	1
9130.0596	-1
9137.6416	1
9145.2236	1
9152.8066	-1
9160.3896	-1
9167.9727	-1
9175.5557	-1
9183.1387	-1
9190.7217	-1
9198.3047	-1
9205.8877	-1
9213.4707	-1
9221.0537	-1
9228.6367	-1
9236.2197	-1
9243.8027	1
9251.3867	-1
9258.9707	-1
9266.5547	-1
9274.1387	-1
9281.7314	1
9289.3262	-1
9296.9209	1
9304.5156	1
9312.1113	-1
9319.7070	-1
9327.3027	-1
9334.8984	-1
9342.4941	-1
9350.0898	-1
9357.6855	-1
9365.2812	-1
9372.8770	-1
9380.4727	-1
9388.0684	-1
9395.6641	-1
9403.2598	1
9410.8564	1
9418.4541	-1
9426.0518	-1
9433.6494	-1
9441.2471	-1
9448.8447	-1
9456.4424	-1
9464.0400	-1
9471.6377	-1
9479.2451	1
9486.8535	-1
9494.4619	1
9502.0703	1
9509.6807	-1
9517.2910	-1
9524.9014	-1
9532.5117	-1
9540.1221	-1
9547.7324	-1
9555.3428	-1
9562.9531	-1
9570.5635	-1
9578.1738	-1
9585.7842	-1
9593.3945	-1
9601.0049	1
9608.6152	1
9616.2256	1
9623.8359	1
9631.4482	-1
9639.0605	-1
9646.6729	-1
9654.2852	-1
9661.8975	-1
9669.5098	-1
9677.1221	-1
9684.7344	-1
9692.3467	-1
9699.9590	-1
9707.5713	-1
9715.1836	-1
9722.7959	-1
9730.4082	-1
9738.0205	-1
9745.6328	-1
9753.2451	-1
9760.8574	-1
9768.4707	-1
9776.0840	-1
9783.6973	-1
9791.3105	-1
9798.9238	-1
9806.5371	-1
9814.1504	1
9821.7637	1
9829.3770	1
9836.9902	1
9844.6035	1
9852.2168	1
9859.8301	1
9867.4434	1
9875.0586	-1
9882.6738	-1
9890.2891	-1
9897.9043	-1
9905.5195	-1
9913.1348	-1
9920.7500	-1
9928.3652	-1
9935.9805	-1
9943.5957	-1
9951.2109	-1
9958.8262	-1
9966.4414	-1
9974.0566	-1
9981.6719	-1
9989.2871	-1
9996.9023	-1
10004.5176	-1
10012.1328	-1
10019.7480	-1
10027.3633	-1
10034.9785	-1
10042.5938	-1
10050.2090	-1
10057.8252	-1
10065.4414	-1
10073.0576	-1
10080.6738	-1
10088.2900	-1
10095.9062	-1
10103.5225	1
10111.1387	1
10118.7549	1
10126.3711	1
10133.9883	1
10141.6055	1
10149.2227	1
10156.8398	1
10164.4570	1
10172.0742	1
10179.6934	-1
10187.3125	-1
10194.9316	-1
10202.5508	-1
10210.1699	-1
10217.7891	-1
10225.4082	-1
10233.0273	-1
10240.6465	-1
10248.2656	-1
10255.8848	-1
10263.5039	-1
10271.1230	-1
10278.7422	-1
10286.3613	-1
10293.9805	-1
10301.5996	-1
10309.2188	-1
10316.8398	1
10324.4609	-1
10332.0820	-1
10339.7031	-1
10347.3242	-1
10354.9453	-1
10362.5664	-1
10370.1875	-1
10377.8086	-1
10385.4297	-1
10393.0508	-1
10400.6719	-1
10408.2930	-1
10415.9141	-1
10423.5352	-1
10431.1562	-1
10438.7773	-1
10446.3984	-1
10454.0195	-1
10461.6406	-1
10469.2617	-1
10476.8828	-1
10484.5039	-1
10492.1250	-1
10499.7461	-1
10507.3672	-1
10514.9883	-1
10522.6094	-1
10530.2305	-1
10537.8516	-1
10545.4727	-1
10553.0947	1
10560.7168	1
10568.3389	1
10575.9609	1
10583.5830	1
10591.2051	1
10598.8281	-1
10606.4512	-1
10614.0742	-1
10621.6973	-1
10629.3203	-1
10636.9434	-1
10644.5664	-1
10652.1895	-1
10659.8125	-1
10667.4355	-1
10675.0586	-1
10682.6816	-1
10690.3047	-1
10697.9277	-1
10705.5508	-1
10713.1738	-1
10720.7969	-1
10728.4199	-1
10736.0430	-1
10743.6660	-1
10751.2891	-1
10758.9121	-1
10766.5352	-1
10774.1582	-1
10781.7812	-1
10789.4043	-1
10797.0273	-1
10804.6504	-1
10812.2734	-1
10819.8965	-1
10827.5215	-1
10835.1465	-1
10842.7715	-1
10850.3965	-1
10858.0215	-1
10865.6465	-1
10873.2725	-1
10880.8984	-1
10888.5244	-1
10896.1504	-1
10903.7764	-1
10911.4023	-1
10919.0283	-1
10926.6543	-1
10934.2803	-1
10941.9062	-1
10949.5322	-1
10957.1582	-1
10964.7852	-1
10972.4121	-1
10980.0391	-1
10987.6660	-1
10995.2930	-1
11002.9199	-1
11010.5469	-1
11018.1738	-1
11025.8008	-1
11033.4277	-1
11041.0547	-1
11048.6816	-1
11056.3086	-1
11063.9355	-1
11071.5625	-1
11079.1895	-1
11086.8164	-1
11094.4434	-1
11102.0703	-1
11109.6973	-1
11117.3242	-1
11124.9512	-1
11132.5781	-1
11140.2051	-1
11147.8418	1
11155.4795	-1
11163.1182	1
11170.7568	1
11178.3955	-1
11186.0342	-1
11193.6729	-1
11201.3115	-1
11208.9502	-1
11216.5889	-1
11224.2275	-1
11231.8662	-1
11239.5049	-1
11247.1436	-1
11254.7822	-1
11262.4209	-1
11270.0605	1
11277.7002	1
11285.3398	1
11292.9795	1
11300.6191	-1
11308.2588	-1
11315.8984	-1
11323.5381	-1
11331.1777	-1
11338.8174	-1
11346.4570	-1
11354.0967	-1
11361.7363	-1
11369.3760	-1
11377.0156	-1
11384.6553	-1
11392.2959	1
11399.9365	1
11407.5771	-1
11415.2178	-1
11422.8584	-1
11430.4990	-1
11438.1396	-1
11445.7803	-1
11453.4209	1
11461.0615	1
11468.7021	-1
11476.3428	-1
11483.9834	-1
11491.6240	-1
11499.2646	-1
11506.9053	-1
11514.5459	1
11522.1875	1
11529.8291	1
11537.4707	1
11545.1133	-1
11552.7559	-1
11560.3984	-1
11568.0410	-1
11575.6836	-1
11583.3262	-1
11590.9688	-1
11598.6113	-1
11606.2539	-1
11613.8965	-1
11621.5391	-1
11629.1816	-1
11636.8242	-1
11644.4668	-1
11652.1094	-1
11659.7520	-1
11667.3945	-1
11675.0371	-1
11682.6797	-1
11690.3223	-1
11697.9648	-1
11705.6074	-1
11713.2500	-1
11720.8926	-1
11728.5352	-1
11736.1777	-1
11743.8203	-1
11751.4629	-1
11759.1055	-1
11766.7480	-1
11774.3906	-1
11782.0332	-1
11789.6758	-1
11797.3184	-1
11804.9609	-1
11812.6035	-1
11820.2461	-1
11827.8887	-1
11835.5312	-1
11843.1738	-1
11850.8164	-1
11858.4590	-1
11866.1025	-1
11873.7461	-1
11881.3896	-1
11889.0332	-1
11896.6768	-1
11904.3203	-1
11911.9639	1
11919.6074	1
11927.2520	-1
11934.8965	-1
11942.5410	-1
11950.1855	-1
11957.8301	-1
11965.4746	-1
11973.1191	-1
11980.7637	-1
11988.4082	-1
11996.0625	1
12003.7178	-1
12011.3730	1
12019.0283	1
12026.6855	-1
12034.3428	-1
12042.0000	-1
12049.6572	-1
12057.3145	-1
12064.9717	-1
12072.6289	-1
12080.2861	-1
12087.9521	1
12095.6201	-1
12103.2881	1
12110.9561	1
12118.6250	-1
12126.2939	-1
12133.9629	-1
12141.6318	-1
12149.3008	-1
12156.9697	-1
12164.6387	-1
12172.3076	-1
12179.9766	-1
12187.6455	-1
12195.3145	-1
12202.9834	-1
12210.6523	1
12218.3213	1
12225.9902	1
12233.6592	1
12241.3291	-1
12248.9990	-1
12256.6689	-1
12264.3389	-1
12272.0088	-1
12279.6787	-1
12287.3486	-1
12295.0186	-1
12302.6885	-1
12310.3584	-1
12318.0283	-1
12325.6982	-1
12333.3682	-1
12341.0381	-1
12348.7080	-1
12356.3779	-1
12364.0479	-1
12371.7178	-1
12379.3877	-1
12387.0576	-1
12394.7275	-1
12402.3975	-1
12410.0674	-1
12417.7373	-1
12425.4082	1
12433.0791	1
12440.7500	1
12448.4209	1
12456.0918	1
12463.7627	1
12471.4336	1
12479.1045	1
12486.7764	-1
12494.4482	-1
12502.1201	-1
12509.7920	-1
12517.4639	-1
12525.1357	-1
12532.8076	-1
12540.4795	-1
12548.1514	-1
12555.8232	-1
12563.4951	-1
12571.1670	-1
12578.8398	-1
12586.5127	-1
12594.1855	-1
12601.8584	-1
12609.5312	-1
12617.2041	-1
12624.8770	-1
12632.5498	-1
12640.2227	-1
12647.8955	-1
12655.5684	-1
12663.2412	-1
12670.9141	-1
12678.5869	-1
12686.2598	-1
12693.9326	-1
12701.6055	-1
12709.2783	-1
12716.9512	-1
12724.6240	-1
12732.2969	-1
12739.9697	-1
12747.6426	-1
12755.3154	-1
12762.9883	-1
12770.6611	-1
12778.3340	-1
12786.0068	-1
12793.6797	-1
12801.3525	-1
12809.0254	-1
12816.6982	-1
12824.3711	-1
12832.0439	-1
12839.7168	-1
12847.3896	-1
12855.0625	1
12862.7354	1
12870.4082	1
12878.0811	1
12885.7539	1
12893.4268	1
12901.0996	1
12908.7725	1
12916.4463	1
12924.1211	-1
12931.7959	-1
12939.4707	-1
12947.1455	-1
12954.8203	-1
12962.4951	-1
12970.1699	-1
12977.8447	-1
12985.5195	-1
12993.1943	-1
13000.8691	-1
13008.5439	-1
13016.2197	-1
13023.8955	-1
13031.5713	-1
13039.2471	-1
13046.9229	-1
13054.5986	-1
13062.2744	-1
13069.9502	-1
13077.6260	-1
13085.3018	-1
13092.9775	-1
13100.6533	-1
13108.3291	-1
13116.0049	-1
13123.6807	-1
13131.3564	-1
13139.0322	-1
13146.7080	-1
13154.3838	-1
13162.0596	-1
13169.7354	-1
13177.4111	-1
13185.0869	-1
13192.7627	-1
13200.4385	-1
13208.1143	-1
13215.7900	-1
13223.4658	-1
13231.1416	-1
13238.8174	-1
13246.4932	-1
13254.1689	-1
13261.8447	-1
13269.5205	-1
13277.1963	-1
13284.8721	-1
13292.5479	-1
13300.2236	-1
13307.8994	-1
13315.5850	1
13323.2715	-1
13330.9590	1
13338.6465	1
13346.3340	-1
13354.0215	-1
13361.7090	-1
13369.3965	-1
13377.0840	-1
13384.7715	-1
13392.4600	-1
13400.1484	-1
13407.8369	-1
13415.5254	-1
13423.2139	-1
13430.9023	-1
13438.5908	1
13446.2793	1
13453.9678	-1
13461.6562	-1
13469.3447	-1
13477.0332	-1
13484.7217	-1
13492.4102	-1
13500.0996	-1
13507.7891	-1
13515.4873	1
13523.1865	-1
13530.8867	1
13538.5869	1
13546.2881	-1
13553.9893	-1
13561.6904	-1
13569.3916	-1
13577.0928	-1
13584.7939	-1
13592.4951	-1
13600.1963	-1
13607.8975	-1
13615.5986	-1
13623.2998	-1
13631.0010	-1
13638.7031	1
13646.4053	1
13654.1084	-1
13661.8115	-1
13669.5146	-1
13677.2178	-1
13684.9209	-1
13692.6240	-1
13700.3281	-1
13708.0322	-1
13715.7363	-1
13723.4492	1
13731.1641	-1
13738.8789	1
13746.5938	1
13754.3086	-1
13762.0234	-1
13769.7383	-1
13777.4531	-1
13785.1680	-1
13792.8828	-1
13800.5986	-1
13808.3145	-1
13816.0303	-1
13823.7461	-1
13831.4619	-1
13839.1777	-1
13846.8936	1
13854.6094	1
13862.3252	1
13870.0410	1
13877.7578	-1
13885.4746	-1
13893.1914	-1
13900.9082	-1
13908.6250	-1
13916.3418	-1
13924.0586	-1
13931.7754	-1
13939.4922	-1
13947.2090	-1
13954.9258	-1
13962.6426	-1
13970.3594	-1
13978.0762	-1
13985.7930	-1
13993.5098	-1
14001.2266	-1
14008.9434	-1
14016.6602	-1
14024.3770	-1
14032.0938	-1
14039.8105	-1
14047.5273	-1
14055.2441	-1
14062.9609	1
14070.6787	1
14078.3965	1
14086.1143	1
14093.8320	1
14101.5498	1
14109.2676	1
14116.9854	1
14124.7041	-1
14132.4229	-1
14140.1416	-1
14147.8604	-1
14155.5791	-1
14163.2979	-1
14171.0166	-1
14178.7354	-1
14186.4541	-1
14194.1729	-1
14201.8916	-1
14209.6104	-1
14217.3291	-1
14225.0488	-1
14232.7686	-1
14240.4883	-1
14248.2080	-1
14255.9277	-1
14263.6475	1
14271.3672	1
14279.0869	1
14286.8066	-1
14294.5264	-1
14302.2461	-1
14309.9658	-1
14317.6855	-1
14325.4053	-1
14333.1250	1
14340.8447	1
14348.5645	1
14356.2842	-1
14364.0039	-1
14371.7236	-1
14379.4434	-1
14387.1631	-1
14394.8828	-1
14402.6025	-1
14410.3223	-1
14418.0420	-1
14425.7617	-1
14433.4814	-1
14441.2012	-1
14448.9209	-1
14456.6406	-1
14464.3604	-1
14472.0801	-1
14479.7998	-1
14487.5195	-1
14495.2402	-1
14502.9609	-1
14510.6816	-1
14518.4023	-1
14526.1230	-1
14533.8438	-1
14541.5654	-1
14549.2871	-1
14557.0088	-1
14564.7305	-1
14572.4521	-1
14580.1738	-1
14587.8955	-1
14595.6172	-1
14603.3389	-1
14611.0605	-1
14618.7822	-1
14626.5039	-1
14634.2256	-1
14641.9473	-1
14649.6689	-1
14657.3906	-1
14665.1123	-1
14672.8340	-1
14680.5557	1
14688.2773	1
14695.9990	1
14703.7207	-1
14711.4424	-1
14719.1641	-1
14726.8857	-1
14734.6074	-1
14742.3291	1
14750.0508	-1
14757.7725	-1
14765.4941	-1
14773.2158	-1
14780.9375	-1
14788.6592	-1
14796.3809	-1
14804.1025	1
14811.8252	1
14819.5488	1
14827.2725	1
14834.9961	1
14842.7197	1
14850.4434	1
14858.1670	1
14865.8906	1
14873.6143	1
14881.3379	1
14889.0615	1
14896.7852	1
14904.5088	-1
14912.2324	-1
14919.9561	-1
14927.6797	-1
14935.4033	-1
14943.1270	-1
14950.8506	-1
14958.5742	-1
14966.2979	-1
14974.0215	-1
14981.7451	-1
14989.4688	-1
14997.1924	-1
15004.9160	-1
15012.6396	-1
15020.3633	-1
15028.0869	-1
15035.8105	-1
15043.5342	-1
15051.2578	-1
15058.9814	-1
15066.7061	-1
15074.4307	-1
15082.1553	-1
15089.8799	-1
15097.6045	-1
15105.3291	-1
15113.0537	-1
15120.7783	-1
15128.5029	-1
15136.2275	-1
15143.9521	-1
15151.6768	-1
15159.4014	-1
15167.1260	-1
15174.8506	-1
15182.5752	-1
15190.2998	-1
15198.0244	-1
15205.7490	-1
15213.4736	-1
15221.1982	-1
15228.9229	-1
15236.6475	-1
15244.3721	-1
15252.0967	-1
15259.8213	-1
15267.5459	-1
15275.2715	-1
15282.9971	-1
15290.7227	-1
15298.4482	-1
15306.1738	-1
15313.8994	-1
15321.6260	-1
15329.3525	-1
15337.0791	-1
15344.8057	-1
15352.5322	-1
15360.2588	-1
15367.9854	-1
15375.7119	-1
15383.4385	-1
15391.1650	-1
15398.8916	-1
15406.6182	-1
15414.3457	-1
15422.0732	-1
15429.8008	-1
15437.5283	-1
15445.2559	-1
15452.9834	-1
15460.7109	-1
15468.4385	-1
15476.1660	-1
15483.8936	-1
15491.6211	-1
15499.3486	-1
15507.0762	-1
15514.8037	-1
15522.5312	-1
15530.2588	-1
15537.9863	-1
15545.7139	-1
15553.4414	-1
15561.1689	-1
15568.8965	-1
15576.6240	-1
15584.3516	-1
15592.0791	-1
15599.8066	-1
15607.5342	-1
15615.2617	-1
15622.9893	-1
15630.7168	-1
15638.4443	-1
15646.1719	-1
15653.8994	-1
15661.6270	-1
15669.3545	-1
15677.0820	-1
15684.8096	-1
15692.5371	-1
15700.2754	1
15708.0146	-1
15715.7539	1
15723.4932	1
15731.2334	-1
15738.9736	-1
15746.7139	-1
15754.4541	-1
15762.1943	-1
15769.9346	-1
15777.6748	-1
15785.4150	-1
15793.1553	-1
15800.8955	-1
15808.6357	-1
15816.3760	-1
15824.1260	1
15831.8770	-1
15839.6279	1
15847.3799	1
15855.1328	-1
15862.8857	-1
15870.6387	-1
15878.3916	-1
15886.1445	-1
15893.8975	-1
15901.6504	-1
15909.4033	-1
15917.1562	-1
15924.9092	-1
15932.6621	-1
15940.4150	-1
15948.1680	1
15955.9209	1
15963.6738	1
15971.4268	1
15979.1816	-1
15986.9365	-1
15994.6914	-1
16002.4463	-1
16010.2012	-1
16017.9561	-1
16025.7109	-1
16033.4658	-1
16041.2207	-1
16048.9756	-1
16056.7305	-1
16064.4854	-1
16072.2402	-1
16079.9951	-1
16087.7500	-1
16095.5049	-1
16103.2598	-1
16111.0146	-1
16118.7695	1
16126.5244	1
16134.2793	-1
16142.0342	-1
16149.7891	-1
16157.5439	-1
16165.2988	-1
16173.0537	-1
16180.8086	1
16188.5635	1
16196.3193	1
16204.0752	1
16211.8311	1
16219.5869	1
16227.3447	-1
16235.1025	-1
16242.8604	-1
16250.6182	-1
16258.3760	-1
16266.1338	-1
16273.8926	1
16281.6514	1
16289.4102	-1
16297.1689	-1
16304.9277	-1
16312.6865	-1
16320.4453	-1
16328.2041	-1
16335.9629	-1
16343.7217	-1
16351.4805	-1
16359.2393	-1
16366.9980	-1
16374.7568	-1
16382.5156	-1
16390.2754	-1
16398.0352	-1
16405.7949	-1
16413.5547	-1
16421.3145	-1
16429.0742	-1
16436.8340	-1
16444.5938	-1
16452.3535	-1
16460.1133	-1
16467.8730	-1
16475.6328	-1
16483.3926	-1
16491.1523	-1
16498.9121	-1
16506.6719	-1
16514.4316	-1
16522.1914	-1
16529.9512	-1
16537.7109	-1
16545.4707	-1
16553.2305	-1
16560.9902	-1
16568.7500	-1
16576.5098	-1
16584.2695	-1
16592.0293	-1
16599.7891	-1
16607.5488	-1
16615.3105	1
16623.0723	1
16630.8340	1
16638.5957	1
16646.3574	1
16654.1191	1
16661.8809	1
16669.6426	-1
16677.4043	1
16685.1660	-1
16692.9277	-1
16700.6895	-1
16708.4512	-1
16716.2129	-1
16723.9746	1
16731.7363	1
16739.4980	1
16747.2598	1
16755.0215	1
16762.7832	1
16770.5449	-1
16778.3066	-1
16786.0684	-1
16793.8301	-1
16801.5918	-1
16809.3535	-1
16817.1152	1
16824.8770	1
16832.6387	1
16840.4004	1
16848.1641	-1
16855.9277	-1
16863.6914	-1
16871.4551	-1
16879.2188	-1
16886.9824	-1
16894.7461	1
16902.5098	1
16910.2754	-1
16918.0410	-1
16925.8066	-1
16933.5723	-1
16941.3379	-1
16949.1035	-1
16956.8691	1
16964.6348	1
16972.4043	-1
16980.1738	-1
16987.9434	-1
16995.7129	-1
17003.4824	-1
17011.2520	-1
17019.0215	-1
17026.7910	-1
17034.5605	-1
17042.3301	-1
17050.0996	-1
17057.8691	-1
17065.6406	-1
17073.4121	-1
17081.1836	-1
17088.9551	-1
17096.7266	-1
17104.4980	-1
17112.2695	-1
17120.0410	-1
17127.8125	-1
17135.5840	-1
17143.3555	-1
17151.1270	-1
17158.8984	-1
17166.6699	-1
17174.4414	-1
17182.2129	-1
17189.9844	-1
17197.7559	-1
17205.5273	-1
17213.2988	-1
17221.0703	-1
17228.8418	-1
17236.6133	-1
17244.3848	-1
17252.1562	-1
17259.9277	-1
17267.6992	-1
17275.4707	-1
17283.2422	-1
17291.0137	-1
17298.7852	-1
17306.5566	-1
17314.3281	-1
17322.0996	-1
17329.8711	-1
17337.6426	-1
17345.4141	-1
17353.1855	-1
17360.9570	-1
17368.7285	-1
17376.5000	-1
17384.2715	-1
17392.0430	-1
17399.8145	-1
17407.5859	-1
17415.3574	-1
17423.1289	-1
17430.9004	-1
17438.6719	-1
17446.4434	-1
17454.2148	-1
17461.9863	-1
17469.7578	-1
17477.5293	-1
17485.3008	-1
17493.0723	-1
17500.8438	-1
17508.6152	-1
17516.3867	-1
17524.1582	-1
17531.9297	-1
17539.7012	-1
17547.4727	-1
17555.2441	-1
17563.0156	-1
17570.7871	-1
17578.5586	1
17586.3320	1
17594.1055	1
17601.8789	-1
17609.6523	-1
17617.4258	-1
17625.1992	-1
17632.9727	-1
17640.7461	-1
17648.5195	1
17656.2930	-1
17664.0664	-1
17671.8398	-1
17679.6133	-1
17687.3867	-1
17695.1602	-1
17702.9336	-1
17710.7070	-1
17718.4805	-1
17726.2539	-1
17734.0273	-1
17741.8008	-1
17749.5742	-1
17757.3477	-1
17765.1211	-1
17772.8945	-1
17780.6680	-1
17788.4414	-1
17796.2148	-1
17803.9883	-1
17811.7617	-1
17819.5352	-1
17827.3086	-1
17835.0820	-1
17842.8555	-1
17850.6289	-1
17858.4023	-1
17866.1758	-1
17873.9492	-1
17881.7227	-1
17889.4961	-1
17897.2695	-1
17905.0430	-1
17912.8164	-1
17920.5898	-1
17928.3633	-1
17936.1367	1
17943.9102	1
17951.6836	1
17959.4570	1
17967.2305	1
17975.0039	1
17982.7773	1
17990.5508	1
17998.3242	1
18006.0977	1
18013.8711	1
18021.6445	1
18029.4180	1
18037.1914	1
18044.9648	1
18052.7383	1
18060.5117	1
18068.2891	-1
18076.0664	-1
18083.8438	-1
18091.6211	-1
18099.3984	-1
18107.1758	-1
18114.9531	-1
18122.7305	-1
18130.5078	-1
18138.2852	-1
18146.0625	-1
18153.8398	-1
18161.6191	-1
18169.3984	-1
18177.1777	-1
18184.9570	-1
18192.7363	-1
18200.5156	-1
18208.2949	-1
18216.0742	-1
18223.8535	-1
18231.6328	-1
18239.4121	-1
18247.1914	-1
18254.9707	-1
18262.7500	-1
18270.5293	-1
18278.3086	-1
18286.0879	-1
18293.8672	-1
18301.6465	-1
18309.4258	-1
18317.2051	-1
18324.9844	-1
18332.7637	-1
18340.5430	-1
18348.3242	-1
18356.1074	-1
18363.8906	-1
18371.6738	-1
18379.4570	-1
18387.2402	-1
18395.0234	-1
18402.8066	-1
18410.5898	-1
18418.3730	-1
18426.1562	-1
18433.9395	-1
18441.7227	-1
18449.5059	-1
18457.2891	-1
18465.0723	-1
18472.8555	-1
18480.6387	-1
18488.4219	-1
18496.2051	-1
18503.9883	-1
18511.7715	-1
18519.5547	-1
18527.3379	-1
18535.1211	-1
18542.9043	-1
18550.6875	-1
18558.4707	-1
18566.2539	-1
18574.0371	-1
18581.8203	-1
18589.6035	-1
18597.3867	-1
18605.1699	-1
18612.9531	-1
18620.7363	-1
18628.5195	-1
18636.3027	-1
18644.0859	-1
18651.8691	-1
18659.6523	-1
18667.4355	-1
18675.2207	-1
18683.0059	-1
18690.7910	-1
18698.5762	-1
18706.3613	-1
18714.1465	-1
18721.9316	-1
18729.7168	-1
18737.5020	-1
18745.2871	-1
18753.0723	-1
18760.8574	-1
18768.6426	-1
18776.4277	-1
18784.2129	-1
18791.9980	-1
18799.7832	-1
18807.5684	-1
18815.3535	-1
18823.1387	-1
18830.9238	-1
18838.7090	-1
18846.4941	-1
18854.2793	-1
18862.0645	-1
18869.8496	-1
18877.6348	-1
18885.4199	-1
18893.2051	-1
18900.9902	-1
18908.7754	-1
18916.5605	-1
18924.3457	-1
18932.1309	-1
18939.9160	-1
18947.7012	-1
18955.4863	-1
18963.2715	-1
18971.0566	-1
18978.8418	-1
18986.6270	-1
18994.4121	-1
19002.1973	-1
19009.9824	-1
19017.7676	-1
19025.5527	-1
19033.3477	1
19041.1445	-1
19048.9414	1
19056.7383	1
19064.5352	-1
19072.3320	-1
19080.1289	-1
19087.9258	-1
19095.7227	-1
19103.5195	-1
19111.3184	-1
19119.1172	-1
19126.9160	-1
19134.7148	-1
19142.5137	-1
19150.3125	-1
19158.1113	1
19165.9102	1
19173.7090	1
19181.5078	1
19189.3066	-1
19197.1055	-1
19204.9043	-1
19212.7031	-1
19220.5020	-1
19228.3008	-1
19236.0996	-1
19243.8984	-1
19251.6973	-1
19259.4961	-1
19267.2949	-1
19275.0938	-1
19282.8926	1
19290.6914	-1
19298.4902	-1
19306.2891	-1
19314.0879	-1
19321.8867	-1
19329.6855	-1
19337.4844	-1
19345.2832	-1
19353.0820	-1
19360.8809	-1
19368.6797	-1
19376.4785	-1
19384.2793	-1
19392.0801	-1
19399.8809	-1
19407.6816	-1
19415.4922	1
19423.3027	-1
19431.1152	1
19438.9277	1
19446.7402	-1
19454.5527	-1
19462.3652	-1
19470.1875	1
19478.0117	-1
19485.8359	1
19493.6602	1
19501.4844	-1
19509.3086	-1
19517.1426	1
19524.9785	-1
19532.8145	1
19540.6504	1
19548.4863	-1
19556.3223	-1
19564.1582	-1
19571.9941	-1
19579.8301	-1
19587.6660	-1
19595.5020	-1
19603.3379	-1
19611.1738	-1
19619.0098	-1
19626.8457	-1
19634.6816	-1
19642.5176	1
19650.3555	1
19658.1934	1
19666.0312	1
19673.8691	-1
19681.7070	-1
19689.5449	-1
19697.3828	-1
19705.2207	-1
19713.0586	-1
19720.8965	-1
19728.7344	-1
19736.5723	-1
19744.4102	-1
19752.2480	-1
19760.0859	-1
19767.9238	-1
19775.7617	-1
19783.5996	-1
19791.4375	-1
19799.2754	-1
19807.1133	-1
19814.9512	-1
19822.7891	-1
19830.6367	1
19838.4863	-1
19846.3359	1
19854.1855	1
19862.0352	-1
19869.8848	-1
19877.7344	-1
19885.5840	-1
19893.4336	-1
19901.2832	-1
19909.1328	-1
19916.9824	-1
19924.8320	-1
19932.6914	1
19940.5527	-1
19948.4141	1
19956.2754	1
19964.1387	-1
19972.0020	-1
19979.8652	-1
19987.7383	1
19995.6113	-1
20003.4863	1
20011.3613	1
20019.2363	-1
20027.1113	-1
20034.9961	1
20042.8828	-1
20050.7695	1
20058.6562	1
20066.5449	-1
20074.4336	-1
20082.3320	1
20090.2305	-1
20098.1289	1
20106.0293	1
20113.9297	-1
20121.8301	-1
20129.7402	1
20137.6504	-1
20145.5625	1
20153.4746	1
20161.3867	-1
20169.2988	-1
20177.2207	1
20185.1426	-1
20193.0664	1
20200.9902	1
20208.9141	-1
20216.8379	-1
20224.7617	-1
20232.6855	-1
20240.6094	-1
20248.5332	-1
20256.4570	-1
20264.3809	-1
20272.3047	-1
20280.2285	-1
20288.1523	-1
20296.0762	-1
20304.0000	1
20311.9238	1
20319.8477	1
20327.7715	1
20335.6953	-1
20343.6191	-1
20351.5430	-1
20359.4668	-1
20367.3906	-1
20375.3145	-1
20383.2383	-1
20391.1621	-1
20399.0859	-1
20407.0098	-1
20414.9336	-1
20422.8574	-1
20430.7832	-1
20438.7090	-1
20446.6348	-1
20454.5605	-1
20462.4863	-1
20470.4121	-1
20478.3379	-1
20486.2637	1
20494.1895	-1
20502.1152	-1
20510.0410	-1
20517.9668	-1
20525.8926	-1
20533.8184	1
20541.7441	1
20549.6699	1
20557.5957	1
20565.5215	1
20573.4473	1
20581.3730	-1
20589.2988	-1
20597.2246	-1
20605.1504	-1
20613.0762	-1
20621.0020	-1
20628.9277	-1
20636.8535	-1
20644.7793	-1
20652.7051	-1
20660.6309	-1
20668.5566	-1
20676.4844	-1
20684.4121	-1
20692.3398	-1
20700.2676	-1
20708.1953	-1
20716.1230	-1
20724.0508	-1
20731.9785	-1
20739.9062	-1
20747.8340	-1
20755.7617	-1
20763.6895	-1
20771.6172	-1
20779.5449	-1
20787.4727	-1
20795.4004	-1
20803.3281	-1
20811.2559	-1
20819.1836	-1
20827.1113	-1
20835.0391	-1
20842.9668	-1
20850.8945	-1
20858.8223	-1
20866.7500	-1
20874.6777	-1
20882.6055	-1
20890.5430	1
20898.4824	-1
20906.4219	1
20914.3613	1
20922.3008	-1
20930.2402	-1
20938.1895	1
20946.1406	-1
20954.0918	1
20962.0430	1
20969.9941	-1
20977.9453	-1
20985.8965	-1
20993.8477	-1
21001.7988	-1
21009.7500	-1
21017.7031	-1
21025.6562	-1
21033.6094	-1
21041.5625	-1
21049.5156	-1
21057.4688	-1
21065.4219	1
21073.3750	1
21081.3281	1
21089.2812	1
21097.2363	-1
21105.1914	-1
21113.1465	-1
21121.1016	-1
21129.0566	-1
21137.0117	-1
21144.9668	-1
21152.9219	-1
21160.8770	-1
21168.8320	-1
21176.7871	-1
21184.7422	-1
21192.6973	-1
21200.6523	-1
21208.6074	-1
21216.5625	-1
21224.5176	-1
21232.4727	-1
21240.4277	1
21248.3828	1
21256.3379	-1
21264.2930	-1
21272.2480	-1
21280.2031	-1
21288.1582	-1
21296.1133	-1
21304.0684	-1
21312.0234	-1
21319.9785	-1
21327.9336	-1
21335.8887	-1
21343.8438	-1
21351.7988	-1
21359.7637	1
21367.7305	-1
21375.6973	1
21383.6641	1
21391.6328	-1
21399.6016	-1
21407.5703	-1
21415.5391	-1
21423.5078	-1
21431.4766	-1
21439.4453	-1
21447.4141	-1
21455.3828	-1
21463.3516	-1
21471.3203	-1
21479.2891	-1
21487.2578	1
21495.2266	1
21503.1953	1
21511.1641	1
21519.1348	-1
21527.1055	-1
21535.0762	-1
21543.0469	-1
21551.0176	-1
21558.9883	-1
21566.9590	-1
21574.9297	-1
21582.9004	-1
21590.8711	-1
21598.8418	-1
21606.8125	-1
21614.7832	-1
21622.7539	-1
21630.7246	-1
21638.6953	-1
21646.6660	-1
21654.6367	-1
21662.6074	-1
21670.5781	-1
21678.5488	-1
21686.5195	-1
21694.4902	-1
21702.4609	-1
21710.4316	1
21718.4023	1
21726.3730	1
21734.3438	1
21742.3145	1
21750.2852	1
21758.2559	1
21766.2266	1
21774.1992	-1
21782.1719	-1
21790.1445	-1
21798.1172	-1
21806.0898	-1
21814.0625	-1
21822.0371	1
21830.0117	1
21837.9863	-1
21845.9609	-1
21853.9355	-1
21861.9102	-1
21869.8848	-1
21877.8594	-1
21885.8340	-1
21893.8086	-1
21901.7832	-1
21909.7578	-1
21917.7324	-1
21925.7070	-1
21933.6816	-1
21941.6562	-1
21949.6309	-1
21957.6055	-1
21965.5801	-1
21973.5547	-1
21981.5293	-1
21989.5039	-1
21997.4785	-1
22005.4531	-1
22013.4277	-1
22021.4023	-1
22029.3770	-1
22037.3516	-1
22045.3262	-1
22053.3008	-1
22061.2754	-1
22069.2500	-1
22077.2246	-1
22085.1992	-1
22093.1738	-1
22101.1484	-1
22109.1230	-1
22117.0977	-1
22125.0723	-1
22133.0469	-1
22141.0215	-1
22148.9961	-1
22156.9707	-1
22164.9453	-1
22172.9199	1
22180.8945	1
22188.8711	-1
22196.8477	-1
22204.8242	-1
22212.8008	-1
22220.7773	-1
22228.7539	-1
22236.7305	-1
22244.7070	-1
22252.6836	-1
22260.6602	-1
22268.6367	-1
22276.6133	-1
22284.5898	-1
22292.5664	-1
22300.5430	-1
22308.5195	-1
22316.4961	-1
22324.4727	-1
22332.4492	-1
22340.4355	1
22348.4238	-1
22356.4121	1
22364.4004	1
22372.3906	-1
22380.3809	-1
22388.3809	1
22396.3809	-1
22404.3809	1
22412.3809	1
22420.3828	-1
22428.3848	-1
22436.3965	1
22444.4102	-1
22452.4238	1
22460.4375	1
22468.4512	-1
22476.4648	-1
22484.4883	1
22492.5137	-1
22500.5391	1
22508.5645	1
22516.5898	-1
22524.6152	-1
22532.6504	1
22540.6855	-1
22548.7227	1
22556.7598	1
22564.7969	-1
22572.8340	-1
22580.8809	1
22588.9277	-1
22596.9766	1
22605.0254	1
22613.0742	-1
22621.1230	-1
22629.1719	-1
22637.2305	1
22645.2910	-1
22653.3516	1
22661.4121	1
22669.4727	-1
22677.5332	-1
22685.5938	-1
22693.6641	1
22701.7363	-1
22709.8086	1
22717.8809	1
22725.9531	-1
22734.0254	-1
22742.1074	1
22750.1914	-1
22758.2754	1
22766.3594	1
22774.4434	-1
22782.5273	-1
22790.6133	-1
22798.7090	1
22806.8047	-1
22814.9004	1
22822.9961	1
22831.0938	-1
22839.1914	-1
22847.2891	-1
22855.3965	1
22863.5039	-1
22871.6133	1
22879.7227	1
22887.8320	-1
22895.9414	-1
22904.0605	1
22912.1816	-1
22920.3027	1
22928.4238	1
22936.5449	-1
22944.6660	-1
22952.7969	1
22960.9297	-1
22969.0625	1
22977.1953	1
22985.3281	-1
22993.4609	-1
23001.5938	-1
23009.7266	-1
23017.8594	-1
23025.9922	-1
23034.1250	-1
23042.2578	-1
23050.3906	-1
23058.5234	-1
23066.6562	-1
23074.7891	-1
23082.9238	1
23091.0586	1
23099.1934	1
23107.3281	1
23115.4648	-1
23123.6016	-1
23131.7383	-1
23139.8750	-1
23148.0117	-1
23156.1484	-1
23164.2852	-1
23172.4219	-1
23180.5586	-1
23188.6953	-1
23196.8320	-1
23204.9688	-1
23213.1055	-1
23221.2422	-1
23229.3789	-1
23237.5156	-1
23245.6523	-1
23253.7891	-1
23261.9258	-1
23270.0625	-1
23278.1992	-1
23286.3359	-1
23294.4727	-1
23302.6094	-1
23310.7461	1
23318.8828	1
23327.0215	-1
23335.1602	-1
23343.2988	-1
23351.4375	-1
23359.5762	-1
23367.7148	-1
23375.8535	-1
23383.9922	-1
23392.1309	-1
23400.2695	-1
23408.4082	-1
23416.5547	1
23424.7031	-1
23432.8516	1
23441.0000	1
23449.1504	-1
23457.3008	-1
23465.4512	-1
23473.6016	-1
23481.7520	-1
23489.9023	-1
23498.0527	-1
23506.2031	-1
23514.3535	-1
23522.5039	-1
23530.6543	-1
23538.8047	-1
23546.9551	1
23555.1055	1
23563.2559	1
23571.4062	-1
23579.5566	-1
23587.7070	-1
23595.8574	-1
23604.0078	-1
23612.1582	-1
23620.3086	-1
23628.4590	-1
23636.6094	-1
23644.7598	-1
23652.9102	-1
23661.0605	-1
23669.2109	-1
23677.3711	1
23685.5332	-1
23693.6953	1
23701.8574	1
23710.0195	-1
23718.1816	-1
23726.3438	-1
23734.5059	-1
23742.6680	-1
23750.8301	-1
23758.9922	-1
23767.1543	-1
23775.3164	-1
23783.4785	-1
23791.6406	-1
23799.8027	-1
23807.9668	1
23816.1309	1
23824.2949	1
23832.4590	1
23840.6230	-1
23848.7871	-1
23856.9512	-1
23865.1152	-1
23873.2793	-1
23881.4434	-1
23889.6094	1
23897.7754	1
23905.9414	-1
23914.1074	-1
23922.2734	-1
23930.4395	-1
23938.6055	-1
23946.7715	-1
23954.9375	-1
23963.1035	-1
23971.2695	-1
23979.4355	-1
23987.6016	-1
23995.7676	-1
24003.9336	-1
24012.0996	-1
24020.2656	-1
24028.4316	-1
24036.5977	-1
24044.7637	-1
24052.9297	1
24061.0957	1
24069.2617	1
24077.4277	1
24085.5938	1
24093.7598	1
24101.9277	-1
24110.0957	-1
24118.2637	-1
24126.4316	-1
24134.5996	-1
24142.7676	-1
24150.9355	1
24159.1035	1
24167.2715	-1
24175.4395	-1
24183.6074	-1
24191.7754	-1
24199.9434	-1
24208.1113	-1
24216.2793	1
24224.4473	1
24232.6172	-1
24240.7871	-1
24248.9570	-1
24257.1270	-1
24265.2969	-1
24273.4668	-1
24281.6367	-1
24289.8066	-1
24297.9766	-1
24306.1465	-1
24314.3164	-1
24322.4863	-1
24330.6582	-1
24338.8301	-1
24347.0020	-1
24355.1738	-1
24363.3457	-1
24371.5176	-1
24379.6895	-1
24387.8613	-1
24396.0332	-1
24404.2051	-1
24412.3770	-1
24420.5488	-1
24428.7207	1
24436.8926	1
24445.0645	1
24453.2363	1
24461.4082	1
24469.5801	1
24477.7520	1
24485.9238	1
24494.0957	-1
24502.2676	-1
24510.4395	-1
24518.6113	-1
24526.7832	-1
24534.9551	-1
24543.1270	-1
24551.2988	-1
24559.4707	-1
24567.6426	-1
24575.8145	-1
24583.9863	-1
24592.1582	-1
24600.3301	-1
24608.5020	-1
24616.6738	-1
24624.8457	-1
24633.0176	-1
24641.1895	-1
24649.3613	-1
24657.5332	-1
24665.7051	-1
24673.8770	-1
24682.0488	-1
24690.2227	-1
24698.3965	-1
24706.5703	-1
24714.7441	-1
24722.9180	-1
24731.0918	-1
24739.2656	-1
24747.4395	-1
24755.6133	-1
24763.7871	-1
24771.9609	-1
24780.1348	-1
24788.3105	1
24796.4863	1
24804.6621	1
24812.8379	1
24821.0137	1
24829.1895	1
24837.3652	1
24845.5410	1
24853.7168	1
24861.8926	1
24870.0684	1
24878.2441	1
24886.4199	-1
24894.5957	-1
24902.7715	-1
24910.9473	-1
24919.1230	-1
24927.2988	-1
24935.4766	1
24943.6543	1
24951.8320	-1
24960.0098	-1
24968.1875	-1
24976.3652	-1
24984.5430	-1
24992.7207	-1
25000.8984	-1
25009.0762	-1
25017.2539	-1
25025.4316	-1
25033.6094	-1
25041.7871	-1
25049.9648	-1
25058.1426	-1
25066.3203	-1
25074.4980	-1
25082.6758	-1
25090.8535	-1
25099.0332	-1
25107.2129	-1
25115.3926	-1
25123.5723	-1
25131.7520	-1
25139.9316	-1
25148.1113	-1
25156.2910	-1
25164.4707	-1
25172.6504	-1
25180.8301	-1
25189.0098	-1
25197.1895	-1
25205.3691	-1
25213.5488	-1
25221.7285	-1
25229.9082	-1
25238.0879	-1
25246.2676	1
25254.4473	1
25262.6270	1
25270.8066	1
25278.9863	1
25287.1660	1
25295.3457	1
25303.5254	1
25311.7051	1
25319.8848	1
25328.0664	-1
25336.2480	-1
25344.4297	-1
25352.6113	-1
25360.7930	-1
25368.9746	-1
25377.1562	-1
25385.3379	-1
25393.5195	-1
25401.7012	-1
25409.8828	-1
25418.0645	-1
25426.2461	-1
25434.4277	-1
25442.6094	-1
25450.7910	-1
25458.9727	-1
25467.1543	-1
25475.3359	-1
25483.5176	-1
25491.6992	-1
25499.8809	-1
25508.0625	-1
25516.2441	-1
25524.4277	-1
25532.6113	-1
25540.7949	-1
25548.9785	-1
25557.1621	-1
25565.3457	-1
25573.5293	-1
25581.7129	-1
25589.8965	-1
25598.0801	-1
25606.2637	-1
25614.4473	-1
25622.6309	-1
25630.8145	-1
25638.9980	-1
25647.1816	-1
25655.3652	-1
25663.5488	-1
25671.7324	-1
25679.9160	-1
25688.0996	-1
25696.2832	-1
25704.4668	-1
25712.6504	-1
25720.8359	-1
25729.0215	-1
25737.2070	-1
25745.3926	-1
25753.5781	-1
25761.7637	-1
25769.9492	-1
25778.1348	-1
25786.3203	-1
25794.5059	-1
25802.6914	-1
25810.8770	-1
25819.0625	-1
25827.2480	-1
25835.4336	-1
25843.6191	-1
25851.8047	-1
25859.9902	-1
25868.1758	-1
25876.3613	-1
25884.5469	-1
25892.7324	-1
25900.9180	-1
25909.1035	-1
25917.2891	-1
25925.4746	-1
25933.6602	-1
25941.8457	-1
25950.0312	-1
25958.2168	-1
25966.4023	-1
25974.5879	-1
25982.7734	-1
25990.9590	-1
25999.1445	-1
26007.3301	-1
26015.5176	-1
26023.7051	-1
26031.8926	-1
26040.0801	-1
26048.2676	-1
26056.4551	-1
26064.6426	-1
26072.8301	-1
26081.0176	-1
26089.2051	-1
26097.3926	-1
26105.5801	-1
26113.7676	-1
26121.9551	-1
26130.1426	-1
26138.3301	-1
26146.5176	-1
26154.7051	-1
26162.8945	-1
26171.0840	-1
26179.2734	-1
26187.4629	-1
26195.6523	-1
26203.8418	-1
26212.0312	-1
26220.2207	-1
26228.4102	-1
26236.5996	-1
26244.7891	-1
26252.9785	-1
26261.1680	-1
26269.3574	-1
26277.5469	-1
26285.7363	-1
26293.9258	-1
26302.1152	-1
26310.3047	-1
26318.4941	-1
26326.6836	-1
26334.8730	-1
26343.0625	-1
26351.2520	-1
26359.4414	-1
26367.6309	-1
26375.8203	-1
26384.0098	-1
26392.1992	-1
26400.3887	-1
26408.5781	-1
26416.7676	-1
26424.9570	-1
26433.1465	-1
26441.3359	-1
26449.5254	-1
26457.7148	-1
26465.9043	-1
26474.0938	-1
26482.2832	-1
26490.4727	-1
26498.6621	-1
26506.8516	-1
26515.0410	-1
26523.2305	-1
26531.4199	-1
26541.1445	1
26550.8711	-1
