0.0000	0
0.3098	1
0.8708	888
1.1659	888
1.3956	-1
1.7299	888
1.8533	888
2.1289	888
2.3680	888
2.4819	1
2.8232	888
2.8814	888
3.4723	888
3.6903	888
3.6977	888
3.6992	-888
3.7972	888
4.3627	888
4.3942	888
4.4266	888
4.5191	-888
4.7163	888
4.7181	888
4.7215	888
4.8393	-888
5.0211	888
5.4468	888
5.5852	888
5.7339	888
6.0270	888
6.0651	-888
6.2004	-888
6.3628	888
6.3874	888
6.4250	888
6.7090	888
6.7346	888
6.7626	888
6.7634	-888
6.7662	888
6.8183	888
6.9526	-888
6.9805	888
7.2691	-888
7.2781	-888
7.3617	888
7.4022	888
7.6288	888
7.7544	888
7.7945	888
8.2823	888
8.3262	888
8.3299	-888
8.5138	888
8.5226	-888
8.5428	888
8.5898	888
8.8115	888
8.8547	888
8.9388	-888
8.9390	888
9.0302	-888
9.1140	888
9.2099	888
9.3359	888
9.3545	888
9.4786	1
9.4986	888
9.7949	888
9.8146	888
9.9913	888
10.1138	888
10.5227	888
10.5378	888
10.5543	888
10.7102	888
10.7568	888
11.1232	-888
11.1906	888
11.3865	888
11.4561	-888
11.6071	888
11.6399	888
12.0193	888
12.3340	888
12.3457	888
12.5275	888
12.7098	888
12.8459	888
13.2415	888
13.3041	888
13.4561	-888
13.5928	888
14.0612	888
14.2284	888
14.6764	-888
14.7443	888
14.7901	888
14.8560	888
14.9175	888
14.9385	888
15.0401	888
15.1134	888
15.4434	-888
15.5412	888
15.6753	888
15.9317	-888
16.3471	888
16.4773	-1
16.5335	888
16.5389	888
16.6755	888
16.9030	888
17.2542	888
17.3351	888
19.0123	888
19.8028	888
20.8503	888
21.3696	888
21.4146	888
22.0719	888
22.1670	888
23.4764	1
27.7928	-888
30.4755	1
37.4760	-1
44.4766	-1
51.4772	-1
58.4777	-1
65.4783	-1
72.4789	-1
79.4795	-1
86.4802	-1
93.4809	-1
100.4815	-1
107.4822	-1
114.4829	-1
121.4840	1
128.4852	1
135.4865	1
142.4878	1
149.4908	-1
156.4937	-1
163.4966	-1
170.4995	-1
177.5025	-1
184.5054	-1
191.5085	-1
198.5115	-1
205.5146	-1
212.5177	-1
219.5208	-1
226.5239	-1
233.5271	-1
240.5303	-1
247.5335	-1
254.5367	-1
261.5399	-1
268.5431	-1
275.5464	-1
282.5497	-1
289.5530	-1
296.5563	-1
303.5596	-1
310.5629	-1
317.5664	1
324.5701	1
331.5739	1
338.5777	1
345.5815	1
352.5854	1
359.5892	1
366.5931	1
373.5998	-1
380.6064	-1
387.6131	-1
394.6198	-1
401.6264	-1
408.6331	-1
415.6398	-1
422.6465	-1
429.6533	-1
436.6601	-1
443.6668	-1
450.6736	-1
457.6805	-1
464.6873	-1
471.6942	-1
478.7011	-1
485.7079	-1
492.7148	-1
499.7218	-1
506.7288	-1
513.7358	-1
520.7428	-1
527.7498	-1
534.7568	-1
541.7639	-1
548.7710	-1
555.7781	-1
562.7852	-1
569.7922	-1
576.7993	-1
583.8065	-1
590.8137	-1
597.8209	-1
604.8281	-1
611.8353	-1
618.8425	-1
625.8498	-1
632.8571	-1
639.8644	-1
646.8718	-1
653.8791	-1
660.8864	-1
667.8939	-1
674.9014	-1
681.9089	-1
688.9164	-1
695.9240	-1
702.9315	-1
709.9393	1
716.9471	1
723.9552	1
730.9634	1
737.9717	1
744.9800	1
751.9883	1
758.9987	-1
766.0091	-1
773.0195	-1
780.0298	-1
787.0402	-1
794.0506	-1
801.0618	-1
808.0731	-1
815.0843	-1
822.0955	-1
829.1068	-1
836.1180	-1
843.1293	-1
850.1407	-1
857.1520	-1
864.1634	-1
871.1747	-1
878.1861	-1
885.1977	-1
892.2093	-1
899.2209	-1
906.2325	-1
913.2441	-1
920.2557	-1
927.2673	-1
934.2791	-1
941.2908	-1
948.3025	-1
955.3142	-1
962.3259	-1
969.3377	-1
976.3495	-1
983.3613	-1
990.3730	-1
997.3848	-1
1004.3966	-1
1011.4085	-1
1018.4204	-1
1025.4324	-1
1032.4443	-1
1039.4563	-1
1046.4795	1
1053.5039	-1
1060.5286	1
1067.5532	1
1074.5791	-1
1081.6050	-1
1088.6309	-1
1095.6567	-1
1102.6826	-1
1109.7085	-1
1116.7345	-1
1123.7605	-1
1130.7865	-1
1137.8125	-1
1144.8385	-1
1151.8645	-1
1158.8909	1
1165.9172	1
1172.9436	1
1179.9701	1
1186.9977	-1
1194.0253	-1
1201.0529	-1
1208.0804	-1
1215.1080	-1
1222.1356	-1
1229.1639	1
1236.1923	1
1243.2206	-1
1250.2489	-1
1257.2772	-1
1264.3055	-1
1271.3339	-1
1278.3622	-1
1285.3910	1
1292.4198	1
1299.4487	-1
1306.4777	-1
1313.5066	-1
1320.5355	-1
1327.5645	-1
1334.5934	-1
1341.6226	-1
1348.6519	-1
1355.6812	-1
1362.7104	-1
1369.7397	-1
1376.7690	-1
1383.7986	1
1390.8282	1
1397.8580	1
1404.8879	1
1411.9188	-1
1418.9497	-1
1425.9806	-1
1433.0115	-1
1440.0424	-1
1447.0732	-1
1454.1042	-1
1461.1353	-1
1468.1663	-1
1475.1973	-1
1482.2283	-1
1489.2594	-1
1496.2915	1
1503.3237	-1
1510.3560	-1
1517.3882	-1
1524.4204	-1
1531.4526	-1
1538.4849	-1
1545.5182	-1
1552.5515	-1
1559.5848	-1
1566.6182	-1
1573.6515	-1
1580.6848	-1
1587.7185	-1
1594.7522	-1
1601.7859	-1
1608.8196	-1
1615.8533	-1
1622.8870	-1
1629.9208	-1
1636.9546	-1
1643.9884	-1
1651.0222	-1
1658.0560	-1
1665.0898	-1
1672.1238	-1
1679.1577	-1
1686.1917	-1
1693.2256	-1
1700.2595	-1
1707.2935	-1
1714.3275	-1
1721.3616	-1
1728.3956	-1
1735.4297	-1
1742.4637	-1
1749.4978	-1
1756.5320	-1
1763.5662	-1
1770.6003	-1
1777.6443	1
1784.6895	-1
1791.7350	1
1798.7805	1
1805.8271	-1
1812.8738	-1
1819.9204	-1
1826.9670	-1
1834.0137	-1
1841.0603	-1
1848.1071	-1
1855.1538	-1
1862.2006	-1
1869.2473	-1
1876.2941	-1
1883.3408	-1
1890.3878	1
1897.4349	1
1904.4821	1
1911.5292	1
1918.5779	-1
1925.6266	-1
1932.6753	-1
1939.7240	-1
1946.7727	-1
1953.8214	-1
1960.8702	-1
1967.9191	-1
1974.9679	-1
1982.0167	-1
1989.0656	-1
1996.1144	-1
2003.1633	-1
2010.2123	-1
2017.2612	-1
2024.3102	-1
2031.3591	-1
2038.4081	-1
2045.4572	-1
2052.5061	-1
2059.5552	-1
2066.6042	-1
2073.6533	-1
2080.7024	-1
2087.7517	1
2094.8010	1
2101.8513	-1
2108.9016	-1
2115.9519	-1
2123.0022	-1
2130.0525	-1
2137.1028	-1
2144.1533	-1
2151.2039	-1
2158.2544	-1
2165.3152	1
2172.3770	-1
2179.4392	1
2186.5015	1
2193.5645	-1
2200.6277	-1
2207.7002	1
2214.7739	-1
2221.8479	1
2228.9219	1
2235.9971	-1
2243.0723	-1
2250.1475	-1
2257.2227	-1
2264.2979	-1
2271.3730	-1
2278.4482	-1
2285.5234	-1
2292.5989	-1
2299.6743	-1
2306.7498	-1
2313.8252	-1
2320.9009	1
2327.9766	1
2335.0522	1
2342.1279	1
2349.2051	-1
2356.2822	-1
2363.3594	-1
2370.4365	-1
2377.5137	-1
2384.5908	-1
2391.6680	-1
2398.7451	-1
2405.8223	-1
2412.8994	-1
2419.9766	-1
2427.0537	-1
2434.1313	1
2441.2090	1
2448.2869	1
2455.3647	-1
2462.4426	1
2469.5205	-1
2476.5984	-1
2483.6763	-1
2490.7542	-1
2497.8320	-1
2504.9099	-1
2511.9878	-1
2519.0657	-1
2526.1436	-1
2533.2214	-1
2540.2993	-1
2547.3779	1
2554.4565	1
2561.5352	1
2568.6140	1
2575.6938	-1
2582.7737	-1
2589.8535	-1
2596.9333	-1
2604.0132	-1
2611.0930	-1
2618.1738	1
2625.2549	1
2632.3359	-1
2639.4170	-1
2646.4980	-1
2653.5791	-1
2660.6602	-1
2667.7412	-1
2674.8225	-1
2681.9038	-1
2688.9851	-1
2696.0664	-1
2703.1477	-1
2710.2290	-1
2717.3103	-1
2724.3916	-1
2731.4729	-1
2738.5542	-1
2745.6355	-1
2752.7168	-1
2759.7991	1
2766.8813	1
2773.9639	1
2781.0464	1
2788.1289	-1
2795.2114	-1
2802.2939	-1
2809.3765	-1
2816.4590	-1
2823.5415	-1
2830.6245	-1
2837.7075	-1
2844.7905	-1
2851.8735	-1
2858.9565	-1
2866.0396	-1
2873.1226	-1
2880.2056	-1
2887.2886	-1
2894.3716	-1
2901.4546	-1
2908.5376	-1
2915.6208	-1
2922.7041	-1
2929.7874	-1
2936.8706	-1
2943.9539	-1
2951.0371	-1
2958.1208	-1
2965.2046	-1
2972.2883	-1
2979.3721	-1
2986.4558	-1
2993.5396	-1
3000.6245	-1
3007.7095	-1
3014.7944	-1
3021.8794	-1
3028.9644	-1
3036.0493	-1
3043.1348	-1
3050.2202	-1
3057.3057	-1
3064.3911	-1
3071.4766	-1
3078.5620	-1
3085.6482	-1
3092.7344	-1
3099.8206	-1
3106.9067	-1
3113.9929	-1
3121.0791	-1
3128.1655	-1
3135.2522	-1
3142.3389	-1
3149.4255	-1
3156.5122	-1
3163.5989	-1
3170.6855	-1
3177.7722	-1
3184.8682	1
3191.9653	-1
3199.0627	1
3206.1604	1
3213.2590	-1
3220.3577	-1
3227.4563	-1
3234.5549	-1
3241.6631	1
3248.7722	-1
3255.8818	1
3262.9915	1
3270.1021	-1
3277.2126	-1
3284.3232	-1
3291.4338	-1
3298.5444	-1
3305.6653	1
3312.7874	-1
3319.9097	1
3327.0320	1
3334.1550	-1
3341.2781	-1
3348.4011	-1
3355.5242	-1
3362.6472	-1
3369.7703	-1
3376.8933	-1
3384.0164	-1
3391.1394	-1
3398.2625	-1
3405.3855	-1
3412.5085	-1
3419.6318	1
3426.7554	1
3433.8789	1
3441.0024	1
3448.1267	-1
3455.2510	-1
3462.3752	-1
3469.4995	-1
3476.6238	-1
3483.7480	-1
3490.8726	-1
3497.9971	-1
3505.1216	-1
3512.2461	-1
3519.3706	-1
3526.4951	-1
3533.6196	-1
3540.7441	-1
3547.8687	-1
3554.9932	-1
3562.1177	-1
3569.2422	-1
3576.3669	-1
3583.4917	-1
3590.6165	-1
3597.7412	-1
3604.8660	-1
3611.9907	-1
3619.1155	1
3626.2402	1
3633.3655	1
3640.4907	1
3647.6160	1
3654.7412	1
3661.8667	1
3668.9922	1
3676.1179	-1
3683.2437	-1
3690.3694	-1
3697.4951	-1
3704.6208	-1
3711.7466	-1
3718.8723	-1
3725.9980	-1
3733.1238	-1
3740.2495	-1
3747.3752	-1
3754.5010	-1
3761.6270	-1
3768.7529	-1
3775.8789	-1
3783.0049	-1
3790.1309	-1
3797.2568	-1
3804.3835	1
3811.5103	1
3818.6370	1
3825.7637	1
3832.8909	-1
3840.0181	-1
3847.1453	-1
3854.2725	-1
3861.3997	-1
3868.5269	-1
3875.6543	-1
3882.7817	-1
3889.9092	-1
3897.0366	-1
3904.1641	-1
3911.2915	-1
3918.4192	-1
3925.5469	-1
3932.6746	-1
3939.8022	-1
3946.9299	-1
3954.0576	-1
3961.1858	-1
3968.3140	-1
3975.4421	-1
3982.5703	-1
3989.6985	-1
3996.8267	-1
4003.9551	-1
4011.0835	-1
4018.2119	-1
4025.3403	-1
4032.4688	-1
4039.5972	-1
4046.7258	-1
4053.8545	-1
4060.9832	-1
4068.1118	-1
4075.2405	-1
4082.3691	-1
4089.4980	-1
4096.6270	-1
4103.7559	-1
4110.8848	-1
4118.0137	-1
4125.1426	-1
4132.2715	-1
4139.4004	-1
4146.5293	-1
4153.6582	-1
4160.7871	-1
4167.9160	-1
4175.0449	-1
4182.1738	-1
4189.3027	-1
4196.4414	1
4203.5815	-1
4210.7217	1
4217.8618	1
4225.0034	-1
4232.1450	-1
4239.2866	-1
4246.4282	-1
4253.5698	-1
4260.7114	-1
4267.8530	-1
4274.9946	-1
4282.1362	-1
4289.2778	-1
4296.4194	-1
4303.5610	-1
4310.7026	1
4317.8442	1
4324.9863	1
4332.1284	1
4339.2720	-1
4346.4155	-1
4353.5591	-1
4360.7026	-1
4367.8462	-1
4374.9897	-1
4382.1333	-1
4389.2769	-1
4396.4204	-1
4403.5640	-1
4410.7075	-1
4417.8511	-1
4424.9946	-1
4432.1382	-1
4439.2817	-1
4446.4253	-1
4453.5688	-1
4460.7124	-1
4467.8564	-1
4475.0005	-1
4482.1445	-1
4489.2886	-1
4496.4326	-1
4503.5767	-1
4510.7212	1
4517.8657	1
4525.0103	1
4532.1548	1
4539.2993	1
4546.4438	1
4553.5903	-1
4560.7368	-1
4567.8833	-1
4575.0298	-1
4582.1763	-1
4589.3228	-1
4596.4692	-1
4603.6157	-1
4610.7622	-1
4617.9087	-1
4625.0552	-1
4632.2017	-1
4639.3481	-1
4646.4946	-1
4653.6411	-1
4660.7876	-1
4667.9341	-1
4675.0806	-1
4682.2280	-1
4689.3755	-1
4696.5229	-1
4703.6704	-1
4710.8179	-1
4717.9653	-1
4725.1133	-1
4732.2612	-1
4739.4092	-1
4746.5571	-1
4753.7051	-1
4760.8530	-1
4768.0010	-1
4775.1489	-1
4782.2969	-1
4789.4551	1
4796.6143	-1
4803.7739	1
4810.9336	1
4818.0942	-1
4825.2549	-1
4832.4155	-1
4839.5762	-1
4846.7368	-1
4853.8975	-1
4861.0581	-1
4868.2188	-1
4875.3794	-1
4882.5400	-1
4889.7007	-1
4896.8613	-1
4904.0225	1
4911.1836	1
4918.3447	1
4925.5059	1
4932.6689	-1
4939.8320	-1
4946.9951	-1
4954.1582	-1
4961.3213	-1
4968.4844	-1
4975.6475	-1
4982.8105	-1
4989.9736	-1
4997.1367	-1
5004.2998	-1
5011.4629	-1
5018.6260	-1
5025.7891	-1
5032.9521	-1
5040.1152	-1
5047.2783	-1
5054.4414	-1
5061.6045	-1
5068.7676	-1
5075.9307	-1
5083.0938	-1
5090.2568	-1
5097.4199	-1
5104.5835	1
5111.7471	1
5118.9106	1
5126.0742	1
5133.2378	1
5140.4019	1
5147.5659	1
5154.7300	1
5161.8960	-1
5169.0620	-1
5176.2280	-1
5183.3940	-1
5190.5601	-1
5197.7261	-1
5204.8926	-1
5212.0591	-1
5219.2256	-1
5226.3921	-1
5233.5586	-1
5240.7251	-1
5247.8921	-1
5255.0591	-1
5262.2261	-1
5269.3931	-1
5276.5601	-1
5283.7271	-1
5290.8940	-1
5298.0610	-1
5305.2280	-1
5312.3950	-1
5319.5620	-1
5326.7290	-1
5333.8965	-1
5341.0640	-1
5348.2314	-1
5355.3989	-1
5362.5664	-1
5369.7339	-1
5376.9014	-1
5384.0688	-1
5391.2363	-1
5398.4038	-1
5405.5713	-1
5412.7388	-1
5419.9062	-1
5427.0737	-1
5434.2412	-1
5441.4087	-1
5448.5762	-1
5455.7437	-1
5462.9111	-1
5470.0898	1
5477.2700	-1
5484.4507	1
5491.6313	1
5498.8125	-1
5505.9937	-1
5513.1748	-1
5520.3560	-1
5527.5371	-1
5534.7183	-1
5541.8999	-1
5549.0928	1
5556.2871	-1
5563.4819	1
5570.6768	1
5577.8721	-1
5585.0674	-1
5592.2632	-1
5599.4697	1
5606.6777	-1
5613.8862	1
5621.0947	1
5628.3037	-1
5635.5127	-1
5642.7217	-1
5649.9312	-1
5657.1519	1
5664.3740	-1
5671.5967	1
5678.8193	1
5686.0430	-1
5693.2666	-1
5700.4902	-1
5707.7251	1
5714.9614	-1
5722.1982	1
5729.4351	1
5736.6729	-1
5743.9106	-1
5751.1592	1
5758.4092	-1
5765.6597	1
5772.9102	1
5780.1616	-1
5787.4131	-1
5794.6753	1
5801.9385	-1
5809.2021	1
5816.4658	1
5823.7300	-1
5830.9941	-1
5838.2583	-1
5845.5229	-1
5852.7974	1
5860.0732	-1
5867.3491	1
5874.6250	1
5881.9014	-1
5889.1777	-1
5896.4541	-1
5903.7314	-1
5911.0186	1
5918.3071	-1
5925.5957	1
5932.8843	1
5940.1738	-1
5947.4634	-1
5954.7529	-1
5962.0522	1
5969.3530	-1
5976.6538	1
5983.9546	1
5991.2568	-1
5998.5591	-1
6005.8613	-1
6013.1636	-1
6020.4658	-1
6027.7681	-1
6035.0703	-1
6042.3726	-1
6049.6748	-1
6056.9771	-1
6064.2793	-1
6071.5815	-1
6078.8843	1
6086.1870	1
6093.4907	-1
6100.7944	-1
6108.0981	-1
6115.4019	-1
6122.7056	-1
6130.0093	-1
6137.3130	-1
6144.6270	1
6151.9424	-1
6159.2578	1
6166.5732	1
6173.8892	-1
6181.2056	-1
6188.5317	1
6195.8594	-1
6203.1875	1
6210.5156	1
6217.8447	-1
6225.1738	-1
6232.5029	-1
6239.8423	1
6247.1831	-1
6254.5239	1
6261.8652	1
6269.2075	-1
6276.5498	-1
6283.8921	-1
6291.2344	-1
6298.5767	-1
6305.9189	-1
6313.2612	-1
6320.6035	-1
6327.9458	-1
6335.2988	1
6342.6533	-1
6350.0083	1
6357.3633	1
6364.7197	-1
6372.0762	-1
6379.4326	-1
6386.7891	-1
6394.1455	-1
6401.5020	-1
6408.8584	-1
6416.2148	-1
6423.5713	-1
6430.9277	-1
6438.2842	-1
6445.6406	-1
6452.9971	1
6460.3540	1
6467.7109	1
6475.0679	1
6482.4263	-1
6489.7847	-1
6497.1431	-1
6504.5015	-1
6511.8599	-1
6519.2183	-1
6526.5767	-1
6533.9351	-1
6541.2935	-1
6548.6519	-1
6556.0103	-1
6563.3687	-1
6570.7275	-1
6578.0864	-1
6585.4453	-1
6592.8042	-1
6600.1631	-1
6607.5220	-1
6614.8809	1
6622.2397	1
6629.5986	1
6636.9575	1
6644.3164	1
6651.6758	-1
6659.0352	-1
6666.3945	-1
6673.7539	-1
6681.1133	-1
6688.4727	-1
6695.8340	-1
6703.1953	-1
6710.5566	-1
6717.9180	-1
6725.2793	-1
6732.6406	-1
6740.0020	-1
6747.3633	-1
6754.7246	-1
6762.0859	-1
6769.4473	-1
6776.8086	-1
6784.1699	-1
6791.5312	-1
6798.8926	-1
6806.2539	-1
6813.6152	-1
6820.9766	-1
6828.3384	-1
6835.7002	-1
6843.0620	-1
6850.4238	-1
6857.7856	-1
6865.1475	-1
6872.5093	-1
6879.8711	-1
6887.2329	-1
6894.5947	-1
6901.9565	-1
6909.3184	-1
6916.6914	1
6924.0659	-1
6931.4404	1
6938.8149	1
6946.1909	-1
6953.5669	-1
6960.9429	-1
6968.3188	-1
6975.6948	-1
6983.0708	-1
6990.4468	-1
6997.8228	-1
7005.1987	-1
7012.5747	-1
7019.9507	-1
7027.3267	-1
7034.7031	1
7042.0796	1
7049.4561	1
7056.8325	1
7064.2104	-1
7071.5884	-1
7078.9663	-1
7086.3442	-1
7093.7222	-1
7101.1001	-1
7108.4785	1
7115.8569	1
7123.2354	-1
7130.6138	-1
7137.9922	-1
7145.3706	-1
7152.7490	-1
7160.1274	-1
7167.5063	-1
7174.8853	-1
7182.2642	-1
7189.6431	-1
7197.0220	-1
7204.4009	-1
7211.7798	-1
7219.1587	-1
7226.5376	-1
7233.9165	-1
7241.2954	-1
7248.6743	-1
7256.0542	-1
7263.4341	-1
7270.8140	-1
7278.1938	-1
7285.5737	-1
7292.9536	-1
7300.3340	-1
7307.7144	-1
7315.1055	1
7322.4980	-1
7329.8906	1
7337.2837	1
7344.6777	-1
7352.0718	-1
7359.4658	-1
7366.8599	-1
7374.2539	-1
7381.6479	-1
7389.0420	-1
7396.4360	-1
7403.8301	-1
7411.2241	-1
7418.6182	-1
7426.0122	-1
7433.4067	1
7440.8013	1
7448.1958	1
7455.5903	1
7462.9863	-1
7470.3823	-1
7477.7783	-1
7485.1743	-1
7492.5703	-1
7499.9663	-1
7507.3628	-1
7514.7593	-1
7522.1558	-1
7529.5522	-1
7536.9487	-1
7544.3452	-1
7551.7417	1
7559.1382	-1
7566.5347	-1
7573.9312	-1
7581.3276	-1
7588.7241	-1
7596.1206	-1
7603.5171	1
7610.9141	-1
7618.3110	-1
7625.7080	-1
7633.1050	-1
7640.5020	-1
7647.8989	-1
7655.2964	1
7662.6938	1
7670.0913	1
7677.4888	1
7684.8862	1
7692.2837	1
7699.6826	-1
7707.0815	-1
7714.4805	-1
7721.8794	-1
7729.2783	-1
7736.6772	-1
7744.0762	-1
7751.4751	-1
7758.8740	-1
7766.2729	-1
7773.6719	-1
7781.0708	-1
7788.4702	1
7795.8711	-1
7803.2720	-1
7810.6729	-1
7818.0737	-1
7825.4746	-1
7832.8755	-1
7840.2764	-1
7847.6772	-1
7855.0781	-1
7862.4790	-1
7869.8799	-1
7877.2808	-1
7884.6821	-1
7892.0835	-1
7899.4849	-1
7906.8862	-1
7914.2876	-1
7921.6890	-1
7929.0908	-1
7936.4927	-1
7943.8945	-1
7951.2964	-1
7958.6982	-1
7966.1001	-1
7973.5024	-1
7980.9048	-1
7988.3071	-1
7995.7095	-1
8003.1118	-1
8010.5142	-1
8017.9165	-1
8025.3188	-1
8032.7212	-1
8040.1235	-1
8047.5259	-1
8054.9282	-1
8062.3306	-1
8069.7329	-1
8077.1353	-1
8084.5376	-1
8091.9399	-1
8099.3535	1
8106.7686	-1
8114.1836	1
8121.5991	1
8129.0151	-1
8136.4312	-1
8143.8472	-1
8151.2632	-1
8158.6792	-1
8166.0952	-1
8173.5112	-1
8180.9272	-1
8188.3433	-1
8195.7598	-1
8203.1758	-1
8210.5918	-1
8218.0078	1
8225.4238	1
8232.8398	1
8240.2559	1
8247.6729	-1
8255.0898	-1
8262.5068	-1
8269.9238	-1
8277.3408	-1
8284.7578	-1
8292.1748	-1
8299.5918	-1
8307.0088	-1
8314.4258	-1
8321.8428	-1
8329.2598	-1
8336.6768	-1
8344.0938	-1
8351.5107	-1
8358.9277	-1
8366.3447	-1
8373.7627	-1
8381.1807	-1
8388.5986	-1
8396.0166	-1
8403.4346	-1
8410.8525	-1
8418.2705	-1
8425.6885	1
8433.1064	1
8440.5244	1
8447.9424	1
8455.3604	1
8462.7783	1
8470.1973	-1
8477.6162	-1
8485.0352	-1
8492.4541	-1
8499.8730	-1
8507.2920	-1
8514.7109	-1
8522.1299	-1
8529.5488	-1
8536.9678	-1
8544.3867	-1
8551.8057	-1
8559.2246	1
8566.6436	1
8574.0635	-1
8581.4834	-1
8588.9033	-1
8596.3232	-1
8603.7432	-1
8611.1631	-1
8618.5830	-1
8626.0029	-1
8633.4229	-1
8640.8428	-1
8648.2627	-1
8655.6826	-1
8663.1025	1
8670.5225	1
8677.9424	-1
8685.3623	-1
8692.7822	-1
8700.2021	-1
8707.6221	-1
8715.0420	-1
8722.4619	-1
8729.8818	-1
8737.3018	-1
8744.7217	-1
8752.1416	-1
8759.5615	-1
8766.9824	-1
8774.4033	-1
8781.8242	-1
8789.2451	-1
8796.6660	-1
8804.0869	-1
8811.5078	-1
8818.9287	-1
8826.3496	-1
8833.7705	-1
8841.1914	-1
8848.6123	-1
8856.0332	-1
8863.4541	-1
8870.8750	-1
8878.2959	-1
8885.7168	-1
8893.1377	-1
8900.5596	-1
8907.9814	-1
8915.4141	1
8922.8486	-1
8930.2832	1
8937.7178	1
8945.1533	-1
8952.5889	-1
8960.0244	-1
8967.4600	-1
8974.8955	-1
8982.3311	-1
8989.7666	-1
8997.2021	-1
9004.6377	-1
9012.0732	-1
9019.5088	-1
9026.9443	-1
9034.3799	1
9041.8164	-1
9049.2529	-1
9056.6895	-1
9064.1260	-1
9071.5732	1
9079.0215	-1
9086.4707	1
9093.9199	1
9101.3701	-1
9108.8203	-1
9116.2705	-1
9123.7207	-1
9131.1709	-1
9138.6211	-1
9146.0713	-1
9153.5215	-1
9160.9717	-1
9168.4219	-1
9175.8721	-1
9183.3223	-1
9190.7725	1
9198.2236	1
9205.6758	-1
9213.1279	-1
9220.5801	-1
9228.0322	-1
9235.4844	-1
9242.9365	-1
9250.3887	-1
9257.8408	-1
9265.3037	1
9272.7686	-1
9280.2334	1
9287.6982	1
9295.1641	-1
9302.6299	-1
9310.0957	-1
9317.5615	-1
9325.0273	-1
9332.4932	-1
9339.9600	-1
9347.4268	-1
9354.8936	-1
9362.3604	-1
9369.8271	-1
9377.2939	-1
9384.7607	1
9392.2275	1
9399.6943	1
9407.1611	1
9414.6299	-1
9422.0986	-1
9429.5674	-1
9437.0361	-1
9444.5049	-1
9451.9736	-1
9459.4424	1
9466.9111	-1
9474.3799	-1
9481.8486	-1
9489.3174	-1
9496.7861	-1
9504.2549	-1
9511.7236	1
9519.1924	-1
9526.6611	-1
9534.1299	-1
9541.5986	-1
9549.0674	-1
9556.5361	-1
9564.0059	-1
9571.4756	-1
9578.9453	-1
9586.4150	-1
9593.8848	-1
9601.3545	-1
9608.8242	1
9616.2939	1
9623.7637	1
9631.2334	1
9638.7031	1
9646.1729	1
9653.6455	-1
9661.1182	-1
9668.5908	-1
9676.0635	-1
9683.5361	-1
9691.0088	-1
9698.4814	-1
9705.9541	-1
9713.4268	-1
9720.8994	-1
9728.3721	-1
9735.8447	-1
9743.3174	-1
9750.7900	-1
9758.2627	-1
9765.7354	-1
9773.2080	-1
9780.6807	-1
9788.1543	-1
9795.6279	-1
9803.1016	-1
9810.5752	-1
9818.0488	-1
9825.5225	-1
9832.9971	-1
9840.4717	-1
9847.9463	-1
9855.4209	-1
9862.8955	-1
9870.3701	-1
9877.8447	1
9885.3193	1
9892.7939	1
9900.2686	1
9907.7432	1
9915.2178	1
9922.6924	1
9930.1670	1
9937.6416	-1
9945.1162	-1
9952.5908	-1
9960.0654	-1
9967.5400	-1
9975.0146	-1
9982.4902	-1
9989.9658	-1
9997.4414	-1
10004.9170	-1
10012.3926	-1
10019.8682	-1
10027.3438	-1
10034.8193	-1
10042.2949	-1
10049.7705	-1
10057.2461	-1
10064.7217	-1
10072.1982	1
10079.6748	1
10087.1514	1
10094.6279	1
10102.1045	1
10109.5811	1
10117.0576	1
10124.5342	1
10132.0117	-1
10139.4893	-1
10146.9668	-1
10154.4443	-1
10161.9219	-1
10169.3994	-1
10176.8770	1
10184.3555	-1
10191.8340	-1
10199.3125	-1
10206.7910	-1
10214.2695	-1
10221.7480	-1
10229.2295	-1
10236.7109	-1
10244.1924	-1
10251.6738	-1
10259.1553	-1
10266.6367	-1
10274.1182	-1
10281.5996	-1
10289.0811	-1
10296.5625	-1
10304.0439	-1
10311.5254	-1
10319.0068	-1
10326.4883	-1
10333.9697	-1
10341.4512	-1
10348.9326	-1
10356.4141	-1
10363.8955	-1
10371.3770	-1
10378.8584	-1
10386.3398	-1
10393.8213	-1
10401.3027	-1
10408.7842	-1
10416.2656	-1
10423.7471	-1
10431.2285	-1
10438.7100	-1
10446.1914	-1
10453.6729	-1
10461.1543	-1
10468.6357	-1
10476.1172	-1
10483.5986	-1
10491.0801	-1
10498.5615	-1
10506.0430	-1
10513.5244	-1
10521.0059	-1
10528.4873	-1
10535.9688	-1
10543.4502	-1
10550.9316	-1
10558.4131	-1
10565.8945	-1
10573.3760	-1
10580.8574	-1
10588.3389	-1
10595.8203	-1
10603.3018	-1
10610.7842	-1
10618.2666	-1
10625.7490	-1
10633.2314	-1
10640.7139	-1
10648.1963	-1
10655.6787	-1
10663.1611	-1
10670.6436	-1
10678.1270	-1
10685.6104	-1
10693.0938	-1
10700.5771	-1
10708.0605	-1
10715.5439	-1
10723.0273	-1
10730.5107	-1
10737.9941	-1
10745.4775	-1
10752.9609	-1
10760.4443	-1
10767.9277	-1
10775.4111	-1
10782.8945	-1
10790.3779	-1
10797.8613	-1
10805.3447	-1
10812.8291	-1
10820.3135	-1
10827.7979	-1
10835.2822	-1
10842.7666	-1
10850.2510	-1
10857.7354	-1
10865.2197	-1
10872.7041	-1
10880.1885	-1
10887.6729	-1
10895.1572	-1
10902.6533	1
10910.1504	-1
10917.6484	1
10925.1465	1
10932.6445	-1
10940.1426	-1
10947.6406	-1
10955.1387	-1
10962.6367	-1
10970.1348	-1
10977.6328	-1
10985.1318	-1
10992.6309	-1
11000.1299	-1
11007.6289	-1
11015.1279	-1
11022.6270	1
11030.1260	1
11037.6250	1
11045.1240	1
11052.6230	-1
11060.1221	-1
11067.6211	-1
11075.1201	-1
11082.6191	-1
11090.1182	-1
11097.6182	-1
11105.1182	-1
11112.6182	-1
11120.1182	-1
11127.6182	-1
11135.1182	-1
11142.6182	1
11150.1182	-1
11157.6182	-1
11165.1182	-1
11172.6182	-1
11180.1182	1
11187.6182	-1
11195.1182	-1
11202.6182	1
11210.1182	1
11217.6182	-1
11225.1182	-1
11232.6182	-1
11240.1182	-1
11247.6182	-1
11255.1182	-1
11262.6191	1
11270.1201	1
11277.6211	1
11285.1221	1
11292.6240	-1
11300.1260	-1
11307.6279	-1
11315.1299	-1
11322.6318	-1
11330.1338	-1
11337.6357	-1
11345.1377	-1
11352.6396	-1
11360.1416	-1
11367.6436	-1
11375.1455	-1
11382.6475	-1
11390.1494	-1
11397.6514	-1
11405.1543	-1
11412.6572	-1
11420.1602	-1
11427.6631	-1
11435.1660	-1
11442.6689	-1
11450.1719	-1
11457.6748	-1
11465.1777	-1
11472.6807	-1
11480.1836	-1
11487.6865	-1
11495.1895	-1
11502.6924	-1
11510.1953	-1
11517.6982	-1
11525.2012	-1
11532.7041	-1
11540.2070	-1
11547.7100	-1
11555.2129	-1
11562.7158	-1
11570.2188	-1
11577.7217	-1
11585.2246	-1
11592.7275	-1
11600.2305	-1
11607.7334	1
11615.2363	1
11622.7393	-1
11630.2422	-1
11637.7451	-1
11645.2480	-1
11652.7510	-1
11660.2539	-1
11667.7578	-1
11675.2617	-1
11682.7656	-1
11690.2695	-1
11697.7734	-1
11705.2773	-1
11712.7812	-1
11720.2852	-1
11727.7891	-1
11735.3047	1
11742.8223	-1
11750.3398	1
11757.8574	1
11765.3770	-1
11772.8965	-1
11780.4160	-1
11787.9355	-1
11795.4551	-1
11802.9746	-1
11810.4941	-1
11818.0137	-1
11825.5439	1
11833.0762	-1
11840.6084	1
11848.1406	1
11855.6738	-1
11863.2070	-1
11870.7402	-1
11878.2734	-1
11885.8066	-1
11893.3398	-1
11900.8730	-1
11908.4062	-1
11915.9395	-1
11923.4727	-1
11931.0059	-1
11938.5391	-1
11946.0723	1
11953.6055	1
11961.1387	1
11968.6719	1
11976.2061	-1
11983.7402	-1
11991.2744	-1
11998.8086	-1
12006.3428	-1
12013.8770	-1
12021.4111	-1
12028.9453	-1
12036.4795	-1
12044.0137	-1
12051.5479	-1
12059.0820	-1
12066.6162	-1
12074.1504	-1
12081.6846	-1
12089.2188	-1
12096.7529	-1
12104.2871	-1
12111.8213	1
12119.3555	1
12126.8896	-1
12134.4238	-1
12141.9580	-1
12149.4922	-1
12157.0264	-1
12164.5605	-1
12172.0947	1
12179.6289	1
12187.1641	1
12194.6992	1
12202.2344	1
12209.7695	1
12217.3057	-1
12224.8418	-1
12232.3779	-1
12239.9141	-1
12247.4502	-1
12254.9863	-1
12262.5225	-1
12270.0586	-1
12277.5947	-1
12285.1309	-1
12292.6670	-1
12300.2031	-1
12307.7393	-1
12315.2754	-1
12322.8115	-1
12330.3477	-1
12337.8838	-1
12345.4199	-1
12352.9561	-1
12360.4922	-1
12368.0283	-1
12375.5645	-1
12383.1006	-1
12390.6367	-1
12398.1738	-1
12405.7109	-1
12413.2480	-1
12420.7852	-1
12428.3223	-1
12435.8594	-1
12443.3965	1
12450.9336	1
12458.4707	1
12466.0078	-1
12473.5449	-1
12481.0820	-1
12488.6191	1
12496.1562	-1
12503.6934	-1
12511.2305	-1
12518.7676	1
12526.3047	1
12533.8418	-1
12541.3789	-1
12548.9160	-1
12556.4531	-1
12563.9902	-1
12571.5273	-1
12579.0654	1
12586.6035	1
12594.1416	1
12601.6807	-1
12609.2197	-1
12616.7588	-1
12624.2979	-1
12631.8369	-1
12639.3760	-1
12646.9150	-1
12654.4541	-1
12661.9932	-1
12669.5322	-1
12677.0713	-1
12684.6104	-1
12692.1494	-1
12699.6885	-1
12707.2275	-1
12714.7666	-1
12722.3057	-1
12729.8447	-1
12737.3838	-1
12744.9229	-1
12752.4619	-1
12760.0010	-1
12767.5400	-1
12775.0791	-1
12782.6191	-1
12790.1592	-1
12797.6992	-1
12805.2393	-1
12812.7793	-1
12820.3193	-1
12827.8594	-1
12835.3994	-1
12842.9395	-1
12850.4795	-1
12858.0195	-1
12865.5596	-1
12873.0996	-1
12880.6396	-1
12888.1797	-1
12895.7197	-1
12903.2598	-1
12910.7998	-1
12918.3398	-1
12925.8799	-1
12933.4199	-1
12940.9600	-1
12948.5000	-1
12956.0400	-1
12963.5811	-1
12971.1221	-1
12978.6631	-1
12986.2041	-1
12993.7451	-1
13001.2861	-1
13008.8271	-1
13016.3682	-1
13023.9092	-1
13031.4619	1
13039.0156	-1
13046.5703	1
13054.1250	1
13061.6797	-1
13069.2344	-1
13076.7891	-1
13084.3438	-1
13091.8984	-1
13099.4531	-1
13107.0078	-1
13114.5625	-1
13122.1172	-1
13129.6719	-1
13137.2266	-1
13144.7812	-1
13152.3369	1
13159.8926	1
13167.4482	-1
13175.0039	-1
13182.5596	-1
13190.1152	-1
13197.6709	-1
13205.2266	-1
13212.7822	-1
13220.3379	-1
13227.9053	1
13235.4736	-1
13243.0430	1
13250.6123	1
13258.1826	-1
13265.7529	-1
13273.3232	-1
13280.8936	-1
13288.4639	-1
13296.0342	-1
13303.6045	-1
13311.1748	-1
13318.7451	-1
13326.3154	-1
13333.8857	-1
13341.4561	-1
13349.0273	1
13356.5986	1
13364.1709	-1
13371.7432	-1
13379.3154	-1
13386.8877	-1
13394.4600	-1
13402.0322	-1
13409.6045	-1
13417.1768	-1
13424.7490	-1
13432.3330	1
13439.9189	-1
13447.5049	1
13455.0908	1
13462.6777	-1
13470.2646	-1
13477.8516	-1
13485.4385	-1
13493.0254	-1
13500.6123	-1
13508.1992	-1
13515.7861	-1
13523.3730	-1
13530.9600	-1
13538.5469	-1
13546.1338	-1
13553.7217	1
13561.3096	1
13568.8975	1
13576.4854	1
13584.0752	-1
13591.6650	-1
13599.2549	-1
13606.8447	-1
13614.4346	-1
13622.0244	-1
13629.6143	-1
13637.2051	-1
13644.7959	-1
13652.3867	-1
13659.9775	-1
13667.5684	-1
13675.1592	-1
13682.7500	-1
13690.3408	-1
13697.9316	-1
13705.5225	-1
13713.1133	-1
13720.7041	-1
13728.2949	-1
13735.8857	-1
13743.4766	-1
13751.0674	-1
13758.6582	-1
13766.2490	1
13773.8398	1
13781.4307	1
13789.0215	1
13796.6123	1
13804.2031	1
13811.7949	1
13819.3867	1
13826.9795	-1
13834.5723	-1
13842.1650	-1
13849.7578	-1
13857.3506	-1
13864.9434	-1
13872.5371	-1
13880.1309	-1
13887.7246	-1
13895.3184	-1
13902.9121	-1
13910.5059	-1
13918.0996	1
13925.6934	1
13933.2871	1
13940.8809	1
13948.4756	-1
13956.0703	-1
13963.6650	-1
13971.2598	-1
13978.8545	-1
13986.4492	-1
13994.0439	-1
14001.6387	-1
14009.2334	-1
14016.8281	-1
14024.4229	-1
14032.0176	-1
14039.6123	-1
14047.2070	-1
14054.8018	-1
14062.3965	-1
14069.9922	-1
14077.5879	-1
14085.1836	-1
14092.7793	-1
14100.3750	-1
14107.9707	-1
14115.5664	-1
14123.1621	-1
14130.7588	-1
14138.3555	-1
14145.9521	-1
14153.5488	-1
14161.1455	-1
14168.7422	-1
14176.3389	-1
14183.9355	-1
14191.5322	-1
14199.1289	-1
14206.7256	-1
14214.3223	-1
14221.9189	1
14229.5156	1
14237.1123	1
14244.7090	1
14252.3066	1
14259.9043	1
14267.5020	1
14275.0996	1
14282.6973	1
14290.2949	1
14297.8926	1
14305.4902	1
14313.0889	-1
14320.6875	-1
14328.2861	-1
14335.8848	-1
14343.4834	-1
14351.0820	-1
14358.6807	-1
14366.2793	-1
14373.8779	-1
14381.4766	-1
14389.0752	-1
14396.6738	-1
14404.2725	-1
14411.8711	-1
14419.4697	-1
14427.0684	-1
14434.6670	-1
14442.2656	-1
14449.8643	-1
14457.4629	-1
14465.0615	-1
14472.6602	-1
14480.2588	-1
14487.8574	-1
14495.4570	1
14503.0566	1
14510.6562	1
14518.2559	1
14525.8555	1
14533.4551	1
14541.0547	1
14548.6572	-1
14556.2598	-1
14563.8623	-1
14571.4648	-1
14579.0674	-1
14586.6699	-1
14594.2725	-1
14601.8750	-1
14609.4775	-1
14617.0801	-1
14624.6826	-1
14632.2852	-1
14639.8896	-1
14647.4941	-1
14655.0986	-1
14662.7031	-1
14670.3076	-1
14677.9121	-1
14685.5166	-1
14693.1211	-1
14700.7256	-1
14708.3301	-1
14715.9346	-1
14723.5391	-1
14731.1455	-1
14738.7520	-1
14746.3584	-1
14753.9648	-1
14761.5713	-1
14769.1777	-1
14776.7842	-1
14784.3906	-1
14791.9971	-1
14799.6035	-1
14807.2100	-1
14814.8164	-1
14822.4229	-1
14830.0293	-1
14837.6357	-1
14845.2422	-1
14852.8486	-1
14860.4551	-1
14868.0615	-1
14875.6680	-1
14883.2744	-1
14890.8809	-1
14898.4873	-1
14906.0938	-1
14913.7002	-1
14921.3066	-1
14928.9131	-1
14936.5195	-1
14944.1260	-1
14951.7324	-1
14959.3389	-1
14966.9453	-1
14974.5518	-1
14982.1582	-1
14989.7646	-1
14997.3711	-1
15004.9775	-1
15012.5840	-1
15020.1904	-1
15027.7969	-1
15035.4033	-1
15043.0098	-1
15050.6172	-1
15058.2246	-1
15065.8320	-1
15073.4395	-1
15081.0469	-1
15088.6543	-1
15096.2617	-1
15103.8691	-1
15111.4766	-1
15119.0840	-1
15126.6914	-1
15134.2988	-1
15141.9062	-1
15149.5137	-1
15157.1211	-1
15164.7285	-1
15172.3359	-1
15179.9434	-1
15187.5508	-1
15195.1582	-1
15202.7656	-1
15210.3730	-1
15217.9805	-1
15225.5879	-1
15233.1953	-1
15240.8027	-1
15248.4102	-1
15256.0176	-1
15263.6250	-1
15271.2324	-1
15278.8398	-1
15286.4473	-1
15294.0547	-1
15301.6621	-1
15309.2695	-1
15316.8770	-1
15324.4844	-1
15332.0918	-1
15339.6992	-1
15347.3066	-1
15354.9141	-1
15362.5215	-1
15370.1289	-1
15377.7480	1
15385.3691	-1
15392.9902	1
15400.6113	1
15408.2334	-1
15415.8564	-1
15423.4795	-1
15431.1025	-1
15438.7256	-1
15446.3486	-1
15453.9717	-1
15461.5947	-1
15469.2178	-1
15476.8408	-1
15484.4639	-1
15492.0869	-1
15499.7207	1
15507.3555	-1
15514.9902	1
15522.6260	1
15530.2617	-1
15537.8975	-1
15545.5332	-1
15553.1689	-1
15560.8047	-1
15568.4404	-1
15576.0762	-1
15583.7119	-1
15591.3477	-1
15598.9834	-1
15606.6191	-1
15614.2549	-1
15621.8916	1
15629.5283	1
15637.1650	1
15644.8018	1
15652.4385	-1
15660.0752	-1
15667.7119	-1
15675.3486	-1
15682.9854	-1
15690.6221	-1
15698.2598	1
15705.8975	1
15713.5352	-1
15721.1729	-1
15728.8105	-1
15736.4482	-1
15744.0859	-1
15751.7236	-1
15759.3613	1
15766.9990	-1
15774.6367	-1
15782.2744	-1
15789.9121	-1
15797.5498	-1
15805.1875	-1
15812.8252	1
15820.4629	-1
15828.1006	-1
15835.7383	-1
15843.3760	-1
15851.0137	-1
15858.6514	-1
15866.2900	1
15873.9287	1
15881.5674	1
15889.2061	1
15896.8447	-1
15904.4834	-1
15912.1221	-1
15919.7607	-1
15927.3994	-1
15935.0381	-1
15942.6777	-1
15950.3174	-1
15957.9570	-1
15965.5967	-1
15973.2363	-1
15980.8760	-1
15988.5156	-1
15996.1553	-1
16003.7949	-1
16011.4346	-1
16019.0742	-1
16026.7139	-1
16034.3535	-1
16041.9932	-1
16049.6328	-1
16057.2725	-1
16064.9121	-1
16072.5518	-1
16080.1914	-1
16087.8311	-1
16095.4707	-1
16103.1104	-1
16110.7500	-1
16118.3896	-1
16126.0293	1
16133.6689	1
16141.3096	-1
16148.9502	-1
16156.5908	-1
16164.2314	-1
16171.8721	-1
16179.5127	-1
16187.1533	-1
16194.7939	-1
16202.4346	-1
16210.0752	-1
16217.7158	-1
16225.3564	-1
16232.9971	-1
16240.6377	-1
16248.2783	-1
16255.9189	-1
16263.5596	-1
16271.2002	-1
16278.8408	1
16286.4814	1
16294.1221	1
16301.7627	1
16309.4033	1
16317.0439	1
16324.6846	1
16332.3252	1
16339.9668	1
16347.6084	-1
16355.2500	-1
16362.8916	1
16370.5332	-1
16378.1748	-1
16385.8164	-1
16393.4570	-1
16401.0977	1
16408.7402	1
16416.3828	1
16424.0254	1
16431.6680	-1
16439.3105	-1
16446.9531	-1
16454.5957	-1
16462.2383	-1
16469.8809	-1
16477.5234	1
16485.1660	1
16492.8086	1
16500.4512	1
16508.0957	-1
16515.7402	-1
16523.3848	-1
16531.0293	-1
16538.6738	-1
16546.3184	-1
16553.9629	-1
16561.6074	-1
16569.2520	-1
16576.8965	-1
16584.5410	-1
16592.1855	-1
16599.8301	-1
16607.4746	-1
16615.1191	-1
16622.7637	-1
16630.4082	-1
16638.0527	-1
16645.6973	-1
16653.3418	-1
16660.9863	-1
16668.6309	-1
16676.2754	-1
16683.9199	-1
16691.5645	-1
16699.2090	-1
16706.8535	-1
16714.4980	-1
16722.1426	-1
16729.7871	-1
16737.4316	-1
16745.0762	-1
16752.7207	-1
16760.3652	-1
16768.0098	-1
16775.6543	-1
16783.2988	-1
16790.9434	-1
16798.5879	-1
16806.2324	-1
16813.8770	-1
16821.5215	-1
16829.1660	-1
16836.8105	-1
16844.4551	-1
16852.0996	-1
16859.7441	-1
16867.3887	-1
16875.0332	-1
16882.6777	-1
16890.3223	-1
16897.9668	-1
16905.6113	-1
16913.2559	-1
16920.9004	-1
16928.5449	-1
16936.1895	-1
16943.8340	-1
16951.4785	-1
16959.1230	-1
16966.7676	-1
16974.4121	-1
16982.0566	-1
16989.7012	-1
16997.3457	-1
17004.9902	-1
17012.6348	-1
17020.2793	-1
17027.9238	-1
17035.5684	-1
17043.2129	-1
17050.8574	-1
17058.5020	-1
17066.1465	-1
17073.7910	-1
17081.4355	-1
17089.0801	-1
17096.7246	-1
17104.3691	1
17112.0137	1
17119.6582	1
17127.3047	1
17134.9512	1
17142.5977	1
17150.2441	1
17157.8906	1
17165.5371	1
17173.1836	1
17180.8301	1
17188.4766	1
17196.1230	1
17203.7695	1
17211.4160	-1
17219.0625	-1
17226.7090	-1
17234.3555	-1
17242.0020	-1
17249.6484	-1
17257.2949	-1
17264.9414	-1
17272.5879	-1
17280.2344	-1
17287.8809	-1
17295.5273	-1
17303.1738	1
17310.8203	1
17318.4668	1
17326.1133	1
17333.7617	1
17341.4102	1
17349.0586	1
17356.7070	1
17364.3555	1
17372.0039	1
17379.6523	1
17387.3008	-1
17394.9492	-1
17402.5977	-1
17410.2461	-1
17417.8945	-1
17425.5430	-1
17433.1914	-1
17440.8398	-1
17448.4883	-1
17456.1367	-1
17463.7852	-1
17471.4336	-1
17479.0820	-1
17486.7305	-1
17494.3789	-1
17502.0273	-1
17509.6758	-1
17517.3242	-1
17524.9727	-1
17532.6211	-1
17540.2695	-1
17547.9180	-1
17555.5664	-1
17563.2148	-1
17570.8633	-1
17578.5117	-1
17586.1602	-1
17593.8086	-1
17601.4570	-1
17609.1055	-1
17616.7559	-1
17624.4062	-1
17632.0566	-1
17639.7070	-1
17647.3574	-1
17655.0078	-1
17662.6582	-1
17670.3086	-1
17677.9590	-1
17685.6094	-1
17693.2598	-1
17700.9102	-1
17708.5605	-1
17716.2109	-1
17723.8613	-1
17731.5117	-1
17739.1621	-1
17746.8125	-1
17754.4629	-1
17762.1133	-1
17769.7637	-1
17777.4141	-1
17785.0645	-1
17792.7148	-1
17800.3652	-1
17808.0156	-1
17815.6660	-1
17823.3164	-1
17830.9668	-1
17838.6172	-1
17846.2695	-1
17853.9219	-1
17861.5742	-1
17869.2266	-1
17876.8789	-1
17884.5312	-1
17892.1836	-1
17899.8359	-1
17907.4883	-1
17915.1406	-1
17922.7930	-1
17930.4453	-1
17938.0977	-1
17945.7500	-1
17953.4023	-1
17961.0547	-1
17968.7070	-1
17976.3594	-1
17984.0117	-1
17991.6641	-1
17999.3164	-1
18006.9688	-1
18014.6211	-1
18022.2734	-1
18029.9258	-1
18037.5781	-1
18045.2305	-1
18052.8828	-1
18060.5352	-1
18068.1875	-1
18075.8398	-1
18083.4922	-1
18091.1445	-1
18098.7969	-1
18106.4492	-1
18114.1016	-1
18121.7539	-1
18129.4062	-1
18137.0586	-1
18144.7109	-1
18152.3633	-1
18160.0156	-1
18167.6680	-1
18175.3203	-1
18182.9727	-1
18190.6250	-1
18198.2773	-1
18205.9297	-1
18213.5820	-1
18221.2344	-1
18228.8867	-1
18236.5391	-1
18244.1914	-1
18251.8438	-1
18259.4961	-1
18267.1484	-1
18274.8008	-1
18282.4531	-1
18290.1055	-1
18297.7578	-1
18305.4121	-1
18313.0664	-1
18320.7207	-1
18328.3750	-1
18336.0293	-1
18343.6836	-1
18351.3379	-1
18358.9922	-1
18366.6465	-1
18374.3008	-1
18381.9551	-1
18389.6094	-1
18397.2637	-1
18404.9180	-1
18412.5723	-1
18420.2266	-1
18427.8809	-1
18435.5352	-1
18443.1895	-1
18450.8438	-1
18458.4980	-1
18466.1523	-1
18473.8066	-1
18481.4609	-1
18489.1152	-1
18496.7695	-1
18504.4238	-1
18512.0781	-1
18519.7324	-1
18527.3867	-1
18535.0410	-1
18542.6953	-1
18550.3496	-1
18558.0039	-1
18565.6582	-1
18573.3125	-1
18580.9668	-1
18588.6211	-1
18596.2754	-1
18603.9297	-1
18611.5840	-1
18619.2383	-1
18626.8926	-1
18634.5469	-1
18642.2012	-1
18649.8555	-1
18657.5215	1
18665.1895	-1
18672.8574	1
18680.5254	1
18688.1934	-1
18695.8613	-1
18703.5293	-1
18711.1973	-1
18718.8652	-1
18726.5332	-1
18734.2012	-1
18741.8691	-1
18749.5371	-1
18757.2051	-1
18764.8730	-1
18772.5410	-1
18780.2090	1
18787.8789	1
18795.5488	1
18803.2188	1
18810.8887	-1
18818.5586	-1
18826.2285	-1
18833.8984	-1
18841.5684	-1
18849.2383	-1
18856.9082	-1
18864.5781	-1
18872.2480	-1
18879.9180	-1
18887.5879	-1
18895.2578	-1
18902.9297	-1
18910.6016	-1
18918.2734	-1
18925.9453	-1
18933.6172	-1
18941.2891	-1
18948.9609	1
18956.6328	-1
18964.3047	-1
18971.9766	-1
18979.6484	-1
18987.3203	-1
18994.9922	-1
19002.6641	-1
19010.3359	-1
19018.0078	-1
19025.6797	-1
19033.3633	1
19041.0469	-1
19048.7305	1
19056.4141	1
19064.0996	-1
19071.7852	-1
19079.4707	-1
19087.1660	1
19094.8633	-1
19102.5605	1
19110.2578	1
19117.9551	-1
19125.6523	-1
19133.3594	1
19141.0684	-1
19148.7773	1
19156.4863	1
19164.1973	-1
19171.9082	-1
19179.6191	-1
19187.3301	-1
19195.0410	-1
19202.7520	-1
19210.4629	-1
19218.1738	-1
19225.8848	-1
19233.5957	-1
19241.3066	-1
19249.0176	-1
19256.7285	1
19264.4395	1
19272.1504	1
19279.8613	1
19287.5742	-1
19295.2871	-1
19303.0000	-1
19310.7129	-1
19318.4258	-1
19326.1387	-1
19333.8516	-1
19341.5645	-1
19349.2773	-1
19356.9902	-1
19364.7031	-1
19372.4160	-1
19380.1289	-1
19387.8418	-1
19395.5547	-1
19403.2676	-1
19410.9805	-1
19418.6934	-1
19426.4062	-1
19434.1191	-1
19441.8438	1
19449.5684	-1
19457.2930	1
19465.0176	1
19472.7441	-1
19480.4707	-1
19488.1973	-1
19495.9238	-1
19503.6504	-1
19511.3770	-1
19519.1035	-1
19526.8301	-1
19534.5566	-1
19542.2930	1
19550.0312	-1
19557.7695	1
19565.5078	1
19573.2461	-1
19580.9844	-1
19588.7227	-1
19596.4707	1
19604.2207	-1
19611.9707	1
19619.7207	1
19627.4727	-1
19635.2246	-1
19642.9863	1
19650.7480	-1
19658.5098	1
19666.2715	1
19674.0352	-1
19681.7988	-1
19689.5723	1
19697.3477	-1
19705.1230	1
19712.8984	1
19720.6738	-1
19728.4492	-1
19736.2344	1
19744.0215	-1
19751.8086	1
19759.5957	1
19767.3848	-1
19775.1738	-1
19782.9727	1
19790.7715	-1
19798.5723	1
19806.3730	1
19814.1738	-1
19821.9746	-1
19829.7754	-1
19837.5762	-1
19845.3770	-1
19853.1777	-1
19860.9785	-1
19868.7793	-1
19876.5801	-1
19884.3809	-1
19892.1816	-1
19899.9824	-1
19907.7832	1
19915.5840	1
19923.3867	1
19931.1895	1
19938.9922	-1
19946.7949	-1
19954.5977	-1
19962.4004	-1
19970.2031	-1
19978.0059	-1
19985.8086	-1
19993.6113	-1
20001.4141	-1
20009.2168	-1
20017.0195	-1
20024.8223	-1
20032.6250	-1
20040.4277	-1
20048.2305	-1
20056.0332	-1
20063.8359	-1
20071.6387	-1
20079.4414	-1
20087.2441	-1
20095.0469	-1
20102.8496	-1
20110.6523	-1
20118.4551	-1
20126.2598	1
20134.0645	1
20141.8691	1
20149.6738	1
20157.4785	1
20165.2832	1
20173.0879	1
20180.8945	-1
20188.7012	-1
20196.5078	-1
20204.3145	-1
20212.1211	-1
20219.9277	-1
20227.7344	-1
20235.5410	-1
20243.3477	-1
20251.1543	-1
20258.9609	-1
20266.7676	-1
20274.5742	-1
20282.3809	-1
20290.1875	-1
20297.9941	-1
20305.8008	-1
20313.6074	-1
20321.4141	-1
20329.2207	-1
20337.0273	-1
20344.8340	-1
20352.6406	-1
20360.4473	-1
20368.2539	-1
20376.0605	-1
20383.8672	-1
20391.6738	-1
20399.4805	-1
20407.2871	-1
20415.0938	-1
20422.9004	-1
20430.7070	-1
20438.5137	-1
20446.3203	-1
20454.1270	-1
20461.9336	-1
20469.7402	-1
20477.5469	-1
20485.3652	1
20493.1836	-1
20501.0020	1
20508.8203	1
20516.6406	-1
20524.4609	-1
20532.2910	1
20540.1230	-1
20547.9551	1
20555.7871	1
20563.6211	-1
20571.4551	-1
20579.2891	-1
20587.1230	-1
20594.9570	-1
20602.7910	-1
20610.6250	-1
20618.4590	-1
20626.2930	-1
20634.1270	-1
20641.9609	-1
20649.7949	-1
20657.6289	1
20665.4629	1
20673.2969	1
20681.1309	1
20688.9668	-1
20696.8027	-1
20704.6387	-1
20712.4746	-1
20720.3105	-1
20728.1465	-1
20735.9824	-1
20743.8184	-1
20751.6543	-1
20759.4902	-1
20767.3262	-1
20775.1621	-1
20782.9980	-1
20790.8340	-1
20798.6699	-1
20806.5059	-1
20814.3418	-1
20822.1777	-1
20830.0137	-1
20837.8496	-1
20845.6855	-1
20853.5215	-1
20861.3574	-1
20869.1934	-1
20877.0293	1
20884.8652	1
20892.7031	-1
20900.5410	-1
20908.3789	-1
20916.2168	-1
20924.0547	-1
20931.8926	-1
20939.7305	-1
20947.5781	1
20955.4258	-1
20963.2754	1
20971.1250	1
20978.9746	-1
20986.8242	-1
20994.6738	-1
21002.5234	-1
21010.3730	-1
21018.2227	-1
21026.0723	-1
21033.9219	-1
21041.7715	-1
21049.6211	-1
21057.4707	-1
21065.3203	-1
21073.1699	1
21081.0195	1
21088.8691	1
21096.7188	1
21104.5703	-1
21112.4219	-1
21120.2734	-1
21128.1250	-1
21135.9766	-1
21143.8281	-1
21151.6797	-1
21159.5312	-1
21167.3828	-1
21175.2344	-1
21183.0859	-1
21190.9375	-1
21198.7891	-1
21206.6406	-1
21214.4922	-1
21222.3438	-1
21230.1953	-1
21238.0469	-1
21245.8984	-1
21253.7500	-1
21261.6016	-1
21269.4531	-1
21277.3047	-1
21285.1562	-1
21293.0098	1
21300.8633	1
21308.7168	1
21316.5703	1
21324.4238	1
21332.2773	1
21340.1309	1
21347.9844	1
21355.8398	-1
21363.6953	-1
21371.5508	-1
21379.4062	-1
21387.2617	-1
21395.1172	-1
21402.9727	-1
21410.8281	-1
21418.6836	-1
21426.5391	-1
21434.3945	-1
21442.2500	-1
21450.1074	-1
21457.9648	-1
21465.8223	-1
21473.6797	-1
21481.5371	-1
21489.3945	-1
21497.2520	-1
21505.1094	-1
21512.9668	-1
21520.8242	-1
21528.6816	-1
21536.5391	-1
21544.3965	-1
21552.2539	-1
21560.1113	-1
21567.9688	-1
21575.8262	-1
21583.6836	-1
21591.5410	-1
21599.3984	-1
21607.2559	-1
21615.1133	-1
21622.9707	-1
21630.8281	-1
21638.6855	-1
21646.5430	-1
21654.4004	-1
21662.2578	-1
21670.1152	-1
21677.9727	-1
21685.8301	1
21693.6875	-1
21701.5449	-1
21709.4023	-1
21717.2598	-1
21725.1172	-1
21732.9746	-1
21740.8320	1
21748.6895	1
21756.5469	1
21764.4062	-1
21772.2656	-1
21780.1250	-1
21787.9844	-1
21795.8438	-1
21803.7031	-1
21811.5625	-1
21819.4219	-1
21827.2812	-1
21835.1406	-1
21843.0000	-1
21850.8594	-1
21858.7188	-1
21866.5781	-1
21874.4375	-1
21882.2969	-1
21890.1562	-1
21898.0156	-1
21905.8750	-1
21913.7441	1
21921.6152	-1
21929.4863	1
21937.3574	1
21945.2285	-1
21953.1016	-1
21960.9824	1
21968.8652	-1
21976.7480	1
21984.6309	1
21992.5156	-1
22000.4004	-1
22008.2949	1
22016.1895	-1
22024.0840	1
22031.9785	1
22039.8750	-1
22047.7715	-1
22055.6777	1
22063.5859	-1
22071.4941	1
22079.4023	1
22087.3105	-1
22095.2188	-1
22103.1367	1
22111.0566	-1
22118.9766	1
22126.8965	1
22134.8164	-1
22142.7363	-1
22150.6660	1
22158.5977	-1
22166.5293	1
22174.4609	1
22182.3926	-1
22190.3242	-1
22198.2578	-1
22206.1992	1
22214.1426	-1
22222.0859	1
22230.0293	1
22237.9746	-1
22245.9199	-1
22253.8652	-1
22261.8203	1
22269.7754	-1
22277.7305	1
22285.6855	1
22293.6426	-1
22301.5996	-1
22309.5664	1
22317.5352	-1
22325.5039	1
22333.4727	1
22341.4434	-1
22349.4141	-1
22357.3848	-1
22365.3652	1
22373.3477	-1
22381.3301	1
22389.3125	1
22397.2949	-1
22405.2773	-1
22413.2598	-1
22421.2539	1
22429.2480	-1
22437.2422	1
22445.2363	1
22453.2324	-1
22461.2285	-1
22469.2363	1
22477.2441	-1
22485.2520	1
22493.2598	1
22501.2695	-1
22509.2793	-1
22517.2988	1
22525.3184	-1
22533.3398	1
22541.3613	1
22549.3828	-1
22557.4043	-1
22565.4258	-1
22573.4473	-1
22581.4688	-1
22589.4902	-1
22597.5117	-1
22605.5332	-1
22613.5547	-1
22621.5762	-1
22629.5977	-1
22637.6191	-1
22645.6406	1
22653.6621	1
22661.6836	1
22669.7051	1
22677.7285	-1
22685.7520	-1
22693.7754	-1
22701.7988	-1
22709.8223	-1
22717.8457	-1
22725.8691	1
22733.8926	-1
22741.9160	-1
22749.9395	-1
22757.9629	-1
22765.9863	-1
22774.0098	-1
22782.0332	1
22790.0566	-1
22798.0801	-1
22806.1035	-1
22814.1270	-1
22822.1504	-1
22830.1738	-1
22838.1973	-1
22846.2207	-1
22854.2441	-1
22862.2676	-1
22870.2910	-1
22878.3145	-1
22886.3379	-1
22894.3613	-1
22902.3867	-1
22910.4121	-1
22918.4375	-1
22926.4629	-1
22934.4883	-1
22942.5137	-1
22950.5391	-1
22958.5645	-1
22966.5898	-1
22974.6250	1
22982.6602	-1
22990.6973	1
22998.7344	1
23006.7715	-1
23014.8086	-1
23022.8457	-1
23030.8828	-1
23038.9199	-1
23046.9570	-1
23054.9941	-1
23063.0312	-1
23071.0684	-1
23079.1055	-1
23087.1426	-1
23095.1797	-1
23103.2168	1
23111.2539	1
23119.2910	1
23127.3281	-1
23135.3652	-1
23143.4023	-1
23151.4395	-1
23159.4766	-1
23167.5137	-1
23175.5527	-1
23183.5918	-1
23191.6309	-1
23199.6699	-1
23207.7090	-1
23215.7480	-1
23223.7871	-1
23231.8359	1
23239.8867	-1
23247.9375	1
23255.9883	1
23264.0391	-1
23272.0898	-1
23280.1406	-1
23288.1914	-1
23296.2422	-1
23304.2930	-1
23312.3438	-1
23320.3945	-1
23328.4453	-1
23336.4961	-1
23344.5469	-1
23352.5977	-1
23360.6504	1
23368.7031	1
23376.7559	1
23384.8086	1
23392.8633	-1
23400.9180	-1
23408.9727	-1
23417.0273	-1
23425.0820	-1
23433.1367	-1
23441.1914	-1
23449.2461	-1
23457.3008	-1
23465.3555	-1
23473.4102	-1
23481.4648	-1
23489.5195	-1
23497.5742	-1
23505.6289	-1
23513.6836	-1
23521.7383	-1
23529.7930	-1
23537.8477	-1
23545.9023	-1
23553.9570	-1
23562.0117	-1
23570.0664	-1
23578.1211	-1
23586.1758	1
23594.2305	1
23602.2852	1
23610.3398	1
23618.3945	1
23626.4492	1
23634.5039	1
23642.5586	1
23650.6152	-1
23658.6719	-1
23666.7285	-1
23674.7852	-1
23682.8418	-1
23690.8984	-1
23698.9570	1
23707.0156	1
23715.0742	-1
23723.1328	-1
23731.1914	-1
23739.2500	-1
23747.3086	-1
23755.3672	-1
23763.4258	-1
23771.4844	-1
23779.5430	-1
23787.6016	-1
23795.6602	-1
23803.7188	-1
23811.7773	-1
23819.8359	-1
23827.8945	-1
23835.9531	-1
23844.0117	-1
23852.0703	-1
23860.1289	-1
23868.1875	-1
23876.2461	-1
23884.3047	-1
23892.3633	-1
23900.4219	-1
23908.4805	-1
23916.5391	-1
23924.5977	-1
23932.6562	-1
23940.7148	-1
23948.7734	-1
23956.8320	-1
23964.8906	-1
23972.9492	-1
23981.0078	-1
23989.0664	-1
23997.1250	-1
24005.1836	-1
24013.2422	-1
24021.3008	-1
24029.3594	-1
24037.4180	-1
24045.4766	-1
24053.5352	1
24061.5938	1
24069.6543	1
24077.7148	-1
24085.7754	1
24093.8359	-1
24101.8965	-1
24109.9570	-1
24118.0176	-1
24126.0781	-1
24134.1387	-1
24142.1992	-1
24150.2598	-1
24158.3203	-1
24166.3809	-1
24174.4414	-1
24182.5020	1
24190.5625	1
24198.6230	1
24206.6836	1
24214.7441	1
24222.8047	1
24230.8652	1
24238.9258	1
24246.9863	1
24255.0469	1
24263.1074	1
24271.1680	1
24279.2305	1
24287.2930	1
24295.3555	-1
24303.4180	-1
24311.4805	-1
24319.5430	-1
24327.6055	-1
24335.6680	-1
24343.7324	-1
24351.7969	-1
24359.8613	-1
24367.9258	-1
24375.9902	-1
24384.0547	-1
24392.1191	-1
24400.1836	-1
24408.2480	-1
24416.3125	-1
24424.3770	-1
24432.4414	-1
24440.5059	-1
24448.5703	-1
24456.6348	-1
24464.6992	-1
24472.7637	-1
24480.8281	-1
24488.8945	-1
24496.9609	-1
24505.0273	-1
24513.0938	-1
24521.1602	-1
24529.2266	-1
24537.2930	1
24545.3594	1
24553.4258	1
24561.4922	1
24569.5586	1
24577.6250	1
24585.6914	1
24593.7578	1
24601.8262	-1
24609.8945	-1
24617.9629	-1
24626.0312	-1
24634.0996	-1
24642.1680	-1
24650.2363	-1
24658.3047	-1
24666.3730	-1
24674.4414	-1
24682.5098	-1
24690.5781	-1
24698.6465	1
24706.7148	1
24714.7832	1
24722.8516	1
24730.9199	1
24738.9883	1
24747.0586	-1
24755.1289	-1
24763.1992	-1
24771.2695	-1
24779.3398	-1
24787.4102	-1
24795.4805	-1
24803.5508	-1
24811.6211	-1
24819.6914	-1
24827.7617	-1
24835.8320	-1
24843.9023	-1
24851.9727	-1
24860.0430	-1
24868.1133	-1
24876.1836	-1
24884.2539	-1
24892.3242	-1
24900.3945	-1
24908.4648	-1
24916.5352	-1
24924.6055	-1
24932.6758	-1
24940.7461	-1
24948.8164	-1
24956.8867	-1
24964.9570	-1
24973.0273	-1
24981.0977	-1
24989.1680	-1
24997.2383	-1
25005.3086	-1
25013.3789	-1
25021.4492	-1
25029.5195	-1
25037.5898	-1
25045.6602	-1
25053.7305	-1
25061.8008	-1
25069.8711	-1
25077.9414	-1
25086.0137	-1
25094.0859	-1
25102.1582	-1
25110.2305	-1
25118.3027	-1
25126.3750	-1
25134.4473	-1
25142.5195	-1
25150.5918	-1
25158.6641	-1
25166.7363	-1
25174.8086	-1
25182.8809	-1
25190.9531	-1
25199.0254	-1
25207.0977	-1
25215.1699	-1
25223.2422	-1
25231.3145	1
25239.3867	-1
25247.4590	-1
25255.5312	-1
25263.6035	-1
25271.6758	-1
25279.7480	-1
25287.8203	1
25295.8945	-1
25303.9688	-1
25312.0430	-1
25320.1172	-1
25328.1914	-1
25336.2656	-1
25344.3398	-1
25352.4141	-1
25360.4883	-1
25368.5625	-1
25376.6367	-1
25384.7109	-1
25392.7852	-1
25400.8594	-1
25408.9336	-1
25417.0078	-1
25425.0820	-1
25433.1562	-1
25441.2305	-1
25449.3047	-1
25457.3789	-1
25465.4531	-1
25473.5273	-1
25481.6016	-1
25489.6777	-1
25497.7539	-1
25505.8301	-1
25513.9062	-1
25521.9824	-1
25530.0586	-1
25538.1348	-1
25546.2109	-1
25554.2871	-1
25562.3633	-1
25570.4395	-1
25578.5156	-1
25586.5938	-1
25594.6719	-1
25602.7500	-1
25610.8281	-1
25618.9062	-1
25626.9844	-1
25635.0625	-1
25643.1406	-1
25651.2188	-1
25659.2969	-1
25667.3750	-1
25675.4531	-1
25683.5312	-1
25691.6094	-1
25699.6875	-1
25707.7656	-1
25715.8438	-1
25723.9219	-1
25732.0000	-1
25740.0781	-1
25748.1562	-1
25756.2344	-1
25764.3125	-1
25772.3906	-1
25780.4688	-1
25788.5469	-1
25796.6250	-1
25804.7031	-1
25812.7812	-1
25820.8594	-1
25828.9375	-1
25837.0156	-1
25845.0938	-1
25853.1719	-1
25861.2500	-1
25869.3281	-1
25877.4062	-1
25885.4844	-1
25893.5625	-1
25901.6406	-1
25909.7188	-1
25917.7969	-1
25925.8750	-1
25933.9531	-1
25942.0312	-1
25950.1094	-1
25958.1875	-1
25966.2656	-1
25974.3457	-1
25982.4258	-1
25990.5059	-1
25998.5859	-1
26006.6660	-1
26014.7461	-1
26022.8262	-1
26030.9062	-1
26038.9863	-1
26047.0664	-1
26061.3359	1
26075.6055	-1
