0.0000	0
0.0006	1
0.8614	-1
1.7648	1
9.5268	1
17.2904	-1
25.0544	1
32.8184	1
40.5839	-1
48.3494	-1
56.1148	-1
63.8803	-1
71.6458	-1
79.4113	-1
87.1769	-1
94.9425	-1
102.7081	-1
110.4737	-1
118.2393	-1
126.0049	-1
133.7709	1
141.5368	1
149.3028	1
157.0689	1
164.8365	-1
172.6042	-1
180.3719	-1
188.1395	-1
195.9072	-1
203.6749	-1
211.4427	-1
219.2105	-1
226.9783	-1
234.7461	-1
242.5140	-1
250.2818	-1
258.0497	-1
265.8177	-1
273.5856	-1
281.3535	-1
289.1215	-1
296.8894	-1
304.6575	-1
312.4255	-1
320.1935	-1
327.9616	-1
335.7297	-1
343.4977	-1
351.2660	1
359.0345	1
366.8032	1
374.5719	1
382.3406	1
390.1093	1
397.8781	1
405.6469	1
413.4168	-1
421.1867	-1
428.9567	-1
436.7266	-1
444.4966	-1
452.2665	-1
460.0369	1
467.8073	1
475.5784	-1
483.3495	-1
491.1205	-1
498.8916	-1
506.6626	-1
514.4337	-1
522.2062	-1
529.9788	-1
537.7514	-1
545.5240	-1
553.2966	-1
561.0692	-1
568.8418	-1
576.6144	-1
584.3871	-1
592.1597	-1
599.9324	-1
607.7050	-1
615.4778	1
623.2506	1
631.0239	1
638.7972	1
646.5705	1
654.3440	-1
662.1175	-1
669.8910	-1
677.6645	-1
685.4380	-1
693.2115	-1
700.9851	-1
708.7588	-1
716.5325	-1
724.3062	-1
732.0798	-1
739.8535	-1
747.6273	-1
755.4011	-1
763.1749	-1
770.9487	-1
778.7225	-1
786.4963	-1
794.2703	-1
802.0443	-1
809.8183	-1
817.5923	-1
825.3663	-1
833.1403	-1
840.9144	-1
848.6885	-1
856.4627	-1
864.2369	-1
872.0110	-1
879.7852	-1
887.5602	-1
895.3351	-1
903.1101	-1
910.8851	-1
918.6600	-1
926.4350	-1
934.2106	-1
941.9861	-1
949.7617	-1
957.5373	-1
965.3129	-1
973.0884	-1
980.8649	-1
988.6413	-1
996.4177	-1
1004.1942	-1
1011.9706	-1
1019.7470	-1
1027.5236	-1
1035.3000	-1
1043.0765	-1
1050.8530	-1
1058.6295	-1
1066.4061	-1
1074.1827	-1
1081.9594	-1
1089.7360	-1
1097.5126	-1
1105.2892	-1
1113.0658	-1
1120.8425	-1
1128.6193	-1
1136.3960	-1
1144.1727	-1
1151.9495	-1
1159.7369	1
1167.5256	-1
1175.3146	1
1183.1036	1
1190.8938	-1
1198.6840	-1
1206.4741	-1
1214.2643	-1
1222.0544	-1
1229.8446	-1
1237.6349	-1
1245.4252	-1
1253.2155	-1
1261.0057	-1
1268.7960	-1
1276.5863	-1
1284.3768	1
1292.1675	1
1299.9581	1
1307.7488	1
1315.5408	-1
1323.3328	-1
1331.1248	-1
1338.9167	-1
1346.7087	-1
1354.5007	-1
1362.2933	1
1370.0859	-1
1377.8785	-1
1385.6711	-1
1393.4637	-1
1401.2563	-1
1409.0490	-1
1416.8416	1
1424.6343	-1
1432.4270	-1
1440.2197	-1
1448.0125	-1
1455.8053	-1
1463.5981	-1
1471.3911	-1
1479.1841	-1
1486.9771	-1
1494.7700	-1
1502.5630	-1
1510.3560	-1
1518.1490	1
1525.9421	1
1533.7356	1
1541.5291	1
1549.3225	1
1557.1160	1
1564.9122	-1
1572.7085	-1
1580.5048	-1
1588.3010	-1
1596.0973	-1
1603.8936	-1
1611.6899	-1
1619.4863	-1
1627.2827	-1
1635.0791	-1
1642.8755	-1
1650.6719	-1
1658.4684	-1
1666.2649	-1
1674.0614	-1
1681.8579	-1
1689.6544	-1
1697.4509	-1
1705.2476	-1
1713.0442	-1
1720.8408	-1
1728.6375	-1
1736.4341	-1
1744.2307	-1
1752.0275	-1
1759.8242	-1
1767.6210	-1
1775.4177	-1
1783.2145	-1
1791.0112	-1
1798.8081	-1
1806.6050	-1
1814.4019	-1
1822.1987	-1
1829.9956	-1
1837.7925	-1
1845.5894	-1
1853.3864	-1
1861.1833	-1
1868.9803	-1
1876.7773	-1
1884.5743	-1
1892.3713	-1
1900.1683	-1
1907.9653	-1
1915.7623	-1
1923.5593	-1
1931.3563	-1
1939.1537	1
1946.9521	-1
1954.7506	-1
1962.5491	-1
1970.3584	1
1978.1689	-1
1985.9797	1
1993.7906	1
2001.6027	-1
2009.4147	-1
2017.2267	-1
2025.0387	-1
2032.8507	-1
2040.6627	-1
2048.4749	-1
2056.2869	-1
2064.0989	-1
2071.9109	-1
2079.7229	-1
2087.5349	-1
2095.3474	1
2103.1599	1
2110.9724	1
2118.7849	1
2126.5989	-1
2134.4128	-1
2142.2268	-1
2150.0408	-1
2157.8547	-1
2165.6687	-1
2173.4829	1
2181.2971	1
2189.1116	-1
2196.9260	-1
2204.7405	-1
2212.5549	-1
2220.3694	-1
2228.1838	-1
2235.9983	-1
2243.8127	-1
2251.6272	-1
2259.4417	-1
2267.2561	-1
2275.0706	-1
2282.8853	-1
2290.7000	-1
2298.5146	-1
2306.3293	-1
2314.1440	-1
2321.9587	-1
2329.7747	-1
2337.5906	-1
2345.4065	-1
2353.2224	-1
2361.0383	-1
2368.8542	-1
2376.6702	-1
2384.4861	-1
2392.3020	-1
2400.1279	1
2407.9551	-1
2415.7825	1
2423.6099	1
2431.4377	-1
2439.2661	-1
2447.1040	1
2454.9429	-1
2462.7820	1
2470.6213	1
2478.4617	-1
2486.3020	-1
2494.1423	-1
2501.9827	-1
2509.8230	-1
2517.6633	-1
2525.5039	-1
2533.3445	-1
2541.1851	-1
2549.0256	-1
2556.8662	-1
2564.7068	-1
2572.5476	1
2580.3887	1
2588.2297	1
2596.0708	1
2603.9136	-1
2611.7563	-1
2619.5991	-1
2627.4419	-1
2635.2847	-1
2643.1274	-1
2650.9702	-1
2658.8130	-1
2666.6558	-1
2674.4985	-1
2682.3413	-1
2690.1841	-1
2698.0271	-1
2705.8701	-1
2713.7131	-1
2721.5562	-1
2729.3992	-1
2737.2422	-1
2745.0852	-1
2752.9282	-1
2760.7712	-1
2768.6143	-1
2776.4573	-1
2784.3003	-1
2792.1436	1
2799.9868	1
2807.8303	1
2815.6738	1
2823.5173	1
2831.3608	1
2839.2043	1
2847.0479	1
2854.8945	-1
2862.7412	-1
2870.5879	-1
2878.4346	-1
2886.2812	-1
2894.1279	-1
2901.9749	-1
2909.8218	-1
2917.6687	-1
2925.5156	-1
2933.3625	-1
2941.2095	-1
2949.0564	-1
2956.9033	-1
2964.7502	-1
2972.5972	-1
2980.4441	-1
2988.2910	-1
2996.1379	-1
3003.9849	-1
3011.8318	-1
3019.6787	-1
3027.5256	-1
3035.3726	-1
3043.2197	-1
3051.0669	-1
3058.9141	-1
3066.7612	-1
3074.6084	-1
3082.4556	-1
3090.3030	-1
3098.1504	-1
3105.9978	-1
3113.8452	-1
3121.6926	-1
3129.5400	-1
3137.3875	-1
3145.2349	-1
3153.0823	-1
3160.9297	-1
3168.7771	-1
3176.6245	-1
3184.4722	-1
3192.3198	-1
3200.1675	-1
3208.0151	-1
3215.8628	-1
3223.7104	-1
3231.5583	1
3239.4062	1
3247.2544	1
3255.1025	1
3262.9507	1
3270.7988	1
3278.6492	-1
3286.4995	-1
3294.3499	-1
3302.2002	-1
3310.0505	-1
3317.9009	-1
3325.7515	-1
3333.6021	-1
3341.4526	-1
3349.3032	-1
3357.1538	-1
3365.0044	-1
3372.8550	-1
3380.7056	-1
3388.5562	-1
3396.4067	-1
3404.2573	-1
3412.1079	-1
3419.9587	-1
3427.8096	-1
3435.6604	-1
3443.5112	-1
3451.3621	-1
3459.2129	-1
3467.0640	-1
3474.9150	-1
3482.7661	-1
3490.6172	-1
3498.4683	-1
3506.3193	-1
3514.1707	-1
3522.0220	-1
3529.8828	1
3537.7449	-1
3545.6072	1
3553.4695	1
3561.3323	-1
3569.1951	-1
3577.0579	-1
3584.9214	-1
3592.7937	1
3600.6672	-1
3608.5410	1
3616.4150	1
3624.2896	-1
3632.1641	-1
3640.0386	-1
3647.9131	-1
3655.7881	-1
3663.6721	1
3671.5574	-1
3679.4429	1
3687.3284	1
3695.2151	-1
3703.1018	-1
3710.9885	-1
3718.8752	-1
3726.7620	-1
3734.6487	-1
3742.5356	-1
3750.4226	-1
3758.3096	-1
3766.1965	-1
3774.0835	-1
3781.9705	-1
3789.8577	1
3797.7449	1
3805.6321	1
3813.5193	1
3821.4077	-1
3829.2961	-1
3837.1846	-1
3845.0730	-1
3852.9614	-1
3860.8499	-1
3868.7388	1
3876.6277	1
3884.5168	-1
3892.4060	-1
3900.2952	-1
3908.1843	-1
3916.0735	-1
3923.9626	-1
3931.8518	-1
3939.7410	-1
3947.6301	-1
3955.5193	-1
3963.4084	-1
3971.2976	-1
3979.1870	-1
3987.0764	-1
3994.9658	-1
4002.8552	-1
4010.7446	-1
4018.6340	-1
4026.5239	1
4034.4141	1
4042.3042	1
4050.1943	1
4058.0845	1
4065.9746	1
4073.8657	-1
4081.7568	-1
4089.6479	-1
4097.5391	-1
4105.4302	-1
4113.3213	-1
4121.2129	-1
4129.1045	-1
4136.9961	-1
4144.8877	-1
4152.7793	-1
4160.6709	-1
4168.5625	-1
4176.4546	-1
4184.3467	-1
4192.2388	-1
4200.1309	-1
4208.0229	-1
4215.9150	1
4223.8071	1
4231.6997	1
4239.5923	1
4247.4863	-1
4255.3804	-1
4263.2744	-1
4271.1685	-1
4279.0625	-1
4286.9565	-1
4294.8506	-1
4302.7446	-1
4310.6387	-1
4318.5327	-1
4326.4268	-1
4334.3208	-1
4342.2163	-1
4350.1118	-1
4358.0073	-1
4365.9028	-1
4373.7983	-1
4381.6938	-1
4389.5894	-1
4397.4849	-1
4405.3804	-1
4413.2759	-1
4421.1714	-1
4429.0669	-1
4436.9629	-1
4444.8589	-1
4452.7549	-1
4460.6509	-1
4468.5469	-1
4476.4429	-1
4484.3389	-1
4492.2349	-1
4500.1309	-1
4508.0269	-1
4515.9229	-1
4523.8188	-1
4531.7148	-1
4539.6108	-1
4547.5068	-1
4555.4028	-1
4563.2988	-1
4571.1948	-1
4579.0913	-1
4586.9878	-1
4594.8843	-1
4602.7808	-1
4610.6772	-1
4618.5737	-1
4626.4702	-1
4634.3667	-1
4642.2632	-1
4650.1714	1
4658.0806	-1
4665.9902	1
4673.8999	1
4681.8101	-1
4689.7202	-1
4697.6304	-1
4705.5405	-1
4713.4507	-1
4721.3608	-1
4729.2715	-1
4737.1821	-1
4745.0928	-1
4753.0034	-1
4760.9141	-1
4768.8247	-1
4776.7354	1
4784.6460	1
4792.5566	1
4800.4678	1
4808.3794	-1
4816.2910	-1
4824.2026	-1
4832.1143	-1
4840.0259	-1
4847.9375	-1
4855.8496	-1
4863.7617	-1
4871.6738	-1
4879.5859	-1
4887.4980	-1
4895.4102	-1
4903.3223	-1
4911.2344	-1
4919.1465	-1
4927.0586	-1
4934.9707	-1
4942.8828	-1
4950.7949	-1
4958.7070	-1
4966.6191	-1
4974.5312	-1
4982.4434	-1
4990.3555	-1
4998.2681	1
5006.1807	1
5014.0938	1
5022.0068	1
5029.9199	1
5037.8330	1
5045.7466	-1
5053.6602	-1
5061.5737	-1
5069.4873	-1
5077.4009	-1
5085.3145	-1
5093.2280	-1
5101.1416	-1
5109.0552	-1
5116.9688	-1
5124.8823	-1
5132.7959	-1
5140.7104	-1
5148.6250	-1
5156.5396	-1
5164.4541	-1
5172.3687	-1
5180.2832	-1
5188.1978	-1
5196.1123	-1
5204.0269	-1
5211.9414	-1
5219.8560	-1
5227.7705	-1
5235.6855	-1
5243.6006	-1
5251.5156	-1
5259.4307	-1
5267.3457	-1
5275.2607	-1
5283.1758	-1
5291.0908	-1
5299.0059	-1
5306.9307	1
5314.8564	-1
5322.7827	1
5330.7090	1
5338.6362	-1
5346.5635	-1
5354.4907	-1
5362.4180	-1
5370.3452	-1
5378.2725	-1
5386.1997	-1
5394.1270	-1
5402.0542	-1
5409.9814	-1
5417.9087	-1
5425.8359	-1
5433.7637	1
5441.6914	1
5449.6191	1
5457.5469	1
5465.4761	-1
5473.4053	-1
5481.3345	-1
5489.2637	-1
5497.1929	-1
5505.1221	-1
5513.0518	1
5520.9814	1
5528.9116	-1
5536.8418	-1
5544.7720	-1
5552.7021	-1
5560.6323	-1
5568.5625	-1
5576.4927	-1
5584.4229	-1
5592.3530	-1
5600.2832	-1
5608.2134	-1
5616.1436	-1
5624.0737	-1
5632.0039	-1
5639.9341	-1
5647.8643	-1
5655.7944	-1
5663.7246	-1
5671.6553	1
5679.5859	1
5687.5176	1
5695.4492	1
5703.3809	1
5711.3130	1
5719.2451	-1
5727.1772	-1
5735.1094	-1
5743.0415	-1
5750.9736	-1
5758.9058	-1
5766.8384	-1
5774.7710	-1
5782.7036	-1
5790.6362	-1
5798.5688	-1
5806.5015	-1
5814.4355	-1
5822.3696	-1
5830.3037	-1
5838.2378	-1
5846.1719	-1
5854.1060	-1
5862.0400	-1
5869.9741	-1
5877.9082	-1
5885.8423	-1
5893.7764	-1
5901.7104	-1
5909.6455	-1
5917.5806	-1
5925.5156	-1
5933.4507	-1
5941.3857	-1
5949.3208	-1
5957.2563	-1
5965.1919	-1
5973.1274	-1
5981.0630	-1
5988.9985	-1
5996.9341	-1
6004.8701	-1
6012.8062	-1
6020.7422	-1
6028.6782	-1
6036.6143	-1
6044.5503	-1
6052.4863	-1
6060.4321	1
6068.3789	-1
6076.3262	1
6084.2734	1
6092.2212	-1
6100.1689	-1
6108.1167	-1
6116.0645	-1
6124.0122	-1
6131.9600	-1
6139.9082	-1
6147.8657	1
6155.8242	-1
6163.7832	1
6171.7422	1
6179.7017	-1
6187.6611	-1
6195.6211	-1
6203.5903	1
6211.5605	-1
6219.5312	1
6227.5020	1
6235.4736	-1
6243.4453	-1
6251.4170	-1
6259.3887	-1
6267.3696	1
6275.3516	-1
6283.3340	1
6291.3164	1
6299.2998	-1
6307.2832	-1
6315.2666	-1
6323.2593	1
6331.2529	-1
6339.2471	1
6347.2412	1
6355.2363	-1
6363.2314	-1
6371.2358	1
6379.2412	-1
6387.2471	1
6395.2529	1
6403.2598	-1
6411.2666	-1
6419.2827	1
6427.3003	-1
6435.3179	1
6443.3354	1
6451.3540	-1
6459.3726	-1
6467.3911	-1
6475.4102	-1
6483.4385	1
6491.4683	-1
6499.4980	1
6507.5278	1
6515.5586	-1
6523.5894	-1
6531.6201	-1
6539.6514	-1
6547.6914	1
6555.7324	-1
6563.7739	1
6571.8154	1
6579.8579	-1
6587.9004	-1
6595.9429	-1
6603.9946	1
6612.0474	-1
6620.1006	1
6628.1538	1
6636.2080	-1
6644.2622	-1
6652.3164	-1
6660.3706	-1
6668.4248	-1
6676.4790	-1
6684.5332	-1
6692.5874	-1
6700.6416	-1
6708.6958	-1
6716.7500	-1
6724.8042	-1
6732.8589	1
6740.9136	1
6748.9692	-1
6757.0249	-1
6765.0806	-1
6773.1362	-1
6781.1919	-1
6789.2476	-1
6797.3032	-1
6805.3687	1
6813.4351	-1
6821.5020	1
6829.5688	1
6837.6362	-1
6845.7041	-1
6853.7808	1
6861.8589	-1
6869.9370	1
6878.0156	1
6886.0947	-1
6894.1738	-1
6902.2534	-1
6910.3418	1
6918.4312	-1
6926.5210	1
6934.6108	1
6942.7012	-1
6950.7915	-1
6958.8818	-1
6966.9722	-1
6975.0625	-1
6983.1528	-1
6991.2432	-1
6999.3335	-1
7007.4238	-1
7015.5234	1
7023.6245	-1
7031.7256	1
7039.8267	1
7047.9292	-1
7056.0317	-1
7064.1343	-1
7072.2368	-1
7080.3394	-1
7088.4419	-1
7096.5444	-1
7104.6470	-1
7112.7495	-1
7120.8521	-1
7128.9546	-1
7137.0571	-1
7145.1602	1
7153.2632	1
7161.3662	1
7169.4692	1
7177.5732	-1
7185.6772	-1
7193.7812	-1
7201.8853	-1
7209.9893	-1
7218.0933	-1
7226.1978	-1
7234.3022	-1
7242.4067	-1
7250.5112	-1
7258.6157	-1
7266.7202	-1
7274.8252	1
7282.9302	1
7291.0352	1
7299.1401	1
7307.2451	-1
7315.3501	-1
7323.4551	-1
7331.5601	-1
7339.6650	-1
7347.7700	-1
7355.8755	1
7363.9814	-1
7372.0874	-1
7380.1934	-1
7388.2993	-1
7396.4053	-1
7404.5112	-1
7412.6182	-1
7420.7251	-1
7428.8320	-1
7436.9390	-1
7445.0459	-1
7453.1528	-1
7461.2607	-1
7469.3687	-1
7477.4766	-1
7485.5845	-1
7493.6924	-1
7501.8003	-1
7509.9087	-1
7518.0171	-1
7526.1255	-1
7534.2339	-1
7542.3423	-1
7550.4507	-1
7558.5591	-1
7566.6675	-1
7574.7759	-1
7582.8843	-1
7590.9927	-1
7599.1011	-1
7607.2095	-1
7615.3179	-1
7623.4268	-1
7631.5356	-1
7639.6445	-1
7647.7534	-1
7655.8711	1
7663.9897	-1
7672.1089	1
7680.2280	1
7688.3481	-1
7696.4683	-1
7704.5884	-1
7712.7085	-1
7720.8286	-1
7728.9487	-1
7737.0688	-1
7745.1890	-1
7753.3091	-1
7761.4292	-1
7769.5493	-1
7777.6694	-1
7785.7900	1
7793.9106	1
7802.0312	1
7810.1519	1
7818.2734	-1
7826.3950	-1
7834.5166	-1
7842.6382	-1
7850.7598	-1
7858.8818	-1
7867.0044	1
7875.1270	1
7883.2495	-1
7891.3721	-1
7899.4946	-1
7907.6172	-1
7915.7397	-1
7923.8623	-1
7931.9854	-1
7940.1084	-1
7948.2314	-1
7956.3545	-1
7964.4775	-1
7972.6006	-1
7980.7236	-1
7988.8467	-1
7996.9697	-1
8005.0928	-1
8013.2158	-1
8021.3389	-1
8029.4629	-1
8037.5869	-1
8045.7109	-1
8053.8350	-1
8061.9590	-1
8070.0830	-1
8078.2070	-1
8086.3311	-1
8094.4644	1
8102.5991	-1
8110.7339	1
8118.8687	1
8127.0044	-1
8135.1401	-1
8143.2759	-1
8151.4116	-1
8159.5474	-1
8167.6831	-1
8175.8188	-1
8183.9546	-1
8192.0898	-1
8200.2256	-1
8208.3613	-1
8216.4971	-1
8224.6328	1
8232.7686	1
8240.9043	1
8249.0400	1
8257.1768	-1
8265.3135	-1
8273.4502	-1
8281.5869	-1
8289.7236	-1
8297.8604	-1
8305.9971	-1
8314.1338	-1
8322.2705	-1
8330.4072	-1
8338.5439	-1
8346.6807	-1
8354.8174	-1
8362.9541	-1
8371.0908	-1
8379.2275	-1
8387.3643	-1
8395.5010	-1
8403.6377	-1
8411.7744	-1
8419.9111	-1
8428.0479	-1
8436.1846	-1
8444.3213	-1
8452.4590	1
8460.5967	1
8468.7344	1
8476.8721	1
8485.0098	1
8493.1475	1
8501.2852	1
8509.4229	1
8517.5615	-1
8525.7002	-1
8533.8389	-1
8541.9775	-1
8550.1162	-1
8558.2549	-1
8566.3936	-1
8574.5322	-1
8582.6709	-1
8590.8096	-1
8598.9482	-1
8607.0869	-1
8615.2256	-1
8623.3643	-1
8631.5029	-1
8639.6416	-1
8647.7803	-1
8655.9189	-1
8664.0576	-1
8672.1963	-1
8680.3350	-1
8688.4736	-1
8696.6123	-1
8704.7510	-1
8712.8906	-1
8721.0303	-1
8729.1699	-1
8737.3096	-1
8745.4492	-1
8753.5889	-1
8761.7285	1
8769.8682	-1
8778.0078	-1
8786.1475	-1
8794.2871	-1
8802.4268	-1
8810.5664	-1
8818.7070	-1
8826.8477	-1
8834.9883	-1
8843.1289	-1
8851.2695	-1
8859.4102	-1
8867.5508	-1
8875.6914	-1
8883.8320	-1
8891.9727	-1
8900.1133	-1
8908.2539	-1
8916.3945	-1
8924.5352	-1
8932.6758	-1
8940.8164	-1
8948.9570	-1
8957.1064	1
8965.2578	-1
8973.4092	1
8981.5605	1
8989.7129	-1
8997.8652	-1
9006.0176	-1
9014.1699	-1
9022.3223	-1
9030.4746	-1
9038.6270	-1
9046.7793	-1
9054.9316	-1
9063.0840	-1
9071.2363	-1
9079.3887	-1
9087.5420	1
9095.6953	1
9103.8486	1
9112.0020	1
9120.1562	-1
9128.3105	-1
9136.4648	-1
9144.6191	-1
9152.7734	-1
9160.9277	-1
9169.0820	-1
9177.2363	-1
9185.3906	-1
9193.5449	-1
9201.6992	-1
9209.8535	-1
9218.0088	-1
9226.1641	-1
9234.3193	-1
9242.4746	-1
9250.6299	-1
9258.7852	-1
9266.9404	-1
9275.0957	-1
9283.2510	-1
9291.4062	-1
9299.5615	-1
9307.7168	-1
9315.8721	1
9324.0273	1
9332.1826	1
9340.3379	1
9348.4932	1
9356.6484	1
9364.8037	1
9372.9590	1
9381.1162	-1
9389.2734	-1
9397.4307	-1
9405.5879	-1
9413.7451	-1
9421.9023	-1
9430.0605	-1
9438.2188	-1
9446.3770	-1
9454.5352	-1
9462.6934	-1
9470.8516	-1
9479.0098	-1
9487.1680	-1
9495.3262	-1
9503.4844	-1
9511.6426	-1
9519.8008	-1
9527.9590	1
9536.1172	1
9544.2764	-1
9552.4355	-1
9560.5947	-1
9568.7539	-1
9576.9131	-1
9585.0723	-1
9593.2314	-1
9601.3906	-1
9609.5498	-1
9617.7090	-1
9625.8682	-1
9634.0273	-1
9642.1865	-1
9650.3457	-1
9658.5049	-1
9666.6641	-1
9674.8232	-1
9682.9824	-1
9691.1426	-1
9699.3027	-1
9707.4629	-1
9715.6230	-1
9723.7832	-1
9731.9434	-1
9740.1035	-1
9748.2637	-1
9756.4238	-1
9764.5840	-1
9772.7441	-1
9780.9043	-1
9789.0645	-1
9797.2246	-1
9805.3848	-1
9813.5449	-1
9821.7051	-1
9829.8652	-1
9838.0264	-1
9846.1875	-1
9854.3574	1
9862.5293	-1
9870.7012	1
9878.8730	1
9887.0459	-1
9895.2188	-1
9903.3916	-1
9911.5645	-1
9919.7373	-1
9927.9102	-1
9936.0830	-1
9944.2559	-1
9952.4287	-1
9960.6016	-1
9968.7744	-1
9976.9473	-1
9985.1201	1
9993.2939	-1
10001.4678	-1
10009.6416	-1
10017.8154	-1
10025.9990	1
10034.1836	-1
10042.3691	1
10050.5547	1
10058.7412	-1
10066.9277	-1
10075.1143	-1
10083.3008	-1
10091.4873	-1
10099.6738	-1
10107.8604	-1
10116.0469	-1
10124.2334	-1
10132.4199	-1
10140.6064	-1
10148.7930	-1
10156.9795	1
10165.1660	1
10173.3535	-1
10181.5410	-1
10189.7285	-1
10197.9160	-1
10206.1035	-1
10214.2910	-1
10222.4785	-1
10230.6660	-1
10238.8633	1
10247.0615	-1
10255.2598	1
10263.4580	1
10271.6572	-1
10279.8564	-1
10288.0557	-1
10296.2549	-1
10304.4541	-1
10312.6533	-1
10320.8525	-1
10329.0518	-1
10337.2510	-1
10345.4502	-1
10353.6494	-1
10361.8486	-1
10370.0479	1
10378.2471	1
10386.4463	1
10394.6455	1
10402.8457	-1
10411.0459	-1
10419.2461	-1
10427.4463	-1
10435.6465	-1
10443.8467	-1
10452.0469	1
10460.2471	1
10468.4473	-1
10476.6475	-1
10484.8477	-1
10493.0479	-1
10501.2480	-1
10509.4482	-1
10517.6494	-1
10525.8506	-1
10534.0518	-1
10542.2529	-1
10550.4541	-1
10558.6553	-1
10566.8564	-1
10575.0576	-1
10583.2588	-1
10591.4600	-1
10599.6611	-1
10607.8623	-1
10616.0635	-1
10624.2646	-1
10632.4658	-1
10640.6670	-1
10648.8682	-1
10657.0693	-1
10665.2705	-1
10673.4717	-1
10681.6729	-1
10689.8740	-1
10698.0752	-1
10706.2764	-1
10714.4775	1
10722.6797	1
10730.8818	1
10739.0840	1
10747.2861	1
10755.4883	1
10763.6904	1
10771.8926	1
10780.0957	1
10788.2988	1
10796.5020	-1
10804.7051	-1
10812.9082	-1
10821.1113	-1
10829.3145	-1
10837.5176	-1
10845.7207	-1
10853.9238	-1
10862.1270	-1
10870.3301	-1
10878.5332	-1
10886.7363	-1
10894.9395	-1
10903.1426	-1
10911.3457	-1
10919.5488	-1
10927.7520	-1
10935.9551	-1
10944.1582	-1
10952.3613	-1
10960.5645	-1
10968.7676	-1
10976.9707	-1
10985.1738	-1
10993.3779	-1
11001.5820	-1
11009.7861	-1
11017.9902	-1
11026.1943	-1
11034.3984	-1
11042.6025	-1
11050.8066	-1
11059.0107	-1
11067.2148	-1
11075.4189	-1
11083.6230	-1
11091.8271	-1
11100.0312	-1
11108.2354	-1
11116.4395	-1
11124.6436	-1
11132.8477	-1
11141.0518	-1
11149.2559	-1
11157.4600	-1
11165.6641	-1
11173.8682	-1
11182.0723	-1
11190.2764	-1
11198.4805	-1
11206.6846	-1
11214.8887	-1
11223.0928	-1
11231.2969	-1
11239.5010	-1
11247.7051	-1
11255.9092	-1
11264.1133	-1
11272.3174	-1
11280.5215	-1
11288.7256	1
11296.9307	1
11305.1357	1
11313.3408	-1
11321.5459	-1
11329.7510	-1
11337.9561	-1
11346.1611	1
11354.3662	-1
11362.5713	-1
11370.7764	1
11378.9814	1
11387.1865	1
11395.3916	1
11403.5967	1
11411.8018	1
11420.0068	1
11428.2119	1
11436.4170	1
11444.6240	-1
11452.8311	-1
11461.0381	-1
11469.2451	-1
11477.4521	-1
11485.6592	-1
11493.8662	-1
11502.0732	-1
11510.2803	-1
11518.4873	-1
11526.6943	-1
11534.9014	-1
11543.1084	-1
11551.3154	-1
11559.5225	-1
11567.7295	-1
11575.9365	-1
11584.1436	-1
11592.3506	-1
11600.5576	-1
11608.7646	-1
11616.9717	-1
11625.1787	-1
11633.3857	-1
11641.5928	-1
11649.7998	-1
11658.0068	-1
11666.2139	-1
11674.4209	-1
11682.6279	-1
11690.8350	-1
11699.0420	-1
11707.2490	-1
11715.4561	-1
11723.6631	-1
11731.8701	-1
11740.0771	-1
11748.2842	-1
11756.4912	-1
11764.6982	-1
11772.9053	-1
11781.1123	-1
11789.3193	-1
11797.5264	-1
11805.7334	-1
11813.9404	-1
11822.1475	-1
11830.3545	-1
11838.5625	-1
11846.7705	-1
11854.9785	-1
11863.1865	-1
11871.3945	-1
11879.6025	-1
11887.8105	-1
11896.0186	-1
11904.2266	-1
11912.4346	-1
11920.6426	-1
11928.8506	-1
11937.0586	-1
11945.2666	-1
11953.4746	-1
11961.6826	-1
11969.8906	-1
11978.0986	-1
11986.3066	-1
11994.5146	-1
12002.7227	-1
12010.9307	-1
12019.1387	-1
12027.3467	-1
12035.5645	1
12043.7842	-1
12052.0039	1
12060.2236	1
12068.4443	-1
12076.6650	-1
12084.8857	-1
12093.1064	-1
12101.3271	-1
12109.5479	-1
12117.7686	-1
12125.9893	-1
12134.2100	-1
12142.4307	-1
12150.6514	-1
12158.8721	-1
12167.0928	1
12175.3145	1
12183.5361	1
12191.7578	1
12199.9805	-1
12208.2031	-1
12216.4258	-1
12224.6484	-1
12232.8711	-1
12241.0938	-1
12249.3174	1
12257.5410	1
12265.7646	-1
12273.9883	-1
12282.2119	-1
12290.4355	-1
12298.6592	-1
12306.8828	-1
12315.1064	-1
12323.3301	-1
12331.5537	-1
12339.7773	-1
12348.0010	-1
12356.2246	-1
12364.4482	-1
12372.6719	-1
12380.8955	-1
12389.1191	-1
12397.3428	-1
12405.5664	-1
12413.7900	1
12422.0137	1
12430.2383	1
12438.4629	1
12446.6875	1
12454.9121	1
12463.1387	-1
12471.3652	-1
12479.5918	-1
12487.8184	-1
12496.0449	-1
12504.2715	-1
12512.4980	-1
12520.7246	-1
12528.9512	-1
12537.1777	-1
12545.4043	-1
12553.6309	-1
12561.8574	-1
12570.0840	-1
12578.3105	-1
12586.5371	-1
12594.7637	-1
12602.9902	-1
12611.2168	-1
12619.4434	-1
12627.6699	-1
12635.8965	-1
12644.1230	-1
12652.3496	-1
12660.5771	1
12668.8047	1
12677.0322	-1
12685.2598	-1
12693.4873	-1
12701.7148	-1
12709.9424	-1
12718.1699	-1
12726.3975	-1
12734.6250	-1
12742.8525	-1
12751.0801	-1
12759.3076	-1
12767.5352	-1
12775.7637	-1
12783.9922	-1
12792.2207	-1
12800.4492	-1
12808.6777	-1
12816.9062	-1
12825.1348	-1
12833.3633	-1
12841.5918	-1
12849.8203	-1
12858.0488	-1
12866.2773	-1
12874.5068	-1
12882.7363	-1
12890.9658	-1
12899.1953	-1
12907.4248	-1
12915.6543	-1
12923.8838	-1
12932.1133	-1
12940.3428	-1
12948.5830	1
12956.8242	-1
12965.0654	1
12973.3066	1
12981.5488	-1
12989.7910	-1
12998.0332	-1
13006.2754	-1
13014.5176	-1
13022.7598	-1
13031.0020	-1
13039.2441	-1
13047.4961	1
13055.7490	-1
13064.0029	1
13072.2568	1
13080.5117	-1
13088.7666	-1
13097.0215	-1
13105.2764	-1
13113.5312	-1
13121.7861	-1
13130.0410	-1
13138.2959	-1
13146.5508	-1
13154.8057	-1
13163.0605	-1
13171.3154	-1
13179.5703	1
13187.8252	1
13196.0801	1
13204.3350	1
13212.5918	-1
13220.8486	-1
13229.1055	-1
13237.3623	-1
13245.6191	-1
13253.8760	-1
13262.1328	-1
13270.3896	-1
13278.6465	-1
13286.9033	-1
13295.1602	-1
13303.4170	-1
13311.6738	-1
13319.9307	-1
13328.1875	-1
13336.4443	-1
13344.7012	-1
13352.9580	-1
13361.2148	1
13369.4717	1
13377.7285	-1
13385.9854	-1
13394.2422	-1
13402.4990	-1
13410.7559	-1
13419.0127	-1
13427.2695	1
13435.5273	1
13443.7852	1
13452.0430	1
13460.3008	1
13468.5586	1
13476.8174	-1
13485.0771	-1
13493.3369	-1
13501.5967	-1
13509.8564	-1
13518.1162	-1
13526.3760	-1
13534.6357	-1
13542.8955	-1
13551.1553	-1
13559.4150	-1
13567.6748	-1
13575.9346	1
13584.1943	1
13592.4541	1
13600.7139	1
13608.9746	-1
13617.2354	-1
13625.4961	-1
13633.7568	-1
13642.0176	-1
13650.2783	-1
13658.5391	1
13666.7998	1
13675.0605	-1
13683.3213	-1
13691.5820	-1
13699.8428	-1
13708.1035	-1
13716.3643	-1
13724.6260	1
13732.8877	1
13741.1504	-1
13749.4131	-1
13757.6758	-1
13765.9385	-1
13774.2012	-1
13782.4639	-1
13790.7266	-1
13798.9893	-1
13807.2520	-1
13815.5146	-1
13823.7773	-1
13832.0400	-1
13840.3027	-1
13848.5654	-1
13856.8281	-1
13865.0908	-1
13873.3535	-1
13881.6162	-1
13889.8789	-1
13898.1416	-1
13906.4043	-1
13914.6670	-1
13922.9297	-1
13931.1924	-1
13939.4561	1
13947.7207	-1
13955.9854	-1
13964.2500	-1
13972.5146	-1
13980.7793	-1
13989.0439	-1
13997.3096	-1
14005.5752	-1
14013.8408	-1
14022.1064	-1
14030.3721	-1
14038.6377	-1
14046.9033	-1
14055.1689	-1
14063.4346	-1
14071.7002	-1
14079.9658	-1
14088.2314	-1
14096.4971	-1
14104.7627	-1
14113.0283	-1
14121.2939	-1
14129.5596	-1
14137.8252	-1
14146.0918	-1
14154.3584	-1
14162.6250	-1
14170.8916	-1
14179.1582	-1
14187.4248	-1
14195.6914	-1
14203.9580	-1
14212.2246	-1
14220.4912	-1
14228.7578	-1
14237.0244	-1
14245.2920	-1
14253.5596	-1
14261.8271	-1
14270.0947	-1
14278.3623	-1
14286.6299	-1
14294.8975	-1
14303.1650	-1
14311.4326	-1
14319.7002	-1
14327.9678	-1
14336.2354	-1
14344.5029	-1
14352.7705	-1
14361.0381	-1
14369.3154	1
14377.5938	-1
14385.8721	1
14394.1504	1
14402.4297	-1
14410.7090	-1
14418.9883	-1
14427.2676	-1
14435.5469	-1
14443.8262	-1
14452.1055	-1
14460.3848	-1
14468.6641	-1
14476.9434	-1
14485.2227	-1
14493.5020	-1
14501.7812	1
14510.0605	1
14518.3408	-1
14526.6211	-1
14534.9014	-1
14543.1816	-1
14551.4619	-1
14559.7422	-1
14568.0225	-1
14576.3027	-1
14584.5928	1
14592.8838	-1
14601.1748	1
14609.4668	1
14617.7598	-1
14626.0527	-1
14634.3457	-1
14642.6387	-1
14650.9316	-1
14659.2246	-1
14667.5176	-1
14675.8105	-1
14684.1035	-1
14692.3965	-1
14700.6895	-1
14708.9824	-1
14717.2754	1
14725.5684	1
14733.8633	-1
14742.1582	-1
14750.4531	-1
14758.7480	-1
14767.0430	-1
14775.3379	-1
14783.6328	-1
14791.9277	-1
14800.2227	-1
14808.5273	1
14816.8340	-1
14825.1406	1
14833.4473	1
14841.7549	-1
14850.0625	-1
14858.3701	-1
14866.6777	-1
14874.9854	-1
14883.2930	-1
14891.6006	-1
14899.9082	-1
14908.2158	-1
14916.5234	-1
14924.8311	-1
14933.1387	-1
14941.4463	1
14949.7539	1
14958.0615	1
14966.3691	1
14974.6777	-1
14982.9863	-1
14991.2949	-1
14999.6035	-1
15007.9121	-1
15016.2207	-1
15024.5293	-1
15032.8379	-1
15041.1465	-1
15049.4551	-1
15057.7637	-1
15066.0723	-1
15074.3809	-1
15082.6895	-1
15090.9980	-1
15099.3066	-1
15107.6152	-1
15115.9238	-1
15124.2324	-1
15132.5410	-1
15140.8496	-1
15149.1582	-1
15157.4668	-1
15165.7754	-1
15174.0840	1
15182.3936	1
15190.7031	1
15199.0127	1
15207.3223	1
15215.6318	1
15223.9414	1
15232.2510	1
15240.5615	-1
15248.8721	-1
15257.1826	-1
15265.4932	-1
15273.8037	-1
15282.1143	-1
15290.4248	-1
15298.7354	-1
15307.0459	-1
15315.3564	-1
15323.6670	-1
15331.9775	-1
15340.2881	-1
15348.5986	-1
15356.9092	-1
15365.2197	-1
15373.5303	-1
15381.8408	-1
15390.1514	-1
15398.4619	-1
15406.7725	-1
15415.0830	-1
15423.3936	-1
15431.7041	-1
15440.0156	1
15448.3271	1
15456.6387	1
15464.9502	1
15473.2617	1
15481.5732	1
15489.8848	-1
15498.1963	-1
15506.5078	-1
15514.8193	-1
15523.1309	-1
15531.4424	-1
15539.7539	1
15548.0654	1
15556.3770	1
15564.6885	1
15573.0020	-1
15581.3154	-1
15589.6289	-1
15597.9424	-1
15606.2559	-1
15614.5693	-1
15622.8828	-1
15631.1963	-1
15639.5098	-1
15647.8232	-1
15656.1367	-1
15664.4502	-1
15672.7646	-1
15681.0791	-1
15689.3936	-1
15697.7080	-1
15706.0225	-1
15714.3369	-1
15722.6514	-1
15730.9658	-1
15739.2803	-1
15747.5947	-1
15755.9092	-1
15764.2236	-1
15772.5381	-1
15780.8525	-1
15789.1670	-1
15797.4814	-1
15805.7959	-1
15814.1104	-1
15822.4248	-1
15830.7393	-1
15839.0537	-1
15847.3682	-1
15855.6826	-1
15863.9971	-1
15872.3115	-1
15880.6260	-1
15888.9404	-1
15897.2549	-1
15905.5693	-1
15913.8838	-1
15922.1992	-1
15930.5146	-1
15938.8301	-1
15947.1455	-1
15955.4609	-1
15963.7764	-1
15972.0918	-1
15980.4072	-1
15988.7227	-1
15997.0381	-1
16005.3535	-1
16013.6689	-1
16021.9844	-1
16030.2998	-1
16038.6152	-1
16046.9307	-1
16055.2461	-1
16063.5615	-1
16071.8770	-1
16080.1924	-1
16088.5078	-1
16096.8232	-1
16105.1387	-1
16113.4541	-1
16121.7695	-1
16130.0850	-1
16138.4004	-1
16146.7158	-1
16155.0312	-1
16163.3467	-1
16171.6631	-1
16179.9795	-1
16188.2959	-1
16196.6123	-1
16204.9287	-1
16213.2451	-1
16221.5615	1
16229.8779	1
16238.1943	1
16246.5117	1
16254.8291	1
16263.1465	1
16271.4639	1
16279.7812	1
16288.0986	1
16296.4160	1
16304.7334	1
16313.0508	1
16321.3682	1
16329.6875	-1
16338.0068	-1
16346.3262	-1
16354.6455	-1
16362.9648	-1
16371.2842	-1
16379.6035	-1
16387.9219	-1
16396.2402	-1
16404.5586	-1
16412.8770	-1
16421.1953	-1
16429.5156	-1
16437.8359	-1
16446.1562	-1
16454.4766	-1
16462.7969	-1
16471.1172	-1
16479.4375	-1
16487.7578	-1
16496.0781	-1
16504.3984	-1
16512.7188	-1
16521.0391	-1
16529.3594	-1
16537.6797	-1
16546.0000	-1
16554.3203	-1
16562.6406	-1
16570.9609	-1
16579.2812	-1
16587.6016	-1
16595.9219	-1
16604.2422	-1
16612.5625	-1
16620.8828	-1
16629.2031	-1
16637.5234	-1
16645.8438	-1
16654.1641	-1
16662.4844	-1
16670.8047	-1
16679.1250	-1
16687.4453	-1
16695.7656	-1
16704.0859	-1
16712.4062	-1
16720.7266	-1
16729.0469	-1
16737.3672	-1
16745.6875	-1
16754.0078	-1
16762.3281	-1
16770.6484	-1
16778.9688	-1
16787.2891	-1
16795.6094	-1
16803.9297	-1
16812.2500	-1
16820.5703	-1
16828.8906	-1
16837.2109	-1
16845.5312	-1
16853.8516	-1
16862.1719	-1
16870.4941	-1
16878.8164	-1
16887.1387	-1
16895.4609	-1
16903.7832	-1
16912.1055	-1
16920.4277	-1
16928.7500	-1
16937.0820	1
16945.4160	-1
16953.7500	1
16962.0840	1
16970.4180	-1
16978.7520	-1
16987.0859	-1
16995.4199	-1
17003.7539	-1
17012.0879	-1
17020.4219	-1
17028.7559	-1
17037.0898	-1
17045.4238	-1
17053.7578	-1
17062.0918	-1
17070.4355	1
17078.7812	-1
17087.1270	1
17095.4727	1
17103.8184	-1
17112.1641	-1
17120.5098	-1
17128.8555	-1
17137.2012	-1
17145.5469	-1
17153.8926	-1
17162.2383	-1
17170.5840	-1
17178.9297	-1
17187.2754	-1
17195.6211	-1
17203.9688	1
17212.3164	1
17220.6641	1
17229.0117	1
17237.3594	-1
17245.7070	-1
17254.0547	-1
17262.4023	-1
17270.7500	-1
17279.0977	-1
17287.4453	-1
17295.7930	-1
17304.1406	-1
17312.4883	-1
17320.8359	-1
17329.1836	-1
17337.5312	1
17345.8789	1
17354.2266	-1
17362.5742	-1
17370.9219	-1
17379.2695	-1
17387.6172	-1
17395.9648	-1
17404.3125	-1
17412.6602	-1
17421.0078	-1
17429.3555	-1
17437.7031	-1
17446.0508	-1
17454.3984	1
17462.7461	1
17471.0957	1
17479.4453	1
17487.7949	1
17496.1445	1
17504.4941	-1
17512.8438	-1
17521.1934	-1
17529.5430	-1
17537.8926	-1
17546.2422	-1
17554.5918	1
17562.9414	1
17571.2910	-1
17579.6406	-1
17587.9902	-1
17596.3398	-1
17604.6895	-1
17613.0391	-1
17621.3906	-1
17629.7422	-1
17638.0938	-1
17646.4453	-1
17654.7969	-1
17663.1484	-1
17671.5000	-1
17679.8516	-1
17688.2031	-1
17696.5547	-1
17704.9062	-1
17713.2578	-1
17721.6094	-1
17729.9609	-1
17738.3125	-1
17746.6641	-1
17755.0156	-1
17763.3672	-1
17771.7188	-1
17780.0703	-1
17788.4219	-1
17796.7734	-1
17805.1250	-1
17813.4766	-1
17821.8281	-1
17830.1797	-1
17838.5312	-1
17846.8828	-1
17855.2344	-1
17863.5859	-1
17871.9375	-1
17880.2891	-1
17888.6406	-1
17896.9922	-1
17905.3438	-1
17913.6953	-1
17922.0469	-1
17930.3984	-1
17938.7500	-1
17947.1016	-1
17955.4531	-1
17963.8047	-1
17972.1562	1
17980.5078	-1
17988.8594	-1
17997.2109	-1
18005.5625	-1
18013.9141	-1
18022.2656	1
18030.6172	-1
18038.9688	1
18047.3203	1
18055.6738	1
18064.0273	1
18072.3809	1
18080.7344	1
18089.0879	1
18097.4414	1
18105.7949	1
18114.1484	1
18122.5020	1
18130.8555	1
18139.2090	1
18147.5625	1
18155.9160	1
18164.2695	1
18172.6230	-1
18180.9766	-1
18189.3301	-1
18197.6836	-1
18206.0371	-1
18214.3906	-1
18222.7441	-1
18231.0977	-1
18239.4512	-1
18247.8047	-1
18256.1582	-1
18264.5117	-1
18272.8652	-1
18281.2188	-1
18289.5723	-1
18297.9258	-1
18306.2793	-1
18314.6328	-1
18322.9863	-1
18331.3398	-1
18339.6934	-1
18348.0469	-1
18356.4004	-1
18364.7539	-1
18373.1094	1
18381.4648	1
18389.8203	-1
18398.1758	-1
18406.5312	-1
18414.8867	-1
18423.2422	-1
18431.5977	-1
18439.9531	1
18448.3086	1
18456.6641	1
18465.0195	1
18473.3750	-1
18481.7305	-1
18490.0859	-1
18498.4414	-1
18506.7969	-1
18515.1523	-1
18523.5078	-1
18531.8633	-1
18540.2188	-1
18548.5742	-1
18556.9297	-1
18565.2852	-1
18573.6406	1
18581.9961	1
18590.3516	1
18598.7070	1
18607.0625	1
18615.4180	1
18623.7734	1
18632.1289	1
18640.4863	-1
18648.8438	-1
18657.2012	-1
18665.5586	-1
18673.9160	-1
18682.2734	-1
18690.6309	-1
18698.9883	-1
18707.3457	-1
18715.7031	-1
18724.0605	-1
18732.4180	-1
18740.7754	-1
18749.1328	-1
18757.4902	-1
18765.8477	-1
18774.2051	-1
18782.5625	-1
18790.9219	-1
18799.2812	-1
18807.6406	-1
18816.0000	-1
18824.3594	-1
18832.7188	-1
18841.0781	-1
18849.4375	-1
18857.7969	-1
18866.1562	-1
18874.5156	-1
18882.8750	-1
18891.2344	-1
18899.5938	-1
18907.9531	-1
18916.3125	-1
18924.6719	-1
18933.0312	-1
18941.3906	-1
18949.7500	-1
18958.1094	-1
18966.4688	-1
18974.8281	-1
18983.1875	-1
18991.5469	-1
18999.9062	-1
19008.2656	-1
19016.6250	-1
19024.9844	-1
19033.3438	-1
19041.7031	-1
19050.0625	-1
19058.4219	-1
19066.7812	-1
19075.1406	-1
19083.5000	-1
19091.8594	-1
19100.2188	-1
19108.5781	-1
19116.9375	-1
19125.2969	-1
19133.6562	-1
19142.0156	-1
19150.3750	-1
19158.7344	-1
19167.0938	-1
19175.4531	-1
19183.8125	-1
19192.1719	-1
19200.5312	-1
19208.8906	-1
19217.2500	-1
19225.6094	-1
19233.9688	-1
19242.3281	-1
19250.6875	-1
19259.0469	-1
19267.4062	-1
19275.7656	-1
19284.1250	-1
19292.4844	-1
19300.8438	-1
19309.2031	-1
19317.5625	-1
19325.9219	-1
19334.2812	-1
19342.6406	-1
19351.0000	-1
19359.3594	-1
19367.7188	-1
19376.0781	-1
19384.4375	-1
19392.7969	-1
19401.1562	-1
19409.5156	-1
19417.8750	-1
19426.2344	-1
19434.5938	-1
19442.9531	-1
19451.3125	-1
19459.6719	-1
19468.0312	-1
19476.3906	-1
19484.7500	-1
19493.1094	-1
19501.4688	-1
19509.8281	-1
19518.1875	-1
19526.5469	-1
19534.9062	-1
19543.2676	1
19551.6289	1
19559.9902	1
19568.3516	1
19576.7129	1
19585.0742	1
19593.4355	1
19601.7969	1
19610.1582	1
19618.5195	1
19626.8809	1
19635.2441	-1
19643.6074	-1
19651.9707	-1
19660.3340	-1
19668.6973	-1
19677.0605	-1
19685.4238	-1
19693.7871	-1
19702.1504	-1
19710.5137	-1
19718.8770	-1
19727.2402	-1
19735.6035	-1
19743.9668	-1
19752.3301	-1
19760.6934	-1
19769.0566	-1
19777.4199	-1
19785.7832	-1
19794.1465	-1
19802.5098	-1
19810.8730	-1
19819.2363	-1
19827.5996	-1
19835.9648	-1
19844.3301	-1
19852.6953	-1
19861.0605	-1
19869.4258	-1
19877.7910	-1
19886.1562	-1
19894.5215	-1
19902.8867	-1
19911.2520	-1
19919.6172	-1
19927.9824	-1
19936.3477	-1
19944.7129	-1
19953.0781	-1
19961.4434	-1
19969.8086	-1
19978.1738	-1
19986.5391	-1
19994.9043	-1
20003.2695	-1
20011.6348	-1
20020.0000	-1
20028.3652	-1
20036.7305	-1
20045.0957	-1
20053.4609	-1
20061.8262	-1
20070.1914	-1
20078.5566	-1
20086.9219	-1
20095.2871	-1
20103.6523	-1
20112.0176	-1
20120.3828	-1
20128.7480	-1
20137.1133	-1
20145.4785	-1
20153.8438	-1
20162.2090	-1
20170.5742	-1
20178.9395	-1
20187.3047	-1
20195.6699	-1
20204.0352	-1
20212.4004	-1
20220.7656	-1
20229.1309	-1
20237.4961	-1
20245.8613	-1
20254.2266	-1
20262.5918	-1
20270.9570	-1
20279.3223	-1
20287.6875	-1
20296.0527	-1
20304.4180	-1
20312.7832	-1
20321.1484	-1
20329.5137	-1
20337.8789	-1
20346.2441	-1
20354.6094	-1
20362.9746	-1
20371.3398	-1
20379.7051	-1
20388.0703	-1
20396.4355	-1
20404.8008	-1
20413.1660	-1
20421.5312	-1
20429.8965	-1
20438.4629	1
20447.0293	1
20455.5957	-1
20464.1621	-1
20472.7285	-1
20481.2949	-1
20489.8633	-1
20498.4316	-1
20507.0000	-1
20515.5684	-1
20524.1367	-1
20532.7051	-1
20541.2832	1
20549.8633	-1
20558.4434	1
20567.0234	1
20575.6055	-1
20584.1875	-1
20592.7695	-1
20601.3516	-1
20609.9336	-1
20618.5156	-1
20627.0977	-1
20635.6797	-1
20644.2617	-1
20652.8438	-1
20661.4258	-1
20670.0078	-1
20678.5898	1
20687.1719	1
20695.7539	1
20704.3359	1
20712.9180	-1
20721.5000	-1
20730.0820	-1
20738.6641	-1
20747.2461	-1
20755.8281	-1
20764.4102	-1
20772.9922	-1
20781.5742	-1
20790.1562	-1
20798.7383	-1
20807.3203	-1
20815.9043	-1
20824.4883	-1
20833.0723	-1
20841.6562	-1
20850.2402	-1
20858.8242	-1
20867.4082	1
20875.9922	-1
20884.5762	-1
20893.1602	-1
20901.7441	-1
20910.3281	-1
20918.9121	-1
20927.4961	-1
20936.0801	-1
20944.6641	-1
20953.2480	-1
20961.8418	1
20970.4375	-1
20979.0332	1
20987.6289	1
20996.2246	-1
21004.8203	-1
21013.4160	-1
21022.0215	1
21030.6289	-1
21039.2363	1
21047.8438	1
21056.4512	-1
21065.0605	-1
21073.6777	1
21082.2969	-1
21090.9160	1
21099.5352	1
21108.1543	-1
21116.7734	-1
21125.3926	-1
21134.0117	-1
21142.6309	-1
21151.2500	-1
21159.8691	-1
21168.4883	-1
21177.1094	-1
21185.7305	-1
21194.3516	-1
21202.9727	-1
21211.5938	1
21220.2148	1
21228.8359	1
21237.4570	1
21246.0781	-1
21254.6992	-1
21263.3203	-1
21271.9414	-1
21280.5625	-1
21289.1836	-1
21297.8047	-1
21306.4258	-1
21315.0469	-1
21323.6680	-1
21332.2891	-1
21340.9102	-1
21349.5312	-1
21358.1523	-1
21366.7734	-1
21375.3945	-1
21384.0156	-1
21392.6367	-1
21401.2578	-1
21409.8789	-1
21418.5098	1
21427.1426	-1
21435.7754	1
21444.4082	1
21453.0410	-1
21461.6738	-1
21470.3066	-1
21478.9395	-1
21487.5723	-1
21496.2051	-1
21504.8379	-1
21513.4707	-1
21522.1035	-1
21530.7461	1
21539.3906	-1
21548.0352	1
21556.6797	1
21565.3242	-1
21573.9688	-1
21582.6152	-1
21591.2695	1
21599.9258	-1
21608.5820	1
21617.2383	1
21625.8945	-1
21634.5508	-1
21643.2168	1
21651.8848	-1
21660.5527	1
21669.2207	1
21677.8887	-1
21686.5566	-1
21695.2344	1
21703.9121	-1
21712.5918	1
21721.2715	1
21729.9512	-1
21738.6309	-1
21747.3203	1
21756.0098	-1
21764.6992	1
21773.3887	1
21782.0801	-1
21790.7715	-1
21799.4727	1
21808.1758	-1
21816.8789	1
21825.5820	1
21834.2852	-1
21842.9883	-1
21851.6914	-1
21860.3945	-1
21869.0977	-1
21877.8008	-1
21886.5039	-1
21895.2070	-1
21903.9102	-1
21912.6133	-1
21921.3164	-1
21930.0195	-1
21938.7227	1
21947.4258	1
21956.1289	1
21964.8320	1
21973.5371	-1
21982.2422	-1
21990.9473	-1
21999.6523	-1
22008.3574	-1
22017.0625	-1
22025.7676	-1
22034.4727	-1
22043.1777	-1
22051.8828	-1
22060.5879	-1
22069.2930	-1
22077.9980	-1
22086.7031	-1
22095.4082	-1
22104.1133	-1
22112.8184	-1
22121.5234	-1
22130.2285	-1
22138.9336	-1
22147.6387	-1
22156.3438	-1
22165.0488	-1
22173.7539	-1
22182.4590	1
22191.1641	1
22199.8691	1
22208.5742	1
22217.2793	1
22225.9844	1
22234.6895	1
22243.3965	-1
22252.1035	-1
22260.8105	-1
22269.5176	-1
22278.2246	-1
22286.9316	-1
22295.6387	-1
22304.3457	-1
22313.0527	-1
22321.7598	-1
22330.4668	-1
22339.1738	-1
22347.8809	-1
22356.5879	-1
22365.2949	-1
22374.0020	-1
22382.7090	-1
22391.4160	-1
22400.1230	-1
22408.8301	-1
22417.5371	-1
22426.2441	-1
22434.9512	-1
22443.6582	-1
22452.3652	-1
22461.0723	-1
22469.7793	-1
22478.4863	-1
22487.1934	-1
22495.9004	-1
22504.6074	-1
22513.3145	-1
22522.0215	-1
22530.7285	-1
22539.4355	-1
22548.1426	-1
22556.8496	-1
22565.5566	-1
22574.2637	-1
22582.9805	1
22591.6992	-1
22600.4180	1
22609.1367	1
22617.8555	-1
22626.5742	-1
22635.3027	1
22644.0332	-1
22652.7637	1
22661.4941	1
22670.2246	-1
22678.9551	-1
22687.6855	-1
22696.4160	-1
22705.1465	-1
22713.8770	-1
22722.6074	-1
22731.3379	-1
22740.0684	-1
22748.7988	-1
22757.5293	-1
22766.2598	-1
22774.9922	1
22783.7246	1
22792.4570	1
22801.1895	1
22809.9219	-1
22818.6543	-1
22827.3867	-1
22836.1191	-1
22844.8516	-1
22853.5840	-1
22862.3164	-1
22871.0488	-1
22879.7812	-1
22888.5137	-1
22897.2461	-1
22905.9785	-1
22914.7109	1
22923.4434	1
22932.1758	-1
22940.9082	-1
22949.6406	-1
22958.3730	-1
22967.1055	-1
22975.8379	-1
22984.5703	-1
22993.3027	-1
23002.0352	-1
23010.7676	-1
23019.5000	-1
23028.2324	-1
23036.9668	-1
23045.7012	-1
23054.4355	-1
23063.1699	-1
23071.9043	-1
23080.6387	-1
23089.3730	-1
23098.1152	1
23106.8594	-1
23115.6035	1
23124.3477	1
23133.0938	-1
23141.8398	-1
23150.5859	-1
23159.3320	-1
23168.0781	-1
23176.8242	-1
23185.5703	-1
23194.3164	-1
23203.0625	-1
23211.8086	-1
23220.5547	-1
23229.3008	-1
23238.0469	1
23246.7930	1
23255.5391	1
23264.2852	1
23273.0332	-1
23281.7812	-1
23290.5293	-1
23299.2773	-1
23308.0254	-1
23316.7734	-1
23325.5215	-1
23334.2695	-1
23343.0176	-1
23351.7656	-1
23360.5137	-1
23369.2617	-1
23378.0098	-1
23386.7578	-1
23395.5059	-1
23404.2539	-1
23413.0020	-1
23421.7500	-1
23430.4980	-1
23439.2461	-1
23447.9941	-1
23456.7422	-1
23465.4902	-1
23474.2383	-1
23482.9863	1
23491.7344	1
23500.4844	1
23509.2344	1
23517.9844	1
23526.7344	1
23535.4844	1
23544.2344	1
23552.9844	-1
23561.7344	-1
23570.4844	-1
23579.2344	-1
23587.9844	-1
23596.7344	-1
23605.4844	-1
23614.2344	-1
23622.9844	-1
23631.7344	-1
23640.4844	-1
23649.2344	-1
23657.9863	1
23666.7383	1
23675.4902	1
23684.2422	1
23692.9941	-1
23701.7461	-1
23710.4980	-1
23719.2500	-1
23728.0020	-1
23736.7539	-1
23745.5059	-1
23754.2578	-1
23763.0098	-1
23771.7617	-1
23780.5137	-1
23789.2656	-1
23798.0176	-1
23806.7695	-1
23815.5215	-1
23824.2734	-1
23833.0254	-1
23841.7773	-1
23850.5312	-1
23859.2852	-1
23868.0391	-1
23876.7930	-1
23885.5469	-1
23894.3008	-1
23903.0547	-1
23911.8086	-1
23920.5625	-1
23929.3164	-1
23938.0703	-1
23946.8242	-1
23955.5801	-1
23964.3359	-1
23973.0918	-1
23981.8477	-1
23990.6035	-1
23999.3594	-1
24008.1152	-1
24016.8711	-1
24025.6270	-1
24034.3828	-1
24043.1387	-1
24051.8945	-1
24060.6504	-1
24069.4062	-1
24078.1621	-1
24086.9180	-1
24095.6738	-1
24104.4297	-1
24113.1855	-1
24121.9414	-1
24130.6973	-1
24139.4531	-1
24148.2090	-1
24156.9648	-1
24165.7207	-1
24174.4863	1
24183.2539	-1
24192.0215	1
24200.7891	1
24209.5566	-1
24218.3242	-1
24227.1016	1
24235.8809	-1
24244.6602	1
24253.4395	1
24262.2188	-1
24270.9980	-1
24279.7891	1
24288.5801	-1
24297.3711	1
24306.1621	1
24314.9551	-1
24323.7480	-1
24332.5488	1
24341.3516	-1
24350.1543	1
24358.9570	1
24367.7617	-1
24376.5664	-1
24385.3789	1
24394.1934	-1
24403.0078	1
24411.8223	1
24420.6367	-1
24429.4531	-1
24438.2773	1
24447.1035	-1
24455.9297	1
24464.7559	1
24473.5820	-1
24482.4082	-1
24491.2363	-1
24500.0723	1
24508.9102	-1
24517.7480	1
24526.5859	1
24535.4238	-1
24544.2617	-1
24553.1016	-1
24561.9492	1
24570.7988	-1
24579.6484	1
24588.4980	1
24597.3477	-1
24606.1973	-1
24615.0566	1
24623.9180	-1
24632.7793	1
24641.6406	1
24650.5020	-1
24659.3633	-1
24668.2246	-1
24677.0996	1
24685.9746	-1
24694.8496	1
24703.7246	1
24712.6016	-1
24721.4785	-1
24730.3555	-1
24739.2422	1
24748.1309	-1
24757.0195	1
24765.9082	1
24774.7969	-1
24783.6855	-1
24792.5840	1
24801.4844	-1
24810.3848	1
24819.2852	1
24828.1855	-1
24837.0859	-1
24845.9961	1
24854.9082	-1
24863.8203	1
24872.7324	1
24881.6445	-1
24890.5566	-1
24899.4688	-1
24908.3809	-1
24917.2930	-1
24926.2051	-1
24935.1172	-1
24944.0293	-1
24952.9414	-1
24961.8535	-1
24970.7656	-1
24979.6777	-1
24988.5918	1
24997.5059	1
25006.4199	1
25015.3340	1
25024.2480	-1
25033.1621	-1
25042.0762	-1
25050.9902	-1
25059.9043	-1
25068.8184	-1
25077.7344	-1
25086.6504	-1
25095.5664	-1
25104.4824	-1
25113.3984	-1
25122.3145	-1
25131.2305	-1
25140.1465	-1
25149.0625	-1
25157.9785	-1
25166.8945	-1
25175.8105	-1
25184.7266	-1
25193.6426	-1
25202.5586	-1
25211.4746	-1
25220.3906	-1
25229.3066	-1
25238.2227	1
25247.1387	1
25256.0547	-1
25264.9707	-1
25273.8867	-1
25282.8027	-1
25291.7188	-1
25300.6348	-1
25309.5527	-1
25318.4707	-1
25327.3887	-1
25336.3066	-1
25345.2246	-1
25354.1504	1
25363.0781	-1
25372.0059	1
25380.9336	1
25389.8633	-1
25398.7930	-1
25407.7227	-1
25416.6523	-1
25425.5820	-1
25434.5117	-1
25443.4414	-1
25452.3711	-1
25461.3008	-1
25470.2305	-1
25479.1602	-1
25488.0898	-1
25497.0195	1
25505.9492	1
25514.8789	1
25523.8105	-1
25532.7422	-1
25541.6738	-1
25550.6055	-1
25559.5371	-1
25568.4688	-1
25577.4004	-1
25586.3320	-1
25595.2637	-1
25604.1953	-1
25613.1270	-1
25622.0586	-1
25630.9902	-1
25639.9316	1
25648.8730	-1
25657.8164	1
25666.7598	1
25675.7031	-1
25684.6465	-1
25693.5898	-1
25702.5332	-1
25711.4766	-1
25720.4199	-1
25729.3633	-1
25738.3066	-1
25747.2500	-1
25756.1934	-1
25765.1367	-1
25774.0801	-1
25783.0234	1
25791.9668	1
25800.9102	1
25809.8535	1
25818.7988	-1
25827.7441	-1
25836.6895	-1
25845.6348	-1
25854.5801	-1
25863.5254	-1
25872.4707	-1
25881.4160	-1
25890.3613	-1
25899.3066	-1
25908.2520	-1
25917.1973	-1
25926.1426	-1
25935.0879	-1
25944.0332	-1
25952.9785	-1
25961.9238	-1
25970.8691	-1
25979.8145	-1
25988.7598	-1
25997.7051	-1
26006.6504	-1
26015.5957	-1
26024.5410	-1
26033.4883	1
26042.4355	1
26051.3828	1
26060.3301	1
26069.2773	1
26078.2246	1
26087.1719	1
26096.1191	1
26105.0684	-1
26114.0176	-1
26122.9668	-1
26131.9160	-1
26140.8652	-1
26149.8145	-1
26158.7637	-1
26167.7129	-1
26176.6621	-1
26185.6113	-1
26194.5605	-1
26203.5098	-1
26212.4590	1
26221.4082	1
26230.3574	1
26239.3066	1
26248.2559	-1
26257.2051	-1
26266.1543	-1
26275.1035	-1
26284.0527	-1
26293.0020	-1
26301.9512	-1
26310.9004	-1
26319.8496	-1
26328.7988	-1
26337.7480	-1
26346.6973	-1
26355.6465	-1
26364.5957	-1
26373.5449	-1
26382.4941	-1
26391.4434	-1
26400.3926	-1
26409.3418	-1
26418.2930	-1
26427.2441	-1
26436.1953	-1
26445.1465	-1
26454.0977	-1
26463.0488	-1
26472.0000	-1
26480.9512	-1
26489.9023	-1
26498.8535	-1
26507.8047	-1
26516.7559	-1
26525.7070	-1
26534.6582	-1
26543.6094	-1
26552.5605	-1
26561.5117	-1
26570.4629	1
26579.4141	1
26588.3652	1
26597.3164	1
26606.2676	1
26615.2188	1
26624.1699	1
26633.1211	1
26642.0723	1
26651.0234	1
26659.9746	1
26668.9258	1
26677.8789	-1
26686.8320	-1
26695.7852	-1
26704.7383	-1
26713.6914	-1
26722.6445	-1
26731.5977	-1
26740.5508	-1
26749.5039	-1
26758.4570	-1
26767.4102	-1
26776.3633	-1
26785.3164	-1
26794.2695	-1
26803.2227	-1
26812.1758	-1
26821.1289	-1
26830.0820	-1
26839.0352	-1
26847.9883	-1
26856.9414	-1
26865.8945	-1
26874.8477	-1
26883.8008	-1
26892.7559	1
26901.7109	1
26910.6660	1
26919.6211	1
26928.5762	1
26937.5312	1
26946.4863	1
26955.4414	1
26964.4004	-1
26973.3594	-1
26982.3184	-1
26991.2773	-1
27000.2363	-1
27009.1953	-1
27018.1543	-1
27027.1133	-1
27036.0723	-1
27045.0312	-1
27053.9902	-1
27062.9492	-1
27071.9082	-1
27080.8672	-1
27089.8262	-1
27098.7852	-1
27107.7441	-1
27116.7031	-1
27125.6621	-1
27134.6211	-1
27143.5801	-1
27152.5391	-1
27161.4980	-1
27170.4570	-1
27179.4160	-1
27188.3750	-1
27197.3340	-1
27206.2930	-1
27215.2520	-1
27224.2109	-1
27233.1699	-1
27242.1289	-1
27251.0879	-1
27260.0469	-1
27269.0059	-1
27277.9648	-1
27286.9238	-1
27295.8828	-1
27304.8418	-1
27313.8008	-1
27322.7598	-1
27331.7188	-1
27340.6777	-1
27349.6367	-1
27358.5957	-1
27367.5547	-1
27376.5137	-1
27385.4727	-1
27394.4336	-1
27403.3945	-1
27412.3555	-1
27421.3164	-1
27430.2773	-1
27439.2383	-1
27448.1992	-1
27457.1602	-1
27466.1211	-1
27475.0820	-1
27484.0430	-1
27493.0039	-1
27501.9648	-1
27510.9258	-1
27519.8867	-1
27528.8477	-1
27537.8086	-1
27546.7695	-1
27555.7305	-1
27564.6914	-1
27573.6523	-1
27582.6133	-1
27591.5742	-1
27600.5352	-1
27609.4961	1
27618.4570	1
27627.4180	1
27636.3789	1
27645.3398	1
27654.3008	1
27663.2617	1
27672.2227	1
27681.1836	1
27690.1445	1
27699.1055	1
27708.0664	1
27717.0293	-1
27725.9922	-1
27734.9551	-1
27743.9180	-1
27752.8809	-1
27761.8438	-1
27770.8066	-1
27779.7695	-1
27788.7324	-1
27797.6953	-1
27806.6582	-1
27815.6211	-1
27824.5840	-1
27833.5469	-1
27842.5098	-1
27851.4727	-1
27860.4355	-1
27869.3984	-1
27878.3633	-1
27887.3281	-1
27896.2930	-1
27905.2578	-1
27914.2227	-1
27923.1875	-1
27932.1523	-1
27941.1172	-1
27950.0820	-1
27959.0469	-1
27968.0117	-1
27976.9766	-1
27985.9414	-1
27994.9062	-1
28003.8711	-1
28012.8359	-1
28021.8008	-1
28030.7656	-1
28039.7305	-1
28048.6953	-1
28057.6602	-1
28066.6250	-1
28075.5898	-1
28084.5547	-1
28093.5195	-1
28102.4844	-1
28111.4492	-1
28120.4141	-1
28129.3789	-1
28138.3438	-1
28147.3105	-1
28156.2773	-1
28165.2441	-1
28174.2109	-1
28183.1777	-1
28192.1445	-1
28201.1113	-1
28210.0781	-1
28219.0449	-1
28228.0117	-1
28236.9785	-1
28245.9453	-1
28254.9121	-1
28263.8789	-1
28272.8457	-1
28281.8125	-1
28290.7793	-1
28299.7461	-1
28308.7129	-1
28317.6797	-1
28326.6465	-1
28335.6133	-1
28344.5801	-1
28353.5469	-1
28362.5137	-1
28371.4805	-1
28380.4473	-1
28389.4141	-1
28398.3809	-1
28407.3477	-1
28416.3164	-1
28425.2852	-1
28434.2539	-1
28443.2227	-1
28452.1914	-1
28461.1602	-1
28470.1289	-1
28479.0977	-1
28488.0664	-1
28497.0352	-1
28506.0039	-1
28514.9727	-1
28523.9414	-1
28532.9102	-1
28541.8789	-1
28550.8477	-1
28559.8164	-1
28568.7852	-1
28577.7539	-1
28586.7227	-1
28595.6914	-1
28604.6602	-1
28613.6289	-1
28622.5977	-1
28631.5664	-1
28640.5352	-1
28649.5039	-1
28658.4727	-1
28667.4414	-1
28676.4102	-1
28685.3789	-1
28694.3477	-1
28703.3164	-1
28712.2852	-1
28721.2539	-1
28730.2227	-1
28739.1914	-1
28748.1602	-1
28757.1289	-1
28766.0977	-1
28783.0684	1
28800.0391	-1
