0.1209	1
0.2426	-1
1.9742	-1
3.7066	1
5.8628	1
8.0206	-1
10.1789	1
12.3372	1
14.4966	-1
16.6560	-1
18.8155	-1
20.9884	1
23.1627	-1
25.3373	1
27.5120	1
29.6880	-1
31.8640	-1
34.0399	-1
36.2159	-1
38.3919	-1
40.5679	-1
42.7440	-1
44.9202	-1
47.0963	-1
49.2848	1
51.4747	-1
53.6650	1
55.8553	1
58.0462	-1
60.2372	-1
62.4281	-1
64.6191	-1
66.8101	-1
69.0010	-1
71.1921	-1
73.3832	-1
75.5742	-1
77.7653	-1
79.9564	-1
82.1475	-1
84.3393	1
86.5312	1
88.7237	-1
90.9162	-1
93.1086	-1
95.3011	-1
97.4936	-1
99.6861	-1
101.8786	-1
104.0712	-1
106.2638	-1
108.4564	-1
110.6490	-1
112.8551	1
115.0629	-1
117.2711	1
119.4795	1
121.6895	-1
123.8995	-1
126.1095	-1
128.3195	-1
130.5295	-1
132.7396	-1
134.9631	1
137.1879	-1
139.4131	1
141.6384	1
143.8647	-1
146.0911	-1
148.3174	-1
150.5438	-1
152.7701	-1
154.9965	-1
157.2230	-1
159.4494	-1
161.6759	-1
163.9024	-1
166.1289	-1
168.3554	-1
170.5822	1
172.8091	1
175.0361	1
177.2631	1
179.4914	-1
181.7198	-1
183.9482	-1
186.1766	-1
188.4050	-1
190.6334	-1
192.8619	-1
195.0904	-1
197.3189	-1
199.5474	-1
201.7759	-1
204.0044	-1
206.2330	-1
208.4617	-1
210.6903	-1
212.9189	-1
215.1476	-1
217.3762	-1
219.6052	-1
221.8343	-1
224.0633	-1
226.2923	-1
228.5214	-1
230.7504	-1
232.9803	1
235.2102	1
237.4401	1
239.6700	1
241.9013	-1
244.1326	-1
246.3639	-1
248.5952	-1
250.8265	-1
253.0578	-1
255.2892	-1
257.5206	-1
259.7520	-1
261.9834	-1
264.2148	-1
266.4462	-1
268.6778	-1
270.9093	-1
273.1408	-1
275.3724	-1
277.6039	-1
279.8354	-1
282.0671	-1
284.2987	-1
286.5303	-1
288.7620	-1
291.0066	1
293.2527	-1
295.4992	1
297.7457	1
299.9937	-1
302.2417	-1
304.4897	-1
306.7377	-1
308.9857	-1
311.2337	-1
313.4818	-1
315.7299	-1
317.9780	-1
320.2261	-1
322.4887	1
324.7528	-1
327.0173	1
329.2819	1
331.5475	-1
333.8132	-1
336.0789	-1
338.3446	-1
340.6103	-1
342.8762	-1
345.1587	1
347.4429	-1
349.7274	1
352.0119	1
354.2976	-1
356.5833	-1
358.8691	-1
361.1548	-1
363.4406	-1
365.7263	-1
368.0121	-1
370.2980	-1
372.5839	-1
374.8698	-1
377.1557	-1
379.4416	-1
381.7278	1
384.0141	1
386.3004	1
388.5868	1
390.8749	-1
393.1631	-1
395.4512	-1
397.7394	-1
400.0275	-1
402.3157	-1
404.6040	-1
406.8924	-1
409.1808	-1
411.4691	-1
413.7575	-1
416.0459	-1
418.3344	-1
420.6228	-1
422.9113	-1
425.1998	-1
427.4883	-1
429.7768	-1
432.0654	-1
434.3540	-1
436.6426	-1
438.9312	-1
441.2198	-1
443.5084	-1
445.7974	1
448.0865	1
450.3755	1
452.6647	1
454.9539	1
457.2431	1
459.5323	1
461.8217	1
464.1129	-1
466.4042	-1
468.6954	-1
470.9867	-1
473.2780	-1
475.5692	-1
477.8606	-1
480.1520	-1
482.4434	-1
484.7347	-1
487.0262	-1
489.3176	-1
491.6100	1
493.9024	1
496.1949	1
498.4874	1
500.7803	-1
503.0732	-1
505.3662	-1
507.6591	-1
509.9521	-1
512.2450	-1
514.5381	-1
516.8313	-1
519.1245	-1
521.4176	-1
523.7108	-1
526.0039	-1
528.2972	-1
530.5906	-1
532.8840	-1
535.1774	-1
537.4708	-1
539.7642	-1
542.0577	-1
544.3511	-1
546.6447	-1
548.9382	-1
551.2317	-1
553.5252	-1
555.8188	-1
558.1125	-1
560.4061	-1
562.6998	-1
564.9934	-1
567.2870	-1
569.5808	-1
571.8746	-1
574.1683	-1
576.4621	-1
578.7559	-1
581.0496	-1
583.3441	1
585.6385	1
587.9332	1
590.2278	1
592.5227	1
594.8176	1
597.1127	1
599.4078	1
601.7029	1
603.9981	1
606.2933	1
608.5886	1
610.8854	-1
613.1821	-1
615.4789	-1
617.7757	-1
620.0725	-1
622.3693	-1
624.6663	-1
626.9632	-1
629.2601	-1
631.5571	-1
633.8540	-1
636.1509	-1
638.4494	-1
640.7479	-1
643.0463	-1
645.3448	-1
647.6432	-1
649.9417	-1
652.2403	-1
654.5389	-1
656.8375	-1
659.1360	-1
661.4346	-1
663.7332	-1
666.0319	-1
668.3306	-1
670.6293	-1
672.9280	-1
675.2267	-1
677.5255	-1
679.8243	-1
682.1231	-1
684.4219	-1
686.7208	-1
689.0196	-1
691.3184	-1
693.6174	-1
695.9163	-1
698.2153	-1
700.5142	-1
702.8132	-1
705.1121	-1
707.4112	1
709.7103	-1
712.0093	-1
714.3084	-1
716.6075	-1
718.9066	-1
721.2056	-1
723.5048	1
725.8039	1
728.1031	1
730.4039	1
732.7048	1
735.0059	1
737.3071	1
739.6082	1
741.9094	1
744.2106	1
746.5119	1
748.8132	1
751.1145	1
753.4171	-1
755.7197	-1
758.0223	-1
760.3250	-1
762.6276	-1
764.9303	-1
767.2331	1
769.5359	1
771.8387	-1
774.1416	-1
776.4445	-1
778.7473	-1
781.0502	-1
783.3530	-1
785.6564	1
787.9598	1
790.2632	1
792.5667	1
794.8714	-1
797.1761	-1
799.4808	-1
801.7855	-1
804.0902	-1
806.3950	-1
808.6999	-1
811.0048	-1
813.3098	-1
815.6147	-1
817.9196	-1
820.2245	-1
822.5297	-1
824.8348	-1
827.1399	-1
829.4450	-1
831.7501	-1
834.0552	-1
836.3605	-1
838.6658	-1
840.9711	-1
843.2764	-1
845.5817	-1
847.8870	-1
850.1925	-1
852.4980	-1
854.8035	-1
857.1089	-1
859.4144	-1
861.7199	-1
864.0256	-1
866.3312	-1
868.6369	-1
870.9426	-1
873.2482	-1
875.5539	-1
877.8604	1
880.1669	1
882.4734	1
884.7802	-1
887.0869	-1
889.3937	-1
891.7004	-1
894.0073	-1
896.3141	-1
898.6211	-1
900.9281	-1
903.2351	-1
905.5421	-1
907.8492	-1
910.1562	-1
912.4635	-1
914.7708	-1
917.0780	-1
919.3853	-1
921.6925	-1
923.9998	-1
926.3073	-1
928.6147	-1
930.9221	-1
933.2296	-1
935.5370	-1
937.8445	-1
940.1523	1
942.4602	1
944.7681	1
947.0760	1
949.3840	1
951.6920	1
954.0000	1
956.3080	1
958.6161	1
960.9245	1
963.2330	1
965.5415	1
967.8501	1
970.1588	1
972.4674	1
974.7761	1
977.0848	1
979.3946	-1
981.7043	-1
984.0141	-1
986.3239	-1
988.6336	-1
990.9434	-1
993.2534	-1
995.5635	-1
997.8735	-1
1000.1836	-1
1002.4937	-1
1004.8037	-1
1007.1139	-1
1009.4241	-1
1011.7343	-1
1014.0444	-1
1016.3546	-1
1018.6648	-1
1020.9789	1
1023.2932	1
1025.6074	1
1027.9218	1
1030.2361	1
1032.5504	1
1034.8649	-1
1037.1793	-1
1039.4938	-1
1041.8082	-1
1044.1227	-1
1046.4371	-1
1048.7518	-1
1051.0665	-1
1053.3812	-1
1055.6959	-1
1058.0106	-1
1060.3253	-1
1062.6403	-1
1064.9552	-1
1067.2701	-1
1069.5851	-1
1071.9000	-1
1074.2150	-1
1076.5302	-1
1078.8453	-1
1081.1605	-1
1083.4757	-1
1085.7909	-1
1088.1061	-1
1090.4214	-1
1092.7367	-1
1095.0520	-1
1097.3673	-1
1099.6826	-1
1101.9979	-1
1104.3134	-1
1106.6288	-1
1108.9442	-1
1111.2596	-1
1113.5751	-1
1115.8906	-1
1118.2096	1
1120.5286	1
1122.8475	1
1125.1665	1
1127.4856	1
1129.8048	-1
1132.1240	-1
1134.4432	-1
1136.7625	-1
1139.0817	-1
1141.4009	-1
1143.7205	-1
1146.0400	-1
1148.3596	-1
1150.6792	-1
1152.9988	-1
1155.3184	-1
1157.6398	-1
1159.9612	-1
1162.2826	-1
1164.6040	-1
1166.9254	-1
1169.2468	-1
1171.5684	-1
1173.8899	-1
1176.2114	-1
1178.5330	-1
1180.8545	-1
1183.1760	-1
1185.4978	-1
1187.8196	-1
1190.1414	-1
1192.4631	-1
1194.7849	-1
1197.1067	-1
1199.4287	-1
1201.7507	-1
1204.0728	-1
1206.3948	-1
1208.7168	-1
1211.0388	-1
1213.3610	-1
1215.6831	-1
1218.0052	-1
1220.3274	-1
1222.6495	-1
1224.9717	-1
1227.2939	-1
1229.6162	-1
1231.9385	-1
1234.2607	-1
1236.5830	-1
1238.9053	-1
1241.2277	-1
1243.5500	-1
1245.8724	-1
1248.1948	-1
1250.5172	-1
1252.8396	-1
1255.1621	-1
1257.4846	-1
1259.8071	-1
1262.1296	-1
1264.4521	-1
1266.7747	-1
1269.0973	-1
1271.4199	-1
1273.7426	-1
1276.0652	-1
1278.3878	-1
1280.7104	-1
1283.0332	-1
1285.3560	-1
1287.6787	-1
1290.0015	-1
1292.3242	-1
1294.6470	-1
1296.9733	-1
1299.2996	-1
1301.6259	-1
1303.9521	-1
1306.2784	-1
1308.6047	-1
1310.9312	-1
1313.2576	-1
1315.5840	-1
1317.9104	-1
1320.2368	-1
1322.5632	-1
1324.8898	-1
1327.2163	-1
1329.5428	-1
1331.8694	-1
1334.1959	-1
1336.5225	-1
1338.8491	-1
1341.1758	-1
1343.5024	-1
1345.8291	-1
1348.1558	-1
1350.4824	-1
1352.8118	-1
1355.1411	-1
1357.4705	-1
1359.7998	-1
1362.1292	-1
1364.4585	-1
1366.7878	-1
1369.1173	-1
1371.4468	-1
1373.7762	-1
1376.1057	-1
1378.4352	-1
1380.7646	-1
1383.0941	-1
1385.4236	-1
1387.7531	-1
1390.0825	-1
1392.4120	-1
1394.7416	-1
1397.0712	-1
1399.4008	-1
1401.7303	-1
1404.0599	-1
1406.3895	-1
1408.7192	-1
1411.0491	-1
1413.3789	-1
1415.7087	-1
1418.0386	-1
1420.3684	-1
1422.6984	-1
1425.0283	-1
1427.3583	-1
1429.6882	-1
1432.0182	-1
1434.3481	-1
1436.6782	-1
1439.0083	-1
1441.3384	-1
1443.6685	-1
1445.9985	-1
1448.3286	-1
1450.6587	-1
1452.9888	-1
1455.3188	-1
1457.6490	-1
1459.9792	-1
1462.3094	-1
1464.6396	-1
1466.9700	-1
1469.3003	-1
1471.6306	-1
1473.9609	-1
1476.2913	-1
1478.6216	-1
1480.9519	-1
1483.2822	-1
1485.6125	-1
1487.9429	-1
1490.2732	-1
1492.6072	-1
1494.9413	-1
1497.2754	-1
1499.6095	-1
1501.9436	-1
1504.2777	-1
1506.6119	-1
1508.9462	-1
1511.2804	-1
1513.6146	-1
1515.9489	-1
1518.2831	-1
1520.6174	-1
1522.9518	-1
1525.2861	-1
1527.6205	-1
1529.9548	-1
1532.2892	-1
1534.6237	-1
1536.9581	-1
1539.2926	-1
1541.6271	-1
1543.9615	-1
1546.2960	-1
1548.6306	-1
1550.9652	-1
1553.2998	-1
1555.6344	-1
1557.9690	-1
1560.3036	-1
1562.6383	-1
1564.9730	-1
1567.3077	-1
1569.6425	-1
1571.9772	-1
1574.3119	-1
1576.6467	-1
1578.9816	-1
1581.3164	-1
1583.6512	-1
1585.9861	-1
1588.3209	-1
1590.6559	-1
1592.9908	-1
1595.3258	-1
1597.6608	-1
1599.9957	-1
1602.3307	-1
1604.6658	-1
1607.0009	-1
1609.3359	-1
1611.6710	-1
1614.0061	-1
1616.3412	-1
1618.6764	-1
1621.0116	-1
1623.3468	-1
1625.6820	-1
1628.0172	-1
1630.3524	-1
1632.6877	-1
1635.0231	-1
1637.3584	-1
1639.6937	-1
1642.0291	-1
1644.3644	-1
1646.6997	-1
1649.0352	-1
1651.3706	-1
1653.7061	-1
1656.0582	1
1658.4119	-1
1660.7660	1
1663.1201	1
1665.4761	-1
1667.8320	-1
1670.1880	-1
1672.5439	-1
1674.8999	-1
1677.2559	-1
1679.6119	-1
1681.9680	-1
1684.3241	-1
1686.6802	-1
1689.0363	-1
1691.3923	-1
1693.7505	1
1696.1086	1
1698.4669	1
1700.8252	1
1703.1885	-1
1705.5518	-1
1707.9150	-1
1710.2783	-1
1712.6416	-1
1715.0049	-1
1717.3688	1
1719.7338	-1
1722.0988	-1
1724.4637	-1
1726.8287	-1
1729.1937	-1
1731.5587	-1
1733.9241	1
1736.2898	-1
1738.6555	-1
1741.0212	-1
1743.3870	-1
1745.7527	-1
1748.1184	-1
1750.4844	1
1752.8503	1
1755.2163	-1
1757.5823	-1
1759.9482	-1
1762.3142	-1
1764.6802	-1
1767.0461	-1
1769.4122	-1
1771.7783	-1
1774.1444	-1
1776.5105	-1
1778.8766	-1
1781.2427	-1
1783.6106	1
1785.9785	1
1788.3464	1
1790.7145	1
1793.0825	1
1795.4506	1
1797.8188	-1
1800.1871	-1
1802.5554	-1
1804.9237	-1
1807.2920	-1
1809.6603	-1
1812.0287	-1
1814.3971	-1
1816.7655	-1
1819.1339	-1
1821.5023	-1
1823.8707	-1
1826.2394	-1
1828.6080	-1
1830.9767	-1
1833.3453	-1
1835.7140	-1
1838.0826	-1
1840.4525	1
1842.8225	1
1845.1925	1
1847.5625	1
1849.9326	1
1852.3027	1
1854.6760	-1
1857.0493	-1
1859.4226	-1
1861.7959	-1
1864.1692	-1
1866.5425	-1
1868.9159	-1
1871.2893	-1
1873.6627	-1
1876.0361	-1
1878.4095	-1
1880.7830	-1
1883.1565	-1
1885.5300	-1
1887.9036	-1
1890.2771	-1
1892.6506	-1
1895.0242	-1
1897.3978	-1
1899.7715	-1
1902.1451	-1
1904.5188	-1
1906.8925	-1
1909.2661	-1
1911.6399	-1
1914.0137	-1
1916.3875	-1
1918.7612	-1
1921.1350	-1
1923.5088	-1
1925.8827	-1
1928.2566	-1
1930.6305	-1
1933.0044	-1
1935.3783	-1
1937.7522	-1
1940.1262	-1
1942.5002	-1
1944.8743	-1
1947.2484	-1
1949.6226	-1
1951.9967	-1
1954.3713	1
1956.7461	1
1959.1210	1
1961.4961	1
1963.8713	1
1966.2466	1
1968.6219	1
1970.9973	1
1973.3727	1
1975.7480	1
1978.1241	-1
1980.5002	-1
1982.8763	-1
1985.2524	-1
1987.6285	-1
1990.0046	-1
1992.3809	-1
1994.7571	-1
1997.1333	-1
1999.5095	-1
2001.8857	-1
2004.2620	-1
2006.6383	-1
2009.0146	-1
2011.3910	-1
2013.7673	-1
2016.1437	-1
2018.5200	-1
2020.8965	-1
2023.2729	-1
2025.6494	-1
2028.0259	-1
2030.4023	-1
2032.7788	-1
2035.1554	-1
2037.5320	-1
2039.9086	-1
2042.2852	-1
2044.6617	-1
2047.0383	-1
2049.4155	1
2051.7927	1
2054.1702	1
2056.5476	1
2058.9285	-1
2061.3093	-1
2063.6902	-1
2066.0710	-1
2068.4519	-1
2070.8328	-1
2073.2139	-1
2075.5950	-1
2077.9761	-1
2080.3572	-1
2082.7383	-1
2085.1194	-1
2087.5005	-1
2089.8816	-1
2092.2627	-1
2094.6438	-1
2097.0249	-1
2099.4060	-1
2101.7874	-1
2104.1687	-1
2106.5500	-1
2108.9314	-1
2111.3127	-1
2113.6941	-1
2116.0754	1
2118.4568	1
2120.8381	-1
2123.2195	1
2125.6008	-1
2127.9822	-1
2130.3635	-1
2132.7449	-1
2135.1262	-1
2137.5078	1
2139.8894	1
2142.2710	1
2144.6526	1
2147.0342	-1
2149.4158	-1
2151.7974	-1
2154.1790	-1
2156.5605	-1
2158.9421	-1
2161.3237	1
2163.7056	1
2166.0908	-1
2168.4761	-1
2170.8613	-1
2173.2466	-1
2175.6318	-1
2178.0171	-1
2180.4026	-1
2182.7881	-1
2185.1736	-1
2187.5591	-1
2189.9446	-1
2192.3301	-1
2194.7158	-1
2197.1016	-1
2199.4873	-1
2201.8730	-1
2204.2588	-1
2206.6445	-1
2209.0305	-1
2211.4165	-1
2213.8025	-1
2216.1885	-1
2218.5745	-1
2220.9604	-1
2223.3467	-1
2225.7329	-1
2228.1191	-1
2230.5054	-1
2232.8916	-1
2235.2778	-1
2237.6641	-1
2240.0503	-1
2242.4365	-1
2244.8228	-1
2247.2090	-1
2249.5952	-1
2251.9817	-1
2254.3682	-1
2256.7546	-1
2259.1411	-1
2261.5276	-1
2263.9141	-1
2266.3008	-1
2268.6875	-1
2271.0742	-1
2273.4609	-1
2275.8477	-1
2278.2344	-1
2280.6243	-1
2283.0142	-1
2285.4041	-1
2287.7939	-1
2290.1838	-1
2292.5737	-1
2294.9636	-1
2297.3535	-1
2299.7434	-1
2302.1333	-1
2304.5232	-1
2306.9131	-1
2309.3032	-1
2311.6934	-1
2314.0835	-1
2316.4736	-1
2318.8638	-1
2321.2539	-1
2323.6440	-1
2326.0342	-1
2328.4243	-1
2330.8145	-1
2333.2048	-1
2335.5952	-1
2337.9856	-1
2340.3760	-1
2342.7664	-1
2345.1567	-1
2347.5471	-1
2349.9375	-1
2352.3279	-1
2354.7183	-1
2357.1089	-1
2359.4995	-1
2361.8901	-1
2364.2808	-1
2366.6714	-1
2369.0620	-1
2371.4526	-1
2373.8433	-1
2376.2339	-1
2378.6245	-1
2381.0166	-1
2383.4087	-1
2385.8008	-1
2388.1929	-1
2390.5850	-1
2392.9771	-1
2395.3696	-1
2397.7622	-1
2400.1548	-1
2402.5474	-1
2404.9548	1
2407.3643	-1
2409.7742	1
2412.1855	1
2414.5991	-1
2417.0127	-1
2419.4263	-1
2421.8398	-1
2424.2534	-1
2426.6670	-1
2429.0808	-1
2431.4946	-1
2433.9221	1
2436.3513	-1
2438.7810	1
2441.2107	1
2443.6416	-1
2446.0725	-1
2448.5034	-1
2450.9343	-1
2453.3652	-1
2455.7961	-1
2458.2271	-1
2460.6580	-1
2463.0889	-1
2465.5200	-1
2467.9512	-1
2470.3823	-1
2472.8137	1
2475.2466	-1
2477.6794	-1
2480.1123	-1
2482.5452	-1
2484.9780	-1
2487.4109	-1
2489.8572	1
2492.3052	-1
2494.7537	1
2497.2021	1
2499.6514	-1
2502.1006	-1
2504.5498	-1
2506.9990	-1
2509.4482	-1
2511.8975	-1
2514.3472	-1
2516.7969	-1
2519.2466	-1
2521.6963	-1
2524.1460	-1
2526.5986	1
2529.0625	1
2531.5281	-1
2533.9941	1
2536.4602	1
2538.9275	-1
2541.3948	-1
2543.8621	-1
2546.3293	-1
2548.7966	-1
2551.2639	-1
2553.7314	-1
2556.1990	-1
2558.6665	-1
2561.1340	-1
2563.6016	-1
2566.0691	-1
2568.5376	1
2571.0063	1
2573.4751	1
2575.9438	1
2578.4143	-1
2580.8848	-1
2583.3552	-1
2585.8257	-1
2588.2961	-1
2590.7666	-1
2593.2371	-1
2595.7075	-1
2598.1780	-1
2600.6484	-1
2603.1189	-1
2605.5894	-1
2608.0601	-1
2610.5308	-1
2613.0015	-1
2615.4722	-1
2617.9429	-1
2620.4136	-1
2622.8845	-1
2625.3555	-1
2627.8264	-1
2630.2974	-1
2632.7683	-1
2635.2393	-1
2637.7104	1
2640.1816	1
2642.6528	1
2645.1240	1
2647.5964	1
2650.0691	1
2652.5417	1
2655.0144	1
2657.4888	-1
2659.9631	-1
2662.4375	-1
2664.9119	-1
2667.3862	-1
2669.8606	-1
2672.3357	-1
2674.8108	-1
2677.2859	-1
2679.7610	-1
2682.2361	-1
2684.7112	-1
2687.1865	1
2689.6619	1
2692.1375	1
2694.6130	1
2697.0886	-1
2699.5642	-1
2702.0398	-1
2704.5154	-1
2706.9910	-1
2709.4666	-1
2711.9424	-1
2714.4182	-1
2716.8940	-1
2719.3699	-1
2721.8457	-1
2724.3215	-1
2726.7976	-1
2729.2737	-1
2731.7498	-1
2734.2258	-1
2736.7019	-1
2739.1780	-1
2741.6543	-1
2744.1306	-1
2746.6069	-1
2749.0833	-1
2751.5596	-1
2754.0359	-1
2756.5125	-1
2758.9893	-1
2761.4661	-1
2763.9429	-1
2766.4197	-1
2768.8965	-1
2771.3735	1
2773.8508	-1
2776.3281	-1
2778.8054	-1
2781.2827	-1
2783.7600	-1
2786.2373	-1
2788.7146	1
2791.1921	1
2793.6697	1
2796.1472	1
2798.6248	1
2801.1025	1
2803.5803	1
2806.0581	1
2808.5359	1
2811.0154	1
2813.4949	1
2815.9746	-1
2818.4543	-1
2820.9341	-1
2823.4138	-1
2825.8936	-1
2828.3733	-1
2830.8535	1
2833.3340	1
2835.8179	-1
2838.3018	-1
2840.7856	-1
2843.2695	-1
2845.7534	-1
2848.2373	-1
2850.7212	-1
2853.2051	-1
2855.6890	-1
2858.1729	-1
2860.6567	-1
2863.1406	-1
2865.6248	-1
2868.1089	-1
2870.5930	-1
2873.0771	-1
2875.5613	-1
2878.0454	-1
2880.5295	-1
2883.0137	-1
2885.4978	-1
2887.9819	-1
2890.4661	-1
2892.9502	-1
2895.4346	-1
2897.9189	-1
2900.4033	-1
2902.8877	-1
2905.3721	-1
2907.8564	-1
2910.3408	-1
2912.8252	-1
2915.3096	-1
2917.7939	-1
2920.2783	-1
2922.7627	-1
2925.2473	-1
2927.7319	-1
2930.2166	-1
2932.7012	-1
2935.1858	-1
2937.6704	-1
2940.1550	-1
2942.6396	-1
2945.1243	-1
2947.6089	-1
2950.0935	-1
2952.5781	-1
2955.0630	-1
2957.5479	-1
2960.0327	-1
2962.5176	-1
2965.0024	-1
2967.4873	-1
2969.9722	-1
2972.4570	-1
2974.9419	-1
2977.4268	-1
2979.9116	-1
2982.3965	-1
2984.8816	-1
2987.3667	-1
2989.8518	-1
2992.3369	-1
2994.8220	-1
2997.3071	-1
2999.7922	-1
3002.2773	-1
3004.7625	-1
3007.2476	-1
3009.7327	-1
3012.2178	-1
3014.7041	-1
3017.1904	-1
3019.6768	-1
3022.1631	-1
3024.6494	-1
3027.1357	-1
3029.6233	1
3032.1108	1
3034.5989	-1
3037.0869	-1
3039.5750	-1
3042.0630	-1
3044.5510	-1
3047.0391	-1
3049.5273	-1
3052.0156	-1
3054.5039	-1
3056.9922	-1
3059.4805	-1
3061.9688	-1
3064.4573	-1
3066.9458	-1
3069.4343	-1
3071.9229	-1
3074.4114	-1
3076.8999	-1
3079.3892	-1
3081.8784	-1
3084.3677	-1
3086.8569	-1
3089.3464	-1
3091.8359	-1
3094.3259	-1
3096.8159	-1
3099.3059	-1
3101.7959	-1
3104.2859	-1
3106.7759	-1
3109.2661	-1
3111.7563	-1
3114.2615	1
3116.7715	-1
3119.2820	1
3121.7925	1
3124.3047	-1
3126.8169	-1
3129.3293	-1
3131.8491	-1
3134.3750	1
3136.9023	-1
3139.4302	1
3141.9580	1
3144.4871	-1
3147.0161	-1
3149.5452	-1
3152.0742	-1
3154.6033	-1
3157.1465	1
3159.6912	-1
3162.2363	1
3164.7815	1
3167.3279	-1
3169.8743	-1
3172.4207	-1
3174.9670	-1
3177.5134	-1
3180.0598	-1
3182.6062	-1
3185.1526	-1
3187.6990	-1
3190.2454	-1
3192.7917	-1
3195.3381	-1
3197.8853	1
3200.4324	1
3202.9807	-1
3205.5291	-1
3208.0774	-1
3210.6257	-1
3213.1741	-1
3215.7224	-1
3218.2710	-1
3220.8196	-1
3223.3826	1
3225.9473	-1
3228.5125	1
3231.0776	1
3233.6440	-1
3236.2104	-1
3238.7769	-1
3241.3433	-1
3243.9097	-1
3246.4761	-1
3249.0427	-1
3251.6094	-1
3254.1760	-1
3256.7427	-1
3259.3093	-1
3261.8760	-1
3264.4429	1
3267.0100	1
3269.5771	1
3272.1445	1
3274.7131	-1
3277.2817	-1
3279.8503	-1
3282.4189	-1
3284.9875	-1
3287.5562	-1
3290.1250	-1
3292.6938	-1
3295.2627	-1
3297.8315	-1
3300.4004	-1
3302.9692	-1
3305.5383	-1
3308.1074	-1
3310.6765	-1
3313.2456	-1
3315.8147	-1
3318.3838	-1
3320.9531	1
3323.5227	1
3326.0923	1
3328.6619	1
3331.2314	1
3333.8013	1
3336.3711	-1
3338.9409	-1
3341.5107	-1
3344.0806	-1
3346.6504	-1
3349.2202	-1
3351.7905	1
3354.3608	1
3356.9333	-1
3359.5059	-1
3362.0784	-1
3364.6509	-1
3367.2234	-1
3369.7959	-1
3372.3687	-1
3374.9414	-1
3377.5142	-1
3380.0869	-1
3382.6597	-1
3385.2324	-1
3387.8054	-1
3390.3784	-1
3392.9514	-1
3395.5244	-1
3398.0974	-1
3400.6704	-1
3403.2437	-1
3405.8169	-1
3408.3901	-1
3410.9634	-1
3413.5366	-1
3416.1099	-1
3418.6831	-1
3421.2563	-1
3423.8296	-1
3426.4028	-1
3428.9761	-1
3431.5493	-1
3434.1228	-1
3436.6963	-1
3439.2698	-1
3441.8433	-1
3444.4167	-1
3446.9902	-1
3449.5637	-1
3452.1372	-1
3454.7107	-1
3457.2842	-1
3459.8577	-1
3462.4312	-1
3465.0049	-1
3467.5786	-1
3470.1523	-1
3472.7261	-1
3475.2998	-1
3477.8735	-1
3480.4473	1
3483.0210	1
3485.5950	1
3488.1689	1
3490.7434	1
3493.3179	1
3495.8923	1
3498.4670	1
3501.0417	1
3503.6165	1
3506.1929	-1
3508.7693	-1
3511.3457	-1
3513.9224	-1
3516.4990	-1
3519.0757	-1
3521.6533	-1
3524.2310	-1
3526.8086	-1
3529.3862	-1
3531.9639	-1
3534.5415	-1
3537.1196	-1
3539.6978	-1
3542.2759	-1
3544.8540	-1
3547.4321	-1
3550.0103	-1
3552.5886	-1
3555.1670	-1
3557.7454	-1
3560.3237	-1
3562.9021	-1
3565.4805	-1
3568.0603	-1
3570.6401	-1
3573.2200	-1
3575.7998	-1
3578.3796	-1
3580.9595	-1
3583.5396	-1
3586.1196	-1
3588.6997	-1
3591.2798	-1
3593.8599	-1
3596.4399	-1
3599.0200	-1
3601.6001	-1
3604.1802	-1
3606.7603	-1
3609.3403	-1
3611.9204	-1
3614.5007	-1
3617.0811	-1
3619.6614	-1
3622.2417	-1
3624.8220	-1
3627.4023	-1
3629.9827	-1
3632.5630	-1
3635.1433	-1
3637.7236	-1
3640.3040	-1
3642.8843	-1
3645.4648	-1
3648.0454	-1
3650.6260	-1
3653.2205	1
3655.8167	-1
3658.4133	1
3661.0100	1
3663.6086	-1
3666.2073	-1
3668.8059	-1
3671.4045	-1
3674.0032	-1
3676.6018	-1
3679.2004	-1
3681.7991	-1
3684.4114	1
3687.0254	-1
3689.6396	1
3692.2539	1
3694.8694	-1
3697.4849	-1
3700.1003	-1
3702.7158	-1
3705.3313	-1
3707.9468	-1
3710.5623	-1
3713.1926	1
3715.8252	-1
3718.4583	1
3721.0913	1
3723.7251	-1
3726.3589	-1
3728.9927	-1
3731.6265	-1
3734.2607	-1
3736.9080	1
3739.5564	-1
3742.2056	1
3744.8547	1
3747.5054	-1
3750.1560	-1
3752.8066	-1
3755.4573	-1
3758.1079	-1
3760.7585	-1
3763.4092	-1
3766.0598	-1
3768.7104	-1
3771.3611	-1
3774.0117	-1
3776.6624	-1
3779.3135	1
3781.9646	1
3784.6160	1
3787.2673	1
3789.9202	-1
3792.5730	-1
3795.2258	-1
3797.8787	-1
3800.5315	-1
3803.1843	-1
3805.8372	-1
3808.4900	-1
3811.1428	-1
3813.7957	-1
3816.4485	-1
3819.1013	-1
3821.7544	-1
3824.4075	-1
3827.0605	-1
3829.7136	-1
3832.3667	-1
3835.0198	-1
3837.6729	-1
3840.3262	-1
3842.9795	-1
3845.6328	-1
3848.2861	-1
3850.9395	-1
3853.5930	1
3856.2466	1
3858.9001	1
3861.5537	1
3864.2075	1
3866.8613	1
3869.5151	1
3872.1689	1
3874.8252	-1
3877.4814	-1
3880.1377	-1
3882.7939	-1
3885.4502	-1
3888.1064	-1
3890.7629	-1
3893.4194	-1
3896.0759	-1
3898.7324	-1
3901.3889	-1
3904.0454	-1
3906.7021	-1
3909.3589	-1
3912.0156	-1
3914.6724	-1
3917.3291	-1
3919.9858	-1
3922.6428	-1
3925.2998	-1
3927.9568	-1
3930.6138	-1
3933.2708	-1
3935.9277	-1
3938.5850	-1
3941.2422	-1
3943.8994	-1
3946.5566	-1
3949.2139	-1
3951.8711	-1
3954.5283	-1
3957.1855	-1
3959.8428	-1
3962.5000	-1
3965.1572	-1
3967.8145	-1
3970.4719	-1
3973.1294	-1
3975.7869	-1
3978.4443	-1
3981.1018	-1
3983.7593	-1
3986.4167	-1
3989.0742	-1
3991.7317	-1
3994.3892	-1
3997.0466	-1
3999.7041	-1
4002.3623	1
4005.0205	1
4007.6787	1
4010.3372	1
4012.9956	1
4015.6541	1
4018.3127	1
4020.9734	-1
4023.6340	-1
4026.2947	-1
4028.9553	-1
4031.6160	-1
4034.2766	-1
4036.9375	-1
4039.5984	-1
4042.2593	-1
4044.9202	-1
4047.5811	-1
4050.2419	-1
4052.9041	-1
4055.5662	-1
4058.2283	-1
4060.8904	-1
4063.5525	-1
4066.2146	-1
4068.8770	-1
4071.5393	-1
4074.2017	-1
4076.8640	-1
4079.5264	-1
4082.1887	-1
4084.8511	-1
4087.5134	-1
4090.1758	-1
4092.8384	-1
4095.5010	-1
4098.1636	-1
4100.8262	-1
4103.4888	-1
4106.1514	-1
4108.8140	-1
4111.4766	-1
4114.1392	-1
4116.8018	-1
4119.4644	-1
4122.1270	-1
4124.7896	-1
4127.4521	-1
4130.1299	1
4132.8091	-1
4135.4888	1
4138.1685	1
4140.8496	-1
4143.5308	-1
4146.2119	-1
4148.8931	-1
4151.5742	-1
4154.2554	-1
4156.9365	-1
4159.6177	-1
4162.2988	-1
4164.9800	-1
4167.6611	-1
4170.3423	-1
4173.0239	1
4175.7056	1
4178.3872	1
4181.0693	1
4183.7524	-1
4186.4355	-1
4189.1191	-1
4191.8027	-1
4194.4863	-1
4197.1699	-1
4199.8535	-1
4202.5371	-1
4205.2207	-1
4207.9043	-1
4210.5879	-1
4213.2715	-1
4215.9551	-1
4218.6387	-1
4221.3223	-1
4224.0059	-1
4226.6895	-1
4229.3730	-1
4232.0571	1
4234.7412	1
4237.4253	-1
4240.1094	-1
4242.7935	-1
4245.4775	-1
4248.1616	-1
4250.8457	-1
4253.5298	1
4256.2139	1
4258.8979	1
4261.5820	1
4264.2671	1
4266.9521	1
4269.6392	-1
4272.3262	-1
4275.0132	-1
4277.7002	-1
4280.3872	-1
4283.0742	-1
4285.7612	-1
4288.4482	-1
4291.1353	-1
4293.8223	-1
4296.5093	-1
4299.1963	-1
4301.8833	-1
4304.5703	-1
4307.2573	-1
4309.9443	-1
4312.6313	-1
4315.3184	-1
4318.0059	-1
4320.6934	-1
4323.3809	-1
4326.0684	-1
4328.7559	-1
4331.4434	-1
4334.1309	-1
4336.8184	-1
4339.5059	-1
4342.1934	-1
4344.8809	-1
4347.5684	-1
4350.2559	-1
4352.9434	-1
4355.6309	-1
4358.3184	-1
4361.0059	-1
4363.6934	-1
4366.3809	-1
4369.0684	-1
4371.7559	-1
4374.4434	-1
4377.1309	-1
4379.8188	-1
4382.5073	1
4385.1958	1
4387.8843	1
4390.5728	1
4393.2612	1
4395.9497	1
4398.6387	1
4401.3276	1
4404.0166	1
4406.7061	-1
4409.3955	-1
4412.0850	-1
4414.7744	-1
4417.4639	-1
4420.1533	-1
4422.8442	-1
4425.5352	-1
4428.2261	-1
4430.9170	-1
4433.6079	-1
4436.2988	-1
4438.9897	-1
4441.6807	-1
4444.3716	-1
4447.0625	-1
4449.7534	-1
4452.4443	-1
4455.1357	-1
4457.8271	-1
4460.5186	-1
4463.2100	-1
4465.9014	-1
4468.5928	-1
4471.2847	-1
4473.9766	-1
4476.6685	-1
4479.3604	-1
4482.0522	-1
4484.7441	-1
4487.4375	-1
4490.1309	-1
4492.8242	-1
4495.5176	-1
4498.2109	-1
4500.9043	-1
4503.5977	-1
4506.2910	-1
4508.9844	-1
4511.6777	-1
4514.3711	-1
4517.0645	-1
4519.7578	-1
4522.4512	-1
4525.1445	-1
4527.8379	-1
4530.5312	-1
4533.2246	-1
4535.9180	-1
4538.6113	-1
4541.3047	-1
4543.9980	-1
4546.6914	-1
4549.3848	-1
4552.0786	-1
4554.7725	-1
4557.4663	-1
4560.1602	-1
4562.8682	1
4565.5776	-1
4568.2876	1
4570.9976	1
4573.7090	-1
4576.4204	-1
4579.1318	-1
4581.8433	-1
4584.5547	-1
4587.2661	-1
4589.9775	-1
4592.6890	-1
4595.4004	-1
4598.1118	-1
4600.8232	-1
4603.5347	-1
4606.2466	1
4608.9590	1
4611.6714	1
4614.3838	1
4617.0972	-1
4619.8105	-1
4622.5239	-1
4625.2373	-1
4627.9507	-1
4630.6641	-1
4633.3774	-1
4636.0908	-1
4638.8042	-1
4641.5176	-1
4644.2310	-1
4646.9443	-1
4649.6582	-1
4652.3721	-1
4655.0859	-1
4657.7998	-1
4660.5137	-1
4663.2275	-1
4665.9419	-1
4668.6562	-1
4671.3706	-1
4674.0850	-1
4676.7993	-1
4679.5137	-1
4682.2280	1
4684.9424	1
4687.6572	1
4690.3721	1
4693.0869	1
4695.8018	1
4698.5166	1
4701.2314	1
4703.9487	-1
4706.6660	-1
4709.3833	-1
4712.1006	-1
4714.8179	-1
4717.5352	-1
4720.2524	-1
4722.9697	-1
4725.6870	-1
4728.4043	-1
4731.1216	-1
4733.8389	-1
4736.5562	-1
4739.2734	-1
4741.9907	-1
4744.7080	-1
4747.4253	-1
4750.1426	-1
4752.8599	-1
4755.5771	-1
4758.2944	-1
4761.0117	-1
4763.7290	-1
4766.4463	-1
4769.1641	-1
4771.8818	-1
4774.5996	-1
4777.3174	-1
4780.0352	-1
4782.7529	-1
4785.4707	-1
4788.1885	-1
4790.9062	-1
4793.6240	-1
4796.3418	-1
4799.0596	-1
4801.7778	1
4804.4961	1
4807.2144	-1
4809.9326	-1
4812.6509	-1
4815.3691	-1
4818.0874	-1
4820.8057	-1
4823.5239	1
4826.2422	1
4828.9604	1
4831.6792	1
4834.3979	1
4837.1167	1
4839.8364	-1
4842.5562	-1
4845.2759	-1
4847.9956	-1
4850.7153	-1
4853.4351	-1
4856.1562	-1
4858.8774	-1
4861.5986	-1
4864.3198	-1
4867.0410	-1
4869.7622	-1
4872.4834	-1
4875.2046	-1
4877.9258	-1
4880.6470	-1
4883.3682	-1
4886.0894	-1
4888.8105	1
4891.5317	-1
4894.2529	1
4896.9741	-1
4899.6953	-1
4902.4165	-1
4905.1377	-1
4907.8589	-1
4910.5801	1
4913.3013	1
4916.0229	-1
4918.7446	-1
4921.4663	-1
4924.1880	-1
4926.9097	-1
4929.6313	-1
4932.3530	1
4935.0747	1
4937.7964	-1
4940.5181	-1
4943.2397	-1
4945.9614	-1
4948.6831	-1
4951.4048	-1
4954.1270	1
4956.8491	1
4959.5713	1
4962.2935	1
4965.0156	1
4967.7383	1
4970.4609	1
4973.1836	1
4975.9072	-1
4978.6309	-1
4981.3545	-1
4984.0781	-1
4986.8018	-1
4989.5254	-1
4992.2495	1
4994.9736	1
4997.6978	1
5000.4219	-1
5003.1460	-1
5005.8701	-1
5008.5942	-1
5011.3184	1
5014.0425	-1
5016.7666	-1
5019.4917	-1
5022.2168	-1
5024.9419	-1
5027.6670	-1
5030.3921	-1
5033.1172	-1
5035.8433	1
5038.5693	1
5041.2954	1
5044.0215	1
5046.7480	-1
5049.4746	-1
5052.2012	-1
5054.9277	-1
5057.6543	-1
5060.3809	-1
5063.1079	-1
5065.8350	-1
5068.5620	-1
5071.2891	-1
5074.0161	-1
5076.7432	-1
5079.4707	-1
5082.1982	-1
5084.9258	-1
5087.6533	-1
5090.3809	-1
5093.1084	-1
5095.8374	1
5098.5664	1
5101.2954	1
5104.0244	1
5106.7539	-1
5109.4834	-1
5112.2129	-1
5114.9424	-1
5117.6724	-1
5120.4023	-1
5123.1323	-1
5125.8623	-1
5128.5923	-1
5131.3223	-1
5134.0522	-1
5136.7822	-1
5139.5122	-1
5142.2422	-1
5144.9722	-1
5147.7021	-1
5150.4321	-1
5153.1621	-1
5155.8926	-1
5158.6230	-1
5161.3535	-1
5164.0840	-1
5166.8145	-1
5169.5449	-1
5172.2754	-1
5175.0059	-1
5177.7363	-1
5180.4668	-1
5183.1973	-1
5185.9277	-1
5188.6582	-1
5191.3887	-1
5194.1191	-1
5196.8496	-1
5199.5801	-1
5202.3105	-1
5205.0410	-1
5207.7715	-1
5210.5020	-1
5213.2324	-1
5215.9629	-1
5218.6934	-1
5221.4243	-1
5224.1553	-1
5226.8862	-1
5229.6172	-1
5232.3481	-1
5235.0791	-1
5237.8101	-1
5240.5410	-1
5243.2720	-1
5246.0029	-1
5248.7339	-1
5251.4648	-1
5254.1963	1
5256.9277	1
5259.6592	1
5262.3906	1
5265.1226	1
5267.8545	1
5270.5864	1
5273.3184	1
5276.0503	1
5278.7827	1
5281.5151	1
5284.2476	1
5286.9800	1
5289.7124	1
5292.4448	1
5295.1772	1
5297.9097	1
5300.6421	1
5303.3745	1
5306.1069	1
5308.8398	1
5311.5728	1
5314.3081	-1
5317.0435	-1
5319.7788	-1
5322.5142	-1
5325.2495	-1
5327.9849	-1
5330.7207	-1
5333.4565	-1
5336.1924	-1
5338.9282	-1
5341.6641	-1
5344.3999	-1
5347.1377	-1
5349.8755	-1
5352.6133	-1
5355.3511	-1
5358.0889	-1
5360.8267	-1
5363.5645	-1
5366.3022	-1
5369.0400	-1
5371.7778	-1
5374.5156	-1
5377.2534	-1
5379.9912	-1
5382.7290	-1
5385.4668	-1
5388.2046	-1
5390.9424	-1
5393.6802	-1
5396.4185	-1
5399.1567	-1
5401.8950	-1
5404.6333	-1
5407.3716	-1
5410.1099	-1
5412.8481	-1
5415.5864	-1
5418.3247	-1
5421.0630	-1
5423.8013	-1
5426.5396	-1
5429.2778	-1
5432.0161	-1
5434.7544	-1
5437.4927	-1
5440.2310	-1
5442.9692	-1
5445.7075	-1
5448.4458	-1
5451.1841	-1
5453.9229	-1
5456.6616	-1
5459.4004	-1
5462.1392	-1
5464.8779	-1
5467.6167	-1
5470.3555	-1
5473.0942	-1
5475.8330	-1
5478.5718	-1
5481.3105	-1
5484.0493	-1
5486.7881	-1
5489.5269	-1
5492.2656	-1
5495.0044	-1
5497.7432	-1
5500.4819	-1
5503.2207	-1
5505.9595	-1
5508.6982	-1
5511.4375	-1
5514.1768	-1
5516.9160	-1
5519.6553	-1
5522.3945	-1
5525.1338	-1
5527.8730	-1
5530.6123	-1
5533.3516	-1
5536.0908	-1
5538.8301	-1
5541.5693	-1
5544.3115	1
5547.0537	1
5549.7959	1
5552.5381	1
5555.2808	1
5558.0234	1
5560.7661	1
5563.5088	1
5566.2515	1
5568.9951	-1
5571.7388	-1
5574.4824	-1
5577.2261	-1
5579.9697	-1
5582.7134	-1
5585.4570	-1
5588.2007	-1
5590.9443	-1
5593.6880	-1
5596.4316	-1
5599.1753	-1
5601.9189	-1
5604.6626	-1
5607.4067	-1
5610.1509	-1
5612.8950	-1
5615.6392	-1
5618.3833	-1
5621.1274	-1
5623.8716	-1
5626.6157	-1
5629.3599	-1
5632.1040	-1
5634.8481	-1
5637.5923	-1
5640.3364	-1
5643.0806	-1
5645.8247	-1
5648.5688	-1
5651.3135	-1
5654.0581	-1
5656.8027	-1
5659.5474	-1
5662.2920	-1
5665.0366	-1
5667.7812	-1
5670.5259	-1
5673.2705	-1
5676.0151	-1
5678.7598	-1
5681.5044	-1
5684.2505	1
5686.9966	1
5689.7427	1
5692.4888	1
5695.2349	1
5697.9810	1
5700.7271	-1
5703.4731	-1
5706.2192	-1
5708.9653	-1
5711.7114	-1
5714.4575	-1
5717.2036	1
5719.9497	1
5722.6958	1
5725.4424	1
5728.1890	-1
5730.9355	-1
5733.6821	-1
5736.4287	-1
5739.1753	-1
5741.9219	-1
5744.6685	1
5747.4150	1
5750.1616	1
5752.9082	1
5755.6548	-1
5758.4014	-1
5761.1479	-1
5763.8945	-1
5766.6411	-1
5769.3877	-1
5772.1343	1
5774.8809	1
5777.6274	1
5780.3740	-1
5783.1206	-1
5785.8672	-1
5788.6138	-1
5791.3604	-1
5794.1069	-1
5796.8535	1
5799.6001	1
5802.3472	-1
5805.0942	-1
5807.8413	-1
5810.5884	-1
5813.3354	-1
5816.0825	-1
5818.8296	-1
5821.5767	-1
5824.3237	-1
5827.0708	-1
5829.8179	-1
5832.5649	-1
5835.3145	-1
5838.0640	-1
5840.8135	-1
5843.5630	-1
5846.3125	-1
5849.0620	-1
5851.8120	-1
5854.5620	-1
5857.3120	-1
5860.0620	-1
5862.8120	-1
5865.5620	-1
5868.3120	-1
5871.0620	-1
5873.8120	-1
5876.5620	-1
5879.3120	-1
5882.0620	-1
5884.8120	-1
5887.5620	-1
5890.3120	-1
5893.0620	-1
5895.8120	-1
5898.5620	-1
5901.3130	-1
5904.0640	-1
5906.8149	-1
5909.5659	-1
5912.3169	-1
5915.0679	-1
5917.8188	-1
5920.5698	-1
5923.3208	-1
5926.0718	-1
5928.8228	-1
5931.5737	-1
5934.3247	-1
5937.0757	-1
5939.8267	-1
5942.5776	-1
5945.3286	-1
5948.0796	-1
5950.8325	-1
5953.5854	-1
5956.3384	-1
5959.0913	-1
5961.8442	-1
5964.5972	-1
5967.3506	-1
5970.1040	-1
5972.8574	-1
5975.6108	-1
5978.3643	-1
5981.1177	-1
5983.8716	-1
5986.6255	-1
5989.3794	-1
5992.1333	-1
5994.8872	-1
5997.6411	-1
6000.3955	1
6003.1499	1
6005.9043	1
6008.6587	1
6011.4131	1
6014.1675	1
6016.9219	1
6019.6763	1
6022.4307	1
6025.1851	1
6027.9395	1
6030.6938	-1
6033.4482	-1
6036.2026	-1
6038.9570	-1
6041.7114	-1
6044.4658	-1
6047.2207	1
6049.9756	1
6052.7319	-1
6055.4883	-1
6058.2446	-1
6061.0010	-1
6063.7573	-1
6066.5137	-1
6069.2700	-1
6072.0264	-1
6074.7827	-1
6077.5391	-1
6080.2954	-1
6083.0518	-1
6085.8091	-1
6088.5664	-1
6091.3237	-1
6094.0811	-1
6096.8384	-1
6099.5957	-1
6102.3550	-1
6105.1143	-1
6107.8735	-1
6110.6328	-1
6113.3921	-1
6116.1514	-1
6118.9106	-1
6121.6699	-1
6124.4292	-1
6127.1885	-1
6129.9478	-1
6132.7070	-1
6135.4663	-1
6138.2256	-1
6140.9849	-1
6143.7441	-1
6146.5034	-1
6149.2627	-1
6152.0225	-1
6154.7822	-1
6157.5420	-1
6160.3018	-1
6163.0615	-1
6165.8213	-1
6168.5811	-1
6171.3408	-1
6174.1006	-1
6176.8604	-1
6179.6201	-1
6182.3799	-1
6185.1426	-1
6187.9053	-1
6190.6680	-1
6193.4307	-1
6196.1934	-1
6198.9561	-1
6201.7188	-1
6204.4814	-1
6207.2441	-1
6210.0068	-1
6212.7695	-1
6215.5322	-1
6218.2954	-1
6221.0586	-1
6223.8218	-1
6226.5850	-1
6229.3481	-1
6232.1113	-1
6234.8745	-1
6237.6377	-1
6240.4009	-1
6243.1641	-1
6245.9272	-1
6248.6904	-1
6251.4536	-1
6254.2168	-1
6256.9800	-1
6259.7432	-1
6262.5063	-1
6265.2695	-1
6268.0332	-1
6270.7969	-1
6273.5605	-1
6276.3242	-1
6279.0879	-1
6281.8516	-1
6284.6167	-1
6287.3818	-1
6290.1470	-1
6292.9121	-1
6295.6772	-1
6298.4424	-1
6301.2080	-1
6303.9736	-1
6306.7393	-1
6309.5049	-1
6312.2705	-1
6315.0361	-1
6317.8018	-1
6320.5674	-1
6323.3330	-1
6326.0986	-1
6328.8643	-1
6331.6299	-1
6334.3955	-1
6337.1611	-1
6339.9268	-1
6342.6924	-1
6345.4580	-1
6348.2236	-1
6350.9927	-1
6353.7617	-1
6356.5308	-1
6359.2998	-1
6362.0688	-1
6364.8379	-1
6367.6069	-1
6370.3760	-1
6373.1450	-1
6375.9141	-1
6378.6831	-1
6381.4521	-1
6384.2222	-1
6386.9922	-1
6389.7622	-1
6392.5322	-1
6395.3022	-1
6398.0723	-1
6400.8423	-1
6403.6123	-1
6406.3823	-1
6409.1523	-1
6411.9224	-1
6414.6924	-1
6417.4629	-1
6420.2334	-1
6423.0039	-1
6425.7744	-1
6428.5449	-1
6431.3154	-1
6434.0859	-1
6436.8564	-1
6439.6270	-1
6442.3975	-1
6445.1680	-1
6447.9385	-1
6450.7090	-1
6453.4795	-1
6456.2500	-1
6459.0205	-1
6461.7910	-1
6464.5615	-1
6467.3325	-1
6470.1035	-1
6472.8745	-1
6475.6455	-1
6478.4165	-1
6481.1875	-1
6483.9585	-1
6486.7295	-1
6489.5005	-1
6492.2715	-1
6495.0425	-1
6497.8135	-1
6500.5845	-1
6503.3555	-1
6506.1265	-1
6508.8975	-1
6511.6685	-1
6514.4395	-1
6517.2109	-1
6519.9824	-1
6522.7539	-1
6525.5254	-1
6528.2969	-1
6531.0684	-1
6533.8398	-1
6536.6113	-1
6539.3828	-1
6542.1543	-1
6544.9258	-1
6547.6973	-1
6550.4707	-1
6553.2441	-1
6556.0176	-1
6558.7910	-1
6561.5645	-1
6564.3379	-1
6567.1113	-1
6569.8848	-1
6572.6582	-1
6575.4316	-1
6578.2051	-1
6580.9785	-1
6583.7524	-1
6586.5264	-1
6589.3003	-1
6592.0742	-1
6594.8481	-1
6597.6221	-1
6600.3965	-1
6603.1709	-1
6605.9453	-1
6608.7197	-1
6611.4941	-1
6614.2686	-1
6617.0435	-1
6619.8184	-1
6622.5933	-1
6625.3682	-1
6628.1431	-1
6630.9180	-1
6633.6929	-1
6636.4678	-1
6639.2427	-1
6642.0176	-1
6644.7925	-1
6647.5674	-1
6650.3428	-1
6653.1182	-1
6655.8936	-1
6658.6689	-1
6661.4443	-1
6664.2197	-1
6666.9951	-1
6669.7705	-1
6672.5459	-1
6675.3213	-1
6678.0967	-1
6680.8721	-1
6683.6475	-1
6686.4229	-1
6689.1982	-1
6691.9873	1
6694.7783	-1
6697.5698	1
6700.3613	1
6703.1533	-1
6705.9453	-1
6708.7373	-1
6711.5293	-1
6714.3213	-1
6717.1138	-1
6719.9062	-1
6722.6987	-1
6725.4912	-1
6728.2837	-1
6731.0762	-1
6733.8687	-1
6736.6616	1
6739.4546	1
6742.2476	1
6745.0405	1
6747.8340	-1
6750.6274	-1
6753.4209	-1
6756.2148	-1
6759.0088	-1
6761.8027	-1
6764.5967	-1
6767.3906	-1
6770.1846	-1
6772.9785	-1
6775.7725	-1
6778.5664	-1
6781.3604	-1
6784.1543	-1
6786.9482	-1
6789.7422	-1
6792.5361	-1
6795.3301	-1
6798.1245	-1
6800.9189	-1
6803.7134	-1
6806.5078	-1
6809.3022	-1
6812.0967	-1
6814.8911	1
6817.6855	1
6820.4800	1
6823.2749	1
6826.0698	1
6828.8652	1
6831.6606	1
6834.4561	1
6837.2524	-1
6840.0488	-1
6842.8452	-1
6845.6416	-1
6848.4380	-1
6851.2344	-1
6854.0312	-1
6856.8281	-1
6859.6250	-1
6862.4219	-1
6865.2188	-1
6868.0156	-1
6870.8125	-1
6873.6094	-1
6876.4062	-1
6879.2031	-1
6882.0000	-1
6884.7969	-1
6887.5938	-1
6890.3906	-1
6893.1875	-1
6895.9844	-1
6898.7812	-1
6901.5781	-1
6904.3755	-1
6907.1729	-1
6909.9702	-1
6912.7676	-1
6915.5649	-1
6918.3623	-1
6921.1597	-1
6923.9570	-1
6926.7544	-1
6929.5518	-1
6932.3491	-1
6935.1465	-1
6937.9438	-1
6940.7412	-1
6943.5386	-1
6946.3359	-1
6949.1333	-1
6951.9307	-1
6954.7280	-1
6957.5254	-1
6960.3228	-1
6963.1201	-1
6965.9175	-1
6968.7148	-1
6971.5127	1
6974.3105	1
6977.1084	1
6979.9067	1
6982.7051	1
6985.5034	1
6988.3018	1
6991.1006	1
6993.8994	1
6996.6982	1
6999.4971	1
7002.2959	1
7005.0947	1
7007.8936	1
7010.6924	1
7013.4912	1
7016.2905	-1
7019.0898	-1
7021.8892	-1
7024.6885	-1
7027.4878	-1
7030.2871	-1
7033.0869	-1
7035.8867	-1
7038.6865	-1
7041.4863	-1
7044.2861	-1
7047.0859	-1
7049.8862	-1
7052.6865	-1
7055.4868	-1
7058.2871	-1
7061.0874	-1
7063.8877	-1
7066.6885	-1
7069.4893	-1
7072.2900	-1
7075.0908	-1
7077.8916	-1
7080.6924	-1
7083.4937	-1
7086.2949	-1
7089.0962	-1
7091.8975	-1
7094.6987	-1
7097.5000	-1
7100.3013	-1
7103.1025	-1
7105.9038	-1
7108.7051	-1
7111.5063	-1
7114.3076	-1
7117.1094	1
7119.9111	1
7122.7129	1
7125.5146	1
7128.3164	1
7131.1187	1
7133.9209	1
7136.7231	1
7139.5254	1
7142.3276	1
7145.1299	1
7147.9321	1
7150.7354	-1
7153.5386	-1
7156.3418	-1
7159.1450	-1
7161.9482	-1
7164.7515	-1
7167.5547	-1
7170.3584	-1
7173.1621	-1
7175.9658	-1
7178.7695	-1
7181.5732	-1
7184.3770	-1
7187.1807	-1
7189.9844	-1
7192.7881	-1
7195.5918	-1
7198.3955	-1
7201.1992	-1
7204.0029	-1
7206.8066	-1
7209.6104	-1
7212.4141	-1
7215.2178	-1
7218.0220	-1
7220.8262	-1
7223.6304	-1
7226.4346	-1
7229.2388	-1
7232.0430	-1
7234.8477	-1
7237.6523	-1
7240.4570	-1
7243.2617	-1
7246.0664	-1
7248.8711	-1
7251.6763	-1
7254.4814	-1
7257.2866	-1
7260.0918	-1
7262.8970	-1
7265.7021	-1
7268.5073	-1
7271.3125	-1
7274.1177	-1
7276.9229	-1
7279.7280	-1
7282.5332	-1
7285.3394	-1
7288.1455	-1
7290.9517	-1
7293.7578	-1
7296.5640	-1
7299.3701	-1
7302.1763	-1
7304.9824	-1
7307.7886	-1
7310.5947	-1
7313.4009	-1
7316.2070	-1
7319.0151	1
7321.8232	1
7324.6313	1
7327.4395	1
7330.2476	1
7333.0557	1
7335.8643	1
7338.6729	1
7341.4814	1
7344.2900	1
7347.0986	-1
7349.9072	-1
7352.7158	-1
7355.5244	-1
7358.3330	-1
7361.1416	-1
7363.9502	1
7366.7588	1
7369.5674	1
7372.3760	1
7375.1846	-1
7377.9932	-1
7380.8018	1
7383.6104	-1
7386.4189	-1
7389.2275	-1
7392.0361	-1
7394.8452	1
7397.6543	1
7400.4634	1
7403.2725	-1
7406.0815	1
7408.8906	-1
7411.6997	-1
7414.5088	-1
7417.3179	-1
7420.1270	-1
7422.9360	1
7425.7451	-1
7428.5542	-1
7431.3633	-1
7434.1724	-1
7436.9814	-1
7439.7905	-1
7442.6001	-1
7445.4097	-1
7448.2192	-1
7451.0288	-1
7453.8384	-1
7456.6479	-1
7459.4575	-1
7462.2671	-1
7465.0767	-1
7467.8862	-1
7470.6958	-1
7473.5054	-1
7476.3149	-1
7479.1245	-1
7481.9341	-1
7484.7437	-1
7487.5532	-1
7490.3628	-1
7493.1729	-1
7495.9829	-1
7498.7930	-1
7501.6030	-1
7504.4131	-1
7507.2231	-1
7510.0337	-1
7512.8442	-1
7515.6548	-1
7518.4653	-1
7521.2759	-1
7524.0864	-1
7526.8970	-1
7529.7075	-1
7532.5181	-1
7535.3286	-1
7538.1392	-1
7540.9497	-1
7543.7603	-1
7546.5708	-1
7549.3813	-1
7552.1919	-1
7555.0024	-1
7557.8130	-1
7560.6250	-1
7563.4370	-1
7566.2490	-1
7569.0610	-1
7571.8730	-1
7574.6851	-1
7577.4971	-1
7580.3091	-1
7583.1211	-1
7585.9331	-1
7588.7451	-1
7591.5571	-1
7594.3696	-1
7597.1821	-1
7599.9946	-1
7602.8071	-1
7605.6196	-1
7608.4321	-1
7611.2471	-1
7614.0620	-1
7616.8770	-1
7619.6919	-1
7622.5068	-1
7625.3218	-1
7628.1367	-1
7630.9517	-1
7633.7666	-1
7636.5815	-1
7639.3965	-1
7642.2114	-1
7645.0264	-1
7647.8413	-1
7650.6562	-1
7653.4712	-1
7656.2861	-1
7659.1011	-1
7661.9165	-1
7664.7319	-1
7667.5474	-1
7670.3628	-1
7673.1782	-1
7675.9937	-1
7678.8091	-1
7681.6245	-1
7684.4399	-1
7687.2554	-1
7690.0708	-1
7692.8862	-1
7695.7017	-1
7698.5171	-1
7701.3325	-1
7704.1479	-1
7706.9634	-1
7709.7788	-1
7712.5942	-1
7715.4097	-1
7718.2256	-1
7721.0415	-1
7723.8574	-1
7726.6733	-1
7729.4893	-1
7732.3052	-1
7735.1211	-1
7737.9370	-1
7740.7529	-1
7743.5688	-1
7746.3848	-1
7749.2007	-1
7752.0166	-1
7754.8325	-1
7757.6484	-1
7760.4644	-1
7763.2803	-1
7766.0962	-1
7768.9121	-1
7771.7280	-1
7774.5439	-1
7777.3599	-1
7780.1763	-1
7782.9927	-1
7785.8091	-1
7788.6255	-1
7791.4419	-1
7794.2583	-1
7797.0747	-1
7799.8911	-1
7802.7075	-1
7805.5239	-1
7808.3403	-1
7811.1567	-1
7813.9731	-1
7816.7896	-1
7819.6060	-1
7822.4224	-1
7825.2388	-1
7828.0552	-1
7830.8716	-1
7833.6880	-1
7836.5049	-1
7839.3218	-1
7842.1387	-1
7844.9556	-1
7847.7725	-1
7850.5894	-1
7853.4062	-1
7856.2231	-1
7859.0400	-1
7861.8569	-1
7864.6738	-1
7867.4907	-1
7870.3076	-1
7873.1245	-1
7875.9414	-1
7878.7583	-1
7881.5752	-1
7884.3921	-1
7887.2090	-1
7890.0259	-1
7892.8428	-1
7895.6597	-1
7898.4775	-1
7901.2954	-1
7904.1133	-1
7906.9448	1
7909.7783	-1
7912.6118	1
7915.4453	1
7918.2803	-1
7921.1152	-1
7923.9502	-1
7926.7852	-1
7929.6201	-1
7932.4551	-1
7935.2900	-1
7938.1250	-1
7940.9600	-1
7943.7949	-1
7946.6299	-1
7949.4648	-1
7952.3003	1
7955.1357	1
7957.9712	1
7960.8066	1
7963.6440	-1
7966.4814	-1
7969.3188	-1
7972.1562	-1
7974.9937	-1
7977.8311	-1
7980.6685	-1
7983.5059	-1
7986.3433	-1
7989.1807	-1
7992.0181	-1
7994.8555	-1
7997.6934	1
8000.5312	1
8003.3691	-1
8006.2070	-1
8009.0449	-1
8011.8828	-1
8014.7207	-1
8017.5586	-1
8020.3965	1
8023.2344	1
8026.0723	-1
8028.9102	-1
8031.7480	-1
8034.5859	-1
8037.4238	-1
8040.2617	-1
8043.1001	1
8045.9385	1
8048.7769	1
8051.6152	1
8054.4565	-1
8057.2979	-1
8060.1392	-1
8062.9805	-1
8065.8218	-1
8068.6631	-1
8071.5044	-1
8074.3457	-1
8077.1870	-1
8080.0283	-1
8082.8696	-1
8085.7109	-1
8088.5527	-1
8091.3945	-1
8094.2363	-1
8097.0781	-1
8099.9199	-1
8102.7617	-1
8105.6035	-1
8108.4453	-1
8111.2871	-1
8114.1289	-1
8116.9707	-1
8119.8125	-1
8122.6543	-1
8125.4961	-1
8128.3379	-1
8131.1797	-1
8134.0215	-1
8136.8633	-1
8139.7051	-1
8142.5469	-1
8145.3887	-1
8148.2310	-1
8151.0732	-1
8153.9155	-1
8156.7578	-1
8159.6001	-1
8162.4424	-1
8165.2847	-1
8168.1270	-1
8170.9692	-1
8173.8115	-1
8176.6538	-1
8179.4961	-1
8182.3384	-1
8185.1807	-1
8188.0229	-1
8190.8652	1
8193.7080	1
8196.5508	1
8199.3936	1
8202.2363	1
8205.0791	1
8207.9219	1
8210.7646	1
8213.6074	1
8216.4502	1
8219.2939	1
8222.1377	1
8224.9814	1
8227.8252	1
8230.6689	1
8233.5127	1
8236.3594	-1
8239.2061	-1
8242.0527	-1
8244.8994	-1
8247.7461	-1
8250.5928	-1
8253.4395	-1
8256.2861	-1
8259.1328	-1
8261.9795	-1
8264.8262	-1
8267.6729	-1
8270.5205	-1
8273.3682	-1
8276.2158	-1
8279.0635	-1
8281.9111	-1
8284.7588	-1
8287.6064	-1
8290.4541	-1
8293.3018	-1
8296.1494	-1
8298.9971	-1
8301.8447	-1
8304.6924	1
8307.5400	1
8310.3877	1
8313.2354	1
8316.0840	-1
8318.9326	-1
8321.7812	-1
8324.6299	-1
8327.4785	-1
8330.3271	-1
8333.1758	-1
8336.0244	-1
8338.8730	-1
8341.7217	-1
8344.5703	-1
8347.4189	-1
8350.2676	-1
8353.1162	-1
8355.9648	-1
8358.8135	-1
8361.6621	-1
8364.5107	-1
8367.3594	-1
8370.2080	-1
8373.0566	-1
8375.9053	-1
8378.7539	-1
8381.6025	-1
8384.4521	-1
8387.3018	-1
8390.1514	-1
8393.0010	-1
8395.8506	-1
8398.7002	-1
8401.5498	-1
8404.3994	-1
8407.2490	-1
8410.0986	-1
8412.9482	-1
8415.7979	-1
8418.6484	1
8421.4990	1
8424.3496	1
8427.2002	1
8430.0508	1
8432.9014	1
8435.7520	1
8438.6025	1
8441.4531	1
8444.3037	1
8447.1543	1
8450.0049	1
8452.8564	-1
8455.7080	-1
8458.5596	-1
8461.4111	-1
8464.2627	-1
8467.1143	-1
8469.9658	-1
8472.8174	-1
8475.6689	-1
8478.5205	-1
8481.3721	-1
8484.2236	-1
8487.0752	1
8489.9268	-1
8492.7783	-1
8495.6299	-1
8498.4814	-1
8501.3330	-1
8504.1846	-1
8507.0361	1
8509.8877	-1
8512.7393	-1
8515.5908	-1
8518.4424	-1
8521.2939	-1
8524.1455	-1
8526.9980	-1
8529.8506	-1
8532.7031	-1
8535.5557	-1
8538.4082	-1
8541.2607	-1
8544.1143	1
8546.9678	1
8549.8213	1
8552.6748	1
8555.5283	1
8558.3818	1
8561.2354	1
8564.0889	1
8566.9434	-1
8569.7979	-1
8572.6523	-1
8575.5068	-1
8578.3613	-1
8581.2158	-1
8584.0703	-1
8586.9248	-1
8589.7793	-1
8592.6338	-1
8595.4883	-1
8598.3428	-1
8601.1982	-1
8604.0537	-1
8606.9092	-1
8609.7646	-1
8612.6201	-1
8615.4756	-1
8618.3330	-1
8621.1904	-1
8624.0479	-1
8626.9053	-1
8629.7627	-1
8632.6201	-1
8635.4785	-1
8638.3369	-1
8641.1953	-1
8644.0537	-1
8646.9121	-1
8649.7705	-1
8652.6289	-1
8655.4873	-1
8658.3457	-1
8661.2041	-1
8664.0625	-1
8666.9209	-1
8669.7822	-1
8672.6436	-1
8675.5049	-1
8678.3662	-1
8681.2275	-1
8684.0889	-1
8686.9502	-1
8689.8115	-1
8692.6729	-1
8695.5342	-1
8698.3955	-1
8701.2568	-1
8704.1182	-1
8706.9795	-1
8709.8408	-1
8712.7021	-1
8715.5635	-1
8718.4248	-1
8721.2861	-1
8724.1475	-1
8727.0088	-1
8729.8701	-1
8732.7314	-1
8735.5928	-1
8738.4541	-1
8741.3154	-1
8744.1768	-1
8747.0381	-1
8749.8994	-1
8752.7607	-1
8755.6221	-1
8758.4834	-1
8761.3447	-1
8764.2061	-1
8767.0674	-1
8769.9287	-1
8772.7910	-1
8775.6533	-1
8778.5156	-1
8781.3779	-1
8784.2402	-1
8787.1025	-1
8789.9658	-1
8792.8291	-1
8795.6924	-1
8798.5557	-1
8801.4189	-1
8804.2822	-1
8807.1455	-1
8810.0088	-1
8812.8721	-1
8815.7354	-1
8818.5986	-1
8821.4619	-1
8824.3252	-1
8827.1885	-1
8830.0518	-1
8832.9150	-1
8835.7783	-1
8838.6416	-1
8841.5059	-1
8844.3701	-1
8847.2344	-1
8850.0986	-1
8852.9629	-1
8855.8271	-1
8858.6914	-1
8861.5557	-1
8864.4199	-1
8867.2842	-1
8870.1484	-1
8873.0127	-1
8875.8779	-1
8878.7432	-1
8881.6084	-1
8884.4736	-1
8887.3389	-1
8890.2041	-1
8893.0693	-1
8895.9346	-1
8898.7998	-1
8901.6650	-1
8904.5303	-1
8907.3955	-1
8910.2607	-1
8913.1260	-1
8915.9912	-1
8918.8564	-1
8921.7217	-1
8924.5869	-1
8927.4521	-1
8930.3174	-1
8933.1826	-1
8936.0479	-1
8938.9131	-1
8941.7783	-1
8944.6436	-1
8947.5088	-1
8950.3740	-1
8953.2393	-1
8956.1045	-1
8958.9697	-1
8961.8350	-1
8964.7002	-1
8967.5654	-1
8970.4307	-1
8973.2959	-1
8976.1611	-1
8979.0264	-1
8981.8916	-1
8984.7568	-1
8987.6221	-1
8990.4873	-1
8993.3525	-1
8996.4092	1
8999.4658	1
9002.5244	-1
9005.5830	-1
9008.6416	-1
9011.7002	-1
9014.7588	-1
9017.8174	-1
9020.8760	-1
9023.9346	-1
9026.9932	-1
9030.0654	1
9033.1387	-1
9036.2129	1
9039.2871	1
9042.3623	-1
9045.4375	-1
9048.5127	-1
9051.5879	-1
9054.6631	-1
9057.7383	-1
9060.8145	-1
9063.8906	-1
9066.9668	-1
9070.0430	-1
9073.1191	-1
9076.1953	-1
9079.2725	1
9082.3496	1
9085.4268	1
9088.5039	1
9091.5820	-1
9094.6602	-1
9097.7383	-1
9100.8164	-1
9103.8945	-1
9106.9727	-1
9110.0508	-1
9113.1289	-1
9116.2070	-1
9119.2852	-1
9122.3633	-1
9125.4414	-1
9128.5205	-1
9131.5996	-1
9134.6787	-1
9137.7578	-1
9140.8369	-1
9143.9160	-1
9146.9951	-1
9150.0742	-1
9153.1533	-1
9156.2324	-1
9159.3115	-1
9162.3906	-1
9165.4697	1
9168.5488	1
9171.6279	1
9174.7070	1
9177.7861	1
9180.8652	1
9183.9443	1
9187.0234	1
9190.1055	-1
9193.1875	-1
9196.2695	-1
9199.3516	-1
9202.4336	-1
9205.5156	-1
9208.5977	-1
9211.6797	-1
9214.7617	-1
9217.8438	-1
9220.9258	-1
9224.0078	-1
9227.0898	-1
9230.1719	-1
9233.2539	-1
9236.3359	-1
9239.4180	-1
9242.5000	-1
9245.5820	-1
9248.6641	-1
9251.7461	-1
9254.8281	-1
9257.9102	-1
9260.9922	-1
9264.0752	-1
9267.1582	-1
9270.2412	-1
9273.3242	-1
9276.4072	-1
9279.4902	-1
9282.5732	-1
9285.6562	-1
9288.7393	-1
9291.8223	-1
9294.9053	-1
9297.9883	-1
9301.0713	-1
9304.1543	-1
9307.2373	-1
9310.3203	-1
9313.4033	-1
9316.4863	-1
9319.5693	-1
9322.6523	-1
9325.7354	-1
9328.8184	-1
9331.9014	-1
9334.9844	-1
9338.0674	1
9341.1504	1
9344.2334	1
9347.3164	1
9350.3994	1
9353.4824	1
9356.5674	1
9359.6523	1
9362.7373	1
9365.8223	1
9368.9082	-1
9371.9941	-1
9375.0801	-1
9378.1660	-1
9381.2520	-1
9384.3379	-1
9387.4238	1
9390.5098	1
9393.5957	-1
9396.6816	-1
9399.7676	1
9402.8535	-1
9405.9395	-1
9409.0254	-1
9412.1113	-1
9415.1973	1
9418.2832	1
9421.3691	1
9424.4561	1
9427.5439	1
9430.6318	1
9433.7197	1
9436.8076	-1
9439.8955	-1
9442.9834	-1
9446.0713	-1
9449.1592	-1
9452.2471	-1
9455.3359	-1
9458.4248	-1
9461.5137	-1
9464.6025	-1
9467.6914	-1
9470.7803	-1
9473.8691	1
9476.9580	1
9480.0479	-1
9483.1377	-1
9486.2275	-1
9489.3174	-1
9492.4072	-1
9495.4971	-1
9498.5869	1
9501.6768	1
9504.7666	-1
9507.8564	-1
9510.9463	-1
9514.0361	-1
9517.1260	-1
9520.2158	-1
9523.3057	-1
9526.3955	-1
9529.4854	-1
9532.5752	-1
9535.6650	-1
9538.7549	-1
9541.8457	-1
9544.9365	-1
9548.0273	-1
9551.1182	-1
9554.2090	-1
9557.2998	-1
9560.3906	-1
9563.4814	-1
9566.5723	-1
9569.6631	-1
9572.7539	-1
9575.8447	-1
9578.9355	1
9582.0264	1
9585.1182	1
9588.2100	1
9591.3027	1
9594.3955	1
9597.4883	1
9600.5811	1
9603.6738	1
9606.7666	1
9609.8594	-1
9612.9521	-1
9616.0449	-1
9619.1377	-1
9622.2305	-1
9625.3232	-1
9628.4160	-1
9631.5088	-1
9634.6016	-1
9637.6943	-1
9640.7871	-1
9643.8799	-1
9646.9736	-1
9650.0674	-1
9653.1611	-1
9656.2549	-1
9659.3486	-1
9662.4424	-1
9665.5361	-1
9668.6299	-1
9671.7236	-1
9674.8174	-1
9677.9111	-1
9681.0049	-1
9684.0986	-1
9687.1924	-1
9690.2861	-1
9693.3799	-1
9696.4736	-1
9699.5674	-1
9702.6611	-1
9705.7559	-1
9708.8506	-1
9711.9453	-1
9715.0400	-1
9718.1348	-1
9721.2295	-1
9724.3242	-1
9727.4189	-1
9730.5137	-1
9733.6084	-1
9736.7031	-1
9739.8008	1
9742.8984	1
9745.9961	1
9749.0938	1
9752.1914	1
9755.2891	1
9758.3867	1
9761.4844	1
9764.5820	1
9767.6797	1
9770.7773	1
9773.8750	1
9776.9727	1
9780.0703	1
9783.1689	-1
9786.2676	-1
9789.3662	-1
9792.4648	-1
9795.5635	-1
9798.6621	-1
9801.7607	-1
9804.8594	-1
9807.9580	-1
9811.0566	-1
9814.1553	-1
9817.2539	-1
9820.3525	-1
9823.4512	-1
9826.5498	-1
9829.6484	-1
9832.7471	-1
9835.8457	-1
9838.9453	-1
9842.0449	-1
9845.1445	-1
9848.2441	-1
9851.3438	-1
9854.4434	-1
9857.5430	-1
9860.6426	-1
9863.7422	-1
9866.8418	-1
9869.9414	-1
9873.0410	-1
9876.1406	-1
9879.2402	-1
9882.3398	-1
9885.4395	-1
9888.5391	-1
9891.6387	-1
9894.7383	1
9897.8379	1
9900.9385	-1
9904.0391	-1
9907.1396	-1
9910.2402	-1
9913.3408	-1
9916.4414	-1
9919.5420	-1
9922.6426	-1
9925.7432	-1
9928.8438	-1
9931.9443	-1
9935.0449	-1
9938.1465	-1
9941.2480	-1
9944.3496	-1
9947.4512	-1
9950.5527	-1
9953.6543	-1
9956.7559	1
9959.8574	1
9962.9590	1
9966.0605	1
9969.1621	1
9972.2637	1
9975.3652	1
9978.4678	-1
9981.5703	-1
9984.6729	-1
9987.7754	-1
9990.8779	-1
9993.9805	-1
9997.0830	-1
10000.1855	-1
10003.2881	-1
10006.3906	-1
10009.4932	-1
10012.5957	-1
10015.6992	-1
10018.8027	-1
10021.9062	-1
10025.0098	-1
10028.1133	-1
10031.2168	-1
10034.3203	-1
10037.4238	-1
10040.5273	-1
10043.6309	-1
10046.7344	-1
10049.8379	-1
10052.9453	-1
10056.0527	-1
10059.1602	-1
10062.2676	-1
10065.3750	-1
10068.4824	-1
10071.5908	-1
10074.6992	-1
10077.8076	-1
10080.9160	-1
10084.0244	-1
10087.1328	-1
10090.2412	-1
10093.3496	-1
10096.4580	-1
10099.5664	-1
10102.6748	-1
10105.7832	-1
10108.8916	-1
10112.0000	-1
10115.1084	-1
10118.2168	-1
10121.3252	-1
10124.4336	-1
10127.5420	-1
10130.6504	-1
10133.7588	-1
10136.8672	-1
10139.9756	-1
10143.0840	-1
10146.1924	-1
10149.3008	-1
10152.4092	-1
10155.5176	-1
10158.6260	-1
10161.7344	-1
10164.8428	-1
10167.9512	-1
10171.0596	-1
10174.1680	-1
10177.2764	-1
10180.3848	-1
10183.4932	-1
10186.6016	-1
10189.7100	-1
10192.8184	-1
10195.9268	-1
10199.0352	-1
10202.1445	-1
10205.2539	-1
10208.3633	-1
10211.4727	-1
10214.5820	-1
10217.6914	-1
10220.8008	-1
10223.9102	-1
10227.0195	-1
10230.1289	-1
10233.2383	-1
10236.3477	-1
10239.4570	-1
10242.5664	-1
10245.6758	-1
10248.7852	-1
10251.8945	-1
10255.0039	-1
10258.1133	-1
10261.2227	-1
10264.3320	-1
10267.4414	-1
10270.5508	-1
10273.6602	-1
10276.7695	-1
10279.8789	-1
10282.9883	-1
10286.0977	-1
10289.2070	-1
10292.3164	-1
10295.4258	-1
10298.5352	-1
10301.6445	-1
10304.7539	-1
10307.8633	-1
10310.9727	-1
10314.0820	-1
10317.1914	-1
10320.3008	-1
10323.4102	-1
10326.5195	-1
10329.6289	-1
10332.7412	-1
10335.8535	-1
10338.9658	-1
10342.0781	-1
10345.1904	-1
10348.3027	-1
10351.4150	-1
10354.5273	-1
10357.6396	-1
10360.7520	-1
10363.8643	-1
10366.9766	-1
10370.0898	-1
10373.2031	-1
10376.3164	-1
10379.4297	-1
10382.5430	-1
10385.6562	-1
10388.7695	-1
10391.8828	-1
10394.9961	-1
10398.1094	-1
10401.2227	-1
10404.3359	-1
10407.4492	-1
10410.5625	-1
10413.6758	-1
10416.7891	-1
10419.9023	-1
10423.0156	-1
10426.1289	-1
10429.2422	-1
10432.3555	-1
10435.4688	-1
10438.5820	-1
10441.6953	-1
10444.8096	-1
10447.9238	-1
10451.0381	-1
10454.1523	-1
10457.2666	-1
10460.3809	-1
10463.4951	-1
10466.6094	-1
10469.7236	-1
10472.8379	-1
10475.9521	-1
10479.0664	-1
10482.1807	-1
10485.2949	-1
10488.4092	-1
10491.5234	-1
10494.6377	-1
10497.7520	-1
10500.8662	-1
10503.9805	-1
10507.0947	-1
10510.2090	-1
10513.3232	-1
10516.4375	-1
10519.5518	-1
10522.6660	-1
10525.7803	-1
10528.8945	-1
10532.0088	-1
10535.1230	-1
10538.2373	-1
10541.3516	-1
10544.4658	-1
10547.5801	-1
10550.6943	-1
10553.8086	-1
10556.9238	-1
10560.0527	1
10563.1826	-1
10566.3135	1
10569.4443	1
10572.5762	-1
10575.7080	-1
10578.8398	-1
10581.9717	-1
10585.1035	-1
10588.2354	-1
10591.3682	-1
10594.5010	-1
10597.6338	-1
10600.7666	-1
10603.8994	-1
10607.0322	-1
10610.1650	1
10613.2979	1
10616.4307	1
10619.5635	1
10622.6973	-1
10625.8311	-1
10628.9648	-1
10632.0986	-1
10635.2324	-1
10638.3662	-1
10641.5000	-1
10644.6338	-1
10647.7676	-1
10650.9023	-1
10654.0371	-1
10657.1719	-1
10660.3066	-1
10663.4414	-1
10666.5762	-1
10669.7109	-1
10672.8457	-1
10675.9805	-1
10679.1152	-1
10682.2500	-1
10685.3848	-1
10688.5195	-1
10691.6543	-1
10694.8018	1
10697.9502	-1
10701.0986	1
10704.2480	1
10707.3975	-1
10710.5469	-1
10713.6963	-1
10716.8457	-1
10719.9951	-1
10723.1445	-1
10726.2949	-1
10729.4453	-1
10732.5957	-1
10735.7461	-1
10738.8965	-1
10742.0469	-1
10745.1973	1
10748.3477	1
10751.4980	1
10754.6484	1
10757.7998	-1
10760.9512	-1
10764.1025	-1
10767.2539	-1
10770.4053	-1
10773.5566	-1
10776.7080	-1
10779.8594	-1
10783.0107	-1
10786.1621	-1
10789.3135	-1
10792.4648	-1
10795.6172	1
10798.7695	1
10801.9219	1
10805.0742	-1
10808.2266	-1
10811.3789	-1
10814.5312	-1
10817.6836	-1
10820.8359	-1
10823.9883	1
10827.1406	-1
10830.2930	-1
10833.4453	-1
10836.5977	-1
10839.7500	-1
10842.9023	-1
10846.0547	1
10849.2070	1
10852.3594	1
10855.5117	1
10858.6660	-1
10861.8203	-1
10864.9746	-1
10868.1289	-1
10871.2832	-1
10874.4375	-1
10877.5918	-1
10880.7461	-1
10883.9004	-1
10887.0547	-1
10890.2090	-1
10893.3633	-1
10896.5176	-1
10899.6719	-1
10902.8262	-1
10905.9805	-1
10909.1348	-1
10912.2891	-1
10915.4434	-1
10918.5977	-1
10921.7520	-1
10924.9062	-1
10928.0605	-1
10931.2148	-1
10934.3691	-1
10937.5234	-1
10940.6777	-1
10943.8320	-1
10946.9863	-1
10950.1406	-1
10953.2959	-1
10956.4512	-1
10959.6064	-1
10962.7617	-1
10965.9170	-1
10969.0723	-1
10972.2275	-1
10975.3828	-1
10978.5381	-1
10981.6934	-1
10984.8486	-1
10988.0039	-1
10991.1592	-1
10994.3145	-1
10997.4697	-1
11000.6377	1
11003.8066	-1
11006.9766	1
11010.1465	1
11013.3174	-1
11016.4883	-1
11019.6592	-1
11022.8301	-1
11026.0010	-1
11029.1719	-1
11032.3428	-1
11035.5137	-1
11038.6846	-1
11041.8555	-1
11045.0264	-1
11048.1973	-1
11051.3682	1
11054.5391	1
11057.7100	1
11060.8809	1
11064.0537	-1
11067.2266	-1
11070.3994	-1
11073.5723	-1
11076.7451	-1
11079.9180	-1
11083.0908	1
11086.2637	1
11089.4365	-1
11092.6094	-1
11095.7822	-1
11098.9551	-1
11102.1279	-1
11105.3008	-1
11108.4746	-1
11111.6484	-1
11114.8223	-1
11117.9961	-1
11121.1699	-1
11124.3438	-1
11127.5176	-1
11130.6914	-1
11133.8652	-1
11137.0391	-1
11140.2129	-1
11143.3867	-1
11146.5615	1
11149.7363	1
11152.9111	1
11156.0859	1
11159.2607	1
11162.4355	1
11165.6104	-1
11168.7852	-1
11171.9600	-1
11175.1348	-1
11178.3096	-1
11181.4844	-1
11184.6592	-1
11187.8340	-1
11191.0088	-1
11194.1836	-1
11197.3584	-1
11200.5332	-1
11203.7090	1
11206.8848	1
11210.0605	1
11213.2363	1
11216.4141	-1
11219.5918	-1
11222.7695	-1
11225.9473	-1
11229.1250	-1
11232.3027	-1
11235.4814	-1
11238.6602	-1
11241.8389	-1
11245.0176	-1
11248.1963	-1
11251.3750	-1
11254.5537	-1
11257.7324	-1
11260.9111	-1
11264.0898	-1
11267.2686	-1
11270.4473	-1
11273.6260	-1
11276.8047	-1
11279.9834	-1
11283.1621	-1
11286.3408	-1
11289.5195	-1
11292.6992	-1
11295.8789	-1
11299.0586	-1
11302.2383	-1
11305.4180	-1
11308.5977	-1
11311.7773	-1
11314.9570	-1
11318.1367	-1
11321.3164	-1
11324.4961	-1
11327.6758	-1
11330.8555	1
11334.0352	1
11337.2148	-1
11340.3945	-1
11343.5742	-1
11346.7539	-1
11349.9336	-1
11353.1133	-1
11356.2930	-1
11359.4727	-1
11362.6523	-1
11365.8320	-1
11369.0117	-1
11372.1914	-1
11375.3711	-1
11378.5508	-1
11381.7305	-1
11384.9102	-1
11388.0898	-1
11391.2695	-1
11394.4502	-1
11397.6309	-1
11400.8115	-1
11403.9922	-1
11407.1729	-1
11410.3535	-1
11413.5342	1
11416.7148	1
11419.8955	1
11423.0762	1
11426.2578	1
11429.4395	1
11432.6211	1
11435.8027	1
11438.9844	1
11442.1660	1
11445.3477	1
11448.5293	1
11451.7109	1
11454.8926	1
11458.0742	1
11461.2559	1
11464.4375	1
11467.6191	1
11470.8018	-1
11473.9844	-1
11477.1670	-1
11480.3496	-1
11483.5322	-1
11486.7148	-1
11489.8975	-1
11493.0801	-1
11496.2627	-1
11499.4453	-1
11502.6279	-1
11505.8105	-1
11508.9941	1
11512.1777	1
11515.3613	1
11518.5449	1
11521.7314	-1
11524.9180	-1
11528.1045	-1
11531.2910	-1
11534.4775	-1
11537.6641	-1
11540.8516	1
11544.0391	1
11547.2275	-1
11550.4160	-1
11553.6045	-1
11556.7930	-1
11559.9814	-1
11563.1699	-1
11566.3584	-1
11569.5469	-1
11572.7354	-1
11575.9238	-1
11579.1123	-1
11582.3008	-1
11585.4902	-1
11588.6797	-1
11591.8691	-1
11595.0586	-1
11598.2480	-1
11601.4375	-1
11604.6270	-1
11607.8164	-1
11611.0059	-1
11614.1953	-1
11617.3848	-1
11620.5742	-1
11623.7637	-1
11626.9531	-1
11630.1426	-1
11633.3320	-1
11636.5215	-1
11639.7109	-1
11642.9004	-1
11646.0898	-1
11649.2793	-1
11652.4688	-1
11655.6582	-1
11658.8477	-1
11662.0371	-1
11665.2266	-1
11668.4160	-1
11671.6055	-1
11674.7949	-1
11677.9844	-1
11681.1738	-1
11684.3633	-1
11687.5527	-1
11690.7422	-1
11693.9316	-1
11697.1211	-1
11700.3105	-1
11703.5000	-1
11706.6895	-1
11709.8789	-1
11713.0684	-1
11716.2578	-1
11719.4482	-1
11722.6387	-1
11725.8291	-1
11729.0195	-1
11732.2100	-1
11735.4004	-1
11738.5908	-1
11741.7812	-1
11744.9717	-1
11748.1621	-1
11751.3525	-1
11754.5430	-1
11757.7334	-1
11760.9238	-1
11764.1143	-1
11767.3047	-1
11770.4951	-1
11773.6855	-1
11776.8760	1
11780.0664	1
11783.2578	-1
11786.4492	-1
11789.6406	-1
11792.8320	-1
11796.0234	-1
11799.2148	-1
11802.4062	1
11805.5977	1
11808.7891	1
11811.9814	1
11815.1738	1
11818.3662	1
11821.5586	1
11824.7510	1
11827.9434	1
11831.1357	1
11834.3281	1
11837.5205	1
11840.7129	1
11843.9053	1
11847.0977	1
11850.2900	1
11853.4824	1
11856.6748	1
11859.8672	1
11863.0596	1
11866.2520	1
11869.4443	1
11872.6377	1
11875.8311	1
11879.0244	-1
11882.2178	-1
11885.4111	-1
11888.6045	-1
11891.7979	-1
11894.9912	-1
11898.1846	-1
11901.3779	-1
11904.5713	-1
11907.7646	-1
11910.9580	-1
11914.1514	-1
11917.3457	-1
11920.5400	-1
11923.7344	-1
11926.9287	-1
11930.1230	-1
11933.3174	-1
11936.5117	-1
11939.7061	-1
11942.9004	-1
11946.0947	-1
11949.2891	-1
11952.4834	-1
11955.6777	-1
11958.8721	-1
11962.0664	-1
11965.2607	-1
11968.4551	-1
11971.6494	-1
11974.8438	-1
11978.0381	-1
11981.2324	-1
11984.4268	-1
11987.6211	-1
11990.8154	-1
11994.0098	-1
11997.2041	-1
12000.3984	-1
12003.5928	-1
12006.7871	-1
12009.9814	-1
12013.1758	-1
12016.3701	-1
12019.5645	-1
12022.7598	-1
12025.9551	-1
12029.1504	-1
12032.3486	-1
12035.5469	-1
12038.7451	-1
12041.9434	-1
12045.1416	-1
12048.3398	-1
12051.5400	1
12054.7402	1
12057.9404	1
12061.1406	1
12064.3408	1
12067.5410	1
12070.7412	1
12073.9424	-1
12077.1436	-1
12080.3447	-1
12083.5459	-1
12086.7471	-1
12089.9482	-1
12093.1494	-1
12096.3506	-1
12099.5518	-1
12102.7529	-1
12105.9541	-1
12109.1553	-1
12112.3574	-1
12115.5596	-1
12118.7617	-1
12121.9639	-1
12125.1660	-1
12128.3682	-1
12131.5703	-1
12134.7725	-1
12137.9746	-1
12141.1768	-1
12144.3789	-1
12147.5811	-1
12150.7832	-1
12153.9854	-1
12157.1875	-1
12160.3896	-1
12163.5918	-1
12166.7939	-1
12169.9961	-1
12173.1982	-1
12176.4004	-1
12179.6025	-1
12182.8047	-1
12186.0068	-1
12189.2090	-1
12192.4111	-1
12195.6133	-1
12198.8154	-1
12202.0176	-1
12205.2197	-1
12208.4219	-1
12211.6240	-1
12214.8262	-1
12218.0283	-1
12221.2305	-1
12224.4326	-1
12227.6357	-1
12230.8389	-1
12234.0420	-1
12237.2451	-1
12240.4482	-1
12243.6514	-1
12246.8555	-1
12250.0596	-1
12253.2637	-1
12256.4678	-1
12259.6719	-1
12262.8760	-1
12266.0801	-1
12269.2842	-1
12272.4883	-1
12275.6924	-1
12278.8965	-1
12282.1006	-1
12285.3047	-1
12288.5088	-1
12291.7129	-1
12294.9170	-1
12298.1211	-1
12301.3252	-1
12304.5293	-1
12307.7334	-1
12310.9375	-1
12314.1416	-1
12317.3457	-1
12320.5498	-1
12323.7568	-1
12326.9639	-1
12330.1709	-1
12333.3779	-1
12336.5850	-1
12339.7920	-1
12343.0000	-1
12346.2080	-1
12349.4160	-1
12352.6240	-1
12355.8320	-1
12359.0400	-1
12362.2480	-1
12365.4561	-1
12368.6641	-1
12371.8721	-1
12375.0801	-1
12378.2881	-1
12381.4961	-1
12384.7041	-1
12387.9121	-1
12391.1201	-1
12394.3281	-1
12397.5361	-1
12400.7441	-1
12403.9521	-1
12407.1602	-1
12410.3682	-1
12413.5762	-1
12416.7842	-1
12419.9932	-1
12423.2021	-1
12426.4111	-1
12429.6201	-1
12432.8291	-1
12436.0381	-1
12439.2471	-1
12442.4561	-1
12445.6650	-1
12448.8740	-1
12452.0830	-1
12455.2920	-1
12458.5010	-1
12461.7100	-1
12464.9189	-1
12468.1279	-1
12471.3369	-1
12474.5459	-1
12477.7549	-1
12480.9639	-1
12484.1729	-1
12487.3818	-1
12490.5908	-1
12493.7998	-1
12497.0098	-1
12500.2197	-1
12503.4297	-1
12506.6396	-1
12509.8496	-1
12513.0596	-1
12516.2695	-1
12519.4795	-1
12522.6895	-1
12525.8994	-1
12529.1094	-1
12532.3193	-1
12535.5293	-1
12538.7393	-1
12541.9492	-1
12545.1592	-1
12548.3691	-1
12551.5791	-1
12554.7891	-1
12557.9990	-1
12561.2090	-1
12564.4189	-1
12567.6289	-1
12570.8389	-1
12574.0488	-1
12577.2588	-1
12580.4688	-1
12583.6787	-1
12586.8887	-1
12590.0986	-1
12593.3086	-1
12596.5186	-1
12599.7285	-1
12602.9385	-1
12606.1484	-1
12609.3584	-1
12612.5684	-1
12615.7783	-1
12618.9883	-1
12622.1982	-1
12625.4082	-1
12628.6182	-1
12632.0205	1
12635.4229	1
12638.8262	1
12642.2295	1
12645.6328	1
12649.0371	-1
12652.4414	-1
12655.8457	-1
12659.2500	-1
12662.6543	-1
12666.0586	-1
12669.4629	-1
12672.8672	-1
12676.2715	-1
12679.6758	-1
12683.0801	-1
12686.4844	-1
12689.8887	-1
12693.2930	-1
12696.6973	-1
12700.1016	-1
12703.5059	-1
12706.9102	-1
12710.3145	-1
12713.7188	-1
12717.1230	-1
12720.5273	-1
12723.9316	-1
12727.3359	-1
12730.7412	-1
12734.1465	-1
12737.5518	-1
12740.9570	-1
12744.3623	-1
12747.7676	-1
12751.1855	1
12754.6045	-1
12758.0234	1
12761.4434	1
12764.8633	-1
12768.2832	-1
12771.7031	-1
12775.1230	-1
12778.5430	-1
12781.9629	-1
12785.3828	-1
12788.8027	-1
12792.2227	-1
12795.6426	-1
12799.0752	1
12802.5088	-1
12805.9434	1
12809.3779	1
12812.8135	-1
12816.2490	-1
12819.6846	-1
12823.1201	-1
12826.5557	-1
12829.9912	-1
12833.4268	-1
12836.8623	-1
12840.2979	-1
12843.7334	-1
12847.1807	1
12850.6299	-1
12854.0791	1
12857.5283	1
12860.9795	-1
12864.4307	-1
12867.8818	-1
12871.3330	-1
12874.7842	-1
12878.2354	-1
12881.6865	-1
12885.1377	-1
12888.5889	-1
12892.0400	-1
12895.4912	-1
12898.9424	-1
12902.3936	1
12905.8447	1
12909.2959	1
12912.7471	1
12916.2002	-1
12919.6533	-1
12923.1064	-1
12926.5596	-1
12930.0127	-1
12933.4658	-1
12936.9189	-1
12940.3721	-1
12943.8252	-1
12947.2783	-1
12950.7314	-1
12954.1846	-1
12957.6377	-1
12961.0908	-1
12964.5439	-1
12967.9971	-1
12971.4502	-1
12974.9033	-1
12978.3564	-1
12981.8096	-1
12985.2627	-1
12988.7158	-1
12992.1689	-1
12995.6221	-1
12999.0762	1
13002.5303	1
13005.9844	1
13009.4385	1
13012.8926	1
13016.3467	1
13019.8008	1
13023.2549	1
13026.7109	-1
13030.1670	-1
13033.6230	-1
13037.0791	-1
13040.5352	-1
13043.9912	-1
13047.4482	-1
13050.9053	-1
13054.3623	-1
13057.8193	-1
13061.2764	-1
13064.7334	-1
13068.1904	1
13071.6475	-1
13075.1045	-1
13078.5615	-1
13082.0186	-1
13085.4756	-1
13088.9326	-1
13092.3896	-1
13095.8467	-1
13099.3037	-1
13102.7607	-1
13106.2178	-1
13109.6748	-1
13113.1318	-1
13116.5889	-1
13120.0459	-1
13123.5029	-1
13126.9600	-1
13130.4170	-1
13133.8740	-1
13137.3311	-1
13140.7881	-1
13144.2451	-1
13147.7021	-1
13151.1592	-1
13154.6172	1
13158.0752	1
13161.5332	1
13164.9912	1
13168.4492	1
13171.9072	-1
13175.3662	-1
13178.8252	-1
13182.2842	-1
13185.7432	-1
13189.2021	-1
13192.6611	-1
13196.1201	-1
13199.5791	-1
13203.0381	-1
13206.4971	-1
13209.9561	-1
13213.4160	-1
13216.8760	-1
13220.3359	-1
13223.7959	-1
13227.2559	-1
13230.7158	-1
13234.1768	-1
13237.6377	-1
13241.0986	-1
13244.5596	-1
13248.0205	-1
13251.4814	-1
13254.9424	-1
13258.4033	-1
13261.8643	-1
13265.3252	-1
13268.7861	-1
13272.2471	-1
13275.7080	-1
13279.1689	-1
13282.6299	-1
13286.0908	-1
13289.5518	-1
13293.0127	-1
13296.4746	-1
13299.9365	-1
13303.3984	-1
13306.8604	-1
13310.3223	-1
13313.7842	-1
13317.2461	-1
13320.7080	-1
13324.1826	1
13327.6582	-1
13331.1338	1
13334.6104	1
13338.0869	-1
13341.5635	-1
13345.0400	-1
13348.5293	1
13352.0195	-1
13355.5107	1
13359.0020	1
13362.4932	-1
13365.9844	-1
13369.4756	-1
13372.9668	-1
13376.4580	-1
13379.9492	-1
13383.4414	-1
13386.9336	-1
13390.4258	-1
13393.9180	-1
13397.4102	-1
13400.9023	-1
13404.3945	1
13407.8867	1
13411.3789	1
13414.8711	1
13418.3643	-1
13421.8574	-1
13425.3506	-1
13428.8438	-1
13432.3369	-1
13435.8301	-1
13439.3232	-1
13442.8164	-1
13446.3096	-1
13449.8027	-1
13453.2959	-1
13456.7891	-1
13460.2822	-1
13463.7754	-1
13467.2686	-1
13470.7617	-1
13474.2549	-1
13477.7480	-1
13481.2412	-1
13484.7344	-1
13488.2275	-1
13491.7207	-1
13495.2139	-1
13498.7197	1
13502.2266	-1
13505.7334	1
13509.2402	1
13512.7480	-1
13516.2559	-1
13519.7637	-1
13523.2715	-1
13526.7920	1
13530.3135	-1
13533.8350	1
13537.3564	1
13540.8799	-1
13544.4033	-1
13547.9268	-1
13551.4502	-1
13554.9736	-1
13558.4971	-1
13562.0205	-1
13565.5439	-1
13569.0674	-1
13572.5908	-1
13576.1143	-1
13579.6377	-1
13583.1611	1
13586.6846	1
13590.2080	1
13593.7314	1
13597.2568	-1
13600.7822	-1
13604.3076	-1
13607.8330	-1
13611.3584	-1
13614.8838	-1
13618.4092	1
13621.9346	-1
13625.4600	-1
13628.9854	-1
13632.5107	-1
13636.0361	-1
13639.5615	-1
13643.0869	1
13646.6123	1
13650.1387	-1
13653.6650	-1
13657.1914	-1
13660.7178	-1
13664.2441	-1
13667.7705	-1
13671.2969	-1
13674.8232	-1
13678.3496	-1
13681.8760	-1
13685.4023	-1
13688.9287	-1
13692.4561	-1
13695.9834	-1
13699.5107	-1
13703.0381	-1
13706.5654	-1
13710.0928	-1
13713.6201	-1
13717.1475	-1
13720.6748	-1
13724.2021	-1
13727.7295	-1
13731.2568	-1
13734.7842	-1
13738.3242	1
13741.8652	-1
13745.4072	1
13748.9492	1
13752.4922	-1
13756.0352	-1
13759.5781	-1
13763.1211	-1
13766.6641	-1
13770.2070	-1
13773.7500	-1
13777.2930	-1
13780.8359	-1
13784.3789	-1
13787.9219	-1
13791.4648	-1
13795.0078	1
13798.5508	1
13802.0938	1
13805.6367	1
13809.1816	-1
13812.7266	-1
13816.2715	-1
13819.8164	-1
13823.3613	-1
13826.9062	-1
13830.4512	-1
13833.9961	-1
13837.5410	-1
13841.0859	-1
13844.6309	-1
13848.1758	-1
13851.7207	-1
13855.2656	-1
13858.8105	-1
13862.3555	-1
13865.9004	-1
13869.4453	-1
13872.9902	-1
13876.5479	1
13880.1064	-1
13883.6660	1
13887.2256	1
13890.7852	-1
13894.3457	-1
