0.0000	0
0.0007	-1
0.4815	-1
0.9630	1
5.3313	1
9.7011	-1
14.0713	1
18.4416	1
22.8130	-1
27.1843	-1
31.5557	-1
35.9391	1
40.3239	-1
44.7090	1
49.0943	1
53.4802	-1
57.8662	-1
62.2522	-1
66.6382	-1
71.0241	-1
75.4101	-1
79.7962	-1
84.1823	-1
88.5684	-1
92.9666	1
97.3661	-1
101.7660	1
106.1660	1
110.5670	-1
114.9681	-1
119.3691	-1
123.7702	-1
128.1712	-1
132.5723	-1
136.9735	-1
141.3746	-1
145.7758	-1
150.1770	-1
154.5782	-1
158.9794	-1
163.3809	1
167.7824	1
172.1851	-1
176.5878	-1
180.9904	-1
185.3931	-1
189.7957	-1
194.1984	-1
198.6012	-1
203.0039	-1
207.4067	-1
211.8094	-1
216.2122	-1
220.6269	1
225.0431	-1
229.4596	1
233.8761	1
238.2938	-1
242.7114	-1
247.1290	-1
251.5467	-1
255.9643	-1
260.3821	-1
264.8123	1
269.2440	-1
273.6760	1
278.1080	1
282.5412	-1
286.9743	-1
291.4074	-1
295.8406	-1
300.2737	-1
304.7069	-1
309.1401	-1
313.5734	-1
318.0067	-1
322.4399	-1
326.8732	-1
331.3065	-1
335.7401	1
340.1737	1
344.6074	1
349.0411	1
353.4763	-1
357.9116	-1
362.3468	-1
366.7821	-1
371.2173	-1
375.6526	-1
380.0880	-1
384.5234	-1
388.9588	-1
393.3942	-1
397.8296	-1
402.2650	-1
406.7005	-1
411.1360	-1
415.5715	-1
420.0070	-1
424.4426	-1
428.8781	-1
433.3141	1
437.7501	1
442.1862	1
446.6223	1
451.0584	-1
455.4946	-1
459.9308	-1
464.3669	-1
468.8031	-1
473.2392	-1
477.6770	-1
482.1148	-1
486.5526	-1
490.9904	-1
495.4282	-1
499.8660	-1
504.3039	-1
508.7418	-1
513.1797	-1
517.6177	-1
522.0556	-1
526.4935	-1
530.9316	-1
535.3696	-1
539.8077	-1
544.2457	-1
548.6838	-1
553.1218	-1
557.5600	-1
561.9982	-1
566.4363	-1
570.8745	-1
575.3248	1
579.7764	-1
584.2285	1
588.6805	1
593.1333	-1
597.5861	-1
602.0388	-1
606.4916	-1
610.9443	-1
615.3971	-1
619.8500	-1
624.3029	-1
628.7557	-1
633.2086	-1
637.6739	1
642.1406	-1
646.6077	1
651.0749	1
655.5428	-1
660.0107	-1
664.4787	-1
668.9467	-1
673.4146	-1
677.8830	-1
682.3641	1
686.8464	-1
691.3292	1
695.8120	1
700.2958	-1
704.7797	-1
709.2635	-1
713.7474	-1
718.2313	-1
722.7152	-1
727.1992	-1
731.6832	-1
736.1672	-1
740.6512	-1
745.1353	-1
749.6193	-1
754.1036	1
758.5881	1
763.0726	1
767.5571	1
772.0427	-1
776.5284	-1
781.0140	-1
785.4997	-1
789.9854	-1
794.4710	-1
798.9574	-1
803.4438	-1
807.9302	-1
812.4166	-1
816.9030	-1
821.3893	-1
825.8759	1
830.3624	-1
834.8489	-1
839.3354	-1
843.8219	-1
848.3084	-1
852.7949	-1
857.2815	1
861.7681	-1
866.2548	-1
870.7414	-1
875.2280	-1
879.7147	-1
884.2013	-1
888.6882	1
893.1751	1
897.6621	1
902.1492	1
906.6362	1
911.1234	1
915.6120	-1
920.1006	-1
924.5893	-1
929.0779	-1
933.5666	-1
938.0552	-1
942.5440	-1
947.0328	-1
951.5215	-1
956.0103	-1
960.4991	-1
964.9879	-1
969.4769	-1
973.9659	-1
978.4549	-1
982.9439	-1
987.4329	-1
991.9219	-1
996.4114	-1
1000.9008	-1
1005.3903	-1
1009.8797	-1
1014.3691	-1
1018.8586	-1
1023.3488	1
1027.8392	1
1032.3303	1
1036.8215	1
1041.3127	1
1045.8040	1
1050.2952	1
1054.7865	1
1059.2782	-1
1063.7699	-1
1068.2616	-1
1072.7533	-1
1077.2450	-1
1081.7367	-1
1086.2285	-1
1090.7203	-1
1095.2122	-1
1099.7040	-1
1104.1958	-1
1108.6876	-1
1113.1797	-1
1117.6718	-1
1122.1638	-1
1126.6559	-1
1131.1479	-1
1135.6400	-1
1140.1322	1
1144.6244	1
1149.1167	-1
1153.6090	-1
1158.1013	-1
1162.5936	-1
1167.0859	-1
1171.5782	-1
1176.0710	1
1180.5640	1
1185.0569	1
1189.5498	1
1194.0428	1
1198.5359	1
1203.0316	-1
1207.5275	-1
1212.0233	-1
1216.5192	-1
1221.0150	-1
1225.5109	-1
1230.0068	-1
1234.5028	-1
1238.9988	-1
1243.4948	-1
1247.9907	-1
1252.4867	-1
1256.9829	-1
1261.4791	-1
1265.9753	-1
1270.4716	-1
1274.9678	-1
1279.4640	-1
1283.9603	-1
1288.4567	-1
1292.9530	-1
1297.4493	-1
1301.9458	-1
1306.4423	-1
1310.9388	-1
1315.4354	-1
1319.9320	-1
1324.4286	1
1328.9252	-1
1333.4218	-1
1337.9183	-1
1342.4150	-1
1346.9117	-1
1351.4084	-1
1355.9052	-1
1360.4019	-1
1364.8986	-1
1369.3955	-1
1373.8925	-1
1378.3894	-1
1382.8864	-1
1387.3833	-1
1391.8802	-1
1396.3776	1
1400.8750	1
1405.3726	1
1409.8701	1
1414.3677	1
1418.8652	1
1423.3629	-1
1427.8606	-1
1432.3583	-1
1436.8560	-1
1441.3536	1
1445.8513	-1
1450.3490	-1
1454.8467	1
1459.3444	1
1463.8422	-1
1468.3400	-1
1472.8378	-1
1477.3356	-1
1481.8334	-1
1486.3312	-1
1490.8292	-1
1495.3273	-1
1499.8253	-1
1504.3234	-1
1508.8214	-1
1513.3195	-1
1517.8198	-1
1522.3202	-1
1526.8206	-1
1531.3209	-1
1535.8214	-1
1540.3219	-1
1544.8229	1
1549.3239	1
1553.8248	1
1558.3259	1
1562.8270	1
1567.3282	1
1571.8295	1
1576.3307	1
1580.8319	-1
1585.3331	-1
1589.8344	-1
1594.3356	-1
1598.8368	-1
1603.3380	-1
1607.8394	1
1612.3407	1
1616.8422	-1
1621.3436	-1
1625.8451	-1
1630.3466	-1
1634.8480	-1
1639.3495	-1
1643.8512	-1
1648.3529	-1
1652.8546	-1
1657.3563	-1
1661.8580	-1
1666.3597	-1
1670.8616	-1
1675.3635	-1
1679.8655	-1
1684.3674	-1
1688.8694	-1
1693.3713	-1
1697.8734	-1
1702.3755	-1
1706.8776	-1
1711.3796	-1
1715.8817	-1
1720.3838	-1
1724.8860	1
1729.3883	1
1733.8906	1
1738.3929	1
1742.8954	1
1747.3978	1
1751.9006	1
1756.4037	1
1760.9070	1
1765.4103	1
1769.9136	1
1774.4169	1
1778.9240	-1
1783.4310	-1
1787.9381	-1
1792.4452	-1
1796.9524	-1
1801.4596	-1
1805.9669	-1
1810.4742	-1
1814.9817	-1
1819.4891	-1
1823.9966	-1
1828.5040	-1
1833.0116	-1
1837.5192	-1
1842.0267	-1
1846.5343	-1
1851.0419	-1
1855.5494	-1
1860.0571	-1
1864.5648	-1
1869.0725	-1
1873.5802	-1
1878.0879	-1
1882.5956	-1
1887.1035	-1
1891.6115	-1
1896.1194	-1
1900.6273	-1
1905.1353	-1
1909.6432	-1
1914.1512	-1
1918.6593	-1
1923.1674	-1
1927.6754	-1
1932.1835	-1
1936.6915	-1
1941.1997	-1
1945.7079	-1
1950.2161	-1
1954.7242	-1
1959.2324	-1
1963.7406	-1
1968.2489	-1
1972.7572	-1
1977.2655	-1
1981.7738	-1
1986.2821	-1
1990.7904	-1
1995.2988	-1
1999.8073	-1
2004.3157	-1
2008.8241	-1
2013.3325	-1
2017.8409	-1
2022.3495	-1
2026.8580	-1
2031.3666	-1
2035.8751	-1
2040.3837	-1
2044.8922	-1
2049.4009	-1
2053.9097	-1
2058.4185	-1
2062.9272	-1
2067.4360	-1
2071.9448	-1
2076.4536	-1
2080.9624	-1
2085.4712	-1
2089.9800	-1
2094.4888	-1
2098.9976	-1
2103.5085	-1
2108.0195	-1
2112.5305	-1
2117.0415	-1
2121.5525	-1
2126.0635	-1
2130.5747	-1
2135.0859	-1
2139.5972	-1
2144.1084	-1
2148.6196	-1
2153.1309	-1
2157.6423	-1
2162.1538	-1
2166.6653	-1
2171.1768	-1
2175.6882	-1
2180.1997	-1
2184.7112	-1
2189.2227	-1
2193.7341	-1
2198.2456	-1
2202.7571	-1
2207.2686	-1
2211.7803	1
2216.2920	1
2220.8054	-1
2225.3188	-1
2229.8323	-1
2234.3457	-1
2238.8591	-1
2243.3726	-1
2247.8862	-1
2252.3999	-1
2256.9136	-1
2261.4272	-1
2265.9409	-1
2270.4546	-1
2274.9685	-1
2279.4824	-1
2283.9963	-1
2288.5103	-1
2293.0242	-1
2297.5381	-1
2302.0520	-1
2306.5659	-1
2311.0798	-1
2315.5938	-1
2320.1079	-1
2324.6221	-1
2329.1362	-1
2333.6504	-1
2338.1646	-1
2342.6787	-1
2347.1929	-1
2351.7070	-1
2356.2214	1
2360.7358	1
2365.2502	1
2369.7649	1
2374.2795	1
2378.7942	1
2383.3088	1
2387.8235	1
2392.3381	1
2396.8530	1
2401.3679	1
2405.8828	1
2410.3977	1
2414.9126	1
2419.4277	1
2423.9429	1
2428.4580	1
2432.9739	-1
2437.4897	-1
2442.0056	-1
2446.5215	-1
2451.0374	-1
2455.5532	-1
2460.0693	-1
2464.5854	-1
2469.1016	-1
2473.6177	-1
2478.1338	-1
2482.6499	-1
2487.1660	-1
2491.6824	-1
2496.1987	-1
2500.7151	-1
2505.2314	-1
2509.7478	-1
2514.2642	-1
2518.7805	-1
2523.2969	-1
2527.8132	-1
2532.3296	-1
2536.8459	-1
2541.3625	-1
2545.8792	-1
2550.3958	-1
2554.9124	-1
2559.4290	-1
2563.9456	-1
2568.4624	-1
2572.9792	-1
2577.4961	-1
2582.0129	-1
2586.5298	-1
2591.0466	-1
2595.5635	-1
2600.0803	-1
2604.5972	-1
2609.1140	-1
2613.6309	-1
2618.1477	-1
2622.6650	-1
2627.1824	-1
2631.6997	-1
2636.2170	-1
2640.7344	-1
2645.2517	-1
2649.7693	-1
2654.2869	-1
2658.8044	-1
2663.3220	-1
2667.8396	-1
2672.3572	-1
2676.8750	-1
2681.3928	-1
2685.9106	-1
2690.4285	-1
2694.9463	-1
2699.4641	-1
2703.9819	-1
2708.4998	-1
2713.0176	-1
2717.5354	-1
2722.0532	-1
2726.5710	-1
2731.0942	-1
2735.6174	-1
2740.1406	-1
2744.6638	-1
2749.1870	-1
2753.7104	-1
2758.2339	-1
2762.7573	-1
2767.2808	-1
2771.8042	-1
2776.3276	-1
2780.8511	-1
2785.3745	-1
2789.8982	-1
2794.4219	-1
2798.9456	-1
2803.4692	-1
2807.9929	-1
2812.5166	-1
2817.0403	-1
2821.5640	-1
2826.0876	-1
2830.6113	-1
2835.1350	-1
2839.6589	-1
2844.1829	-1
2848.7068	-1
2853.2307	-1
2857.7546	-1
2862.2786	-1
2866.8025	-1
2871.3264	-1
2875.8503	-1
2880.3743	-1
2884.8982	-1
2889.4221	-1
2893.9463	-1
2898.4705	-1
2902.9946	-1
2907.5188	-1
2912.0430	-1
2916.5671	-1
2921.0923	-1
2925.6174	-1
2930.1426	-1
2934.6677	-1
2939.1929	-1
2943.7180	-1
2948.2432	-1
2952.7683	-1
2957.2935	-1
2961.8186	-1
2966.3438	-1
2970.8689	-1
2975.3943	-1
2979.9197	-1
2984.4451	-1
2988.9705	-1
2993.4958	-1
2998.0212	-1
3002.5466	-1
3007.0720	-1
3011.5974	-1
3016.1228	-1
3020.6482	-1
3025.1736	-1
3029.6992	-1
3034.2249	-1
3038.7505	-1
3043.2761	-1
3047.8018	-1
3052.3274	-1
3056.8530	-1
3061.3787	-1
3065.9043	-1
3070.4299	-1
3074.9556	-1
3079.4812	-1
3084.0078	-1
3088.5344	-1
3093.0610	-1
3097.5876	-1
3102.1143	-1
3106.6409	-1
3111.1677	-1
3115.6946	-1
3120.2214	-1
3124.7483	-1
3129.2751	-1
3133.8020	-1
3138.3291	-1
3142.8562	-1
3147.3833	-1
3151.9104	-1
3156.4375	-1
3160.9646	-1
3165.4919	-1
3170.0193	-1
3174.5466	-1
3179.0740	-1
3183.6013	-1
3188.1287	-1
3192.6562	-1
3197.1838	-1
3201.7114	-1
3206.2390	-1
3210.7666	-1
3215.2942	-1
3219.8218	-1
3224.3494	-1
3228.8770	-1
3233.4045	-1
3237.9448	1
3242.4866	-1
3247.0288	1
3251.5710	1
3256.1143	-1
3260.6577	-1
3265.2012	-1
3269.7446	-1
3274.2881	-1
3278.8315	-1
3283.3750	-1
3287.9185	-1
3292.4619	-1
3297.0054	-1
3301.5488	-1
3306.0923	-1
3310.6360	1
3315.1799	1
3319.7239	1
3324.2678	1
3328.8127	-1
3333.3577	-1
3337.9026	-1
3342.4475	-1
3346.9924	-1
3351.5374	-1
3356.0825	-1
3360.6277	-1
3365.1729	-1
3369.7180	-1
3374.2632	-1
3378.8083	-1
3383.3542	-1
3387.9001	-1
3392.4460	-1
3396.9919	-1
3401.5378	-1
3406.0837	-1
3410.6299	1
3415.1760	-1
3419.7222	-1
3424.2683	-1
3428.8145	-1
3433.3606	-1
3437.9067	-1
3442.4529	1
3446.9990	1
3451.5452	1
3456.0918	1
3460.6384	1
3465.1851	1
3469.7317	1
3474.2805	-1
3478.8293	-1
3483.3782	-1
3487.9270	-1
3492.4758	-1
3497.0249	-1
3501.5740	-1
3506.1230	-1
3510.6721	-1
3515.2212	-1
3519.7703	-1
3524.3193	-1
3528.8687	-1
3533.4180	-1
3537.9673	-1
3542.5166	-1
3547.0659	-1
3551.6152	-1
3556.1646	-1
3560.7139	-1
3565.2632	-1
3569.8125	-1
3574.3618	-1
3578.9111	-1
3583.4607	-1
3588.0103	-1
3592.5598	-1
3597.1094	-1
3601.6589	-1
3606.2085	-1
3610.7581	-1
3615.3076	-1
3619.8572	-1
3624.4067	-1
3628.9563	-1
3633.5059	-1
3638.0557	-1
3642.6055	-1
3647.1553	-1
3651.7051	-1
3656.2549	-1
3660.8047	-1
3665.3545	-1
3669.9043	-1
3674.4541	-1
3679.0039	-1
3683.5537	-1
3688.1035	-1
3692.6536	1
3697.2039	1
3701.7542	1
3706.3047	1
3710.8552	1
3715.4058	1
3719.9565	1
3724.5073	1
3729.0581	1
3733.6089	1
3738.1599	1
3742.7109	1
3747.2627	1
3751.8145	1
3756.3662	1
3760.9182	1
3765.4717	-1
3770.0251	-1
3774.5786	-1
3779.1321	-1
3783.6855	-1
3788.2390	-1
3792.7927	-1
3797.3464	-1
3801.9001	-1
3806.4539	-1
3811.0076	-1
3815.5613	-1
3820.1152	-1
3824.6692	-1
3829.2231	-1
3833.7771	-1
3838.3311	-1
3842.8850	-1
3847.4392	1
3851.9934	1
3856.5488	-1
3861.1042	-1
3865.6597	-1
3870.2151	-1
3874.7705	-1
3879.3259	-1
3883.8813	-1
3888.4368	-1
3892.9922	-1
3897.5476	-1
3902.1030	-1
3906.6584	-1
3911.2141	1
3915.7698	1
3920.3254	-1
3924.8811	-1
3929.4368	-1
3933.9924	-1
3938.5481	-1
3943.1038	-1
3947.6594	1
3952.2151	1
3956.7727	1
3961.3303	1
3965.8882	1
3970.4460	1
3975.0039	1
3979.5618	1
3984.1201	-1
3988.6785	-1
3993.2368	-1
3997.7952	-1
4002.3535	-1
4006.9119	-1
4011.4705	-1
4016.0291	-1
4020.5876	-1
4025.1462	-1
4029.7048	-1
4034.2634	-1
4038.8220	-1
4043.3806	-1
4047.9392	-1
4052.4978	-1
4057.0564	-1
4061.6150	-1
4066.1738	-1
4070.7327	-1
4075.2915	-1
4079.8503	-1
4084.4092	-1
4088.9680	-1
4093.5271	-1
4098.0859	-1
4102.6450	-1
4107.2041	-1
4111.7632	-1
4116.3223	-1
4120.8813	-1
4125.4404	-1
4129.9995	-1
4134.5586	-1
4139.1177	-1
4143.6768	-1
4148.2358	-1
4152.7949	-1
4157.3540	-1
4161.9131	-1
4166.4722	-1
4171.0312	-1
4175.5913	-1
4180.1514	-1
4184.7114	-1
4189.2715	-1
4193.8315	-1
4198.3916	-1
4202.9517	-1
4207.5117	-1
4212.0718	-1
4216.6318	-1
4221.1919	-1
4225.7520	-1
4230.3120	-1
4234.8721	-1
4239.4321	-1
4243.9922	-1
4248.5522	-1
4253.1123	-1
4257.6729	1
4262.2334	1
4266.7939	1
4271.3574	-1
4275.9209	-1
4280.4844	-1
4285.0479	-1
4289.6113	-1
4294.1748	-1
4298.7383	-1
4303.3022	-1
4307.8662	-1
4312.4302	-1
4316.9941	-1
4321.5581	-1
4326.1221	-1
4330.6860	-1
4335.2500	-1
4339.8140	-1
4344.3779	-1
4348.9419	-1
4353.5059	-1
4358.0698	-1
4362.6338	-1
4367.1978	-1
4371.7617	-1
4376.3257	-1
4380.8896	-1
4385.4536	-1
4390.0176	-1
4394.5815	-1
4399.1455	-1
4403.7095	-1
4408.2739	-1
4412.8384	-1
4417.4028	-1
4421.9673	-1
4426.5317	-1
4431.0962	-1
4435.6606	-1
4440.2251	-1
4444.7896	-1
4449.3540	-1
4453.9185	-1
4458.4829	-1
4463.0474	-1
4467.6118	-1
4472.1763	-1
4476.7407	-1
4481.3052	-1
4485.8696	-1
4490.4341	-1
4494.9985	-1
4499.5630	-1
4504.1274	-1
4508.6919	-1
4513.2563	-1
4517.8213	-1
4522.3862	-1
4526.9512	-1
4531.5161	-1
4536.0811	-1
4540.6460	-1
4545.2109	-1
4549.7759	-1
4554.3408	-1
4558.9058	-1
4563.4707	-1
4568.0356	-1
4572.6021	-1
4577.1685	-1
4581.7349	-1
4586.3013	-1
4590.8677	-1
4595.4341	-1
4600.0010	-1
4604.5679	-1
4609.1348	-1
4613.7017	-1
4618.2686	-1
4622.8354	-1
4627.4023	-1
4631.9692	-1
4636.5361	-1
4641.1030	-1
4645.6699	-1
4650.2368	-1
4654.8037	-1
4659.3706	-1
4663.9375	-1
4668.5044	-1
4673.0840	1
4677.6650	-1
4682.2466	1
4686.8281	1
4691.4111	-1
4695.9941	-1
4700.5771	-1
4705.1602	-1
4709.7432	-1
4714.3262	-1
4718.9092	-1
4723.4922	-1
4728.0928	1
4732.6948	-1
4737.2974	1
4741.8999	1
4746.5034	-1
4751.1069	-1
4755.7104	-1
4760.3140	-1
4764.9175	-1
4769.5210	-1
4774.1245	-1
4778.7280	-1
4783.3315	-1
4787.9351	-1
4792.5386	-1
4797.1421	-1
4801.7466	1
4806.3516	-1
4810.9565	-1
4815.5615	-1
4820.1665	-1
4824.7715	-1
4829.3765	-1
4833.9946	1
4838.6143	-1
4843.2344	1
4847.8545	1
4852.4756	-1
4857.0967	-1
4861.7178	-1
4866.3389	-1
4870.9600	-1
4875.5811	-1
4880.2026	-1
4884.8242	-1
4889.4458	-1
4894.0674	-1
4898.6890	-1
4903.3247	1
4907.9619	-1
4912.5996	1
4917.2373	1
4921.8765	-1
4926.5156	-1
4931.1548	-1
4935.7939	-1
4940.4331	-1
4945.0723	-1
4949.7114	-1
4954.3506	-1
4958.9897	-1
4963.6289	-1
4968.2681	-1
4972.9072	-1
4977.5469	1
4982.1870	1
4986.8271	1
4991.4673	1
4996.1089	-1
5000.7505	-1
5005.3921	-1
5010.0337	-1
5014.6753	-1
5019.3169	-1
5023.9590	-1
5028.6011	-1
5033.2432	-1
5037.8853	-1
5042.5273	-1
5047.1694	-1
5051.8115	1
5056.4541	-1
5061.0967	-1
5065.7393	-1
5070.3818	-1
5075.0244	-1
5079.6670	-1
5084.3096	-1
5088.9521	-1
5093.5947	-1
5098.2373	-1
5102.8799	-1
5107.5225	-1
5112.1655	1
5116.8091	1
5121.4526	1
5126.0962	1
5130.7397	1
5135.3833	1
5140.0269	1
5144.6709	-1
5149.3149	-1
5153.9590	-1
5158.6030	-1
5163.2471	-1
5167.8911	-1
5172.5356	-1
5177.1802	-1
5181.8247	-1
5186.4692	-1
5191.1138	-1
5195.7583	-1
5200.4038	1
5205.0498	1
5209.6958	1
5214.3418	1
5218.9893	-1
5223.6367	-1
5228.2842	-1
5232.9316	-1
5237.5791	-1
5242.2266	-1
5246.8740	-1
5251.5215	-1
5256.1689	-1
5260.8164	-1
5265.4639	-1
5270.1113	-1
5274.7588	-1
5279.4062	-1
5284.0537	-1
5288.7012	-1
5293.3486	-1
5297.9961	-1
5302.6440	-1
5307.2920	-1
5311.9399	-1
5316.5879	-1
5321.2358	-1
5325.8838	-1
5330.5317	-1
5335.1797	-1
5339.8276	-1
5344.4756	-1
5349.1235	-1
5353.7715	-1
5358.4209	1
5363.0703	1
5367.7197	1
5372.3691	1
5377.0186	1
5381.6680	1
5386.3174	1
5390.9673	1
5395.6172	1
5400.2671	1
5404.9189	-1
5409.5708	-1
5414.2227	-1
5418.8745	-1
5423.5264	-1
5428.1782	-1
5432.8301	-1
5437.4819	-1
5442.1338	-1
5446.7856	-1
5451.4375	-1
5456.0894	-1
5460.7412	-1
5465.3931	-1
5470.0449	-1
5474.6968	-1
5479.3486	-1
5484.0005	-1
5488.6523	-1
5493.3042	-1
5497.9561	-1
5502.6084	-1
5507.2607	-1
5511.9131	-1
5516.5654	-1
5521.2178	-1
5525.8701	-1
5530.5225	-1
5535.1748	-1
5539.8271	-1
5544.4800	1
5549.1328	1
5553.7856	1
5558.4390	1
5563.0928	1
5567.7466	-1
5572.4004	-1
5577.0542	-1
5581.7080	-1
5586.3618	-1
5591.0156	-1
5595.6699	1
5600.3247	-1
5604.9795	-1
5609.6343	-1
5614.2891	-1
5618.9438	-1
5623.5986	-1
5628.2539	-1
5632.9092	-1
5637.5645	-1
5642.2197	-1
5646.8750	-1
5651.5303	-1
5656.1865	-1
5660.8428	-1
5665.4990	-1
5670.1553	-1
5674.8115	-1
5679.4678	-1
5684.1245	-1
5688.7812	-1
5693.4380	-1
5698.0947	-1
5702.7515	-1
5707.4082	-1
5712.0649	-1
5716.7217	-1
5721.3784	-1
5726.0352	-1
5730.6919	-1
5735.3486	-1
5740.0054	-1
5744.6621	-1
5749.3188	-1
5753.9756	-1
5758.6323	-1
5763.2891	-1
5767.9473	-1
5772.6055	-1
5777.2637	-1
5781.9219	-1
5786.5801	-1
5791.2383	-1
5795.8965	-1
5800.5547	-1
5805.2129	-1
5809.8711	-1
5814.5293	-1
5819.1875	-1
5823.8472	-1
5828.5068	-1
5833.1665	-1
5837.8262	-1
5842.4858	-1
5847.1455	-1
5851.8052	-1
5856.4648	-1
5861.1245	-1
5865.7842	-1
5870.4438	-1
5875.1035	-1
5879.7632	-1
5884.4229	-1
5889.0825	-1
5893.7422	-1
5898.4019	-1
5903.0615	-1
5907.7222	-1
5912.3828	-1
5917.0435	-1
5921.7041	-1
5926.3647	-1
5931.0254	-1
5935.6865	-1
5940.3477	-1
5945.0088	-1
5949.6699	-1
5954.3311	-1
5958.9922	-1
5963.6533	-1
5968.3145	-1
5972.9756	-1
5977.6367	-1
5982.2979	-1
5986.9590	-1
5991.6206	-1
5996.2822	-1
6000.9565	1
6005.6323	-1
6010.3086	1
6014.9849	1
6019.6626	-1
6024.3403	-1
6029.0186	-1
6033.7104	1
6038.4038	-1
6043.0977	1
6047.7915	1
6052.4868	-1
6057.1821	-1
6061.8774	-1
6066.5728	-1
6071.2681	-1
6075.9756	1
6080.6851	-1
6085.3950	1
6090.1050	1
6094.8164	-1
6099.5278	-1
6104.2393	-1
6108.9507	-1
6113.6621	-1
6118.3735	-1
6123.0850	-1
6127.7964	-1
6132.5078	-1
6137.2192	-1
6141.9307	-1
6146.6421	-1
6151.3540	1
6156.0659	1
6160.7798	-1
6165.4937	-1
6170.2075	-1
6174.9214	-1
6179.6353	-1
6184.3491	-1
6189.0630	-1
6193.7769	-1
6198.5044	1
6203.2334	-1
6207.9629	1
6212.6924	1
6217.4229	-1
6222.1533	-1
6226.8838	-1
6231.6143	-1
6236.3447	-1
6241.0752	-1
6245.8062	-1
6250.5371	-1
6255.2681	-1
6259.9990	-1
6264.7300	-1
6269.4609	-1
6274.1919	1
6278.9233	1
6283.6548	1
6288.3862	1
6293.1187	-1
6297.8511	-1
6302.5835	-1
6307.3159	-1
6312.0483	-1
6316.7808	-1
6321.5137	-1
6326.2466	-1
6330.9795	-1
6335.7124	-1
6340.4453	-1
6345.1782	-1
6349.9111	-1
6354.6440	-1
6359.3770	-1
6364.1099	-1
6368.8428	-1
6373.5757	-1
6378.3086	-1
6383.0415	-1
6387.7744	-1
6392.5073	-1
6397.2402	-1
6401.9731	-1
6406.7065	1
6411.4399	1
6416.1733	1
6420.9072	1
6425.6411	1
6430.3750	1
6435.1094	1
6439.8438	1
6444.5796	-1
6449.3154	-1
6454.0513	-1
6458.7871	-1
6463.5229	-1
6468.2588	-1
6472.9946	-1
6477.7305	-1
6482.4663	-1
6487.2021	-1
6491.9380	-1
6496.6738	-1
6501.4097	-1
6506.1455	-1
6510.8813	-1
6515.6172	-1
6520.3530	-1
6525.0889	-1
6529.8252	-1
6534.5615	-1
6539.2979	-1
6544.0342	-1
6548.7705	-1
6553.5068	-1
6558.2441	1
6562.9814	1
6567.7188	1
6572.4561	1
6577.1934	1
6581.9307	1
6586.6680	1
6591.4053	1
6596.1426	-1
6600.8799	-1
6605.6172	-1
6610.3545	-1
6615.0918	-1
6619.8291	-1
6624.5669	-1
6629.3047	-1
6634.0425	-1
6638.7803	-1
6643.5181	-1
6648.2559	-1
6652.9937	-1
6657.7314	-1
6662.4692	-1
6667.2070	-1
6671.9448	-1
6676.6826	-1
6681.4209	-1
6686.1592	-1
6690.8975	-1
6695.6357	-1
6700.3740	-1
6705.1123	-1
6709.8521	1
6714.5918	1
6719.3325	-1
6724.0732	-1
6728.8140	-1
6733.5547	-1
6738.2954	-1
6743.0361	-1
6747.7773	-1
6752.5186	-1
6757.2598	-1
6762.0010	-1
6766.7422	-1
6771.4834	-1
6776.2246	-1
6780.9658	-1
6785.7070	-1
6790.4482	-1
6795.1895	-1
6799.9307	-1
6804.6719	-1
6809.4131	-1
6814.1543	-1
6818.8955	-1
6823.6367	-1
6828.3779	-1
6833.1196	-1
6837.8613	-1
6842.6030	-1
6847.3447	-1
6852.0864	-1
6856.8281	-1
6861.5698	-1
6866.3115	-1
6871.0532	-1
6875.7949	-1
6880.5366	-1
6885.2783	-1
6890.0200	-1
6894.7617	-1
6899.5034	-1
6904.2451	-1
6908.9868	-1
6913.7285	-1
6918.4707	-1
6923.2129	-1
6927.9551	-1
6932.6973	-1
6937.4395	-1
6942.1816	-1
6946.9243	-1
6951.6670	-1
6956.4097	-1
6961.1523	-1
6965.8950	-1
6970.6377	-1
6975.3804	-1
6980.1230	-1
6984.8657	-1
6989.6221	1
6994.3804	-1
6999.1392	1
7003.8979	1
7008.6577	-1
7013.4175	-1
7018.1772	-1
7022.9370	-1
7027.6968	-1
7032.4565	-1
7037.2163	-1
7041.9761	-1
7046.7515	1
7051.5283	-1
7056.3057	1
7061.0830	1
7065.8628	-1
7070.6426	-1
7075.4224	-1
7080.2021	-1
7084.9819	-1
7089.7617	-1
7094.5420	-1
7099.3364	1
7104.1323	-1
7108.9287	1
7113.7251	1
7118.5229	-1
7123.3208	-1
7128.1187	-1
7132.9165	-1
7137.7144	-1
7142.5259	1
7147.3389	-1
7152.1523	1
7156.9658	1
7161.7803	-1
7166.5947	-1
7171.4092	-1
7176.2236	-1
7181.0381	-1
7185.8525	-1
7190.6670	-1
7195.4814	-1
7200.2959	-1
7205.1104	-1
7209.9248	-1
7214.7393	-1
7219.5542	1
7224.3691	1
7229.1841	1
7233.9990	1
7238.8154	-1
7243.6318	-1
7248.4482	-1
7253.2646	-1
7258.0811	-1
7262.8975	-1
7267.7144	-1
7272.5312	-1
7277.3481	-1
7282.1650	-1
7286.9819	-1
7291.7988	-1
7296.6162	-1
7301.4336	-1
7306.2510	-1
7311.0684	-1
7315.8857	-1
7320.7031	-1
7325.5205	-1
7330.3379	-1
7335.1553	-1
7339.9727	-1
7344.7900	-1
7349.6074	-1
7354.4248	1
7359.2422	1
7364.0596	1
7368.8770	1
7373.6953	1
7378.5137	1
7383.3320	1
7388.1504	1
7392.9702	-1
7397.7900	-1
7402.6099	-1
7407.4297	-1
7412.2495	-1
7417.0693	-1
7421.8892	-1
7426.7090	-1
7431.5288	-1
7436.3486	-1
7441.1685	-1
7445.9883	-1
7450.8091	-1
7455.6299	-1
7460.4507	-1
7465.2715	-1
7470.0923	-1
7474.9131	-1
7479.7344	-1
7484.5557	-1
7489.3770	-1
7494.1982	-1
7499.0195	-1
7503.8408	-1
7508.6650	-1
7513.4893	-1
7518.3135	-1
7523.1377	-1
7527.9619	-1
7532.7861	-1
7537.6108	-1
7542.4355	-1
7547.2603	-1
7552.0850	-1
7556.9097	-1
7561.7344	-1
7566.5591	1
7571.3838	-1
7576.2085	-1
7581.0332	-1
7585.8579	-1
7590.6826	-1
7595.5073	-1
7600.3320	1
7605.1567	1
7609.9814	-1
7614.8062	-1
7619.6309	-1
7624.4556	-1
7629.2803	1
7634.1050	-1
7638.9297	-1
7643.7544	1
7648.5791	1
7653.4038	1
7658.2310	-1
7663.0581	-1
7667.8853	-1
7672.7124	-1
7677.5396	-1
7682.3667	-1
7687.1953	-1
7692.0239	-1
7696.8525	-1
7701.6812	-1
7706.5098	-1
7711.3384	-1
7716.1680	-1
7720.9976	-1
7725.8271	-1
7730.6567	-1
7735.4863	-1
7740.3159	-1
7745.1455	-1
7749.9751	-1
7754.8047	-1
7759.6343	-1
7764.4639	-1
7769.2935	-1
7774.1230	-1
7778.9526	-1
7783.7822	-1
7788.6118	-1
7793.4414	-1
7798.2710	-1
7803.1006	-1
7807.9302	-1
7812.7598	-1
7817.5894	-1
7822.4189	-1
7827.2485	-1
7832.0781	-1
7836.9077	-1
7841.7373	-1
7846.5669	-1
7851.3970	-1
7856.2344	1
7861.0806	1
7865.9282	-1
7870.7764	1
7875.6245	1
7880.4736	-1
7885.3228	-1
7890.1719	-1
7895.0210	-1
7899.8701	-1
7904.7192	-1
7909.5684	-1
7914.4175	-1
7919.2666	-1
7924.1157	-1
7928.9648	-1
7933.8140	-1
7938.6636	1
7943.5132	1
7948.3628	1
7953.2124	1
7958.0625	-1
7962.9126	-1
7967.7627	-1
7972.6128	-1
7977.4629	-1
7982.3130	-1
7987.1636	-1
7992.0146	-1
7996.8657	-1
8001.7168	-1
8006.5679	-1
8011.4189	-1
8016.2700	1
8021.1211	1
8025.9722	-1
8030.8232	-1
8035.6743	-1
8040.5254	-1
8045.3765	-1
8050.2275	-1
8055.0786	-1
8059.9297	-1
8064.7808	-1
8069.6318	-1
8074.4829	-1
8079.3340	-1
8084.1855	1
8089.0371	1
8093.8887	1
8098.7402	1
8103.5923	1
8108.4443	1
8113.2979	-1
8118.1514	-1
8123.0049	-1
8127.8584	-1
8132.7119	-1
8137.5654	-1
8142.4189	-1
8147.2725	-1
8152.1260	-1
8156.9795	-1
8161.8330	-1
8166.6865	-1
8171.5400	-1
8176.3936	-1
8181.2471	-1
8186.1006	-1
8190.9541	-1
8195.8076	-1
8200.6611	-1
8205.5146	-1
8210.3682	-1
8215.2217	-1
8220.0752	-1
8224.9287	-1
8229.7832	1
8234.6377	1
8239.4922	1
8244.3467	1
8249.2012	1
8254.0557	1
8258.9102	1
8263.7646	1
8268.6201	-1
8273.4756	-1
8278.3311	-1
8283.1865	-1
8288.0420	-1
8292.8975	-1
8297.7529	-1
8302.6084	-1
8307.4639	-1
8312.3193	-1
8317.1748	-1
8322.0303	-1
8326.8857	-1
8331.7412	-1
8336.5967	-1
8341.4521	-1
8346.3076	-1
8351.1631	-1
8356.0186	-1
8360.8740	-1
8365.7295	-1
8370.5850	-1
8375.4404	-1
8380.2959	-1
8385.1523	1
8390.0098	-1
8394.8672	-1
8399.7246	-1
8404.5820	-1
8409.4395	-1
8414.2969	-1
8419.1543	-1
8424.0117	-1
8428.8691	-1
8433.7266	-1
8438.5840	-1
8443.4424	-1
8448.3008	-1
8453.1592	-1
8458.0176	-1
8462.8760	-1
8467.7344	-1
8472.5928	-1
8477.4512	-1
8482.3096	-1
8487.1680	-1
8492.0264	-1
8496.8848	-1
8501.7432	-1
8506.6016	-1
8511.4600	-1
8516.3184	-1
8521.1768	-1
8526.0352	-1
8530.8936	-1
8535.7529	-1
8540.6123	-1
8545.4717	-1
8550.3311	-1
8555.1904	-1
8560.0498	-1
8564.9092	-1
8569.7686	-1
8574.6279	-1
8579.4873	-1
8584.3467	-1
8589.2061	-1
8594.0654	-1
8598.9248	-1
8603.7842	-1
8608.6436	-1
8613.5029	-1
8618.3623	-1
8623.2217	-1
8628.0811	-1
8632.9404	-1
8637.7998	-1
8642.6748	1
8647.5508	-1
8652.4277	1
8657.3047	1
8662.1836	-1
8667.0625	-1
8671.9414	-1
8676.8203	-1
8681.6992	-1
8686.5781	-1
8691.4570	-1
8696.3359	-1
8701.2148	-1
8706.0938	-1
8710.9727	-1
8715.8516	-1
8720.7314	1
8725.6113	1
8730.4912	1
8735.3711	1
8740.2539	-1
8745.1367	-1
8750.0195	-1
8754.9023	-1
8759.7852	-1
8764.6680	-1
8769.5508	-1
8774.4336	-1
8779.3164	-1
8784.1992	-1
8789.0820	-1
8793.9648	-1
8798.8486	-1
8803.7324	-1
8808.6162	-1
8813.5000	-1
8818.3838	-1
8823.2676	-1
8828.1514	-1
8833.0352	-1
8837.9189	-1
8842.8027	-1
8847.6865	-1
8852.5703	-1
8857.4541	1
8862.3389	1
8867.2236	1
8872.1084	1
8876.9932	1
8881.8779	1
8886.7627	1
8891.6475	1
8896.5352	-1
8901.4229	-1
8906.3105	-1
8911.1982	-1
8916.0859	-1
8920.9736	-1
8925.8623	-1
8930.7510	-1
8935.6396	-1
8940.5283	-1
8945.4170	-1
8950.3057	-1
8955.1943	-1
8960.0830	-1
8964.9717	-1
8969.8604	-1
8974.7490	-1
8979.6377	-1
8984.5273	-1
8989.4170	-1
8994.3066	-1
8999.1963	-1
9004.0859	-1
9008.9756	-1
9013.8652	-1
9018.7549	-1
9023.6445	-1
9028.5342	-1
9033.4238	-1
9038.3135	-1
9043.2031	-1
9048.0928	-1
9052.9824	-1
9057.8721	-1
9062.7617	-1
9067.6514	-1
9072.5410	-1
9077.4307	-1
9082.3203	-1
9087.2100	-1
9092.0996	-1
9096.9893	-1
9101.8789	-1
9106.7686	-1
9111.6582	-1
9116.5479	-1
9121.4375	-1
9126.3271	-1
9131.2168	1
9136.1064	1
9140.9980	1
9145.8896	1
9150.7812	1
9155.6729	1
9160.5645	1
9165.4561	1
9170.3477	1
9175.2393	1
9180.1309	1
9185.0225	1
9189.9141	1
9194.8057	1
9199.6973	1
9204.5889	1
9209.4834	-1
9214.3779	-1
9219.2725	-1
9224.1670	-1
9229.0615	-1
9233.9561	-1
9238.8506	-1
9243.7451	-1
9248.6396	-1
9253.5342	-1
9258.4287	-1
9263.3232	-1
9268.2178	-1
9273.1123	-1
9278.0068	-1
9282.9014	-1
9287.7959	-1
9292.6904	-1
9297.5859	-1
9302.4814	-1
9307.3770	-1
9312.2725	-1
9317.1680	-1
9322.0635	-1
9326.9600	1
9331.8564	1
9336.7529	1
9341.6494	1
9346.5459	1
9351.4424	1
9356.3398	1
9361.2373	1
9366.1348	-1
9371.0322	-1
9375.9297	-1
9380.8271	-1
9385.7246	-1
9390.6221	-1
9395.5195	-1
9400.4170	-1
9405.3145	-1
9410.2119	-1
9415.1094	-1
9420.0068	-1
9424.9053	1
9429.8037	1
9434.7021	1
9439.6006	1
9444.4990	-1
9449.3975	-1
9454.2959	-1
9459.1943	-1
9464.0928	-1
9468.9912	-1
9473.8906	-1
9478.7900	-1
9483.6895	-1
9488.5889	-1
9493.4883	-1
9498.3877	-1
9503.2871	-1
9508.1865	-1
9513.0859	-1
9517.9854	-1
9522.8848	-1
9527.7842	-1
9532.6836	-1
9537.5830	-1
9542.4824	-1
9547.3818	-1
9552.2812	-1
9557.1807	-1
9562.0801	-1
9566.9795	-1
9571.8789	-1
9576.7783	-1
9581.6777	-1
9586.5771	-1
9591.4766	-1
9596.3760	-1
9601.2754	-1
9606.1748	-1
9611.0742	-1
9615.9736	-1
9620.8740	-1
9625.7744	-1
9630.6748	-1
9635.5752	-1
9640.4756	-1
9645.3760	-1
9650.2764	-1
9655.1768	-1
9660.0771	-1
9664.9775	-1
9669.8779	-1
9674.7783	-1
9679.6787	-1
9684.5791	-1
9689.4795	-1
9694.3799	-1
9699.2803	-1
9704.1807	-1
9709.0811	-1
9713.9814	-1
9718.8818	-1
9723.7822	-1
9728.6826	-1
9733.5830	-1
9738.4854	-1
9743.3887	1
9748.2920	1
9753.1963	1
9758.1006	1
9763.0049	1
9767.9092	1
9772.8135	1
9777.7178	1
9782.6221	1
9787.5264	1
9792.4307	1
9797.3350	1
9802.2393	1
9807.1436	1
9812.0479	1
9816.9521	1
9821.8564	1
9826.7607	1
9831.6650	1
9836.5693	1
9841.4766	-1
9846.3838	-1
9851.2910	-1
9856.1982	-1
9861.1055	-1
9866.0127	-1
9870.9209	-1
9875.8291	-1
9880.7373	-1
9885.6455	-1
9890.5537	-1
9895.4619	-1
9900.3701	1
9905.2793	-1
9910.1885	-1
9915.0977	-1
9920.0068	-1
9924.9160	-1
9929.8252	-1
9934.7344	-1
9939.6436	-1
9944.5527	-1
9949.4619	-1
9954.3711	-1
9959.2803	-1
9964.1904	1
9969.1006	-1
9974.0107	-1
9978.9209	-1
9983.8311	-1
9988.7412	-1
9993.6514	-1
9998.5615	-1
10003.4717	-1
10008.3818	-1
10013.2920	-1
10018.2021	-1
10023.1123	-1
10028.0225	-1
10032.9326	-1
10037.8428	-1
10042.7529	-1
10047.6631	-1
10052.5732	-1
10057.4834	-1
10062.3936	-1
10067.3037	-1
10072.2139	-1
10077.1240	-1
10082.0342	-1
10086.9443	-1
10091.8555	-1
10096.7666	-1
10101.6777	-1
10106.5889	-1
10111.5000	-1
10116.4111	-1
10121.3223	-1
10126.2334	-1
10131.1445	-1
10136.0557	-1
10140.9668	-1
10145.8779	1
10150.7891	1
10155.7002	1
10160.6113	1
10165.5225	1
10170.4336	1
10175.3477	1
10180.2617	1
10185.1758	1
10190.0898	1
10195.0039	1
10199.9180	1
10204.8320	1
10209.7461	1
10214.6602	1
10219.5742	1
10224.4883	1
10229.4023	1
10234.3213	-1
10239.2402	-1
10244.1592	-1
10249.0781	-1
10253.9971	-1
10258.9160	-1
10263.8350	-1
10268.7539	-1
10273.6729	-1
10278.5918	-1
10283.5107	-1
10288.4297	-1
10293.3486	-1
10298.2676	-1
10303.1865	-1
10308.1055	-1
10313.0244	-1
10317.9434	-1
10322.8623	-1
10327.7812	-1
10332.7002	-1
10337.6191	-1
10342.5381	-1
10347.4570	-1
10352.3760	-1
10357.2949	-1
10362.2139	-1
10367.1328	-1
10372.0518	-1
10376.9707	-1
10381.8975	1
10386.8252	1
10391.7529	1
10396.6807	1
10401.6084	1
10406.5361	1
10411.4639	1
10416.3916	1
10421.3193	1
10426.2471	1
10431.1748	-1
10436.1025	-1
10441.0303	-1
10445.9580	-1
10450.8857	-1
10455.8135	-1
10460.7412	-1
10465.6689	-1
10470.5967	-1
10475.5244	-1
10480.4521	-1
10485.3799	-1
10490.3076	-1
10495.2363	-1
10500.1650	-1
10505.0938	-1
10510.0225	-1
10514.9512	-1
10519.8799	-1
10524.8086	-1
10529.7373	-1
10534.6660	-1
10539.5947	-1
10544.5234	-1
10549.4521	-1
10554.3809	-1
10559.3096	-1
10564.2383	-1
10569.1670	-1
10574.0957	-1
10579.0244	-1
10583.9531	-1
10588.8818	-1
10593.8105	-1
10598.7393	-1
10603.6680	-1
10608.5967	-1
10613.5254	-1
10618.4541	-1
10623.3828	-1
10628.3115	-1
10633.2402	-1
10638.1699	-1
10643.0996	-1
10648.0293	-1
10652.9590	-1
10657.8887	-1
10662.8184	-1
10667.7480	-1
10672.6777	-1
10677.6074	-1
10682.5371	-1
10687.4668	-1
10692.3965	-1
10697.3262	-1
10702.2559	-1
10707.1855	-1
10712.1152	-1
10717.0449	-1
10721.9746	-1
10726.9043	-1
10731.8340	-1
10736.7637	-1
10741.6934	-1
10746.6230	-1
10751.5527	-1
10756.4883	1
10761.4238	1
10766.3604	1
10771.2969	1
10776.2334	1
10781.1699	1
10786.1064	1
10791.0430	1
10795.9795	1
10800.9160	1
10805.8525	1
10810.7891	1
10815.7256	1
10820.6621	1
10825.5986	1
10830.5352	1
10835.4717	1
10840.4082	1
10845.3447	1
10850.2812	-1
10855.2178	-1
10860.1543	-1
10865.0908	-1
10870.0273	-1
10874.9639	-1
10879.9014	-1
10884.8389	-1
10889.7764	-1
10894.7139	-1
10899.6514	-1
10904.5889	-1
10909.5264	-1
10914.4639	-1
10919.4014	-1
10924.3389	-1
10929.2764	-1
10934.2139	-1
10939.1514	-1
10944.0889	-1
10949.0264	-1
10953.9639	-1
10958.9014	-1
10963.8389	-1
10968.7764	-1
10973.7139	-1
10978.6514	-1
10983.5889	-1
10988.5264	-1
10993.4639	-1
10998.4014	-1
11003.3389	-1
11008.2764	-1
11013.2139	-1
11018.1514	-1
11023.0889	-1
11028.0273	-1
11032.9658	-1
11037.9043	-1
11042.8428	-1
11047.7812	-1
11052.7197	-1
11057.6582	-1
11062.5967	-1
11067.5352	-1
11072.4736	-1
11077.4121	-1
11082.3506	-1
11087.2900	-1
11092.2295	-1
11097.1689	-1
11102.1084	-1
11107.0479	-1
11111.9873	-1
11116.9268	-1
11121.8662	-1
11126.8066	-1
11131.7471	-1
11136.6875	-1
11141.6279	-1
11146.5684	-1
11151.5088	-1
11156.4492	-1
11161.3896	-1
11166.3301	-1
11171.2705	-1
11176.2109	-1
11181.1514	-1
11186.0918	-1
11191.0322	-1
11195.9727	-1
11200.9131	-1
11205.8535	-1
11210.7939	-1
11215.7344	-1
11220.6748	-1
11225.6152	-1
11230.5557	-1
11235.4961	-1
11240.4365	-1
11245.3770	-1
11250.3174	-1
11255.2578	-1
11260.1982	-1
11265.1387	-1
11270.0791	-1
11275.0195	-1
11279.9600	-1
11284.9004	-1
11289.8408	-1
11294.7852	-1
11299.7295	-1
11304.6738	-1
11309.6182	-1
11314.5625	-1
11319.5068	-1
11324.4512	-1
11329.3955	-1
11334.3398	-1
11339.2842	-1
11344.2285	-1
11349.1729	-1
11354.1201	-1
11359.0674	-1
11364.0146	-1
11368.9619	-1
11373.9092	-1
11378.8564	-1
11383.8037	-1
11388.7510	-1
11393.6982	-1
11398.6455	-1
11403.5928	-1
11408.5400	-1
11413.4873	-1
11418.4346	-1
11423.3818	-1
11428.3291	-1
11433.2764	-1
11438.2236	-1
11443.1709	-1
11448.1182	-1
11453.0654	-1
11458.0127	-1
11462.9600	-1
11467.9072	-1
11472.8545	-1
11477.8018	-1
11482.7490	-1
11487.6963	-1
11492.6436	-1
11497.5908	-1
11502.5381	-1
11507.4854	-1
11512.4326	-1
11517.3799	-1
11522.3271	-1
11527.2744	-1
11532.2227	-1
11537.1709	-1
11542.1191	-1
11547.0674	-1
11552.0156	-1
11556.9639	-1
11561.9121	-1
11566.8604	-1
11571.8086	-1
11576.7568	-1
11581.7051	-1
11586.6533	-1
11591.6016	-1
11596.5498	-1
11601.4980	-1
11606.4463	-1
11611.3945	-1
11616.3428	-1
11621.2910	-1
11626.2393	-1
11631.1875	-1
11636.1357	-1
11641.0840	-1
11646.0322	-1
11650.9805	-1
11655.9287	-1
11660.8770	-1
11665.8252	-1
11670.7734	-1
11675.7217	-1
11680.6699	-1
11685.6182	-1
11690.5664	-1
11695.5146	-1
11700.4629	-1
11705.4111	-1
11710.3652	-1
11715.3193	-1
11720.2734	-1
11725.2275	-1
11730.1816	-1
11735.1357	-1
11740.0908	-1
11745.0459	-1
11750.0010	-1
11754.9561	-1
11759.9111	-1
11764.8662	-1
11769.8213	-1
11774.7764	-1
11779.7314	-1
11784.6865	-1
11789.6416	-1
11794.5967	-1
11799.5518	-1
11804.5068	-1
11809.4619	-1
11814.4170	-1
11819.3721	-1
11824.3271	-1
11829.2832	-1
11834.2393	-1
11839.1953	-1
11844.1514	-1
11849.1074	-1
11854.0635	-1
11859.0195	-1
11863.9756	-1
11868.9316	-1
11873.8877	-1
11878.8438	-1
11883.7998	-1
11888.7559	-1
11893.7119	-1
11898.6680	-1
11903.6240	-1
11908.5801	-1
11913.5361	-1
11918.4922	-1
11923.4482	-1
11928.4043	-1
11933.3604	-1
11938.3164	-1
11943.2725	-1
11948.2285	-1
11953.1846	-1
11958.1406	-1
11963.0967	-1
11968.0527	-1
11973.0088	-1
11977.9648	-1
11982.9209	-1
11987.8770	-1
11992.8330	-1
11997.7891	-1
12002.7451	-1
12007.7021	-1
12012.6592	-1
12017.6162	-1
12022.5732	-1
12027.5303	-1
12032.4873	-1
12037.4443	-1
12042.4014	-1
12047.3584	-1
12052.3154	-1
12057.2725	-1
12062.2295	-1
12067.1865	-1
12072.1436	-1
12077.1006	-1
12082.0576	-1
12087.0146	-1
12091.9717	-1
12096.9297	-1
12101.8877	-1
12106.8457	-1
12111.8037	-1
12116.7617	-1
12121.7197	-1
12126.6787	-1
12131.6377	-1
12136.5967	-1
12141.5557	-1
12146.5146	-1
12151.4736	-1
12156.4326	-1
12161.3916	-1
12166.3506	-1
12171.3096	-1
12176.2686	-1
12181.2275	-1
12186.1865	-1
12191.1455	-1
12196.1045	-1
12201.0635	-1
12206.0225	-1
12210.9814	-1
12215.9414	-1
12220.9014	-1
12225.8613	-1
12230.8213	-1
12235.7812	-1
12240.7412	-1
12245.7012	-1
12250.6611	-1
12255.6211	-1
12260.5811	-1
12265.5410	-1
12270.5010	-1
12275.4609	-1
12280.4209	-1
12285.3809	-1
12290.3408	-1
12295.3008	-1
12300.2607	-1
12305.2207	-1
12310.1807	-1
12315.1406	-1
12320.1006	-1
12325.0605	-1
12330.0215	-1
12334.9824	-1
12339.9434	-1
12344.9043	-1
12350.0322	1
12355.1602	1
12360.2881	1
12365.4160	1
12370.5459	-1
12375.6758	-1
12380.8057	-1
12385.9355	-1
12391.0654	-1
12396.1953	-1
12401.3252	-1
12406.4551	-1
12411.5850	-1
12416.7148	-1
12421.8447	-1
12426.9746	-1
12432.1045	-1
12437.2344	-1
12442.3643	-1
12447.4941	-1
12452.6240	-1
12457.7539	-1
12462.8838	-1
12468.0137	-1
12473.1436	-1
12478.2734	-1
12483.4033	-1
12488.5332	-1
12493.6797	1
12498.8281	-1
12503.9766	1
12509.1250	1
12514.2754	-1
12519.4258	-1
12524.5762	-1
12529.7266	-1
12534.8770	-1
12540.0273	-1
12545.1777	-1
12550.3281	-1
12555.4785	-1
12560.6289	-1
12565.7793	-1
12570.9297	-1
12576.0801	1
12581.2305	1
12586.3809	1
12591.5312	1
12596.6836	-1
12601.8359	-1
12606.9883	-1
12612.1406	-1
12617.2930	-1
12622.4453	-1
12627.5977	-1
12632.7500	-1
12637.9023	-1
12643.0547	-1
12648.2070	-1
12653.3594	-1
12658.5117	-1
12663.6641	-1
12668.8164	-1
12673.9688	-1
12679.1211	-1
12684.2734	-1
12689.4258	-1
12694.5781	-1
12699.7305	-1
12704.8828	-1
12710.0352	-1
12715.1875	-1
12720.3408	1
12725.4941	1
12730.6475	1
12735.8008	1
12740.9541	1
12746.1074	1
12751.2607	1
12756.4141	1
12761.5703	-1
12766.7266	-1
12771.8828	-1
12777.0391	-1
12782.1953	-1
12787.3516	-1
12792.5078	-1
12797.6641	-1
12802.8203	-1
12807.9766	-1
12813.1328	-1
12818.2891	-1
12823.4453	-1
12828.6016	-1
12833.7578	-1
12838.9141	-1
12844.0703	-1
12849.2266	-1
12854.3828	-1
12859.5391	-1
12864.6953	-1
12869.8516	-1
12875.0078	-1
12880.1641	-1
12885.3213	-1
12890.4785	-1
12895.6357	-1
12900.7930	-1
12905.9502	-1
12911.1074	-1
12916.2656	1
12921.4238	1
12926.5820	1
12931.7402	1
12936.8984	1
12942.0566	1
12947.2148	-1
12952.3730	-1
12957.5312	-1
12962.6895	-1
12967.8477	-1
12973.0059	-1
12978.1641	-1
12983.3223	-1
12988.4805	-1
12993.6387	-1
12998.7969	-1
13003.9551	-1
13009.1143	-1
13014.2734	-1
13019.4326	-1
13024.5918	-1
13029.7510	-1
13034.9102	-1
13040.0693	1
13045.2285	1
13050.3877	1
13055.5479	1
13060.7080	1
13065.8682	1
13071.0283	1
13076.1885	1
13081.3486	1
13086.5088	1
13091.6699	-1
13096.8311	-1
13101.9922	-1
13107.1533	-1
13112.3145	-1
13117.4756	-1
13122.6387	-1
13127.8018	-1
13132.9648	-1
13138.1279	-1
13143.2910	-1
13148.4541	-1
13153.6172	1
13158.7803	1
13163.9434	1
13169.1064	1
13174.2705	-1
13179.4346	-1
13184.5986	-1
13189.7627	-1
13194.9268	-1
13200.0908	-1
13205.2549	-1
13210.4189	-1
13215.5830	-1
13220.7471	-1
13225.9111	-1
13231.0752	-1
13236.2402	-1
13241.4053	-1
13246.5703	-1
13251.7354	-1
13256.9004	-1
13262.0654	-1
13267.2344	1
13272.4033	1
13277.5723	1
13282.7412	1
13287.9102	1
13293.0791	1
13298.2510	-1
13303.4229	-1
13308.5947	-1
13313.7666	-1
13318.9385	-1
13324.1104	-1
13329.2822	-1
13334.4541	-1
13339.6260	-1
13344.7979	-1
13349.9697	-1
13355.1416	-1
13360.3154	-1
13365.4893	-1
13370.6631	-1
13375.8369	-1
13381.0107	-1
13386.1846	-1
13391.3584	-1
13396.5322	-1
13401.7061	-1
13406.8799	-1
13412.0537	-1
13417.2275	-1
13422.4023	-1
13427.5771	-1
13432.7520	-1
13437.9268	-1
13443.1016	-1
13448.2764	-1
13453.4512	-1
13458.6260	-1
13463.8008	-1
13468.9756	-1
13474.1504	-1
13479.3252	-1
13484.5000	-1
13489.6748	-1
13494.8496	-1
13500.0244	-1
13505.1992	-1
13510.3740	-1
13515.5488	-1
13520.7236	-1
13525.8984	-1
13531.0732	-1
13536.2480	-1
13541.4229	-1
13546.5977	1
13551.7725	1
13556.9473	-1
13562.1221	-1
13567.2969	-1
13572.4717	-1
13577.6465	-1
13582.8213	-1
13587.9961	-1
13593.1709	-1
13598.3457	-1
13603.5205	-1
13608.6953	-1
13613.8701	-1
13619.0459	-1
13624.2217	-1
13629.3975	-1
13634.5732	-1
13639.7490	-1
13644.9248	-1
13650.1006	-1
13655.2764	-1
13660.4521	-1
13665.6279	-1
13670.8037	-1
13675.9795	-1
13681.1562	-1
13686.3330	-1
13691.5098	-1
13696.6865	-1
13701.8633	-1
13707.0400	-1
13712.2168	-1
13717.3936	-1
13722.5703	-1
13727.7471	-1
13732.9238	-1
13738.1006	-1
13743.2773	-1
13748.4541	-1
13753.6309	-1
13758.8076	-1
13763.9844	-1
13769.1611	-1
13774.3408	-1
13779.5205	-1
13784.7002	-1
13789.8799	-1
13795.0596	-1
13800.2393	-1
13805.4189	-1
13810.5986	-1
13815.7783	-1
13820.9580	-1
13826.1377	-1
13831.3174	-1
13836.4980	-1
13841.6787	-1
13846.8594	-1
13852.0400	-1
13857.2207	-1
13862.4014	-1
13867.5820	-1
13872.7627	-1
13877.9434	-1
13883.1240	-1
13888.3047	-1
13893.4854	-1
13898.6660	-1
13903.8467	-1
13909.0273	-1
13914.2080	-1
13919.3887	-1
13924.5693	-1
13929.7500	-1
13934.9307	-1
13940.1113	-1
13945.2920	-1
13950.4727	-1
13955.6533	-1
13960.8340	-1
13966.0146	-1
13971.1953	-1
13976.3760	-1
13981.5566	-1
13986.7373	-1
13991.9180	-1
13997.0986	-1
14002.2793	-1
14007.4600	-1
14012.6406	1
14017.8213	-1
14023.0020	-1
14028.1826	1
14033.3633	1
14038.5439	1
14043.7246	1
14048.9062	1
14054.0879	1
14059.2695	1
14064.4512	1
14069.6328	1
14074.8145	1
14079.9961	1
14085.1777	1
14090.3594	1
14095.5410	1
14100.7227	1
14105.9043	1
14111.0859	1
14116.2676	1
14121.4492	1
14126.6357	-1
14131.8223	-1
14137.0088	-1
14142.1953	-1
14147.3818	-1
14152.5684	-1
14157.7559	-1
14162.9434	-1
14168.1309	-1
14173.3184	-1
14178.5059	-1
14183.6934	-1
14188.8818	-1
14194.0703	-1
14199.2588	-1
14204.4473	-1
14209.6357	-1
14214.8242	-1
14220.0127	-1
14225.2012	-1
14230.3896	-1
14235.5781	-1
14240.7666	-1
14245.9551	-1
14251.1436	-1
14256.3320	-1
14261.5205	-1
14266.7090	-1
14271.8975	-1
14277.0859	-1
14282.2744	-1
14287.4629	-1
14292.6514	-1
14297.8398	-1
14303.0283	-1
14308.2168	-1
14313.4053	-1
14318.5938	-1
14323.7822	-1
14328.9707	-1
14334.1592	-1
14339.3477	-1
14344.5381	-1
14349.7285	-1
14354.9189	-1
14360.1094	-1
14365.2998	-1
14370.4902	-1
14375.6807	-1
14380.8711	-1
14386.0615	-1
14391.2520	-1
14396.4424	-1
14401.6328	-1
14406.8232	-1
14412.0137	-1
14417.2041	-1
14422.3945	-1
14427.5850	-1
14432.7754	-1
14437.9658	-1
14443.1562	-1
14448.3467	-1
14453.5371	-1
14458.7275	-1
14463.9180	-1
14469.1084	-1
14474.2988	-1
14479.4893	-1
14484.6797	-1
14489.8701	-1
14495.0605	-1
14500.2520	-1
14505.4434	-1
14510.6348	-1
14515.8262	-1
14521.0176	-1
14526.2090	-1
14531.4004	-1
14536.5918	-1
14541.7832	-1
14546.9746	-1
14552.1660	-1
14557.3574	-1
14562.5488	-1
14567.7402	-1
14572.9316	-1
14578.1230	-1
14583.3145	-1
14588.5059	-1
14593.6973	-1
14598.8887	-1
14604.0801	-1
14609.2715	-1
14614.4629	-1
14619.6543	-1
14624.8457	-1
14630.0371	-1
14635.2285	-1
14640.4199	-1
14645.6113	-1
14650.8027	-1
14655.9941	-1
14661.1855	-1
14666.3770	-1
14671.5684	-1
14676.7598	-1
14681.9512	-1
14687.1426	-1
14692.3340	-1
14697.5254	-1
14702.7168	-1
14707.9082	-1
14713.0996	-1
14718.2930	-1
14723.4863	-1
14728.6797	-1
14733.8867	1
14739.0947	-1
14744.3037	1
14749.5127	1
14754.7227	-1
14759.9326	-1
14765.1426	-1
14770.3525	-1
14775.5625	-1
14780.7725	-1
14785.9824	-1
14791.1924	-1
14796.4023	-1
14801.6123	-1
14806.8223	-1
14812.0322	-1
14817.2432	1
14822.4541	1
14827.6650	1
14832.8760	1
14838.0879	-1
14843.2998	-1
14848.5117	-1
14853.7236	-1
14858.9355	-1
14864.1475	-1
14869.3604	-1
14874.5732	-1
14879.7861	-1
14884.9990	-1
14890.2119	-1
14895.4248	-1
14900.6377	-1
14905.8506	-1
14911.0635	-1
14916.2764	-1
14921.4893	-1
14926.7021	-1
14931.9150	-1
14937.1279	-1
14942.3408	-1
14947.5537	-1
14952.7666	-1
14957.9795	-1
14963.1934	1
14968.4072	1
14973.6211	1
14978.8350	1
14984.0488	1
14989.2627	1
14994.4766	1
14999.6904	1
15004.9072	-1
15010.1240	-1
15015.3408	-1
15020.5576	-1
15025.7744	-1
15030.9912	-1
15036.2080	-1
15041.4248	-1
15046.6416	-1
15051.8584	-1
15057.0752	-1
15062.2920	-1
15067.5088	-1
15072.7256	-1
15077.9424	-1
15083.1592	-1
15088.3760	-1
15093.5928	-1
15098.8105	-1
15104.0283	-1
15109.2461	-1
15114.4639	-1
15119.6816	-1
15124.8994	-1
15130.1172	-1
15135.3350	-1
15140.5527	-1
15145.7705	-1
15150.9883	-1
15156.2061	-1
15161.4238	-1
15166.6416	-1
15171.8594	-1
15177.0771	-1
15182.2949	-1
15187.5127	-1
15192.7305	-1
15197.9482	-1
15203.1660	-1
15208.3838	-1
15213.6016	-1
15218.8193	-1
15224.0371	-1
15229.2549	-1
15234.4727	-1
15239.6904	-1
15244.9082	-1
15250.1260	-1
15255.3438	1
15260.5615	1
15265.7793	1
15270.9980	1
15276.2168	1
15281.4355	1
15286.6543	1
15291.8730	1
15297.0918	1
15302.3105	1
15307.5293	1
15312.7480	1
15317.9668	1
15323.1855	1
15328.4062	-1
15333.6270	-1
15338.8477	-1
15344.0684	-1
15349.2891	-1
15354.5098	-1
15359.7305	1
15364.9512	1
15370.1729	1
15375.3945	1
15380.6172	-1
15385.8398	-1
15391.0625	-1
15396.2852	-1
15401.5078	-1
15406.7305	-1
15411.9541	-1
15417.1777	-1
15422.4014	-1
15427.6250	-1
15432.8486	-1
15438.0723	-1
15443.2959	-1
15448.5195	-1
15453.7432	-1
15458.9668	-1
15464.1904	-1
15469.4141	-1
15474.6377	1
15479.8613	1
15485.0859	1
15490.3105	1
15495.5352	1
15500.7598	1
15505.9873	-1
15511.2148	-1
15516.4424	-1
15521.6699	-1
15526.8975	-1
15532.1250	-1
15537.3525	-1
15542.5801	-1
15547.8076	-1
15553.0352	-1
15558.2627	-1
15563.4902	-1
15568.7178	-1
15573.9453	-1
15579.1729	-1
15584.4004	-1
15589.6279	-1
15594.8555	-1
15600.0830	-1
15605.3105	-1
15610.5381	-1
15615.7656	-1
15620.9932	-1
15626.2207	-1
15631.4482	-1
15636.6758	-1
15641.9033	-1
15647.1309	-1
15652.3584	-1
15657.5859	-1
15662.8135	-1
15668.0410	-1
15673.2686	-1
15678.4961	-1
15683.7236	-1
15688.9512	-1
15694.1787	-1
15699.4062	-1
15704.6338	-1
15709.8613	-1
15715.0889	-1
15720.3164	-1
15725.5439	-1
15730.7715	-1
15735.9990	-1
15741.2266	-1
15746.4541	-1
15751.6826	-1
15756.9111	-1
15762.1396	-1
15767.3682	-1
15772.5967	-1
15777.8252	-1
15783.0537	-1
15788.2822	-1
15793.5107	-1
15798.7393	-1
15803.9678	-1
15809.1963	-1
15814.4248	-1
15819.6533	-1
15824.8818	-1
15830.1104	-1
15835.3389	-1
15840.5674	-1
15845.7959	-1
15851.0244	-1
15856.2529	-1
15861.4814	-1
15866.7100	-1
15871.9385	-1
15877.1670	-1
15882.3975	-1
15887.6279	-1
15892.8584	-1
15898.0889	-1
15903.3193	-1
15908.5498	-1
15913.7803	-1
15919.0107	-1
15924.2412	-1
15929.4717	-1
15934.7021	-1
15939.9326	-1
15945.1631	-1
15950.3936	-1
15955.6240	-1
15960.8545	-1
15966.0850	-1
15971.3154	-1
15976.5469	-1
15981.7783	-1
15987.0098	-1
15992.2412	-1
15997.4727	-1
16002.7041	-1
16007.9355	1
16013.1670	1
16018.3984	1
16023.6299	-1
16028.8613	-1
16034.0928	-1
16039.3242	-1
16044.5557	-1
16049.7871	-1
16055.0186	1
16060.2500	1
16065.4814	1
16070.7129	1
16075.9443	1
16081.1758	-1
16086.4072	-1
16091.6387	-1
16096.8701	-1
16102.1016	-1
16107.3330	-1
16112.5645	1
16117.7959	1
16123.0273	1
16128.2588	1
16133.4902	-1
16138.7217	-1
16143.9531	-1
16149.1846	-1
16154.4160	-1
16159.6475	-1
16164.8789	1
16170.1104	1
16175.3418	1
16180.5732	-1
16185.8047	-1
16191.0361	-1
16196.2676	-1
16201.4990	1
16206.7305	-1
16211.9619	-1
16217.1934	1
16222.4248	1
16227.6621	-1
16232.8994	-1
16238.1367	-1
16243.3740	-1
16248.6113	-1
16253.8486	-1
16259.0859	-1
16264.3232	-1
16269.5605	-1
16274.7979	-1
16280.0352	-1
16285.2725	-1
16290.5098	-1
16295.7471	-1
16300.9844	-1
16306.2217	-1
16311.4590	-1
16316.6963	-1
16321.9346	-1
16327.1729	-1
16332.4111	-1
16337.6494	-1
16342.8877	-1
16348.1260	-1
16353.3643	-1
16358.6025	-1
16363.8408	-1
16369.0791	-1
16374.3174	-1
16379.5557	-1
16384.7930	-1
16390.0312	-1
16395.2695	-1
16400.5078	-1
16405.7461	-1
16410.9844	-1
16416.2227	-1
16421.4609	-1
16426.6992	-1
16431.9375	-1
16437.1758	-1
16442.4141	-1
16447.6523	-1
16452.8906	-1
16458.1289	-1
16463.3672	-1
16468.6055	-1
16473.8438	-1
16479.0820	-1
16484.3203	-1
16489.5586	-1
16494.7969	-1
16500.0352	-1
16505.2734	-1
16510.5117	-1
16515.7500	-1
16520.9883	-1
16526.2266	-1
16531.4648	-1
16536.7031	-1
16541.9414	-1
16547.1797	-1
16552.4180	-1
16557.6562	-1
16562.8945	-1
16568.1328	-1
16573.3711	-1
16578.6094	-1
16583.8477	-1
16589.0859	-1
16594.3242	-1
16599.5625	-1
16604.8008	-1
16610.0391	-1
16615.2773	-1
16620.5156	-1
16625.7539	-1
16630.9922	-1
16636.2324	-1
16641.4727	-1
16646.7129	-1
16651.9531	-1
16657.1934	-1
16662.4336	-1
16667.6738	-1
16672.9141	-1
16678.1543	-1
16683.3945	-1
16688.6348	-1
16693.8750	-1
16699.1152	-1
16704.3555	-1
16709.5957	-1
16714.8359	-1
16720.0762	-1
16725.3164	-1
16730.7480	1
16736.1797	1
16741.6133	-1
16747.0469	-1
16752.4805	-1
16757.9141	-1
16763.3477	-1
16768.7812	-1
16774.2148	-1
16779.6484	-1
16785.0820	-1
16790.5293	1
16795.9766	-1
16801.4258	1
16806.8750	1
16812.3242	-1
16817.7734	-1
16823.2227	-1
16828.6719	-1
16834.1211	-1
16839.5703	-1
16845.0195	-1
16850.4688	-1
16855.9180	-1
16861.3672	-1
16866.8164	-1
16872.2656	-1
16877.7148	1
16883.1660	1
16888.6172	1
16894.0684	1
16899.5195	-1
16904.9707	-1
16910.4219	-1
16915.8730	-1
16921.3242	-1
16926.7754	-1
16932.2266	-1
16937.6777	-1
16943.1289	-1
16948.5801	-1
16954.0312	-1
16959.4824	-1
16964.9336	-1
16970.3848	-1
16975.8359	-1
16981.2871	-1
16986.7383	-1
16992.1895	-1
16997.6406	1
17003.0918	1
17008.5430	-1
17013.9941	-1
17019.4453	-1
17024.8965	-1
17030.3477	-1
17035.7988	-1
17041.2500	1
17046.7012	1
17052.1543	1
17057.6074	1
17063.0605	1
17068.5137	1
17073.9668	-1
17079.4199	-1
17084.8730	-1
17090.3262	-1
17095.7793	-1
17101.2324	-1
17106.6855	1
17112.1387	1
17117.5938	-1
17123.0488	-1
17128.5039	-1
17133.9590	-1
17139.4141	-1
17144.8691	-1
17150.3242	-1
17155.7793	-1
17161.2344	-1
17166.6895	-1
17172.1445	-1
17177.5996	-1
17183.0547	-1
17188.5098	-1
17193.9648	-1
17199.4199	-1
17204.8750	-1
17210.3301	-1
17215.7852	1
17221.2402	1
17226.6953	1
17232.1504	1
17237.6055	1
17243.0605	-1
17248.5156	-1
17253.9707	-1
17259.4258	-1
17264.8809	-1
17270.3359	1
17275.7910	-1
17281.2461	-1
17286.7012	-1
17292.1562	-1
17297.6113	-1
17303.0664	-1
17308.5215	-1
17313.9766	-1
17319.4316	-1
17324.8867	-1
17330.3418	-1
17335.7969	-1
17341.2520	-1
17346.7090	1
17352.1660	1
17357.6230	-1
17363.0801	-1
17368.5371	-1
17373.9941	-1
17379.4512	-1
17384.9082	-1
17390.3652	-1
17395.8223	-1
17401.2793	-1
17406.7363	-1
17412.1934	-1
17417.6504	-1
17423.1074	-1
17428.5645	-1
17434.0215	-1
17439.4785	-1
17444.9355	-1
17450.3926	-1
17455.8496	1
17461.3066	1
17466.7637	1
17472.2207	1
17477.6777	1
17483.1348	1
17488.5938	1
17494.0527	1
17499.5117	1
17504.9707	1
17510.4297	-1
17515.8887	-1
17521.3477	-1
17526.8066	-1
17532.2656	-1
17537.7246	-1
17543.1836	-1
17548.6426	-1
17554.1016	-1
17559.5605	-1
17565.0195	-1
17570.4785	-1
17575.9375	-1
17581.3965	-1
17586.8555	-1
17592.3145	-1
17597.7734	-1
17603.2324	-1
17608.6914	-1
17614.1504	-1
17619.6094	-1
17625.0684	-1
17630.5273	-1
17635.9863	-1
17641.4453	-1
17646.9043	-1
17652.3633	-1
17657.8223	-1
17663.2812	-1
17668.7402	-1
17674.2012	-1
17679.6621	-1
17685.1230	-1
17690.5840	-1
17696.0449	-1
17701.5059	-1
17706.9668	-1
17712.4277	-1
17717.8887	-1
17723.3496	-1
17728.8105	-1
17734.2715	-1
17739.7324	-1
17745.1934	-1
17750.6543	-1
17756.1152	-1
17761.5762	-1
17767.0371	-1
17772.4980	-1
17777.9590	-1
17783.4199	-1
17788.8809	-1
17794.3418	-1
17799.8027	-1
17805.2637	-1
17810.7246	-1
17816.1855	-1
17821.6465	-1
17827.1074	-1
17832.5684	-1
17838.0293	-1
17843.4902	-1
17848.9512	-1
17854.4121	-1
17859.8730	-1
17865.3340	-1
17870.7949	1
17876.2559	1
17881.7168	1
17887.1797	1
17892.6426	1
17898.1055	1
17903.5684	1
17909.0312	1
17914.4941	1
17919.9570	1
17925.4199	1
17930.8828	1
17936.3457	1
17941.8086	1
17947.2715	1
17952.7344	1
17958.1973	-1
17963.6602	-1
17969.1230	-1
17974.5859	-1
17980.0488	-1
17985.5117	-1
17990.9746	-1
17996.4375	-1
18001.9004	-1
18007.3633	-1
18012.8262	-1
18018.2891	-1
18023.7520	-1
18029.2148	-1
18034.6777	-1
18040.1406	-1
18045.6035	-1
18051.0664	-1
18056.5293	-1
18061.9922	-1
18067.4551	-1
18072.9180	-1
18078.3809	-1
18083.8438	-1
18089.3066	-1
18094.7695	-1
18100.2324	-1
18105.6953	-1
18111.1582	-1
18116.6211	-1
18122.0859	-1
18127.5508	-1
18133.0156	-1
18138.4805	-1
18143.9453	-1
18149.4102	-1
18154.8750	-1
18160.3398	-1
18165.8047	-1
18171.2695	-1
18176.7344	-1
18182.1992	-1
18187.6660	-1
18193.1328	-1
18198.5996	-1
18204.0664	-1
18209.5332	-1
18215.0000	-1
18220.4668	1
18225.9336	1
18231.4004	1
18236.8672	1
18242.3340	1
18247.8008	1
18253.2676	1
18258.7344	-1
18264.2012	-1
18269.6680	-1
18275.1348	-1
18280.6016	-1
18286.0684	-1
18291.5352	-1
18297.0020	-1
18302.4688	-1
18307.9355	-1
18313.4023	-1
18318.8691	-1
18324.3359	-1
18329.8027	-1
18335.2695	-1
18340.7363	-1
18346.2031	-1
18351.6699	-1
18357.1367	-1
18362.6035	-1
18368.0703	-1
18373.5371	-1
18379.0039	-1
18384.4707	-1
18389.9375	1
18395.4062	1
18400.8750	1
18406.3438	1
18411.8125	1
18417.2812	1
18422.7500	1
18428.2188	1
18433.6875	1
18439.1562	1
18444.6250	1
18450.0938	1
18455.5625	1
18461.0312	1
18466.5000	-1
18471.9688	-1
18477.4375	-1
18482.9062	-1
18488.3750	-1
18493.8438	-1
18499.3125	-1
18504.7812	-1
18510.2500	-1
18515.7188	-1
18521.1875	-1
18526.6562	-1
18532.1270	-1
18537.5977	-1
18543.0684	-1
18548.5391	-1
18554.0098	-1
18559.4805	-1
18564.9512	-1
18570.4219	-1
18575.8926	-1
18581.3633	-1
18586.8340	-1
18592.3047	-1
18597.7754	-1
18603.2461	-1
18608.7168	-1
18614.1875	-1
18619.6582	-1
18625.1289	-1
18630.5996	-1
18636.0703	-1
18641.5410	-1
18647.0117	-1
18652.4824	-1
18657.9531	-1
18663.4258	-1
18668.8984	-1
18674.3711	-1
18679.8438	-1
18685.3164	-1
18690.7891	-1
18696.2617	-1
18701.7344	-1
18707.2070	-1
18712.6797	-1
18718.1523	-1
18723.6250	-1
18729.0977	-1
18734.5703	-1
18740.0430	-1
18745.5156	-1
18750.9883	-1
18756.4609	-1
18761.9336	-1
18767.4062	-1
18772.8789	-1
18778.3516	-1
18783.8242	-1
18789.2969	-1
18794.7695	-1
18800.2422	-1
18805.7148	-1
18811.1875	-1
18816.6602	-1
18822.1328	-1
18827.6055	-1
18833.0781	-1
18838.5508	-1
18844.0234	-1
18849.4961	-1
18854.9688	-1
18860.4414	-1
18865.9141	-1
18871.3867	-1
18876.8594	-1
18882.3320	-1
18887.8047	-1
18893.2773	-1
18898.7500	-1
18904.2227	-1
18909.6953	-1
18915.1680	-1
18920.6406	-1
18926.1152	-1
18931.5898	-1
18937.0645	-1
18942.5391	-1
18948.0137	-1
18953.4883	-1
18958.9629	-1
18964.4375	-1
18969.9121	-1
18975.3867	-1
18980.8613	-1
18986.3359	-1
18991.8105	-1
18997.2852	-1
19002.7598	-1
19008.2344	-1
19013.7090	-1
19019.1836	-1
19024.6602	-1
19030.1367	-1
19035.6133	-1
19041.0898	-1
19046.5664	-1
19052.0430	-1
19057.5195	-1
19062.9961	-1
19068.4727	-1
19073.9492	-1
19079.4258	-1
19084.9023	-1
19090.3789	-1
19095.8555	-1
19101.3320	-1
19106.8086	-1
19112.2852	-1
19117.7617	-1
19123.2383	-1
19128.7148	-1
19134.1914	-1
19139.6680	-1
19145.1445	-1
19150.6211	-1
19156.0977	-1
19161.5742	-1
19167.0508	-1
19172.5273	-1
19178.0039	-1
19183.4805	-1
19188.9570	-1
19194.4336	-1
19199.9102	-1
19205.3867	-1
19210.8633	-1
19216.3398	-1
19221.8184	-1
19227.2969	-1
19232.7754	-1
19238.2539	-1
19243.7324	-1
19249.2109	-1
19254.6895	-1
19260.1680	-1
19265.6465	-1
19271.1250	-1
19276.6035	-1
19282.0820	-1
19287.5605	-1
19293.0391	-1
19298.5176	-1
19303.9961	-1
19309.4746	-1
19314.9531	-1
19320.4316	-1
19325.9102	-1
19331.3887	-1
19336.8672	-1
19342.3457	-1
19347.8242	-1
19353.3027	-1
19358.7812	-1
19364.2598	-1
19369.7383	-1
19375.2168	-1
19380.6953	-1
19386.1738	-1
19391.6523	-1
19397.1309	-1
19402.6094	-1
19408.0879	-1
19413.5664	-1
19419.0449	-1
19424.5234	-1
19430.0020	-1
19435.4805	-1
19440.9590	-1
19446.4375	-1
19451.9160	-1
19457.3945	-1
19462.8730	-1
19468.3516	-1
19473.8301	-1
19479.3086	-1
19484.7871	-1
19490.2793	1
19495.7734	-1
19501.2676	1
19506.7617	1
19512.2559	-1
19517.7500	-1
19523.2441	-1
19528.7383	-1
19534.2324	-1
19539.7266	-1
19545.2207	-1
19550.7148	-1
19556.2090	-1
19561.7031	-1
19567.1973	-1
19572.6914	-1
19578.1875	1
19583.6836	1
19589.1797	1
19594.6758	1
19600.1738	-1
19605.6719	-1
19611.1699	-1
19616.6680	-1
19622.1660	-1
19627.6641	-1
19633.1621	-1
19638.6602	-1
19644.1582	-1
19649.6562	-1
19655.1543	-1
19660.6523	-1
19666.1504	-1
19671.6484	-1
19677.1465	-1
19682.6445	-1
19688.1426	-1
19693.6406	-1
19699.1387	-1
19704.6367	-1
19710.1348	-1
19715.6328	-1
19721.1309	-1
19726.6406	1
19732.1523	-1
19737.6641	1
19743.1758	1
19748.6895	-1
19754.2031	-1
19759.7168	-1
19765.2305	-1
19770.7441	-1
19776.2578	-1
19781.7715	-1
19787.2852	-1
19792.7988	-1
19798.3125	-1
19803.8262	-1
19809.3398	-1
19814.8535	1
19820.3672	1
19825.8809	1
19831.3945	1
19836.9102	-1
19842.4258	-1
19847.9414	-1
19853.4570	-1
19858.9727	-1
19864.4883	-1
19870.0039	-1
19875.5195	-1
19881.0352	-1
19886.5508	-1
19892.0664	-1
19897.5820	-1
19903.0977	-1
19908.6133	-1
19914.1289	-1
19919.6445	-1
19925.1602	-1
19930.6758	-1
19936.1914	1
19941.7070	-1
19947.2227	-1
19952.7402	-1
19958.2578	-1
19963.7754	-1
19969.2930	-1
19974.8105	1
19980.3281	1
19985.8457	1
19991.3633	1
19996.8809	1
20002.3984	1
20007.9160	1
20013.4336	-1
20018.9512	-1
20024.4688	-1
20029.9863	-1
20035.5039	-1
20041.0215	-1
20046.5410	-1
20052.0605	-1
20057.5801	-1
20063.0996	-1
20068.6191	-1
20074.1387	-1
20079.6582	-1
20085.1777	-1
20090.6973	-1
20096.2168	-1
20101.7363	-1
20107.2559	-1
20112.7754	-1
20118.2949	-1
20123.8145	-1
20129.3340	-1
20134.8535	-1
20140.3730	-1
20145.8926	-1
20151.4121	-1
20156.9316	-1
20162.4512	-1
20167.9707	-1
20173.4902	-1
20179.0098	-1
20184.5312	-1
20190.0527	-1
20195.5742	-1
20201.0957	-1
20206.6172	-1
20212.1387	-1
20217.6602	-1
20223.1816	-1
20228.7031	-1
20234.2246	-1
20239.7461	-1
20245.2676	-1
20250.7891	-1
20256.3105	-1
20261.8438	1
20267.3789	-1
20272.9141	1
20278.4492	1
20283.9863	-1
20289.5234	-1
20295.0605	-1
20300.5977	-1
20306.1348	-1
20311.6719	-1
20317.2090	-1
20322.7461	-1
20328.2832	-1
20333.8203	-1
20339.3574	-1
20344.8945	-1
20350.4316	1
20355.9688	1
20361.5059	1
20367.0430	1
20372.5820	-1
20378.1211	-1
20383.6602	-1
20389.1992	-1
20394.7383	-1
20400.2773	-1
20405.8164	-1
20411.3555	-1
20416.8945	-1
20422.4336	-1
20427.9727	-1
20433.5117	-1
20439.0508	-1
20444.5898	-1
20450.1289	-1
20455.6680	-1
20461.2070	-1
20466.7461	-1
20472.2852	-1
20477.8242	-1
20483.3633	-1
20488.9023	-1
20494.4414	-1
20499.9805	-1
20505.5195	1
20511.0586	1
20516.5996	1
20522.1406	1
20527.6816	1
20533.2227	1
20538.7637	1
20544.3047	1
20549.8477	-1
20555.3906	-1
20560.9336	-1
20566.4766	-1
20572.0195	-1
20577.5625	-1
20583.1055	-1
20588.6484	-1
20594.1914	-1
20599.7344	-1
20605.2773	-1
20610.8203	-1
20616.3633	-1
20621.9062	-1
20627.4492	-1
20632.9922	-1
20638.5352	-1
20644.0781	-1
20649.6211	1
20655.1641	1
20660.7070	-1
20666.2500	-1
20671.7930	-1
20677.3359	-1
20682.8789	-1
20688.4219	-1
20693.9648	1
20699.5078	1
20705.0527	-1
20710.5977	-1
20716.1426	-1
20721.6875	-1
20727.2324	-1
20732.7773	-1
20738.3223	1
20743.8672	-1
20749.4121	-1
20754.9570	-1
20760.5020	-1
20766.0469	-1
20771.5918	-1
20777.1367	1
20782.6816	1
20788.2266	1
20793.7715	1
20799.3164	1
20804.8613	-1
20810.4062	-1
20815.9512	-1
20821.4961	-1
20827.0410	-1
20832.5859	-1
20838.1309	-1
20843.6758	-1
20849.2207	-1
20854.7656	-1
20860.3105	-1
20865.8555	-1
20871.4004	1
20876.9453	1
20882.4902	1
20888.0352	1
20893.5801	1
20899.1250	1
20904.6738	-1
20910.2227	-1
20915.7715	-1
20921.3203	-1
20926.8691	-1
20932.4180	-1
20937.9668	-1
20943.5156	-1
20949.0645	-1
20954.6133	-1
20960.1621	-1
20965.7109	-1
20971.2598	1
20976.8086	1
20982.3574	1
20987.9062	1
20993.4570	-1
20999.0078	-1
21004.5586	-1
21010.1094	-1
21015.6602	-1
21021.2109	-1
21026.7617	1
21032.3125	1
21037.8652	-1
21043.4180	-1
21048.9707	-1
21054.5234	-1
21060.0762	-1
21065.6289	-1
21071.1816	-1
21076.7344	-1
21082.2871	-1
21087.8398	-1
21093.3926	-1
21098.9453	-1
21104.4980	-1
21110.0508	-1
21115.6035	-1
21121.1562	-1
21126.7090	-1
21132.2617	-1
21137.8145	-1
21143.3672	-1
21148.9199	-1
21154.4727	-1
21160.0254	-1
21165.5781	-1
21171.1328	-1
21176.6875	-1
21182.2422	-1
21187.7969	-1
21193.3516	-1
21198.9062	-1
21204.4609	-1
21210.0156	-1
21215.5703	-1
21221.1250	-1
21226.6797	-1
21232.2344	-1
21237.7891	-1
21243.3438	-1
21248.8984	-1
21254.4531	-1
21260.0078	-1
21265.5625	-1
21271.1172	-1
21276.6719	-1
21282.2266	-1
21287.7812	-1
21293.3359	-1
21298.8906	-1
21304.4453	-1
21310.0000	-1
21315.5547	-1
21321.1094	-1
21326.6641	-1
21332.2188	-1
21337.7734	-1
21343.3281	-1
21348.8828	-1
21354.4375	-1
21359.9922	-1
21365.5469	-1
21371.1016	-1
21376.6562	-1
21382.2109	-1
21387.7656	-1
21393.3203	-1
21398.8750	-1
21404.4297	-1
21409.9844	-1
21415.5391	-1
21421.0938	-1
21426.6484	-1
21432.2031	-1
21437.7598	1
21443.3164	1
21448.8730	1
21454.4297	1
21459.9863	1
21465.5430	1
21471.0996	1
21476.6562	1
21482.2129	1
21487.7695	1
21493.3262	1
21498.8828	1
21504.4395	1
21509.9961	-1
21515.5527	-1
21521.1094	-1
21526.6660	-1
21532.2227	-1
21537.7793	-1
21543.3359	1
21548.8926	1
21554.4492	1
21560.0059	-1
21565.5625	-1
21571.1191	-1
21576.6758	-1
21582.2324	-1
21587.7891	-1
21593.3457	1
21598.9023	1
21604.4590	1
21610.0156	1
21615.5723	1
21621.1289	-1
21626.6855	-1
21632.2422	-1
21637.7988	-1
21643.3555	-1
21648.9121	-1
21654.4688	1
21660.0254	1
21665.5820	1
21671.1387	-1
21676.6953	-1
21682.2520	-1
21687.8086	-1
21693.3652	-1
21698.9219	-1
21704.4805	1
21710.0391	1
21715.5977	1
21721.1562	1
21726.7148	1
21732.2734	1
21737.8320	1
21743.3906	1
21748.9492	-1
21754.5078	-1
21760.0664	-1
21765.6250	-1
21771.1836	-1
21776.7422	-1
21782.3008	-1
21787.8594	-1
21793.4180	-1
21798.9766	-1
21804.5352	-1
21810.0938	-1
21815.6543	1
21821.2148	1
21826.7754	1
21832.3359	1
21837.8965	-1
21843.4570	-1
21849.0176	-1
21854.5781	-1
21860.1387	-1
21865.6992	-1
21871.2617	-1
21876.8242	-1
21882.3867	-1
21887.9492	-1
21893.5117	-1
21899.0742	-1
21904.6367	-1
21910.1992	-1
21915.7617	-1
21921.3242	-1
21926.8867	-1
21932.4492	-1
21938.0137	1
21943.5781	1
21949.1426	1
21954.7070	1
21960.2715	1
21965.8379	-1
21971.4043	-1
21976.9707	-1
21982.5371	-1
21988.1035	-1
21993.6699	-1
21999.2363	-1
22004.8027	-1
22010.3691	-1
22015.9355	-1
22021.5020	-1
22027.0684	-1
22032.6348	-1
22038.2012	-1
22043.7676	-1
22049.3340	-1
22054.9004	-1
22060.4668	-1
22066.0332	-1
22071.5996	-1
22077.1660	-1
22082.7324	-1
22088.2988	-1
22093.8652	-1
22099.4316	-1
22104.9980	-1
22110.5645	-1
22116.1309	-1
22121.6973	-1
22127.2637	-1
22132.8340	-1
22138.4043	-1
22143.9746	-1
22149.5449	-1
22155.1152	-1
22160.6855	-1
22166.2559	-1
22171.8262	-1
22177.3965	-1
22182.9668	-1
22188.5371	-1
22194.1074	-1
22199.6777	-1
22205.2480	-1
22210.8184	-1
22216.3887	-1
22221.9590	-1
22227.5293	-1
22233.0996	-1
22238.6699	-1
22244.2402	-1
22249.8105	-1
22255.3809	-1
22260.9512	-1
22266.5215	-1
22272.0918	-1
22277.6621	-1
22283.2324	-1
22288.8027	-1
22294.3730	-1
22299.9434	-1
22305.5137	-1
22311.0840	-1
22316.6543	-1
22322.2246	-1
22327.7949	-1
22333.3672	-1
22338.9395	-1
22344.5117	-1
22350.0840	-1
22355.6562	-1
22361.2285	-1
22366.8008	-1
22372.3730	-1
22377.9453	-1
22383.5176	-1
22389.0898	-1
22394.6621	-1
22400.2344	-1
22405.8066	-1
22411.3789	-1
22416.9512	-1
22422.5234	-1
22428.0957	-1
22433.6699	-1
22439.2441	-1
22444.8184	-1
22450.3926	-1
22455.9668	-1
22461.5410	-1
22467.1152	-1
22472.6895	-1
22478.2637	-1
22483.8379	-1
22489.4121	-1
22494.9863	-1
22500.5605	-1
22506.1348	-1
22511.7090	-1
22517.2832	-1
22522.8574	-1
22528.4316	-1
22534.0059	-1
22539.5801	-1
22545.1543	-1
22550.7285	-1
22556.3027	-1
22561.8770	-1
22567.4512	-1
22573.0254	-1
22578.5996	-1
22584.1738	-1
22589.7480	-1
22595.3223	-1
22600.8965	-1
22606.4707	-1
22612.0449	-1
22617.6191	-1
22623.1934	-1
22628.7676	-1
22634.3418	-1
22639.9160	-1
22645.4902	-1
22651.0645	-1
22656.6387	-1
22662.2129	-1
22667.7871	-1
22673.3613	-1
22678.9355	-1
22684.5098	-1
22690.0840	-1
22695.6582	-1
22701.2324	-1
22706.8066	-1
22712.3809	-1
22717.9551	-1
22723.5293	-1
22729.1035	-1
22734.6797	-1
22740.2559	-1
22745.8320	-1
22751.4082	-1
22756.9844	-1
22762.5605	-1
22768.1367	-1
22773.7129	-1
22779.2891	-1
22784.8652	-1
22790.4414	-1
22796.0176	-1
22801.5938	-1
22807.1699	-1
22812.7461	-1
22818.3223	-1
22823.8984	-1
22829.4746	-1
22835.0508	-1
22840.6270	-1
22846.2031	-1
22851.7793	-1
22857.3555	-1
22862.9316	-1
22868.5078	-1
22874.0840	-1
22879.6602	-1
22885.2363	-1
22890.8125	-1
22896.3887	-1
22901.9668	-1
22907.5449	-1
22913.1230	-1
22918.7012	-1
22924.2793	-1
22929.8574	-1
22935.4355	-1
22941.0137	-1
22946.5918	-1
22952.1699	-1
22957.7480	-1
22963.3262	-1
22968.9043	-1
22974.4824	-1
22980.0605	-1
22985.6387	-1
22991.2168	-1
22996.7949	-1
23002.3730	-1
23007.9512	-1
23013.5293	-1
23019.1074	-1
23024.6855	-1
23030.2637	-1
23035.8418	-1
23041.4199	-1
23046.9980	-1
23052.5762	-1
23058.1543	-1
23063.7324	-1
23069.3105	-1
23074.8887	-1
23080.4668	-1
23086.0449	-1
23091.6230	-1
23097.2012	-1
23102.7793	-1
23108.3574	-1
23113.9355	-1
23119.5137	-1
23125.0918	-1
23130.6699	-1
23136.4199	1
23142.1699	-1
23147.9199	-1
23153.6699	-1
23159.4199	-1
23165.1699	-1
23170.9199	-1
23176.6797	1
23182.4395	1
23188.1992	1
23193.9609	-1
23199.7227	-1
23205.4844	-1
23211.2461	-1
23217.0078	-1
23222.7695	-1
23228.5312	-1
23234.2930	-1
23240.0547	-1
23245.8164	-1
23251.5781	-1
23257.3398	-1
23263.1016	-1
23268.8633	-1
23274.6250	-1
23280.3867	-1
23286.1484	-1
23291.9102	-1
23297.6855	1
23303.4629	-1
23309.2402	1
23315.0176	1
23320.7969	-1
23326.5762	-1
23332.3555	-1
23338.1348	-1
23343.9141	-1
23349.6934	-1
23355.4727	-1
23361.2520	-1
23367.0312	-1
23372.8105	-1
23378.6035	1
23384.3984	-1
23390.1934	1
23395.9883	1
23401.7832	-1
23407.5781	-1
23413.3730	-1
23419.1680	-1
23424.9629	-1
23430.7578	-1
23436.5527	-1
23442.3477	-1
23448.1426	-1
23453.9375	-1
23459.7441	1
23465.5527	-1
23471.3613	1
23477.1699	1
23482.9805	-1
23488.7910	-1
23494.6016	-1
23500.4121	-1
23506.2227	-1
23512.0332	-1
23517.8438	-1
23523.6543	-1
23529.4648	-1
23535.2754	-1
23541.0859	-1
23546.8965	-1
23552.7070	1
23558.5176	1
23564.3281	1
23570.1387	1
23575.9512	-1
23581.7637	-1
23587.5762	-1
23593.3887	-1
23599.2012	-1
23605.0137	-1
23610.8262	-1
23616.6387	-1
23622.4512	-1
23628.2637	-1
23634.0762	-1
23639.8887	-1
23645.7012	-1
23651.5137	-1
23657.3262	-1
23663.1387	-1
23668.9512	-1
23674.7637	-1
23680.5762	-1
23686.3887	-1
23692.2012	-1
23698.0137	-1
23703.8262	-1
23709.6387	-1
23715.4531	1
23721.2676	1
23727.0820	1
23732.8965	1
23738.7109	1
23744.5254	1
23750.3398	1
23756.1543	1
23761.9707	-1
23767.7871	-1
23773.6035	-1
23779.4199	-1
23785.2363	-1
23791.0527	-1
23796.8691	-1
23802.6855	-1
23808.5020	-1
23814.3184	-1
23820.1348	-1
23825.9512	-1
23831.7676	-1
23837.5840	-1
23843.4004	-1
23849.2168	-1
23855.0332	-1
23860.8496	-1
23866.6660	-1
23872.4824	-1
23878.2988	-1
23884.1152	-1
23889.9316	-1
23895.7480	-1
23901.5645	1
23907.3828	1
23913.2012	1
23919.0195	1
23924.8379	1
23930.6562	1
23936.4746	-1
23942.2930	-1
23948.1113	-1
23953.9297	-1
23959.7480	-1
23965.5664	-1
23971.3848	-1
23977.2031	-1
23983.0215	-1
23988.8398	-1
23994.6582	-1
24000.4766	-1
24006.2949	-1
24012.1133	-1
24017.9316	-1
24023.7500	-1
24029.5684	-1
24035.3867	-1
24041.2051	-1
24047.0234	-1
24052.8418	-1
24058.6602	-1
24064.4785	-1
24070.2969	-1
24076.1172	-1
24081.9375	-1
24087.7578	-1
24093.5781	-1
24099.3984	-1
24105.2188	-1
24111.0391	-1
24116.8594	-1
24122.6797	-1
24128.5000	-1
24134.3203	-1
24140.1406	-1
24145.9609	-1
24151.7812	-1
24157.6016	-1
24163.4219	-1
24169.2422	-1
24175.0625	-1
24180.8828	-1
24186.7031	-1
24192.5234	-1
24198.3438	-1
24204.1641	-1
24209.9844	-1
24215.8047	-1
24221.6250	-1
24227.4453	-1
24233.2656	-1
24239.0859	-1
24244.9062	-1
24250.7285	-1
24256.5508	-1
24262.3848	1
24268.2207	-1
24274.0566	1
24279.8926	1
24285.7285	-1
24291.5645	-1
24297.4004	-1
24303.2500	1
24309.0996	-1
24314.9512	1
24320.8027	1
24326.6543	-1
24332.5059	-1
24338.3574	-1
24344.2090	-1
24350.0605	-1
24355.9121	-1
24361.7637	-1
24367.6152	-1
24373.4668	-1
24379.3184	-1
24385.1699	-1
24391.0215	-1
24396.8730	1
24402.7246	1
24408.5762	1
24414.4277	1
24420.2812	-1
24426.1348	-1
24431.9883	-1
24437.8418	-1
24443.6953	-1
24449.5488	-1
24455.4023	-1
24461.2559	-1
24467.1094	-1
24472.9629	-1
24478.8164	-1
24484.6699	-1
24490.5234	-1
24496.3770	-1
24502.2305	-1
24508.0840	-1
24513.9375	-1
24519.7910	-1
24525.6445	-1
24531.4980	-1
24537.3516	-1
24543.2051	-1
24549.0586	-1
24554.9258	1
24560.7949	-1
24566.6641	1
24572.5332	1
24578.4023	-1
24584.2715	-1
24590.1406	-1
24596.0117	-1
24601.8945	1
24607.7773	-1
24613.6621	1
24619.5469	1
24625.4316	-1
24631.3164	-1
24637.2012	-1
24643.0859	-1
24648.9707	-1
24654.8555	-1
24660.7402	-1
24666.6250	-1
24672.5098	-1
24678.3945	-1
24684.2793	-1
24690.1641	-1
24696.0488	1
24701.9336	1
24707.8184	1
24713.7031	1
24719.5898	-1
24725.4766	-1
24731.3633	-1
24737.2500	-1
24743.1367	-1
24749.0234	-1
24754.9102	-1
24760.7969	-1
24766.6836	-1
24772.5703	-1
24778.4570	-1
24784.3438	-1
24790.2305	-1
24796.1172	-1
24802.0039	-1
24807.8906	-1
24813.7773	-1
24819.6641	-1
24825.5508	-1
24831.4375	-1
24837.3242	-1
24843.2109	-1
24849.0977	-1
24854.9844	-1
24860.8711	1
24866.7578	1
24872.6445	1
24878.5332	-1
24884.4219	-1
24890.3105	-1
24896.1992	-1
24902.0879	-1
24907.9766	-1
24913.8652	-1
24919.7539	-1
24925.6426	-1
24931.5312	-1
24937.4199	-1
24943.3086	-1
24949.1973	-1
24955.0996	1
24961.0020	-1
24966.9062	1
24972.8105	1
24978.7148	-1
24984.6191	-1
24990.5234	-1
24996.4277	-1
25002.3320	-1
25008.2363	-1
25014.1406	-1
25020.0449	-1
25025.9492	-1
25031.8535	-1
25037.7578	-1
25043.6621	-1
25049.5664	1
25055.4707	1
25061.3750	1
25067.2812	1
25073.1875	-1
25079.0938	-1
25085.0000	-1
25090.9062	-1
25096.8125	-1
25102.7188	-1
25108.6250	-1
25114.5312	-1
25120.4375	-1
25126.3438	-1
25132.2500	-1
25138.1562	-1
25144.0625	-1
25149.9688	-1
25155.8750	-1
25161.7812	-1
25167.6875	-1
25173.5938	-1
25179.5000	-1
25185.4199	1
25191.3418	-1
25197.2637	1
25203.1855	1
25209.1074	-1
25215.0293	-1
