0.0000	0
0.0011	1
0.9767	888
1.0547	888
1.0937	888
1.1202	888
1.1392	888
1.1601	888
1.2647	888
1.3102	888
1.6916	888
1.7982	888
2.0510	888
2.1255	888
2.4001	1
4.8892	-1
7.0852	-888
8.3803	-888
9.8129	-888
14.6681	1
24.4487	-1
34.2296	1
44.0105	1
53.7927	-1
63.5749	-1
73.3571	-1
83.1393	-1
92.9215	-1
102.7037	-1
112.4860	-1
122.2683	-1
132.0506	-1
141.8329	-1
151.6152	-1
161.3976	-1
171.1802	1
180.9628	1
190.7455	1
200.5283	1
210.3123	-1
220.0963	-1
229.8804	-1
239.6644	-1
249.4485	-1
259.2325	-1
269.0170	1
278.8015	1
288.5861	-1
298.3706	-1
308.1552	-1
317.9398	-1
327.7244	-1
337.5089	-1
347.2937	-1
357.0784	-1
366.8632	-1
376.6479	-1
386.4327	-1
396.2174	-1
406.0023	-1
415.7872	-1
425.5721	-1
435.3571	-1
445.1420	-1
454.9269	-1
464.7118	1
474.4968	1
484.2824	1
494.0680	1
503.8536	1
513.6393	1
523.4273	-1
533.2153	-1
543.0032	-1
552.7912	-1
562.5792	-1
572.3671	-1
582.1552	-1
591.9433	-1
601.7314	-1
611.5195	-1
621.3076	-1
631.0956	-1
640.8839	-1
650.6721	-1
660.4603	-1
670.2485	-1
680.0367	-1
689.8249	-1
699.6132	-1
709.4014	-1
719.1897	-1
728.9780	-1
738.7664	-1
748.5547	-1
758.3431	-1
768.1315	-1
777.9199	-1
787.7083	-1
797.4966	-1
807.2850	-1
817.0735	-1
826.8621	-1
836.6506	-1
846.4391	-1
856.2276	-1
866.0161	-1
875.8051	1
885.5942	1
895.3833	1
905.1728	1
914.9623	1
924.7519	-1
934.5414	-1
944.3310	-1
954.1205	-1
963.9101	-1
973.6996	-1
983.4892	1
993.2788	1
1003.0685	-1
1012.8582	-1
1022.6478	-1
1032.4375	-1
1042.2272	-1
1052.0168	-1
1061.8093	-1
1071.6018	-1
1081.3943	-1
1091.1868	-1
1100.9792	-1
1110.7717	-1
1120.5643	-1
1130.3569	-1
1140.1495	-1
1149.9421	-1
1159.7347	-1
1169.5273	-1
1179.3202	-1
1189.1130	-1
1198.9059	-1
1208.6987	-1
1218.4916	-1
1228.2844	-1
1238.0774	-1
1247.8704	-1
1257.6633	-1
1267.4563	-1
1277.2493	-1
1287.0422	-1
1296.8352	-1
1306.6283	-1
1316.4214	-1
1326.2145	-1
1336.0076	-1
1345.8007	-1
1355.5939	-1
1365.3871	-1
1375.1803	-1
1384.9735	-1
1394.7667	-1
1404.5599	-1
1414.3531	-1
1424.1464	-1
1433.9396	-1
1443.7328	-1
1453.5260	-1
1463.3304	1
1473.1362	-1
1482.9423	1
1492.7483	1
1502.5555	-1
1512.3628	-1
1522.1700	-1
1531.9773	-1
1541.7845	-1
1551.5918	-1
1561.3992	-1
1571.2065	-1
1581.0139	-1
1590.8213	-1
1600.6287	-1
1610.4360	-1
1620.2437	1
1630.0514	1
1639.8591	1
1649.6670	1
1659.4763	-1
1669.2856	-1
1679.0950	-1
1688.9043	-1
1698.7136	-1
1708.5229	-1
1718.3324	-1
1728.1418	-1
1737.9513	-1
1747.7607	-1
1757.5702	-1
1767.3796	-1
1777.1892	-1
1786.9988	-1
1796.8083	-1
1806.6179	-1
1816.4275	-1
1826.2371	-1
1836.0468	-1
1845.8564	-1
1855.6661	-1
1865.4758	-1
1875.2855	-1
1885.0952	-1
1894.9052	1
1904.7151	1
1914.5251	1
1924.3352	1
1934.1454	1
1943.9556	1
1953.7659	1
1963.5762	1
1973.3888	-1
1983.2014	-1
1993.0140	-1
2002.8267	-1
2012.6393	-1
2022.4519	-1
2032.2651	-1
2042.0784	-1
2051.8916	-1
2061.7048	-1
2071.5181	-1
2081.3313	-1
2091.1445	-1
2100.9580	-1
2110.7715	-1
2120.5850	-1
2130.3984	-1
2140.2119	-1
2150.0254	-1
2159.8389	-1
2169.6523	-1
2179.4658	-1
2189.2793	-1
2199.0928	-1
2208.9062	-1
2218.7197	-1
2228.5332	-1
2238.3467	-1
2248.1602	-1
2257.9736	-1
2267.7874	-1
2277.6011	-1
2287.4148	-1
2297.2285	-1
2307.0422	-1
2316.8560	-1
2326.6697	-1
2336.4834	-1
2346.2971	-1
2356.1108	-1
2365.9246	-1
2375.7383	-1
2385.5522	-1
2395.3662	-1
2405.1802	-1
2414.9941	-1
2424.8081	-1
2434.6221	-1
2444.4360	1
2454.2515	-1
2464.0669	-1
2473.8823	-1
2483.7085	1
2493.5359	-1
2503.3638	1
2513.1917	1
2523.0200	-1
2532.8484	-1
2542.6768	-1
2552.5051	-1
2562.3335	-1
2572.1619	-1
2581.9902	-1
2591.8186	-1
2601.6470	-1
2611.4753	-1
2621.3037	-1
2631.1323	-1
2640.9612	1
2650.7900	1
2660.6189	1
2670.4478	1
2680.2771	-1
2690.1064	-1
2699.9358	-1
2709.7651	-1
2719.5945	-1
2729.4238	-1
2739.2534	1
2749.0833	1
2758.9131	-1
2768.7429	-1
2778.5728	-1
2788.4026	-1
2798.2324	-1
2808.0623	-1
2817.8923	-1
2827.7224	-1
2837.5525	-1
2847.3826	-1
2857.2126	-1
2867.0427	-1
2876.8728	-1
2886.7029	-1
2896.5330	-1
2906.3630	-1
2916.1931	-1
2926.0232	-1
2935.8538	-1
2945.6843	-1
2955.5149	-1
2965.3457	-1
2975.1765	-1
2985.0073	-1
2994.8381	-1
3004.6689	-1
3014.4998	-1
3024.3411	1
3034.1836	-1
3044.0264	1
3053.8691	1
3063.7129	-1
3073.5569	-1
3083.4109	1
3093.2664	-1
3103.1221	1
3112.9778	1
3122.8342	-1
3132.6907	-1
3142.5471	-1
3152.4036	-1
3162.2600	-1
3172.1165	-1
3181.9729	-1
3191.8293	-1
3201.6858	-1
3211.5422	-1
3221.3987	-1
3231.2551	-1
3241.1118	1
3250.9688	1
3260.8257	1
3270.6826	1
3280.5405	-1
3290.3984	-1
3300.2563	-1
3310.1143	-1
3319.9722	-1
3329.8301	-1
3339.6880	-1
3349.5459	-1
3359.4038	-1
3369.2617	-1
3379.1196	-1
3388.9775	-1
3398.8357	-1
3408.6938	-1
3418.5520	-1
3428.4102	-1
3438.2683	-1
3448.1265	-1
3457.9846	-1
3467.8428	-1
3477.7009	-1
3487.5591	-1
3497.4172	-1
3507.2754	-1
3517.1338	1
3526.9922	1
3536.8508	1
3546.7095	1
3556.5681	1
3566.4268	1
3576.2859	-1
3586.1450	-1
3596.0042	-1
3605.8633	-1
3615.7224	-1
3625.5815	-1
3635.4414	-1
3645.3013	-1
3655.1611	-1
3665.0210	-1
3674.8809	-1
3684.7407	-1
3694.6008	-1
3704.4609	-1
3714.3210	-1
3724.1812	-1
3734.0413	-1
3743.9014	-1
3753.7615	1
3763.6216	1
3773.4817	1
3783.3418	-1
3793.2019	-1
3803.0620	-1
3812.9221	-1
3822.7822	-1
3832.6423	1
3842.5024	-1
3852.3628	-1
3862.2231	-1
3872.0835	-1
3881.9438	-1
3891.8042	-1
3901.6646	-1
3911.5249	-1
3921.3853	-1
3931.2456	-1
3941.1060	-1
3950.9663	-1
3960.8267	-1
3970.6875	1
3980.5483	1
3990.4094	1
4000.2705	1
4010.1321	-1
4019.9937	-1
4029.8552	-1
4039.7168	-1
4049.5784	-1
4059.4399	-1
4069.3015	-1
4079.1631	-1
4089.0247	-1
4098.8862	-1
4108.7480	-1
4118.6099	-1
4128.4717	-1
4138.3335	-1
4148.1953	-1
4158.0571	-1
4167.9189	-1
4177.7808	-1
4187.6426	-1
4197.5044	-1
4207.3662	-1
4217.2280	-1
4227.0898	-1
4236.9517	-1
4246.8140	-1
4256.6763	-1
4266.5386	-1
4276.4009	-1
4286.2632	-1
4296.1255	-1
4305.9888	-1
4315.8521	-1
4325.7153	-1
4335.5786	-1
4345.4419	-1
4355.3052	-1
4365.1685	-1
4375.0317	-1
4384.8950	-1
4394.7583	-1
4404.6216	-1
4414.4849	-1
4424.3481	-1
4434.2114	-1
4444.0850	1
4453.9600	-1
4463.8350	1
4473.7104	1
4483.5869	-1
4493.4634	-1
4503.3398	-1
4513.2163	-1
4523.1025	1
4532.9897	-1
4542.8774	1
4552.7651	1
4562.6538	-1
4572.5425	-1
4582.4312	-1
4592.3198	-1
4602.2085	-1
4612.1074	1
4622.0073	-1
4631.9077	1
4641.8081	1
4651.7090	-1
4661.6099	-1
4671.5107	-1
4681.4116	-1
4691.3125	-1
4701.2134	-1
4711.1143	-1
4721.0151	-1
4730.9160	-1
4740.8169	-1
4750.7178	-1
4760.6187	-1
4770.5200	1
4780.4214	1
4790.3228	1
4800.2241	1
4810.1265	-1
4820.0288	-1
4829.9312	-1
4839.8335	-1
4849.7358	-1
4859.6382	-1
4869.5405	-1
4879.4429	-1
4889.3452	-1
4899.2476	-1
4909.1499	-1
4919.0522	-1
4928.9546	-1
4938.8569	-1
4948.7593	-1
4958.6616	-1
4968.5640	-1
4978.4663	-1
4988.3687	1
4998.2715	1
5008.1743	1
5018.0771	-1
5027.9800	-1
5037.8828	-1
5047.7856	-1
5057.6885	-1
5067.5913	-1
5077.4941	1
5087.3970	1
5097.2998	1
5107.2031	1
5117.1064	1
5127.0098	-1
5136.9131	-1
5146.8164	-1
5156.7197	-1
5166.6230	-1
5176.5264	-1
5186.4302	1
5196.3340	1
5206.2378	-1
5216.1416	-1
5226.0454	-1
5235.9492	-1
5245.8530	-1
5255.7568	-1
5265.6611	-1
5275.5654	-1
5285.4697	-1
5295.3740	-1
5305.2783	-1
5315.1826	-1
5325.0874	-1
5334.9922	-1
5344.8970	-1
5354.8018	-1
5364.7065	-1
5374.6113	-1
5384.5161	-1
5394.4209	-1
5404.3257	-1
5414.2305	-1
5424.1353	-1
5434.0400	-1
5443.9458	-1
5453.8516	-1
5463.7573	-1
5473.6631	-1
5483.5688	-1
5493.4746	-1
5503.3804	-1
5513.2861	-1
5523.1919	-1
5533.0977	-1
5543.0034	-1
5552.9092	-1
5562.8149	1
5572.7207	-1
5582.6265	-1
5592.5322	-1
5602.4380	-1
5612.3438	-1
5622.2495	1
5632.1553	-1
5642.0610	-1
5651.9668	-1
5661.8726	-1
5671.7783	-1
5681.6841	-1
5691.5898	-1
5701.4961	-1
5711.4023	-1
5721.3086	-1
5731.2148	-1
5741.1211	-1
5751.0273	-1
5760.9341	-1
5770.8408	-1
5780.7476	-1
5790.6543	-1
5800.5610	-1
5810.4678	-1
5820.3745	-1
5830.2812	-1
5840.1880	-1
5850.1045	1
5860.0225	-1
5869.9404	1
5879.8589	1
5889.7783	-1
5899.6978	-1
5909.6172	-1
5919.5366	-1
5929.4561	-1
5939.3755	-1
5949.2949	-1
5959.2144	-1
5969.1338	-1
5979.0532	-1
5988.9727	-1
5998.8921	-1
6008.8120	1
6018.7319	1
6028.6519	1
6038.5718	1
6048.4932	-1
6058.4146	-1
6068.3359	-1
6078.2573	-1
6088.1787	-1
6098.1001	-1
6108.0215	-1
6117.9429	-1
6127.8643	-1
6137.7856	-1
6147.7070	-1
6157.6284	-1
6167.5503	1
6177.4722	1
6187.3940	1
6197.3159	-1
6207.2378	-1
6217.1597	-1
6227.0815	-1
6237.0034	-1
6246.9253	1
6256.8472	-1
6266.7695	-1
6276.6919	-1
6286.6143	-1
6296.5366	-1
6306.4590	-1
6316.3813	-1
6326.3042	1
6336.2271	1
6346.1514	-1
6356.0757	-1
6366.0000	-1
6375.9243	-1
6385.8486	-1
6395.7729	-1
6405.6973	-1
6415.6216	-1
6425.5459	-1
6435.4702	-1
6445.3945	-1
6455.3188	-1
6465.2441	-1
6475.1694	-1
6485.0947	-1
6495.0200	-1
6504.9453	-1
6514.8706	-1
6524.7964	-1
6534.7222	-1
6544.6479	-1
6554.5737	-1
6564.4995	-1
6574.4253	-1
6584.3511	-1
6594.2769	-1
6604.2026	-1
6614.1284	-1
6624.0542	-1
6633.9800	-1
6643.9058	-1
6653.8315	-1
6663.7573	-1
6673.6934	1
6683.6309	-1
6693.5684	1
6703.5063	1
6713.4453	-1
6723.3843	-1
6733.3232	-1
6743.2622	-1
6753.2012	-1
6763.1401	-1
6773.0791	-1
6783.0181	-1
6792.9570	-1
6802.8960	-1
6812.8350	-1
6822.7739	-1
6832.7134	1
6842.6528	1
6852.5923	1
6862.5317	1
6872.4727	-1
6882.4136	-1
6892.3545	-1
6902.2954	-1
6912.2363	-1
6922.1772	-1
6932.1182	-1
6942.0591	-1
6952.0000	-1
6961.9409	-1
6971.8818	-1
6981.8228	-1
6991.7637	-1
7001.7046	-1
7011.6455	-1
7021.5864	-1
7031.5273	-1
7041.4683	-1
7051.4097	-1
7061.3511	-1
7071.2925	-1
7081.2339	-1
7091.1753	-1
7101.1167	-1
7111.0581	1
7120.9995	1
7130.9409	1
7140.8823	1
7150.8237	1
7160.7651	1
7170.7070	1
7180.6489	1
7190.5923	-1
7200.5356	-1
7210.4790	-1
7220.4224	-1
7230.3662	-1
7240.3101	-1
7250.2539	-1
7260.1978	-1
7270.1416	-1
7280.0854	-1
7290.0293	-1
7299.9731	-1
7309.9175	-1
7319.8618	-1
7329.8062	-1
7339.7505	-1
7349.6948	-1
7359.6392	-1
7369.5840	-1
7379.5288	-1
7389.4736	-1
7399.4185	-1
7409.3633	-1
7419.3081	-1
7429.2539	-1
7439.1997	-1
7449.1455	-1
7459.0913	-1
7469.0371	-1
7478.9829	-1
7488.9287	-1
7498.8745	-1
7508.8203	-1
7518.7661	-1
7528.7119	-1
7538.6577	-1
7548.6035	-1
7558.5493	-1
7568.4951	-1
7578.4409	-1
7588.3867	-1
7598.3325	-1
7608.2788	-1
7618.2354	1
7628.1934	-1
7638.1514	1
7648.1094	1
7658.0688	-1
7668.0283	-1
7677.9878	-1
7687.9473	-1
7697.9067	-1
7707.8662	-1
7717.8257	-1
7727.7954	1
7737.7661	-1
7747.7373	1
7757.7085	1
7767.6802	-1
7777.6519	-1
7787.6240	-1
7797.6060	1
7807.5894	-1
7817.5728	1
7827.5562	1
7837.5405	-1
7847.5249	-1
7857.5093	-1
7867.4941	-1
7877.4888	1
7887.4849	-1
7897.4810	1
7907.4771	1
7917.4741	-1
7927.4712	-1
7937.4688	-1
7947.4771	1
7957.4863	-1
7967.4961	1
7977.5059	1
7987.5161	-1
7997.5269	-1
8007.5479	1
8017.5703	-1
8027.5933	1
8037.6162	1
8047.6396	-1
8057.6636	-1
8067.6973	1
8077.7324	-1
8087.7681	1
8097.8037	1
8107.8398	-1
8117.8760	-1
8127.9121	-1
8137.9487	-1
8147.9951	1
8158.0425	-1
8168.0903	1
8178.1382	1
8188.1865	-1
8198.2354	-1
8208.2842	-1
8218.3330	-1
8228.3916	1
8238.4512	-1
8248.5117	1
8258.5723	1
8268.6338	-1
8278.6953	-1
8288.7568	-1
8298.8291	1
8308.9023	-1
8318.9756	1
8329.0488	1
8339.1230	-1
8349.1973	-1
8359.2715	-1
8369.3457	-1
8379.4199	-1
8389.4941	-1
8399.5684	-1
8409.6426	-1
8419.7168	-1
8429.7910	-1
8439.8652	-1
8449.9395	-1
8460.0137	1
8470.0879	1
8480.1631	-1
8490.2383	-1
8500.3135	-1
8510.3887	-1
8520.4639	-1
8530.5391	-1
8540.6143	-1
8550.6992	1
8560.7852	-1
8570.8721	1
8580.9590	1
8591.0469	-1
8601.1348	-1
8611.2324	1
8621.3311	-1
8631.4297	1
8641.5293	1
8651.6289	-1
8661.7285	-1
8671.8291	-1
8681.9395	1
8692.0508	-1
8702.1621	1
8712.2734	1
8722.3857	-1
8732.4980	-1
8742.6104	-1
8752.7227	-1
8762.8350	-1
8772.9473	-1
8783.0605	-1
8793.1738	-1
8803.2871	-1
8813.4102	1
8823.5342	-1
8833.6592	1
8843.7842	1
8853.9092	-1
8864.0342	-1
8874.1592	-1
8884.2842	-1
8894.4092	-1
8904.5342	-1
8914.6602	-1
8924.7861	-1
8934.9121	-1
8945.0381	-1
8955.1641	-1
8965.2900	-1
8975.4160	1
8985.5420	1
8995.6680	1
9005.7939	1
9015.9209	-1
9026.0479	-1
9036.1748	-1
9046.3018	-1
9056.4287	-1
9066.5566	-1
9076.6846	-1
9086.8125	-1
9096.9404	-1
9107.0684	-1
9117.1963	-1
9127.3242	-1
9137.4521	-1
9147.5801	-1
9157.7080	-1
9167.8359	-1
9177.9639	-1
9188.0918	-1
9198.2197	-1
9208.3477	-1
9218.4756	-1
9228.6035	-1
9238.7314	-1
9248.8594	-1
9258.9873	1
9269.1152	1
9279.2432	1
9289.3711	1
9299.4990	1
9309.6279	-1
9319.7568	-1
9329.8857	-1
9340.0146	-1
9350.1436	-1
9360.2725	-1
9370.4014	-1
9380.5303	-1
9390.6592	-1
9400.7881	-1
9410.9170	-1
9421.0459	-1
9431.1758	-1
9441.3057	-1
9451.4355	-1
9461.5654	-1
9471.6953	-1
9481.8252	-1
9491.9551	-1
9502.0850	-1
9512.2148	-1
9522.3447	-1
9532.4746	-1
9542.6045	-1
9552.7344	-1
9562.8643	-1
9572.9941	-1
9583.1240	-1
9593.2539	-1
9603.3838	-1
9613.5244	1
9623.6660	-1
9633.8086	1
9643.9512	1
9654.0947	-1
9664.2383	-1
9674.3818	-1
9684.5254	-1
9694.6689	-1
9704.8125	-1
9714.9561	-1
9725.0996	-1
9735.2432	-1
9745.3867	-1
9755.5303	-1
9765.6738	-1
9775.8174	1
9785.9609	1
9796.1045	1
9806.2480	1
9816.3936	-1
9826.5391	-1
9836.6846	-1
9846.8301	-1
9856.9756	-1
9867.1211	-1
9877.2666	-1
9887.4121	-1
9897.5576	-1
9907.7031	-1
9917.8486	-1
9927.9941	-1
9938.1406	-1
9948.2871	-1
9958.4336	-1
9968.5801	-1
9978.7266	-1
9988.8730	-1
9999.0195	-1
10009.1660	-1
10019.3125	-1
10029.4590	-1
10039.6055	-1
10049.7520	-1
10059.8984	1
10070.0449	1
10080.1924	-1
10090.3398	-1
10100.4873	-1
10110.6348	-1
10120.7822	-1
10130.9297	-1
10141.0771	-1
10151.2246	-1
10161.3828	1
10171.5420	-1
10181.7021	1
10191.8623	1
10202.0225	-1
10212.1826	-1
10222.3428	-1
10232.5029	-1
10242.6631	-1
10252.8232	-1
10262.9844	-1
10273.1455	-1
10283.3066	-1
10293.4678	-1
10303.6289	-1
10313.7900	-1
10323.9512	1
10334.1123	1
10344.2734	1
10354.4346	1
10364.5967	-1
10374.7588	-1
10384.9209	-1
10395.0830	-1
10405.2451	-1
10415.4072	-1
10425.5693	-1
10435.7314	-1
10445.8936	-1
10456.0557	-1
10466.2178	-1
10476.3799	-1
10486.5420	-1
10496.7041	-1
10506.8662	-1
10517.0283	-1
10527.1904	-1
10537.3525	-1
10547.5146	-1
10557.6768	-1
10567.8389	-1
10578.0010	-1
10588.1631	-1
10598.3252	-1
10608.4873	1
10618.6494	1
10628.8115	1
10638.9736	1
10649.1367	1
10659.2998	1
10669.4629	1
10679.6260	1
10689.7891	-1
10699.9521	-1
10710.1152	-1
10720.2783	-1
10730.4414	-1
10740.6045	-1
10750.7686	-1
10760.9326	-1
10771.0967	-1
10781.2607	-1
10791.4248	-1
10801.5889	-1
10811.7529	1
10821.9170	-1
10832.0811	-1
10842.2451	-1
10852.4092	-1
10862.5732	-1
10872.7373	-1
10882.9023	-1
10893.0674	-1
10903.2324	-1
10913.3975	-1
10923.5625	-1
10933.7275	-1
10943.8926	-1
10954.0576	-1
10964.2227	-1
10974.3877	-1
10984.5527	-1
10994.7178	-1
11004.8828	-1
11015.0479	-1
11025.2129	-1
11035.3779	-1
11045.5430	-1
11055.7080	-1
11065.8730	-1
11076.0381	-1
11086.2031	-1
11096.3682	-1
11106.5332	-1
11116.6982	-1
11126.8633	-1
11137.0283	-1
11147.1934	-1
11157.3584	-1
11167.5234	-1
11177.6885	-1
11187.8545	-1
11198.0205	-1
11208.1865	-1
11218.3525	-1
11228.5186	-1
11238.6953	1
11248.8740	-1
11259.0527	1
11269.2314	1
11279.4111	-1
11289.5908	-1
11299.7705	-1
11309.9502	-1
11320.1299	-1
11330.3096	-1
11340.4893	-1
11350.6689	-1
11360.8486	-1
11371.0283	-1
11381.2080	-1
11391.3877	-1
11401.5684	1
11411.7490	1
11421.9297	1
11432.1104	1
11442.2920	-1
11452.4736	-1
11462.6553	-1
11472.8369	-1
11483.0186	-1
11493.2002	-1
11503.3828	-1
11513.5654	-1
11523.7480	-1
11533.9307	-1
11544.1133	-1
11554.2959	-1
11564.4785	-1
11574.6611	-1
11584.8438	-1
11595.0264	-1
11605.2090	-1
11615.3916	-1
11625.5742	-1
11635.7568	-1
11645.9395	-1
11656.1221	-1
11666.3047	-1
11676.4873	-1
11686.6699	1
11696.8525	1
11707.0352	1
11717.2178	1
11727.4004	1
11737.5830	1
11747.7656	1
11757.9482	1
11768.1338	-1
11778.3193	-1
11788.5049	-1
11798.6904	-1
11808.8760	-1
11819.0615	-1
11829.2471	-1
11839.4326	-1
11849.6182	-1
11859.8037	-1
11869.9893	-1
11880.1748	-1
11890.3613	-1
11900.5479	-1
11910.7344	-1
11920.9209	-1
11931.1074	-1
11941.2939	-1
11951.4805	-1
11961.6670	-1
11971.8535	-1
11982.0400	-1
11992.2266	-1
12002.4131	-1
12012.5996	-1
12022.7861	-1
12032.9727	-1
12043.1592	-1
12053.3457	-1
12063.5322	-1
12073.7188	-1
12083.9053	-1
12094.0918	-1
12104.2783	-1
12114.4648	1
12124.6514	-1
12134.8379	-1
12145.0244	1
12155.2109	-1
12165.3975	-1
12175.5840	-1
12185.7705	-1
12195.9570	-1
12206.1436	-1
12216.3301	-1
12226.5166	-1
12236.7031	-1
12246.8896	-1
12257.0762	-1
12267.2627	-1
12277.4502	-1
12287.6377	-1
12297.8252	-1
12308.0127	-1
12318.2002	-1
12328.3877	-1
12338.5762	-1
12348.7646	-1
12358.9639	1
12369.1641	-1
12379.3652	1
12389.5664	1
12399.7686	-1
12409.9707	-1
12420.1729	-1
12430.3750	-1
12440.5771	-1
12450.7793	-1
12460.9814	-1
12471.1836	-1
12481.3857	-1
12491.5879	-1
12501.7900	-1
12511.9922	-1
12522.1943	1
12532.3975	-1
12542.6006	-1
12552.8037	-1
12563.0068	-1
12573.2207	1
12583.4355	-1
12593.6514	1
12603.8672	1
12614.0840	-1
12624.3008	-1
12634.5176	-1
12644.7344	-1
12654.9512	-1
12665.1680	-1
12675.3848	-1
12685.6016	-1
12695.8184	-1
12706.0352	-1
12716.2520	-1
12726.4688	-1
12736.6855	1
12746.9023	1
12757.1201	-1
12767.3379	-1
12777.5557	-1
12787.7734	-1
12797.9912	-1
12808.2090	-1
12818.4268	-1
12828.6445	-1
12838.8730	1
12849.1035	-1
12859.3340	1
12869.5645	1
12879.7959	-1
12890.0273	-1
12900.2588	-1
12910.4902	-1
12920.7217	-1
12930.9531	-1
12941.1855	-1
12951.4180	-1
12961.6504	-1
12971.8828	-1
12982.1152	-1
12992.3477	-1
13002.5801	1
13012.8125	1
13023.0449	1
13033.2773	1
13043.5107	-1
13053.7441	-1
13063.9775	-1
13074.2109	-1
13084.4443	-1
13094.6777	-1
13104.9121	-1
13115.1465	-1
13125.3809	-1
13135.6152	-1
13145.8496	-1
13156.0840	-1
13166.3184	1
13176.5527	1
13186.7871	1
13197.0215	1
13207.2568	-1
13217.4922	-1
13227.7275	-1
13237.9629	-1
13248.1982	-1
13258.4336	-1
13268.6689	-1
13278.9043	-1
13289.1396	-1
13299.3750	-1
13309.6104	-1
13319.8457	-1
13330.0811	1
13340.3164	1
13350.5527	1
13360.7891	1
13371.0254	-1
13381.2617	-1
13391.4980	-1
13401.7344	-1
13411.9707	-1
13422.2070	-1
13432.4443	1
13442.6816	1
13452.9199	-1
13463.1582	-1
13473.3965	-1
13483.6348	-1
13493.8730	-1
13504.1113	-1
13514.3506	-1
13524.5898	-1
13534.8291	-1
13545.0684	-1
13555.3076	-1
13565.5469	-1
13575.7861	-1
13586.0254	-1
13596.2646	-1
13606.5039	-1
13616.7432	-1
13626.9824	-1
13637.2217	-1
13647.4609	-1
13657.7002	-1
13667.9395	-1
13678.1787	-1
13688.4180	-1
13698.6582	1
13708.8984	1
13719.1387	1
13729.3789	1
13739.6191	1
13749.8594	1
13760.0996	1
13770.3398	1
13780.5801	-1
13790.8203	-1
13801.0605	-1
13811.3008	-1
13821.5410	-1
13831.7812	-1
13842.0215	-1
13852.2617	-1
13862.5020	-1
13872.7422	-1
13882.9824	-1
13893.2227	-1
13903.4629	-1
13913.7041	-1
13923.9453	-1
13934.1865	-1
13944.4277	-1
13954.6689	-1
13964.9102	-1
13975.1514	-1
13985.3926	-1
13995.6338	-1
14005.8750	-1
14016.1162	-1
14026.3574	-1
14036.5986	-1
14046.8398	-1
14057.0811	-1
14067.3223	-1
14077.5635	-1
14087.8047	1
14098.0459	1
14108.2871	1
14118.5283	1
14128.7695	1
14139.0107	1
14149.2529	1
14159.4980	-1
14169.7432	-1
14179.9883	-1
14190.2334	-1
14200.4785	-1
14210.7236	-1
14220.9697	-1
14231.2158	-1
14241.4619	-1
14251.7080	-1
14261.9541	-1
14272.2002	-1
14282.4473	-1
14292.6943	-1
14302.9414	-1
14313.1885	-1
14323.4355	-1
14333.6826	-1
14343.9297	-1
14354.1768	-1
14364.4238	-1
14374.6709	-1
14384.9180	-1
14395.1650	-1
14405.4121	-1
14415.6592	-1
14425.9062	-1
14436.1533	-1
14446.4004	-1
14456.6475	-1
14466.8945	-1
14477.1416	-1
14487.3887	-1
14497.6357	-1
14507.8838	-1
14518.1318	-1
14528.3799	-1
14538.6279	-1
14548.8760	-1
14559.1240	-1
14569.3721	-1
14579.6201	-1
14589.8682	-1
14600.1162	-1
14610.3643	-1
14620.6123	-1
14630.8604	-1
14641.1084	-1
14651.3564	-1
14661.6045	-1
14671.8525	-1
14682.1006	-1
14692.3486	-1
14702.5967	-1
14712.8447	-1
14723.0928	-1
14733.3408	-1
14743.5889	-1
14753.8369	-1
14764.0850	-1
14774.3330	-1
14784.5811	-1
14794.8291	-1
14805.0771	-1
14815.3252	-1
14825.5732	-1
14835.8213	-1
14846.0693	-1
14856.3174	-1
14866.5654	-1
14876.8135	-1
14887.0615	-1
14897.3096	-1
14907.5576	-1
14917.8057	-1
14928.0537	-1
14938.3018	-1
14948.5498	-1
14958.7979	-1
14969.0459	-1
14979.2939	-1
14989.5420	-1
14999.7900	-1
15010.0381	-1
15020.2871	-1
15030.5361	-1
15040.7852	-1
15051.0342	-1
15061.2832	-1
15071.5322	-1
15081.7920	1
15092.0537	-1
15102.3154	1
15112.5771	1
15122.8398	-1
15133.1025	-1
15143.3652	-1
15153.6279	-1
15163.8906	-1
15174.1533	-1
15184.4160	-1
15194.6787	-1
15204.9414	-1
15215.2041	-1
15225.4668	-1
15235.7295	-1
15245.9922	1
15256.2549	1
15266.5176	1
15276.7803	1
15287.0439	-1
15297.3076	-1
15307.5713	-1
15317.8350	-1
15328.0986	-1
15338.3623	-1
15348.6260	-1
15358.8896	-1
15369.1533	-1
15379.4170	-1
15389.6807	-1
15399.9443	-1
15410.2080	1
15420.4717	1
15430.7354	-1
15440.9990	-1
15451.2627	-1
15461.5264	-1
15471.7900	-1
15482.0537	-1
15492.3174	1
15502.5811	1
15512.8447	-1
15523.1084	-1
15533.3721	-1
15543.6357	-1
15553.8994	-1
15564.1631	-1
15574.4277	1
15584.6924	-1
15594.9570	-1
15605.2217	-1
15615.4863	-1
15625.7510	-1
15636.0156	-1
15646.2812	-1
15656.5469	-1
15666.8125	-1
15677.0781	-1
15687.3438	-1
15697.6094	-1
15707.8750	-1
15718.1406	-1
15728.4062	-1
15738.6719	-1
15748.9375	-1
15759.2031	-1
15769.4688	-1
15779.7344	-1
15790.0000	-1
15800.2656	-1
15810.5312	-1
15820.7969	-1
15831.0625	-1
15841.3281	-1
15851.5938	-1
15861.8594	-1
15872.1250	-1
15882.3906	-1
15892.6562	1
15902.9219	1
15913.1875	1
15923.4531	1
15933.7188	1
15943.9854	-1
15954.2520	-1
15964.5186	-1
15974.7852	-1
15985.0518	-1
15995.3184	-1
16005.5850	-1
16015.8516	-1
16026.1182	-1
16036.3848	-1
16046.6514	-1
16056.9180	-1
16067.1846	-1
16077.4512	-1
16087.7178	-1
16097.9844	-1
16108.2510	-1
16118.5176	-1
16128.7852	-1
16139.0527	-1
16149.3203	-1
16159.5879	-1
16169.8555	-1
16180.1230	-1
16190.3906	-1
16200.6582	-1
16210.9258	-1
16221.2041	1
16231.4834	-1
16241.7637	1
16252.0439	1
16262.3252	-1
16272.6064	-1
16282.8877	-1
16293.1689	-1
16303.4502	-1
16313.7314	-1
16324.0127	-1
16334.2939	-1
16344.5859	1
16354.8789	-1
16365.1729	1
16375.4668	1
16385.7617	-1
16396.0566	-1
16406.3516	-1
16416.6465	-1
16426.9414	-1
16437.2363	-1
16447.5312	-1
16457.8262	-1
16468.1211	-1
16478.4160	-1
16488.7109	-1
16499.0059	-1
16509.3008	1
16519.5957	1
16529.8906	1
16540.1855	1
16550.4824	-1
16560.7793	-1
16571.0762	-1
16581.3730	-1
16591.6699	-1
16601.9668	-1
16612.2637	1
16622.5605	1
16632.8574	-1
16643.1543	-1
16653.4512	-1
16663.7480	-1
16674.0449	-1
16684.3418	-1
16694.6387	-1
16704.9355	-1
16715.2324	-1
16725.5293	-1
16735.8262	-1
16746.1230	-1
16756.4199	-1
16766.7168	-1
16777.0137	-1
16787.3105	-1
16797.6074	-1
16807.9043	-1
16818.2031	1
16828.5020	1
16838.8008	1
16849.0996	1
16859.3984	1
16869.6973	1
16879.9961	-1
16890.2949	-1
16900.5938	-1
16910.8926	-1
16921.1914	-1
16931.4902	-1
16941.7910	-1
16952.0918	-1
16962.3926	-1
16972.6934	-1
16982.9941	-1
16993.2949	-1
17003.5957	-1
17013.8965	-1
17024.1973	-1
17034.4980	-1
17044.7988	-1
17055.0996	-1
17065.4004	1
17075.7012	1
17086.0020	-1
17096.3027	-1
17106.6035	-1
17116.9043	-1
17127.2051	-1
17137.5059	-1
17147.8066	1
17158.1074	1
17168.4082	1
17178.7090	1
17189.0117	1
17199.3145	-1
17209.6172	-1
17219.9199	-1
17230.2227	-1
17240.5254	-1
17250.8281	-1
17261.1309	-1
17271.4336	-1
17281.7363	-1
17292.0391	-1
17302.3418	-1
17312.6445	-1
17322.9473	1
17333.2500	-1
17343.5527	-1
17353.8555	-1
17364.1582	-1
17374.4609	-1
17384.7637	-1
17395.0664	1
17405.3691	-1
17415.6719	-1
17425.9746	-1
17436.2773	-1
17446.5801	-1
17456.8828	-1
17467.1875	-1
17477.4922	-1
17487.7969	-1
17498.1016	-1
17508.4062	-1
17518.7109	-1
17529.0156	-1
17539.3203	-1
17549.6250	-1
17559.9297	-1
17570.2344	-1
17580.5410	-1
17590.8477	-1
17601.1543	-1
17611.4609	-1
17621.7676	-1
17632.0742	-1
17642.3809	-1
17652.6875	-1
17662.9941	-1
17673.3008	-1
17683.6074	-1
17693.9141	-1
17704.2207	-1
17714.5273	-1
17724.8340	-1
17735.1406	-1
17745.4473	-1
17755.7539	-1
17766.0605	-1
17776.3672	-1
17786.6738	-1
17796.9805	-1
17807.2871	-1
17817.5938	-1
17827.9004	-1
17838.2070	-1
17848.5137	-1
17858.8203	-1
17869.1270	-1
17879.4336	-1
17889.7402	-1
17900.0469	-1
17910.3535	-1
17920.6602	-1
17930.9668	-1
17941.2734	-1
17951.5801	-1
17961.8867	-1
17972.1934	-1
17982.5000	-1
17992.8184	1
18003.1387	-1
18013.4590	1
18023.7793	1
18034.1016	-1
18044.4238	-1
18054.7461	-1
18065.0684	-1
18075.3906	-1
18085.7129	-1
18096.0352	-1
18106.3574	-1
18116.6797	-1
18127.0020	-1
18137.3242	-1
18147.6465	-1
18157.9688	1
18168.2910	1
18178.6133	-1
18188.9355	-1
18199.2578	-1
18209.5801	-1
18219.9023	-1
18230.2246	-1
18240.5469	-1
18250.8691	-1
18261.2031	1
18271.5391	-1
18281.8750	1
18292.2109	1
18302.5469	-1
18312.8828	-1
18323.2188	-1
18333.5547	-1
18343.8906	-1
18354.2266	-1
18364.5625	-1
18374.8984	-1
18385.2344	-1
18395.5703	-1
18405.9062	-1
18416.2422	-1
18426.5801	1
18436.9180	1
18447.2559	-1
18457.5938	-1
18467.9316	-1
18478.2695	-1
18488.6074	-1
18498.9453	-1
18509.2832	-1
18519.6211	-1
18529.9590	-1
18540.3066	1
18550.6562	-1
18561.0059	1
18571.3555	1
18581.7070	-1
18592.0586	-1
18602.4102	-1
18612.7617	-1
18623.1133	-1
18633.4648	-1
18643.8164	-1
18654.1680	-1
18664.5195	-1
18674.8711	-1
18685.2227	-1
18695.5742	-1
18705.9258	1
18716.2773	1
18726.6289	1
18736.9805	1
18747.3340	-1
18757.6875	-1
18768.0410	-1
18778.3945	-1
18788.7480	-1
18799.1016	-1
18809.4551	-1
18819.8086	-1
18830.1621	-1
18840.5156	-1
18850.8691	-1
18861.2227	-1
18871.5762	-1
18881.9297	-1
18892.2832	-1
18902.6367	-1
18912.9902	-1
18923.3438	-1
18933.6973	-1
18944.0508	-1
18954.4043	-1
18964.7578	-1
18975.1113	-1
18985.4648	-1
18995.8184	1
19006.1719	1
19016.5254	1
19026.8789	1
19037.2324	1
19047.5859	1
19057.9395	1
19068.2949	1
19078.6504	-1
19089.0059	-1
19099.3613	-1
19109.7168	-1
19120.0723	-1
19130.4277	-1
19140.7852	-1
19151.1426	-1
19161.5000	-1
19171.8574	-1
19182.2148	-1
19192.5723	-1
19202.9297	-1
19213.2871	-1
19223.6445	-1
19234.0020	-1
19244.3594	-1
19254.7168	-1
19265.0742	1
19275.4316	1
19285.7891	1
19296.1465	-1
19306.5039	-1
19316.8613	-1
19327.2188	-1
19337.5762	-1
19347.9336	-1
19358.2910	1
19368.6484	-1
19379.0059	-1
19389.3633	-1
19399.7207	-1
19410.0781	-1
19420.4355	-1
19430.7930	-1
19441.1504	-1
19451.5078	-1
19461.8652	-1
19472.2227	-1
19482.5801	-1
19492.9395	1
19503.2988	1
19513.6582	1
19524.0176	1
19534.3770	-1
19544.7363	-1
19555.0957	-1
19565.4551	-1
19575.8145	-1
19586.1738	-1
19596.5332	1
19606.8926	1
19617.2520	1
19627.6113	1
19637.9707	-1
19648.3301	-1
19658.6895	-1
19669.0488	-1
19679.4082	-1
19689.7676	-1
19700.1270	1
19710.4863	1
19720.8457	1
19731.2051	1
19741.5684	-1
19751.9316	-1
19762.2949	-1
19772.6582	-1
19783.0215	-1
19793.3848	-1
19803.7480	-1
19814.1113	-1
19824.4746	-1
19834.8379	-1
19845.2012	-1
19855.5645	-1
19865.9277	-1
19876.2910	-1
19886.6543	-1
19897.0176	-1
19907.3809	-1
19917.7441	-1
19928.1074	-1
19938.4707	-1
19948.8340	-1
19959.1973	-1
19969.5605	-1
19979.9238	-1
19990.2871	-1
20000.6504	-1
20011.0137	-1
20021.3770	-1
20031.7402	-1
20042.1035	-1
20052.4668	-1
20062.8301	-1
20073.1934	-1
20083.5566	-1
20093.9199	-1
20104.2832	-1
20114.6465	-1
20125.0098	-1
20135.3730	-1
20145.7363	-1
20156.1016	-1
20166.4668	-1
20176.8320	-1
20187.1973	-1
20197.5625	-1
20207.9277	-1
20218.2930	-1
20228.6582	-1
20239.0234	-1
20249.3887	-1
20259.7539	-1
20270.1191	-1
20280.4844	-1
20290.8496	-1
20301.2148	1
20311.5801	1
20321.9453	1
20332.3105	1
20342.6758	1
20353.0410	1
20363.4062	1
20373.7734	-1
20384.1406	-1
20394.5078	-1
20404.8750	-1
20415.2422	-1
20425.6094	-1
20435.9766	-1
20446.3438	-1
20456.7109	-1
20467.0781	-1
20477.4453	-1
20487.8125	-1
20498.1816	-1
20508.5508	-1
20518.9199	-1
20529.2891	-1
20539.6582	-1
20550.0273	-1
20560.3965	-1
20570.7656	-1
20581.1348	-1
20591.5039	-1
20601.8730	-1
20612.2422	-1
20622.6113	-1
20632.9805	-1
20643.3496	-1
20653.7188	-1
20664.0879	-1
20674.4570	-1
20684.8262	-1
20695.1953	-1
20705.5645	-1
20715.9336	-1
20726.3027	-1
20736.6719	-1
20747.0430	-1
20757.4141	-1
20767.7852	-1
20778.1562	-1
20788.5273	-1
20798.8984	-1
20809.2695	-1
20819.6406	-1
20830.0117	-1
20840.3828	-1
20850.7539	-1
20861.1250	-1
20871.4961	-1
20881.8672	-1
20892.2383	-1
20902.6094	-1
20912.9805	-1
20923.3516	-1
20933.7227	-1
20944.0938	-1
20954.4648	-1
20964.8359	-1
20975.2070	-1
20985.5781	-1
20995.9492	-1
21006.3203	-1
21016.6914	-1
21027.0625	-1
21037.4336	-1
21047.8047	-1
21058.1758	-1
21068.5469	-1
21078.9180	-1
21089.2891	-1
21099.6602	-1
21110.0312	-1
21120.4023	-1
21130.7734	-1
21141.1445	-1
21151.5156	-1
21161.8867	-1
21172.2578	-1
21182.6289	-1
21193.0117	1
21203.3965	-1
21213.7812	1
21224.1660	1
21234.5527	-1
21244.9395	-1
21255.3262	-1
21265.7129	-1
21276.0996	-1
21286.4863	-1
21296.8730	-1
21307.2598	-1
21317.6465	-1
21328.0332	-1
21338.4199	-1
21348.8066	-1
21359.2031	1
21369.6016	-1
21380.0000	1
21390.3984	1
21400.7988	-1
21411.1992	-1
21421.5996	-1
21432.0000	-1
21442.4004	-1
21452.8008	-1
21463.2012	-1
21473.6016	-1
21484.0020	-1
21494.4023	-1
21504.8027	-1
21515.2031	-1
21525.6035	1
21536.0039	1
21546.4043	1
21556.8047	1
21567.2070	-1
21577.6094	-1
21588.0117	-1
21598.4141	-1
21608.8164	-1
21619.2188	-1
21629.6211	-1
21640.0234	-1
21650.4258	-1
21660.8281	-1
21671.2305	-1
21681.6328	-1
21692.0352	1
21702.4375	1
21712.8418	-1
21723.2461	-1
21733.6504	-1
21744.0547	-1
21754.4590	-1
21764.8633	-1
21775.2676	-1
21785.6719	-1
21796.0762	-1
21806.4805	-1
21816.8848	-1
21827.2891	-1
21837.6934	1
21848.0977	1
21858.5020	1
21868.9062	1
21879.3105	1
21889.7148	1
21900.1191	-1
21910.5234	-1
21920.9277	-1
21931.3320	-1
21941.7363	-1
21952.1406	-1
21962.5469	1
21972.9531	1
21983.3594	-1
21993.7656	-1
22004.1719	-1
22014.5781	-1
22024.9844	-1
22035.3906	-1
22045.7969	-1
22056.2031	-1
22066.6094	-1
22077.0156	-1
22087.4219	-1
22097.8281	-1
22108.2363	1
22118.6445	1
22129.0527	-1
22139.4609	-1
22149.8691	-1
22160.2773	-1
22170.6855	-1
22181.0938	-1
22191.5020	1
22201.9102	1
22212.3184	-1
22222.7266	-1
22233.1348	-1
22243.5430	-1
22253.9512	-1
22264.3594	-1
22274.7695	1
22285.1797	1
22295.5898	1
22306.0000	1
22316.4102	-1
22326.8203	-1
22337.2305	-1
22347.6406	-1
22358.0508	-1
22368.4609	-1
22378.8711	-1
22389.2812	-1
22399.6914	-1
22410.1016	-1
22420.5117	-1
22430.9219	-1
22441.3320	-1
22451.7422	-1
22462.1523	-1
22472.5625	-1
22482.9727	-1
22493.3828	-1
22503.7930	-1
22514.2031	-1
22524.6133	-1
22535.0234	-1
22545.4336	-1
22555.8438	-1
22566.2539	-1
22576.6641	-1
22587.0742	-1
22597.4844	-1
22607.8945	-1
22618.3047	-1
22628.7168	1
22639.1289	1
22649.5410	1
22659.9531	1
22670.3652	1
22680.7773	1
22691.1895	1
22701.6016	1
22712.0137	1
22722.4258	1
22732.8379	-1
22743.2500	-1
22753.6621	-1
22764.0742	-1
22774.4863	-1
22784.8984	-1
22795.3105	-1
22805.7227	-1
22816.1348	-1
22826.5469	-1
22836.9590	-1
22847.3711	-1
22857.7871	1
22868.2031	1
22878.6191	1
22889.0352	1
22899.4512	-1
22909.8672	-1
22920.2832	-1
22930.6992	-1
22941.1152	-1
22951.5312	-1
22961.9492	1
22972.3672	1
22982.7852	-1
22993.2031	-1
23003.6211	-1
23014.0391	-1
23024.4570	-1
23034.8750	-1
23045.2930	-1
23055.7109	-1
23066.1289	-1
23076.5469	-1
23086.9648	-1
23097.3828	-1
23107.8027	1
23118.2227	-1
23128.6426	-1
23139.0625	-1
23149.4824	-1
23159.9023	-1
23170.3223	-1
23180.7422	-1
23191.1621	-1
23201.5820	-1
23212.0020	-1
23222.4219	-1
23232.8418	-1
23243.2617	-1
23253.6816	-1
23264.1016	-1
23274.5215	-1
23284.9414	-1
23295.3613	-1
23305.7812	-1
23316.2012	-1
23326.6211	-1
23337.0410	-1
23347.4609	-1
23357.8809	-1
23368.3008	-1
23378.7207	-1
23389.1406	-1
23399.5605	-1
23409.9805	-1
23420.4004	-1
23430.8223	-1
23441.2441	-1
23451.6660	-1
23462.0879	-1
23472.5098	-1
23482.9316	-1
23493.3535	-1
23503.7754	-1
23514.1973	-1
23524.6191	-1
23535.0410	-1
23545.4629	-1
23555.8848	1
23566.3066	-1
23576.7285	-1
23587.1504	-1
23597.5723	-1
23607.9941	-1
23618.4160	-1
23628.8379	-1
23639.2598	-1
23649.6816	-1
23660.1035	-1
23670.5254	-1
23680.9473	-1
23691.3691	-1
23701.7910	-1
23712.2129	-1
23722.6348	-1
23733.0566	-1
23743.4785	-1
23753.9004	-1
23764.3223	-1
23774.7441	-1
23785.1660	-1
23795.5879	-1
23806.0098	-1
23816.4316	-1
23826.8535	-1
23837.2754	-1
23847.6973	-1
23858.1191	-1
23868.5410	-1
23878.9629	-1
23889.3848	-1
23899.8066	-1
23910.2285	-1
23920.6504	-1
23931.0723	-1
23941.4941	1
23951.9160	1
23962.3379	1
23972.7598	1
23983.1816	1
23993.6035	1
24004.0254	1
24014.4473	1
24024.8711	1
24035.2949	1
24045.7188	1
24056.1426	1
24066.5664	1
24076.9902	1
24087.4141	1
24097.8379	1
24108.2617	1
24118.6855	-1
24129.1094	-1
24139.5332	-1
24149.9570	-1
24160.3809	-1
24170.8047	-1
24181.2305	-1
24191.6562	-1
24202.0820	-1
24212.5078	-1
24222.9336	-1
24233.3594	-1
24243.7852	-1
24254.2109	-1
24264.6367	-1
24275.0625	-1
24285.4883	-1
24295.9141	-1
24306.3418	-1
24316.7695	-1
24327.1973	-1
24337.6250	-1
24348.0527	-1
24358.4805	-1
24368.9082	-1
24379.3359	-1
24389.7637	-1
24400.1914	-1
24410.6191	-1
24421.0469	-1
24431.4746	-1
24441.9023	-1
24452.3301	-1
24462.7578	-1
24473.1855	-1
24483.6133	-1
24494.0410	-1
24504.4688	-1
24514.8965	-1
24525.3242	-1
24535.7520	-1
24546.1797	-1
24556.6094	-1
24567.0391	-1
24577.4688	-1
24587.8984	-1
24598.3281	-1
24608.7578	-1
24619.1875	-1
24629.6172	-1
24640.0469	-1
24650.4766	-1
24660.9062	-1
24671.3359	-1
24681.7656	-1
24692.1953	-1
24702.6250	-1
24713.0547	-1
24723.4844	-1
24733.9141	-1
24744.3457	-1
24754.7773	-1
24765.2090	-1
24775.6406	-1
24786.0723	-1
24796.5039	-1
24806.9355	-1
24817.3672	-1
24827.7988	-1
24838.2305	-1
24848.6621	-1
24859.0938	-1
24869.5254	-1
24879.9570	-1
24890.3887	-1
24900.8203	-1
24911.2520	-1
24921.6836	-1
24932.1152	-1
24942.5469	-1
24952.9785	-1
24963.4102	-1
24973.8418	-1
24984.2734	-1
24994.7051	-1
25005.1367	-1
25015.5684	-1
25026.0000	-1
25036.4316	-1
25046.8633	-1
25057.2969	-1
25067.7305	-1
25078.1641	-1
25088.5977	-1
25099.0312	-1
25109.4648	-1
25119.8984	-1
25130.3320	-1
25140.7656	-1
25151.1992	-1
25161.6328	-1
25172.0664	-1
25182.5000	-1
25192.9336	-1
25203.3672	-1
25213.8008	-1
25224.2344	-1
25234.6680	-1
25245.1035	-1
25255.5391	-1
25265.9746	-1
25276.4102	-1
25286.8457	-1
25297.2812	-1
25307.7168	-1
25318.1523	-1
25328.5879	-1
25339.0234	-1
25349.4590	-1
25359.8945	-1
25370.3301	-1
25380.7656	-1
25391.2012	-1
25401.6367	-1
25412.0723	-1
25422.5078	-1
25432.9434	-1
25443.3789	-1
25453.8145	-1
25464.2500	-1
25474.6855	-1
25485.1211	-1
25495.5566	-1
25505.9922	-1
25516.4277	-1
25526.8633	-1
25537.2988	-1
25547.7344	-1
25558.1699	-1
25568.6055	-1
25579.0410	-1
25589.4766	-1
25599.9121	-1
25610.3477	-1
25620.7832	-1
25631.2188	-1
25641.6543	-1
25652.0898	-1
25662.5391	1
25672.9883	-1
25683.4375	1
25693.8867	1
25704.3379	-1
25714.7891	-1
25725.2402	-1
25735.6914	-1
25746.1426	-1
25756.5938	-1
25767.0449	-1
25777.4961	-1
25787.9473	-1
25798.3984	-1
25808.8496	-1
25819.3008	-1
25829.7520	1
25840.2031	1
25850.6543	1
25861.1055	1
25871.5586	-1
25882.0117	-1
25892.4648	-1
25902.9180	-1
25913.3711	-1
25923.8242	-1
25934.2773	-1
25944.7305	-1
25955.1836	-1
25965.6367	-1
25976.0898	-1
25986.5430	-1
25996.9961	-1
26007.4492	-1
26017.9023	-1
26028.3555	-1
26038.8086	-1
26049.2617	-1
26059.7148	-1
26070.1680	-1
26080.6211	-1
26091.0742	-1
26101.5273	-1
26111.9805	-1
26122.4336	1
26132.8887	-1
26143.3438	-1
26153.7988	-1
26164.2539	-1
26174.7188	1
26185.1855	-1
26195.6523	1
26206.1191	1
26216.5879	-1
26227.0566	-1
26237.5254	-1
26248.0039	1
26258.4844	-1
26268.9648	1
26279.4453	1
26289.9258	-1
26300.4082	-1
26310.9004	1
26321.3926	-1
26331.8848	1
26342.3770	1
26352.8711	-1
26363.3652	-1
26373.8594	-1
26384.3535	-1
26394.8477	-1
26405.3418	-1
26415.8359	-1
26426.3301	-1
26436.8242	-1
26447.3184	-1
26457.8125	-1
26468.3066	-1
26478.8008	1
26489.2949	1
26499.7891	1
26510.2832	1
26520.7773	-1
26531.2715	-1
26541.7656	-1
26552.2598	-1
26562.7539	-1
26573.2480	-1
26583.7422	-1
26594.2363	-1
26604.7305	-1
26615.2246	-1
26625.7188	-1
26636.2129	-1
26646.7070	-1
26657.2012	-1
26667.6953	-1
26678.1895	-1
26688.6836	-1
26699.1777	-1
26709.6719	-1
26720.1660	-1
26730.6719	1
26741.1777	-1
26751.6836	1
26762.1895	1
26772.6973	-1
26783.2051	-1
26793.7129	-1
26804.2207	-1
26814.7285	-1
26825.2363	-1
26835.7441	-1
26846.2520	-1
26856.7598	-1
26867.2773	1
26877.7949	-1
26888.3125	1
26898.8301	1
26909.3496	-1
26919.8691	-1
26930.3887	-1
26940.9180	1
26951.4492	-1
26961.9805	1
26972.5117	1
26983.0430	-1
26993.5762	-1
27004.1191	1
27014.6621	-1
27025.2051	1
27035.7480	1
27046.2930	-1
27056.8379	-1
27067.3926	1
27077.9473	-1
27088.5020	1
27099.0566	1
27109.6133	-1
27120.1699	-1
27130.7363	1
27141.3047	-1
27151.8730	1
27162.4414	1
27173.0098	-1
27183.5781	-1
27194.1562	1
27204.7363	-1
27215.3164	1
27225.8965	1
27236.4785	-1
27247.0605	-1
27257.6426	-1
27268.2246	-1
27278.8066	-1
27289.3887	-1
27299.9707	-1
27310.5527	-1
27321.1348	-1
27331.7168	-1
27342.2988	-1
27352.8809	-1
27363.4629	1
27374.0449	1
27384.6270	1
27395.2090	1
27405.7930	-1
27416.3770	-1
27426.9609	-1
27437.5449	-1
27448.1289	-1
27458.7129	-1
27469.2969	-1
27479.8809	-1
27490.4648	-1
27501.0488	-1
27511.6328	-1
27522.2168	-1
27532.8008	-1
27543.3848	-1
27553.9688	-1
27564.5527	-1
27575.1367	-1
27585.7207	-1
27596.3047	1
27606.8887	-1
27617.4727	-1
27628.0566	-1
27638.6406	-1
27649.2246	-1
27659.8086	-1
27670.3926	1
27680.9766	1
27691.5605	1
27702.1445	1
27712.7285	1
27723.3125	1
27733.8984	-1
27744.4844	-1
27755.0703	-1
27765.6562	-1
27776.2422	-1
27786.8281	-1
27797.4160	-1
27808.0039	-1
27818.5918	-1
27829.1797	-1
27839.7676	-1
27850.3555	-1
27860.9434	-1
27871.5312	-1
27882.1191	-1
27892.7070	-1
27903.2949	-1
27913.8828	-1
27924.4707	-1
27935.0586	-1
27945.6465	-1
27956.2344	-1
27966.8223	-1
27977.4102	-1
27987.9980	-1
27998.5859	-1
28009.1738	-1
28019.7617	-1
28030.3496	-1
28040.9375	-1
28051.5254	-1
28062.1133	-1
28072.7012	-1
28083.2891	-1
28093.8770	-1
28104.4648	-1
28115.0527	-1
28125.6406	-1
28136.2285	-1
28146.8281	1
28157.4297	-1
28168.0312	1
28178.6328	1
28189.2344	-1
28199.8359	-1
28210.4473	1
28221.0605	-1
28231.6738	1
28242.2871	1
28252.9023	-1
28263.5176	-1
28274.1328	-1
28284.7480	-1
28295.3633	-1
28305.9785	-1
28316.5938	-1
28327.2090	-1
28337.8242	-1
28348.4395	-1
28359.0547	-1
28369.6699	-1
28380.2852	1
28390.9004	1
28401.5156	1
28412.1309	1
28422.7480	-1
28433.3652	-1
28443.9824	-1
28454.5996	-1
28465.2168	-1
28475.8340	-1
28486.4512	-1
28497.0684	-1
28507.6855	-1
28518.3027	-1
28528.9199	-1
28539.5371	-1
28550.1543	-1
28560.7715	-1
28571.3887	-1
28582.0059	-1
28592.6230	-1
28603.2402	-1
28613.8574	-1
28624.4746	-1
28635.0918	-1
28645.7090	-1
28656.3262	-1
28666.9434	-1
28677.5605	1
28688.1777	1
28698.7969	-1
28709.4160	-1
28720.0352	-1
28730.6543	-1
28741.2734	-1
28751.8926	-1
28762.5117	-1
28773.1406	1
28783.7715	-1
28794.4023	1
28805.0332	1
28815.6660	-1
28826.2988	-1
28836.9316	-1
28847.5645	-1
28858.1973	-1
28868.8301	-1
28879.4629	-1
28890.0957	-1
28900.7285	-1
28911.3613	-1
28921.9941	-1
28932.6270	-1
28943.2598	1
28953.8926	1
28964.5254	1
28975.1582	1
28985.7930	-1
28996.4277	-1
29007.0625	-1
29017.6973	-1
29028.3320	-1
29038.9668	-1
29049.6016	-1
29060.2363	-1
29070.8711	-1
29081.5059	-1
29092.1406	-1
29102.7754	-1
29113.4102	-1
29124.0449	-1
29134.6797	-1
29145.3145	-1
29155.9492	-1
29166.5840	-1
29177.2188	-1
29187.8535	-1
29198.4883	-1
29209.1230	-1
29219.7578	-1
29230.3926	-1
29241.0273	1
29251.6621	1
29262.2969	1
29272.9316	1
29283.5664	1
29294.2012	1
29304.8359	1
29315.4707	1
29326.1074	-1
29336.7441	-1
29347.3809	-1
29358.0176	-1
29368.6543	-1
29379.2910	-1
29389.9277	-1
29400.5645	-1
29411.2012	-1
29421.8379	-1
29432.4746	-1
29443.1113	-1
29453.7480	-1
29464.3848	-1
29475.0215	-1
29485.6582	-1
29496.2949	-1
29506.9316	-1
29517.5703	1
29528.2090	1
29538.8477	1
29549.4863	1
29560.1250	-1
29570.7637	-1
29581.4023	-1
29592.0410	-1
29602.6797	-1
29613.3184	-1
29623.9570	-1
29634.5957	-1
29645.2344	-1
29655.8730	-1
29666.5117	-1
29677.1504	-1
29687.7910	-1
29698.4316	-1
29709.0723	-1
29719.7129	-1
29730.3535	-1
29740.9941	-1
29751.6348	-1
29762.2754	-1
29772.9160	-1
29783.5566	-1
29794.1973	-1
29804.8379	-1
29815.4785	-1
29826.1191	-1
29836.7598	-1
29847.4004	-1
29858.0410	-1
29868.6816	-1
29879.3223	-1
29889.9629	-1
29900.6035	-1
29911.2441	-1
29921.8848	-1
29932.5254	-1
29943.1660	-1
29953.8066	-1
29964.4473	-1
29975.0879	-1
29985.7285	-1
29996.3691	-1
30007.0117	-1
30017.6543	-1
30028.2969	-1
30038.9395	-1
30049.5820	-1
30060.2246	-1
30070.8672	-1
30081.5195	1
30092.1738	-1
30102.8281	1
30113.4824	1
30124.1387	-1
30134.7949	-1
30145.4609	1
30156.1289	-1
30166.7969	1
30177.4648	1
30188.1328	-1
30198.8027	-1
30209.4824	1
30220.1641	-1
30230.8457	1
30241.5273	1
30252.2090	-1
30262.8926	-1
30273.5859	1
30284.2793	-1
30294.9727	1
30305.6660	1
30316.3613	-1
30327.0566	-1
30337.7617	1
30348.4668	-1
30359.1738	1
30369.8809	1
30380.5879	-1
30391.2949	-1
30402.0117	1
30412.7305	-1
30423.4492	1
30434.1680	1
30444.8867	-1
30455.6055	-1
30466.3242	-1
30477.0547	1
30487.7852	-1
30498.5156	1
30509.2461	1
30519.9785	-1
30530.7109	-1
30541.4434	-1
30552.1855	1
30562.9297	-1
30573.6738	1
30584.4180	1
30595.1621	-1
30605.9062	-1
30616.6602	1
30627.4160	-1
30638.1719	1
30648.9277	1
30659.6855	-1
30670.4434	-1
30681.2012	-1
30691.9688	1
30702.7363	-1
30713.5059	1
30724.2754	1
30735.0449	-1
30745.8145	-1
30756.5840	-1
30767.3652	1
30778.1465	-1
30788.9277	1
30799.7090	1
30810.4922	-1
30821.2754	-1
30832.0684	1
30842.8633	-1
30853.6582	1
30864.4531	1
30875.2480	-1
30886.0430	-1
30896.8477	1
30907.6543	-1
30918.4609	1
30929.2676	1
30940.0762	-1
30950.8848	-1
30961.6934	-1
30972.5020	-1
30983.3105	-1
30994.1191	-1
31004.9277	-1
31015.7363	-1
31026.5449	-1
31037.3535	-1
31048.1621	-1
31058.9707	-1
31069.7793	1
31080.5879	1
31091.3965	1
31102.2051	1
31113.0156	-1
31123.8262	-1
31134.6367	-1
31145.4473	-1
31156.2578	-1
31167.0684	-1
31177.8789	1
31188.6895	1
31199.5000	-1
31210.3105	-1
31221.1211	-1
31231.9316	-1
31242.7422	-1
31253.5527	-1
31264.3633	-1
31275.1738	-1
31285.9844	-1
31296.7949	-1
31307.6055	-1
31318.4160	-1
31329.2266	-1
31340.0371	-1
31350.8477	-1
31361.6582	-1
31372.4688	-1
31383.2793	-1
31394.0918	-1
31404.9043	-1
31415.7168	-1
31426.5293	-1
31437.3418	-1
31448.1543	-1
31458.9668	-1
31469.7793	-1
31480.5918	-1
31491.4043	-1
31502.2168	-1
31513.0391	1
31523.8633	-1
31534.6875	1
31545.5117	1
31556.3379	-1
31567.1641	-1
31577.9902	-1
31588.8164	-1
31599.6426	-1
31610.4688	-1
31621.2949	-1
31632.1211	-1
31642.9473	-1
31653.7734	-1
31664.5996	-1
31675.4258	-1
31686.2520	1
31697.0781	1
31707.9043	1
31718.7305	-1
31729.5566	-1
31740.3828	-1
31751.2090	-1
31762.0352	-1
31772.8613	-1
31783.6875	-1
31794.5137	-1
31805.3398	-1
31816.1660	-1
31826.9922	-1
31837.8203	-1
31848.6484	-1
31859.4863	1
31870.3262	-1
31881.1660	1
31892.0059	1
31902.8457	-1
31913.6855	-1
31924.5254	-1
31935.3652	-1
31946.2051	-1
31957.0449	-1
31967.8867	-1
31978.7285	-1
31989.5703	-1
32000.4121	-1
32011.2539	-1
32022.0957	-1
32032.9375	1
32043.7793	1
32054.6211	1
32065.4629	1
32076.3066	-1
32087.1504	-1
32097.9941	-1
32108.8379	-1
32119.6816	-1
32130.5254	-1
32141.3691	-1
32152.2129	-1
32163.0566	-1
32173.9004	-1
32184.7441	-1
32195.5879	-1
32206.4316	-1
32217.2754	-1
32228.1191	-1
32238.9629	-1
32249.8066	-1
32260.6504	-1
32271.4941	-1
32282.3379	-1
32293.1816	-1
32304.0254	-1
32314.8691	-1
32325.7129	-1
32336.5566	1
32347.4004	1
32358.2441	1
32369.0879	1
32379.9316	1
32390.7754	1
32401.6191	1
32412.4629	1
32423.3086	-1
32434.1543	-1
32445.0000	-1
32455.8457	-1
32466.6914	-1
32477.5371	-1
32488.3828	-1
32499.2285	-1
32510.0742	-1
32520.9199	-1
32531.7656	-1
32542.6113	-1
32553.4590	-1
32564.3066	-1
32575.1543	-1
32586.0020	-1
32596.8496	-1
32607.6973	-1
32618.5449	-1
32629.3926	-1
32640.2402	-1
32651.0879	-1
32661.9355	-1
32672.7832	-1
32683.6309	-1
32694.4785	-1
32705.3262	-1
32716.1738	-1
32727.0215	-1
32737.8691	-1
32748.7168	1
32759.5645	1
32770.4102	-1
32781.2578	-1
32792.1055	-1
32802.9531	-1
32813.8008	-1
32824.6484	-1
32835.4961	1
32846.3438	1
32857.1914	1
32868.0391	1
32878.8867	1
32889.7344	1
32900.5820	1
32911.4297	1
32922.2773	1
32933.1250	1
32943.9727	-1
32954.8203	-1
32965.6680	-1
32976.5156	-1
32987.3633	-1
32998.2109	-1
33009.0586	-1
33019.9062	-1
33030.7539	-1
33041.6016	-1
33052.4492	-1
33063.2969	-1
33074.1445	1
33084.9922	1
33095.8398	1
33106.6914	1
33117.5430	-1
33128.3945	-1
33139.2461	-1
33150.0977	-1
33160.9492	-1
33171.8008	-1
33182.6523	1
33193.5039	1
33204.3555	-1
33215.2070	-1
33226.0586	-1
33236.9102	-1
33247.7617	-1
33258.6133	-1
33269.4648	-1
33280.3164	-1
33291.1680	-1
33302.0195	-1
33312.8711	-1
33323.7227	-1
33334.5781	1
33345.4336	1
33356.2891	1
33367.1445	1
33378.0000	-1
33388.8555	-1
33399.7109	-1
33410.5664	-1
33421.4219	-1
33432.2773	-1
33443.1328	-1
33453.9883	-1
33464.8438	-1
33475.6992	-1
33486.5547	-1
33497.4102	-1
33508.2656	1
33519.1211	1
33529.9766	1
33540.8320	1
33551.6875	-1
33562.5430	-1
33573.3984	-1
33584.2539	-1
33595.1094	-1
33605.9648	-1
33616.8242	-1
33627.6836	-1
33638.5430	-1
33649.4023	-1
33660.2617	-1
33671.1211	-1
33681.9805	-1
33692.8398	-1
33703.6992	-1
33714.5586	-1
33725.4180	-1
33736.2773	-1
33747.1367	-1
33757.9961	-1
33768.8555	-1
33779.7148	-1
33790.5742	-1
33801.4336	-1
33812.2930	-1
33823.1523	-1
33834.0117	-1
33844.8711	-1
33855.7305	-1
33866.5898	-1
33877.4492	-1
33888.3086	-1
33899.1680	-1
33910.0273	-1
33920.8867	-1
33931.7461	-1
33942.6055	-1
33953.4648	-1
33964.3242	-1
33975.1836	-1
33986.0430	-1
33996.9023	-1
34007.7617	-1
34018.6211	-1
34029.4805	-1
34040.3398	-1
34051.1992	-1
34062.0586	-1
34072.9180	-1
34083.7773	-1
34094.6367	-1
34105.4961	-1
34116.3555	-1
34127.2148	-1
34138.0742	-1
34148.9336	-1
34159.7930	-1
34170.6523	-1
34181.5117	-1
34192.3711	-1
34203.2305	-1
34214.0898	-1
34224.9492	-1
34235.8086	-1
34246.6680	-1
34257.5273	-1
34268.3867	-1
34279.2461	-1
34290.1055	-1
34300.9648	-1
34311.8242	-1
34322.6836	-1
34333.5430	1
34344.4023	1
34355.2617	-1
34366.1211	-1
34376.9805	-1
34387.8398	1
34398.6992	-1
34409.5586	-1
34420.4180	-1
34431.2773	1
34442.1367	1
34452.9961	1
34463.8555	1
34474.7148	1
34485.5742	1
34496.4336	1
34507.2969	-1
34518.1602	-1
34529.0234	-1
34539.8867	-1
34550.7500	-1
34561.6133	-1
34572.4766	-1
34583.3398	-1
34594.2031	-1
34605.0664	-1
34615.9297	-1
34626.7930	-1
34637.6562	-1
34648.5195	-1
34659.3828	-1
34670.2461	-1
34681.1094	-1
34691.9727	-1
34702.8359	-1
34713.6992	-1
34724.5625	-1
34735.4258	-1
34746.2891	-1
34757.1523	-1
34768.0156	-1
34778.8789	-1
34789.7422	-1
34800.6055	-1
34811.4688	-1
34822.3320	-1
34833.1953	-1
34844.0586	-1
34854.9219	-1
34865.7852	-1
34876.6484	-1
34887.5117	-1
34898.3789	-1
34909.2461	-1
34920.1133	-1
34930.9805	-1
34941.8477	-1
34952.7148	-1
34963.5820	-1
34974.4492	-1
34985.3164	-1
34996.1836	-1
35007.0508	-1
35017.9180	-1
35028.7852	-1
35039.6523	-1
35050.5195	-1
35061.3867	-1
35072.2539	-1
35083.1211	-1
35093.9883	-1
35104.8555	-1
35115.7227	-1
35126.5898	-1
35137.4570	-1
35148.3242	-1
35159.1914	-1
35170.0586	-1
35180.9258	-1
35191.7930	-1
35202.6602	-1
35213.5273	-1
35224.3945	-1
35235.2617	-1
35246.1289	-1
35256.9961	-1
35267.8633	-1
35278.7305	-1
35289.5977	-1
35300.4648	-1
35311.3320	-1
35322.1992	-1
35333.0664	-1
35343.9336	-1
35354.8008	-1
35365.6680	-1
35376.5352	-1
35387.4023	-1
35398.2695	-1
35409.1367	-1
35420.0039	-1
35430.8711	-1
35441.7383	-1
35452.6055	-1
35463.4727	-1
35474.3398	-1
35485.2070	-1
35496.0742	-1
35506.9414	-1
35517.8086	-1
35528.6758	-1
35539.5430	-1
35550.4102	-1
35561.2773	-1
35572.1445	-1
35583.0117	-1
35593.8789	-1
35604.7461	-1
35615.6133	-1
35626.4805	-1
35637.3477	-1
35648.2148	-1
35662.5156	1
35676.8164	-1
