0.3041	888
0.3642	888
0.3723	888
0.6102	888
0.6874	888
0.8429	888
1.3585	888
1.4593	888
1.5253	888
1.6641	888
1.6781	888
1.7745	888
1.8057	888
1.8282	888
1.9454	888
2.0373	888
2.0549	888
2.1546	888
2.3459	888
2.4176	888
2.4262	888
2.4280	888
2.4459	888
2.4709	888
2.6691	888
2.7394	888
2.8561	888
2.9289	888
3.0715	888
3.0718	888
3.1069	888
3.1232	888
3.1742	888
3.2563	888
3.4474	888
3.4847	888
3.6543	888
3.7149	888
3.7790	888
3.8274	888
3.8498	888
3.8950	888
3.9536	888
4.0515	888
4.1054	888
4.1447	888
4.1568	888
4.2707	888
4.2925	888
4.3108	888
4.4380	888
4.5108	888
4.6586	888
4.7107	888
4.7404	888
4.8147	888
4.9990	888
5.1331	888
5.2760	888
5.3651	888
5.5670	888
6.3531	1
6.3602	888
6.5384	888
6.6864	888
6.7470	888
6.8464	888
6.9633	888
7.1190	888
7.6874	888
9.0286	888
12.7069	-1
13.6807	-888
13.8464	-888
13.9915	-888
15.1520	-888
15.9149	-888
16.5528	-888
16.9019	-888
17.0470	-888
17.6298	-888
17.6673	-888
18.3922	-888
18.5066	-888
18.5557	-888
18.8646	-888
18.8654	-888
19.0843	-888
19.2754	-888
19.6287	-888
19.7149	-888
19.7803	-888
20.0837	-888
20.6059	-888
21.0360	-888
21.3421	-888
21.6651	-888
21.7295	-888
22.6487	-888
22.6705	1
24.2948	-888
25.9921	-888
32.6360	-1
42.6020	1
52.5682	1
62.5356	-1
72.5030	-1
82.4707	-1
92.4522	1
102.4353	-1
112.4187	1
122.4022	1
132.3871	-1
142.3719	-1
152.3568	-1
162.3416	-1
172.3265	-1
182.3114	-1
192.2963	-1
202.2813	-1
212.2663	-1
222.2651	1
232.2655	-1
242.2662	1
252.2671	1
262.2689	-1
272.2707	-1
282.2726	-1
292.2744	-1
302.2763	-1
312.2781	-1
322.2803	-1
332.2824	-1
342.2845	-1
352.2867	-1
362.2888	-1
372.2910	-1
382.2935	1
392.2961	1
402.2999	-1
412.3036	-1
422.3074	-1
432.3111	-1
442.3149	-1
452.3186	-1
462.3225	-1
472.3264	-1
482.3302	-1
492.3341	-1
502.3380	-1
512.3610	1
522.3854	-1
532.4103	1
542.4353	1
552.4620	-1
562.4886	-1
572.5153	-1
582.5420	-1
592.5687	-1
602.5970	-1
612.6410	1
622.6866	-1
632.7326	1
642.7787	1
652.8260	-1
662.8734	-1
672.9208	-1
682.9681	-1
693.0155	-1
703.0629	-1
713.1104	-1
723.1578	-1
733.2053	-1
743.2528	-1
753.3003	-1
763.3478	-1
773.3958	1
783.4438	1
793.4918	1
803.5399	1
813.5898	-1
823.6398	-1
833.6897	-1
843.7396	-1
853.7896	-1
863.8395	-1
873.8895	-1
883.9396	-1
893.9896	-1
904.0397	-1
914.0897	-1
924.1398	-1
934.1900	-1
944.2402	-1
954.2905	-1
964.3407	-1
974.3909	-1
984.4412	-1
994.4915	-1
1004.5419	-1
1014.5922	-1
1024.6426	-1
1034.6930	-1
1044.7434	-1
1054.7941	1
1064.8450	1
1074.8960	1
1084.9471	1
1094.9994	-1
1105.0516	-1
1115.1039	-1
1125.1561	-1
1135.2085	-1
1145.2609	-1
1155.3134	-1
1165.3658	-1
1175.4183	-1
1185.4708	-1
1195.5233	-1
1205.5758	-1
1215.6292	-1
1225.6825	-1
1235.7358	-1
1245.7892	-1
1255.8425	-1
1265.8959	-1
1275.9493	-1
1286.0028	-1
1296.0563	-1
1306.1097	-1
1316.1772	1
1326.2463	-1
1336.3158	1
1346.3854	1
1356.4563	-1
1366.5273	-1
1376.5984	-1
1386.6694	-1
1396.7405	-1
1406.8115	-1
1416.8826	-1
1426.9536	-1
1437.0247	-1
1447.0957	-1
1457.1820	1
1467.2698	-1
1477.3579	1
1487.4460	1
1497.5354	-1
1507.6248	-1
1517.7142	-1
1527.8037	-1
1537.8932	-1
1547.9827	-1
1558.0856	1
1568.1899	-1
1578.2948	1
1588.3997	1
1598.5057	-1
1608.6118	-1
1618.7179	-1
1628.8240	-1
1638.9301	-1
1649.0361	-1
1659.1423	-1
1669.2485	-1
1679.3547	-1
1689.4609	-1
1699.5671	-1
1709.6733	-1
1719.7799	1
1729.8865	1
1739.9932	1
1750.1000	1
1760.2084	-1
1770.3168	-1
1780.4252	-1
1790.5336	-1
1800.6420	-1
1810.7504	-1
1820.8589	-1
1830.9675	-1
1841.0762	-1
1851.1848	-1
1861.2935	-1
1871.4021	-1
1881.5109	-1
1891.6196	-1
1901.7284	-1
1911.8372	-1
1921.9459	-1
1932.0547	-1
1942.1636	-1
1952.2725	-1
1962.3813	-1
1972.4902	-1
1982.5991	-1
1992.7080	-1
2002.8173	1
2012.9265	1
2023.0359	1
2033.1453	1
2043.2548	1
2053.3643	1
2063.4739	1
2073.5835	1
2083.6960	-1
2093.8086	-1
2103.9211	-1
2114.0337	-1
2124.1462	-1
2134.2588	-1
2144.3716	-1
2154.4844	-1
2164.5972	-1
2174.7100	-1
2184.8228	-1
2194.9355	-1
2205.0488	1
2215.1621	1
2225.2754	1
2235.3887	1
2245.5024	-1
2255.6162	-1
2265.7300	-1
2275.8438	-1
2285.9575	-1
2296.0713	-1
2306.1853	-1
2316.2993	-1
2326.4133	-1
2336.5273	-1
2346.6414	-1
2356.7554	-1
2366.8696	-1
2376.9839	-1
2387.0981	-1
2397.2124	-1
2407.3267	-1
2417.4409	-1
2427.5552	1
2437.6694	1
2447.7839	-1
2457.8984	-1
2468.0129	-1
2478.1274	-1
2488.2419	-1
2498.3564	-1
2508.4709	-1
2518.5854	-1
2528.7000	-1
2538.8145	-1
2548.9290	-1
2559.0435	-1
2569.1582	1
2579.2729	1
2589.3877	-1
2599.5024	-1
2609.6172	-1
2619.7319	-1
2629.8467	-1
2639.9614	-1
2650.0762	1
2660.1912	1
2670.3066	1
2680.4221	1
2690.5376	1
2700.6533	1
2710.7690	1
2720.8848	1
2731.0054	-1
2741.1260	-1
2751.2466	-1
2761.3672	-1
2771.4878	-1
2781.6084	-1
2791.7292	-1
2801.8501	-1
2811.9709	-1
2822.0918	-1
2832.2126	-1
2842.3335	-1
2852.4546	-1
2862.5757	-1
2872.6968	-1
2882.8179	-1
2892.9390	-1
2903.0601	-1
2913.1836	-1
2923.3071	-1
2933.4307	-1
2943.5542	-1
2953.6777	-1
2963.8013	-1
2973.9250	-1
2984.0488	-1
2994.1726	-1
3004.2964	-1
3014.4202	-1
3024.5439	-1
3034.6677	-1
3044.7915	-1
3054.9153	-1
3065.0391	-1
3075.1628	-1
3085.2866	-1
3095.4106	-1
3105.5347	-1
3115.6587	-1
3125.7827	-1
3135.9067	-1
3146.0308	-1
3156.1548	-1
3166.2788	-1
3176.4028	-1
3186.5269	-1
3196.6509	-1
3206.7749	-1
3216.8992	1
3227.0234	1
3237.1477	-1
3247.2720	-1
3257.3962	-1
3267.5205	-1
3277.6448	-1
3287.7690	-1
3297.8933	1
3308.0176	1
3318.1418	1
3328.2661	-1
3338.3906	-1
3348.5151	1
3358.6396	-1
3368.7642	-1
3378.8887	-1
3389.0132	-1
3399.1377	-1
3409.2625	-1
3419.3872	-1
3429.5120	-1
3439.6367	-1
3449.7615	-1
3459.8862	-1
3470.0110	-1
3480.1357	-1
3490.2605	-1
3500.3853	-1
3510.5100	-1
3520.6350	-1
3530.7600	-1
3540.8850	-1
3551.0100	-1
3561.1350	-1
3571.2600	-1
3581.3862	-1
3591.5127	-1
3601.6392	-1
3611.7656	-1
3621.8921	-1
3632.0186	-1
3642.1450	-1
3652.2715	-1
3662.3979	-1
3672.5244	-1
3682.6509	-1
3692.7773	-1
3702.9055	1
3713.0337	1
3723.1619	1
3733.2900	1
3743.4182	1
3753.5466	1
3763.6750	1
3773.8035	1
3783.9319	1
3794.0603	1
3804.1887	1
3814.3171	1
3824.4458	1
3834.5745	1
3844.7031	1
3854.8318	1
3864.9604	1
3875.0891	1
3885.2180	1
3895.3469	1
3905.4763	1
3915.6057	1
3925.7351	1
3935.8645	1
3945.9954	-1
3956.1262	-1
3966.2571	-1
3976.3879	-1
3986.5188	-1
3996.6497	-1
4006.7820	1
4016.9143	1
4027.0491	-1
4037.1838	-1
4047.3186	-1
4057.4534	-1
4067.5881	-1
4077.7229	-1
4087.8579	-1
4097.9927	-1
4108.1274	-1
4118.2622	-1
4128.3970	-1
4138.5317	-1
4148.6685	-1
4158.8052	-1
4168.9419	-1
4179.0786	-1
4189.2153	-1
4199.3521	-1
4209.4888	-1
4219.6255	-1
4229.7622	-1
4239.8989	-1
4250.0356	-1
4260.1724	-1
4270.3091	-1
4280.4458	-1
4290.5825	-1
4300.7192	-1
4310.8560	-1
4320.9927	-1
4331.1294	-1
4341.2661	-1
4351.4028	-1
4361.5400	-1
4371.6772	-1
4381.8145	-1
4391.9517	-1
4402.0889	-1
4412.2261	-1
4422.3633	-1
4432.5005	-1
4442.6377	-1
4452.7778	1
4462.9180	1
4473.0581	1
4483.1982	1
4493.3384	1
4503.4785	1
4513.6187	1
4523.7588	1
4533.8989	1
4544.0391	1
4554.1792	1
4564.3193	1
4574.4595	1
4584.5996	1
4594.7407	-1
4604.8818	-1
4615.0229	-1
4625.1641	-1
4635.3052	-1
4645.4463	-1
4655.5874	-1
4665.7285	-1
4675.8696	-1
4686.0107	-1
4696.1519	-1
4706.2930	-1
4716.4346	-1
4726.5762	-1
4736.7178	-1
4746.8594	-1
4757.0010	-1
4767.1426	-1
4777.2852	-1
4787.4277	-1
4797.5703	-1
4807.7129	-1
4817.8555	-1
4827.9980	-1
4838.1411	-1
4848.2842	-1
4858.4272	-1
4868.5703	-1
4878.7134	-1
4888.8564	-1
4899.0000	-1
4909.1436	-1
4919.2871	-1
4929.4307	-1
4939.5742	-1
4949.7178	-1
4959.8613	-1
4970.0049	-1
4980.1484	-1
4990.2920	-1
5000.4355	-1
5010.5791	-1
5020.7241	-1
5030.8691	-1
5041.0142	-1
5051.1592	-1
5061.3042	-1
5071.4492	-1
5081.5942	-1
5091.7393	-1
5101.8843	-1
5112.0293	-1
5122.1743	-1
5132.3193	-1
5142.4648	-1
5152.6104	-1
5162.7559	-1
5172.9014	-1
5183.0469	-1
5193.1924	-1
5203.3379	-1
5213.4834	-1
5223.6289	-1
5233.7744	-1
5243.9199	-1
5254.0654	-1
5264.2109	-1
5274.3564	-1
5284.5020	-1
5294.6475	-1
5304.7930	-1
5314.9385	-1
5325.0845	1
5335.2305	-1
5345.3765	-1
5355.5225	-1
5365.6685	-1
5375.8145	-1
5385.9604	-1
5396.1064	1
5406.2524	1
5416.3984	1
5426.5444	1
5436.6924	-1
5446.8403	-1
5456.9883	-1
5467.1362	-1
5477.2842	-1
5487.4321	-1
5497.5801	-1
5507.7280	-1
5517.8760	-1
5528.0239	-1
5538.1719	-1
5548.3198	-1
5558.4678	-1
5568.6157	-1
5578.7637	-1
5588.9116	-1
5599.0596	-1
5609.2075	-1
5619.3555	-1
5629.5034	-1
5639.6514	-1
5649.7993	-1
5659.9473	-1
5670.0952	-1
5680.2437	-1
5690.3921	-1
5700.5405	-1
5710.6890	-1
5720.8374	-1
5730.9858	-1
5741.1343	-1
5751.2827	-1
5761.4312	-1
5771.5796	-1
5781.7280	-1
5791.8765	-1
5802.0293	-1
5812.1821	-1
5822.3350	-1
5832.4878	-1
5842.6406	-1
5852.7935	-1
5862.9468	-1
5873.1001	-1
5883.2534	-1
5893.4067	-1
5903.5601	-1
5913.7134	-1
5923.8672	-1
5934.0210	-1
5944.1748	-1
5954.3286	-1
5964.4824	-1
5974.6362	-1
5984.7900	-1
5994.9438	-1
6005.0977	-1
6015.2515	-1
6025.4053	-1
6035.5591	-1
6045.7129	-1
6055.8667	-1
6066.0205	-1
6076.1743	-1
6086.3281	-1
6096.4819	-1
6106.6357	-1
6116.7896	-1
6126.9434	-1
6137.0972	-1
6147.2510	-1
6157.4048	-1
6167.5591	-1
6177.7134	-1
6187.8677	-1
6198.0220	-1
6208.1763	-1
6218.3306	-1
6228.4849	-1
6238.6392	-1
6248.7935	-1
6258.9478	-1
6269.1021	-1
6279.2563	-1
6289.4146	-1
6299.5728	-1
6309.7310	-1
6319.8892	-1
6330.0474	-1
6340.2056	-1
6350.3638	-1
6360.5220	-1
6370.6802	-1
6380.8384	-1
6390.9966	-1
6401.1548	-1
6411.3130	-1
6421.4712	-1
6431.6294	-1
6441.7876	-1
6451.9458	-1
6462.1040	-1
6472.2627	-1
6482.4214	-1
6492.5801	-1
6502.7388	-1
6512.8975	-1
6523.0562	-1
6533.2148	-1
6543.3735	-1
6553.5322	-1
6563.6909	-1
6573.8496	-1
6584.0083	-1
6594.1670	-1
6604.3257	-1
6614.4844	-1
6624.6431	-1
6634.8018	-1
6644.9604	-1
6655.1196	-1
6665.2788	-1
6675.4380	-1
6685.5972	-1
6695.7563	-1
6705.9155	-1
6716.0747	-1
6726.2339	-1
6736.3931	-1
6746.5522	-1
6756.7114	-1
6766.8706	-1
6777.0298	-1
6787.1890	-1
6797.3481	-1
6807.5073	-1
6817.6665	-1
6827.8257	-1
6837.9849	-1
6848.1440	-1
6858.3032	-1
6868.4624	-1
6878.6216	-1
6888.7808	-1
6898.9404	-1
6909.1001	-1
6919.2598	-1
6929.4194	-1
6939.5791	-1
6949.7388	-1
6959.8984	-1
6970.0581	-1
6980.2178	-1
6990.3774	-1
7000.5371	-1
7010.6968	-1
7020.8608	-1
7031.0249	-1
7041.1890	-1
7051.3530	-1
7061.5171	-1
7071.6812	-1
7081.8452	-1
7092.0093	-1
7102.1733	-1
7112.3374	-1
7122.5015	-1
7132.6655	-1
7142.8296	-1
7152.9937	-1
7163.1577	-1
7173.3218	-1
7183.4858	-1
7193.6499	-1
7203.8145	-1
7213.9790	-1
7224.1436	-1
7234.3081	-1
7244.4727	-1
7254.6372	-1
7264.8018	-1
7274.9663	-1
7285.1309	-1
7295.2954	-1
7305.4775	1
7315.6616	-1
7325.8467	1
7336.0317	1
7346.2197	-1
7356.4077	-1
7366.5957	-1
7376.7837	-1
7386.9717	-1
7397.1597	-1
7407.3477	-1
7417.5356	-1
7427.7236	-1
7437.9116	-1
7448.0996	-1
7458.2876	-1
7468.4761	1
7478.6646	1
7488.8530	1
7499.0415	1
7509.2314	-1
7519.4214	-1
7529.6113	-1
7539.8013	-1
7549.9912	-1
7560.1812	-1
7570.3711	-1
7580.5610	-1
7590.7510	-1
7600.9409	-1
7611.1309	-1
7621.3208	-1
7631.5112	1
7641.7021	1
7651.8931	1
7662.0840	1
7672.2754	-1
7682.4668	-1
7692.6582	-1
7702.8496	-1
7713.0410	-1
7723.2324	-1
7733.4253	1
7743.6182	1
7753.8115	-1
7764.0049	-1
7774.1982	-1
7784.3916	-1
7794.5850	-1
7804.7783	-1
7814.9722	1
7825.1660	1
7835.3608	-1
7845.5557	-1
7855.7505	-1
7865.9453	-1
7876.1401	-1
7886.3350	-1
7896.5298	-1
7906.7246	-1
7916.9194	-1
7927.1143	-1
7937.3091	-1
7947.5039	-1
7957.6992	-1
7967.8945	-1
7978.0898	-1
7988.2852	-1
7998.4805	-1
8008.6758	-1
8018.8711	-1
8029.0664	-1
8039.2617	-1
8049.4570	-1
8059.6523	-1
8069.8477	-1
8080.0439	-1
8090.2402	-1
8100.4365	-1
8110.6328	-1
8120.8291	-1
8131.0254	-1
8141.2222	1
8151.4189	1
8161.6162	1
8171.8135	1
8182.0107	1
8192.2080	1
8202.4053	-1
8212.6025	-1
8222.7998	-1
8232.9971	1
8243.1943	-1
8253.3916	-1
8263.5889	-1
8273.7861	1
8283.9834	1
8294.1816	1
8304.3799	1
8314.5781	1
8324.7764	-1
8334.9746	-1
8345.1729	-1
8355.3711	-1
8365.5693	-1
8375.7676	-1
8385.9658	-1
8396.1641	-1
8406.3623	-1
8416.5605	-1
8426.7588	-1
8436.9570	-1
8447.1562	1
8457.3555	1
8467.5547	1
8477.7539	1
8487.9561	-1
8498.1592	-1
8508.3623	-1
8518.5654	-1
8528.7686	-1
8538.9717	-1
8549.1748	-1
8559.3809	-1
8569.5869	-1
8579.7930	-1
8589.9990	-1
8600.2051	-1
8610.4111	-1
8620.6172	-1
8630.8232	-1
8641.0293	-1
8651.2354	-1
8661.4414	-1
8671.6475	-1
8681.8545	-1
8692.0615	-1
8702.2686	-1
8712.4756	-1
8722.6826	-1
8732.8896	-1
8743.0967	-1
8753.3037	-1
8763.5107	-1
8773.7178	-1
8783.9248	-1
8794.1318	-1
8804.3389	-1
8814.5459	-1
8824.7529	-1
8834.9600	-1
8845.1670	-1
8855.3740	-1
8865.5811	-1
8875.7881	-1
8885.9951	-1
8896.2021	-1
8906.4092	-1
8916.6162	-1
8926.8232	-1
8937.0303	-1
8947.2373	-1
8957.4443	-1
8967.6514	-1
8977.8584	-1
8988.0654	1
8998.2725	1
9008.4795	-1
9018.6865	-1
9028.8936	-1
9039.1006	-1
9049.3076	-1
9059.5146	-1
9069.7236	1
9079.9326	-1
9090.1416	-1
9100.3506	-1
9110.5596	-1
9120.7686	-1
9130.9775	-1
9141.1865	1
9151.3955	1
9161.6045	-1
9171.8135	-1
9182.0225	-1
9192.2314	-1
9202.4404	-1
9212.6494	-1
9222.8584	1
9233.0674	1
9243.2764	1
9253.4854	1
9263.6943	-1
9273.9033	1
9284.1123	-1
9294.3213	-1
9304.5303	-1
9314.7393	-1
9324.9482	-1
9335.1572	1
9345.3662	1
9355.5752	1
9365.7842	1
9375.9932	-1
9386.2021	-1
9396.4111	-1
9406.6201	-1
9416.8291	-1
9427.0381	-1
9437.2480	1
9447.4580	-1
9457.6680	-1
9467.8779	-1
9478.0879	-1
9488.2979	-1
9498.5078	-1
9508.7178	-1
9518.9277	-1
9529.1377	-1
9539.3477	-1
9549.5576	-1
9559.7676	-1
9569.9775	-1
9580.1875	-1
9590.3975	-1
9600.6074	-1
9610.8174	-1
9621.0273	-1
9631.2402	-1
9641.4531	-1
9651.6660	-1
9661.8789	-1
9672.0918	-1
9682.3047	-1
9692.5176	-1
9702.7305	-1
9712.9434	-1
9723.1562	-1
9733.3691	-1
9743.5820	-1
9753.7959	-1
9764.0098	-1
9774.2236	-1
9784.4375	-1
9794.6523	-1
9804.8672	-1
9815.0820	-1
9825.2969	-1
9835.5117	-1
9845.7266	-1
9855.9414	-1
9866.1562	-1
9876.3730	-1
9886.5898	-1
9896.8066	-1
9907.0234	-1
9917.2402	-1
9927.4570	-1
9937.6738	-1
9947.8906	-1
9958.1074	-1
9968.3242	-1
9978.5410	-1
9988.7578	-1
9998.9746	-1
10009.1914	-1
10019.4082	-1
10029.6250	-1
10039.8418	-1
10050.0586	-1
10060.2764	-1
10070.4941	-1
10080.7119	-1
10090.9297	-1
10101.1475	-1
10111.3652	-1
10121.5830	-1
10131.8008	-1
10142.0186	-1
10152.2363	-1
10162.4541	-1
10172.6719	-1
10182.8896	-1
10193.1074	-1
10203.3252	-1
10213.5430	-1
10223.7607	-1
10233.9785	-1
10244.1963	-1
10254.4141	-1
10264.6318	-1
10274.8496	-1
10285.0674	-1
10295.2852	-1
10305.5039	-1
10315.7227	-1
10325.9414	-1
10336.1602	-1
10346.3789	-1
10356.5977	-1
10366.8164	-1
10377.0352	-1
10387.2539	-1
10397.4727	-1
10407.6914	-1
10417.9102	-1
10428.1299	-1
10438.3496	-1
10448.5693	-1
10458.7891	-1
10469.0088	-1
10479.2285	-1
10489.4482	-1
10499.6680	-1
10509.8877	-1
10520.1074	-1
10530.3447	1
10540.5840	-1
10550.8232	1
10561.0625	1
10571.3037	-1
10581.5449	-1
10591.7861	-1
10602.0273	-1
10612.2686	-1
10622.5098	-1
10632.7510	-1
10642.9922	-1
10653.2490	1
10663.5078	-1
10673.7676	1
10684.0273	1
10694.2881	-1
10704.5488	-1
10714.8096	-1
10725.0703	-1
10735.3311	-1
10745.5918	-1
10755.8535	-1
10766.1152	-1
10776.3770	-1
10786.6387	-1
10796.9004	-1
10807.1621	-1
10817.4248	1
10827.6885	-1
10837.9521	-1
10848.2158	-1
10858.4795	-1
10868.7432	-1
10879.0078	-1
10889.2861	1
10899.5664	-1
10909.8477	1
10920.1289	1
10930.4121	-1
10940.6953	-1
10950.9785	-1
10961.2617	-1
10971.5449	-1
10981.8281	-1
10992.1113	-1
11002.3945	-1
11012.6777	-1
11022.9609	-1
11033.2441	-1
11043.5410	1
11053.8408	-1
11064.1406	1
11074.4404	1
11084.7422	-1
11095.0439	-1
11105.3457	-1
11115.6475	-1
11125.9492	-1
11136.2510	-1
11146.5527	-1
11156.8545	-1
11167.1562	-1
11177.4580	-1
11187.7598	-1
11198.0615	-1
11208.3633	1
11218.6650	1
11228.9668	1
11239.2686	1
11249.5732	-1
11259.8779	-1
11270.1826	-1
11280.4873	-1
11290.7920	-1
11301.0967	-1
11311.4014	-1
11321.7061	-1
11332.0107	-1
11342.3154	-1
11352.6201	-1
11362.9248	-1
11373.2295	-1
11383.5342	-1
11393.8389	-1
11404.1436	-1
11414.4482	-1
11424.7529	-1
11435.0576	-1
11445.3623	-1
11455.6670	-1
11465.9717	-1
11476.2764	-1
11486.5811	-1
11496.8867	1
11507.1924	1
11517.4980	1
11527.8037	1
11538.1094	1
11548.4150	1
11558.7207	1
11569.0264	1
11579.3350	-1
11589.6436	-1
11599.9521	-1
11610.2607	-1
11620.5693	-1
11630.8779	-1
11641.1865	-1
11651.4951	-1
11661.8037	-1
11672.1123	-1
11682.4209	-1
11692.7295	-1
11703.0391	-1
11713.3486	-1
11723.6582	-1
11733.9678	-1
11744.2773	-1
11754.5869	-1
11764.8965	-1
11775.2061	-1
11785.5156	-1
11795.8252	-1
11806.1348	-1
11816.4443	-1
11826.7539	-1
11837.0635	-1
11847.3730	-1
11857.6826	-1
11867.9922	-1
11878.3018	-1
11888.6113	-1
11898.9209	-1
11909.2305	-1
11919.5400	-1
11929.8496	-1
11940.1592	-1
11950.4688	-1
11960.7783	-1
11971.0879	-1
11981.3975	-1
11991.7070	-1
12002.0166	-1
12012.3262	-1
12022.6357	-1
12032.9453	-1
12043.2549	-1
12053.5645	-1
12063.8740	-1
12074.1846	1
12084.4951	1
12094.8057	1
12105.1162	1
12115.4268	1
12125.7373	1
12136.0488	1
12146.3604	1
12156.6719	1
12166.9844	1
12177.2969	1
12187.6094	1
12197.9219	1
12208.2344	1
12218.5469	1
12228.8594	1
12239.1729	-1
12249.4863	-1
12259.7998	-1
12270.1133	-1
12280.4268	-1
12290.7402	-1
12301.0537	-1
12311.3672	-1
12321.6807	-1
12331.9941	-1
12342.3076	-1
12352.6211	-1
12362.9346	-1
12373.2480	-1
12383.5615	-1
12393.8750	-1
12404.1885	-1
12414.5020	-1
12424.8164	-1
12435.1309	-1
12445.4453	-1
12455.7598	-1
12466.0742	-1
12476.3887	-1
12486.7051	1
12497.0215	1
12507.3379	1
12517.6543	1
12527.9707	-1
12538.2871	-1
12548.6035	-1
12558.9199	-1
12569.2363	-1
12579.5527	-1
12589.8701	-1
12600.1875	-1
12610.5049	-1
12620.8223	-1
12631.1396	-1
12641.4570	-1
12651.7744	-1
12662.0918	-1
12672.4092	-1
12682.7266	-1
12693.0439	-1
12703.3613	-1
12713.6807	-1
12724.0000	-1
12734.3193	-1
12744.6387	-1
12754.9580	-1
12765.2773	-1
12775.5967	-1
12785.9160	-1
12796.2354	-1
12806.5547	-1
12816.8740	-1
12827.1934	-1
12837.5146	-1
12847.8359	-1
12858.1572	-1
12868.4785	-1
12878.7998	-1
12889.1211	-1
12899.4424	-1
12909.7637	-1
12920.0850	-1
12930.4062	-1
12940.7275	-1
12951.0488	-1
12961.3701	-1
12971.6914	-1
12982.0127	-1
12992.3340	-1
13002.6553	-1
13012.9766	-1
13023.2979	-1
13033.6191	-1
13043.9404	-1
13054.2617	-1
13064.5830	-1
13074.9043	-1
13085.2256	-1
13095.5469	-1
13105.8682	-1
13116.1895	-1
13126.5107	-1
13136.8320	-1
13147.1533	-1
13157.4746	-1
13167.7959	-1
13178.1172	-1
13188.4385	-1
13198.7598	-1
13209.0820	-1
13219.4043	-1
13229.7266	-1
13240.0488	-1
13250.3711	-1
13260.6934	-1
13271.0156	-1
13281.3379	-1
13291.6602	-1
13301.9824	-1
13312.3047	-1
13322.6270	-1
13332.9492	-1
13343.2715	-1
13353.5938	-1
13363.9160	-1
13374.2383	-1
13384.5605	-1
13394.8828	-1
13405.2051	-1
13415.5273	-1
13425.8496	-1
13436.1719	-1
13446.4941	-1
13456.8184	-1
13467.1426	-1
13477.4883	1
13487.8359	-1
13498.1836	1
13508.5312	1
13518.8799	-1
13529.2285	-1
13539.5781	-1
13549.9424	1
13560.3086	-1
13570.6758	1
13581.0430	1
13591.4111	-1
13601.7793	-1
13612.1475	-1
13622.5156	-1
13632.8848	-1
13643.2695	1
13653.6562	1
13664.0449	-1
13674.4346	1
13684.8242	1
13695.2148	-1
13705.6055	-1
13715.9961	-1
13726.3867	-1
13736.7773	-1
13747.1680	-1
13757.5586	-1
13767.9492	-1
13778.3398	-1
13788.7305	-1
13799.1211	-1
13809.5117	-1
13819.9033	1
13830.2949	1
13840.6875	-1
13851.0801	-1
13861.4727	-1
13871.8652	-1
13882.2578	-1
13892.6504	-1
13903.0430	-1
13913.4355	-1
13923.8438	1
13934.2539	-1
13944.6650	1
13955.0762	1
13965.4883	-1
13975.9004	-1
13986.3125	-1
13996.7246	-1
14007.1367	-1
14017.5488	-1
14027.9619	-1
14038.3750	-1
14048.7881	-1
14059.2012	-1
14069.6143	-1
14080.0273	-1
14090.4404	1
14100.8535	1
14111.2666	1
14121.6797	1
14132.0947	-1
14142.5098	-1
14152.9248	-1
14163.3398	-1
14173.7549	-1
14184.1699	-1
14194.5850	-1
14205.0000	-1
14215.4150	-1
14225.8301	-1
14236.2451	-1
14246.6602	-1
14257.0752	-1
14267.4902	-1
14277.9053	-1
14288.3203	-1
14298.7354	-1
14309.1504	-1
14319.5654	-1
14329.9805	-1
14340.3955	-1
14350.8115	-1
14361.2275	-1
14371.6436	-1
14382.0596	1
14392.4756	1
14402.8916	1
14413.3076	1
14423.7236	1
14434.1396	1
14444.5557	1
14454.9717	1
14465.3906	-1
14475.8096	-1
14486.2285	-1
14496.6475	-1
14507.0664	-1
14517.4854	-1
14527.9043	-1
14538.3232	-1
14548.7422	-1
14559.1611	-1
14569.5801	-1
14579.9990	-1
14590.4189	1
14600.8389	1
14611.2588	-1
14621.6787	-1
14632.0986	-1
14642.5186	-1
14652.9385	-1
14663.3584	-1
14673.7783	-1
14684.1982	-1
14694.6182	-1
14705.0381	-1
14715.4580	-1
14725.8779	-1
14736.2988	-1
14746.7197	-1
14757.1406	-1
14767.5615	-1
14777.9824	-1
14788.4033	-1
14798.8242	-1
14809.2451	-1
14819.6660	-1
14830.0869	-1
14840.5078	-1
14850.9287	-1
14861.3496	-1
14871.7705	-1
14882.1914	-1
14892.6123	-1
14903.0332	-1
14913.4541	-1
14923.8750	-1
14934.2959	-1
14944.7168	-1
14955.1377	-1
14965.5586	-1
14975.9795	-1
14986.4004	1
14996.8223	1
15007.2451	1
15017.6680	1
15028.0908	1
15038.5137	1
15048.9365	1
15059.3594	1
15069.7842	-1
15080.2090	-1
15090.6338	-1
15101.0586	-1
15111.4834	-1
15121.9082	-1
15132.3330	-1
15142.7578	-1
15153.1826	-1
15163.6074	-1
15174.0322	-1
15184.4570	-1
15194.8828	-1
15205.3086	-1
15215.7344	-1
15226.1602	-1
15236.5859	-1
15247.0117	-1
15257.4375	-1
15267.8633	-1
15278.2891	-1
15288.7148	-1
15299.1406	-1
15309.5664	-1
15319.9922	-1
15330.4180	-1
15340.8438	-1
15351.2695	-1
15361.6953	-1
15372.1211	-1
15382.5479	-1
15392.9746	-1
15403.4014	-1
15413.8281	-1
15424.2549	-1
15434.6816	-1
15445.1084	-1
15455.5352	-1
15465.9619	-1
15476.3887	-1
15486.8154	-1
15497.2422	-1
15507.6689	-1
15518.0957	-1
15528.5225	-1
15538.9492	-1
15549.3760	-1
15559.8027	-1
15570.2305	-1
15580.6582	-1
15591.0859	-1
15601.5137	-1
15611.9414	-1
15622.3691	-1
15632.7969	-1
15643.2246	-1
15653.6523	-1
15664.0967	1
15674.5420	-1
15684.9883	1
15695.4346	1
15705.8818	-1
15716.3291	-1
15726.7764	-1
15737.2236	-1
15747.6709	-1
15758.1182	-1
15768.5654	-1
15779.0127	-1
15789.4766	1
15799.9424	-1
15810.4082	1
15820.8740	1
15831.3418	-1
15841.8096	-1
15852.2773	-1
15862.7451	-1
15873.2129	-1
15883.6807	-1
15894.1484	-1
15904.6318	1
15915.1162	-1
15925.6016	1
15936.0869	1
15946.5732	-1
15957.0596	-1
15967.5459	-1
15978.0322	-1
15988.5195	-1
15999.0195	1
16009.5215	-1
16020.0234	1
16030.5254	1
16041.0293	-1
16051.5332	-1
16062.0371	-1
16072.5410	-1
16083.0449	-1
16093.5488	-1
16104.0527	-1
16114.5566	-1
16125.0605	-1
16135.5645	-1
16146.0684	-1
16156.5723	-1
16167.0771	1
16177.5820	1
16188.0869	1
16198.5918	1
16209.0977	-1
16219.6035	-1
16230.1094	-1
16240.6152	-1
16251.1211	-1
16261.6270	-1
16272.1338	1
16282.6406	1
16293.1475	-1
16303.6543	-1
16314.1611	-1
16324.6680	-1
16335.1748	-1
16345.6816	-1
16356.1895	1
16366.6973	1
16377.2061	-1
16387.7148	-1
16398.2227	-1
16408.7305	-1
16419.2383	-1
16429.7461	-1
16440.2539	-1
16450.7617	-1
16461.2695	-1
16471.7773	-1
16482.2852	-1
16492.7930	-1
16503.3027	1
16513.8125	1
16524.3223	1
16534.8320	1
16545.3418	-1
16555.8516	-1
16566.3613	-1
16576.8711	-1
16587.3809	-1
16597.8906	-1
16608.4004	-1
16618.9102	-1
16629.4199	-1
16639.9297	-1
16650.4395	-1
16660.9492	-1
16671.4609	1
16681.9727	1
16692.4844	1
16702.9961	1
16713.5098	-1
16724.0234	-1
16734.5371	-1
16745.0508	-1
16755.5645	-1
16766.0781	-1
16776.5918	-1
16787.1055	-1
16797.6191	-1
16808.1328	-1
16818.6465	-1
16829.1602	-1
16839.6738	1
16850.1875	1
16860.7012	1
16871.2148	-1
16881.7285	-1
16892.2422	-1
16902.7559	-1
16913.2715	-1
16923.7871	-1
16934.3027	-1
16944.8184	-1
16955.3340	-1
16965.8496	-1
16976.3652	-1
16986.8809	-1
16997.3965	-1
17007.9121	-1
17018.4277	-1
17028.9434	-1
17039.4590	-1
17049.9746	-1
17060.4902	-1
17071.0059	-1
17081.5215	-1
17092.0371	-1
17102.5527	-1
17113.0684	-1
17123.5859	-1
17134.1035	-1
17144.6211	-1
17155.1387	-1
17165.6562	-1
17176.1738	-1
17186.6914	-1
17197.2090	-1
17207.7266	-1
17218.2441	-1
17228.7617	-1
17239.2793	-1
17249.7969	-1
17260.3145	-1
17270.8320	-1
17281.3496	-1
17291.8672	-1
17302.3848	-1
17312.9023	-1
17323.4199	-1
17333.9375	-1
17344.4570	-1
17354.9766	-1
17365.4961	-1
17376.0156	-1
17386.5352	-1
17397.0547	-1
17407.5742	-1
17418.0938	-1
17428.6133	-1
17439.1328	-1
17449.6523	-1
17460.1719	-1
17470.6914	-1
17481.2109	-1
17491.7305	-1
17502.2500	-1
17512.7695	-1
17523.2891	-1
17533.8086	-1
17544.3281	-1
17554.8613	1
17565.3965	-1
17575.9316	1
17586.4668	1
17597.0039	-1
17607.5410	-1
17618.0781	-1
17628.6152	-1
17639.1523	-1
17649.6895	-1
17660.2266	-1
17670.7637	-1
17681.3008	-1
17691.8379	-1
17702.3750	-1
17712.9121	-1
17723.4492	1
17733.9863	1
17744.5234	1
17755.0605	1
17765.5996	-1
17776.1387	-1
17786.6777	-1
17797.2168	-1
17807.7559	-1
17818.2949	-1
17828.8340	-1
17839.3730	-1
17849.9121	-1
17860.4512	-1
17870.9902	-1
17881.5293	-1
17892.0684	-1
17902.6074	-1
17913.1465	-1
17923.6855	-1
17934.2246	-1
17944.7637	-1
17955.3027	-1
17965.8418	-1
17976.3809	-1
17986.9199	-1
17997.4590	-1
18007.9980	-1
18018.5371	1
18029.0762	1
18039.6172	-1
18050.1582	-1
18060.6992	-1
18071.2402	-1
18081.7812	-1
18092.3223	-1
18102.8633	-1
18113.4043	-1
18123.9453	-1
18134.4863	-1
18145.0273	-1
18155.5684	-1
18166.1094	1
18176.6504	1
18187.1914	1
18197.7324	1
18208.2734	1
18218.8145	1
18229.3555	1
18239.8965	1
18250.4375	1
18260.9785	1
18271.5215	-1
18282.0645	-1
18292.6074	-1
18303.1504	-1
18313.6934	-1
18324.2363	-1
18334.7793	-1
18345.3223	-1
18355.8652	-1
18366.4082	-1
18376.9512	-1
18387.4941	-1
18398.0371	-1
18408.5801	-1
18419.1230	-1
18429.6660	-1
18440.2090	-1
18450.7520	-1
18461.2949	-1
18471.8379	-1
18482.3809	-1
18492.9238	-1
18503.4668	-1
18514.0098	-1
18524.5527	-1
18535.0957	-1
18545.6387	-1
18556.1816	-1
18566.7246	-1
18577.2676	-1
18587.8105	-1
18598.3535	-1
18608.8965	-1
18619.4395	-1
18629.9824	-1
18640.5254	-1
18651.0684	-1
18661.6113	-1
18672.1543	-1
18682.6973	-1
18693.2402	-1
18703.7832	-1
18714.3262	-1
18724.8691	-1
18735.4121	-1
18745.9551	-1
18756.4980	-1
18767.0410	-1
18777.5859	1
18788.1309	1
18798.6758	1
18809.2207	1
18819.7656	1
18830.3105	-1
18840.8555	-1
18851.4004	-1
18861.9453	-1
18872.4902	-1
18883.0352	-1
18893.5801	-1
18904.1250	-1
18914.6699	-1
18925.2148	-1
18935.7598	-1
18946.3047	-1
18956.8496	-1
18967.3945	-1
18977.9414	-1
18988.4883	-1
18999.0352	-1
19009.5820	-1
19020.1289	-1
19030.6758	-1
19041.2227	-1
19051.7695	-1
19062.3164	-1
19072.8633	-1
19083.4102	-1
19093.9570	-1
19104.5039	-1
19115.0508	-1
19125.5977	-1
19136.1445	-1
19146.6914	-1
19157.2383	-1
19167.7852	-1
19178.3320	-1
19188.8789	-1
19199.4258	-1
19209.9727	-1
19220.5195	-1
19231.0664	-1
19241.6133	-1
19252.1758	1
19262.7402	-1
19273.3047	1
19283.8691	1
19294.4336	-1
19304.9980	-1
19315.5625	-1
19326.1270	-1
19336.6914	-1
19347.2559	-1
19357.8203	-1
19368.3848	-1
19378.9492	-1
19389.5137	-1
19400.0781	-1
19410.6426	-1
19421.2090	1
19431.7754	1
19442.3418	1
19452.9082	1
19463.4746	-1
19474.0410	-1
19484.6074	-1
19495.1738	-1
19505.7402	-1
19516.3066	-1
19526.8730	-1
19537.4395	-1
19548.0059	-1
19558.5723	-1
19569.1387	-1
19579.7051	-1
19590.2715	-1
19600.8379	-1
19611.4043	-1
19621.9707	-1
19632.5371	-1
19643.1035	-1
19653.6699	-1
19664.2363	-1
19674.8027	-1
19685.3691	-1
19695.9355	-1
19706.5020	-1
19717.0703	1
19727.6387	1
19738.2070	1
19748.7754	1
19759.3438	1
19769.9121	1
19780.4805	1
19791.0488	1
19801.6172	-1
19812.1855	-1
19822.7539	-1
19833.3223	-1
19843.8906	-1
19854.4590	-1
19865.0293	-1
19875.5996	-1
19886.1699	-1
19896.7402	-1
19907.3105	-1
19917.8809	-1
19928.4512	-1
19939.0215	-1
19949.5918	-1
19960.1621	-1
19970.7324	-1
19981.3027	-1
19991.8730	-1
20002.4434	-1
20013.0137	-1
20023.5840	-1
20034.1543	-1
20044.7246	-1
20055.2949	1
20065.8652	1
20076.4355	1
20087.0059	1
20097.5762	1
20108.1465	1
20118.7168	1
20129.2871	1
20139.8574	-1
20150.4277	-1
20160.9980	-1
20171.5684	-1
20182.1387	-1
20192.7090	-1
20203.2812	-1
20213.8535	-1
20224.4258	-1
20234.9980	-1
20245.5703	-1
20256.1426	-1
20266.7148	-1
20277.2871	-1
20287.8594	-1
20298.4316	-1
20309.0039	-1
20319.5762	-1
20330.1484	-1
20340.7207	-1
20351.2930	-1
20361.8652	-1
20372.4375	-1
20383.0098	-1
20393.5820	-1
20404.1543	-1
20414.7266	-1
20425.2988	-1
20435.8711	-1
20446.4434	-1
20457.0176	-1
20467.5918	-1
20478.1660	-1
20488.7402	-1
20499.3145	-1
20509.8887	-1
20520.4629	-1
20531.0371	-1
20541.6113	-1
20552.1855	-1
20562.7598	-1
20573.3340	-1
20583.9082	-1
20594.4824	-1
20605.0566	-1
20615.6309	-1
20626.2051	-1
20636.7793	-1
20647.3535	-1
20657.9277	-1
20668.5020	-1
20679.0762	-1
20689.6504	-1
20700.2246	-1
20710.7988	-1
20721.3730	-1
20731.9473	-1
20742.5215	-1
20753.0957	-1
20763.6699	-1
20774.2441	-1
20784.8184	-1
20795.3926	-1
20805.9668	-1
20816.5410	-1
20827.1152	-1
20837.6895	-1
20848.2637	-1
20858.8379	-1
20869.4121	-1
20879.9863	-1
20890.5605	-1
20901.1348	1
20911.7090	1
20922.2832	1
20932.8574	1
20943.4316	1
20954.0059	1
20964.5801	1
20975.1543	1
20985.7285	1
20996.3027	1
21006.8809	1
21017.4590	1
21028.0371	1
21038.6152	1
21049.1934	1
21059.7715	-1
21070.3496	1
21080.9277	-1
21091.5059	-1
21102.0840	-1
21112.6621	-1
21123.2402	-1
21133.8184	1
21144.3965	1
21154.9746	1
21165.5527	1
21176.1309	1
21186.7090	-1
21197.2871	-1
21207.8652	-1
21218.4434	-1
21229.0215	-1
21239.5996	-1
21250.1777	1
21260.7559	1
21271.3340	1
21281.9121	-1
21292.4902	-1
21303.0684	-1
21313.6465	-1
21324.2246	-1
21334.8027	-1
21345.3809	-1
21355.9590	-1
21366.5371	-1
21377.1152	-1
21387.6934	-1
21398.2715	-1
21408.8496	-1
21419.4277	-1
21430.0059	-1
21440.5840	-1
21451.1621	-1
21461.7402	-1
21472.3184	-1
21482.8965	-1
21493.4746	-1
21504.0527	-1
21514.6309	-1
21525.2090	-1
21535.7871	-1
21546.3652	-1
21556.9434	-1
21567.5215	-1
21578.0996	-1
21588.6777	-1
21599.2578	-1
21609.8379	-1
21620.4180	-1
21630.9980	-1
21641.5781	-1
21652.1582	-1
21662.7383	-1
21673.3184	-1
21683.8984	-1
21694.4785	-1
21705.0586	-1
21715.6387	-1
21726.2188	-1
21736.7988	-1
21747.3789	-1
21757.9590	-1
21768.5391	-1
21779.1191	-1
21789.6992	1
21800.2793	1
21810.8594	1
21821.4395	1
21832.0195	1
21842.5996	1
21853.1797	1
21863.7617	1
21874.3438	1
21884.9258	1
21895.5078	1
21906.0898	1
21916.6719	1
21927.2539	1
21937.8359	1
21948.4180	1
21959.0000	1
21969.5820	1
21980.1641	1
21990.7461	1
22001.3281	-1
22011.9102	-1
22022.4922	-1
22033.0742	-1
22043.6562	-1
22054.2383	-1
22064.8223	-1
22075.4062	-1
22085.9902	-1
22096.5742	-1
22107.1582	-1
22117.7422	-1
22128.3262	-1
22138.9102	-1
22149.4941	-1
22160.0781	-1
22170.6621	-1
22181.2461	-1
22191.8301	-1
22202.4141	-1
22212.9980	-1
22223.5820	-1
22234.1660	-1
22244.7500	-1
22255.3340	-1
22265.9180	-1
22276.5020	-1
22287.0859	-1
22297.6699	-1
22308.2539	-1
22318.8379	-1
22329.4219	-1
22340.0059	-1
22350.5898	-1
22361.1738	-1
22371.7578	-1
22382.3418	-1
22392.9258	-1
22403.5098	-1
22414.0938	-1
22424.6777	-1
22435.2617	-1
22445.8477	-1
22456.4336	-1
22467.0195	-1
22477.6055	-1
22488.1914	-1
22498.7773	-1
22509.3633	-1
22519.9492	-1
22530.5352	-1
22541.1211	-1
22551.7070	-1
22562.2930	-1
22572.8789	-1
22583.4648	-1
22594.0508	-1
22604.6367	-1
22615.2227	-1
22625.8086	-1
22636.3945	-1
22646.9805	-1
22657.5664	-1
22668.1523	-1
22678.7383	-1
22689.3242	-1
22699.9121	-1
22710.5000	-1
22721.0879	-1
22731.6758	-1
22742.2637	-1
22752.8516	-1
22763.4395	-1
22774.0273	1
22784.6152	-1
22795.2031	-1
22805.7910	-1
22816.3789	-1
22826.9668	-1
22837.5547	1
22848.1445	1
22858.7344	-1
22869.3242	-1
22879.9141	-1
22890.5039	-1
22901.0938	-1
22911.6836	-1
22922.2734	1
22932.8633	1
22943.4531	1
22954.0430	1
22964.6328	1
22975.2227	1
22985.8125	-1
22996.4023	1
23006.9922	-1
23017.5820	-1
23028.1719	-1
23038.7617	-1
23049.3516	-1
23059.9414	1
23070.5312	1
23081.1211	-1
23091.7109	-1
23102.3008	-1
23112.8906	-1
23123.4805	-1
23134.0703	-1
23144.6602	-1
23155.2500	-1
23165.8398	-1
23176.4297	-1
23187.0195	-1
23197.6094	-1
23208.1992	-1
23218.7891	-1
23229.3789	-1
23239.9688	-1
23250.5586	-1
23261.1484	-1
23271.7383	-1
23282.3281	-1
23292.9180	-1
23303.5078	-1
23314.0977	-1
23324.6875	-1
23335.2773	-1
23345.8672	-1
23356.4570	-1
23367.0469	-1
23377.6367	-1
23388.2266	-1
23398.8203	1
23409.4141	1
23420.0078	1
23430.6016	1
23441.1953	1
23451.7891	1
23462.3828	1
23472.9766	1
23483.5703	1
23494.1641	1
23504.7578	1
23515.3535	-1
23525.9492	-1
23536.5449	-1
23547.1406	-1
23557.7363	-1
23568.3320	-1
23578.9277	-1
23589.5234	-1
23600.1191	-1
23610.7148	-1
23621.3105	-1
23631.9062	-1
23642.5020	-1
23653.0977	-1
23663.6934	-1
23674.2891	-1
23684.8848	-1
23695.4805	-1
23706.0762	-1
23716.6719	-1
23727.2676	-1
23737.8633	-1
23748.4590	-1
23759.0547	-1
23769.6504	-1
23780.2461	-1
23790.8418	-1
23801.4375	-1
23812.0332	-1
23822.6289	-1
23833.2246	-1
23843.8203	-1
23854.4160	-1
23865.0117	-1
23875.6074	-1
23886.2031	-1
23896.8008	-1
23907.3984	-1
23917.9961	-1
23928.5938	-1
23939.1914	-1
23949.7891	-1
23960.3867	-1
23970.9844	-1
23981.5820	-1
23992.1797	-1
24002.7773	-1
24013.3750	-1
24023.9746	-1
24034.5742	-1
24045.1738	-1
24055.7734	-1
24066.3730	-1
24076.9727	-1
24087.5723	-1
24098.1719	-1
24108.7715	-1
24119.3711	-1
24129.9707	-1
24140.5703	-1
24151.1699	1
24161.7695	1
24172.3691	1
24182.9688	1
24193.5684	1
24204.1680	1
24214.7676	1
24225.3672	1
24235.9668	1
24246.5664	-1
24257.1660	-1
24267.7656	-1
24278.3652	-1
24288.9648	-1
24299.5645	-1
24310.1641	1
24320.7637	1
24331.3633	1
24341.9629	1
24352.5625	-1
24363.1621	-1
24373.7617	-1
24384.3613	-1
24394.9609	-1
24405.5605	-1
24416.1602	1
24426.7598	1
24437.3594	1
24447.9590	-1
24458.5586	1
24469.1582	-1
24479.7578	-1
24490.3574	-1
24500.9570	-1
24511.5566	-1
24522.1562	1
24532.7559	1
24543.3555	1
24553.9551	1
24564.5547	-1
24575.1543	-1
24585.7539	-1
24596.3535	-1
24606.9531	-1
24617.5527	-1
24628.1523	1
24638.7578	-1
24649.3633	-1
24659.9688	-1
24670.5742	-1
24681.1797	-1
24691.7852	-1
24702.3906	-1
24712.9961	-1
24723.6016	-1
24734.2070	-1
24744.8125	-1
24755.4180	-1
24766.0234	-1
24776.6289	-1
24787.2344	-1
24797.8398	-1
24808.4453	-1
24819.0508	-1
24829.6562	-1
24840.2617	-1
24850.8672	-1
24861.4727	-1
24872.0781	-1
24882.6836	-1
24893.2910	-1
24903.8984	-1
24914.5059	-1
24925.1133	-1
24935.7207	-1
24946.3281	-1
24956.9355	-1
24967.5430	-1
24978.1504	-1
24988.7578	-1
24999.3652	-1
25009.9727	-1
25020.5801	-1
25031.1875	-1
25041.7949	-1
25052.4023	-1
25063.0098	-1
25073.6172	-1
25084.2246	-1
25094.8320	-1
25105.4395	-1
25116.0469	-1
25126.6543	-1
25137.2617	-1
25147.8691	-1
25158.4766	-1
25169.0840	-1
25179.6914	-1
25190.2988	-1
25200.9062	-1
25211.5137	-1
25222.1211	-1
25232.7285	-1
25243.3359	-1
25253.9434	-1
25264.5508	-1
25275.1602	-1
25285.7695	-1
25296.3789	-1
25306.9883	-1
25317.5977	-1
25328.2070	-1
25338.8164	-1
25349.4258	-1
25360.0352	-1
25370.6445	-1
25381.2539	-1
25391.8633	-1
25402.4727	-1
25413.0820	-1
25423.6914	-1
25434.3008	-1
25444.9102	-1
25455.5195	-1
25466.1289	-1
25476.7383	-1
25487.3477	-1
25497.9570	-1
25508.5664	-1
25519.1758	-1
25529.7852	-1
25540.3945	-1
25551.0039	-1
25561.6133	-1
25572.2227	-1
25582.8320	-1
25593.4414	-1
25604.0508	-1
25614.6602	-1
25625.2695	-1
25635.8789	-1
25646.4883	-1
25657.0977	-1
25667.7070	-1
25678.3164	-1
25688.9258	-1
25699.5352	-1
25710.1445	-1
25720.7539	-1
25731.3633	-1
25741.9727	-1
25752.5820	-1
25763.1914	-1
25773.8008	-1
25784.4121	-1
25795.0234	-1
25805.6348	-1
25816.2461	-1
25826.8574	-1
25837.4688	-1
25848.0820	-1
25858.6953	-1
25869.3086	-1
25879.9219	-1
25890.5352	-1
25901.1484	-1
25911.7617	-1
25922.3750	-1
25932.9883	-1
25943.6016	-1
25954.2148	-1
25964.8281	-1
25975.4414	-1
25986.0547	-1
25996.6680	-1
26007.2812	-1
26017.8945	-1
26028.5078	-1
26039.1230	-1
26049.7383	-1
26060.3535	-1
26070.9688	-1
26081.5840	-1
26092.1992	-1
26102.8145	-1
26113.4297	-1
26124.0449	-1
26134.6602	-1
26145.2754	-1
26155.8906	-1
26166.5059	-1
26177.1211	-1
26187.7363	-1
26198.3516	-1
26208.9668	-1
26219.5820	-1
26230.1973	-1
26240.8125	-1
26251.4277	-1
26262.0430	-1
26272.6582	-1
26283.2734	-1
26293.8906	-1
26304.5078	-1
26315.1250	-1
26325.7422	-1
26336.3594	-1
26346.9766	-1
26357.5938	-1
26368.2109	-1
26378.8281	-1
26389.4453	-1
26400.0625	-1
26410.6797	-1
26421.2969	-1
26431.9141	-1
26442.5312	-1
26453.1484	-1
26463.7656	-1
26474.3828	-1
26485.0000	-1
26495.6172	-1
26506.2344	-1
26516.8516	-1
26527.4688	-1
26538.0859	-1
26548.7031	-1
26559.3203	-1
26569.9375	-1
26580.5547	-1
26591.1719	-1
26601.7891	-1
26612.4062	-1
26623.0234	-1
26633.6406	-1
26644.2578	-1
26654.8750	-1
26665.4922	-1
26676.1113	-1
26686.7305	-1
26697.3496	-1
26707.9688	-1
26718.5879	-1
26729.2070	-1
26739.8262	-1
26750.4453	-1
26761.0645	-1
26771.6836	-1
26782.3027	-1
26792.9219	-1
26803.5410	-1
26814.1602	-1
26824.7793	-1
26835.3984	-1
26846.0176	-1
26856.6367	-1
26867.2559	-1
26877.8750	-1
26888.4941	-1
26899.1133	-1
26909.7324	-1
26920.3516	-1
26930.9707	-1
26941.5898	-1
26952.2090	-1
26962.8281	-1
26973.4473	-1
26984.0664	-1
26994.6855	-1
27005.3047	-1
27015.9238	-1
27026.5430	-1
27037.1621	-1
27047.7812	-1
27058.4004	-1
27069.0195	-1
27079.6387	-1
27090.2578	-1
27100.8770	-1
27111.4961	-1
27122.1152	-1
27132.7344	-1
27143.3535	-1
27153.9727	-1
27164.5918	-1
27175.2109	-1
27185.8301	-1
27196.4492	-1
27207.0684	-1
27217.6875	-1
27228.3066	-1
27238.9258	-1
27249.5469	-1
27260.1680	-1
27270.7891	-1
27281.4102	-1
27292.0312	-1
27302.6523	-1
27313.2734	-1
27323.8945	-1
27334.5156	-1
27345.1367	-1
27355.7578	-1
27366.3789	-1
27377.0000	-1
27387.6211	-1
27398.2422	-1
27408.8633	-1
27419.4844	-1
27430.1055	-1
27440.7266	-1
27451.3477	-1
27461.9688	-1
27472.6035	1
27483.2402	-1
27493.8789	1
27504.5176	1
27515.1562	-1
27525.7949	-1
27536.4336	-1
27547.0723	-1
27557.7109	-1
27568.3496	-1
27578.9883	-1
27589.6270	-1
27600.2656	-1
27610.9043	-1
27621.5430	-1
27632.1816	-1
27642.8223	1
27653.4629	1
27664.1035	1
27674.7441	1
27685.3867	-1
27696.0293	-1
27706.6719	-1
27717.3145	-1
27727.9570	-1
27738.5996	-1
27749.2422	-1
27759.8848	-1
27770.5273	-1
27781.1699	-1
27791.8125	-1
27802.4551	-1
27813.0977	-1
27823.7402	-1
27834.3828	-1
27845.0254	-1
27855.6680	-1
27866.3105	-1
27876.9531	-1
27887.5957	-1
27898.2383	-1
27908.8809	-1
27919.5234	-1
27930.1660	-1
27940.8086	1
27951.4512	1
27962.0938	1
27972.7363	1
27983.3809	1
27994.0254	1
28004.6699	1
28015.3145	1
28025.9609	-1
28036.6074	-1
28047.2539	-1
28057.9004	-1
28068.5469	-1
28079.1934	-1
28089.8398	-1
28100.4863	-1
28111.1328	-1
28121.7793	-1
28132.4258	-1
28143.0723	-1
28153.7188	-1
28164.3652	-1
28175.0117	-1
28185.6582	-1
28196.3047	-1
28206.9512	-1
28217.5977	-1
28228.2441	-1
28238.8906	-1
28249.5371	-1
28260.1836	-1
28270.8301	-1
28281.4766	-1
28292.1230	-1
28302.7695	-1
28313.4160	-1
28324.0625	-1
28334.7090	-1
28345.3555	-1
28356.0020	-1
28366.6484	-1
28377.2949	-1
28387.9414	-1
28398.5879	-1
28409.2344	-1
28419.8809	-1
28430.5273	-1
28441.1738	-1
28451.8203	-1
28462.4668	-1
28473.1133	-1
28483.7598	-1
28494.4062	-1
28505.0527	-1
28515.6992	-1
28526.3457	-1
28536.9941	1
28547.6426	1
28558.2910	1
28568.9395	1
28579.5879	1
28590.2363	1
28600.8848	1
28611.5332	1
28622.1816	1
28632.8301	1
28643.4785	1
28654.1270	1
28664.7754	1
28675.4238	1
28686.0723	1
28696.7207	1
28707.3730	-1
28718.0254	-1
28728.6777	-1
28739.3301	-1
28749.9824	-1
28760.6348	-1
28771.2871	-1
28781.9395	-1
28792.5918	-1
28803.2441	-1
28813.8965	-1
28824.5488	-1
28835.2012	-1
28845.8535	-1
28856.5059	-1
28867.1582	-1
28877.8105	-1
28888.4629	-1
28899.1172	-1
28909.7715	-1
28920.4258	-1
28931.0801	-1
28941.7344	-1
28952.3887	-1
28963.0430	-1
28973.6973	-1
28984.3516	-1
28995.0059	-1
29005.6602	-1
29016.3145	-1
29026.9688	-1
29037.6230	-1
29048.2773	-1
29058.9316	-1
29069.5859	-1
29080.2402	-1
29090.8945	-1
29101.5488	-1
29112.2031	-1
29122.8574	-1
29133.5117	-1
29144.1660	-1
29154.8203	-1
29165.4746	-1
29176.1289	-1
29186.7832	-1
29197.4375	-1
29208.0918	-1
29218.7461	-1
29229.4004	-1
29240.0547	-1
29250.7090	-1
29261.3633	-1
29272.0176	-1
29282.6719	-1
29293.3262	-1
29303.9805	-1
29314.6348	-1
29325.2891	-1
29335.9434	-1
29346.5977	-1
29357.2520	-1
29367.9062	-1
29378.5605	-1
29389.2148	-1
29399.8691	-1
29410.5254	-1
29421.1816	-1
29431.8379	-1
29442.4941	-1
29453.1504	-1
29463.8066	-1
29474.4629	-1
29485.1191	-1
29495.7754	-1
29506.4316	-1
29517.0879	-1
29527.7441	-1
29538.4004	-1
29549.0566	-1
29559.7129	-1
29570.3691	-1
29581.0254	-1
29591.6816	-1
29602.3379	1
29612.9941	1
29623.6504	1
29634.3066	1
29644.9629	1
29655.6191	1
29666.2754	1
29676.9316	1
29687.5879	1
29698.2441	1
29708.9004	1
29719.5566	1
29730.2129	1
29740.8691	1
29751.5273	1
29762.1855	1
29772.8438	1
29783.5020	-1
29794.1602	-1
29804.8184	-1
29815.4766	-1
29826.1348	-1
29836.7930	-1
29847.4512	-1
29858.1094	-1
29868.7676	-1
29879.4258	-1
29890.0840	-1
29900.7422	-1
29911.4023	1
29922.0625	1
29932.7227	1
29943.3828	1
29954.0430	1
29964.7031	1
29975.3633	1
29986.0254	-1
29996.6875	-1
30007.3496	-1
30018.0117	-1
30028.6738	-1
30039.3359	-1
30049.9980	-1
30060.6602	-1
30071.3223	-1
30081.9844	-1
30092.6465	-1
30103.3086	-1
30113.9707	1
30124.6328	1
30135.2949	1
30145.9570	1
30156.6191	1
30167.2812	1
30177.9434	1
30188.6055	1
30199.2695	-1
30209.9336	-1
30220.5977	-1
30231.2617	-1
30241.9258	-1
30252.5898	-1
30263.2539	-1
30273.9180	-1
30284.5820	-1
30295.2461	-1
30305.9102	-1
30316.5742	-1
30327.2383	-1
30337.9023	-1
30348.5664	-1
30359.2305	-1
30369.8945	-1
30380.5586	-1
30391.2227	-1
30401.8867	-1
30412.5508	-1
30423.2148	-1
30433.8789	-1
30444.5430	-1
30455.2070	-1
30465.8711	-1
30476.5352	-1
30487.1992	-1
30497.8633	-1
30508.5273	-1
30519.1934	-1
30529.8594	-1
30540.5254	-1
30551.1914	-1
30561.8574	-1
30572.5234	-1
30583.1895	-1
30593.8555	-1
30604.5215	-1
30615.1875	-1
30625.8535	-1
30636.5195	-1
30647.1914	-1
30657.8633	-1
30668.5352	-1
30679.2070	-1
30689.8789	-1
30700.5508	-1
30711.2227	-1
30721.8945	-1
30732.5664	-1
30743.2383	-1
30753.9102	-1
30764.5820	-1
30775.2539	-1
30785.9258	-1
30796.5977	-1
30807.2695	-1
30817.9414	-1
30828.6133	-1
30839.2852	-1
30849.9570	-1
30860.6289	-1
30871.3008	-1
30881.9727	-1
30892.6445	-1
30903.3164	-1
30913.9883	-1
30924.6602	-1
30935.3320	-1
30946.0039	-1
30956.6758	-1
30967.3477	-1
30978.0195	-1
30988.6914	-1
30999.3633	-1
31010.0352	-1
31020.7070	-1
31031.3789	-1
31042.0508	-1
31052.7227	-1
31063.3945	-1
31074.0664	-1
31084.7383	-1
31095.4102	-1
31106.0820	-1
31116.7539	-1
31127.4258	-1
31138.0977	-1
31148.7695	-1
31159.4414	-1
31170.1133	-1
31180.7852	-1
31191.4570	-1
31202.1289	-1
31212.8008	-1
31223.4727	-1
31234.1445	-1
31244.8164	-1
31255.4883	-1
31266.1602	-1
31276.8320	-1
31287.5059	-1
31298.1797	-1
31308.8535	-1
31319.5273	-1
31330.2012	-1
31340.8750	-1
31351.5488	-1
31362.2227	-1
31372.8965	-1
31383.5703	-1
31394.2441	-1
31404.9180	-1
31415.5918	-1
31426.2656	-1
31436.9395	-1
31447.6133	-1
31458.2871	-1
31468.9609	-1
31479.6348	-1
31490.3086	-1
31500.9824	-1
31511.6562	-1
31522.3301	-1
31533.0039	-1
31543.6777	-1
31554.3516	-1
31565.0254	-1
31575.6992	-1
31586.3730	-1
31597.0469	-1
31607.7227	-1
31618.3984	-1
31629.0742	-1
31639.7500	-1
31650.4258	-1
31661.1016	-1
31671.7773	-1
31682.4531	-1
31693.1289	-1
31703.8047	-1
31714.4805	-1
31725.1562	-1
31735.8320	-1
31746.5078	-1
31757.1836	-1
31767.8594	-1
31778.5352	-1
31789.2109	-1
31799.8867	-1
31810.5625	-1
31821.2383	-1
31831.9141	-1
31842.5898	-1
31853.2656	-1
31863.9414	-1
31874.6172	-1
31885.2930	-1
31895.9688	-1
31906.6445	-1
31917.3203	-1
31927.9961	-1
31938.6719	-1
31949.3477	-1
31960.0234	-1
31970.6992	-1
31981.3750	-1
31992.0527	-1
32002.7305	-1
32013.4082	-1
32024.0859	-1
32034.7637	-1
32045.4414	-1
32056.1191	-1
32066.7969	-1
32077.4746	-1
32088.1660	1
32098.8594	-1
32109.5527	1
32120.2461	1
32130.9414	-1
32141.6367	-1
32152.3320	-1
32163.0273	-1
32173.7227	-1
32184.4180	-1
32195.1133	-1
32205.8086	-1
32216.5039	-1
32227.1992	-1
32237.8945	-1
32248.5898	-1
32259.2852	1
32269.9805	1
32280.6758	1
32291.3711	1
32302.0684	-1
32312.7656	-1
32323.4629	-1
32334.1602	-1
32344.8574	-1
32355.5547	-1
32366.2520	-1
32376.9492	-1
32387.6465	-1
32398.3438	-1
32409.0410	-1
32419.7383	-1
32430.4355	-1
32441.1328	-1
32451.8301	-1
32462.5273	-1
32473.2246	-1
32483.9219	-1
32494.6191	-1
32505.3164	-1
32516.0137	-1
32526.7109	-1
32537.4082	-1
32548.1055	-1
32558.8027	1
32569.5000	1
32580.1973	1
32590.8945	1
32601.5918	1
32612.2891	1
32622.9863	1
32633.6836	1
32644.3828	-1
32655.0820	-1
32665.7812	-1
32676.4805	-1
32687.1797	-1
32697.8789	-1
32708.5781	-1
32719.2773	-1
32729.9766	-1
32740.6758	-1
32751.3750	-1
32762.0742	-1
32772.7734	1
32783.4766	1
32794.1797	1
32804.8828	1
32815.5859	-1
32826.2891	-1
32836.9922	-1
32847.6953	-1
32858.3984	-1
32869.1016	-1
32879.8047	-1
32890.5078	-1
32901.2109	-1
32911.9141	-1
32922.6172	-1
32933.3203	-1
32944.0234	-1
32954.7266	-1
32965.4297	-1
32976.1328	-1
32986.8359	-1
32997.5391	-1
33008.2422	-1
33018.9453	-1
33029.6484	-1
33040.3516	-1
33051.0547	-1
33061.7578	-1
33072.4609	-1
33083.1641	-1
33093.8672	-1
33104.5703	-1
33115.2734	-1
33125.9766	-1
33136.6797	-1
33147.3828	-1
33158.0859	-1
33168.7891	-1
33179.4922	-1
33190.1953	-1
33200.8984	1
33211.6016	1
33222.3047	1
33233.0078	1
33243.7109	1
33254.4141	1
33265.1172	1
33275.8203	1
33286.5234	1
33297.2266	1
33307.9297	1
33318.6328	1
33329.3398	-1
33340.0469	-1
33350.7539	-1
33361.4609	-1
33372.1680	-1
33382.8750	-1
33393.5820	-1
33404.2891	-1
33414.9961	-1
33425.7031	-1
33436.4102	-1
33447.1172	-1
33457.8242	1
33468.5312	1
33479.2383	1
33489.9453	1
33500.6523	-1
33511.3594	-1
33522.0664	-1
33532.7734	-1
33543.4805	-1
33554.1875	-1
33564.8945	-1
33575.6016	-1
33586.3086	-1
33597.0156	-1
33607.7227	-1
33618.4297	-1
33629.1367	-1
33639.8438	-1
33650.5508	-1
33661.2578	-1
33671.9648	-1
33682.6719	-1
33693.3789	-1
33704.0859	-1
33714.7930	-1
33725.5000	-1
33736.2070	-1
33746.9141	-1
33757.6211	-1
33768.3281	-1
33779.0352	-1
33789.7422	-1
33800.4492	-1
33811.1562	-1
33821.8633	-1
33832.5703	-1
33843.2773	-1
33853.9844	-1
33864.6914	-1
33875.3984	-1
33886.1094	1
33896.8203	1
33907.5312	1
33918.2422	1
33928.9531	1
33939.6641	1
33950.3750	1
33961.0859	1
33971.7969	1
33982.5078	1
33993.2188	1
34003.9297	1
34014.6406	-1
34025.3516	-1
34036.0625	-1
34046.7734	-1
34057.4844	-1
34068.1953	-1
34078.9062	-1
34089.6172	-1
34100.3281	-1
34111.0391	-1
34121.7500	-1
34132.4609	-1
34143.1719	-1
34153.8828	-1
34164.5938	-1
34175.3047	-1
34186.0156	-1
34196.7266	-1
34207.4375	-1
34218.1484	-1
34228.8594	-1
34239.5703	-1
34250.2812	-1
34260.9922	-1
34271.7031	-1
34282.4141	-1
34293.1250	-1
34303.8359	-1
34314.5469	-1
34325.2578	-1
34335.9688	-1
34346.6797	-1
34357.3906	-1
34368.1016	-1
34378.8125	-1
34389.5234	-1
34400.2344	-1
34410.9453	-1
34421.6562	-1
34432.3672	-1
34443.0781	-1
34453.7891	-1
34464.5000	-1
34475.2109	-1
34485.9219	-1
34496.6328	-1
34507.3438	-1
34518.0547	-1
34528.7695	1
34539.4844	1
34550.1992	1
34560.9141	1
34571.6289	1
34582.3438	1
34593.0586	1
34603.7734	1
34614.4883	1
34625.2031	1
34635.9180	-1
34646.6328	-1
34657.3477	-1
34668.0625	-1
34678.7773	-1
34689.4922	-1
34700.2070	-1
34710.9219	-1
34721.6367	-1
34732.3516	-1
34743.0664	-1
34753.7812	-1
34764.4961	-1
34775.2109	-1
34785.9258	-1
34796.6406	-1
34807.3555	-1
34818.0703	-1
34828.7852	-1
34839.5000	-1
34850.2148	-1
34860.9297	-1
34871.6445	-1
34882.3594	-1
34893.0781	-1
34903.7969	-1
34914.5156	-1
34925.2344	-1
34935.9531	-1
34946.6719	-1
34957.3906	-1
34968.1094	-1
34978.8281	-1
34989.5469	-1
35000.2656	-1
35010.9844	-1
35021.7031	-1
35032.4219	-1
35043.1406	-1
35053.8594	-1
35064.5781	-1
35075.2969	-1
35086.0156	-1
35096.7344	-1
35107.4531	-1
35118.1719	-1
35128.8906	-1
35139.6094	-1
35150.3281	-1
35161.0469	-1
35171.7656	-1
35182.4844	-1
35193.2031	-1
35203.9219	-1
35214.6406	-1
35225.3594	-1
35236.0781	-1
35246.7969	-1
35257.5156	-1
35268.2344	-1
35278.9531	-1
35289.6719	-1
35300.3906	-1
35311.1094	-1
35321.8281	-1
35332.5469	-1
35343.2656	-1
35353.9844	-1
35364.7031	-1
35375.4219	-1
35386.1406	-1
35396.8594	-1
35407.5781	-1
35418.2969	-1
35429.0156	-1
35439.7344	-1
35450.4531	-1
35461.1719	-1
35471.8945	-1
35482.6172	-1
35493.3398	-1
35504.0625	-1
35514.7852	-1
35525.5078	-1
35536.2305	-1
35546.9531	-1
35557.6758	-1
35568.3984	-1
35579.1211	-1
35589.8438	-1
35600.5664	-1
35611.2891	-1
35622.0117	-1
35632.7344	-1
35643.4570	-1
35654.1797	-1
35664.9023	-1
35675.6250	-1
35686.3477	-1
35697.0703	-1
35707.7930	-1
35718.5156	-1
35729.2383	-1
35739.9609	-1
35750.6836	-1
35761.4062	-1
35772.1289	-1
35782.8516	-1
35793.5781	-1
35804.3047	-1
35815.0312	-1
35825.7578	-1
35836.4844	-1
35847.2109	-1
35857.9375	-1
35868.6641	-1
35879.3906	-1
35890.1172	-1
35900.8438	-1
35911.5703	-1
35922.2969	-1
35933.0234	-1
35943.7500	-1
35954.4766	-1
35965.2031	-1
35975.9297	-1
35986.6562	-1
35997.3828	-1
36008.1094	-1
36018.8359	-1
36029.5625	-1
36040.2891	-1
36051.0156	-1
36061.7422	-1
36072.4688	-1
36083.1953	-1
36093.9219	-1
36104.6484	-1
36115.3750	-1
36126.1016	-1
36136.8281	-1
36147.5547	-1
36158.2812	-1
36169.0078	-1
36179.7344	-1
36190.4609	-1
36201.1875	-1
36211.9141	-1
36222.6406	-1
36233.3672	-1
36244.0938	-1
36254.8203	-1
36265.5469	-1
36276.2852	1
36287.0273	-1
36297.7695	1
36308.5117	1
36319.2539	-1
36329.9961	-1
36340.7383	-1
36351.4805	-1
36362.2227	-1
36372.9648	-1
36383.7070	-1
36394.4492	-1
36405.1914	-1
36415.9336	-1
36426.6758	-1
36437.4180	-1
36448.1602	1
36458.9023	1
36469.6484	1
36480.3945	1
36491.1406	-1
36501.8867	-1
36512.6328	-1
36523.3789	-1
36534.1250	-1
36544.8711	-1
36555.6172	-1
36566.3633	-1
36577.1094	-1
36587.8555	-1
36598.6016	-1
36609.3477	-1
36620.0938	1
36630.8398	1
36641.5859	-1
36652.3320	1
36663.0781	-1
36673.8242	-1
36684.5703	-1
36695.3164	-1
36706.0625	-1
36716.8086	1
36727.5547	-1
36738.3008	-1
36749.0469	-1
36759.7930	-1
36770.5391	-1
36781.2852	-1
36792.0312	1
36802.7773	1
36813.5234	-1
36824.2695	-1
36835.0156	-1
36845.7617	-1
36856.5078	-1
36867.2539	-1
36878.0000	1
36888.7461	1
36899.4922	-1
36910.2383	-1
36920.9844	-1
36931.7305	-1
36942.4766	-1
36953.2227	-1
36963.9688	1
36974.7148	1
36985.4609	1
36996.2070	1
37006.9531	-1
37017.6992	-1
37028.4453	-1
37039.1914	-1
37049.9375	-1
37060.6836	-1
37071.4336	-1
37082.1836	-1
37092.9336	-1
37103.6836	-1
37114.4336	-1
37125.1836	-1
37135.9336	1
37146.6836	1
37157.4336	1
37168.1836	1
37178.9336	-1
37189.6836	-1
37200.4336	-1
37211.1836	-1
37221.9336	-1
37232.6836	-1
37243.4336	-1
37254.1836	-1
37264.9336	-1
37275.6836	-1
37286.4336	-1
37297.1836	-1
37307.9336	-1
37318.6836	-1
37329.4336	-1
37340.1836	-1
37350.9336	-1
37361.6836	-1
37372.4336	-1
37383.1836	-1
37393.9336	-1
37404.6836	-1
37415.4336	-1
37426.1836	-1
37436.9336	-1
37447.6836	-1
37458.4336	-1
37469.1836	-1
37479.9336	-1
37490.6836	-1
37501.4336	-1
37512.1836	-1
37522.9336	-1
37533.6836	-1
37544.4336	-1
37555.1836	-1
37565.9336	-1
37576.6836	-1
37587.4336	-1
37598.1836	-1
37608.9336	-1
37619.6836	-1
37630.4336	-1
37641.1836	-1
37651.9336	-1
37662.6836	-1
37673.4336	-1
37684.1836	-1
37694.9336	1
37705.6875	1
37716.4414	1
37727.1953	1
37737.9492	1
37748.7031	1
37759.4570	1
37770.2109	1
37780.9648	1
37791.7188	1
37802.4727	1
37813.2266	1
37823.9805	1
37834.7344	1
37845.4883	1
37856.2422	1
37866.9961	-1
37877.7500	-1
37888.5039	-1
37899.2578	-1
37910.0117	-1
37920.7656	-1
37931.5195	-1
37942.2734	-1
37953.0273	-1
37963.7812	-1
37974.5352	-1
37985.2891	-1
37996.0430	-1
38006.7969	-1
38017.5508	-1
38028.3047	-1
38039.0586	-1
38049.8125	-1
38060.5664	-1
38071.3203	-1
38082.0742	-1
38092.8281	-1
38103.5820	-1
38114.3359	-1
38125.0938	-1
38135.8516	-1
38146.6094	-1
38157.3672	-1
38168.1250	-1
38178.8828	-1
38189.6406	-1
38200.3984	-1
38211.1562	-1
38221.9141	-1
38232.6719	-1
38243.4297	-1
38254.1875	-1
38264.9453	-1
38275.7031	-1
38286.4609	-1
38297.2188	-1
38307.9766	-1
38318.7344	-1
38329.4922	-1
38340.2500	-1
38351.0078	-1
38361.7656	-1
38372.5234	-1
38383.2812	-1
38394.0391	-1
38404.7969	-1
38415.5547	-1
38426.3125	-1
38437.0703	-1
38447.8281	1
38458.5859	1
38469.3438	1
38480.1016	1
38490.8594	1
38501.6172	1
38512.3750	1
38523.1328	1
38533.8906	1
38544.6484	1
38555.4062	-1
38566.1641	-1
38576.9219	-1
38587.6797	-1
38598.4375	-1
38609.1953	-1
38619.9531	1
38630.7109	1
38641.4688	1
38652.2266	1
38662.9844	1
38673.7422	1
38684.5000	1
38695.2578	-1
38706.0156	-1
38716.7734	-1
38727.5312	-1
38738.2891	-1
38749.0469	-1
38759.8047	1
38770.5625	-1
38781.3203	-1
38792.0781	-1
38802.8359	-1
38813.5938	-1
38824.3516	-1
38835.1094	-1
38845.8672	-1
38856.6250	-1
38867.3828	-1
38878.1406	-1
38888.8984	-1
38899.6602	-1
38910.4219	-1
38921.1836	-1
38931.9453	-1
38942.7070	-1
38953.4688	-1
38964.2305	-1
38974.9922	-1
38985.7539	-1
38996.5156	-1
39007.2773	-1
39018.0391	-1
39028.8008	-1
39039.5625	-1
39050.3242	-1
39061.0859	-1
39071.8477	-1
39082.6094	-1
39093.3711	-1
39104.1328	-1
39114.8945	-1
39125.6562	-1
39136.4180	-1
39147.1797	-1
39157.9414	-1
39168.7031	-1
39179.4648	-1
39190.2266	-1
39200.9883	-1
39211.7500	-1
39222.5117	-1
39233.2734	-1
39244.0352	-1
39254.7969	-1
39265.5586	-1
39276.3203	-1
39287.0820	-1
39297.8438	-1
39308.6055	-1
39319.3672	-1
39330.1289	-1
39340.8906	-1
39351.6523	-1
39362.4141	-1
39373.1758	-1
39383.9375	-1
39394.6992	-1
39405.4609	-1
39416.2227	1
39426.9883	-1
39437.7539	-1
39448.5195	-1
39459.2852	-1
39470.0508	-1
39480.8164	-1
39491.5820	-1
39502.3477	-1
39513.1133	-1
39523.8789	-1
39534.6445	-1
39545.4102	-1
39556.1758	1
39566.9414	1
39577.7070	1
39588.4727	1
39599.2383	1
39610.0039	1
39620.7695	1
39631.5352	-1
39642.3008	-1
39653.0664	-1
39663.8320	-1
39674.5977	-1
39685.3633	-1
39696.1289	-1
39706.8945	-1
39717.6602	-1
39728.4258	-1
39739.1914	-1
39749.9570	-1
39760.7227	-1
39771.4883	-1
39782.2539	-1
39793.0195	-1
39803.7852	-1
39814.5508	-1
39825.3164	-1
39836.0820	-1
39846.8477	-1
39857.6133	-1
39868.3789	-1
39879.1445	-1
39889.9141	1
39900.6836	1
39911.4531	1
39922.2227	1
39932.9922	1
39943.7617	1
39954.5352	1
39965.3086	-1
39976.0820	-1
39986.8555	-1
39997.6289	-1
40008.4023	-1
40019.1758	-1
40029.9492	-1
40040.7227	-1
40051.4961	-1
40062.2695	-1
40073.0430	-1
40083.8164	-1
40094.5898	-1
40105.3633	-1
40116.1367	-1
40126.9102	-1
40137.6836	-1
40148.4570	-1
40159.2305	-1
40170.0039	-1
40180.7773	-1
40191.5508	-1
40202.3242	-1
40213.0977	-1
40223.8711	-1
40234.6445	-1
40245.4180	-1
40256.1914	-1
40266.9648	-1
40277.7383	-1
40288.5117	-1
40299.2852	-1
40310.0586	-1
40320.8320	-1
40331.6055	-1
40342.3789	-1
40353.1523	-1
40363.9258	-1
40374.6992	-1
40385.4727	-1
40396.2461	-1
40407.0195	-1
40417.7969	-1
40428.5742	-1
40439.3516	-1
40450.1289	-1
40460.9062	-1
40471.6836	-1
40482.4609	-1
40493.2383	-1
40504.0156	-1
40514.7930	-1
40525.5703	-1
40536.3477	-1
40547.1250	-1
40557.9023	-1
40568.6797	-1
40579.4570	-1
40590.2344	-1
40601.0117	-1
40611.7891	-1
40622.5664	-1
40633.3438	-1
40644.1211	-1
40654.8984	-1
40665.6758	-1
40676.4531	-1
40687.2305	-1
40698.0078	-1
40708.7852	-1
40719.5625	-1
40730.3398	-1
40741.1172	-1
40751.8945	-1
40762.6719	-1
40773.4492	-1
40784.2266	-1
40795.0039	-1
40805.7812	-1
40816.5586	-1
40827.3359	-1
40838.1133	-1
40848.8906	-1
40859.6680	-1
40870.4453	-1
40881.2227	-1
40892.0000	-1
40902.7773	-1
40913.5547	-1
40924.3320	-1
40935.1094	-1
40945.8867	-1
40956.6641	-1
40967.4414	-1
40978.2188	-1
40988.9961	-1
40999.7734	-1
41010.5508	-1
41021.3281	-1
41032.1055	-1
41042.8828	-1
41053.6602	-1
41064.4375	-1
41075.2148	-1
41085.9922	-1
41096.7695	-1
41107.5469	-1
41118.3242	-1
41129.1016	-1
41139.8789	-1
41150.6562	-1
41161.4336	-1
41172.2109	-1
41182.9883	-1
41193.7656	-1
41204.5430	-1
41215.3203	-1
41226.0977	-1
41236.8750	-1
41247.6523	-1
41258.4336	-1
41269.4023	1
41280.3711	1
41291.3398	1
41302.3086	1
41313.2773	1
41324.2461	-1
41335.2148	-1
41346.1836	-1
41357.1523	-1
41368.1211	-1
41379.0898	-1
41390.0586	-1
41401.0273	-1
41411.9961	-1
41422.9648	-1
41433.9336	-1
41444.9023	-1
41455.8711	-1
41466.8398	-1
41477.8086	-1
41488.7773	-1
41499.7461	-1
41510.7148	-1
41521.6836	-1
41532.6523	-1
41543.6211	-1
41554.5898	-1
41565.5586	-1
41576.5273	-1
41587.4961	-1
41598.4648	-1
41609.4336	-1
41620.4023	-1
41631.3711	-1
41642.3398	-1
41653.3242	1
41664.3086	-1
41675.2930	1
41686.2773	1
41697.2656	-1
41708.2539	-1
41719.2422	-1
41730.2305	-1
41741.2188	-1
41752.2070	-1
41763.1953	-1
41774.1836	-1
41785.1719	-1
41796.1602	-1
41807.1484	-1
41818.1367	-1
41829.1250	1
41840.1133	1
41851.1016	1
41862.0898	1
41873.0781	-1
41884.0664	-1
41895.0547	-1
41906.0430	-1
41917.0312	-1
41928.0195	-1
41939.0078	-1
41949.9961	-1
41960.9844	-1
41971.9727	-1
41982.9609	-1
41993.9492	-1
42004.9375	-1
42015.9258	-1
42026.9141	-1
42037.9023	-1
42048.8906	-1
42059.8789	-1
42070.8672	-1
42081.8555	-1
42092.8438	-1
42103.8320	-1
42114.8203	-1
42125.8242	1
42136.8281	-1
42147.8320	1
42158.8359	1
42169.8438	-1
42180.8516	-1
42191.8594	-1
42202.8672	-1
42213.8750	-1
42224.8828	-1
42235.8906	-1
42246.8984	-1
42257.9062	-1
42268.9141	-1
42279.9219	-1
42290.9297	-1
42301.9375	1
42312.9453	1
42323.9531	1
42334.9609	1
42345.9688	-1
42356.9766	-1
42367.9844	-1
42378.9922	-1
42390.0000	-1
42401.0078	-1
42412.0156	-1
42423.0234	-1
42434.0312	-1
42445.0391	-1
42456.0469	-1
42467.0547	-1
42478.0625	-1
42489.0703	-1
42500.0781	-1
42511.0859	-1
42522.0938	-1
42533.1016	-1
42544.1094	-1
42555.1172	-1
42566.1250	-1
42577.1328	-1
42588.1406	-1
42599.1484	-1
42610.1602	1
42621.1719	1
42632.1836	1
42643.1953	1
42654.2070	1
42665.2188	1
42676.2305	1
42687.2422	1
42698.2539	-1
42709.2656	-1
42720.2773	-1
42731.2891	-1
42742.3008	-1
42753.3125	-1
42764.3242	-1
42775.3359	-1
42786.3477	-1
42797.3594	-1
42808.3711	-1
42819.3828	-1
42830.3984	-1
42841.4141	-1
42852.4297	-1
42863.4453	-1
42874.4609	-1
42885.4766	-1
42896.4922	-1
42907.5078	-1
42918.5234	-1
42929.5391	-1
42940.5547	-1
42951.5703	-1
42962.5859	-1
42973.6016	-1
42984.6172	-1
42995.6328	-1
43006.6484	-1
43017.6641	-1
43028.6797	-1
43039.6953	-1
43050.7109	-1
43061.7266	-1
43072.7422	-1
43083.7578	-1
43094.7734	-1
43105.7891	-1
43116.8047	-1
43127.8203	-1
43138.8359	-1
43149.8516	-1
43160.8672	-1
43171.8828	-1
43182.8984	-1
43193.9258	1
43204.9570	-1
43215.9883	1
43227.0195	1
43238.0508	-1
43249.0820	-1
43260.1133	-1
43271.1445	-1
43282.1758	-1
43293.2070	-1
43304.2383	-1
43315.2695	-1
43326.3008	-1
43337.3320	-1
43348.3633	-1
43359.3945	-1
43370.4258	1
43381.4570	1
43392.4883	1
43403.5195	1
43414.5547	-1
43425.5898	-1
43436.6250	-1
43447.6602	-1
43458.6953	-1
43469.7305	-1
43480.7656	-1
43491.8008	-1
43502.8359	-1
43513.8711	-1
43524.9062	-1
43535.9414	-1
43546.9766	-1
43558.0117	-1
43569.0469	-1
43580.0820	-1
43591.1172	-1
43602.1523	-1
43613.1875	-1
43624.2227	-1
43635.2578	-1
43646.2930	-1
43657.3281	-1
43668.3633	-1
43679.3984	1
43690.4336	1
43701.4688	1
43712.5039	1
43723.5391	1
43734.5742	1
43745.6094	1
43756.6445	1
43767.6797	-1
43778.7148	-1
43789.7500	-1
43800.7852	-1
43811.8203	-1
43822.8555	-1
43833.8906	-1
43844.9258	-1
43855.9609	-1
43866.9961	-1
43878.0312	-1
43889.0664	-1
43900.1055	-1
43911.1445	-1
43922.1836	-1
43933.2227	-1
43944.2617	-1
43955.3008	-1
43966.3398	-1
43977.3789	-1
43988.4180	-1
43999.4570	-1
44010.4961	-1
44021.5352	-1
44032.5742	-1
44043.6133	-1
44054.6523	-1
44065.6914	-1
44076.7305	-1
44087.7695	-1
44098.8086	-1
44109.8477	-1
44120.8867	-1
44131.9258	-1
44142.9648	-1
44154.0039	-1
44165.0430	1
44176.0820	1
44187.1211	1
44198.1602	-1
44209.1992	-1
44220.2383	-1
44231.2773	-1
44242.3164	-1
44253.3555	-1
44264.3945	1
44275.4336	1
44286.4727	1
44297.5117	1
44308.5508	1
44319.5898	1
44330.6289	1
44341.6680	1
44352.7070	1
44363.7461	1
44374.7852	1
44385.8242	-1
44396.8633	-1
44407.9023	-1
44418.9414	-1
44429.9805	-1
44441.0195	-1
44452.0586	-1
44463.0977	-1
44474.1367	-1
44485.1758	-1
44496.2148	-1
44507.2539	-1
44518.2930	-1
44529.3320	-1
44540.3711	-1
44551.4102	-1
44562.4492	-1
44573.4883	-1
44584.5273	1
44595.5664	1
44606.6094	-1
44617.6523	-1
44628.6953	-1
44639.7383	-1
44650.7812	-1
44661.8242	-1
44672.8672	1
44683.9102	1
44694.9531	1
44705.9961	1
44717.0391	1
44728.0820	1
44739.1250	-1
44750.1680	-1
44761.2109	-1
44772.2539	-1
44783.2969	-1
44794.3398	-1
44805.3828	-1
44816.4258	-1
44827.4688	-1
44838.5117	-1
44849.5547	-1
44860.5977	-1
44871.6406	-1
44882.6836	-1
44893.7266	-1
44904.7695	-1
44915.8125	-1
44926.8555	-1
44937.8984	-1
44948.9414	-1
44959.9844	-1
44971.0273	-1
44982.0703	-1
44993.1133	-1
45004.1562	1
45015.1992	1
45026.2422	1
45037.2891	1
45048.3359	1
45059.3828	1
45070.4297	1
45081.4766	1
45092.5234	-1
45103.5703	-1
45114.6172	-1
45125.6641	-1
45136.7109	-1
45147.7578	-1
45158.8047	-1
45169.8516	-1
45180.8984	-1
45191.9453	-1
45202.9922	-1
45214.0391	-1
45225.0859	-1
45236.1328	-1
45247.1797	-1
45258.2266	-1
45269.2734	-1
45280.3203	-1
45291.3672	-1
45302.4141	-1
45313.4609	-1
45324.5078	-1
45335.5547	-1
45346.6016	-1
45357.6484	-1
45368.6953	-1
45379.7422	-1
45390.7891	-1
45401.8359	-1
45412.8828	-1
45423.9297	-1
45434.9766	-1
45446.0234	-1
45457.0703	-1
45468.1172	-1
45479.1641	-1
45490.2148	-1
45501.2656	-1
45512.3164	-1
45523.3672	-1
45534.4180	-1
45545.4688	-1
45556.5195	-1
45567.5703	-1
45578.6211	-1
45589.6719	-1
45600.7227	-1
45611.7734	-1
45622.8242	-1
45633.8750	-1
45644.9258	-1
45655.9766	-1
45667.0273	-1
45678.0781	-1
45689.1289	-1
45700.1797	-1
45711.2305	-1
45722.2812	-1
45733.3320	-1
45744.3828	-1
45755.4336	1
45766.4844	1
45777.5352	-1
45788.5859	-1
45799.6367	-1
45810.6875	-1
45821.7383	-1
45832.7891	-1
45843.8398	1
45854.8906	1
45865.9414	1
45876.9922	1
45888.0430	-1
45899.0938	-1
45910.1445	-1
45921.1953	-1
45932.2461	-1
45943.2969	-1
45954.3477	-1
45965.3984	-1
45976.4492	-1
45987.5000	-1
45998.5508	-1
46009.6016	-1
46020.6523	-1
46031.7031	-1
46042.7539	-1
46053.8047	-1
46064.8555	-1
46075.9062	-1
46086.9570	-1
46098.0078	-1
46109.0586	-1
46120.1094	-1
46131.1602	-1
46142.2109	-1
46153.2617	-1
46164.3125	-1
46175.3633	-1
46186.4141	-1
46197.4648	-1
46208.5156	-1
46219.5664	-1
46230.6172	-1
46241.6680	-1
46252.7188	-1
46263.7695	-1
46274.8203	-1
46285.8711	-1
46296.9219	-1
46307.9727	-1
46319.0234	-1
46330.0742	-1
46341.1250	-1
46352.1758	-1
46363.2266	-1
46374.2773	-1
46385.3281	-1
46396.3789	-1
46407.4297	-1
46418.4805	-1
46429.5312	-1
46440.5820	-1
46451.6328	-1
46462.6836	-1
46473.7344	-1
46484.7852	-1
46495.8359	-1
46506.8867	-1
46517.9375	-1
46528.9883	-1
46540.0391	-1
46551.0898	-1
46562.1406	-1
46573.1914	-1
46584.2422	-1
46595.2930	-1
46606.3438	-1
46617.3984	-1
46628.4531	-1
46639.5078	-1
46650.5625	-1
46661.6172	-1
46672.6719	-1
46683.7266	1
46694.7812	1
46705.8359	-1
46716.8906	-1
46727.9453	-1
46739.0000	-1
46750.0547	-1
46761.1094	-1
46772.1641	-1
46783.2188	-1
46794.2734	-1
46805.3281	-1
46816.3828	-1
46827.4375	-1
46838.4922	1
46849.5469	1
46860.6016	-1
46871.6562	-1
46882.7109	-1
46893.7656	-1
46904.8203	-1
46915.8750	-1
46926.9297	1
46937.9844	1
46949.0391	1
46960.0938	1
46971.1484	1
46982.2031	1
46993.2578	1
47004.3125	1
47015.3672	1
47026.4219	1
47037.4805	-1
47048.5391	-1
47059.5977	-1
47070.6562	-1
47081.7148	-1
47092.7734	-1
47103.8320	-1
47114.8906	-1
47125.9492	-1
47137.0078	-1
47148.0664	-1
47159.1250	-1
47170.1836	-1
47181.2422	-1
47192.3008	-1
47203.3594	-1
47214.4180	-1
47225.4766	-1
47236.5352	-1
47247.5938	-1
47258.6523	-1
47269.7109	-1
47280.7695	-1
47291.8281	-1
47302.8867	-1
47313.9453	-1
47325.0039	-1
47336.0625	-1
47347.1211	-1
47358.1797	-1
47369.2383	1
47380.2969	1
47391.3555	1
47402.4141	1
47413.4727	1
47424.5312	1
47435.5898	1
47446.6484	1
47457.7070	1
47468.7656	1
47479.8242	1
47490.8828	1
47501.9414	1
47513.0039	-1
47524.0664	-1
47535.1289	-1
47546.1914	-1
47557.2539	-1
47568.3164	-1
47579.3789	-1
47590.4414	-1
47601.5039	-1
47612.5664	-1
47623.6289	-1
47634.6914	-1
47645.7539	-1
47656.8164	-1
47667.8789	-1
47678.9414	-1
47690.0039	-1
47701.0664	-1
47712.1289	-1
47723.1914	-1
47734.2539	-1
47745.3164	-1
47756.3789	-1
47767.4414	-1
47778.5039	-1
47789.5664	-1
47800.6289	-1
47811.6914	-1
47822.7539	-1
47833.8164	-1
47844.8789	-1
47855.9414	-1
47867.0039	-1
47878.0664	-1
47889.1289	-1
47900.1914	-1
47911.2539	-1
47922.3164	-1
47933.3789	-1
47944.4414	-1
47955.5039	-1
47966.5664	-1
47977.6289	-1
47988.6914	-1
47999.7539	-1
48010.8164	-1
48021.8789	-1
48032.9414	-1
48044.0039	-1
48055.0664	-1
48066.1289	-1
48077.1914	-1
48088.2539	-1
48099.3164	-1
48110.3789	-1
48121.4414	-1
48132.5039	-1
48143.5664	-1
48154.6289	-1
48165.6914	-1
48176.7539	-1
48187.8164	-1
48198.8789	-1
48209.9414	-1
48221.0039	-1
48232.0664	-1
48243.1289	-1
48254.1914	-1
48265.2539	-1
48276.3164	-1
48287.3789	-1
48298.4414	-1
48309.5078	-1
48320.5742	-1
48331.6406	-1
48342.7070	-1
48353.7734	-1
48364.8398	-1
48375.9062	-1
48386.9727	-1
48398.0391	-1
48409.1055	-1
48420.1719	-1
48431.2383	-1
48442.3047	-1
48453.3711	-1
48464.4375	-1
48475.5039	-1
48486.5703	-1
48497.6367	-1
48508.7031	-1
48519.7695	-1
48530.8359	-1
48541.9023	-1
48552.9688	-1
48564.0352	-1
48575.1016	-1
48586.1680	-1
48597.2344	-1
48608.3008	-1
48619.3672	-1
48630.4336	-1
48641.5000	-1
48652.5664	-1
48663.6328	-1
48674.6992	-1
48685.7656	-1
48696.8320	-1
48707.8984	-1
48718.9648	-1
48730.0312	-1
48741.0977	-1
48752.1641	-1
48763.2305	-1
48774.2969	-1
48785.3633	-1
48796.4297	-1
48807.4961	-1
48818.5625	-1
48829.6289	-1
48840.6992	-1
48851.7695	-1
48862.8398	-1
48873.9102	-1
48884.9805	-1
48896.0508	-1
48907.1211	-1
48918.1914	-1
48929.2617	-1
48940.3320	-1
48951.4023	-1
48962.4727	-1
48973.5430	-1
48984.6133	-1
48995.6836	-1
49006.7539	-1
49017.8242	-1
49028.8945	-1
49039.9648	-1
49051.0352	-1
49062.1055	-1
49073.1758	-1
49084.2461	-1
49095.3164	-1
49106.3867	-1
49117.4570	-1
49128.5273	-1
49139.5977	-1
49150.6680	-1
49161.7383	-1
49172.9844	1
49184.2305	1
49195.4766	-1
49206.7227	-1
49217.9688	-1
49229.2148	-1
49240.4609	-1
49251.7070	-1
49262.9531	-1
49274.1992	-1
49285.4453	-1
49296.6914	-1
49307.9375	-1
49319.1836	-1
49330.4414	1
49341.6992	1
49352.9570	-1
49364.2148	-1
49375.4727	-1
49386.7305	-1
49397.9883	-1
49409.2461	-1
49420.5039	-1
49431.7617	-1
49443.0195	-1
49454.2773	-1
49465.5352	-1
49476.7930	-1
49488.0625	1
49499.3359	-1
49510.6094	1
49521.8828	1
49533.1562	-1
49544.4297	-1
49555.7031	-1
49566.9766	-1
49578.2500	-1
49589.5234	-1
49600.7969	-1
49612.0703	-1
49623.3438	-1
49634.6172	-1
49645.9023	1
49657.1914	-1
49668.4805	1
49679.7695	1
49691.0586	-1
49702.3477	-1
49713.6367	-1
49724.9258	-1
49736.2148	-1
49747.5039	-1
49758.7930	-1
49770.0820	-1
49781.3711	-1
49792.6602	-1
49803.9648	1
49815.2695	-1
49826.5742	1
49837.8789	1
49849.1836	-1
49860.4883	-1
49871.7930	-1
49883.0977	-1
49894.4023	-1
49905.7070	-1
49917.0117	-1
49928.3164	-1
49939.6211	-1
49950.9258	-1
49962.2305	-1
49973.5352	-1
49984.8398	1
49996.1445	1
50007.4531	1
50018.7617	1
50030.0703	-1
50041.3789	-1
50052.6875	-1
50063.9961	-1
50075.3047	-1
50086.6133	-1
50097.9219	-1
50109.2305	-1
50120.5391	-1
50131.8477	-1
50143.1562	-1
50154.4648	-1
50165.7734	-1
50177.0820	-1
50188.3906	-1
50199.6992	-1
50211.0078	-1
50222.3164	-1
50233.6250	-1
50244.9336	-1
50256.2422	-1
50267.5508	-1
50278.8594	-1
50290.1680	-1
50301.4766	1
50312.7852	1
50324.0938	1
50335.4023	1
50346.7109	1
50358.0195	1
50369.3281	1
50380.6367	1
50391.9453	-1
50403.2539	-1
50414.5625	-1
50425.8711	-1
50437.1797	-1
50448.4883	-1
50459.7969	1
50471.1055	1
50482.4180	-1
50493.7305	-1
50505.0430	-1
50516.3555	-1
50527.6680	-1
50538.9805	-1
50550.2930	-1
50561.6055	-1
50572.9180	-1
50584.2305	-1
50595.5430	-1
50606.8555	-1
50618.1680	-1
50629.4805	-1
50640.7930	-1
50652.1055	-1
50663.4180	-1
50674.7305	-1
50686.0430	-1
50697.3555	-1
50708.6680	-1
50719.9805	-1
50731.2930	-1
50742.6055	-1
50753.9180	-1
50765.2305	-1
50776.5430	-1
50787.8555	-1
50799.1680	-1
50810.4805	-1
50821.7930	1
50833.1055	1
50844.4180	1
50855.7305	1
50867.0430	-1
50878.3555	-1
50889.6680	-1
50900.9805	-1
50912.2930	-1
50923.6055	-1
50934.9180	-1
50946.2305	-1
50957.5430	-1
50968.8555	-1
50980.1680	-1
50991.4805	-1
51002.7930	-1
51014.1055	-1
51025.4180	-1
51036.7305	-1
51048.0430	-1
51059.3555	-1
51070.6680	-1
51081.9805	-1
51093.2930	-1
51104.6055	-1
51115.9180	-1
51127.2305	-1
51138.5430	-1
51149.8555	-1
51161.1680	-1
51172.4805	-1
51183.7930	-1
51195.1055	-1
51206.4180	-1
51217.7305	-1
51229.0430	-1
51240.3555	-1
51251.6680	-1
51262.9805	-1
51274.2930	-1
51285.6055	-1
51296.9180	-1
51308.2305	-1
51319.5430	-1
51330.8555	-1
51342.1680	-1
51353.4805	-1
51364.8086	1
51376.1367	-1
51387.4648	1
51398.7930	1
51410.1250	-1
51421.4570	-1
51432.7891	-1
51444.1328	1
51455.4805	-1
51466.8281	1
51478.1758	1
51489.5234	-1
51500.8711	-1
51512.2188	-1
51523.5664	-1
51534.9141	-1
51546.2617	-1
51557.6094	-1
51568.9570	-1
51580.3047	-1
51591.6523	-1
51603.0000	-1
51614.3477	-1
51625.6953	1
51637.0430	1
51648.3906	1
51659.7383	1
51671.0898	-1
51682.4414	-1
51693.7930	-1
51705.1445	-1
51716.4961	-1
51727.8477	-1
51739.1992	-1
51750.5508	-1
51761.9023	-1
51773.2539	-1
51784.6055	-1
51795.9570	-1
51807.3086	-1
51818.6602	-1
51830.0117	-1
51841.3633	-1
51852.7148	-1
51864.0664	-1
51875.4180	-1
51886.7695	-1
51898.1211	-1
51909.4727	-1
51920.8242	-1
51932.1875	1
51943.5547	-1
51954.9219	1
51966.2891	1
51977.6562	-1
51989.0234	-1
52000.3906	-1
52011.7578	-1
52023.1367	1
52034.5195	-1
52045.9023	1
52057.2852	1
52068.6680	-1
52080.0508	-1
52091.4336	-1
52102.8164	-1
52114.1992	-1
52125.5820	-1
52136.9648	-1
52148.3477	-1
52159.7305	-1
52171.1133	-1
52182.4961	-1
52193.8789	-1
52205.2617	1
52216.6445	1
52228.0273	1
52239.4102	1
52250.7969	-1
52262.1836	-1
52273.5703	-1
52284.9570	-1
52296.3438	-1
52307.7305	-1
52319.1172	-1
52330.5039	-1
52341.8906	-1
52353.2773	-1
52364.6641	-1
52376.0508	-1
52387.4375	-1
52398.8242	-1
52410.2109	-1
52421.5977	-1
52432.9844	-1
52444.3711	-1
52455.7578	-1
52467.1445	-1
52478.5312	-1
52489.9180	-1
52501.3047	-1
52512.6914	-1
52524.0781	1
52535.4648	1
52546.8516	1
52558.2383	-1
52569.6250	-1
52581.0117	-1
52592.3984	-1
52603.7852	-1
52615.1719	-1
52626.5586	-1
52637.9453	-1
52649.3320	-1
52660.7188	-1
52672.1055	-1
52683.4922	-1
52694.8789	-1
52706.2812	1
52717.6836	-1
52729.0859	1
52740.4883	1
52751.8906	-1
52763.2930	-1
52774.6953	-1
52786.0977	-1
52797.5000	-1
52808.9023	-1
52820.3047	-1
52831.7070	-1
52843.1094	-1
52854.5117	-1
52865.9141	-1
52877.3164	-1
52888.7227	1
52900.1289	1
52911.5352	1
52922.9414	1
52934.3477	-1
52945.7539	-1
52957.1602	-1
52968.5664	-1
52979.9727	-1
52991.3789	-1
53002.7852	-1
53014.1914	-1
53025.5977	-1
53037.0039	-1
53048.4102	-1
53059.8164	-1
53071.2227	-1
53082.6289	-1
53094.0352	-1
53105.4414	-1
53116.8477	-1
53128.2539	-1
53139.6602	-1
53151.0820	1
53162.5039	-1
53173.9258	1
53185.3477	1
53196.7695	-1
53208.1914	-1
53222.1953	-1
53236.2031	1
