0.0000	0
0.1491	-1
0.2987	-1
0.4483	-1
0.8475	-888
0.9396	-888
1.0095	888
1.7284	-888
1.7862	888
1.8616	888
1.8797	-1
2.0540	888
2.3238	-888
2.3815	-888
2.3887	-888
2.4545	888
2.4594	-888
2.5714	888
2.7281	888
2.8918	-888
2.8949	-888
3.0775	-888
3.0859	-888
3.1577	-888
3.4052	1
3.4488	-888
3.4565	-888
3.4850	-888
3.5729	888
3.6168	888
3.7464	888
3.7961	-888
3.8008	-888
4.1037	-888
4.1630	888
4.2050	-888
4.2991	888
4.3930	-888
4.5491	-888
4.6090	-888
4.6858	-888
4.7285	-888
4.8230	888
4.9310	-1
4.9789	-888
5.0083	-888
5.0163	-888
5.0473	888
5.1359	-888
5.1973	888
5.2306	-888
5.2925	-888
5.3954	-888
5.4170	-888
5.5170	-888
5.5553	-888
5.5925	-888
5.6152	-888
5.7084	-888
5.7991	-888
5.9173	888
6.1260	-888
6.2422	-888
6.3959	-888
6.4443	888
6.4568	-1
6.4599	888
6.6217	-888
6.6226	-888
6.7027	888
6.7224	-888
6.7242	888
6.7806	-888
6.9253	-888
6.9534	-888
6.9632	-888
7.0142	-888
7.0651	888
7.0751	888
7.1863	888
7.2123	-888
7.2435	-888
7.3325	888
7.4487	-888
7.4871	-888
7.5093	-888
7.6401	888
7.6755	-888
7.6764	-888
7.7976	-888
7.9444	-888
8.0065	-888
8.1455	-888
8.2840	1
8.5002	-888
8.5686	888
8.7158	-888
8.8361	-888
8.9155	-888
9.0868	-888
9.1593	-888
9.1737	-888
9.2474	-888
9.3966	888
9.7364	-888
9.7480	888
10.1119	-1
10.1294	-888
10.1347	888
10.1700	-888
10.1846	-888
10.3173	-888
10.3525	-888
10.6308	-888
10.7941	888
10.8256	-888
10.9161	-888
11.1803	888
11.2325	888
11.5717	-888
12.1569	-888
12.2321	-1
12.5490	-888
12.5749	-888
12.6806	-888
12.7107	888
12.8714	-888
13.3166	-888
13.7254	888
13.8166	888
14.1961	-888
14.3530	1
14.5156	-888
14.5183	-888
15.3655	-888
16.2230	-888
16.9468	-1
17.2712	-888
17.3212	-888
17.7558	-888
19.3012	-888
19.7477	1
22.5488	-1
25.3499	-1
29.3212	1
33.3576	-1
38.8601	-1
44.3627	-1
50.9794	-1
57.8591	1
64.7998	-1
71.7406	-1
79.8603	-1
88.0279	1
96.3719	-1
104.7159	-1
113.9379	1
123.1627	-1
132.3879	1
141.6136	1
150.8408	-1
160.0679	-1
169.2955	-1
178.5367	1
187.7798	-1
197.0234	1
206.2669	1
215.5122	-1
224.7575	-1
234.0028	-1
243.2481	-1
252.4934	-1
261.7386	-1
270.9840	-1
280.2294	-1
289.4747	-1
298.7350	1
307.9970	-1
317.2594	1
326.5219	1
335.7860	-1
345.0501	-1
354.3142	-1
363.5783	-1
372.8424	-1
382.1065	-1
391.3708	-1
400.6350	-1
409.8992	-1
419.1635	-1
428.4277	-1
437.6920	-1
446.9566	1
456.2213	1
465.4870	-1
474.7527	-1
484.0183	-1
493.2840	-1
502.5497	-1
511.8155	-1
521.0813	-1
530.3472	-1
539.6130	-1
548.8789	-1
558.1448	-1
567.4240	1
576.7047	-1
585.9858	1
595.2670	1
604.5495	-1
613.8320	-1
623.1144	-1
632.3969	-1
641.6794	-1
650.9620	-1
660.2605	1
669.5607	-1
678.8612	1
688.1618	1
697.4636	-1
706.7653	-1
716.0671	-1
725.3688	-1
734.6706	-1
743.9724	-1
753.2744	-1
762.5764	-1
771.8784	-1
781.1804	-1
790.4824	-1
799.7844	-1
809.0869	1
818.3893	1
827.6918	1
836.9944	1
846.2982	-1
855.6021	-1
864.9060	-1
874.2099	-1
883.5138	-1
892.8177	-1
902.1219	-1
911.4261	-1
920.7303	-1
930.0345	-1
939.3387	-1
948.6429	-1
957.9473	1
967.2518	1
976.5564	1
985.8610	1
995.1656	-1
1004.4703	-1
1013.7749	-1
1023.0795	-1
1032.3842	-1
1041.6888	-1
1050.9937	-1
1060.2985	-1
1069.6033	-1
1078.9081	-1
1088.2129	-1
1097.5177	-1
1106.8243	-1
1116.1310	-1
1125.4376	-1
1134.7443	-1
1144.0509	-1
1153.3575	-1
1162.6643	-1
1171.9711	-1
1181.2778	-1
1190.5846	-1
1199.8914	-1
1209.1981	-1
1218.5050	-1
1227.8119	-1
1237.1188	-1
1246.4257	-1
1255.7327	-1
1265.0397	-1
1274.3467	-1
1283.6537	-1
1292.9607	-1
1302.2677	-1
1311.5876	1
1320.9093	-1
1330.2314	1
1339.5536	1
1348.8773	-1
1358.2010	-1
1367.5248	-1
1376.8485	-1
1386.1722	-1
1395.4960	-1
1404.8199	-1
1414.1439	-1
1423.4679	-1
1432.7919	-1
1442.1302	1
1451.4701	-1
1460.8103	1
1470.1506	1
1479.4919	-1
1488.8334	-1
1498.1748	-1
1507.5162	-1
1516.8577	-1
1526.1991	-1
1535.5540	1
1544.9103	-1
1554.2670	1
1563.6238	1
1572.9817	-1
1582.3396	-1
1591.6975	-1
1601.0554	-1
1610.4133	-1
1619.7712	-1
1629.1293	-1
1638.4873	-1
1647.8453	-1
1657.2034	-1
1666.5614	-1
1675.9194	-1
1685.2778	1
1694.6364	1
1703.9949	1
1713.3534	1
1722.7131	-1
1732.0729	-1
1741.4326	-1
1750.7924	-1
1760.1521	-1
1769.5118	-1
1778.8721	-1
1788.2323	-1
1797.5925	-1
1806.9528	-1
1816.3130	-1
1825.6732	-1
1835.0336	-1
1844.3939	-1
1853.7543	-1
1863.1146	-1
1872.4750	-1
1881.8353	-1
1891.1958	1
1900.5564	1
1909.9175	-1
1919.2786	-1
1928.6396	-1
1938.0007	-1
1947.3618	-1
1956.7229	-1
1966.0840	1
1975.4452	1
1984.8068	1
1994.1685	1
2003.5302	1
2012.8918	1
2022.2552	-1
2031.6187	-1
2040.9821	-1
2050.3455	-1
2059.7090	-1
2069.0725	-1
2078.4360	-1
2087.7996	-1
2097.1631	-1
2106.5266	-1
2115.8901	-1
2125.2537	-1
2134.6182	-1
2143.9827	-1
2153.3472	-1
2162.7117	-1
2172.0762	-1
2181.4407	-1
2190.8054	-1
2200.1702	-1
2209.5349	-1
2218.8997	-1
2228.2644	-1
2237.6292	-1
2246.9951	1
2256.3611	-1
2265.7271	-1
2275.0930	1
2284.4590	-1
2293.8250	-1
2303.1909	-1
2312.5569	-1
2321.9229	1
2331.2888	1
2340.6550	-1
2350.0212	-1
2359.3875	-1
2368.7537	-1
2378.1199	-1
2387.4861	-1
2396.8523	-1
2406.2185	-1
2415.5847	-1
2424.9509	-1
2434.3171	-1
2443.6833	-1
2453.0498	-1
2462.4163	-1
2471.7827	-1
2481.1492	-1
2490.5156	-1
2499.8821	-1
2509.2493	1
2518.6165	1
2527.9836	1
2537.3508	1
2546.7180	1
2556.0854	1
2565.4529	1
2574.8203	1
2584.1877	1
2593.5552	1
2602.9226	1
2612.2900	1
2621.6602	-1
2631.0303	-1
2640.4004	-1
2649.7705	-1
2659.1406	-1
2668.5107	-1
2677.8816	-1
2687.2524	-1
2696.6233	-1
2705.9941	-1
2715.3650	-1
2724.7358	-1
2734.1069	-1
2743.4780	-1
2752.8491	-1
2762.2202	-1
2771.5913	-1
2780.9624	-1
2790.3335	-1
2799.7046	-1
2809.0757	-1
2818.4468	-1
2827.8179	-1
2837.1890	-1
2846.5603	-1
2855.9316	-1
2865.3030	-1
2874.6743	-1
2884.0457	-1
2893.4170	-1
2902.7893	1
2912.1616	1
2921.5339	1
2930.9062	1
2940.2788	1
2949.6514	1
2959.0239	1
2968.3965	1
2977.7690	1
2987.1416	1
2996.5151	-1
3005.8887	-1
3015.2622	-1
3024.6357	-1
3034.0093	-1
3043.3828	-1
3052.7566	-1
3062.1304	-1
3071.5042	-1
3080.8779	-1
3090.2517	-1
3099.6255	-1
3108.9993	-1
3118.3730	-1
3127.7468	-1
3137.1206	-1
3146.4944	-1
3155.8682	-1
3165.2422	-1
3174.6162	-1
3183.9902	-1
3193.3643	-1
3202.7383	-1
3212.1123	-1
3221.4866	-1
3230.8608	-1
3240.2351	-1
3249.6094	-1
3258.9836	-1
3268.3579	-1
3277.7324	-1
3287.1069	-1
3296.4814	-1
3305.8560	-1
3315.2305	-1
3324.6050	-1
3333.9795	-1
3343.3540	-1
3352.7285	-1
3362.1030	-1
3371.4778	-1
3380.8525	-1
3390.2273	-1
3399.6021	-1
3408.9768	-1
3418.3516	-1
3427.7263	-1
3437.1011	-1
3446.4766	1
3455.8523	1
3465.2280	1
3474.6042	1
3483.9805	1
3493.3567	1
3502.7329	1
3512.1091	1
3521.4856	1
3530.8621	1
3540.2385	1
3549.6150	1
3558.9915	1
3568.3679	-1
3577.7444	-1
3587.1208	-1
3596.4973	-1
3605.8738	-1
3615.2502	-1
3624.6267	1
3634.0034	1
3643.3801	1
3652.7571	-1
3662.1340	-1
3671.5110	-1
3680.8879	-1
3690.2649	-1
3699.6418	-1
3709.0190	-1
3718.3962	-1
3727.7734	-1
3737.1506	-1
3746.5278	-1
3755.9050	-1
3765.2861	-1
3774.6672	-1
3784.0483	-1
3793.4294	-1
3802.8105	-1
3812.1917	-1
3821.5730	-1
3830.9543	-1
3840.3357	-1
3849.7170	-1
3859.0984	-1
3868.4797	-1
3877.8611	-1
3887.2424	-1
3896.6238	-1
3906.0051	-1
3915.3865	-1
3924.7678	-1
3934.1494	1
3943.5310	-1
3952.9126	-1
3962.2942	-1
3971.6758	-1
3981.0574	-1
3990.4390	-1
3999.8206	1
4009.2021	1
4018.5837	1
4027.9653	-1
4037.3469	-1
4046.7285	-1
4056.1101	-1
4065.4917	1
4074.8733	-1
4084.2549	-1
4093.6367	1
4103.0195	-1
4112.4023	-1
4121.7852	-1
4131.1680	-1
4140.5508	-1
4149.9336	-1
4159.3164	-1
4168.6992	-1
4178.0820	-1
4187.4648	-1
4196.8477	-1
4206.2305	-1
4215.6138	-1
4224.9971	-1
4234.3804	-1
4243.7637	-1
4253.1470	-1
4262.5303	-1
4271.9136	1
4281.2969	-1
4290.6802	-1
4300.0635	-1
4309.4468	-1
4318.8301	-1
4328.2134	-1
4337.5967	1
4346.9800	1
4356.3633	1
4365.7466	1
4375.1299	-1
4384.5132	-1
4393.8965	-1
4403.2798	-1
4412.6636	-1
4422.0474	-1
4431.4312	1
4440.8149	1
4450.1987	1
4459.5825	1
4468.9663	1
4478.3530	1
4487.7402	1
4497.1274	1
4506.5146	1
4515.9019	1
4525.2891	1
4534.6763	1
4544.0635	1
4553.4507	1
4562.8403	-1
4572.2300	-1
4581.6196	-1
4591.0093	-1
4600.3989	-1
4609.7886	-1
4619.1787	-1
4628.5688	-1
4637.9590	-1
4647.3491	-1
4656.7393	-1
4666.1294	-1
4675.5195	-1
4684.9097	-1
4694.2998	-1
4703.6899	-1
4713.0801	-1
4722.4702	-1
4731.8608	-1
4741.2515	-1
4750.6421	-1
4760.0327	-1
4769.4233	-1
4778.8140	-1
4788.2046	-1
4797.5952	-1
4806.9858	-1
4816.3765	-1
4825.7671	-1
4835.1577	-1
4844.5483	-1
4853.9390	-1
4863.3296	-1
4872.7202	-1
4882.1108	-1
4891.5015	-1
4900.8945	-1
4910.2876	-1
4919.6807	-1
4929.0737	-1
4938.4668	-1
4947.8599	-1
4957.2529	-1
4966.6460	-1
4976.0391	-1
4985.4321	-1
4994.8252	-1
5004.2183	-1
5013.6128	-1
5023.0073	-1
5032.4019	-1
5041.7964	-1
5051.1909	-1
5060.5854	-1
5069.9800	-1
5079.3745	-1
5088.7690	-1
5098.1636	-1
5107.5581	-1
5116.9526	-1
5126.3472	-1
5135.7417	-1
5145.1362	-1
5154.5308	-1
5163.9253	-1
5173.3198	-1
5182.7148	-1
5192.1099	-1
5201.5049	-1
5210.8999	-1
5220.2949	-1
5229.6899	-1
5239.0850	-1
5248.4800	-1
5257.8750	-1
5267.2700	-1
5276.6650	-1
5286.0601	-1
5295.4551	-1
5304.8501	-1
5314.2451	-1
5323.6401	-1
5333.0352	-1
5342.4302	-1
5351.8257	-1
5361.2212	-1
5370.6167	-1
5380.0122	-1
5389.4077	-1
5398.8032	-1
5408.1987	-1
5417.5942	-1
5426.9897	-1
5436.3853	-1
5445.7808	-1
5455.1763	-1
5464.5718	-1
5473.9673	-1
5483.3628	-1
5492.7583	-1
5502.1538	-1
5511.5493	-1
5520.9482	-1
5530.3472	-1
5539.7461	-1
5549.1450	-1
5558.5439	-1
5567.9429	-1
5577.3423	-1
5586.7417	-1
5596.1411	-1
5605.5405	-1
5614.9399	-1
5624.3394	-1
5633.7388	-1
5643.1382	-1
5652.5376	-1
5661.9370	-1
5671.3364	-1
5680.7358	-1
5690.1353	-1
5699.5347	-1
5708.9341	-1
5718.3335	-1
5727.7329	-1
5737.1323	-1
5746.5317	-1
5755.9312	-1
5765.3306	-1
5774.7300	-1
5784.1294	-1
5793.5288	-1
5802.9287	-1
5812.3286	-1
5821.7285	-1
5831.1284	-1
5840.5283	-1
5849.9282	-1
5859.3281	-1
5868.7280	-1
5878.1279	-1
5887.5278	-1
5896.9277	-1
5906.3276	-1
5915.7275	-1
5925.1274	-1
5934.5273	-1
5943.9272	-1
5953.3271	-1
5962.7271	-1
5972.1294	-1
5981.5317	-1
5990.9341	-1
6000.3364	-1
6009.7388	-1
6019.1411	-1
6028.5439	-1
6037.9468	-1
6047.3496	-1
6056.7524	-1
6066.1553	-1
6075.5581	-1
6084.9609	-1
6094.3638	-1
6103.7666	-1
6113.1694	-1
6122.5723	-1
6131.9751	-1
6141.3779	-1
6150.7808	-1
6160.1836	-1
6169.5864	-1
6178.9893	-1
6188.3921	-1
6197.7954	-1
6207.1987	-1
6216.6021	-1
6226.0054	-1
6235.4087	-1
6244.8120	-1
6254.2153	-1
6263.6187	-1
6273.0220	-1
6282.4253	-1
6291.8286	-1
6301.2319	-1
6310.6353	-1
6320.0386	-1
6329.4419	-1
6338.8452	-1
6348.2485	-1
6357.6519	-1
6367.0552	-1
6376.4585	-1
6385.8618	-1
6395.2651	-1
6404.6685	-1
6414.0718	-1
6423.4756	-1
6432.8794	-1
6442.2832	-1
6451.6870	-1
6461.0908	-1
6470.4946	-1
6479.8984	-1
6489.3022	-1
6498.7061	-1
6508.1099	-1
6517.5137	-1
6526.9175	-1
6536.3213	-1
6545.7251	-1
6555.1289	-1
6564.5327	-1
6573.9365	-1
6583.3403	-1
6592.7441	-1
6602.1479	-1
6611.5518	-1
6620.9556	-1
6630.3594	-1
6639.7632	-1
6649.1685	-1
6658.5737	-1
6667.9790	-1
6677.3843	-1
6686.7896	-1
6696.1948	-1
6705.6006	-1
6715.0063	-1
6724.4121	-1
6733.8179	-1
6743.2236	-1
6752.6294	-1
6762.0356	-1
6771.4419	-1
6780.8481	-1
6790.2544	-1
6799.6606	-1
6809.0669	-1
6818.4736	-1
6827.8804	-1
6837.2871	-1
6846.6938	-1
6856.1138	1
6865.5352	-1
6874.9570	1
6884.3789	1
6893.8013	-1
6903.2236	-1
6912.6460	-1
6922.0684	-1
6931.4907	-1
6940.9131	-1
6950.3359	-1
6959.7588	-1
6969.1816	-1
6978.6045	-1
6988.0273	-1
6997.4502	-1
7006.8735	1
7016.2969	1
7025.7207	1
7035.1445	1
7044.5693	-1
7053.9941	-1
7063.4189	-1
7072.8438	-1
7082.2686	-1
7091.6934	-1
7101.1182	-1
7110.5430	-1
7119.9678	-1
7129.3926	-1
7138.8174	-1
7148.2422	-1
7157.6670	-1
7167.0918	-1
7176.5166	-1
7185.9414	-1
7195.3662	-1
7204.7910	-1
7214.2163	-1
7223.6416	-1
7233.0669	-1
7242.4922	-1
7251.9175	-1
7261.3428	-1
7270.7681	1
7280.1934	1
7289.6187	1
7299.0444	1
7308.4702	1
7317.8960	1
7327.3218	1
7336.7476	1
7346.1748	-1
7355.6021	-1
7365.0293	-1
7374.4565	-1
7383.8838	-1
7393.3110	-1
7402.7383	-1
7412.1655	-1
7421.5928	-1
7431.0200	-1
7440.4473	-1
7449.8745	-1
7459.3018	-1
7468.7290	-1
7478.1562	-1
7487.5835	-1
7497.0107	-1
7506.4380	-1
7515.8657	-1
7525.2935	-1
7534.7212	-1
7544.1489	-1
7553.5767	-1
7563.0044	-1
7572.4321	-1
7581.8599	-1
7591.2876	-1
7600.7153	-1
7610.1431	-1
7619.5708	-1
7628.9985	-1
7638.4263	-1
7647.8540	-1
7657.2817	-1
7666.7095	-1
7676.1372	-1
7685.5654	-1
7694.9937	-1
7704.4219	-1
7713.8501	-1
7723.2783	-1
7732.7065	-1
7742.1348	-1
7751.5630	-1
7760.9912	-1
7770.4194	-1
7779.8477	-1
7789.2759	-1
7798.7046	1
7808.1333	1
7817.5620	1
7826.9907	1
7836.4194	1
7845.8481	1
7855.2769	1
7864.7061	1
7874.1353	1
7883.5645	1
7892.9937	1
7902.4229	1
7911.8521	1
7921.2812	1
7930.7104	1
7940.1396	1
7949.5713	-1
7959.0029	-1
7968.4346	-1
7977.8662	-1
7987.2979	-1
7996.7295	-1
8006.1611	-1
8015.5928	-1
8025.0244	-1
8034.4561	-1
8043.8877	-1
8053.3193	-1
8062.7510	-1
8072.1826	-1
8081.6143	-1
8091.0459	-1
8100.4775	-1
8109.9092	-1
8119.3408	-1
8128.7725	-1
8138.2041	-1
8147.6357	-1
8157.0679	-1
8166.5000	-1
8175.9321	-1
8185.3643	-1
8194.7959	-1
8204.2275	-1
8213.6592	-1
8223.0908	-1
8232.5234	-1
8241.9561	-1
8251.3887	-1
8260.8213	-1
8270.2539	-1
8279.6865	-1
8289.1191	-1
8298.5518	-1
8307.9844	-1
8317.4170	-1
8326.8496	-1
8336.2822	-1
8345.7148	-1
8355.1475	-1
8364.5801	-1
8374.0127	-1
8383.4453	-1
8392.8779	-1
8402.3105	-1
8411.7432	-1
8421.1758	-1
8430.6084	-1
8440.0410	-1
8449.4736	-1
8458.9082	-1
8468.3428	-1
8477.7773	-1
8487.2119	-1
8496.6465	-1
8506.0811	-1
8515.5156	-1
8524.9502	-1
8534.3848	-1
8543.8193	-1
8553.2539	-1
8562.6885	-1
8572.1230	1
8581.5576	-1
8590.9922	-1
8600.4268	-1
8609.8613	-1
8619.2959	1
8628.7305	-1
8638.1650	-1
8647.5996	1
8657.0342	1
8666.4688	-1
8675.9033	-1
8685.3379	-1
8694.7725	-1
8704.2070	-1
8713.6416	-1
8723.0762	1
8732.5107	1
8741.9453	1
8751.3799	1
8760.8154	1
8770.2510	-1
8779.6865	1
8789.1221	-1
8798.5576	-1
8807.9932	-1
8817.4287	-1
8826.8643	-1
8836.2998	1
8845.7354	1
8855.1709	1
8864.6064	-1
8874.0420	-1
8883.4775	-1
8892.9131	-1
8902.3486	-1
8911.7842	-1
8921.2197	1
8930.6553	1
8940.0908	-1
8949.5264	-1
8958.9619	-1
8968.3975	-1
8977.8330	-1
8987.2686	-1
8996.7061	-1
9006.1436	-1
9015.5811	-1
9025.0186	-1
9034.4561	-1
9043.8936	-1
9053.3320	-1
9062.7705	-1
9072.2090	-1
9081.6475	-1
9091.0859	-1
9100.5244	-1
9109.9629	-1
9119.4014	-1
9128.8398	-1
9138.2783	-1
9147.7168	-1
9157.1553	-1
9166.5957	-1
9176.0361	-1
9185.4766	-1
9194.9170	-1
9204.3574	-1
9213.7979	-1
9223.2383	-1
9232.6787	-1
9242.1191	-1
9251.5596	-1
9261.0000	-1
9270.4404	-1
9279.8809	-1
9289.3213	-1
9298.7617	-1
9308.2021	-1
9317.6426	-1
9327.0830	-1
9336.5234	-1
9345.9639	-1
9355.4043	-1
9364.8447	-1
9374.2852	-1
9383.7256	-1
9393.1660	-1
9402.6064	-1
9412.0469	-1
9421.4873	-1
9430.9277	-1
9440.3682	-1
9449.8086	-1
9459.2490	-1
9468.6895	-1
9478.1299	-1
9487.5703	-1
9497.0107	-1
9506.4512	-1
9515.8916	-1
9525.3320	-1
9534.7725	-1
9544.2129	-1
9553.6533	-1
9563.0947	-1
9572.5361	-1
9581.9775	-1
9591.4189	-1
9600.8604	-1
9610.3018	-1
9619.7432	-1
9629.1846	-1
9638.6260	-1
9648.0674	-1
9657.5088	-1
9666.9502	-1
9676.3916	-1
9685.8330	-1
9695.2744	-1
9704.7158	-1
9714.1572	-1
9723.5986	-1
9733.0410	-1
9742.4834	-1
9751.9258	-1
9761.3682	-1
9770.8105	-1
9780.2529	-1
9789.6953	-1
9799.1377	-1
9808.5801	-1
9818.0225	-1
9827.4795	1
9836.9375	-1
9846.3965	1
9855.8555	1
9865.3154	-1
9874.7754	-1
9884.2354	-1
9893.6953	-1
9903.1553	-1
9912.6152	-1
9922.0752	-1
9931.5352	-1
9941.0088	1
9950.4834	-1
9959.9590	1
9969.4346	1
9978.9111	-1
9988.3877	-1
9997.8643	-1
10007.3408	-1
10016.8174	-1
10026.2939	-1
10035.7705	-1
10045.2471	-1
10054.7236	-1
10064.2002	-1
10073.6768	-1
10083.1533	-1
10092.6299	1
10102.1084	-1
10111.5869	-1
10121.0654	-1
10130.5439	-1
10140.0225	-1
10149.5010	-1
10158.9941	1
10168.4893	-1
10177.9844	1
10187.4795	1
10196.9766	-1
10206.4736	-1
10215.9707	-1
10225.4678	-1
10234.9648	-1
10244.4619	-1
10253.9590	-1
10263.4561	-1
10272.9531	-1
10282.4502	-1
10291.9473	-1
10301.4580	1
10310.9707	-1
10320.4834	1
10329.9961	1
10339.5098	-1
10349.0234	-1
10358.5371	-1
10368.0508	-1
10377.5645	-1
10387.0781	-1
10396.5918	-1
10406.1055	-1
10415.6191	-1
10425.1328	-1
10434.6465	-1
10444.1602	-1
10453.6758	1
10463.1914	1
10472.7070	1
10482.2227	1
10491.7441	-1
10501.2656	-1
10510.7871	-1
10520.3086	-1
10529.8301	-1
10539.3516	-1
10548.8730	-1
10558.3945	-1
10567.9160	-1
10577.4375	-1
10586.9590	-1
10596.4805	-1
10606.0020	-1
10615.5234	-1
10625.0449	-1
10634.5664	-1
10644.0879	-1
10653.6094	-1
10663.1309	-1
10672.6523	-1
10682.1738	-1
10691.6953	-1
10701.2168	-1
10710.7383	-1
10720.2607	1
10729.7832	1
10739.3057	1
10748.8281	1
10758.3506	1
10767.8730	1
10777.3955	1
10786.9180	1
10796.4434	-1
10805.9688	-1
10815.4941	-1
10825.0195	-1
10834.5449	-1
10844.0703	-1
10853.5957	-1
10863.1211	-1
10872.6465	-1
10882.1719	-1
10891.6973	-1
10901.2227	-1
10910.7480	-1
10920.2734	-1
10929.7988	-1
10939.3242	-1
10948.8496	-1
10958.3750	-1
10967.9014	1
10977.4277	1
10986.9541	1
10996.4805	1
11006.0068	1
11015.5332	1
11025.0605	-1
11034.5879	-1
11044.1152	-1
11053.6426	-1
11063.1699	-1
11072.6973	-1
11082.2246	-1
11091.7520	-1
11101.2793	-1
11110.8066	-1
11120.3340	-1
11129.8613	-1
11139.3887	-1
11148.9160	-1
11158.4434	-1
11167.9707	-1
11177.4980	-1
11187.0254	-1
11196.5537	-1
11206.0820	-1
11215.6104	-1
11225.1387	-1
11234.6670	-1
11244.1953	-1
11253.7236	-1
11263.2520	-1
11272.7803	-1
11282.3086	-1
11291.8369	-1
11301.3652	-1
11310.8975	1
11320.4297	1
11329.9619	1
11339.4941	1
11349.0264	1
11358.5586	1
11368.0908	1
11377.6240	1
11387.1572	1
11396.6904	1
11406.2236	-1
11415.7568	-1
11425.2900	-1
11434.8232	-1
11444.3564	-1
11453.8896	-1
11463.4238	1
11472.9580	1
11482.4922	-1
11492.0264	-1
11501.5605	-1
11511.0947	-1
11520.6289	-1
11530.1631	-1
11539.6973	-1
11549.2314	-1
11558.7656	-1
11568.2998	-1
11577.8340	-1
11587.3682	-1
11596.9023	-1
11606.4365	-1
11615.9707	-1
11625.5049	-1
11635.0400	-1
11644.5752	-1
11654.1104	-1
11663.6455	-1
11673.1807	-1
11682.7158	-1
11692.2510	-1
11701.7861	-1
11711.3213	-1
11720.8564	-1
11730.3916	-1
11739.9268	-1
11749.4619	-1
11758.9971	-1
11768.5322	-1
11778.0674	-1
11787.6025	-1
11797.1377	-1
11806.6729	-1
11816.2080	-1
11825.7441	1
11835.2803	1
11844.8193	-1
11854.3584	-1
11863.8975	-1
11873.4365	-1
11882.9756	-1
11892.5146	-1
11902.0537	-1
11911.5928	-1
11921.1318	-1
11930.6709	-1
11940.2100	-1
11949.7490	-1
11959.2881	-1
11968.8271	-1
11978.3662	-1
11987.9053	-1
11997.4443	-1
12006.9834	-1
12016.5225	-1
12026.0615	-1
12035.6006	-1
12045.1396	-1
12054.6787	-1
12064.2178	-1
12073.7578	-1
12083.2979	-1
12092.8379	-1
12102.3779	-1
12111.9180	-1
12121.4580	-1
12131.0000	-1
12140.5420	-1
12150.0840	-1
12159.6260	-1
12169.1680	-1
12178.7100	-1
12188.2520	-1
12197.7939	-1
12207.3359	-1
12216.8779	-1
12226.4199	-1
12235.9619	-1
12245.5039	-1
12255.0459	-1
12264.5879	-1
12274.1299	-1
12283.6719	-1
12293.2139	-1
12302.7559	-1
12312.2979	-1
12321.8398	-1
12331.3818	-1
12340.9238	-1
12350.4658	-1
12360.0088	-1
12369.5518	-1
12379.0947	-1
12388.6377	-1
12398.1807	-1
12407.7236	-1
12417.2666	-1
12426.8096	-1
12436.3525	-1
12445.8955	-1
12455.4385	-1
12464.9814	-1
12474.5244	-1
12484.0674	-1
12493.6104	-1
12503.1533	-1
12512.6963	-1
12522.2393	-1
12531.7822	-1
12541.3252	-1
12550.8809	1
12560.4385	-1
12569.9971	1
12579.5557	1
12589.1152	-1
12598.6748	-1
12608.2344	-1
12617.8096	1
12627.3857	-1
12636.9629	1
12646.5400	1
12656.1182	-1
12665.6963	-1
12675.2744	-1
12684.8525	-1
12694.4307	-1
12704.0244	1
12713.6201	-1
12723.2158	1
12732.8115	1
12742.4092	-1
12752.0068	-1
12761.6045	-1
12771.2021	-1
12780.7998	-1
12790.3975	-1
12799.9951	-1
12809.5928	-1
12819.1904	-1
12828.7881	-1
12838.3857	-1
12847.9834	-1
12857.5840	1
12867.1846	1
12876.7939	-1
12886.4033	-1
12896.0127	-1
12905.6221	-1
12915.2314	-1
12924.8408	-1
12934.4502	-1
12944.0596	-1
12953.6846	1
12963.3115	-1
12972.9385	1
12982.5654	1
12992.1943	-1
13001.8232	-1
13011.4521	-1
13021.0811	-1
13030.7100	-1
13040.3389	-1
13049.9678	-1
13059.5967	-1
13069.2256	-1
13078.8545	-1
13088.4834	-1
13098.1123	-1
13107.7412	1
13117.3701	1
13127.0000	1
13136.6299	1
13146.2617	-1
13155.8936	-1
13165.5254	-1
13175.1572	-1
13184.7891	-1
13194.4209	-1
13204.0527	-1
13213.6846	-1
13223.3164	-1
13232.9482	-1
13242.5801	-1
13252.2119	-1
13261.8447	-1
13271.4775	-1
13281.1104	-1
13290.7432	-1
13300.3760	-1
13310.0088	-1
13319.6416	-1
13329.2744	-1
13338.9072	-1
13348.5400	-1
13358.1729	-1
13367.8057	-1
13377.4385	1
13387.0713	1
13396.7041	1
13406.3369	1
13415.9707	1
13425.6045	1
13435.2383	1
13444.8721	1
13454.5078	-1
13464.1436	-1
13473.7793	-1
13483.4150	-1
13493.0508	-1
13502.6865	-1
13512.3223	-1
13521.9580	-1
13531.5938	-1
13541.2295	-1
13550.8652	-1
13560.5010	-1
13570.1387	-1
13579.7764	-1
13589.4141	-1
13599.0518	-1
13608.6895	-1
13618.3271	-1
13627.9648	-1
13637.6025	-1
13647.2402	-1
13656.8779	-1
13666.5156	-1
13676.1533	-1
13685.7910	-1
13695.4287	-1
13705.0664	-1
13714.7041	-1
13724.3418	-1
13733.9795	-1
13743.6172	1
13753.2549	1
13762.8926	1
13772.5303	-1
13782.1680	-1
13791.8057	-1
13801.4434	-1
13811.0811	-1
13820.7188	-1
13830.3564	1
13839.9951	1
13849.6338	1
13859.2725	1
13868.9111	1
13878.5498	-1
13888.1885	-1
13897.8271	-1
13907.4658	-1
13917.1045	-1
13926.7432	-1
13936.3818	1
13946.0205	1
13955.6611	-1
13965.3018	-1
13974.9424	-1
13984.5830	-1
13994.2236	-1
14003.8643	-1
14013.5068	-1
14023.1494	-1
14032.7920	-1
14042.4346	-1
14052.0771	-1
14061.7197	-1
14071.3623	-1
14081.0049	-1
14090.6475	-1
14100.2900	-1
14109.9326	-1
14119.5752	-1
14129.2178	-1
14138.8604	-1
14148.5039	-1
14158.1475	-1
14167.7910	-1
14177.4346	-1
14187.0781	-1
14196.7217	-1
14206.3652	-1
14216.0088	-1
14225.6523	-1
14235.2959	-1
14244.9395	-1
14254.5830	-1
14264.2266	-1
14273.8701	-1
14283.5137	-1
14293.1572	-1
14302.8008	-1
14312.4443	-1
14322.0879	-1
14331.7314	-1
14341.3750	-1
14351.0186	-1
14360.6621	-1
14370.3057	-1
14379.9492	-1
14389.5928	-1
14399.2363	-1
14408.8799	-1
14418.5234	-1
14428.1670	-1
14437.8105	-1
14447.4541	-1
14457.0977	-1
14466.7412	-1
14476.3848	-1
14486.0283	-1
14495.6719	-1
14505.3154	-1
14514.9590	-1
14524.6025	-1
14534.2471	-1
14543.8916	-1
14553.5361	-1
14563.1875	-1
14572.8457	1
14582.5059	-1
14592.1660	1
14601.8262	1
14611.4883	-1
14621.1504	-1
14630.8125	-1
14640.4746	-1
14650.1367	-1
14659.7988	-1
14669.4609	-1
14679.1230	-1
14688.7998	1
14698.4775	-1
14708.1562	1
14717.8350	1
14727.5146	-1
14737.1943	-1
14746.8740	-1
14756.5537	-1
14766.2334	-1
14775.9131	-1
14785.5928	-1
14795.2861	1
14804.9805	-1
14814.6758	1
14824.3711	1
14834.0674	-1
14843.7637	-1
14853.4600	-1
14863.1562	-1
14872.8525	-1
14882.5654	1
14892.2803	-1
14901.9951	1
14911.7100	1
14921.4268	-1
14931.1436	-1
14940.8604	-1
14950.5771	-1
14960.2939	-1
14970.0107	-1
14979.7275	-1
14989.4443	-1
14999.1611	-1
15008.8779	-1
15018.5947	-1
15028.3115	-1
15038.0293	1
15047.7471	1
15057.4648	1
15067.1826	1
15076.9014	-1
15086.6201	-1
15096.3389	-1
15106.0576	-1
15115.7764	-1
15125.4951	-1
15135.2148	-1
15144.9346	-1
15154.6543	-1
15164.3740	-1
15174.0938	-1
15183.8135	-1
15193.5332	-1
15203.2529	-1
15212.9727	-1
15222.6924	-1
15232.4121	-1
15242.1318	-1
15251.8516	1
15261.5713	1
15271.2920	-1
15281.0127	-1
15290.7334	-1
15300.4541	-1
15310.1748	-1
15319.8955	-1
15329.6162	1
15339.3369	1
15349.0576	1
15358.7783	1
15368.4990	1
15378.2207	1
15387.9424	-1
15397.6641	-1
15407.3857	-1
15417.1074	-1
15426.8291	-1
15436.5508	-1
15446.2734	1
15455.9971	-1
15465.7207	-1
15475.4443	-1
15485.1680	-1
15494.8916	-1
15504.6152	-1
15514.3398	1
15524.0645	-1
15533.7891	-1
15543.5137	-1
15553.2383	-1
15562.9629	-1
15572.6875	-1
15582.4121	-1
15592.1367	-1
15601.8613	-1
15611.5859	-1
15621.3105	-1
15631.0352	-1
15640.7607	-1
15650.4863	-1
15660.2119	-1
15669.9375	-1
15679.6631	-1
15689.3887	-1
15699.1143	-1
15708.8398	-1
15718.5654	-1
15728.2910	-1
15738.0166	-1
15747.7422	-1
15757.4678	-1
15767.1934	-1
15776.9189	-1
15786.6445	-1
15796.3701	-1
15806.0957	-1
15815.8213	-1
15825.5469	-1
15835.2725	-1
15844.9980	-1
15854.7236	-1
15864.4492	-1
15874.1748	1
15883.9004	1
15893.6279	-1
15903.3555	-1
15913.0830	-1
15922.8105	-1
15932.5381	-1
15942.2656	-1
15951.9932	-1
15961.7207	-1
15971.4482	-1
15981.1758	-1
15990.9033	-1
16000.6309	-1
16010.3584	1
16020.0859	1
16029.8135	1
16039.5420	-1
16049.2705	-1
16058.9990	-1
16068.7275	-1
16078.4561	-1
16088.1846	-1
16097.9150	-1
16107.6455	-1
16117.3760	-1
16127.1064	-1
16136.8369	-1
16146.5674	-1
16156.3008	-1
16166.0342	-1
16175.7676	-1
16185.5010	-1
16195.2344	-1
16204.9678	-1
16214.7012	-1
16224.4346	-1
16234.1680	-1
16243.9014	-1
16253.6348	-1
16263.3682	-1
16273.1016	-1
16282.8350	-1
16292.5684	-1
16302.3018	-1
16312.0352	-1
16321.7822	1
16331.5312	-1
16341.2803	1
16351.0293	1
16360.7803	-1
16370.5312	-1
16380.2822	-1
16390.0332	-1
16399.7832	-1
16409.5332	-1
16419.2832	-1
16429.0332	-1
16438.7832	-1
16448.5332	-1
16458.2832	-1
16468.0332	-1
16477.7852	1
16487.5371	1
16497.2891	1
16507.0410	1
16516.7930	-1
16526.5449	-1
16536.2969	-1
16546.0488	-1
16555.8008	-1
16565.5527	-1
16575.3047	-1
16585.0566	-1
16594.8086	-1
16604.5605	-1
16614.3125	-1
16624.0645	-1
16633.8184	-1
16643.5723	-1
16653.3262	-1
16663.0801	-1
16672.8340	-1
16682.5879	-1
16692.3418	-1
16702.0957	-1
16711.8496	-1
16721.6035	-1
16731.3574	-1
16741.1113	-1
16750.8652	1
16760.6191	1
16770.3730	1
16780.1270	1
16789.8809	1
16799.6348	1
16809.3887	1
16819.1426	1
16828.8984	-1
16838.6543	-1
16848.4102	-1
16858.1660	-1
16867.9219	-1
16877.6777	-1
16887.4355	1
16897.1934	1
16906.9512	-1
16916.7090	-1
16926.4668	-1
16936.2246	-1
16945.9824	-1
16955.7402	-1
16965.4980	-1
16975.2559	-1
16985.0137	-1
16994.7715	-1
17004.5293	-1
17014.2871	-1
17024.0449	-1
17033.8027	-1
17043.5605	-1
17053.3184	-1
17063.0762	-1
17072.8340	-1
17082.5918	-1
17092.3496	-1
17102.1074	-1
17111.8652	-1
17121.6230	-1
17131.3809	-1
17141.1387	-1
17150.8965	-1
17160.6543	-1
17170.4121	-1
17180.1699	-1
17189.9277	-1
17199.6855	-1
17209.4434	-1
17219.2012	-1
17228.9590	-1
17238.7168	-1
17248.4746	-1
17258.2324	-1
17267.9902	-1
17277.7480	-1
17287.5059	-1
17297.2637	-1
17307.0215	-1
17316.7793	1
17326.5371	1
17336.2949	1
17346.0527	1
17355.8105	1
17365.5703	1
17375.3301	1
17385.0898	-1
17394.8496	-1
17404.6094	-1
17414.3691	-1
17424.1289	-1
17433.8887	-1
17443.6484	-1
17453.4082	-1
17463.1680	-1
17472.9277	-1
17482.6875	-1
17492.4473	-1
17502.2109	-1
17511.9746	-1
17521.7383	-1
17531.5020	-1
17541.2656	-1
17551.0293	-1
17560.7930	-1
17570.5566	-1
17580.3203	-1
17590.0840	-1
17599.8477	-1
17609.6113	-1
17619.3750	-1
17629.1387	-1
17638.9023	-1
17648.6660	-1
17658.4297	-1
17668.1934	-1
17677.9570	-1
17687.7207	-1
17697.4844	-1
17707.2480	-1
17717.0117	-1
17726.7754	-1
17736.5391	-1
17746.3027	-1
17756.0664	-1
17765.8301	-1
17775.5938	-1
17785.3574	-1
17795.1211	-1
17804.8848	-1
17814.6484	-1
17824.4121	-1
17834.1758	-1
17843.9395	-1
17853.7031	-1
17863.4668	-1
17873.2305	-1
17882.9941	-1
17892.7734	1
17902.5527	-1
17912.3340	1
17922.1152	1
17931.8965	-1
17941.6777	-1
17951.4590	-1
17961.2402	-1
17971.0215	-1
17980.8027	-1
17990.5840	-1
18000.3652	-1
18010.1465	-1
18019.9277	-1
18029.7090	-1
18039.4902	-1
18049.2715	1
18059.0527	1
18068.8359	1
18078.6191	1
18088.4023	-1
18098.1855	-1
18107.9688	-1
18117.7520	-1
18127.5352	-1
18137.3184	-1
18147.1035	-1
18156.8887	-1
18166.6738	-1
18176.4590	-1
18186.2441	-1
18196.0293	-1
18205.8145	-1
18215.5996	-1
18225.3848	-1
18235.1699	-1
18244.9551	-1
18254.7402	-1
18264.5254	-1
18274.3105	-1
18284.0957	-1
18293.8809	-1
18303.6660	-1
18313.4512	-1
18323.2363	1
18333.0215	1
18342.8066	1
18352.5918	1
18362.3770	1
18372.1621	1
18381.9473	1
18391.7324	1
18401.5195	-1
18411.3066	-1
18421.0938	-1
18430.8809	-1
18440.6680	-1
18450.4551	-1
18460.2422	-1
18470.0293	-1
18479.8164	-1
18489.6035	-1
18499.3906	-1
18509.1777	-1
18518.9648	1
18528.7539	1
18538.5430	1
18548.3320	1
18558.1211	-1
18567.9102	-1
18577.6992	-1
18587.4883	-1
18597.2773	-1
18607.0664	-1
18616.8555	-1
18626.6445	-1
18636.4336	-1
18646.2227	-1
18656.0117	-1
18665.8008	-1
18675.5898	1
18685.3789	1
18695.1680	-1
18704.9570	-1
18714.7461	-1
18724.5352	-1
18734.3242	-1
18744.1133	-1
18753.9023	1
18763.6914	1
18773.4805	-1
18783.2695	-1
18793.0586	-1
18802.8477	-1
18812.6367	-1
18822.4258	-1
18832.2148	-1
18842.0039	-1
18851.7930	-1
18861.5820	-1
18871.3711	-1
18881.1602	-1
18890.9492	1
18900.7383	1
18910.5273	-1
18920.3164	-1
18930.1055	-1
18939.8945	-1
18949.6836	-1
18959.4727	-1
18969.2637	1
18979.0547	1
18988.8457	1
18998.6367	1
19008.4277	1
19018.2188	1
19028.0117	-1
19037.8047	-1
19047.5977	-1
19057.3906	-1
19067.1836	-1
19076.9766	-1
19086.7715	-1
19096.5664	-1
19106.3613	-1
19116.1562	-1
19125.9512	-1
19135.7461	-1
19145.5430	-1
19155.3398	-1
19165.1367	-1
19174.9336	-1
19184.7305	-1
19194.5273	-1
19204.3242	-1
19214.1211	-1
19223.9180	-1
19233.7148	-1
19243.5117	-1
19253.3086	-1
19263.1055	-1
19272.9023	-1
19282.6992	-1
19292.4961	-1
19302.2930	-1
19312.0898	-1
19321.8867	-1
19331.6836	-1
19341.4805	-1
19351.2773	-1
19361.0742	-1
19370.8711	-1
19380.6680	-1
19390.4648	-1
19400.2617	-1
19410.0586	-1
19419.8555	-1
19429.6523	-1
19439.4492	-1
19449.2461	-1
19459.0430	-1
19468.8398	-1
19478.6367	-1
19488.4336	-1
19498.2305	-1
19508.0273	-1
19517.8242	-1
19527.6211	-1
19537.4180	-1
19547.2148	-1
19557.0117	1
19566.8086	-1
19576.6055	-1
19586.4023	-1
19596.1992	-1
19605.9961	-1
19615.7930	-1
19625.5898	1
19635.3867	-1
19645.1836	-1
19654.9805	-1
19664.7773	-1
19674.5742	-1
19684.3711	-1
19694.1680	1
19703.9648	1
19713.7617	1
19723.5586	-1
19733.3555	-1
19743.1523	-1
19752.9492	-1
19762.7461	-1
19772.5430	-1
19782.3398	-1
19792.1367	-1
19801.9336	-1
19811.7305	-1
19821.5273	-1
19831.3242	-1
19841.1211	-1
19850.9180	-1
19860.7188	-1
19870.5195	-1
19880.3203	-1
19890.1211	-1
19899.9219	-1
19909.7227	-1
19919.5234	-1
19929.3242	-1
19939.1250	-1
19948.9258	-1
19958.7266	-1
19968.5273	-1
19978.3281	-1
19988.1289	-1
19997.9297	-1
20007.7305	-1
20017.5312	-1
20027.3320	-1
20037.1328	-1
20046.9336	-1
20056.7344	-1
20066.5352	-1
20076.3359	-1
20086.1367	-1
20095.9375	1
20105.7383	1
20115.5391	1
20125.3398	1
20135.1406	1
20144.9414	1
20154.7422	1
20164.5430	1
20174.3438	1
20184.1445	1
20193.9453	1
20203.7461	1
20213.5469	1
20223.3477	1
20233.1504	1
20242.9531	1
20252.7559	1
20262.5586	1
20272.3613	1
20282.1641	1
20291.9668	1
20301.7695	1
20311.5723	1
20321.3750	1
20331.1777	1
20340.9805	-1
20350.7832	-1
20360.5859	-1
20370.3887	-1
20380.1914	-1
20389.9941	-1
20399.7969	1
20409.5996	1
20419.4023	1
20429.2070	1
20439.0117	1
20448.8164	1
20458.6211	1
20468.4258	-1
20478.2305	-1
20488.0352	-1
20497.8398	-1
20507.6445	-1
20517.4492	-1
20527.2539	-1
20537.0586	-1
20546.8633	-1
20556.6680	-1
20566.4727	-1
20576.2773	-1
20586.0820	-1
20595.8867	-1
20605.6914	-1
20615.4961	-1
20625.3008	-1
20635.1055	-1
20644.9121	1
20654.7188	1
20664.5273	1
20674.3359	1
20684.1445	1
20693.9531	1
20703.7656	-1
20713.5781	-1
20723.3906	-1
20733.2031	-1
20743.0156	-1
20752.8281	-1
20762.6406	-1
20772.4531	-1
20782.2656	-1
20792.0781	-1
20801.8906	-1
20811.7031	-1
20821.5156	-1
20831.3281	-1
20841.1406	-1
20850.9531	-1
20860.7656	-1
20870.5781	-1
20880.3906	-1
20890.2031	-1
20900.0156	-1
20909.8281	-1
20919.6406	-1
20929.4531	-1
20939.2656	-1
20949.0781	-1
20958.8906	-1
20968.7031	-1
20978.5156	-1
20988.3281	-1
20998.1406	-1
21007.9531	-1
21017.7656	-1
21027.5781	-1
21037.3906	-1
21047.2031	-1
21057.0156	-1
21066.8281	-1
21076.6406	-1
21086.4531	-1
21096.2656	-1
21106.0781	-1
21115.8965	1
21125.7148	1
21135.5332	1
21145.3516	1
21155.1699	1
21164.9883	1
21174.8066	1
21184.6250	1
21194.4434	1
21204.2617	1
21214.0801	1
21223.8984	1
21233.7168	1
21243.5352	1
21253.3535	-1
21263.1719	-1
21272.9902	-1
21282.8086	-1
21292.6270	-1
21302.4453	-1
21312.2637	-1
21322.0820	-1
21331.9004	-1
21341.7188	-1
21351.5371	-1
21361.3555	-1
21371.1738	-1
21380.9922	-1
21390.8105	-1
21400.6289	-1
21410.4473	-1
21420.2656	-1
21430.0840	-1
21439.9023	-1
21449.7207	-1
21459.5391	-1
21469.3574	-1
21479.1758	-1
21488.9941	-1
21498.8125	-1
21508.6309	-1
21518.4492	-1
21528.2676	-1
21538.0859	-1
21547.9062	-1
21557.7266	-1
21567.5469	-1
21577.3672	-1
21587.1875	-1
21597.0078	-1
21606.8281	-1
21616.6484	-1
21626.4688	-1
21636.2891	-1
21646.1094	-1
21655.9297	-1
21665.7500	-1
21675.5703	-1
21685.3906	-1
21695.2109	-1
21705.0312	-1
21714.8516	-1
21724.6738	-1
21734.4961	-1
21744.3184	-1
21754.1406	-1
21763.9629	-1
21773.7852	-1
21783.6074	-1
21793.4297	-1
21803.2520	-1
21813.0742	-1
21822.8965	-1
21832.7188	-1
21842.5430	-1
21852.3672	-1
21862.1914	-1
21872.0156	-1
21881.8398	-1
21891.6641	-1
21901.4883	-1
21911.3125	-1
21921.1367	-1
21930.9609	-1
21940.7852	-1
21950.6094	-1
21960.4336	-1
21970.2578	-1
21980.0820	-1
21989.9062	-1
21999.7305	-1
22009.5547	-1
22019.3789	-1
22029.2031	-1
22039.0273	-1
22048.8516	-1
22058.6758	-1
22068.5000	-1
22078.3242	-1
22088.1484	-1
22097.9727	-1
22107.7969	-1
22117.6211	-1
22127.4453	-1
22137.2695	-1
22147.0938	-1
22156.9180	-1
22166.7422	-1
22176.5664	-1
22186.3906	-1
22196.2148	-1
22206.0391	-1
22215.8633	-1
22225.6875	-1
22235.5117	-1
22245.3359	-1
22255.1602	-1
22264.9844	-1
22274.8086	-1
22284.6328	-1
22294.4570	-1
22304.2812	-1
22314.1055	-1
22323.9297	-1
22333.7539	-1
22343.5781	-1
22353.4023	-1
22363.2266	-1
22373.0508	-1
22382.8750	-1
22392.6992	-1
22402.5234	-1
22412.3477	-1
22422.1719	-1
22431.9961	-1
22441.8203	-1
22451.6445	-1
22461.4688	-1
22471.2930	-1
22481.1172	-1
22490.9473	-1
22500.7773	-1
22510.6074	-1
22520.4375	-1
22530.2676	-1
22540.0977	-1
22549.9277	-1
22559.7578	-1
22569.5879	-1
22579.4180	-1
22589.2480	-1
22599.0781	-1
22608.9082	-1
22618.7383	-1
22628.5684	-1
22638.3984	-1
22648.2285	-1
22658.0586	-1
22667.8887	-1
22677.7188	-1
22687.5488	-1
22697.3789	-1
22707.2090	-1
22717.0391	-1
22726.8691	-1
22736.6992	-1
22746.5293	-1
22756.3594	-1
22766.1895	-1
22776.0195	-1
22785.8496	-1
22795.6797	-1
22805.5098	-1
22815.3398	-1
22825.1699	-1
22835.0000	-1
22844.8301	-1
22854.6602	-1
22864.4902	-1
22874.3203	-1
22884.1504	-1
22893.9805	-1
22903.8105	-1
22913.6406	-1
22923.4707	-1
22933.3008	-1
22943.1309	-1
22952.9609	-1
22962.7910	1
22972.6211	1
22982.4531	-1
22992.2852	1
23002.1172	-1
23011.9492	-1
23021.7812	-1
23031.6133	-1
23041.4453	-1
23051.2773	1
23061.1094	1
23070.9414	1
23080.7734	1
23090.6055	1
23100.4375	1
23110.2695	1
23120.1016	1
23129.9336	1
23139.7656	1
23149.5977	1
23159.4297	1
23169.2617	1
23179.0938	1
23188.9258	1
23198.7578	1
23208.5898	1
23218.4219	1
23228.2539	1
23238.0859	1
23247.9180	1
23257.7500	1
23267.5840	-1
23277.4180	-1
23287.2520	-1
23297.0859	-1
23306.9199	-1
23316.7539	-1
23326.5879	-1
23336.4219	-1
23346.2559	-1
23356.0898	-1
23365.9238	-1
23375.7578	-1
23385.5938	-1
23395.4297	-1
23405.2656	-1
23415.1016	-1
23424.9375	-1
23434.7734	-1
23444.6094	-1
23454.4453	-1
23464.2812	-1
23474.1172	-1
23483.9531	-1
23493.7891	-1
23503.6250	-1
23513.4609	-1
23523.2969	-1
23533.1328	-1
23542.9688	-1
23552.8047	-1
23562.6406	-1
23572.4766	-1
23582.3125	-1
23592.1484	-1
23601.9844	-1
23611.8203	-1
23621.6562	-1
23631.4922	-1
23641.3281	-1
23651.1641	-1
23661.0000	-1
23670.8359	-1
23680.6738	-1
23690.5117	-1
23700.3496	-1
23710.1875	-1
23720.0254	-1
23729.8633	-1
23739.7012	-1
23749.5391	-1
23759.3770	-1
23769.2148	-1
23779.0527	-1
23788.8906	-1
23798.7305	-1
23808.5703	-1
23818.4102	-1
23828.2500	-1
23838.0898	-1
23847.9297	-1
23857.7695	-1
23867.6094	-1
23877.4492	-1
23887.2891	-1
23897.1289	-1
23906.9688	-1
23916.8086	-1
23926.6484	-1
23936.4883	-1
23946.3281	-1
23956.1680	-1
23966.0078	-1
23975.8496	-1
23985.6914	-1
23995.5332	-1
24005.3750	-1
24015.2168	-1
24025.0586	-1
24034.9004	-1
24044.7422	-1
24054.5840	-1
24064.4258	-1
24074.2676	-1
24084.1094	-1
24093.9512	-1
24103.7930	-1
24113.6348	-1
24123.4766	-1
24133.3184	-1
24143.1602	-1
24153.0020	-1
24162.8438	-1
24172.6855	-1
24182.5273	-1
24192.3691	-1
24202.2109	-1
24212.0527	-1
24221.8945	-1
24231.7363	-1
24241.5781	-1
24251.4199	-1
24261.2617	-1
24271.1035	-1
24280.9453	-1
24290.7871	-1
24300.6289	-1
24310.4707	-1
24320.3125	-1
24330.1562	-1
24340.0000	-1
24349.8438	-1
24359.6875	-1
24369.5312	-1
24379.3750	-1
24389.2207	-1
24399.0664	-1
24408.9121	-1
24418.7578	-1
24428.6035	-1
24438.4492	-1
24448.2949	-1
24458.1406	-1
24467.9863	-1
24477.8320	-1
24487.6777	-1
24497.5234	-1
24507.3711	-1
24517.2188	-1
24527.0664	-1
24536.9141	-1
24546.7617	-1
24556.6094	-1
24566.4570	-1
24576.3047	-1
24586.1523	-1
24596.0000	-1
24605.8477	-1
24615.6953	-1
24625.5430	-1
24635.3906	-1
24645.2383	-1
24655.0859	-1
24664.9336	-1
24674.7812	-1
24684.6289	-1
24694.4766	-1
24704.3242	-1
24714.1719	-1
24724.0195	-1
24733.8672	-1
24743.7168	-1
24753.5664	-1
24763.4160	-1
24773.2656	-1
24783.1152	-1
24792.9648	-1
24802.8145	-1
24812.6641	-1
24822.5137	-1
24832.3633	-1
24842.2129	-1
24852.0625	-1
24861.9121	-1
24871.7617	-1
24881.6113	-1
24891.4609	-1
24901.3105	-1
24911.1602	-1
24921.0098	-1
24930.8594	-1
24940.7090	-1
24950.5586	-1
24960.4082	-1
24970.2578	-1
24980.1074	-1
24989.9570	-1
24999.8066	-1
25009.6562	-1
25019.5059	-1
25029.3555	-1
25039.2070	-1
25049.0586	-1
25058.9102	-1
25068.7617	-1
25078.6133	-1
25088.4648	-1
25098.3164	-1
25108.1680	-1
25118.0195	-1
25127.8711	-1
25137.7227	-1
25147.5742	-1
25157.4258	-1
25167.2773	-1
25177.1289	-1
25186.9805	-1
25196.8320	-1
25206.6836	-1
25216.5352	-1
25226.3867	-1
25236.2383	-1
25246.0898	-1
25255.9414	-1
25265.7930	-1
25275.6445	-1
25285.4961	-1
25295.3477	-1
25305.1992	-1
25315.0508	-1
25324.9023	-1
25334.7539	-1
25344.6055	-1
25354.4570	-1
25364.4766	1
25374.4961	1
25384.5156	1
25394.5371	-1
25404.5586	-1
25414.5801	-1
25424.6016	-1
25434.6230	-1
25444.6445	-1
25454.6660	-1
25464.6875	-1
25474.7090	-1
25484.7305	-1
25494.7520	-1
25504.7734	-1
25514.7949	-1
25524.8164	-1
25534.8379	-1
25544.8594	-1
25554.8809	-1
25564.9023	-1
25574.9414	1
25584.9824	-1
25595.0254	1
25605.0684	1
25615.1113	-1
25625.1543	-1
25635.1973	-1
25645.2402	-1
25655.2832	-1
25665.3262	-1
25675.3691	-1
25685.4121	-1
25695.4551	-1
25705.4980	-1
25715.5410	-1
25725.5840	-1
25735.6289	1
25745.6738	1
25755.7188	1
25765.7637	1
25775.8086	-1
25785.8535	-1
25795.8984	-1
25805.9434	-1
25815.9883	-1
25826.0332	-1
25836.0781	-1
25846.1250	-1
25856.1719	-1
25866.2188	-1
25876.2656	-1
25886.3125	-1
25896.3594	1
25906.4062	1
25916.4531	1
25926.5000	1
25936.5469	-1
25946.5938	-1
25956.6406	-1
25966.6875	-1
25976.7344	-1
25986.7812	-1
25996.8281	-1
26006.8750	-1
26016.9219	-1
26026.9688	-1
26037.0156	-1
26047.0625	-1
26057.1094	1
26067.1562	1
26077.2031	1
26087.2500	1
26097.3008	-1
26107.3516	-1
26117.4023	-1
26127.4531	-1
26137.5039	-1
26147.5547	-1
26157.6055	-1
26167.6562	-1
26177.7070	-1
26187.7578	-1
26197.8086	-1
26207.8594	-1
26217.9102	-1
26227.9609	-1
26238.0117	-1
26248.0625	-1
26258.1133	-1
26268.1641	-1
26278.2148	-1
26288.2656	-1
26298.3164	-1
26308.3672	-1
26318.4180	-1
26328.4688	-1
26338.5195	-1
26348.5703	-1
26358.6211	-1
26368.6719	-1
26378.7227	-1
26388.7734	-1
26398.8242	-1
26408.8750	-1
26418.9258	-1
26428.9766	-1
26439.0273	-1
26449.0781	-1
26459.1289	-1
26469.1797	-1
26479.2305	-1
26489.2812	-1
26499.3320	-1
26509.3828	-1
26519.4336	-1
26529.4844	-1
26539.5352	-1
26549.5859	-1
26559.6367	-1
26569.6875	-1
26579.7383	1
26589.7891	1
26599.8398	1
26609.8906	1
26619.9434	1
26629.9961	1
26640.0488	1
26650.1016	1
26660.1543	1
26670.2070	1
26680.2598	1
26690.3125	1
26700.3652	1
26710.4180	1
26720.4707	1
26730.5234	1
26740.5781	-1
26750.6328	-1
26760.6875	-1
26770.7422	-1
26780.7969	-1
26790.8516	-1
26800.9062	-1
26810.9609	-1
26821.0156	-1
26831.0703	-1
26841.1250	-1
26851.1797	-1
26861.2344	-1
26871.2891	-1
26881.3438	-1
26891.3984	-1
26901.4531	-1
26911.5078	-1
26921.5645	1
26931.6211	1
26941.6777	1
26951.7344	1
26961.7910	1
26971.8477	1
26981.9062	-1
26991.9648	-1
27002.0234	-1
27012.0820	-1
27022.1406	-1
27032.1992	-1
27042.2578	-1
27052.3164	-1
27062.3750	-1
27072.4336	-1
27082.4922	-1
27092.5508	-1
27102.6094	-1
27112.6680	-1
27122.7266	-1
27132.7852	-1
27142.8438	-1
27152.9023	-1
27162.9609	-1
27173.0195	-1
27183.0781	-1
27193.1367	-1
27203.1953	-1
27213.2539	-1
27223.3145	-1
27233.3750	-1
27243.4355	-1
27253.4961	-1
27263.5566	-1
27273.6172	-1
27283.6777	-1
27293.7383	-1
27303.7988	-1
27313.8594	-1
27323.9199	-1
27333.9805	-1
27344.0410	-1
27354.1016	-1
27364.1621	-1
27374.2227	-1
27384.2832	-1
27394.3438	-1
27404.4062	1
27414.4688	1
27424.5312	1
27434.5938	1
27444.6562	1
27454.7188	1
27464.7812	1
27474.8438	1
27484.9062	1
27494.9688	1
27505.0312	1
27515.0938	1
27525.1562	1
27535.2188	1
27545.2812	-1
27555.3438	-1
27565.4062	-1
27575.4688	-1
27585.5312	-1
27595.5938	-1
27605.6582	-1
27615.7227	-1
27625.7871	-1
27635.8516	-1
27645.9160	-1
27655.9805	-1
27666.0449	-1
27676.1094	-1
27686.1738	-1
27696.2383	-1
27706.3027	-1
27716.3672	-1
27726.4316	-1
27736.4961	-1
27746.5605	-1
27756.6250	-1
27766.6895	-1
27776.7539	-1
27786.8184	-1
27796.8828	-1
27806.9473	-1
27817.0117	-1
27827.0762	-1
27837.1406	-1
27847.2051	-1
27857.2695	-1
27867.3340	-1
27877.3984	-1
27887.4629	-1
27897.5273	-1
27907.5918	-1
27917.6562	-1
27927.7207	-1
27937.7852	-1
27947.8496	-1
27957.9141	-1
27967.9785	-1
27978.0430	-1
27988.1074	-1
27998.1719	-1
28008.2363	-1
28018.3008	-1
28028.3652	-1
28038.4297	-1
28048.4941	-1
28058.5586	-1
28068.6230	-1
28078.6875	-1
28088.7539	-1
28098.8203	-1
28108.8867	-1
28118.9531	-1
28129.0195	-1
28139.0859	-1
28149.1523	-1
28159.2188	-1
28169.2852	-1
28179.3516	-1
28189.4180	-1
28199.4844	-1
28209.5508	-1
28219.6172	-1
28229.6836	-1
28239.7500	-1
28249.8164	-1
28259.8828	-1
28269.9512	1
28280.0195	1
28290.0879	1
28300.1562	1
28310.2246	1
28320.2930	1
28330.3613	1
28340.4297	1
28350.4980	1
28360.5664	1
28370.6348	1
28380.7031	1
28390.7773	-1
28400.8516	-1
28410.9258	-1
28421.0000	-1
28431.0742	-1
28441.1484	-1
28451.2227	-1
28461.2969	-1
28471.3711	-1
28481.4453	-1
28491.5195	-1
28501.5938	-1
28511.6680	-1
28521.7422	-1
28531.8164	-1
28541.8906	-1
28551.9648	-1
28562.0391	-1
28572.1133	-1
28582.1875	-1
28592.2617	-1
28602.3359	-1
28612.4102	-1
28622.4844	-1
28632.5605	-1
28642.6367	-1
28652.7129	-1
28662.7891	-1
28672.8652	-1
28682.9414	-1
28693.0176	-1
28703.0938	-1
28713.1699	-1
28723.2461	-1
28733.3223	-1
28743.3984	-1
28753.4746	-1
28763.5508	-1
28773.6270	-1
28783.7031	-1
28793.7793	-1
28803.8555	-1
28813.9316	-1
28824.0078	-1
28834.0840	-1
28844.1602	-1
28854.2363	-1
28864.3125	-1
28874.3887	-1
28884.4648	-1
28894.5410	-1
28904.6172	-1
28914.6934	-1
28924.7695	-1
28934.8477	-1
28944.9258	-1
28955.0039	-1
28965.0820	-1
28975.1602	-1
28985.2383	-1
28995.3164	-1
29005.3945	-1
29015.4727	-1
29025.5508	-1
29035.6289	-1
29045.7070	-1
29055.7852	-1
29065.8633	-1
29075.9414	-1
29086.0195	-1
29096.0977	-1
29106.1758	-1
29116.2559	-1
29126.3359	-1
29136.4160	-1
29146.4961	-1
29156.5762	-1
29166.6562	-1
29176.7363	-1
29186.8164	-1
29196.8965	-1
29206.9766	-1
29217.0566	-1
29227.1367	-1
29237.2168	-1
29247.2969	-1
29257.3770	-1
29267.4570	-1
29277.5371	-1
29287.6172	-1
29297.6973	-1
29307.7773	-1
29317.8574	-1
29327.9375	-1
29338.0176	-1
29348.0977	-1
29358.1777	-1
29368.2578	-1
29378.3379	-1
29388.4180	-1
29398.4980	-1
29408.5781	-1
29418.6582	-1
29428.7383	-1
29438.8184	-1
29448.8984	-1
29458.9785	-1
29469.0586	-1
29479.1387	-1
29489.2188	-1
29499.2988	-1
29509.3789	-1
29519.4590	-1
29529.5391	-1
29539.6191	-1
29549.6992	-1
29559.7793	-1
29569.8594	-1
29579.9395	-1
29590.0195	-1
29600.0996	-1
29610.1797	-1
29620.2598	-1
29630.3398	-1
29640.4199	-1
29650.5000	-1
29660.5820	-1
29670.6641	-1
29680.7461	-1
29690.8281	-1
29700.9102	-1
29710.9922	-1
29721.0742	-1
29731.1562	-1
29741.2383	-1
29751.3203	-1
29761.4023	-1
29771.4844	-1
29781.5664	-1
29791.6484	-1
29801.7305	-1
29811.8125	-1
29821.8945	-1
29831.9766	-1
29842.0586	-1
29852.1406	-1
29862.2227	-1
29872.3047	-1
29882.3867	-1
29892.4688	-1
29902.5508	-1
29912.6328	-1
29922.7148	-1
29932.8125	1
29942.9102	-1
29953.0098	1
29963.1094	1
29973.2090	-1
29983.3086	-1
29993.4082	-1
30003.5078	-1
30013.6074	-1
30023.7070	-1
30033.8066	-1
30043.9062	-1
30054.0059	-1
30064.1055	-1
30074.2051	-1
30084.3047	-1
30094.4062	1
30104.5078	1
30114.6094	1
30124.7109	1
30134.8125	-1
30144.9141	-1
30155.0156	-1
30165.1172	-1
30175.2188	-1
30185.3203	-1
30195.4238	-1
30205.5273	-1
30215.6309	-1
30225.7344	-1
30235.8379	-1
30245.9414	-1
30256.0449	-1
30266.1484	-1
30276.2520	-1
30286.3555	-1
30296.4590	-1
30306.5625	-1
30316.6660	1
30326.7695	1
30336.8730	1
30346.9766	1
30357.0801	-1
30367.1836	-1
30377.2871	-1
30387.3906	-1
30397.4941	-1
30407.5977	-1
30417.7012	1
30427.8047	1
30437.9082	1
30448.0117	1
30458.1172	-1
30468.2227	-1
30478.3281	-1
30488.4336	-1
30498.5391	-1
30508.6445	-1
30518.7500	-1
30528.8555	-1
30538.9609	-1
30549.0664	-1
30559.1719	-1
30569.2773	-1
30579.3828	-1
30589.4883	-1
30599.5938	-1
30609.6992	-1
30619.8047	-1
30629.9102	-1
30640.0156	-1
30650.1211	-1
30660.2266	-1
30670.3320	-1
30680.4375	-1
30690.5430	-1
30700.6484	-1
30710.7539	-1
30720.8594	-1
30730.9648	-1
30741.0703	-1
30751.1758	-1
30761.2812	-1
30771.3867	-1
30781.4922	-1
30791.5977	-1
30801.7031	-1
30811.8086	-1
30821.9160	1
30832.0234	1
30842.1309	1
30852.2383	1
30862.3457	1
30872.4531	1
30882.5605	1
30892.6680	1
30902.7754	1
30912.8828	1
30922.9922	1
30933.1016	1
30943.2109	-1
30953.3203	-1
30963.4297	-1
30973.5391	-1
30983.6484	-1
30993.7578	-1
31003.8672	1
31013.9785	1
31024.0898	-1
31034.2012	-1
31044.3125	-1
31054.4238	-1
31064.5352	-1
31074.6465	-1
31084.7578	-1
31094.8691	-1
31104.9805	-1
31115.0918	-1
31125.2031	-1
31135.3145	-1
31145.4277	1
31155.5410	1
31165.6543	1
31175.7676	1
31185.8809	-1
31195.9941	-1
31206.1074	-1
31216.2207	-1
31226.3340	-1
31236.4492	-1
31246.5645	-1
31256.6797	-1
31266.7949	-1
31276.9102	-1
31287.0254	-1
31297.1406	-1
31307.2559	-1
31317.3711	-1
31327.4863	-1
31337.6016	-1
31347.7168	-1
31357.8320	-1
31367.9473	-1
31378.0625	-1
31388.1777	-1
31398.2930	-1
31408.4082	-1
31418.5234	-1
31428.6387	-1
31438.7539	-1
31448.8691	-1
31458.9844	-1
31469.0996	-1
31479.2148	-1
31489.3301	-1
31499.4453	-1
31509.5605	-1
31519.6758	-1
31529.7910	-1
31539.9062	-1
31550.0215	1
31560.1367	1
31570.2539	-1
31580.3711	-1
31590.4883	-1
31600.6055	-1
31610.7227	-1
31620.8398	-1
31630.9570	-1
31641.0742	-1
31651.1914	-1
31661.3086	-1
31671.4258	-1
31681.5430	-1
31691.6602	-1
31701.7773	-1
31711.8945	-1
31722.0117	-1
31732.1289	-1
31742.2461	-1
31752.3633	1
31762.4805	1
31772.5977	1
31782.7148	1
31792.8320	1
31802.9492	1
31813.0664	1
31823.1836	1
31833.3008	1
31843.4180	1
31853.5352	1
31863.6523	1
31873.7695	1
31883.8867	1
31894.0039	1
31904.1211	1
31914.2383	-1
31924.3555	-1
31934.4727	-1
31944.5898	-1
31954.7070	-1
31964.8242	-1
31974.9414	-1
31985.0586	-1
31995.1758	-1
32005.2930	-1
32015.4102	-1
32025.5273	-1
32035.6465	-1
32045.7656	-1
32055.8848	-1
32066.0039	-1
32076.1230	-1
32086.2422	-1
32096.3613	-1
32106.4805	-1
32116.5996	-1
32126.7188	-1
32136.8379	-1
32146.9570	-1
32157.0781	1
32167.1992	1
32177.3203	1
32187.4414	1
32197.5625	1
32207.6836	1
32217.8066	-1
32227.9297	-1
32238.0527	-1
32248.1758	-1
32258.2988	-1
32268.4219	-1
32278.5449	-1
32288.6680	-1
32298.7910	-1
32308.9141	-1
32319.0371	-1
32329.1602	-1
32339.2832	-1
32349.4062	-1
32359.5293	-1
32369.6523	-1
32379.7754	-1
32389.8984	-1
32400.0254	-1
32410.1523	-1
32420.2793	-1
32430.4062	-1
32440.5332	-1
32450.6602	-1
32460.7871	-1
32470.9141	-1
32481.0410	-1
32491.1680	-1
32501.2949	-1
32511.4219	-1
32521.5488	-1
32531.6758	-1
32541.8027	-1
32551.9297	-1
32562.0566	-1
32572.1836	-1
32582.3105	-1
32592.4375	-1
32602.5645	-1
32612.6914	-1
32622.8184	-1
32632.9453	-1
32643.0742	-1
32653.2031	-1
32663.3320	-1
32673.4609	-1
32683.5898	-1
32693.7188	-1
32703.8477	-1
32713.9766	-1
32724.1055	-1
32734.2344	-1
32744.3633	-1
32754.4922	-1
32764.6211	-1
32774.7500	-1
32784.8789	-1
32795.0078	-1
32805.1367	-1
32815.2656	-1
32825.3945	-1
32835.5234	-1
32845.6523	-1
32855.7812	-1
32865.9102	-1
32876.0391	-1
32886.1680	-1
32896.2969	-1
32906.4258	-1
32916.5547	-1
32926.6836	-1
32936.8125	-1
32946.9414	-1
32957.0703	-1
32967.1992	-1
32977.3281	-1
32987.4570	-1
32997.5859	-1
33007.7148	-1
33017.8438	-1
33027.9727	-1
33038.1016	-1
33048.2305	-1
33058.3594	-1
33068.4883	-1
33078.6172	-1
33088.7461	-1
33098.8750	-1
33109.0039	-1
33119.1328	-1
33129.2617	-1
33139.3906	-1
33149.5195	-1
33159.6484	-1
33169.7773	-1
33179.9062	-1
33190.0391	-1
33200.1719	-1
33210.3047	-1
33220.4375	-1
33230.5703	-1
33240.7031	-1
33250.8359	-1
33260.9688	-1
33271.1016	-1
33281.2344	-1
33291.3672	-1
33301.5000	-1
33311.6328	-1
33321.7656	-1
33331.8984	-1
33342.0312	-1
33352.1641	-1
33362.2969	-1
33372.4297	-1
33382.5625	-1
33392.6953	-1
33402.8281	-1
33412.9609	-1
33423.0938	-1
33433.2266	-1
33443.3594	-1
33453.4922	-1
33463.6250	-1
33473.7578	-1
33483.8906	-1
33494.0234	-1
33504.1562	-1
33514.2891	-1
33524.4219	-1
33534.5547	-1
33544.6875	-1
33554.8203	-1
33564.9531	-1
33575.0859	-1
33585.2188	-1
33595.3516	-1
33605.4844	-1
33615.6172	-1
33625.7500	-1
33635.8828	-1
33646.0156	-1
33656.1484	-1
33666.2812	-1
33676.4141	-1
33686.5469	-1
33696.6797	-1
33706.8125	-1
33716.9453	-1
33727.0781	-1
33737.2109	-1
33747.3438	-1
33757.4766	-1
33767.6094	-1
33777.7422	-1
33787.8750	-1
33798.0078	-1
33808.1406	-1
33818.2734	-1
33828.4062	-1
33838.5391	-1
33848.6719	-1
33858.8086	-1
33868.9453	-1
33879.0820	-1
33889.2344	1
33899.3867	-1
33909.5391	1
33919.6914	1
33929.8438	-1
33939.9961	-1
33950.1484	-1
33960.3008	-1
33970.4531	-1
33980.6055	-1
33990.7578	-1
34000.9102	-1
34011.0625	-1
34021.2148	-1
34031.3672	-1
34041.5195	-1
34051.6758	1
34061.8320	1
34071.9883	1
34082.1445	1
34092.3008	-1
34102.4570	-1
34112.6133	-1
34122.7695	-1
34132.9258	-1
34143.0820	-1
34153.2383	-1
34163.3945	-1
34173.5508	-1
34183.7070	-1
34193.8633	-1
34204.0195	-1
34214.1758	-1
34224.3320	-1
34234.4883	-1
34244.6445	-1
34254.8008	-1
34264.9570	-1
34275.1133	-1
34285.2695	-1
34295.4258	-1
34305.5820	-1
34315.7383	-1
34325.8945	-1
34336.0508	1
34346.2070	1
34356.3633	1
34366.5195	1
34376.6758	1
34386.8320	1
34396.9883	1
34407.1445	1
34417.3047	-1
34427.4648	-1
34437.6250	-1
34447.7852	-1
34457.9453	-1
34468.1055	-1
34478.2656	-1
34488.4258	-1
34498.5859	-1
34508.7461	-1
34518.9062	-1
34529.0664	-1
34539.2266	1
34549.3867	1
34559.5469	1
34569.7070	1
34579.8672	-1
34590.0273	-1
34600.1875	-1
34610.3477	-1
34620.5078	-1
34630.6680	-1
34640.8281	-1
34650.9883	-1
34661.1484	-1
34671.3086	-1
34681.4688	-1
34691.6289	-1
34701.7891	-1
34711.9492	-1
34722.1094	-1
34732.2695	-1
34742.4297	-1
34752.5898	-1
34762.7500	-1
34772.9102	-1
34783.0703	-1
34793.2305	-1
34803.3906	-1
34813.5508	-1
34823.7148	1
34833.8789	1
34844.0430	-1
34854.2070	-1
34864.3711	-1
34874.5352	-1
34884.6992	-1
34894.8633	-1
34905.0273	-1
34915.1914	-1
34925.3555	-1
34935.5195	-1
34945.6836	-1
34955.8477	-1
34966.0117	1
34976.1758	1
34986.3398	1
34996.5039	1
35006.6680	1
35016.8320	1
35026.9961	1
35037.1602	1
35047.3242	1
35057.4883	1
35067.6523	-1
35077.8164	-1
35087.9805	-1
35098.1445	-1
35108.3086	-1
35118.4727	-1
35128.6406	-1
35138.8086	-1
35148.9766	-1
35159.1445	-1
35169.3125	-1
35179.4805	-1
35189.6484	-1
35199.8164	-1
35209.9844	-1
35220.1523	-1
35230.3203	-1
35240.4883	-1
35250.6562	-1
35260.8242	-1
35270.9922	-1
35281.1602	-1
35291.3281	-1
35301.4961	-1
35311.6641	-1
35321.8320	-1
35332.0000	-1
35342.1680	-1
35352.3359	-1
35362.5039	-1
35372.6719	1
35382.8398	1
35393.0078	-1
35403.1758	-1
35413.3438	-1
35423.5117	-1
35433.6797	-1
35443.8477	-1
35454.0156	-1
35464.1836	-1
35474.3516	-1
35484.5195	-1
35494.6875	-1
35504.8555	-1
35515.0234	-1
35525.1914	-1
35535.3594	-1
35545.5273	-1
35555.6953	-1
35565.8633	-1
35576.0312	1
35586.1992	1
35596.3672	1
35606.5352	1
35616.7070	1
35626.8789	1
35637.0508	1
35647.2227	1
35657.3945	-1
35667.5664	-1
35677.7383	-1
35687.9102	-1
35698.0820	-1
35708.2539	-1
35718.4258	-1
35728.5977	-1
35738.7695	-1
35748.9414	-1
35759.1133	-1
35769.2852	-1
35779.4570	-1
35789.6289	-1
35799.8008	-1
35809.9727	-1
35820.1445	-1
35830.3164	-1
35840.4883	-1
35850.6602	-1
35860.8320	-1
35871.0039	-1
35881.1758	-1
35891.3477	-1
35901.5195	-1
35911.6914	-1
35921.8633	-1
35932.0352	-1
35942.2070	-1
35952.3789	-1
35962.5508	-1
35972.7227	-1
35982.8945	-1
35993.0664	-1
36003.2383	-1
36013.4102	-1
36023.5820	-1
36033.7539	-1
36043.9258	-1
36054.0977	-1
36064.2695	-1
36074.4414	-1
36084.6133	-1
36094.7852	-1
36104.9570	-1
36115.1289	-1
36125.3008	-1
36135.4727	-1
36145.6445	-1
36155.8164	-1
36165.9883	-1
36176.1602	-1
36186.3320	-1
36196.5039	-1
36206.6797	-1
36216.8555	-1
36227.0312	-1
36237.2070	-1
36247.3828	-1
36257.5586	-1
36267.7344	1
36277.9102	1
36288.0859	1
36298.2617	1
36308.4375	1
36318.6133	1
36328.7891	1
36338.9648	1
36349.1406	1
36359.3164	1
36369.4961	1
36379.6758	1
36389.8555	1
36400.0352	1
36410.2148	1
36420.3945	1
36430.5742	1
36440.7539	1
36450.9336	1
36461.1133	1
36471.2930	1
36481.4727	1
36491.6523	1
36501.8320	1
36512.0117	1
36522.1914	1
36532.3711	-1
36542.5508	-1
36552.7305	-1
36562.9102	-1
36573.0898	-1
36583.2695	-1
36593.4492	-1
36603.6289	-1
36613.8086	-1
36623.9883	-1
36634.1680	-1
36644.3477	-1
36654.5312	-1
36664.7148	-1
36674.8984	-1
36685.0820	-1
36695.2656	-1
36705.4492	-1
36715.6328	-1
36725.8164	-1
36736.0000	-1
36746.1836	-1
36756.3672	-1
36766.5508	-1
36776.7344	-1
36786.9180	-1
36797.1016	-1
36807.2852	-1
36817.4688	-1
36827.6523	-1
36837.8359	-1
36848.0195	-1
36858.2031	-1
36868.3867	-1
36878.5703	-1
36888.7539	-1
36898.9375	-1
36909.1211	-1
36919.3047	-1
36929.4883	-1
36939.6719	-1
36949.8555	-1
36960.0391	-1
36970.2227	-1
36980.4062	-1
36990.5898	-1
37000.7734	-1
37010.9570	-1
37021.1445	1
37031.3320	1
37041.5195	1
37051.7070	1
37061.8945	1
37072.0820	-1
37082.2695	-1
37092.4570	-1
37102.6445	-1
37112.8320	-1
37123.0195	-1
37133.2070	-1
37143.3945	-1
37153.5820	-1
37163.7695	-1
37173.9570	-1
37184.1445	-1
37194.3320	-1
37204.5195	-1
37214.7070	-1
37224.8945	-1
37235.0820	-1
37245.2695	-1
37255.4570	-1
37265.6445	-1
37275.8320	-1
37286.0195	-1
37296.2070	-1
37306.3945	-1
37316.5859	-1
37326.7773	-1
37336.9688	-1
37347.1602	-1
37357.3516	-1
37367.5430	-1
37377.7344	-1
37387.9258	-1
37398.1172	-1
37408.3086	-1
37418.5000	-1
37428.6914	-1
37438.8828	-1
37449.0742	-1
37459.2656	-1
37469.4570	-1
37479.6484	-1
37489.8398	-1
37500.0312	-1
37510.2227	-1
37520.4141	-1
37530.6055	-1
37540.7969	-1
37550.9883	-1
37561.1797	-1
37571.3711	-1
37581.5625	-1
37591.7539	-1
37601.9453	-1
37612.1367	-1
37622.3281	-1
37632.5195	-1
37642.7109	-1
37652.9023	-1
37663.0938	-1
37673.2852	-1
37683.4766	-1
37693.6680	-1
37703.8594	-1
37714.0508	-1
37724.2422	-1
37734.4336	-1
37744.6250	-1
37754.8164	-1
37765.0078	-1
37775.1992	-1
37785.3906	-1
37795.5820	-1
37805.7734	-1
37815.9648	-1
37826.1562	-1
37836.3477	-1
37846.5391	-1
37856.7305	-1
37866.9219	-1
37877.1133	-1
37887.3047	-1
37897.4961	-1
37907.6875	-1
37917.8789	-1
37928.0742	-1
37938.2695	-1
37948.4648	-1
37958.6602	-1
37968.8555	-1
37979.0508	-1
37989.2461	-1
37999.4414	-1
38009.6367	-1
38019.8320	-1
38030.0273	-1
38040.2227	-1
38050.4180	-1
38060.6133	-1
38070.8086	-1
38081.0039	-1
38091.1992	-1
38101.3945	-1
38111.5898	-1
38121.7852	-1
38131.9805	-1
38142.1758	-1
38152.3711	-1
38162.5664	-1
38172.7617	-1
38182.9570	-1
38193.1523	-1
38203.3477	-1
38213.5430	-1
38223.7383	-1
38233.9336	-1
38244.1289	-1
38254.3242	-1
38264.5195	-1
38274.7148	-1
38284.9102	-1
38295.1055	-1
38305.3008	-1
38315.4961	-1
38325.6914	-1
38335.8867	-1
38346.0820	-1
38356.2812	-1
38366.4805	-1
38376.6797	-1
38386.8789	-1
38397.0781	-1
38407.2773	-1
38417.4766	-1
38427.6758	-1
38437.8750	-1
38448.0742	-1
38458.2734	-1
38468.4727	-1
38478.6719	-1
38488.8711	-1
38499.0703	-1
38509.2695	-1
38519.4688	-1
38529.6680	-1
38539.8672	-1
38550.0664	-1
38560.2656	-1
38570.4648	-1
38580.6641	-1
38590.8633	-1
38601.0625	-1
38611.2617	-1
38621.4609	-1
38631.6602	-1
38641.8594	-1
38652.0586	-1
38662.2578	-1
38672.4570	-1
38682.6562	-1
38692.8555	-1
38703.0547	-1
38713.2539	-1
38723.4531	-1
38733.6523	-1
38743.8516	-1
38754.0508	-1
38764.2500	-1
38774.4492	-1
38784.6484	-1
38794.8477	-1
38805.0469	-1
38815.2461	-1
38825.4453	-1
38835.6445	-1
38845.8438	-1
38856.0430	-1
38866.2422	-1
38876.4414	-1
38886.6406	-1
38896.8398	-1
38907.0391	-1
38917.2539	1
38927.4688	-1
38937.6836	1
38947.8984	1
38958.1172	-1
38968.3359	-1
38978.5547	-1
38988.7734	-1
38998.9922	-1
39009.2109	-1
39019.4297	-1
39029.6484	-1
39039.8672	-1
39050.0859	-1
39060.3047	-1
39070.5234	-1
39080.7422	1
39090.9609	1
39101.1797	1
39111.3984	1
39121.6172	-1
39131.8359	-1
39142.0547	-1
39152.2734	-1
39162.4922	-1
39172.7109	-1
39182.9297	-1
39193.1484	-1
39203.3672	-1
39213.5859	-1
39223.8047	-1
39234.0234	-1
39244.2422	-1
39254.4609	-1
39264.6797	-1
39274.8984	-1
39285.1172	-1
39295.3359	-1
39305.5547	-1
39315.7734	-1
39325.9922	-1
39336.2109	-1
39346.4297	-1
39356.6641	1
39366.8984	-1
39377.1328	1
39387.3672	1
39397.6055	-1
39407.8438	-1
39418.0820	-1
39428.3203	-1
39438.5586	-1
39448.7969	-1
39459.0352	-1
39469.2734	-1
39479.5117	-1
39489.7500	-1
39499.9883	-1
39510.2266	-1
39520.4648	1
39530.7031	1
39540.9414	1
39551.1797	1
39561.4180	-1
39571.6562	-1
39581.8945	-1
39592.1328	-1
39602.3711	-1
39612.6094	-1
39622.8477	-1
39633.0859	-1
39643.3242	-1
39653.5625	-1
39663.8008	-1
39674.0391	-1
39684.2773	-1
39694.5156	-1
39704.7539	-1
39714.9922	-1
39725.2305	-1
39735.4688	-1
39745.7070	-1
39755.9453	-1
39766.1836	-1
39776.4219	-1
39786.6602	-1
39796.8984	-1
39807.1367	1
39817.3750	1
39827.6133	1
39837.8516	1
39848.0898	1
39858.3320	1
39868.5742	1
39878.8164	1
39889.0586	-1
39899.3008	-1
39909.5430	-1
39919.7852	-1
39930.0273	-1
39940.2695	-1
39950.5117	-1
39960.7539	-1
39970.9961	-1
39981.2383	-1
39991.4805	-1
40001.7227	-1
40011.9648	-1
40022.2070	-1
40032.4492	-1
40042.6914	-1
40052.9336	-1
40063.1758	-1
40073.4180	-1
40083.6602	-1
40093.9023	-1
40104.1445	-1
40114.3867	-1
40124.6289	-1
40134.8711	-1
40145.1133	-1
40155.3555	-1
40165.5977	-1
40175.8398	-1
40186.0820	-1
40196.3242	-1
40206.5664	-1
40216.8086	-1
40227.0508	-1
40237.2930	-1
40247.5352	-1
40257.7773	-1
40268.0195	-1
40278.2617	-1
40288.5039	-1
40298.7461	-1
40308.9883	-1
40319.2305	-1
40329.4727	-1
40339.7148	-1
40349.9727	1
40360.2344	-1
40370.4961	1
40380.7578	1
40391.0195	-1
40401.2812	-1
40411.5430	-1
40421.8047	-1
40432.0664	-1
40442.3281	-1
40452.5898	-1
40462.8516	-1
40473.1133	-1
40483.3750	-1
40493.6367	-1
40503.8984	-1
40514.1602	1
40524.4219	1
40534.6836	1
40544.9453	1
40555.2070	-1
40565.4688	-1
40575.7305	-1
40585.9922	-1
40596.2539	-1
40606.5156	-1
40616.7812	-1
40627.0469	-1
40637.3125	-1
40647.5781	-1
40657.8438	-1
40668.1094	-1
40678.3750	-1
40688.6406	-1
40698.9062	-1
40709.1719	-1
40719.4375	-1
40729.7031	-1
40739.9688	-1
40750.2344	-1
40760.5000	-1
40770.7656	-1
40781.0312	-1
40791.2969	-1
40801.5625	1
40811.8281	1
40822.0938	1
40832.3594	1
40842.6250	1
40852.8906	1
40863.1562	1
40873.4219	1
40883.6875	-1
40893.9531	-1
40904.2188	-1
40914.4844	-1
40924.7500	-1
40935.0156	-1
40945.2812	-1
40955.5469	-1
40965.8125	-1
40976.0781	-1
40986.3438	-1
40996.6094	-1
41006.8750	-1
41017.1406	-1
41027.4062	-1
41037.6719	-1
41047.9375	-1
41058.2031	-1
41068.4688	-1
41078.7344	-1
41089.0000	-1
41099.2656	-1
41109.5312	-1
41119.7969	-1
41130.0664	-1
41140.3359	-1
41150.6055	-1
41160.8750	-1
41171.1445	-1
41181.4141	-1
41191.6836	-1
41201.9531	-1
41212.2227	-1
41222.4922	-1
41232.7617	-1
41243.0312	-1
41253.3008	-1
41263.5703	-1
41273.8398	-1
41284.1094	-1
41294.3789	-1
41304.6484	-1
41314.9180	-1
41325.1875	-1
41335.4570	-1
41345.7266	-1
41355.9961	-1
41366.2656	-1
41376.5352	1
41386.8047	1
41397.0742	1
41407.3438	1
41417.6133	1
41427.8828	1
41438.1523	1
41448.4219	1
41458.6914	1
41468.9609	1
41479.2305	1
41489.5000	1
41499.7695	1
41510.0391	1
41520.3086	1
41530.5781	1
41540.8516	-1
41551.1250	-1
41561.3984	-1
41571.6719	-1
41581.9453	-1
41592.2188	-1
41602.4922	-1
41612.7656	-1
41623.0391	-1
41633.3125	-1
41643.5859	-1
41653.8594	-1
41664.1328	-1
41674.4062	-1
41684.6797	-1
41694.9531	-1
41705.2266	-1
41715.5000	-1
41725.7734	-1
41736.0469	-1
41746.3203	-1
41756.5938	-1
41766.8672	-1
41777.1406	-1
41787.4141	-1
41797.6875	-1
41807.9609	-1
41818.2344	-1
41828.5078	-1
41838.7812	-1
41849.0547	-1
41859.3281	-1
41869.6016	-1
41879.8750	-1
41890.1484	-1
41900.4219	-1
41910.6953	-1
41920.9688	-1
41931.2422	-1
41941.5156	-1
41951.7891	-1
41962.0625	-1
41972.3359	-1
41982.6094	-1
41992.8828	-1
42003.1562	-1
42013.4297	-1
42023.7031	-1
42033.9766	1
42044.2500	1
42054.5234	1
42064.7969	1
42075.0742	1
42085.3516	1
42095.6289	1
42105.9062	1
42116.1836	1
42126.4609	1
42136.7383	1
42147.0156	1
42157.2930	1
42167.5703	1
42177.8477	-1
42188.1250	-1
42198.4023	-1
42208.6797	-1
42218.9570	-1
42229.2344	-1
42239.5117	-1
42249.7891	-1
42260.0664	-1
42270.3438	-1
42280.6211	-1
42290.8984	-1
42301.1758	-1
42311.4531	-1
42321.7305	-1
42332.0078	-1
42342.2852	-1
42352.5625	-1
42362.8398	-1
42373.1172	-1
42383.3945	-1
42393.6719	-1
42403.9492	-1
42414.2266	-1
42424.5039	-1
42434.7812	-1
42445.0586	-1
42455.3359	-1
42465.6133	-1
42475.8906	-1
42486.1680	-1
42496.4453	-1
42506.7227	-1
42517.0000	-1
42527.2773	-1
42537.5547	-1
42547.8320	-1
42558.1094	-1
42568.3867	-1
42578.6641	-1
42588.9414	-1
42599.2188	-1
42609.4961	1
42619.7734	-1
42630.0508	-1
42640.3281	-1
42650.6055	-1
42660.8828	-1
42671.1602	-1
42681.4375	1
42691.7188	1
42702.0000	1
42712.2812	1
42722.5625	1
42732.8438	1
42743.1250	1
42753.4062	1
42763.6875	1
42773.9688	1
42784.2500	1
42794.5312	1
42804.8125	1
42815.0938	1
42825.3750	1
42835.6562	1
42845.9375	1
42856.2188	-1
42866.5000	-1
42876.7812	-1
42887.0625	-1
42897.3438	-1
42907.6250	-1
42917.9102	-1
42928.1953	-1
42938.4805	-1
42948.7656	-1
42959.0508	-1
42969.3359	-1
42979.6211	1
42989.9062	1
43000.1914	1
43010.4766	1
43020.7617	-1
43031.0469	-1
43041.3320	-1
43051.6172	-1
43061.9023	-1
43072.1875	-1
43082.4727	-1
43092.7578	-1
43103.0430	-1
43113.3281	-1
43123.6133	-1
43133.8984	-1
43144.1836	-1
43154.4688	-1
43164.7539	-1
43175.0391	-1
43185.3242	-1
43195.6094	-1
43205.8945	1
43216.1797	1
43226.4648	1
43236.7500	1
43247.0352	1
43257.3203	-1
43267.6094	-1
43277.8984	-1
43288.1875	-1
43298.4766	-1
43308.7656	-1
43319.0547	1
43329.3438	-1
43339.6328	-1
43349.9219	-1
43360.2109	-1
43370.5000	-1
43380.7891	-1
43391.0781	-1
43401.3672	-1
43411.6562	-1
43421.9453	-1
43432.2344	-1
43442.5234	-1
43452.8125	-1
43463.1016	-1
43473.3906	-1
43483.6797	-1
43493.9688	-1
43504.2578	-1
43514.5469	-1
43524.8359	-1
43535.1250	-1
43545.4141	-1
43555.7031	-1
43565.9922	-1
43576.2812	-1
43586.5703	-1
43596.8594	-1
43607.1484	-1
43617.4375	-1
43627.7266	-1
43638.0156	-1
43648.3047	-1
43658.5938	-1
43668.8828	-1
43679.1719	-1
43689.4609	-1
43699.7500	1
43710.0391	-1
43720.3281	-1
43730.6172	-1
43740.9062	-1
43751.1953	-1
43761.4844	-1
43771.7773	1
43782.0703	1
43792.3633	-1
43802.6562	-1
43812.9492	-1
43823.2422	-1
43833.5352	-1
43843.8281	-1
43854.1211	1
43864.4141	1
43874.7070	-1
43885.0000	-1
43895.2930	-1
43905.5859	-1
43915.8789	-1
43926.1719	-1
43936.4648	-1
43946.7578	-1
43957.0508	-1
43967.3438	-1
43977.6367	-1
43987.9297	-1
43998.2227	-1
44008.5156	-1
44018.8086	-1
44029.1016	-1
44039.3945	-1
44049.6875	-1
44059.9805	-1
44070.2734	-1
44080.5664	-1
44090.8594	-1
44101.1523	-1
44111.4453	-1
44121.7383	-1
44132.0312	-1
44142.3242	-1
44152.6172	-1
44162.9102	-1
44173.2031	-1
44183.4961	-1
44193.7891	-1
44204.0820	-1
44214.3750	-1
44224.6680	-1
44234.9609	-1
44245.2539	-1
44255.5469	-1
44265.8398	-1
44276.1328	-1
44286.4258	-1
44296.7188	-1
44307.0117	-1
44317.3047	-1
44327.5977	-1
44337.8906	-1
44348.1836	-1
44358.4766	-1
44368.7695	-1
44379.0625	-1
44389.3555	-1
44399.6484	-1
44409.9414	-1
44420.2344	-1
44430.5273	-1
44440.8203	-1
44451.1133	-1
44461.4062	-1
44471.6992	-1
44481.9922	-1
44492.2891	-1
44502.5859	-1
44512.8828	-1
44523.1797	-1
44533.4766	-1
44543.7734	-1
44554.0703	-1
44564.3672	-1
44574.6641	-1
44584.9609	-1
44595.2578	-1
44605.5547	-1
44615.8516	-1
44626.1484	-1
44636.4453	-1
44646.7422	-1
44657.0391	-1
44667.3359	-1
44677.6328	-1
44687.9297	-1
44698.2266	-1
44708.5234	-1
44718.8203	-1
44729.1172	-1
44739.4141	-1
44749.7109	-1
44760.0078	-1
44770.3047	-1
44780.6016	-1
44790.8984	-1
44801.1953	-1
44811.4922	-1
44821.7891	-1
44832.0859	-1
44842.3828	-1
44852.6797	-1
44862.9766	-1
44873.2734	-1
44883.5703	-1
44893.8672	-1
44904.1641	-1
44914.4609	-1
44924.7617	-1
44935.0625	-1
44945.3633	-1
44955.6641	-1
44965.9648	-1
44976.2656	-1
44986.5664	-1
44996.8672	-1
45007.1680	-1
45017.4688	-1
45027.7695	-1
45038.0703	-1
45048.3711	-1
45058.6719	-1
45068.9727	-1
45079.2734	-1
45089.5742	-1
45099.8750	-1
45110.1758	-1
45120.4766	-1
45130.7773	-1
45141.0781	-1
45151.3789	-1
45161.6797	-1
45171.9805	-1
45182.2812	-1
45192.5820	-1
45202.8828	-1
45213.1836	-1
45223.4844	-1
45233.7852	-1
45244.0859	-1
45254.3867	-1
45264.6875	-1
45274.9883	-1
45285.2891	-1
45295.5898	-1
45305.8906	-1
45316.1914	-1
45326.4922	-1
45336.7930	-1
45347.0938	-1
45357.3945	-1
45367.6953	-1
45377.9961	-1
45388.2969	-1
45398.5977	-1
45408.8984	-1
45419.1992	-1
45429.5000	-1
45439.8008	-1
45450.1016	-1
45460.4023	-1
45470.7031	-1
45481.0039	-1
45491.3047	-1
45501.6055	-1
45511.9062	-1
45522.2070	-1
45532.5078	-1
45542.8086	-1
45553.1094	-1
45563.4102	-1
45573.7109	-1
45584.0117	-1
45594.3125	-1
45604.6133	-1
45614.9141	-1
45625.2148	-1
45635.5156	-1
45645.8164	-1
45656.1172	-1
45666.4180	-1
45676.7188	-1
45687.0195	-1
45697.3203	-1
45707.6211	-1
45717.9219	-1
45728.2227	-1
45738.5234	-1
45748.8242	-1
45759.1250	-1
45769.4258	-1
45779.7266	-1
45790.0273	-1
45800.3281	-1
45810.6289	-1
45820.9297	-1
45831.2305	-1
45841.5312	-1
45851.8359	-1
45862.1406	-1
45872.4453	-1
45882.7500	-1
45893.0547	-1
45903.3594	-1
45913.6758	1
45923.9961	-1
45934.3164	1
45944.6367	1
45954.9570	-1
45965.2773	-1
45975.5977	-1
45985.9180	-1
45996.2383	-1
46006.5586	-1
46016.8789	-1
46027.1992	-1
46037.5195	-1
46047.8398	-1
46058.1758	1
46068.5117	-1
46078.8477	1
46089.1836	1
46099.5234	-1
46109.8633	-1
46120.2031	-1
46130.5430	-1
46140.8828	-1
46151.2227	-1
46161.5625	-1
46171.9023	-1
46182.2422	-1
46192.5820	-1
46202.9336	1
46213.2852	-1
46223.6367	1
46233.9922	1
46244.3477	-1
46254.7031	-1
46265.0586	-1
46275.4141	-1
46285.7695	-1
46296.1250	-1
46306.4805	-1
46316.8359	-1
46327.1914	-1
46337.5469	-1
46347.9023	-1
46358.2578	-1
46368.6133	1
46378.9688	1
46389.3242	1
46399.6797	1
46410.0352	-1
46420.3906	-1
46430.7461	-1
46441.1016	-1
46451.4570	-1
46461.8125	-1
46472.1680	-1
46482.5234	-1
46492.8789	-1
46503.2344	-1
46513.5938	-1
46523.9531	-1
46534.3125	-1
46544.6719	-1
46555.0312	-1
46565.3906	-1
46575.7500	-1
46586.1094	-1
46596.4688	-1
46606.8281	-1
46617.1875	-1
46627.5469	-1
46637.9062	-1
46648.2656	-1
46658.6250	1
46668.9844	1
46679.3438	1
46689.7031	1
46700.0625	1
46710.4219	1
46720.7812	1
46731.1406	1
46741.5000	-1
46751.8594	-1
46762.2188	-1
46772.5781	-1
46782.9375	-1
46793.2969	-1
46803.6602	1
46814.0234	1
46824.3867	-1
46834.7500	-1
46845.1133	-1
46855.4766	-1
46865.8398	-1
46876.2031	-1
46886.5664	-1
46896.9297	-1
46907.2930	-1
46917.6562	-1
46928.0195	-1
46938.3828	-1
46948.7461	-1
46959.1094	-1
46969.4727	-1
46979.8359	-1
46990.1992	-1
47000.5625	-1
47010.9258	-1
47021.2891	-1
47031.6523	-1
47042.0156	-1
47052.3789	-1
47062.7422	-1
47073.1055	-1
47083.4688	-1
47093.8320	-1
47104.1953	-1
47114.5586	-1
47124.9219	-1
47135.2852	-1
47145.6484	-1
47156.0117	-1
47166.3750	-1
47176.7383	-1
47187.1016	-1
47197.4648	-1
47207.8281	-1
47218.1914	-1
47228.5547	-1
47238.9180	-1
47249.2812	-1
47259.6445	1
47270.0078	1
47280.3711	1
47290.7344	1
47301.0977	-1
47311.4609	-1
47321.8242	-1
47332.1875	-1
47342.5508	-1
47352.9141	-1
47363.2773	-1
47373.6406	-1
47384.0039	-1
47394.3672	-1
47404.7305	-1
47415.0938	-1
47425.4609	-1
47435.8281	-1
47446.1953	-1
47456.5625	-1
47466.9297	-1
47477.2969	-1
47487.6641	-1
47498.0312	-1
47508.3984	-1
47518.7656	-1
47529.1328	-1
47539.5000	-1
47549.8672	-1
47560.2344	-1
47570.6016	-1
47580.9688	-1
47591.3359	-1
47601.7031	-1
47612.0703	-1
47622.4375	-1
47632.8203	1
47643.2031	-1
47653.5859	1
47663.9688	1
47674.3555	-1
47684.7422	-1
47695.1289	-1
47705.5273	1
47715.9258	-1
47726.3281	1
47736.7305	1
47747.1328	-1
47757.5352	-1
47767.9375	-1
47778.3398	-1
47788.7422	-1
47799.1445	-1
47809.5469	-1
47819.9492	-1
47830.3516	-1
47840.7539	-1
47851.1562	-1
47861.5586	-1
47871.9609	1
47882.3633	1
47892.7656	1
47903.1680	1
47913.5703	-1
47923.9727	-1
47934.3750	-1
47944.7773	-1
47955.1797	-1
47965.5820	-1
47975.9883	-1
47986.3945	-1
47996.8008	-1
48007.2070	-1
48017.6133	-1
48028.0195	-1
48038.4258	-1
48048.8320	-1
48059.2383	-1
48069.6445	-1
48080.0508	-1
48090.4570	-1
48100.8633	-1
48111.2695	-1
48121.6758	-1
48132.0820	-1
48142.4883	-1
48152.9062	1
48163.3281	-1
48173.7500	1
48184.1719	1
48194.5938	-1
48205.0156	-1
48215.4375	-1
48225.8594	-1
48236.2930	1
48246.7305	-1
48257.1680	1
48267.6055	1
48278.0430	-1
48288.4805	-1
48298.9180	-1
48309.3555	-1
48319.7930	-1
48330.2305	-1
48340.6680	-1
48351.1055	-1
48361.5430	-1
48371.9805	-1
48382.4180	-1
48392.8555	-1
48403.2969	1
48413.7383	1
48424.1797	1
48434.6211	1
48445.0625	-1
48455.5039	-1
48465.9453	-1
48476.3867	-1
48486.8281	-1
48497.2695	-1
48507.7109	-1
48518.1523	-1
48528.5938	-1
48539.0352	-1
48549.4766	-1
48559.9180	-1
48570.3594	-1
48580.8008	-1
48591.2422	-1
48601.6836	-1
48612.1250	-1
48622.5664	-1
48633.0078	-1
48643.4492	-1
48653.8906	-1
48664.3320	-1
48674.7734	-1
48685.2148	-1
48695.6562	1
48706.0977	1
48716.5391	1
48726.9844	-1
48737.4297	-1
48747.8750	-1
48758.3203	-1
48768.7656	-1
48779.2109	-1
48789.6562	-1
48800.1016	-1
48810.5469	-1
48820.9922	-1
48831.4375	-1
48841.8828	-1
48852.3281	-1
48862.7852	1
48873.2461	-1
48883.7070	1
48894.1680	1
48904.6289	-1
48915.0898	-1
48925.5508	-1
48936.0117	-1
48946.4727	-1
48956.9336	-1
48967.3945	-1
48977.8555	-1
48988.3164	-1
48998.7773	-1
49009.2383	-1
49019.6992	-1
49030.1602	1
49040.6211	1
49051.0820	1
49061.5430	1
49072.0078	-1
49082.4727	-1
49092.9375	-1
49103.4023	-1
49113.8672	-1
49124.3320	-1
49134.7969	-1
49145.2617	-1
49155.7266	-1
49166.1914	-1
49176.6562	-1
49187.1211	-1
49197.5859	-1
49208.0508	-1
49218.5156	-1
49228.9805	-1
49239.4453	-1
49249.9102	-1
49260.3750	-1
49270.8516	1
49281.3320	-1
49291.8125	1
49302.2930	1
49312.7734	-1
49323.2539	-1
49334.0156	-1
49344.7773	1
49355.5391	1
49366.7852	1
49378.0312	-1
49389.2773	-1
49401.5195	-1
49413.7617	1
49426.0039	1
49438.3945	1
49450.7852	-1
49463.1758	-1
49476.7227	1
49490.2773	-1
49503.8359	-1
49517.3945	-1
49532.1836	1
49547.1758	-1
49562.1719	-1
49577.1680	-1
49593.3867	-1
49609.6602	1
49625.9336	-1
49642.2070	-1
49659.7070	-1
49677.2383	1
49694.7695	-1
49712.3008	-1
49731.0586	1
49749.9023	-1
49768.7461	-1
49787.5898	-1
