0.0000	0
0.0007	-1
1.6888	-1
3.3776	1
6.8494	-1
10.4685	1
14.4118	1
18.3566	-1
22.3018	1
26.2470	1
30.1932	-1
34.1393	-1
38.0856	-1
42.0449	1
46.0058	-1
49.9670	1
53.9283	1
57.8909	-1
61.8535	-1
65.8161	-1
69.7787	-1
73.7413	-1
77.7039	-1
81.6666	-1
85.6293	-1
89.5920	-1
93.5671	1
97.5440	-1
101.5213	1
105.4987	1
109.4774	-1
113.4561	-1
117.4348	-1
121.4135	-1
125.3922	-1
129.3709	-1
133.3497	-1
137.3285	-1
141.3073	-1
145.2862	-1
149.2650	-1
153.2439	-1
157.2231	1
161.2023	1
165.1828	-1
169.1632	-1
173.1436	-1
177.1240	-1
181.1045	-1
185.0849	-1
189.0655	-1
193.0461	-1
197.0268	-1
201.0074	-1
204.9880	-1
208.9820	1
212.9774	-1
216.9732	1
220.9691	1
224.9660	-1
228.9629	-1
232.9598	-1
236.9568	-1
240.9537	-1
244.9507	-1
248.9602	1
252.9712	-1
256.9825	1
260.9939	1
265.0065	-1
269.0190	-1
273.0316	-1
277.0442	-1
281.0568	-1
285.0694	-1
289.0821	-1
293.0948	-1
297.1075	-1
301.1202	-1
305.1329	-1
309.1456	-1
313.1587	1
317.1718	1
321.1849	1
325.1981	1
329.2127	-1
333.2274	-1
337.2421	-1
341.2568	-1
345.2715	-1
349.2861	-1
353.3010	-1
357.3158	-1
361.3306	-1
365.3455	-1
369.3604	-1
373.3752	-1
377.3902	-1
381.4052	-1
385.4201	-1
389.4351	-1
393.4501	-1
397.4651	-1
401.4802	-1
405.4953	-1
409.5104	-1
413.5255	-1
417.5406	-1
421.5557	-1
425.5711	1
429.5867	1
433.6023	1
437.6179	1
441.6349	-1
445.6519	-1
449.6689	-1
453.6859	-1
457.7030	-1
461.7200	-1
465.7373	-1
469.7547	-1
473.7720	-1
477.7893	-1
481.8067	-1
485.8240	-1
489.8415	-1
493.8590	-1
497.8766	-1
501.8941	-1
505.9116	-1
509.9291	-1
513.9469	-1
517.9647	-1
521.9824	-1
526.0002	-1
530.0306	1
534.0624	-1
538.0945	1
542.1267	1
546.1597	-1
550.1926	-1
554.2256	-1
558.2585	-1
562.2915	-1
566.3245	-1
570.3575	-1
574.3906	-1
578.4237	-1
582.4568	-1
586.5027	1
590.5503	-1
594.5982	1
598.6462	1
602.6953	-1
606.7444	-1
610.7936	-1
614.8427	-1
618.8918	-1
622.9410	-1
627.0032	1
631.0669	-1
635.1310	1
639.1951	1
643.2605	-1
647.3259	-1
651.3914	-1
655.4568	-1
659.5222	-1
663.5876	-1
667.6532	-1
671.7188	-1
675.7844	-1
679.8500	-1
683.9156	-1
687.9813	-1
692.0472	1
696.1133	1
700.1793	1
704.2454	1
708.3129	-1
712.3804	-1
716.4479	-1
720.5154	-1
724.5829	-1
728.6505	-1
732.7181	-1
736.7857	-1
740.8533	-1
744.9210	-1
748.9886	-1
753.0563	-1
757.1240	-1
761.1918	-1
765.2595	-1
769.3273	-1
773.3950	-1
777.4628	-1
781.5307	-1
785.5986	-1
789.6666	-1
793.7345	-1
797.8024	-1
801.8704	-1
805.9386	1
810.0069	1
814.0753	1
818.1437	1
822.2121	1
826.2806	1
830.3492	1
834.4178	1
838.4883	-1
842.5589	-1
846.6295	-1
850.7001	-1
854.7707	-1
858.8413	-1
862.9124	-1
866.9834	-1
871.0544	-1
875.1255	-1
879.1965	-1
883.2676	-1
887.3387	-1
891.4099	-1
895.4811	-1
899.5522	-1
903.6234	-1
907.6946	-1
911.7659	-1
915.8372	-1
919.9084	-1
923.9797	-1
928.0510	-1
932.1223	-1
936.1937	-1
940.2651	-1
944.3365	-1
948.4080	-1
952.4794	-1
956.5508	-1
960.6229	1
964.6950	1
968.7672	1
972.8396	1
976.9120	1
980.9846	1
985.0571	1
989.1296	1
993.2023	-1
997.2750	-1
1001.3478	-1
1005.4205	-1
1009.4933	-1
1013.5660	-1
1017.6389	-1
1021.7118	-1
1025.7847	-1
1029.8575	-1
1033.9304	-1
1038.0033	-1
1042.0764	-1
1046.1495	-1
1050.2227	-1
1054.2958	-1
1058.3689	-1
1062.4420	-1
1066.5153	1
1070.5886	1
1074.6627	1
1078.7368	1
1082.8110	1
1086.8853	1
1090.9595	1
1095.0338	1
1099.1124	-1
1103.1910	-1
1107.2697	-1
1111.3483	-1
1115.4269	-1
1119.5055	-1
1123.5842	-1
1127.6630	-1
1131.7417	-1
1135.8204	-1
1139.8992	-1
1143.9779	-1
1148.0569	-1
1152.1359	-1
1156.2148	-1
1160.2938	-1
1164.3728	-1
1168.4518	-1
1172.5309	-1
1176.6100	-1
1180.6891	-1
1184.7682	-1
1188.8473	-1
1192.9264	-1
1197.0056	-1
1201.0848	-1
1205.1641	-1
1209.2433	-1
1213.3225	-1
1217.4017	-1
1221.4811	-1
1225.5604	-1
1229.6398	-1
1233.7191	-1
1237.7985	-1
1241.8778	-1
1245.9573	-1
1250.0367	-1
1254.1162	-1
1258.1957	-1
1262.2751	-1
1266.3546	-1
1270.4342	-1
1274.5138	-1
1278.5934	-1
1282.6730	-1
1286.7526	-1
1290.8322	-1
1294.9119	-1
1298.9916	-1
1303.0713	-1
1307.1510	-1
1311.2308	-1
1315.3107	-1
1319.3905	-1
1323.4705	-1
1327.5504	-1
1331.6304	-1
1335.7103	-1
1339.7903	-1
1343.8704	-1
1347.9504	-1
1352.0305	-1
1356.1106	-1
1360.1907	-1
1364.2708	-1
1368.3510	-1
1372.4312	-1
1376.5114	-1
1380.5916	-1
1384.6718	-1
1388.7520	-1
1392.8323	-1
1396.9126	-1
1400.9929	-1
1405.0732	-1
1409.1536	-1
1413.2339	-1
1417.3143	-1
1421.3948	-1
1425.4752	-1
1429.5557	-1
1433.6361	-1
1437.7166	-1
1441.7976	1
1445.8788	1
1449.9600	1
1454.0414	-1
1458.1228	-1
1462.2042	1
1466.2856	-1
1470.3671	-1
1474.4485	-1
1478.5299	-1
1482.6113	1
1486.6929	-1
1490.7744	-1
1494.8560	-1
1498.9375	-1
1503.0190	-1
1507.1006	-1
1511.1823	1
1515.2639	1
1519.3457	1
1523.4275	1
1527.5093	1
1531.5914	1
1535.6736	1
1539.7559	1
1543.8383	1
1547.9211	1
1552.0042	1
1556.0872	1
1560.1702	1
1564.2555	1
1568.3409	1
1572.4265	1
1576.5122	1
1580.5979	1
1584.6836	1
1588.7705	-1
1592.8575	-1
1596.9446	-1
1601.0316	-1
1605.1187	-1
1609.2057	-1
1613.2928	-1
1617.3800	-1
1621.4672	-1
1625.5543	-1
1629.6415	-1
1633.7286	-1
1637.8162	-1
1641.9037	-1
1645.9912	-1
1650.0787	-1
1654.1663	-1
1658.2538	-1
1662.3414	1
1666.4292	1
1670.5170	1
1674.6049	1
1678.6927	1
1682.7806	1
1686.8687	1
1690.9567	1
1695.0453	-1
1699.1339	-1
1703.2225	-1
1707.3112	-1
1711.3998	-1
1715.4884	-1
1719.5779	-1
1723.6674	-1
1727.7568	-1
1731.8463	-1
1735.9358	-1
1740.0253	-1
1744.1151	1
1748.2050	1
1752.2955	1
1756.3861	1
1760.4767	1
1764.5674	1
1768.6581	1
1772.7488	1
1776.8396	1
1780.9304	1
1785.0215	-1
1789.1125	-1
1793.2036	-1
1797.2947	-1
1801.3857	-1
1805.4768	-1
1809.5680	-1
1813.6592	-1
1817.7504	-1
1821.8416	-1
1825.9327	-1
1830.0239	-1
1834.1161	1
1838.2084	1
1842.3008	1
1846.3932	1
1850.4884	-1
1854.5837	-1
1858.6791	-1
1862.7744	-1
1866.8698	-1
1870.9651	-1
1875.0605	-1
1879.1560	-1
1883.2515	-1
1887.3469	-1
1891.4424	-1
1895.5378	-1
1899.6334	-1
1903.7290	-1
1907.8246	-1
1911.9202	-1
1916.0157	-1
1920.1113	-1
1924.2070	-1
1928.3027	-1
1932.3984	-1
1936.4941	-1
1940.5898	-1
1944.6855	-1
1948.7814	-1
1952.8772	-1
1956.9730	-1
1961.0688	-1
1965.1647	-1
1969.2605	-1
1973.3564	-1
1977.4524	-1
1981.5483	-1
1985.6443	-1
1989.7402	-1
1993.8362	-1
1997.9323	-1
2002.0283	-1
2006.1244	-1
2010.2205	-1
2014.3165	-1
2018.4126	-1
2022.5088	-1
2026.6050	-1
2030.7012	-1
2034.7974	-1
2038.8936	-1
2042.9897	-1
2047.0861	-1
2051.1824	-1
2055.2788	-1
2059.3752	-1
2063.4717	-1
2067.5681	-1
2071.6646	-1
2075.7610	-1
2079.8574	-1
2083.9539	-1
2088.0503	-1
2092.1467	-1
2096.2454	-1
2100.3440	-1
2104.4426	-1
2108.5413	-1
2112.6399	-1
2116.7385	-1
2120.8372	-1
2124.9358	-1
2129.0344	-1
2133.1331	-1
2137.2317	-1
2141.3303	-1
2145.4292	-1
2149.5281	-1
2153.6270	-1
2157.7258	-1
2161.8247	-1
2165.9236	-1
2170.0225	-1
2174.1213	-1
2178.2202	-1
2182.3191	-1
2186.4180	-1
2190.5168	-1
2194.6160	-1
2198.7151	-1
2202.8142	-1
2206.9133	-1
2211.0125	-1
2215.1116	-1
2219.2107	-1
2223.3098	-1
2227.4089	-1
2231.5081	-1
2235.6072	-1
2239.7063	-1
2243.8057	-1
2247.9050	-1
2252.0044	-1
2256.1038	-1
2260.2031	-1
2264.3025	-1
2268.4026	1
2272.5027	1
2276.6028	1
2280.7031	1
2284.8035	1
2288.9062	-1
2293.0090	-1
2297.1118	-1
2301.2146	-1
2305.3174	-1
2309.4202	-1
2313.5234	-1
2317.6267	-1
2321.7300	-1
2325.8333	-1
2329.9365	-1
2334.0398	-1
2338.1431	-1
2342.2463	-1
2346.3496	-1
2350.4529	-1
2354.5562	-1
2358.6594	-1
2362.7629	-1
2366.8665	-1
2370.9700	-1
2375.0735	-1
2379.1770	-1
2383.2805	-1
2387.3840	-1
2391.4875	-1
2395.5911	-1
2399.6946	-1
2403.7981	-1
2407.9016	-1
2412.0054	-1
2416.1091	-1
2420.2129	-1
2424.3167	-1
2428.4204	-1
2432.5242	-1
2436.6279	-1
2440.7317	-1
2444.8354	-1
2448.9392	-1
2453.0430	-1
2457.1467	-1
2461.2507	-1
2465.3547	-1
2469.4587	-1
2473.5627	-1
2477.6667	-1
2481.7708	-1
2485.8772	-1
2489.9836	-1
2494.0901	-1
2498.1965	-1
2502.3030	-1
2506.4094	-1
2510.5161	-1
2514.6228	-1
2518.7295	-1
2522.8362	-1
2526.9429	-1
2531.0496	-1
2535.1562	-1
2539.2629	-1
2543.3699	-1
2547.4768	-1
2551.5837	-1
2555.6907	-1
2559.7976	-1
2563.9045	-1
2568.0115	-1
2572.1184	-1
2576.2253	-1
2580.3323	-1
2584.4395	-1
2588.5466	-1
2592.6538	-1
2596.7610	-1
2600.8682	-1
2604.9753	-1
2609.0825	-1
2613.1897	-1
2617.2969	-1
2621.4041	-1
2625.5112	-1
2629.6184	-1
2633.7266	-1
2637.8347	-1
2641.9429	-1
2646.0510	-1
2650.1592	-1
2654.2673	-1
2658.3760	-1
2662.4846	-1
2666.5933	-1
2670.7019	-1
2674.8105	-1
2678.9192	-1
2683.0281	-1
2687.1370	-1
2691.2458	-1
2695.3547	-1
2699.4636	-1
2703.5725	-1
2707.6814	-1
2711.7903	-1
2715.8992	-1
2720.0081	-1
2724.1169	-1
2728.2258	-1
2732.3350	-1
2736.4441	-1
2740.5532	-1
2744.6624	-1
2748.7715	-1
2752.8806	-1
2756.9897	-1
2761.0989	-1
2765.2080	-1
2769.3174	-1
2773.4268	-1
2777.5361	-1
2781.6455	-1
2785.7549	-1
2789.8643	-1
2793.9736	-1
2798.0830	-1
2802.1924	-1
2806.3027	-1
2810.4131	-1
2814.5234	-1
2818.6338	-1
2822.7441	-1
2826.8545	-1
2830.9648	-1
2835.0752	-1
2839.1855	-1
2843.2959	-1
2847.4062	-1
2851.5166	-1
2855.6272	-1
2859.7378	-1
2863.8484	-1
2867.9590	-1
2872.0696	-1
2876.1802	-1
2880.2908	-1
2884.4014	-1
2888.5120	-1
2892.6226	-1
2896.7332	-1
2900.8438	-1
2904.9546	-1
2909.0654	-1
2913.1763	-1
2917.2871	-1
2921.5786	1
2925.8713	-1
2930.1643	-1
2934.4573	-1
2938.7502	-1
2943.0432	-1
2947.3362	-1
2951.6418	1
2955.9490	-1
2960.2566	1
2964.5642	1
2968.8730	-1
2973.1819	-1
2977.4907	-1
2981.7996	-1
2986.1084	-1
2990.4172	-1
2994.7261	-1
2999.0349	-1
3003.3438	-1
3007.6526	-1
3011.9614	-1
3016.2703	-1
3020.5793	1
3024.8887	1
3029.1980	1
3033.5073	1
3037.8181	-1
3042.1289	-1
3046.4397	-1
3050.7505	-1
3055.0613	-1
3059.3721	-1
3063.6831	-1
3067.9941	-1
3072.3052	-1
3076.6162	-1
3080.9272	-1
3085.2383	-1
3089.5493	-1
3093.8604	-1
3098.1714	-1
3102.4824	-1
3106.7935	-1
3111.1045	-1
3115.4158	-1
3119.7271	-1
3124.0383	-1
3128.3496	-1
3132.6609	-1
3136.9722	-1
3141.2837	1
3145.5952	1
3149.9070	1
3154.2188	1
3158.5305	1
3162.8423	1
3167.1541	1
3171.4661	1
3175.7803	-1
3180.0945	-1
3184.4087	-1
3188.7229	-1
3193.0371	-1
3197.3513	-1
3201.6655	-1
3205.9797	-1
3210.2939	-1
3214.6082	-1
3218.9224	-1
3223.2366	-1
3227.5510	-1
3231.8655	-1
3236.1799	-1
3240.4944	-1
3244.8088	-1
3249.1233	-1
3253.4377	-1
3257.7522	-1
3262.0667	-1
3266.3813	-1
3270.6960	-1
3275.0107	-1
3279.3254	-1
3283.6401	-1
3287.9548	-1
3292.2695	-1
3296.5842	-1
3300.8989	-1
3305.2139	-1
3309.5288	-1
3313.8438	-1
3318.1587	-1
3322.4736	-1
3326.7886	-1
3331.1035	-1
3335.4185	-1
3339.7334	-1
3344.0483	-1
3348.3633	-1
3352.6782	-1
3356.9937	1
3361.3091	1
3365.6248	1
3369.9404	1
3374.2561	1
3378.5718	1
3382.8877	1
3387.2036	1
3391.5195	1
3395.8354	1
3400.1514	1
3404.4673	1
3408.7834	1
3413.0996	1
3417.4170	-1
3421.7344	-1
3426.0518	-1
3430.3691	-1
3434.6865	-1
3439.0039	-1
3443.3240	-1
3447.6440	-1
3451.9641	-1
3456.2842	-1
3460.6042	-1
3464.9243	-1
3469.2446	-1
3473.5649	-1
3477.8853	-1
3482.2056	-1
3486.5259	-1
3490.8462	-1
3495.1665	-1
3499.4868	-1
3503.8071	-1
3508.1274	-1
3512.4478	-1
3516.7681	-1
3521.0886	-1
3525.4092	-1
3529.7297	-1
3534.0503	-1
3538.3708	-1
3542.6914	-1
3547.0120	-1
3551.3325	-1
3555.6531	-1
3559.9736	-1
3564.2942	-1
3568.6147	-1
3572.9355	-1
3577.2563	-1
3581.5771	-1
3585.8979	-1
3590.2188	-1
3594.5396	-1
3598.8604	-1
3603.1812	-1
3607.5020	-1
3611.8228	-1
3616.1436	-1
3620.4644	-1
3624.7854	-1
3629.1064	-1
3633.4275	-1
3637.7485	-1
3642.0696	-1
3646.3906	-1
3650.7117	-1
3655.0327	-1
3659.3538	-1
3663.6748	-1
3667.9958	-1
3672.3169	-1
3676.6384	1
3680.9600	1
3685.2817	1
3689.6035	-1
3693.9253	-1
3698.2471	-1
3702.5688	-1
3706.8906	-1
3711.2124	-1
3715.5342	1
3719.8560	-1
3724.1777	-1
3728.4995	-1
3732.8213	-1
3737.1431	-1
3741.4651	-1
3745.7871	1
3750.1091	1
3754.4312	1
3758.7532	1
3763.0752	-1
3767.3972	-1
3771.7192	-1
3776.0413	-1
3780.3633	-1
3784.6853	-1
3789.0076	-1
3793.3298	-1
3797.6521	-1
3801.9744	-1
3806.2966	-1
3810.6189	-1
3814.9417	1
3819.2644	1
3823.5874	1
3827.9104	1
3832.2334	1
3836.5564	1
3840.8794	1
3845.2026	1
3849.5259	1
3853.8511	-1
3858.1763	-1
3862.5015	-1
3866.8267	-1
3871.1519	-1
3875.4771	-1
3879.8040	-1
3884.1309	-1
3888.4578	-1
3892.7847	-1
3897.1116	-1
3901.4385	-1
3905.7656	-1
3910.0928	-1
3914.4199	-1
3918.7471	-1
3923.0742	-1
3927.4014	-1
3931.7285	-1
3936.0557	-1
3940.3828	-1
3944.7100	-1
3949.0371	-1
3953.3643	-1
3957.6917	-1
3962.0190	-1
3966.3464	-1
3970.6738	-1
3975.0012	-1
3979.3286	-1
3983.6560	-1
3987.9834	-1
3992.3108	-1
3996.6382	-1
4000.9656	-1
4005.2930	-1
4009.6206	-1
4013.9482	-1
4018.2759	-1
4022.6035	-1
4026.9312	-1
4031.2588	-1
4035.5867	-1
4039.9146	-1
4044.2424	-1
4048.5703	-1
4052.8982	-1
4057.2261	-1
4061.5559	-1
4065.8857	-1
4070.2156	-1
4074.5454	-1
4078.8752	-1
4083.2051	-1
4087.5352	-1
4091.8652	-1
4096.1953	-1
4100.5254	-1
4104.8555	-1
4109.1855	-1
4113.5161	-1
4117.8467	-1
4122.1772	-1
4126.5078	-1
4130.8384	-1
4135.1689	-1
4139.4995	-1
4143.8301	-1
4148.1606	-1
4152.4912	-1
4156.8218	-1
4161.1523	-1
4165.4829	-1
4169.8135	-1
4174.1440	-1
4178.4746	-1
4182.8052	-1
4187.1357	-1
4191.4668	-1
4195.7979	-1
4200.1289	-1
4204.4600	-1
4208.7910	-1
4213.1221	-1
4217.4531	-1
4221.7842	-1
4226.1152	-1
4230.4463	-1
4234.7773	-1
4239.1084	-1
4243.4395	-1
4247.7705	-1
4252.1016	-1
4256.4326	-1
4260.7637	-1
4265.0947	-1
4269.4258	-1
4273.7568	-1
4278.0879	-1
4282.4189	-1
4286.7500	-1
4291.0811	-1
4295.4126	-1
4299.7441	-1
4304.0757	-1
4308.4072	-1
4312.7520	1
4317.0981	-1
4321.4448	1
4325.7915	1
4330.1387	-1
4334.4858	-1
4338.8330	-1
4343.1802	-1
4347.5273	-1
4351.8745	-1
4356.2217	-1
4360.5688	-1
4364.9282	1
4369.2891	-1
4373.6499	1
4378.0107	1
4382.3730	-1
4386.7354	-1
4391.0977	-1
4395.4600	-1
4399.8223	-1
4404.1846	-1
4408.5469	-1
4412.9092	-1
4417.2715	-1
4421.6338	-1
4425.9961	-1
4430.3584	-1
4434.7212	1
4439.0850	-1
4443.4487	-1
4447.8125	-1
4452.1763	-1
4456.5400	-1
4460.9038	-1
4465.2798	1
4469.6572	-1
4474.0352	1
4478.4131	1
4482.7920	-1
4487.1714	-1
4491.5508	-1
4495.9302	-1
4500.3096	-1
4504.6890	-1
4509.0684	-1
4513.4478	-1
4517.8271	-1
4522.2065	-1
4526.5859	-1
4530.9780	1
4535.3711	-1
4539.7646	1
4544.1582	1
4548.5532	-1
4552.9482	-1
4557.3433	-1
4561.7383	-1
4566.1333	-1
4570.5283	-1
4574.9233	-1
4579.3184	-1
4583.7134	-1
4588.1084	-1
4592.5034	-1
4596.8984	-1
4601.2939	1
4605.6895	1
4610.0850	1
4614.4805	1
4618.8774	-1
4623.2744	-1
4627.6714	-1
4632.0684	-1
4636.4653	-1
4640.8623	-1
4645.2593	-1
4649.6562	-1
4654.0532	-1
4658.4502	-1
4662.8472	-1
4667.2441	-1
4671.6411	-1
4676.0381	-1
4680.4351	-1
4684.8320	-1
4689.2290	-1
4693.6260	-1
4698.0234	-1
4702.4209	-1
4706.8184	-1
4711.2158	-1
4715.6133	-1
4720.0107	-1
4724.4082	1
4728.8062	1
4733.2041	1
4737.6021	1
4742.0000	1
4746.3979	1
4750.7959	1
4755.1938	1
4759.5942	-1
4763.9946	-1
4768.3950	-1
4772.7954	-1
4777.1958	-1
4781.5962	-1
4785.9966	-1
4790.3970	-1
4794.7974	-1
4799.1978	-1
4803.5981	-1
4807.9985	-1
4812.3989	-1
4816.7993	-1
4821.1997	-1
4825.6001	-1
4830.0005	-1
4834.4009	-1
4838.8018	-1
4843.2026	-1
4847.6035	-1
4852.0044	-1
4856.4053	-1
4860.8062	-1
4865.2070	-1
4869.6079	-1
4874.0088	-1
4878.4097	-1
4882.8105	-1
4887.2114	-1
4891.6133	-1
4896.0151	-1
4900.4170	-1
4904.8188	-1
4909.2207	-1
4913.6226	-1
4918.0249	1
4922.4272	1
4926.8296	-1
4931.2319	-1
4935.6343	-1
4940.0366	-1
4944.4390	1
4948.8413	-1
4953.2437	-1
4957.6460	1
4962.0483	1
4966.4507	-1
4970.8530	-1
4975.2554	-1
4979.6577	-1
4984.0601	-1
4988.4624	-1
4992.8647	1
4997.2671	1
5001.6694	1
5006.0718	1
5010.4741	1
5014.8774	1
5019.2808	1
5023.6841	1
5028.0874	1
5032.4912	1
5036.8950	1
5041.3003	-1
5045.7056	-1
5050.1108	-1
5054.5161	-1
5058.9214	-1
5063.3267	-1
5067.7324	-1
5072.1382	-1
5076.5439	-1
5080.9497	-1
5085.3555	-1
5089.7612	-1
5094.1675	-1
5098.5737	-1
5102.9800	-1
5107.3867	-1
5111.7935	-1
5116.2002	-1
5120.6069	-1
5125.0137	-1
5129.4204	-1
5133.8271	-1
5138.2339	-1
5142.6406	-1
5147.0474	-1
5151.4541	-1
5155.8608	-1
5160.2676	-1
5164.6743	-1
5169.0811	-1
5173.4893	1
5177.8975	1
5182.3057	1
5186.7139	1
5191.1240	-1
5195.5342	-1
5199.9443	-1
5204.3545	-1
5208.7646	-1
5213.1748	-1
5217.5850	-1
5221.9951	-1
5226.4053	-1
5230.8154	-1
5235.2256	-1
5239.6357	-1
5244.0459	-1
5248.4561	-1
5252.8662	-1
5257.2764	-1
5261.6865	-1
5266.0967	-1
5270.5073	-1
5274.9180	-1
5279.3286	-1
5283.7393	-1
5288.1499	-1
5292.5605	-1
5296.9722	-1
5301.3838	-1
5305.7954	-1
5310.2070	-1
5314.6187	-1
5319.0303	-1
5323.4419	-1
5327.8535	-1
5332.2651	-1
5336.6768	-1
5341.0884	-1
5345.5000	-1
5349.9116	-1
5354.3232	-1
5358.7349	-1
5363.1465	-1
5367.5581	-1
5371.9697	-1
5376.3813	-1
5380.7930	-1
5385.2046	-1
5389.6162	-1
5394.0278	-1
5398.4395	-1
5402.8516	-1
5407.2637	-1
5411.6758	-1
5416.0879	-1
5420.5000	-1
5424.9121	-1
5429.3242	-1
5433.7363	-1
5438.1484	-1
5442.5605	-1
5446.9727	-1
5451.3848	-1
5455.7969	-1
5460.2090	-1
5464.6211	-1
5469.0332	-1
5473.4453	-1
5477.8574	-1
5482.2700	-1
5486.6826	-1
5491.0952	-1
5495.5078	-1
5499.9204	-1
5504.3330	-1
5508.7461	-1
5513.1592	-1
5517.5723	-1
5521.9854	-1
5526.3984	-1
5530.8115	-1
5535.2246	-1
5539.6377	-1
5544.0508	-1
5548.4639	-1
5552.8770	-1
5557.2900	-1
5561.7036	-1
5566.1172	-1
5570.5435	1
5574.9707	-1
5579.3984	1
5583.8262	1
5588.2549	-1
5592.6836	-1
5597.1123	-1
5601.5532	1
5605.9956	-1
5610.4385	1
5614.8813	1
5619.3252	-1
5623.7690	-1
5628.2129	-1
5632.6567	-1
5637.1006	-1
5641.5571	1
5646.0156	-1
5650.4741	1
5654.9326	1
5659.3926	-1
5663.8525	-1
5668.3125	-1
5672.7725	-1
5677.2324	-1
5681.6924	-1
5686.1523	-1
5690.6123	-1
5695.0723	-1
5699.5322	-1
5703.9922	-1
5708.4521	-1
5712.9126	1
5717.3730	1
5721.8345	-1
5726.2959	-1
5730.7573	-1
5735.2188	-1
5739.6802	-1
5744.1416	-1
5748.6030	-1
5753.0645	-1
5757.5386	1
5762.0142	-1
5766.4902	1
5770.9663	1
5775.4434	-1
5779.9204	-1
5784.3975	-1
5788.8745	-1
5793.3516	-1
5797.8286	-1
5802.3062	-1
5806.7837	-1
5811.2612	-1
5815.7388	-1
5820.2163	-1
5824.6938	-1
5829.1719	1
5833.6499	1
5838.1279	1
5842.6060	1
5847.0854	-1
5851.5649	-1
5856.0444	-1
5860.5239	-1
5865.0034	-1
5869.4829	-1
5873.9624	-1
5878.4419	-1
5882.9214	-1
5887.4009	-1
5891.8804	-1
5896.3604	-1
5900.8403	-1
5905.3203	-1
5909.8003	-1
5914.2803	-1
5918.7603	-1
5923.2402	-1
5927.7202	-1
5932.2002	-1
5936.6802	-1
5941.1602	-1
5945.6401	-1
5950.1201	-1
5954.6006	1
5959.0811	1
5963.5615	1
5968.0420	1
5972.5229	1
5977.0039	1
5981.4849	1
5985.9658	1
5990.4492	-1
5994.9326	-1
5999.4160	-1
6003.8994	-1
6008.3828	-1
6012.8662	-1
6017.3496	-1
6021.8330	-1
6026.3164	-1
6030.7998	-1
6035.2832	-1
6039.7666	-1
6044.2500	-1
6048.7334	-1
6053.2168	-1
6057.7002	-1
6062.1836	-1
6066.6670	-1
6071.1504	-1
6075.6338	-1
6080.1172	-1
6084.6006	-1
6089.0840	-1
6093.5674	-1
6098.0513	-1
6102.5352	-1
6107.0190	-1
6111.5029	-1
6115.9868	-1
6120.4707	-1
6124.9546	-1
6129.4385	-1
6133.9224	-1
6138.4062	-1
6142.8901	-1
6147.3740	-1
6151.8579	-1
6156.3418	-1
6160.8257	-1
6165.3096	-1
6169.7935	-1
6174.2773	-1
6178.7612	-1
6183.2451	-1
6187.7290	-1
6192.2129	-1
6196.6968	-1
6201.1807	-1
6205.6650	1
6210.1494	1
6214.6343	1
6219.1196	1
6223.6050	1
6228.0903	1
6232.5757	1
6237.0615	1
6241.5474	1
6246.0332	1
6250.5210	-1
6255.0088	-1
6259.4966	-1
6263.9844	-1
6268.4722	-1
6272.9600	-1
6277.4482	-1
6281.9365	-1
6286.4248	-1
6290.9131	-1
6295.4014	-1
6299.8896	-1
6304.3779	-1
6308.8662	-1
6313.3545	-1
6317.8428	-1
6322.3311	-1
6326.8193	-1
6331.3076	-1
6335.7959	-1
6340.2842	-1
6344.7725	-1
6349.2607	-1
6353.7490	-1
6358.2378	-1
6362.7266	-1
6367.2153	-1
6371.7041	-1
6376.1929	-1
6380.6816	-1
6385.1714	-1
6389.6611	-1
6394.1509	-1
6398.6406	-1
6403.1304	-1
6407.6201	-1
6412.1099	-1
6416.5996	-1
6421.0894	-1
6425.5791	-1
6430.0688	-1
6434.5586	-1
6439.0488	-1
6443.5391	-1
6448.0293	-1
6452.5195	-1
6457.0098	-1
6461.5000	-1
6465.9902	-1
6470.4805	-1
6474.9707	-1
6479.4609	-1
6483.9512	-1
6488.4414	-1
6492.9316	-1
6497.4219	-1
6501.9121	-1
6506.4150	1
6510.9194	-1
6515.4243	1
6519.9292	1
6524.4355	-1
6528.9419	-1
6533.4482	-1
6537.9546	-1
6542.4609	-1
6546.9673	-1
6551.4736	-1
6555.9800	-1
6560.4985	1
6565.0186	-1
6569.5391	1
6574.0596	1
6578.5811	-1
6583.1025	-1
6587.6240	-1
6592.1455	-1
6596.6670	-1
6601.1885	-1
6605.7104	-1
6610.2451	1
6614.7812	-1
6619.3179	1
6623.8545	1
6628.3921	-1
6632.9297	-1
6637.4673	-1
6642.0049	-1
6646.5430	-1
6651.0933	1
6655.6455	-1
6660.1978	1
6664.7505	1
6669.3037	-1
6673.8569	-1
6678.4102	-1
6682.9634	-1
6687.5166	-1
6692.0698	-1
6696.6235	-1
6701.1772	-1
6705.7310	-1
6710.2847	-1
6714.8384	-1
6719.3921	-1
6723.9458	1
6728.5000	1
6733.0542	1
6737.6084	1
6742.1631	-1
6746.7178	-1
6751.2725	-1
6755.8271	-1
6760.3818	-1
6764.9365	-1
6769.4917	-1
6774.0469	-1
6778.6021	-1
6783.1572	-1
6787.7124	-1
6792.2676	-1
6796.8228	-1
6801.3779	-1
6805.9331	-1
6810.4883	-1
6815.0435	-1
6819.5986	-1
6824.1543	1
6828.7100	1
6833.2656	1
6837.8213	1
6842.3770	-1
6846.9326	-1
6851.4883	-1
6856.0439	-1
6860.5996	-1
6865.1553	-1
6869.7109	1
6874.2666	1
6878.8237	1
6883.3809	1
6887.9385	-1
6892.4961	-1
6897.0537	-1
6901.6113	-1
6906.1689	-1
6910.7266	-1
6915.2842	-1
6919.8418	-1
6924.3994	-1
6928.9570	-1
6933.5146	-1
6938.0723	-1
6942.6299	-1
6947.1875	-1
6951.7451	-1
6956.3027	-1
6960.8604	-1
6965.4180	-1
6969.9761	-1
6974.5342	-1
6979.0923	-1
6983.6504	-1
6988.2085	-1
6992.7666	-1
6997.3247	-1
7001.8828	-1
7006.4409	-1
7010.9990	-1
7015.5571	-1
7020.1152	-1
7024.6733	-1
7029.2314	-1
7033.7896	-1
7038.3477	-1
7042.9058	-1
7047.4639	-1
7052.0225	1
7056.5811	1
7061.1396	1
7065.6982	1
7070.2568	1
7074.8154	1
7079.3740	1
7083.9331	-1
7088.4922	-1
7093.0513	-1
7097.6104	-1
7102.1694	-1
7106.7285	-1
7111.2886	-1
7115.8486	-1
7120.4087	-1
7124.9688	-1
7129.5288	-1
7134.0889	-1
7138.6489	-1
7143.2090	-1
7147.7690	-1
7152.3291	-1
7156.8892	-1
7161.4492	-1
7166.0103	-1
7170.5713	-1
7175.1323	-1
7179.6934	-1
7184.2544	-1
7188.8154	-1
7193.3770	-1
7197.9385	-1
7202.5000	-1
7207.0615	-1
7211.6230	-1
7216.1846	-1
7220.7461	-1
7225.3076	-1
7229.8691	-1
7234.4307	-1
7238.9922	-1
7243.5537	-1
7248.1152	-1
7252.6768	-1
7257.2388	-1
7261.8008	-1
7266.3628	-1
7270.9248	-1
7275.4868	-1
7280.0488	-1
7284.6108	-1
7289.1729	-1
7293.7349	-1
7298.2969	-1
7302.8589	-1
7307.4209	-1
7311.9829	-1
7316.5449	-1
7321.1069	-1
7325.6821	1
7330.2588	-1
7334.8359	1
7339.4131	1
7343.9912	-1
7348.5693	-1
7353.1475	-1
7357.7256	-1
7362.3037	-1
7366.8818	-1
7371.4600	-1
7376.0381	-1
7380.6162	-1
7385.1943	-1
7389.7725	-1
7394.3506	-1
7398.9292	1
7403.5078	1
7408.0864	1
7412.6650	1
7417.2446	-1
7421.8242	-1
7426.4038	-1
7430.9834	-1
7435.5630	-1
7440.1426	-1
7444.7222	-1
7449.3018	-1
7453.8813	-1
7458.4609	-1
7463.0405	-1
7467.6201	-1
7472.2002	-1
7476.7803	-1
7481.3604	-1
7485.9404	-1
7490.5205	-1
7495.1006	-1
7499.6807	-1
7504.2607	-1
7508.8408	-1
7513.4209	-1
7518.0010	-1
7522.5811	-1
7527.1611	1
7531.7412	1
7536.3218	1
7540.9023	1
7545.4829	1
7550.0635	1
7554.6440	1
7559.2246	1
7563.8062	-1
7568.3877	-1
7572.9692	-1
7577.5508	-1
7582.1323	-1
7586.7139	-1
7591.2954	-1
7595.8770	-1
7600.4585	-1
7605.0400	-1
7609.6216	-1
7614.2031	-1
7618.7847	-1
7623.3662	-1
7627.9478	-1
7632.5293	-1
7637.1108	-1
7641.6924	-1
7646.2744	-1
7650.8564	-1
7655.4385	-1
7660.0205	-1
7664.6025	-1
7669.1846	-1
7673.7676	1
7678.3506	-1
7682.9336	-1
7687.5166	-1
7692.0996	-1
7696.6826	-1
7701.2656	-1
7705.8486	1
7710.4316	1
7715.0146	1
7719.5977	1
7724.1807	1
7728.7642	1
7733.3477	1
7737.9312	1
7742.5151	-1
7747.0991	-1
7751.6831	-1
7756.2671	-1
7760.8511	-1
7765.4351	-1
7770.0190	-1
7774.6030	-1
7779.1870	-1
7783.7710	-1
7788.3550	-1
7792.9390	-1
7797.5234	-1
7802.1079	-1
7806.6924	-1
7811.2769	-1
7815.8613	-1
7820.4458	-1
7825.0332	-1
7829.6206	-1
7834.2080	-1
7838.7954	-1
7843.3828	-1
7847.9702	-1
7852.5576	-1
7857.1450	-1
7861.7324	-1
7866.3198	-1
7870.9072	-1
7875.4946	-1
7880.0820	-1
7884.6694	-1
7889.2568	-1
7893.8442	-1
7898.4316	-1
7903.0190	-1
7907.6069	-1
7912.1948	-1
7916.7827	-1
7921.3706	-1
7925.9585	-1
7930.5464	-1
7935.1343	-1
7939.7222	-1
7944.3101	-1
7948.8979	-1
7953.4858	-1
7958.0737	-1
7962.6616	-1
7967.2495	-1
7971.8374	-1
7976.4253	-1
7981.0132	-1
7985.6011	-1
7990.1890	-1
7994.7769	-1
7999.3647	-1
8003.9526	-1
8008.5405	-1
8013.1284	-1
8017.7168	-1
8022.3052	-1
8026.8936	-1
8031.4819	-1
8036.0703	-1
8040.6587	-1
8045.2471	-1
8049.8354	-1
8054.4238	-1
8059.0122	-1
8063.6143	1
8068.2178	-1
8072.8218	1
8077.4258	1
8082.0303	-1
8086.6348	-1
8091.2393	-1
8095.8442	-1
8100.4492	-1
8105.0542	-1
8109.6592	-1
8114.2642	-1
8118.8691	-1
8123.4741	-1
8128.0791	-1
8132.6841	-1
8137.2891	1
8141.8945	1
8146.5000	1
8151.1055	1
8155.7114	-1
8160.3174	-1
8164.9233	-1
8169.5293	-1
8174.1353	-1
8178.7412	-1
8183.3472	-1
8187.9531	-1
8192.5596	-1
8197.1660	-1
8201.7725	-1
8206.3789	-1
8210.9854	-1
8215.5918	-1
8220.1982	-1
8224.8047	-1
8229.4111	-1
8234.0176	-1
8238.6240	-1
8243.2305	-1
8247.8369	-1
8252.4434	-1
8257.0498	-1
8261.6562	-1
8266.2627	1
8270.8691	1
8275.4756	1
8280.0830	1
8284.6904	1
8289.2979	1
8293.9053	1
8298.5127	1
8303.1211	-1
8307.7295	-1
8312.3379	-1
8316.9463	-1
8321.5547	-1
8326.1631	-1
8330.7715	-1
8335.3799	-1
8339.9883	-1
8344.5967	-1
8349.2051	-1
8353.8135	-1
8358.4229	1
8363.0322	1
8367.6416	-1
8372.2510	-1
8376.8604	-1
8381.4697	1
8386.0791	-1
8390.6885	-1
8395.2979	-1
8399.9072	1
8404.5166	-1
8409.1260	-1
8413.7354	-1
8418.3447	-1
8422.9541	-1
8427.5635	-1
8432.1729	-1
8436.7822	-1
8441.3916	-1
8446.0010	-1
8450.6104	-1
8455.2197	-1
8459.8291	1
8464.4395	1
8469.0498	1
8473.6602	1
8478.2705	1
8482.8809	1
8487.4912	-1
8492.1016	-1
8496.7119	-1
8501.3223	-1
8505.9326	-1
8510.5430	-1
8515.1533	-1
8519.7637	-1
8524.3740	-1
8528.9844	-1
8533.5947	-1
8538.2051	-1
8542.8154	-1
8547.4258	-1
8552.0361	-1
8556.6465	-1
8561.2568	-1
8565.8682	-1
8570.4795	-1
8575.0908	-1
8579.7021	-1
8584.3135	-1
8588.9248	-1
8593.5361	-1
8598.1475	-1
8602.7588	-1
8607.3701	-1
8611.9814	-1
8616.5928	-1
8621.2041	-1
8625.8164	1
8630.4287	1
8635.0410	1
8639.6533	1
8644.2656	1
8648.8779	1
8653.4912	-1
8658.1045	-1
8662.7178	-1
8667.3311	-1
8671.9443	-1
8676.5576	-1
8681.1709	-1
8685.7842	-1
8690.3975	-1
8695.0107	-1
8699.6240	-1
8704.2373	-1
8708.8516	-1
8713.4658	-1
8718.0801	-1
8722.6943	-1
8727.3086	-1
8731.9229	-1
8736.5371	-1
8741.1514	-1
8745.7656	-1
8750.3799	-1
8754.9941	-1
8759.6084	-1
8764.2227	-1
8768.8369	-1
8773.4512	-1
8778.0654	-1
8782.6797	-1
8787.2939	-1
8791.9082	-1
8796.5225	-1
8801.1367	-1
8805.7510	-1
8810.3652	-1
8814.9795	-1
8819.5938	1
8824.2080	1
8828.8223	-1
8833.4365	-1
8838.0508	-1
8842.6650	-1
8847.2793	-1
8851.8936	-1
8856.5078	1
8861.1221	1
8865.7373	-1
8870.3525	-1
8874.9678	-1
8879.5830	-1
8884.1982	-1
8888.8135	-1
8893.4287	1
8898.0449	1
8902.6611	1
8907.2773	1
8911.8936	1
8916.5098	1
8921.1260	1
8925.7422	1
8930.3584	1
8934.9746	1
8939.5918	-1
8944.2090	-1
8948.8262	-1
8953.4434	-1
8958.0605	-1
8962.6777	-1
8967.2949	-1
8971.9121	-1
8976.5293	-1
8981.1465	-1
8985.7637	-1
8990.3809	-1
8994.9980	-1
8999.6152	-1
9004.2324	-1
9008.8496	-1
9013.4668	-1
9018.0840	-1
9022.7031	-1
9027.3223	-1
9031.9414	-1
9036.5605	-1
9041.1797	-1
9045.7988	-1
9050.4180	1
9055.0371	1
9059.6562	1
9064.2754	1
9068.8945	-1
9073.5137	-1
9078.1328	-1
9082.7520	-1
9087.3711	-1
9091.9902	-1
9096.6104	1
9101.2305	1
9105.8506	1
9110.4707	1
9115.0908	1
9119.7109	1
9124.3311	1
9128.9512	1
9133.5713	1
9138.1914	1
9142.8125	1
9147.4336	1
9152.0566	-1
9156.6797	-1
9161.3027	-1
9165.9258	-1
9170.5488	-1
9175.1719	-1
9179.7949	-1
9184.4180	-1
9189.0410	-1
9193.6641	-1
9198.2871	-1
9202.9102	-1
9207.5332	-1
9212.1562	-1
9216.7793	-1
9221.4023	-1
9226.0254	-1
9230.6484	-1
9235.2715	-1
9239.8945	-1
9244.5176	-1
9249.1406	-1
9253.7637	-1
9258.3867	-1
9263.0098	-1
9267.6328	-1
9272.2559	-1
9276.8789	-1
9281.5020	-1
9286.1250	-1
9290.7480	-1
9295.3711	-1
9299.9941	-1
9304.6172	-1
9309.2402	-1
9313.8633	-1
9318.4873	-1
9323.1113	-1
9327.7354	-1
9332.3594	-1
9336.9834	-1
9341.6074	-1
9346.2314	-1
9350.8555	-1
9355.4795	-1
9360.1035	-1
9364.7275	-1
9369.3516	-1
9373.9756	-1
9378.5996	-1
9383.2236	-1
9387.8477	-1
9392.4717	-1
9397.0957	-1
9401.7197	-1
9406.3438	-1
9410.9678	-1
9415.5918	-1
9420.2158	-1
9424.8398	-1
9429.4639	-1
9434.0879	-1
9438.7119	-1
9443.3359	-1
9447.9600	-1
9452.5840	-1
9457.2109	1
9461.8379	1
9466.4648	1
9471.0918	1
9475.7188	1
9480.3457	1
9484.9727	1
9489.5996	1
9494.2266	1
9498.8535	1
9503.4805	1
9508.1084	1
9512.7363	1
9517.3643	1
9521.9922	1
9526.6201	1
9531.2480	1
9535.8760	1
9540.5039	1
9545.1318	1
9549.7598	1
9554.3877	1
9559.0156	-1
9563.6436	-1
9568.2715	-1
9572.8994	-1
9577.5273	-1
9582.1553	-1
9586.7842	-1
9591.4131	-1
9596.0420	-1
9600.6709	-1
9605.2998	-1
9609.9287	-1
9614.5576	-1
9619.1865	-1
9623.8154	-1
9628.4443	-1
9633.0732	-1
9637.7021	-1
9642.3311	-1
9646.9600	-1
9651.5889	-1
9656.2178	-1
9660.8467	-1
9665.4756	-1
9670.1045	-1
9674.7334	-1
9679.3623	-1
9683.9912	-1
9688.6201	-1
9693.2490	-1
9697.8779	-1
9702.5068	-1
9707.1357	-1
9711.7646	-1
9716.3936	-1
9721.0225	-1
9725.6514	-1
9730.2803	-1
9734.9092	-1
9739.5381	-1
9744.1670	-1
9748.7959	-1
9753.4258	-1
9758.0557	-1
9762.6855	-1
9767.3154	-1
9771.9453	-1
9776.5752	-1
9781.2051	-1
9785.8350	-1
9790.4648	-1
9795.0947	-1
9799.7246	-1
9804.3545	-1
9808.9844	-1
9813.6143	-1
9818.2441	-1
9822.8740	-1
9827.5039	-1
9832.1338	-1
9836.7637	-1
9841.3936	-1
9846.0234	-1
9850.6533	-1
9855.2832	-1
9859.9131	-1
9864.5430	-1
9869.1729	-1
9873.8027	-1
9878.4326	-1
9883.0625	-1
9887.6924	-1
9892.3232	-1
9896.9541	-1
9901.5850	-1
9906.2158	-1
9910.8467	-1
9915.4775	-1
9920.1104	-1
9924.7432	-1
9929.3760	-1
9934.0088	-1
9938.6416	-1
9943.2744	-1
9947.9072	-1
9952.5400	-1
9957.1729	-1
9961.8057	-1
9966.4385	-1
9971.0713	-1
9975.7041	1
9980.3369	1
9984.9697	1
9989.6025	-1
9994.2354	-1
9998.8682	-1
10003.5010	-1
10008.1338	-1
10012.7666	-1
10017.4004	1
10022.0342	1
10026.6680	1
10031.3018	-1
10035.9355	-1
10040.5693	-1
10045.2031	-1
10049.8369	-1
10054.4707	-1
10059.1045	1
10063.7383	1
10068.3721	1
10073.0059	1
10077.6396	-1
10082.2734	-1
10086.9072	-1
10091.5410	-1
10096.1748	-1
10100.8086	-1
10105.4424	1
10110.0762	1
10114.7100	1
10119.3438	-1
10123.9775	1
10128.6113	-1
10133.2451	-1
10137.8789	-1
10142.5127	-1
10147.1465	-1
10151.7803	1
10156.4141	1
10161.0479	1
10165.6816	-1
10170.3154	-1
10174.9492	-1
10179.5830	-1
10184.2168	1
10188.8506	-1
10193.4844	-1
10198.1182	1
10202.7520	1
10207.3857	1
10212.0195	-1
10216.6533	-1
10221.2871	-1
10225.9209	-1
10230.5547	-1
10235.1885	-1
10239.8223	1
10244.4561	1
10249.0898	1
10253.7246	-1
10258.3594	-1
10262.9941	-1
10267.6289	-1
10272.2637	-1
10276.8984	-1
10281.5332	1
10286.1680	1
10290.8027	-1
10295.4375	-1
10300.0723	-1
10304.7070	-1
10309.3418	-1
10313.9766	-1
10318.6123	1
10323.2480	1
10327.8848	1
10332.5215	-1
10337.1582	-1
10341.7949	-1
10346.4316	-1
10351.0684	-1
10355.7051	-1
10360.3418	-1
10364.9785	-1
10369.6152	-1
10374.2520	-1
10378.8887	-1
10383.5254	-1
10388.1621	-1
10392.7988	-1
10397.4355	-1
10402.0723	-1
10406.7090	-1
10411.3457	-1
10415.9834	-1
10420.6211	-1
10425.2588	-1
10429.8965	-1
10434.5342	-1
10439.1719	-1
10443.8096	-1
10448.4473	-1
10453.0850	-1
10457.7227	-1
10462.3604	-1
10466.9980	-1
10471.6357	-1
10476.2734	-1
10480.9111	-1
10485.5488	-1
10490.1865	-1
10494.8242	-1
10499.4619	-1
10504.0996	-1
10508.7373	-1
10513.3750	-1
10518.0127	-1
10522.6504	-1
10527.2881	-1
10531.9258	-1
10536.5635	-1
10541.2012	-1
10545.8389	-1
10550.4766	-1
10555.1152	-1
10559.7539	-1
10564.3926	-1
10569.0312	-1
10573.6699	-1
10578.3086	-1
10582.9492	-1
10587.5898	-1
10592.2305	-1
10596.8711	-1
10601.5117	-1
10606.1523	-1
10610.7930	-1
10615.4336	-1
10620.0742	-1
10624.7148	-1
10629.3555	-1
10633.9961	-1
10638.6377	-1
10643.2793	-1
10647.9209	-1
10652.5625	-1
10657.2041	-1
10661.8457	-1
10666.4873	-1
10671.1289	-1
10675.7705	-1
10680.4121	-1
10685.0537	-1
10689.6953	-1
10694.3369	-1
10698.9785	-1
10703.6201	-1
10708.2617	-1
10712.9033	-1
10717.5449	-1
10722.1865	-1
10726.8281	-1
10731.4697	-1
10736.1113	-1
10740.7529	-1
10745.3945	-1
10750.0361	-1
10754.6777	-1
10759.3193	-1
10763.9609	-1
10768.6025	-1
10773.2441	-1
10777.8867	-1
10782.5293	-1
10787.1719	-1
10791.8145	-1
10796.4570	-1
10801.0996	-1
10805.7422	-1
10810.3848	-1
10815.0273	-1
10819.6699	-1
10824.3125	-1
10828.9551	-1
10833.5986	-1
10838.2422	-1
10842.8857	-1
10847.5293	-1
10852.1729	-1
10856.8164	-1
10861.4600	-1
10866.1035	-1
10870.7471	-1
10875.3906	-1
10880.0342	-1
10884.6777	-1
10889.3223	-1
10893.9668	-1
10898.6113	-1
10903.2559	-1
10907.9004	-1
10912.5449	-1
10917.1895	-1
10921.8340	-1
10926.4785	-1
10931.1230	-1
10935.7676	-1
10940.4121	-1
10945.0576	-1
10949.7031	-1
10954.3486	-1
10958.9941	-1
10963.6396	-1
10968.2852	-1
10972.9307	-1
10977.5762	-1
10982.2217	-1
10986.8672	-1
10991.5127	-1
10996.1582	-1
11000.8037	-1
11005.4492	-1
11010.0947	-1
11014.7402	-1
11019.3857	-1
11024.0312	-1
11028.6768	-1
11033.3223	-1
11037.9678	-1
11042.6133	-1
11047.2588	-1
11051.9043	-1
11056.5508	-1
11061.1973	-1
11065.8438	-1
11070.4902	-1
11075.1367	-1
11079.7832	-1
11084.4297	-1
11089.0762	-1
11093.7227	-1
11098.3691	-1
11103.0156	-1
11107.6621	-1
11112.3096	-1
11116.9570	-1
11121.6045	-1
11126.2520	-1
11130.8994	-1
11135.5469	-1
11140.1943	-1
11144.8418	-1
11149.4893	-1
11154.1367	-1
11158.7842	-1
11163.4316	-1
11168.0791	-1
11172.7266	-1
11177.3740	-1
11182.0215	-1
11186.6689	-1
11191.3164	-1
11195.9639	-1
11200.6113	-1
11205.2588	-1
11209.9062	-1
11214.5537	-1
11219.2012	-1
11223.8496	-1
11228.4980	-1
11233.1465	-1
11237.7949	-1
11242.4434	-1
11247.0918	-1
11251.7402	-1
11256.3887	-1
11261.0371	-1
11265.6855	-1
11270.3340	-1
11274.9824	-1
11279.6309	-1
11284.2793	-1
11288.9277	-1
11293.5762	-1
11298.2246	-1
11302.8730	-1
11307.5215	-1
11312.1699	-1
11316.8184	-1
11321.4668	-1
11326.1152	-1
11330.7637	-1
11335.4121	-1
11340.0605	-1
11344.7090	-1
11349.3574	-1
11354.0059	-1
11358.6543	-1
11363.3027	-1
11367.9512	-1
11372.5996	-1
11377.2480	-1
11381.8965	-1
11386.5449	-1
11391.1934	-1
11395.8418	-1
11400.4902	-1
11405.1387	-1
11409.7871	-1
11414.4355	-1
11419.0840	-1
11423.7324	-1
11428.3809	-1
11433.0293	-1
11437.6777	-1
11442.3262	-1
11446.9756	-1
11451.6250	-1
11456.2744	-1
11460.9238	-1
11465.5732	-1
11470.2227	-1
11474.8721	-1
11479.5215	-1
11484.1709	-1
11488.8203	-1
11493.4697	-1
11498.1191	-1
11502.7686	-1
11507.4180	-1
11512.0674	-1
11516.8955	1
11521.7236	1
11526.5518	1
11531.3799	1
11536.2080	1
11541.0371	-1
11545.8662	-1
11550.6953	-1
11555.5244	-1
11560.3535	-1
11565.1826	-1
11570.0117	-1
11574.8408	-1
11579.6699	-1
11584.4990	-1
11589.3281	-1
11594.1572	-1
11598.9873	-1
11603.8174	-1
11608.6475	-1
11613.4775	-1
11618.3076	-1
11623.1377	-1
11627.9678	-1
11632.7979	-1
11637.6279	-1
11642.4580	-1
11647.2881	-1
11652.1182	-1
11656.9482	-1
11661.7783	-1
11666.6084	-1
11671.4385	-1
11676.2686	-1
11681.0986	-1
11685.9443	1
11690.7910	-1
11695.6377	1
11700.4844	1
11705.3320	-1
11710.1797	-1
11715.0273	-1
11719.8750	-1
11724.7227	-1
11729.5703	-1
11734.4180	-1
11739.2656	-1
11744.1133	-1
11748.9609	-1
11753.8086	-1
11758.6562	-1
11763.5049	1
11768.3535	1
11773.2021	1
11778.0508	1
11782.9004	-1
11787.7500	-1
11792.5996	-1
11797.4492	-1
11802.2988	-1
11807.1484	-1
11811.9980	-1
11816.8477	-1
11821.6973	-1
11826.5469	-1
11831.3965	-1
11836.2461	-1
11841.0967	-1
11845.9473	-1
11850.7979	-1
11855.6484	-1
11860.4990	-1
11865.3496	-1
11870.2002	1
11875.0508	-1
11879.9014	-1
11884.7520	-1
11889.6025	-1
11894.4531	-1
11899.3037	-1
11904.1543	1
11909.0049	1
11913.8555	1
11918.7061	1
11923.5566	1
11928.4082	1
11933.2598	1
11938.1113	-1
11942.9629	-1
11947.8145	-1
11952.6660	-1
11957.5176	-1
11962.3691	-1
11967.2207	1
11972.0723	1
11976.9248	-1
11981.7773	-1
11986.6299	-1
11991.4824	-1
11996.3350	-1
12001.1875	-1
12006.0400	-1
12010.8926	-1
12015.7451	-1
12020.5977	-1
12025.4502	-1
12030.3027	-1
12035.1562	-1
12040.0098	-1
12044.8633	-1
12049.7168	-1
12054.5703	-1
12059.4238	-1
12064.2773	-1
12069.1309	-1
12073.9844	-1
12078.8379	-1
12083.6914	-1
12088.5449	-1
12093.3984	-1
12098.2520	-1
12103.1055	-1
12107.9590	-1
12112.8125	-1
12117.6660	-1
12122.5195	1
12127.3730	1
12132.2266	1
12137.0801	1
12141.9336	1
12146.7871	1
12151.6416	1
12156.4961	1
12161.3506	1
12166.2051	1
12171.0596	-1
12175.9141	-1
12180.7686	-1
12185.6230	-1
12190.4775	-1
12195.3320	-1
12200.1865	-1
12205.0410	-1
12209.8955	-1
12214.7500	-1
12219.6045	-1
12224.4590	-1
12229.3145	-1
12234.1699	-1
12239.0254	-1
12243.8809	-1
12248.7363	-1
12253.5918	-1
12258.4473	-1
12263.3027	-1
12268.1582	-1
12273.0137	-1
12277.8691	-1
12282.7246	-1
12287.5801	-1
12292.4355	-1
12297.2910	-1
12302.1465	-1
12307.0020	-1
12311.8574	-1
12316.7129	1
12321.5684	1
12326.4248	-1
12331.2812	-1
12336.1377	-1
12340.9941	-1
12345.8506	-1
12350.7070	-1
12355.5635	-1
12360.4199	-1
12365.2764	-1
12370.1328	-1
12374.9893	-1
12379.8457	-1
12384.7031	1
12389.5605	1
12394.4180	1
12399.2754	1
12404.1328	1
12408.9902	1
12413.8477	1
12418.7051	1
12423.5625	1
12428.4199	1
12433.2773	1
12438.1348	1
12442.9951	-1
12447.8555	-1
12452.7158	-1
12457.5762	-1
12462.4365	-1
12467.2969	-1
12472.1572	-1
12477.0176	-1
12481.8779	-1
12486.7383	-1
12491.5986	-1
12496.4590	-1
12501.3193	-1
12506.1797	-1
12511.0400	-1
12515.9004	-1
12520.7607	-1
12525.6211	-1
12530.4814	-1
12535.3418	-1
12540.2021	-1
12545.0625	-1
12549.9229	-1
12554.7832	-1
12559.6445	-1
12564.5059	-1
12569.3672	-1
12574.2285	-1
12579.0898	-1
12583.9512	-1
12588.8125	-1
12593.6738	-1
12598.5352	-1
12603.3965	-1
12608.2578	-1
12613.1191	-1
12617.9805	-1
12622.8418	-1
12627.7031	-1
12632.5645	-1
12637.4258	-1
12642.2871	-1
12647.1484	-1
12652.0098	-1
12656.8711	-1
12661.7324	-1
12666.5938	-1
12671.4551	-1
12676.3164	-1
12681.1777	-1
12686.0391	-1
12690.9004	-1
12695.7617	-1
12700.6230	-1
12705.4844	-1
12710.3457	-1
12715.2070	-1
12720.0684	-1
12724.9297	-1
12729.7910	-1
12734.6523	-1
12739.5137	-1
12744.3750	-1
12749.2363	-1
12754.0977	-1
12758.9590	-1
12763.8203	-1
12768.6816	-1
12773.5430	-1
12778.4043	-1
12783.2656	-1
12788.1270	-1
12792.9893	-1
12797.8516	-1
12802.7139	-1
12807.5762	-1
12812.4385	-1
12817.3008	-1
12822.1631	-1
12827.0254	-1
12831.8877	-1
12836.7500	-1
12841.6123	-1
12846.4746	-1
12851.3379	-1
12856.2012	-1
12861.0645	-1
12865.9277	-1
12870.7910	-1
12875.6543	-1
12880.5176	-1
12885.3809	-1
12890.2441	-1
12895.1074	-1
12899.9707	-1
12904.8340	-1
12909.6973	-1
12914.5605	-1
12919.4238	-1
12924.2871	-1
12929.1504	-1
12934.0137	-1
12938.8770	-1
12943.7402	-1
12948.6035	-1
12953.4668	-1
12958.3301	-1
12963.1934	-1
12968.0566	-1
12972.9199	-1
12977.7832	-1
12982.6465	-1
12987.5098	-1
12992.3730	-1
12997.2363	-1
13002.0996	-1
13006.9629	-1
13011.8262	-1
13016.6895	-1
13021.5527	-1
13026.4170	-1
13031.2812	-1
13036.1455	-1
13041.0098	-1
13045.8740	-1
13050.7383	-1
13055.6025	1
13060.4678	1
13065.3330	1
13070.1982	-1
13075.0635	-1
13079.9287	-1
13084.7939	-1
13089.6592	-1
13094.5244	-1
13099.3896	1
13104.2549	1
13109.1201	1
13113.9854	1
13118.8506	1
13123.7158	1
13128.5811	1
13133.4463	1
13138.3115	1
13143.1768	1
13148.0420	1
13152.9072	1
13157.7725	1
13162.6377	1
13167.5029	1
13172.3682	1
13177.2344	1
13182.1006	1
13186.9668	1
13191.8350	-1
13196.7031	-1
13201.5713	-1
13206.4395	-1
13211.3076	-1
13216.1758	-1
13221.0449	-1
13225.9141	-1
13230.7832	-1
13235.6523	-1
13240.5215	-1
13245.3906	-1
13250.2598	-1
13255.1289	-1
13259.9980	-1
13264.8672	-1
13269.7363	-1
13274.6055	-1
13279.4746	-1
13284.3438	-1
13289.2129	-1
13294.0820	-1
13298.9512	-1
13303.8203	-1
13308.6895	-1
13313.5586	-1
13318.4277	-1
13323.2969	-1
13328.1660	-1
13333.0352	-1
13337.9043	-1
13342.7734	-1
13347.6426	-1
13352.5117	-1
13357.3809	-1
13362.2500	-1
13367.1191	-1
13371.9883	-1
13376.8574	-1
13381.7266	-1
13386.5957	-1
13391.4648	-1
13396.3340	-1
13401.2031	-1
13406.0723	-1
13410.9414	-1
13415.8105	-1
13420.6797	-1
13425.5488	-1
13430.4180	-1
13435.2871	-1
13440.1562	-1
13445.0254	-1
13449.8945	-1
13454.7646	-1
13459.6348	-1
13464.5049	-1
13469.3750	-1
13474.2451	-1
13479.1152	-1
13483.9854	-1
13488.8555	-1
13493.7256	-1
13498.5957	-1
13503.4658	-1
13508.3359	-1
13513.2061	-1
13518.0762	-1
13522.9463	-1
13527.8164	-1
13532.6865	-1
13537.5566	-1
13542.4268	-1
13547.2969	-1
13552.1670	-1
13557.0371	-1
13561.9072	-1
13566.7773	-1
13571.6494	-1
13576.5215	-1
13581.3936	-1
13586.2656	-1
13591.1377	-1
13596.0098	-1
13600.8818	-1
13605.7539	-1
13610.6260	-1
13615.4980	-1
13620.3701	-1
13625.2422	-1
13630.1143	-1
13634.9863	-1
13639.8584	-1
13644.7305	-1
13649.6025	-1
13654.4746	-1
13659.3467	-1
13664.2188	-1
13669.0908	-1
13673.9629	-1
13678.8350	-1
13683.7070	-1
13688.5791	-1
13693.4512	-1
13698.3232	-1
13703.1953	-1
13708.0674	-1
13712.9395	-1
13717.8115	-1
13722.6836	-1
13727.5557	-1
13732.4277	-1
13737.2998	-1
13742.1719	-1
13747.0449	-1
13751.9180	-1
13756.7910	-1
13761.6641	-1
13766.5371	-1
13771.4102	-1
13776.2832	-1
13781.1562	-1
13786.0293	-1
13790.9150	1
13795.8027	-1
13800.6904	1
13805.5781	1
13810.4678	-1
13815.3574	-1
13820.2471	-1
13825.1367	-1
13830.0264	-1
13834.9160	-1
13839.8057	-1
13844.6953	-1
13849.5850	-1
13854.4746	-1
13859.3643	-1
13864.2539	-1
13869.1436	1
13874.0332	1
13878.9229	1
13883.8125	1
13888.7041	-1
13893.5957	-1
13898.4873	-1
13903.3789	-1
13908.2705	-1
13913.1621	-1
13918.0537	-1
13922.9453	-1
13927.8369	-1
13932.7285	-1
13937.6201	-1
13942.5117	-1
13947.4033	-1
13952.2949	-1
13957.1865	-1
13962.0781	-1
13966.9697	-1
13971.8613	-1
13976.7529	-1
13981.6445	-1
13986.5361	-1
13991.4277	-1
13996.3193	-1
14001.2109	-1
14006.1025	1
14010.9941	1
14015.8857	1
14020.7783	1
14025.6709	1
14030.5635	1
14035.4561	1
14040.3486	1
14045.2422	-1
14050.1357	-1
14055.0293	-1
14059.9229	-1
14064.8164	-1
14069.7100	-1
14074.6045	1
14079.4990	1
14084.3945	-1
14089.2900	-1
14094.1855	-1
14099.0811	-1
14103.9766	-1
14108.8721	-1
14113.7676	-1
14118.6631	-1
14123.5586	-1
14128.4541	-1
14133.3496	-1
14138.2451	-1
14143.1406	-1
14148.0361	-1
14152.9316	-1
14157.8271	-1
14162.7227	-1
14167.6182	-1
14172.5137	-1
14177.4092	-1
14182.3047	-1
14187.2002	-1
14192.0957	-1
14196.9912	-1
14201.8867	-1
14206.7822	-1
14211.6777	-1
14216.5732	-1
14221.4688	-1
14226.3643	-1
14231.2598	-1
14236.1553	-1
14241.0508	-1
14245.9463	-1
14250.8418	-1
14255.7373	-1
14260.6328	-1
14265.5283	-1
14270.4238	-1
14275.3193	-1
14280.2148	-1
14285.1104	-1
14290.0068	1
14294.9033	1
14299.8008	-1
14304.6982	-1
14309.5957	-1
14314.4932	-1
14319.3906	-1
14324.2881	-1
14329.1855	1
14334.0830	1
14338.9805	1
14343.8779	1
14348.7754	-1
14353.6729	-1
14358.5703	-1
14363.4678	-1
14368.3652	-1
14373.2627	-1
14378.1602	1
14383.0576	1
14387.9551	1
14392.8525	1
14397.7510	1
14402.6494	1
14407.5479	1
14412.4463	1
14417.3447	1
14422.2432	1
14427.1416	1
14432.0400	1
14436.9434	-1
14441.8467	-1
14446.7500	-1
14451.6533	-1
14456.5566	-1
14461.4600	-1
14466.3633	-1
14471.2666	-1
14476.1699	-1
14481.0732	-1
14485.9766	-1
14490.8799	-1
14495.7832	-1
14500.6865	-1
14505.5898	-1
14510.4932	-1
14515.3965	-1
14520.2998	-1
14525.2041	1
14530.1084	-1
14535.0127	-1
14539.9170	-1
14544.8213	-1
14549.7256	-1
14554.6299	-1
14559.5342	1
14564.4385	-1
14569.3428	-1
14574.2471	-1
14579.1514	-1
14584.0557	-1
14588.9600	-1
14593.8643	1
14598.7686	1
14603.6729	1
14608.5771	1
14613.4814	1
14618.3857	1
14623.2910	1
14628.1963	1
14633.1025	-1
14638.0088	-1
14642.9150	-1
14647.8213	-1
14652.7275	-1
14657.6338	-1
14662.5400	-1
14667.4463	-1
14672.3525	-1
14677.2588	-1
14682.1650	-1
14687.0713	-1
14691.9785	-1
14696.8857	-1
14701.7930	-1
14706.7002	-1
14711.6074	-1
14716.5146	-1
14721.4219	-1
14726.3291	-1
14731.2363	-1
14736.1436	-1
14741.0508	-1
14745.9580	-1
14750.8652	-1
14755.7725	-1
14760.6797	-1
14765.5869	-1
14770.4941	-1
14775.4014	-1
14780.3086	-1
14785.2158	-1
14790.1230	-1
14795.0303	-1
14799.9375	-1
14804.8447	-1
14809.7520	-1
14814.6592	-1
14819.5664	-1
14824.4736	-1
14829.3809	-1
14834.2881	-1
14839.1963	-1
14844.1045	-1
14849.0127	-1
14853.9209	-1
14858.8291	-1
14863.7373	-1
14868.6455	-1
14873.5537	-1
14878.4619	-1
14883.3701	-1
14888.2783	-1
14893.1865	-1
14898.0947	-1
14903.0029	-1
14907.9111	-1
14912.8193	-1
14917.7275	-1
14922.6357	-1
14927.5439	-1
14932.4521	-1
14937.3604	-1
14942.2686	-1
14947.1768	-1
14952.0850	-1
14956.9932	-1
14961.9014	-1
14966.8096	-1
14971.7178	-1
14976.6260	-1
14981.5342	-1
14986.4424	-1
14991.3506	-1
14996.2588	-1
15001.1670	-1
15006.0752	-1
15010.9834	-1
15015.8926	-1
15020.8018	-1
15025.7109	-1
15030.6201	-1
15035.5293	-1
15040.4385	-1
15045.3477	-1
15050.2568	-1
15055.1660	-1
15060.0752	-1
15064.9844	-1
15069.8936	-1
15074.8037	1
15079.7139	-1
15084.6240	-1
15089.5342	-1
15094.4443	-1
15099.3545	-1
15104.2646	-1
15109.1748	1
15114.0850	1
15118.9951	1
15123.9053	1
15128.8154	1
15133.7256	1
15138.6357	1
15143.5459	1
15148.4561	1
15153.3682	1
15158.2803	1
15163.1934	-1
15168.1064	-1
15173.0195	-1
15177.9326	-1
15182.8457	-1
15187.7588	-1
15192.6738	-1
15197.5889	-1
15202.5039	-1
15207.4189	-1
15212.3340	-1
15217.2490	-1
15222.1641	-1
15227.0791	-1
15231.9941	-1
15236.9092	-1
15241.8242	-1
15246.7393	-1
15251.6553	-1
15256.5713	-1
15261.4873	-1
15266.4033	-1
15271.3193	-1
15276.2354	-1
15281.1514	-1
15286.0674	-1
15290.9834	-1
15295.8994	-1
15300.8154	-1
15305.7314	-1
15310.6475	-1
15315.5635	-1
15320.4795	-1
15325.3955	-1
15330.3115	-1
15335.2275	-1
15340.1436	-1
15345.0596	-1
15349.9756	-1
15354.8916	-1
15359.8076	-1
15364.7236	-1
15369.6396	-1
15374.5557	-1
15379.4717	-1
15384.3877	-1
15389.3037	-1
15394.2197	-1
15399.1357	-1
15404.0518	-1
15408.9678	-1
15413.8838	-1
15418.7998	-1
15423.7158	-1
15428.6328	-1
15433.5498	-1
15438.4668	-1
15443.3838	-1
15448.3008	-1
15453.2178	-1
15458.1348	-1
15463.0518	-1
15467.9688	-1
15472.8857	-1
15477.8027	-1
15482.7197	-1
15487.6367	-1
15492.5537	-1
15497.4707	-1
15502.3877	-1
15507.3047	-1
15512.2217	-1
15517.1396	-1
15522.0576	-1
15526.9756	-1
15531.8936	-1
15536.8115	-1
15541.7295	-1
15546.6475	-1
15551.5654	-1
15556.4834	-1
15561.4014	-1
15566.3203	-1
15571.2393	-1
15576.1582	-1
15581.0771	-1
15585.9961	-1
15590.9150	-1
15595.8340	-1
15600.7529	-1
15605.6729	-1
15610.5928	-1
15615.5127	-1
15620.4326	-1
15625.3525	-1
15630.2725	-1
15635.1924	-1
15640.1123	-1
15645.0322	-1
15649.9521	-1
15654.8721	-1
15659.7920	-1
15664.7119	-1
15669.6318	-1
15674.5518	-1
15679.4717	-1
15684.3916	-1
15689.3115	-1
15694.2314	-1
15699.1514	-1
15704.0713	-1
15709.0039	1
15713.9385	-1
15718.8730	1
15723.8076	1
15728.7432	-1
15733.6787	-1
15738.6143	-1
15743.5498	-1
15748.4854	-1
15753.4209	-1
15758.3574	-1
15763.2939	-1
15768.2305	-1
15773.1670	-1
15778.1035	-1
15783.0400	-1
15787.9766	1
15792.9131	1
15797.8506	1
15802.7881	1
15807.7256	-1
15812.6631	-1
15817.6006	-1
15822.5381	-1
15827.4756	-1
15832.4131	-1
15837.3506	-1
15842.2881	-1
15847.2256	-1
15852.1631	-1
15857.1006	-1
15862.0381	-1
15866.9766	1
15871.9150	-1
15876.8535	1
15881.7920	-1
15886.7305	-1
15891.6689	-1
15896.6074	-1
15901.5459	-1
15906.4844	1
15911.4229	1
15916.3613	-1
15921.2998	-1
15926.2383	-1
15931.1768	-1
15936.1152	-1
15941.0547	-1
15945.9941	1
15950.9336	1
15955.8730	1
15960.8125	1
15965.7539	-1
15970.6953	-1
15975.6367	-1
15980.5781	-1
15985.5195	-1
15990.4609	-1
15995.4023	-1
16000.3438	-1
16005.2852	-1
16010.2266	-1
16015.1680	-1
16020.1094	-1
16025.0508	-1
16029.9922	-1
16034.9336	-1
16039.8750	-1
16044.8164	-1
16049.7578	-1
16054.7002	-1
16059.6426	-1
16064.5850	-1
16069.5273	-1
16074.4697	-1
16079.4121	-1
16084.3545	-1
16089.2969	-1
16094.2393	-1
16099.1816	-1
16104.1240	-1
16109.0664	-1
16114.0088	1
16118.9512	1
16123.8936	-1
16128.8359	-1
16133.7783	-1
16138.7207	-1
16143.6631	-1
16148.6055	-1
16153.5479	-1
16158.4902	-1
16163.4326	-1
16168.3750	-1
16173.3174	-1
16178.2598	-1
16183.2031	-1
16188.1465	-1
16193.0898	-1
16198.0332	-1
16202.9766	-1
16207.9199	-1
16212.8633	1
16217.8066	1
16222.7500	1
16227.6934	1
16232.6367	1
16237.5801	1
16242.5244	-1
16247.4688	-1
16252.4131	1
16257.3574	-1
16262.3018	-1
16267.2461	-1
16272.1904	-1
16277.1348	1
16282.0791	1
16287.0234	1
16291.9678	1
16296.9121	-1
16301.8564	-1
16306.8008	-1
16311.7451	-1
16316.6895	-1
16321.6338	-1
16326.5781	1
16331.5225	1
16336.4678	1
16341.4131	1
16346.3584	1
16351.3037	1
16356.2490	1
16361.1963	-1
16366.1436	-1
16371.0908	-1
16376.0381	-1
16380.9854	-1
16385.9316	-1
16390.8789	-1
16395.8262	-1
16400.7734	-1
16405.7207	-1
16410.6680	-1
16415.6152	-1
16420.5625	-1
16425.5098	-1
16430.4570	-1
16435.4043	-1
16440.3516	-1
16445.2988	-1
16450.2461	-1
16455.1934	-1
16460.1406	-1
16465.0879	-1
16470.0352	-1
16474.9824	-1
16479.9297	-1
16484.8770	-1
16489.8242	-1
16494.7715	-1
16499.7188	-1
16504.6660	-1
16509.6133	-1
16514.5605	-1
16519.5078	-1
16524.4551	-1
16529.4023	-1
16534.3496	-1
16539.2969	-1
16544.2441	-1
16549.1914	-1
16554.1387	-1
16559.0859	-1
16564.0332	-1
16568.9805	1
16573.9277	1
16578.8750	-1
16583.8223	-1
16588.7695	-1
16593.7168	-1
16598.6641	-1
16603.6113	-1
16608.5586	1
16613.5059	1
16618.4551	1
16623.4043	1
16628.3535	1
16633.3027	1
16638.2539	-1
16643.2051	-1
16648.1562	-1
16653.1074	-1
16658.0586	-1
16663.0098	-1
16667.9609	-1
16672.9121	-1
16677.8633	-1
16682.8145	-1
16687.7656	-1
16692.7168	-1
16697.6680	-1
16702.6191	-1
16707.5703	-1
16712.5215	-1
16717.4727	-1
16722.4238	-1
16727.3750	-1
16732.3262	-1
16737.2773	-1
16742.2285	-1
16747.1797	-1
16752.1309	-1
16757.0820	-1
16762.0332	-1
16766.9844	-1
16771.9355	-1
16776.8867	-1
16781.8379	-1
16786.7891	-1
16791.7402	-1
16796.6914	-1
16801.6426	-1
16806.5938	-1
16811.5449	-1
16816.4961	-1
16821.4473	-1
16826.3984	-1
16831.3496	-1
16836.3008	-1
16841.2520	-1
16846.2031	-1
16851.1543	-1
16856.1055	-1
16861.0566	-1
16866.0078	-1
16870.9590	-1
16875.9102	-1
16880.8613	-1
16885.8125	-1
16890.7637	-1
16895.7148	1
16900.6660	-1
16905.6172	-1
16910.5684	1
16915.5195	1
16920.4727	1
16925.4258	1
16930.3789	1
16935.3320	1
16940.2852	1
16945.2383	1
16950.1914	1
16955.1445	-1
16960.0977	-1
16965.0508	-1
16970.0039	-1
16974.9570	-1
16979.9102	-1
16984.8633	-1
16989.8164	-1
16994.7695	-1
16999.7227	-1
17004.6758	-1
17009.6289	-1
17014.5820	-1
17019.5352	-1
17024.4902	-1
17029.4453	-1
17034.4004	-1
17039.3555	-1
17044.3105	-1
17049.2656	-1
17054.2207	-1
17059.1758	-1
17064.1309	-1
17069.0859	-1
17074.0410	-1
17078.9961	-1
17083.9512	-1
17088.9062	-1
17093.8613	-1
17098.8164	-1
17103.7715	1
17108.7266	1
17113.6816	1
17118.6367	1
17123.5918	1
17128.5469	1
17133.5020	1
17138.4570	1
17143.4121	1
17148.3672	1
17153.3223	1
17158.2773	1
17163.2324	1
17168.1875	1
17173.1445	1
17178.1016	1
17183.0586	-1
17188.0156	-1
17192.9727	-1
17197.9297	-1
17202.8867	-1
17207.8438	-1
17212.8008	-1
17217.7578	-1
17222.7148	-1
17227.6719	-1
17232.6289	-1
17237.5859	-1
17242.5430	-1
17247.5000	-1
17252.4570	-1
17257.4141	-1
17262.3711	-1
17267.3281	-1
17272.2852	-1
17277.2422	-1
17282.1992	-1
17287.1562	-1
17292.1133	-1
17297.0703	-1
17302.0273	-1
17306.9844	-1
17311.9414	-1
17316.8984	-1
17321.8555	-1
17326.8125	-1
17331.7695	-1
17336.7266	-1
17341.6836	-1
17346.6406	-1
17351.5977	-1
17356.5547	-1
17361.5137	-1
17366.4727	-1
17371.4316	-1
17376.3906	-1
17381.3496	-1
17386.3086	-1
17391.2676	-1
17396.2266	-1
17401.1855	-1
17406.1445	-1
17411.1035	-1
17416.0625	-1
17421.0215	-1
17425.9805	-1
17430.9395	-1
17435.8984	-1
17440.8574	-1
17445.8164	-1
17450.7773	-1
17455.7383	-1
17460.6992	-1
17465.6602	-1
17470.6211	-1
17475.5820	-1
17480.5430	-1
17485.5039	-1
17490.4648	-1
17495.4258	-1
17500.3867	-1
17505.3477	-1
17510.3086	-1
17515.2695	-1
17520.2305	-1
17525.1914	-1
17530.1523	-1
17535.1133	-1
17540.0742	-1
17545.0352	-1
17549.9961	-1
17554.9570	-1
17559.9180	-1
17564.8789	-1
17569.8398	-1
17574.8008	-1
17579.7617	-1
17584.7227	-1
17589.6836	-1
17594.6445	-1
17599.6055	-1
17604.5664	-1
17609.5273	-1
17614.4883	-1
17619.4492	-1
17624.4102	-1
17629.3711	1
17634.3320	1
17639.2930	1
17644.2559	-1
17649.2188	-1
17654.1816	-1
17659.1445	-1
17664.1074	-1
17669.0703	-1
17674.0332	-1
17678.9961	-1
17683.9590	-1
17688.9219	-1
17693.8848	-1
17698.8477	-1
17703.8105	-1
17708.7734	-1
17713.7363	-1
17718.6992	-1
17723.6621	-1
17728.6250	-1
17733.5879	-1
17738.5508	-1
17743.5137	-1
17748.4766	-1
17753.4395	-1
17758.4023	-1
17763.3652	-1
17768.3281	-1
17773.2910	-1
17778.2539	-1
17783.2168	-1
17788.1797	-1
17793.1426	-1
17798.1055	-1
17803.0684	-1
17808.0312	-1
17812.9941	-1
17817.9570	-1
17822.9199	-1
17827.8828	-1
17832.8457	-1
17837.8086	-1
17842.7715	-1
17847.7344	-1
17852.6973	-1
17857.6602	-1
17862.6230	-1
17867.5859	-1
17872.5488	-1
17877.5117	-1
17882.4766	-1
17887.4414	-1
17892.4062	-1
17897.3711	-1
17902.3359	-1
17907.3008	-1
17912.2656	-1
17917.2305	-1
17922.1953	-1
17927.1602	-1
17932.1250	-1
17937.0898	-1
17942.0547	-1
17947.0195	-1
17951.9844	-1
17956.9492	-1
17961.9141	-1
17966.8789	-1
17971.8438	-1
17976.8086	-1
17981.7734	-1
17986.7383	-1
17991.7031	-1
17996.6680	-1
18001.6328	-1
18006.5977	-1
18011.5625	-1
18016.5273	-1
18021.4922	-1
18026.4570	-1
18031.4238	-1
18036.3906	-1
18041.3574	-1
18046.3242	-1
18051.2910	-1
18056.2578	-1
18061.2246	-1
18066.1914	-1
18071.1582	-1
18076.1250	-1
18081.0918	-1
18086.0586	-1
18091.0254	-1
18095.9922	-1
18100.9590	-1
18105.9258	-1
18110.8926	-1
18115.8594	-1
18120.8262	-1
18125.7930	-1
18130.7598	-1
18135.7266	-1
18140.6934	-1
18145.6602	-1
18150.6270	-1
18155.6055	1
18160.5859	-1
18165.5664	1
18170.5488	1
18175.5312	-1
18180.5137	-1
18185.4961	-1
18190.4785	-1
18195.4609	-1
18200.4434	-1
18205.4258	-1
18210.4082	-1
18215.3906	-1
18220.3730	-1
18225.3555	-1
18230.3379	-1
18235.3203	1
18240.3027	1
18245.2852	1
18250.2676	1
18255.2520	-1
18260.2363	-1
18265.2207	-1
18270.2051	-1
18275.1895	-1
18280.1738	-1
18285.1582	-1
18290.1426	-1
18295.1270	-1
18300.1113	-1
18305.0957	-1
18310.0801	-1
18315.0645	-1
18320.0488	-1
18325.0332	-1
18330.0176	-1
18335.0020	-1
18339.9863	-1
18344.9707	-1
18349.9551	-1
18354.9395	-1
18359.9238	-1
18364.9082	-1
18369.9043	1
18374.9023	-1
18379.9004	1
18384.9004	1
18389.9004	-1
18394.9004	-1
18399.9004	-1
18404.9004	-1
18409.9004	-1
18414.9004	-1
18419.9004	-1
18424.9004	-1
18429.9004	-1
18434.9004	-1
18439.9004	-1
18444.9004	-1
18449.9004	1
18454.9004	1
18459.9023	1
18464.9043	1
18469.9062	-1
18474.9082	-1
18479.9102	-1
18484.9121	-1
18489.9141	-1
18494.9160	-1
18499.9180	-1
18504.9199	-1
18509.9219	1
18514.9238	-1
18519.9258	-1
18524.9277	-1
18529.9297	-1
18534.9336	1
18539.9375	-1
18544.9414	-1
18549.9453	-1
18554.9492	-1
18559.9531	-1
18564.9570	-1
18569.9609	-1
18574.9648	-1
18579.9688	-1
18584.9727	-1
18589.9766	-1
18594.9805	-1
18599.9844	1
18604.9883	1
18609.9922	1
18614.9961	1
18620.0000	1
18625.0039	1
18630.0078	-1
18635.0117	-1
18640.0156	-1
18645.0195	-1
18650.0234	-1
18655.0273	-1
18660.0332	-1
18665.0391	-1
18670.0449	-1
18675.0508	-1
18680.0566	-1
18685.0625	-1
18690.0684	-1
18695.0742	-1
18700.0801	-1
18705.0859	-1
18710.0918	-1
18715.0977	-1
18720.1035	-1
18725.1094	-1
18730.1152	-1
18735.1211	-1
18740.1270	-1
18745.1328	-1
18750.1406	-1
18755.1484	-1
18760.1562	-1
18765.1641	-1
18770.1719	-1
18775.1797	-1
18780.1875	-1
18785.1953	-1
18790.2031	-1
18795.2109	-1
18800.2188	-1
18805.2266	-1
18810.2344	-1
18815.2422	-1
18820.2500	-1
18825.2578	-1
18830.2656	-1
18835.2734	-1
18840.2812	-1
18845.2891	-1
18850.2969	-1
18855.3184	1
18860.3418	-1
18865.3652	1
18870.3887	1
18875.4121	-1
18880.4355	-1
18885.4590	-1
18890.4824	-1
18895.5059	-1
18900.5293	-1
18905.5527	-1
18910.5762	-1
18915.5996	-1
18920.6230	-1
18925.6465	-1
18930.6699	-1
18935.6934	1
18940.7168	1
18945.7402	1
18950.7637	1
18955.7891	-1
18960.8145	-1
18965.8398	-1
18970.8652	-1
18975.8906	-1
18980.9160	-1
18985.9414	-1
18990.9668	-1
18995.9922	-1
19001.0176	-1
19006.0430	-1
19011.0684	-1
19016.0938	1
19021.1191	-1
19026.1445	-1
19031.1699	-1
19036.1953	-1
19041.2207	-1
19046.2461	-1
19051.2715	1
19056.2969	1
19061.3223	1
19066.3477	-1
19071.3730	-1
19076.3984	-1
19081.4238	-1
19086.4492	-1
19091.4746	-1
19096.5020	1
19101.5293	1
19106.5566	1
19111.5840	1
19116.6113	-1
19121.6387	-1
19126.6660	-1
19131.6934	-1
19136.7207	-1
19141.7480	-1
19146.7754	-1
19151.8027	-1
19156.8301	-1
19161.8574	-1
19166.8848	-1
19171.9121	-1
19176.9395	-1
19181.9668	-1
19186.9941	-1
19192.0215	-1
19197.0488	-1
19202.0762	-1
19207.1035	-1
19212.1309	-1
19217.1582	-1
19222.1855	-1
19227.2129	-1
19232.2402	-1
19237.2676	-1
19242.2949	-1
19247.3223	-1
19252.3496	-1
19257.3770	-1
19262.4043	-1
19267.4316	1
19272.4590	1
19277.4883	1
19282.5176	1
19287.5469	1
19292.5762	1
19297.6055	1
19302.6348	1
19307.6660	1
19312.6973	1
19317.7285	-1
19322.7598	-1
19327.7910	-1
19332.8223	-1
19337.8535	-1
19342.8848	-1
19347.9160	-1
19352.9473	-1
19357.9785	-1
19363.0098	-1
19368.0410	-1
19373.0723	-1
19378.1035	-1
19383.1348	-1
19388.1660	-1
19393.1973	-1
19398.2285	-1
19403.2598	-1
19408.2910	-1
19413.3223	-1
19418.3535	-1
19423.3848	-1
19428.4160	-1
19433.4473	-1
19438.4785	-1
19443.5098	-1
19448.5410	-1
19453.5723	-1
19458.6035	-1
19463.6348	-1
19468.6660	-1
19473.6973	-1
19478.7285	-1
19483.7598	-1
19488.7910	-1
19493.8223	-1
19498.8535	-1
19503.8848	-1
19508.9160	-1
19513.9473	-1
19518.9785	-1
19524.0098	-1
19529.0410	-1
19534.0723	-1
19539.1035	-1
19544.1348	-1
19549.1660	-1
19554.1973	-1
19559.2285	-1
19564.2598	-1
19569.2910	-1
19574.3223	-1
19579.3535	-1
19584.3848	-1
19589.4160	-1
19594.4473	-1
19599.4785	-1
19604.5098	-1
19609.5410	-1
19614.5723	-1
19619.6035	-1
19624.6348	-1
19629.6660	-1
19634.6973	-1
19639.7285	-1
19644.7598	-1
19649.7930	1
19654.8262	1
19659.8594	1
19664.8926	1
19669.9258	1
19674.9590	1
19679.9922	1
19685.0254	1
19690.0586	1
19695.0918	1
19700.1250	1
19705.1582	1
19710.1914	1
19715.2246	1
19720.2578	1
19725.2910	1
19730.3242	1
19735.3574	1
19740.3906	1
19745.4238	1
19750.4570	1
19755.4902	1
19760.5234	-1
19765.5566	-1
19770.5898	-1
19775.6230	-1
19780.6562	-1
19785.6895	-1
19790.7246	-1
19795.7598	-1
19800.7949	-1
19805.8301	-1
19810.8652	-1
19815.9004	-1
19820.9355	-1
19825.9707	-1
19831.0059	-1
19836.0410	-1
19841.0762	-1
19846.1113	-1
19851.1465	-1
19856.1816	-1
19861.2168	-1
19866.2520	-1
19871.2871	-1
19876.3223	-1
19881.3574	-1
19886.3926	-1
19891.4277	-1
19896.4629	-1
19901.4980	-1
19906.5332	-1
19911.5703	-1
19916.6074	-1
19921.6445	-1
19926.6816	-1
19931.7188	-1
19936.7559	-1
19941.7930	1
19946.8301	1
19951.8672	1
19956.9043	-1
19961.9414	-1
19966.9785	1
19972.0156	-1
19977.0527	-1
19982.0898	-1
19987.1270	-1
19992.1641	1
19997.2012	1
20002.2383	1
20007.2754	1
20012.3125	-1
20017.3496	-1
20022.3867	-1
20027.4238	-1
20032.4609	-1
20037.4980	-1
20042.5352	1
20047.5723	1
20052.6113	-1
20057.6504	-1
20062.6895	-1
20067.7285	-1
20072.7676	-1
20077.8066	-1
20082.8457	-1
20087.8848	-1
20092.9238	-1
20097.9629	-1
20103.0020	-1
20108.0410	-1
20113.0801	-1
20118.1191	-1
20123.1582	-1
20128.1973	-1
20133.2363	-1
20138.2754	-1
20143.3145	-1
20148.3535	-1
20153.3926	-1
20158.4316	-1
20163.4707	-1
20168.5098	-1
20173.5508	-1
20178.5918	-1
20183.6328	-1
20188.6738	-1
20193.7148	-1
20198.7559	-1
20203.7969	1
20208.8379	1
20213.8789	-1
20218.9199	-1
20223.9609	-1
20229.0020	-1
20234.0430	-1
20239.0840	1
20244.1250	-1
20249.1660	1
20254.2070	1
20259.2480	-1
20264.2891	-1
20269.3301	-1
20274.3711	-1
20279.4121	-1
20284.4531	-1
20289.4941	1
20294.5352	1
20299.5762	1
20304.6191	1
20309.6621	-1
20314.7051	-1
20319.7480	-1
20324.7910	-1
20329.8340	-1
20334.8770	-1
20339.9199	1
20344.9629	1
20350.0059	1
20355.0488	-1
20360.0918	-1
20365.1348	-1
20370.1777	-1
20375.2207	-1
20380.2637	-1
20385.3066	-1
20390.3496	-1
20395.3926	-1
20400.4355	-1
20405.4785	-1
20410.5215	-1
20415.5645	-1
20420.6074	-1
20425.6504	-1
20430.6934	-1
20435.7363	-1
20440.7793	-1
20445.8223	-1
20450.8652	-1
20455.9082	-1
20460.9512	-1
20465.9941	-1
20471.0371	-1
20476.0801	-1
20481.1230	-1
20486.1660	-1
20491.2090	-1
20496.2520	-1
20501.2949	-1
20506.3379	-1
20511.3809	-1
20516.4238	-1
20521.4668	-1
20526.5098	-1
20531.5527	-1
20536.5957	-1
20541.6387	-1
20546.6816	-1
20551.7246	-1
20556.7676	-1
20561.8105	-1
20566.8555	-1
20571.9004	1
20576.9453	-1
20581.9902	-1
20587.0352	-1
20592.0801	-1
20597.1250	-1
20602.1699	1
20607.2148	1
20612.2598	1
20617.3047	1
20622.3496	1
20627.3945	1
20632.4395	-1
20637.4844	1
20642.5293	-1
20647.5742	-1
20652.6191	-1
20657.6641	-1
20662.7090	-1
20667.7539	1
20672.7988	-1
20677.8438	-1
20682.8887	-1
20687.9336	-1
20692.9785	-1
20698.0234	-1
20703.0703	-1
20708.1172	-1
20713.1641	-1
20718.2109	-1
20723.2578	-1
20728.3047	-1
20733.3516	-1
20738.3984	-1
20743.4453	-1
20748.4922	-1
20753.5391	-1
20758.5859	-1
20763.6348	-1
20768.6836	-1
20773.7324	-1
20778.7812	-1
20783.8301	-1
20788.8789	-1
20793.9277	-1
20798.9766	-1
20804.0254	-1
20809.0742	-1
20814.1230	-1
20819.1719	-1
20824.2207	-1
20829.2695	-1
20834.3184	-1
20839.3672	-1
20844.4160	-1
20849.4648	-1
20854.5137	-1
20859.5625	-1
20864.6113	-1
20869.6602	-1
20874.7090	-1
20879.7578	-1
20884.8066	-1
20889.8555	-1
20894.9043	-1
20899.9531	-1
20905.0020	-1
20910.0508	-1
20915.0996	-1
20920.1484	-1
20925.1973	-1
20930.2461	-1
20935.2949	-1
20940.3438	-1
20945.3926	-1
20950.4414	-1
20955.4902	-1
20960.5391	-1
20965.5879	-1
20970.6367	-1
20975.6855	-1
20980.7344	-1
20985.7832	-1
20990.8320	-1
20995.8809	-1
21000.9297	-1
21005.9785	-1
21011.0273	-1
21016.0762	-1
21021.1250	-1
21026.1738	-1
21031.2227	-1
21036.2715	-1
21041.3203	-1
21046.3691	-1
21051.4180	-1
21056.4668	-1
21061.5156	-1
21066.5664	-1
21071.6172	-1
21076.6680	-1
21081.7188	-1
21086.7695	-1
21091.8203	-1
21096.8711	-1
21101.9219	-1
21106.9727	-1
21112.0234	-1
21117.0742	-1
21122.1250	-1
21127.1777	-1
21132.2305	-1
21137.2832	-1
21142.3359	-1
21147.3887	-1
21152.4414	-1
21157.4941	-1
21162.5469	-1
21167.5996	-1
21172.6523	-1
21177.7051	-1
21182.7578	-1
21187.8105	-1
21192.8633	-1
21197.9160	-1
21202.9688	-1
21208.0215	-1
21213.0742	-1
21218.1270	-1
21223.1797	-1
21228.2324	-1
21233.2852	-1
21238.3379	-1
21243.3906	-1
21248.4434	-1
21253.4961	-1
21258.5488	-1
21263.6016	-1
21268.6543	-1
21273.7070	-1
21278.7598	-1
21283.8125	-1
21288.8652	-1
21293.9180	-1
21298.9707	-1
21304.0234	-1
21309.0762	-1
21314.1289	-1
21319.1816	-1
21324.2344	-1
21329.2871	-1
21334.3398	-1
21339.3926	-1
21344.4453	-1
21349.4980	-1
21354.5508	-1
21359.6035	-1
21364.6562	-1
21369.7090	-1
21374.7617	-1
21379.8145	-1
21384.8672	-1
21389.9199	-1
21394.9727	-1
21400.0273	-1
21405.0820	-1
21410.1367	-1
21415.1914	-1
21420.2461	-1
21425.3008	-1
21430.3555	-1
21435.4102	-1
21440.4648	-1
21445.5195	-1
21450.5742	-1
21455.6289	-1
21460.6836	-1
21465.7383	-1
21470.7930	-1
21475.8477	-1
21480.9023	-1
21485.9570	-1
21491.0117	-1
21496.0664	-1
21501.1211	-1
21506.1758	-1
21511.2305	-1
21516.2852	-1
21521.3398	-1
21526.3945	-1
21531.4492	-1
21536.5039	-1
21541.5586	-1
21546.6133	-1
21551.6680	-1
21556.7227	-1
21561.7773	-1
21566.8320	-1
21571.8867	-1
21576.9414	-1
21582.0098	1
21587.0781	-1
21592.1484	1
21597.2188	1
21602.2891	-1
21607.3594	-1
21612.4297	-1
21617.5000	-1
21622.5703	-1
21627.6406	-1
21632.7109	-1
21637.7812	-1
21642.8516	-1
21647.9219	-1
21653.0039	1
21658.0879	-1
21663.1719	1
21668.2559	1
21673.3418	-1
21678.4277	-1
21683.5137	-1
21688.5996	-1
21693.6855	-1
21698.7715	-1
21703.8574	-1
21708.9434	-1
21714.0293	-1
21719.1152	-1
21724.2148	1
21729.3164	-1
21734.4180	1
21739.5195	1
21744.6230	-1
21749.7266	-1
21754.8301	-1
21759.9336	-1
21765.0371	-1
21770.1406	-1
21775.2441	-1
21780.3477	-1
21785.4512	-1
21790.5547	-1
21795.6582	-1
21800.7617	-1
21805.8652	1
21810.9688	1
21816.0723	1
21821.1758	1
21826.2812	-1
21831.3867	-1
21836.4922	-1
21841.5977	-1
21846.7031	-1
21851.8086	-1
21856.9141	-1
21862.0195	-1
21867.1250	-1
21872.2305	-1
21877.3359	-1
21882.4414	-1
21887.5469	-1
21892.6523	-1
21897.7578	-1
21902.8633	-1
21907.9688	-1
21913.0742	-1
21918.1797	-1
21923.2852	-1
21928.3906	-1
21933.4961	-1
21938.6016	-1
21943.7070	-1
21948.8125	1
21953.9180	1
21959.0234	1
21964.1289	1
21969.2344	1
21974.3398	1
21979.4453	1
21984.5508	1
21989.6582	-1
21994.7656	-1
21999.8730	-1
22004.9805	-1
22010.0879	-1
22015.1953	-1
22020.3047	-1
22025.4141	-1
22030.5234	-1
22035.6328	-1
22040.7422	-1
22045.8516	-1
22050.9609	-1
22056.0703	-1
22061.1797	-1
22066.2891	-1
22071.3984	-1
22076.5078	-1
22081.6172	-1
22086.7266	-1
22091.8359	-1
22096.9453	-1
22102.0547	-1
22107.1641	-1
22112.2734	-1
22117.3828	-1
22122.4922	-1
22127.6016	-1
22132.7109	-1
22137.8203	-1
22142.9297	-1
22148.0391	-1
22153.1484	-1
22158.2578	-1
22163.3672	-1
22168.4766	-1
22173.5859	-1
22178.6953	-1
22183.8047	-1
22188.9141	-1
22194.0234	-1
22199.1328	-1
22204.2422	-1
22209.3516	-1
22214.4609	-1
22219.5703	-1
22224.6797	-1
22229.7891	-1
22234.8984	1
22240.0078	1
22245.1191	1
22250.2305	1
22255.3418	1
22260.4531	1
22265.5664	-1
22270.6797	-1
22275.7930	-1
22280.9062	-1
22286.0195	-1
22291.1328	-1
22296.2461	-1
22301.3594	-1
22306.4727	-1
22311.5859	-1
22316.6992	-1
22321.8125	-1
22326.9258	-1
22332.0391	-1
22337.1523	-1
22342.2656	-1
22347.3789	-1
22352.4922	-1
22357.6055	-1
22362.7188	-1
22367.8320	-1
22372.9453	-1
22378.0586	-1
22383.1719	-1
22388.2852	-1
22393.3984	-1
22398.5117	-1
22403.6250	-1
22408.7383	-1
22413.8516	-1
22418.9668	-1
22424.0820	-1
22429.2090	1
22434.3379	-1
22439.4668	1
22444.5957	1
22449.7266	-1
22454.8574	-1
22459.9883	-1
22465.1309	1
22470.2754	-1
22475.4199	1
22480.5664	1
22485.7129	-1
22490.8594	-1
22496.0059	-1
22501.1523	-1
22506.2988	-1
22511.4453	-1
22516.5918	-1
22521.7383	-1
22526.8848	-1
22532.0312	-1
22537.1777	-1
22542.3242	-1
22547.4707	1
22552.6172	1
22557.7637	1
22562.9102	1
22568.0586	-1
22573.2070	-1
22578.3555	-1
22583.5039	-1
22588.6523	-1
22593.8008	-1
22598.9492	-1
22604.0977	-1
22609.2461	-1
22614.3945	-1
22619.5430	-1
22624.6914	-1
22629.8398	-1
22634.9883	-1
22640.1367	-1
22645.2852	-1
22650.4336	-1
22655.5820	-1
22660.7305	-1
22665.8789	-1
22671.0273	-1
22676.1758	-1
22681.3242	-1
22686.4844	1
22691.6465	-1
22696.8086	1
22701.9707	1
22707.1348	-1
22712.2988	-1
22717.4629	-1
22722.6270	-1
22727.8047	1
22732.9824	-1
22738.1621	1
22743.3418	1
22748.5215	-1
22753.7012	-1
22758.8809	-1
22764.0605	-1
22769.2402	-1
22774.4199	-1
22779.5996	-1
22784.7793	-1
22789.9590	-1
22795.1387	-1
22800.3184	-1
22805.4980	-1
22810.6797	1
22815.8613	1
22821.0430	1
22826.2246	1
22831.4062	-1
22836.5879	-1
22841.7695	-1
22846.9512	-1
22852.1328	-1
22857.3145	-1
22862.4961	-1
22867.6777	-1
22872.8594	-1
22878.0410	-1
22883.2227	-1
22888.4043	-1
22893.5859	-1
22898.7676	-1
22903.9492	-1
22909.1309	-1
22914.3125	-1
22919.4941	-1
22924.6758	-1
22929.8574	-1
22935.0391	-1
22940.2207	-1
22945.4023	-1
22950.5840	-1
22955.7676	1
22960.9512	1
22966.1348	1
22971.3203	-1
22976.5059	-1
22981.6914	-1
22986.8770	-1
22992.0625	-1
22997.2480	-1
23002.4336	-1
23007.6191	-1
23012.8047	-1
23017.9902	-1
23023.1758	-1
23028.3613	-1
23033.5469	-1
23038.7441	1
23043.9434	-1
23049.1426	1
23054.3418	1
23059.5430	-1
23064.7441	-1
23069.9453	-1
23075.1465	-1
23080.3477	-1
23085.5488	-1
23090.7500	-1
23095.9512	-1
23101.1523	-1
23106.3535	-1
23111.5547	-1
23116.7559	-1
23121.9570	1
23127.1582	1
23132.3594	1
23137.5605	1
23142.7637	-1
23147.9668	-1
23153.1699	-1
23158.3730	-1
23163.5762	-1
23168.7793	-1
23173.9824	-1
23179.1855	-1
23184.3887	-1
23189.5918	-1
23194.7949	-1
23199.9980	-1
23205.2012	-1
23210.4043	-1
23215.6074	-1
23220.8105	-1
23226.0137	-1
23231.2168	-1
23236.4199	-1
23241.6367	1
23246.8535	-1
23252.0723	1
23257.2910	1
23262.5098	-1
23267.7285	-1
