0.0000	0
0.0006	1
1.3002	1
2.8540	-1
11.7046	1
20.5569	-1
29.4094	1
38.2621	1
47.1161	-1
55.9702	-1
64.8243	-1
73.6784	-1
82.5325	-1
91.3867	-1
100.2409	-1
109.0951	-1
117.9494	-1
126.8036	-1
135.6579	-1
144.5121	-1
153.3668	1
162.2216	1
171.0764	1
179.9312	1
188.7875	-1
197.6438	-1
206.5000	-1
215.3563	-1
224.2126	-1
233.0688	-1
241.9255	-1
250.7822	-1
259.6389	-1
268.4956	-1
277.3523	-1
286.2090	-1
295.0659	1
303.9230	1
312.7801	-1
321.6371	-1
330.4943	-1
339.3514	-1
348.2085	-1
357.0656	-1
365.9229	1
374.7802	1
383.6375	-1
392.4948	-1
401.3522	-1
410.2095	-1
419.0669	-1
427.9243	-1
436.7820	1
445.6397	1
454.4975	1
463.3553	1
472.2147	-1
481.0740	-1
489.9334	-1
498.7927	-1
507.6521	-1
516.5114	-1
525.3708	-1
534.2303	-1
543.0897	-1
551.9492	-1
560.8086	-1
569.6680	-1
578.5288	1
587.3896	1
596.2505	1
605.1115	1
613.9725	-1
622.8335	-1
631.6945	-1
640.5555	-1
649.4166	-1
658.2777	-1
667.1389	-1
676.0001	-1
684.8613	-1
693.7225	-1
702.5837	-1
711.4449	-1
720.3064	-1
729.1678	-1
738.0293	-1
746.8907	-1
755.7522	-1
764.6136	-1
773.4752	-1
782.3369	-1
791.1985	-1
800.0601	-1
808.9218	-1
817.7834	-1
826.6451	-1
835.5069	-1
844.3687	-1
853.2304	-1
862.0922	-1
870.9539	-1
879.8159	1
888.6779	1
897.5399	1
906.4021	-1
915.2643	-1
924.1266	-1
932.9888	-1
941.8511	-1
950.7133	-1
959.5771	-1
968.4410	-1
977.3048	-1
986.1686	-1
995.0325	-1
1003.8964	-1
1012.7606	-1
1021.6247	-1
1030.4889	-1
1039.3530	-1
1048.2172	-1
1057.0813	-1
1065.9463	-1
1074.8113	-1
1083.6763	-1
1092.5413	-1
1101.4062	-1
1110.2712	-1
1119.1364	-1
1128.0015	-1
1136.8666	-1
1145.7317	-1
1154.5968	-1
1163.4619	-1
1172.3271	-1
1181.1924	-1
1190.0576	-1
1198.9229	-1
1207.7881	-1
1216.6533	-1
1225.5187	-1
1234.3840	-1
1243.2494	-1
1252.1147	-1
1260.9801	-1
1269.8455	-1
1278.7109	-1
1287.5764	-1
1296.4419	-1
1305.3074	-1
1314.1729	-1
1323.0497	1
1331.9277	-1
1340.8062	1
1349.6847	1
1358.5643	-1
1367.4440	-1
1376.3237	-1
1385.2035	-1
1394.0833	-1
1402.9630	-1
1411.8428	-1
1420.7225	-1
1429.6023	-1
1438.4821	-1
1447.3618	-1
1456.2416	-1
1465.1217	1
1474.0020	1
1482.8822	1
1491.7625	1
1500.6439	-1
1509.5254	-1
1518.4069	-1
1527.2883	-1
1536.1698	-1
1545.0513	-1
1553.9331	1
1562.8151	1
1571.6971	-1
1580.5792	-1
1589.4613	-1
1598.3434	-1
1607.2255	-1
1616.1075	-1
1624.9897	-1
1633.8719	-1
1642.7542	-1
1651.6364	-1
1660.5186	-1
1669.4008	-1
1678.2833	1
1687.1660	1
1696.0487	-1
1704.9314	-1
1713.8141	-1
1722.6968	-1
1731.5795	-1
1740.4622	-1
1749.3451	1
1758.2281	1
1767.1112	1
1775.9943	1
1784.8787	-1
1793.7631	-1
1802.6475	-1
1811.5319	-1
1820.4163	-1
1829.3007	-1
1838.1858	-1
1847.0709	-1
1855.9561	-1
1864.8412	-1
1873.7263	-1
1882.6116	-1
1891.4968	-1
1900.3822	-1
1909.2676	-1
1918.1530	-1
1927.0383	-1
1935.9237	-1
1944.8091	-1
1953.6945	-1
1962.5798	-1
1971.4652	-1
1980.3506	-1
1989.2360	-1
1998.1216	1
2007.0084	-1
2015.8953	-1
2024.7821	-1
2033.6689	-1
2042.5558	-1
2051.4426	-1
2060.3298	-1
2069.2170	-1
2078.1042	-1
2086.9915	-1
2095.8787	-1
2104.7659	-1
2113.6533	-1
2122.5408	-1
2131.4282	-1
2140.3157	-1
2149.2031	-1
2158.0906	-1
2166.9788	-1
2175.8669	-1
2184.7551	-1
2193.6433	-1
2202.5315	-1
2211.4197	-1
2220.3083	-1
2229.1970	-1
2238.0857	-1
2246.9854	1
2255.8865	-1
2264.7878	1
2273.6895	1
2282.5916	-1
2291.4937	-1
2300.3958	-1
2309.2979	-1
2318.2000	-1
2327.1021	-1
2336.0044	-1
2344.9067	-1
2353.8091	-1
2362.7114	-1
2371.6138	-1
2380.5161	-1
2389.4187	1
2398.3213	1
2407.2241	1
2416.1270	1
2425.0308	-1
2433.9346	-1
2442.8384	-1
2451.7422	-1
2460.6460	-1
2469.5498	-1
2478.4536	-1
2487.3574	-1
2496.2612	-1
2505.1650	-1
2514.0688	-1
2522.9727	-1
2531.8767	-1
2540.7808	-1
2549.6848	-1
2558.5889	-1
2567.4929	-1
2576.3970	-1
2585.3010	-1
2594.2051	-1
2603.1091	-1
2612.0132	-1
2620.9172	-1
2629.8213	-1
2638.7258	1
2647.6304	1
2656.5356	-1
2665.4409	-1
2674.3462	-1
2683.2515	-1
2692.1567	-1
2701.0620	-1
2709.9673	-1
2718.8726	-1
2727.7778	-1
2736.6941	1
2745.6118	-1
2754.5298	1
2763.4480	1
2772.3667	-1
2781.2859	-1
2790.2156	1
2799.1465	-1
2808.0779	1
2817.0093	1
2825.9419	-1
2834.8745	-1
2843.8071	-1
2852.7397	-1
2861.6724	-1
2870.6050	-1
2879.5378	-1
2888.4707	-1
2897.4036	-1
2906.3364	-1
2915.2693	-1
2924.2021	-1
2933.1355	1
2942.0691	1
2951.0027	1
2959.9363	1
2968.8718	-1
2977.8074	-1
2986.7429	-1
2995.6785	-1
3004.6140	-1
3013.5496	-1
3022.4851	-1
3031.4207	-1
3040.3562	-1
3049.2917	-1
3058.2273	-1
3067.1628	-1
3076.0986	-1
3085.0344	-1
3093.9702	-1
3102.9060	-1
3111.8418	-1
3120.7776	-1
3129.7134	-1
3138.6492	-1
3147.5850	-1
3156.5208	-1
3165.4565	-1
3174.3923	-1
3183.3286	1
3192.2649	1
3201.2012	1
3210.1375	1
3219.0737	1
3228.0100	1
3236.9465	1
3245.8831	1
3254.8215	-1
3263.7600	-1
3272.6985	-1
3281.6370	-1
3290.5754	-1
3299.5142	-1
3308.4531	-1
3317.3921	-1
3326.3311	-1
3335.2700	-1
3344.2090	-1
3353.1479	-1
3362.0872	1
3371.0264	1
3379.9666	-1
3388.9067	-1
3397.8469	-1
3406.7871	-1
3415.7273	-1
3424.6675	-1
3433.6077	1
3442.5481	1
3451.4885	-1
3460.4290	-1
3469.3694	-1
3478.3098	-1
3487.2502	-1
3496.1907	-1
3505.1313	-1
3514.0720	-1
3523.0127	-1
3531.9534	-1
3540.8940	-1
3549.8347	-1
3558.7756	-1
3567.7166	-1
3576.6575	-1
3585.5984	-1
3594.5393	-1
3603.4802	-1
3612.4211	-1
3621.3621	-1
3630.3030	-1
3639.2439	-1
3648.1848	-1
3657.1257	-1
3666.0669	-1
3675.0081	-1
3683.9492	-1
3692.8904	-1
3701.8315	-1
3710.7727	-1
3719.7139	1
3728.6550	1
3737.5969	-1
3746.5388	-1
3755.4807	-1
3764.4226	-1
3773.3645	-1
3782.3064	-1
3791.2488	-1
3800.1912	-1
3809.1335	-1
3818.0759	-1
3827.0183	-1
3835.9607	-1
3844.9043	-1
3853.8479	-1
3862.7915	-1
3871.7351	-1
3880.6787	-1
3889.6223	-1
3898.5664	-1
3907.5105	-1
3916.4546	-1
3925.3987	-1
3934.3428	-1
3943.2869	-1
3952.2312	-1
3961.1755	-1
3970.1199	-1
3979.0642	-1
3988.0085	-1
3996.9529	-1
4005.8972	-1
4014.8416	-1
4023.7974	1
4032.7546	-1
4041.7124	1
4050.6702	1
4059.6284	-1
4068.5867	-1
4077.5449	-1
4086.5037	-1
4095.4731	1
4104.4443	-1
4113.4155	1
4122.3867	1
4131.3584	-1
4140.3301	-1
4149.3018	-1
4158.2734	-1
4167.2461	-1
4176.2290	1
4185.2134	-1
4194.1978	1
4203.1821	1
4212.1680	-1
4221.1538	-1
4230.1396	-1
4239.1255	-1
4248.1113	-1
4257.0972	-1
4266.0830	-1
4275.0688	-1
4284.0547	-1
4293.0405	-1
4302.0264	-1
4311.0122	-1
4319.9985	1
4328.9849	1
4337.9712	1
4346.9575	1
4355.9453	-1
4364.9331	-1
4373.9209	-1
4382.9087	-1
4391.8965	-1
4400.8843	-1
4409.8726	-1
4418.8608	-1
4427.8491	-1
4436.8374	-1
4445.8257	-1
4454.8140	-1
4463.8022	-1
4472.7905	-1
4481.7788	-1
4490.7671	-1
4499.7554	-1
4508.7437	-1
4517.7319	-1
4526.7202	-1
4535.7085	-1
4544.6968	-1
4553.6851	-1
4562.6733	-1
4571.6616	1
4580.6504	1
4589.6392	1
4598.6279	1
4607.6167	1
4616.6055	1
4625.5947	1
4634.5840	1
4643.5747	-1
4652.5654	-1
4661.5562	-1
4670.5469	-1
4679.5376	-1
4688.5283	-1
4697.5195	-1
4706.5107	1
4715.5020	-1
4724.4932	-1
4733.4844	-1
4742.4756	-1
4751.4668	-1
4760.4580	1
4769.4492	-1
4778.4404	-1
4787.4316	-1
4796.4229	-1
4805.4141	-1
4814.4053	-1
4823.3970	-1
4832.3887	-1
4841.3804	-1
4850.3721	-1
4859.3638	-1
4868.3555	-1
4877.3477	1
4886.3398	1
4895.3325	-1
4904.3252	-1
4913.3179	-1
4922.3105	-1
4931.3032	-1
4940.2959	-1
4949.2900	-1
4958.2842	-1
4967.2783	-1
4976.2725	-1
4985.2666	-1
4994.2607	-1
5003.2554	-1
5012.2500	-1
5021.2446	-1
5030.2393	-1
5039.2339	-1
5048.2285	-1
5057.2231	-1
5066.2178	-1
5075.2124	-1
5084.2070	-1
5093.2017	-1
5102.1963	-1
5111.1914	-1
5120.1865	-1
5129.1816	-1
5138.1768	-1
5147.1719	-1
5156.1670	-1
5165.1621	-1
5174.1572	-1
5183.1523	-1
5192.1475	-1
5201.1426	-1
5210.1377	-1
5219.1328	-1
5228.1279	-1
5237.1230	-1
5246.1182	-1
5255.1133	-1
5264.1084	-1
5273.1040	-1
5282.0996	-1
5291.0952	-1
5300.1021	1
5309.1099	-1
5318.1182	1
5327.1265	1
5336.1353	-1
5345.1440	-1
5354.1528	-1
5363.1616	-1
5372.1704	-1
5381.1797	-1
5390.1890	-1
5399.1982	-1
5408.2075	-1
5417.2168	-1
5426.2261	-1
5435.2354	-1
5444.2446	1
5453.2539	1
5462.2637	1
5471.2734	1
5480.2837	-1
5489.2939	-1
5498.3042	-1
5507.3145	-1
5516.3247	-1
5525.3350	-1
5534.3452	-1
5543.3555	-1
5552.3657	-1
5561.3760	-1
5570.3862	-1
5579.3965	-1
5588.4072	-1
5597.4180	-1
5606.4287	-1
5615.4395	-1
5624.4502	-1
5633.4609	-1
5642.4717	-1
5651.4824	-1
5660.4932	-1
5669.5039	-1
5678.5146	-1
5687.5254	-1
5696.5366	1
5705.5479	1
5714.5591	1
5723.5703	1
5732.5815	1
5741.5928	1
5750.6050	-1
5759.6172	-1
5768.6294	-1
5777.6416	-1
5786.6538	-1
5795.6660	-1
5804.6782	-1
5813.6904	-1
5822.7026	-1
5831.7148	-1
5840.7271	-1
5849.7393	-1
5858.7520	-1
5867.7646	-1
5876.7773	-1
5885.7900	-1
5894.8027	-1
5903.8154	-1
5912.8281	-1
5921.8408	-1
5930.8535	-1
5939.8662	-1
5948.8789	-1
5957.8916	-1
5966.9043	-1
5975.9170	-1
5984.9297	-1
5993.9424	-1
6002.9551	-1
6011.9678	-1
6020.9805	-1
6029.9932	-1
6039.0059	-1
6048.0303	1
6057.0557	-1
6066.0815	1
6075.1074	1
6084.1348	-1
6093.1621	-1
6102.1895	-1
6111.2168	-1
6120.2441	-1
6129.2715	-1
6138.2993	-1
6147.3271	-1
6156.3550	-1
6165.3828	-1
6174.4106	-1
6183.4385	-1
6192.4663	1
6201.4941	1
6210.5225	1
6219.5508	1
6228.5806	-1
6237.6104	-1
6246.6401	-1
6255.6699	-1
6264.6997	-1
6273.7295	-1
6282.7598	-1
6291.7900	-1
6300.8203	-1
6309.8506	-1
6318.8809	-1
6327.9111	-1
6336.9414	1
6345.9722	1
6355.0029	1
6364.0337	1
6373.0649	-1
6382.0962	-1
6391.1274	-1
6400.1587	-1
6409.1899	-1
6418.2212	-1
6427.2529	1
6436.2847	1
6445.3164	-1
6454.3481	-1
6463.3799	-1
6472.4116	-1
6481.4434	-1
6490.4751	-1
6499.5073	1
6508.5396	1
6517.5737	-1
6526.6079	-1
6535.6421	-1
6544.6763	-1
6553.7104	-1
6562.7446	-1
6571.7788	-1
6580.8130	-1
6589.8472	-1
6598.8813	-1
6607.9155	-1
6616.9497	-1
6625.9844	-1
6635.0190	-1
6644.0537	-1
6653.0884	-1
6662.1230	-1
6671.1577	-1
6680.1924	-1
6689.2271	-1
6698.2617	-1
6707.2964	-1
6716.3311	-1
6725.3657	-1
6734.4004	-1
6743.4351	-1
6752.4697	-1
6761.5044	-1
6770.5391	-1
6779.5737	-1
6788.6084	-1
6797.6431	-1
6806.6777	-1
6815.7124	-1
6824.7471	-1
6833.7817	-1
6842.8174	-1
6851.8530	-1
6860.8887	-1
6869.9243	-1
6878.9600	-1
6887.9956	-1
6897.0312	-1
6906.0801	1
6915.1299	-1
6924.1802	1
6933.2305	1
6942.2812	-1
6951.3320	-1
6960.3828	-1
6969.4336	-1
6978.4844	-1
6987.5352	-1
6996.5864	-1
7005.6484	1
7014.7119	-1
7023.7759	1
7032.8398	1
7041.9048	-1
7050.9697	-1
7060.0347	-1
7069.1099	1
7078.1865	-1
7087.2637	1
7096.3408	1
7105.4189	-1
7114.4971	-1
7123.5752	-1
7132.6533	-1
7141.7422	1
7150.8325	-1
7159.9233	1
7169.0142	1
7178.1060	-1
7187.1978	-1
7196.2896	-1
7205.3926	1
7214.4976	-1
7223.6025	1
7232.7075	1
7241.8135	-1
7250.9194	-1
7260.0386	1
7269.1592	-1
7278.2803	1
7287.4014	1
7296.5234	-1
7305.6455	-1
7314.7778	1
7323.9116	-1
7333.0459	1
7342.1802	1
7351.3154	-1
7360.4507	-1
7369.5859	-1
7378.7212	-1
7387.8667	1
7397.0137	-1
7406.1606	1
7415.3076	1
7424.4551	-1
7433.6025	-1
7442.7500	-1
7451.8984	-1
7461.0566	1
7470.2163	-1
7479.3765	1
7488.5366	1
7497.6973	-1
7506.8579	-1
7516.0190	-1
7525.1909	1
7534.3638	-1
7543.5371	1
7552.7104	1
7561.8848	-1
7571.0596	-1
7580.2344	-1
7589.4092	-1
7598.5840	-1
7607.7588	-1
7616.9336	-1
7626.1084	-1
7635.2832	-1
7644.4580	-1
7653.6328	-1
7662.8076	-1
7671.9824	1
7681.1572	1
7690.3335	-1
7699.5098	-1
7708.6860	-1
7717.8623	-1
7727.0386	-1
7736.2148	-1
7745.3911	-1
7754.5781	1
7763.7666	-1
7772.9551	1
7782.1436	1
7791.3330	-1
7800.5225	-1
7809.7222	1
7818.9233	-1
7828.1250	1
7837.3267	1
7846.5288	-1
7855.7310	-1
7864.9336	-1
7874.1460	1
7883.3599	-1
7892.5737	1
7901.7876	1
7911.0029	-1
7920.2183	-1
7929.4336	-1
7938.6489	-1
7947.8643	-1
7957.0796	-1
7966.2949	-1
7975.5103	-1
7984.7256	-1
7993.9517	1
8003.1792	-1
8012.4067	1
8021.6343	1
8030.8633	-1
8040.0923	-1
8049.3213	-1
8058.5503	-1
8067.7793	-1
8077.0083	-1
8086.2373	-1
8095.4663	-1
8104.6953	-1
8113.9243	-1
8123.1533	-1
8132.3823	-1
8141.6118	1
8150.8413	1
8160.0708	1
8169.3003	1
8178.5312	-1
8187.7622	-1
8196.9932	-1
8206.2246	-1
8215.4561	-1
8224.6875	-1
8233.9189	-1
8243.1504	-1
8252.3818	-1
8261.6133	-1
8270.8447	-1
8280.0762	-1
8289.3076	-1
8298.5391	-1
8307.7705	-1
8317.0020	-1
8326.2334	-1
8335.4648	-1
8344.6963	-1
8353.9277	-1
8363.1592	-1
8372.3906	-1
8381.6221	-1
8390.8535	-1
8400.0850	1
8409.3164	1
8418.5479	1
8427.7793	1
8437.0107	1
8446.2441	-1
8455.4775	-1
8464.7109	-1
8473.9443	-1
8483.1777	-1
8492.4111	-1
8501.6455	-1
8510.8799	-1
8520.1143	-1
8529.3486	-1
8538.5830	-1
8547.8174	-1
8557.0518	-1
8566.2861	-1
8575.5205	-1
8584.7549	-1
8593.9893	-1
8603.2236	-1
8612.4580	-1
8621.6924	-1
8630.9268	-1
8640.1611	-1
8649.3955	-1
8658.6299	-1
8667.8643	-1
8677.0986	-1
8686.3330	-1
8695.5674	-1
8704.8018	-1
8714.0361	-1
8723.2822	1
8732.5293	-1
8741.7764	1
8751.0244	1
8760.2734	-1
8769.5225	-1
8778.7715	-1
8788.0205	-1
8797.2695	-1
8806.5186	-1
8815.7676	-1
8825.0166	-1
8834.2656	-1
8843.5146	-1
8852.7637	-1
8862.0127	-1
8871.2617	1
8880.5107	1
8889.7598	1
8899.0088	1
8908.2598	-1
8917.5107	-1
8926.7617	-1
8936.0127	-1
8945.2637	-1
8954.5146	-1
8963.7656	-1
8973.0166	-1
8982.2676	-1
8991.5186	-1
9000.7695	-1
9010.0205	-1
9019.2715	-1
9028.5225	-1
9037.7734	-1
9047.0244	-1
9056.2754	-1
9065.5264	-1
9074.7773	1
9084.0293	1
9093.2812	-1
9102.5332	-1
9111.7852	-1
9121.0371	-1
9130.2891	-1
9139.5410	-1
9148.7939	-1
9158.0469	-1
9167.2998	-1
9176.5527	-1
9185.8057	-1
9195.0586	-1
9204.3115	-1
9213.5645	-1
9222.8281	1
9232.0928	-1
9241.3574	1
9250.6221	1
9259.8887	-1
9269.1553	-1
9278.4219	-1
9287.6885	-1
9296.9551	-1
9306.2217	-1
9315.4883	-1
9324.7549	-1
9334.0215	-1
9343.2881	-1
9352.5547	-1
9361.8213	-1
9371.0879	1
9380.3545	1
9389.6211	1
9398.8877	1
9408.1562	-1
9417.4248	-1
9426.6934	-1
9435.9619	-1
9445.2305	-1
9454.4990	-1
9463.7676	-1
9473.0361	-1
9482.3047	-1
9491.5732	-1
9500.8418	-1
9510.1104	-1
9519.3789	1
9528.6475	1
9537.9160	-1
9547.1855	-1
9556.4551	-1
9565.7246	-1
9574.9941	-1
9584.2637	-1
9593.5332	-1
9602.8027	-1
9612.0723	-1
9621.3418	-1
9630.6113	-1
9639.8809	-1
9649.1504	1
9658.4199	1
9667.6895	1
9676.9590	1
9686.2285	1
9695.4980	1
9704.7695	-1
9714.0410	-1
9723.3125	-1
9732.5840	-1
9741.8555	-1
9751.1270	-1
9760.3984	-1
9769.6699	-1
9778.9414	-1
9788.2129	-1
9797.4844	-1
9806.7559	-1
9816.0283	1
9825.3008	-1
9834.5732	-1
9843.8457	-1
9853.1182	-1
9862.3906	-1
9871.6641	-1
9880.9375	-1
9890.2109	-1
9899.4844	-1
9908.7578	-1
9918.0312	-1
9927.3047	-1
9936.5781	-1
9945.8516	-1
9955.1250	-1
9964.3984	-1
9973.6719	-1
9982.9453	-1
9992.2197	-1
10001.4941	-1
10010.7686	-1
10020.0430	-1
10029.3174	-1
10038.5918	-1
10047.8662	-1
10057.1406	-1
10066.4150	-1
10075.6895	-1
10084.9639	-1
10094.2383	-1
10103.5127	-1
10112.7871	-1
10122.0615	-1
10131.3359	-1
10140.6104	-1
10149.8848	-1
10159.1602	-1
10168.4355	-1
10177.7109	-1
10186.9863	-1
10196.2617	-1
10205.5469	1
10214.8340	-1
10224.1211	1
10233.4082	1
10242.6963	-1
10251.9844	-1
10261.2725	-1
10270.5605	-1
10279.8486	-1
10289.1367	-1
10298.4248	-1
10307.7129	-1
10317.0010	-1
10326.2891	-1
10335.5771	-1
10344.8652	-1
10354.1543	1
10363.4434	1
10372.7324	1
10382.0215	1
10391.3115	-1
10400.6016	-1
10409.8916	-1
10419.1816	-1
10428.4717	-1
10437.7617	-1
10447.0518	-1
10456.3418	-1
10465.6318	-1
10474.9219	-1
10484.2119	-1
10493.5020	-1
10502.7920	-1
10512.0820	-1
10521.3721	-1
10530.6621	-1
10539.9521	-1
10549.2422	-1
10558.5332	-1
10567.8242	-1
10577.1152	-1
10586.4062	-1
10595.6973	-1
10604.9883	-1
10614.2793	1
10623.5703	1
10632.8613	1
10642.1523	1
10651.4434	1
10660.7344	1
10670.0254	1
10679.3164	1
10688.6104	-1
10697.9043	-1
10707.1982	-1
10716.4922	-1
10725.7861	-1
10735.0801	-1
10744.3740	-1
10753.6680	-1
10762.9619	-1
10772.2559	-1
10781.5498	-1
10790.8438	-1
10800.1377	-1
10809.4316	-1
10818.7256	-1
10828.0195	-1
10837.3135	-1
10846.6074	-1
10855.9014	-1
10865.1953	-1
10874.4893	-1
10883.7832	-1
10893.0771	-1
10902.3711	-1
10911.6650	-1
10920.9590	-1
10930.2529	-1
10939.5469	-1
10948.8408	-1
10958.1348	-1
10967.4297	-1
10976.7246	-1
10986.0195	-1
10995.3145	-1
11004.6094	-1
11013.9043	-1
11023.1992	-1
11032.4941	-1
11041.7891	-1
11051.0840	-1
11060.3789	-1
11069.6738	-1
11078.9688	-1
11088.2637	-1
11097.5586	-1
11106.8535	-1
11116.1484	-1
11125.4434	-1
11134.7383	1
11144.0332	1
11153.3301	-1
11162.6270	-1
11171.9238	-1
11181.2207	-1
11190.5176	-1
11199.8145	-1
11209.1113	-1
11218.4082	-1
11227.7148	1
11237.0225	-1
11246.3311	1
11255.6396	1
11264.9492	-1
11274.2588	-1
11283.5684	-1
11292.8779	-1
11302.1875	-1
11311.4971	-1
11320.8066	-1
11330.1162	-1
11339.4258	-1
11348.7354	-1
11358.0449	-1
11367.3545	-1
11376.6641	1
11385.9746	-1
11395.2852	-1
11404.5957	-1
11413.9062	-1
11423.2275	1
11432.5498	-1
11441.8721	1
11451.1943	1
11460.5176	-1
11469.8408	-1
11479.1641	-1
11488.4873	-1
11497.8105	-1
11507.1338	-1
11516.4570	-1
11525.7803	-1
11535.1035	-1
11544.4268	-1
11553.7500	-1
11563.0732	-1
11572.3965	1
11581.7197	1
11591.0439	-1
11600.3682	-1
11609.6924	-1
11619.0166	-1
11628.3408	-1
11637.6650	-1
11646.9893	-1
11656.3135	-1
11665.6484	1
11674.9844	-1
11684.3203	1
11693.6562	1
11702.9932	-1
11712.3301	-1
11721.6670	-1
11731.0039	-1
11740.3408	-1
11749.6777	-1
11759.0146	-1
11768.3516	-1
11777.6885	-1
11787.0254	-1
11796.3623	-1
11805.6992	-1
11815.0371	1
11824.3750	1
11833.7129	1
11843.0518	1
11852.3906	-1
11861.7295	-1
11871.0684	-1
11880.4072	-1
11889.7461	-1
11899.0850	-1
11908.4238	-1
11917.7627	-1
11927.1016	-1
11936.4404	-1
11945.7793	-1
11955.1182	-1
11964.4580	-1
11973.7979	-1
11983.1377	-1
11992.4775	-1
12001.8174	-1
12011.1572	-1
12020.4971	-1
12029.8369	-1
12039.1768	-1
12048.5166	-1
12057.8564	-1
12067.1963	-1
12076.5361	1
12085.8760	1
12095.2158	1
12104.5557	1
12113.8955	1
12123.2354	1
12132.5762	1
12141.9170	1
12151.2588	-1
12160.6006	-1
12169.9424	-1
12179.2842	-1
12188.6260	-1
12197.9678	-1
12207.3096	-1
12216.6514	-1
12225.9932	-1
12235.3350	-1
12244.6768	-1
12254.0186	-1
12263.3604	-1
12272.7021	-1
12282.0439	-1
12291.3857	-1
12300.7275	-1
12310.0693	-1
12319.4111	-1
12328.7529	-1
12338.0947	-1
12347.4365	-1
12356.7783	-1
12366.1201	-1
12375.4619	-1
12384.8037	-1
12394.1455	-1
12403.4873	-1
12412.8291	-1
12422.1709	-1
12431.5127	-1
12440.8545	-1
12450.1963	-1
12459.5381	-1
12468.8799	-1
12478.2217	-1
12487.5645	-1
12496.9072	-1
12506.2500	-1
12515.5928	-1
12524.9355	-1
12534.2783	-1
12543.6211	-1
12552.9639	-1
12562.3066	-1
12571.6494	-1
12580.9922	-1
12590.3350	-1
12599.6777	1
12609.0205	1
12618.3633	1
12627.7061	1
12637.0488	1
12646.3916	1
12655.7354	1
12665.0791	1
12674.4229	1
12683.7666	1
12693.1104	1
12702.4541	1
12711.7979	1
12721.1416	1
12730.4854	1
12739.8291	1
12749.1738	-1
12758.5186	-1
12767.8633	-1
12777.2080	-1
12786.5527	-1
12795.8975	-1
12805.2422	1
12814.5869	-1
12823.9316	-1
12833.2764	-1
12842.6211	-1
12851.9668	-1
12861.3125	-1
12870.6582	-1
12880.0039	-1
12889.3496	-1
12898.6953	-1
12908.0410	-1
12917.3867	-1
12926.7334	-1
12936.0801	-1
12945.4268	-1
12954.7734	-1
12964.1201	-1
12973.4668	-1
12982.8145	-1
12992.1621	-1
13001.5098	-1
13010.8574	-1
13020.2051	-1
13029.5527	-1
13038.9004	-1
13048.2480	-1
13057.5957	-1
13066.9434	-1
13076.2910	-1
13085.6387	-1
13094.9863	-1
13104.3340	-1
13113.6816	-1
13123.0293	-1
13132.3770	-1
13141.7246	-1
13151.0723	-1
13160.4199	-1
13169.7676	-1
13179.1152	-1
13188.4629	-1
13197.8105	-1
13207.1582	-1
13216.5059	-1
13225.8535	-1
13235.2012	-1
13244.5488	-1
13253.8965	-1
13263.2441	-1
13272.5918	-1
13281.9395	-1
13291.2871	-1
13300.6348	-1
13309.9824	-1
13319.3301	-1
13328.6777	-1
13338.0254	-1
13347.3730	-1
13356.7207	-1
13366.0684	-1
13375.4160	-1
13384.7637	-1
13394.1113	-1
13403.4590	-1
13412.8066	-1
13422.1543	-1
13431.5029	-1
13440.8516	-1
13450.2002	-1
13459.5488	-1
13468.8975	-1
13478.2461	-1
13487.5947	-1
13496.9434	-1
13506.2920	-1
13515.6406	-1
13524.9893	-1
13534.3379	-1
13543.6865	-1
13553.0352	-1
13562.3838	-1
13571.7324	-1
13581.0811	-1
13590.4297	-1
13599.7783	-1
13609.1270	-1
13618.4756	-1
13627.8242	-1
13637.1729	-1
13646.5215	-1
13655.8701	-1
13665.2188	-1
13674.5674	-1
13683.9160	-1
13693.2646	-1
13702.6133	-1
13711.9727	1
13721.3330	-1
13730.6943	1
13740.0557	1
13749.4170	-1
13758.7783	-1
13768.1396	-1
13777.5010	-1
13786.8623	-1
13796.2236	-1
13805.5850	-1
13814.9463	-1
13824.3076	-1
13833.6699	-1
13843.0322	-1
13852.3945	-1
13861.7568	1
13871.1191	1
13880.4814	1
13889.8438	1
13899.2070	-1
13908.5703	-1
13917.9336	-1
13927.2969	-1
13936.6602	-1
13946.0234	-1
13955.3867	-1
13964.7500	-1
13974.1133	-1
13983.4766	-1
13992.8398	-1
14002.2031	-1
14011.5664	-1
14020.9297	-1
14030.2930	-1
14039.6562	-1
14049.0195	-1
14058.3828	-1
14067.7461	1
14077.1094	1
14086.4727	1
14095.8359	1
14105.1992	1
14114.5625	-1
14123.9258	-1
14133.2891	-1
14142.6523	-1
14152.0156	-1
14161.3789	-1
14170.7422	1
14180.1064	1
14189.4707	1
14198.8359	-1
14208.2012	-1
14217.5664	-1
14226.9316	-1
14236.2969	-1
14245.6621	-1
14255.0273	-1
14264.3926	-1
14273.7578	-1
14283.1230	-1
14292.4883	-1
14301.8535	-1
14311.2188	-1
14320.5840	-1
14329.9492	-1
14339.3145	-1
14348.6797	-1
14358.0449	-1
14367.4111	-1
14376.7773	-1
14386.1436	-1
14395.5098	-1
14404.8760	-1
14414.2422	-1
14423.6084	-1
14432.9746	-1
14442.3408	-1
14451.7070	-1
14461.0732	-1
14470.4395	-1
14479.8057	1
14489.1719	1
14498.5381	-1
14507.9043	-1
14517.2705	-1
14526.6367	-1
14536.0029	-1
14545.3691	-1
14554.7354	-1
14564.1016	-1
14573.4678	-1
14582.8340	-1
14592.2002	-1
14601.5664	-1
14610.9336	-1
14620.3008	-1
14629.6680	-1
14639.0352	-1
14648.4023	-1
14657.7695	-1
14667.1367	-1
14676.5039	-1
14685.8711	-1
14695.2383	-1
14704.6055	-1
14713.9727	-1
14723.3398	-1
14732.7070	-1
14742.0742	-1
14751.4541	1
14760.8359	-1
14770.2178	1
14779.5996	1
14788.9824	-1
14798.3652	-1
14807.7480	-1
14817.1309	-1
14826.5137	-1
14835.8965	-1
14845.2793	-1
14854.6621	-1
14864.0557	1
14873.4502	-1
14882.8447	1
14892.2393	1
14901.6348	-1
14911.0303	-1
14920.4258	-1
14929.8213	-1
14939.2168	-1
14948.6123	-1
14958.0088	-1
14967.4053	-1
14976.8018	-1
14986.1982	-1
14995.5947	-1
15004.9912	-1
15014.3877	1
15023.7842	1
15033.1807	1
15042.5771	1
15051.9746	-1
15061.3721	-1
15070.7695	-1
15080.1670	-1
15089.5645	-1
15098.9619	-1
15108.3604	-1
15117.7588	-1
15127.1572	-1
15136.5557	-1
15145.9541	-1
15155.3525	-1
15164.7510	1
15174.1494	1
15183.5479	1
15192.9463	1
15202.3447	-1
15211.7432	-1
15221.1416	-1
15230.5400	-1
15239.9385	-1
15249.3369	-1
15258.7363	-1
15268.1357	-1
15277.5352	-1
15286.9346	-1
15296.3340	-1
15305.7334	-1
15315.1328	1
15324.5322	1
15333.9316	1
15343.3311	1
15352.7314	-1
15362.1318	-1
15371.5322	-1
15380.9326	-1
15390.3330	-1
15399.7334	-1
15409.1348	-1
15418.5361	-1
15427.9375	-1
15437.3389	-1
15446.7402	-1
15456.1416	-1
15465.5430	-1
15474.9443	-1
15484.3457	-1
15493.7471	-1
15503.1484	-1
15512.5498	-1
15521.9521	-1
15531.3545	-1
15540.7568	-1
15550.1592	-1
15559.5615	-1
15568.9639	-1
15578.3662	1
15587.7686	1
15597.1709	1
15606.5732	1
15615.9766	1
15625.3799	1
15634.7832	1
15644.1875	1
15653.5918	-1
15662.9961	-1
15672.4004	-1
15681.8047	-1
15691.2090	-1
15700.6133	-1
15710.0176	-1
15719.4219	-1
15728.8262	-1
15738.2305	-1
15747.6348	-1
15757.0391	-1
15766.4443	-1
15775.8496	-1
15785.2549	-1
15794.6602	-1
15804.0654	-1
15813.4707	-1
15822.8760	-1
15832.2812	-1
15841.6865	-1
15851.0918	-1
15860.4971	-1
15869.9023	-1
15879.3076	1
15888.7139	-1
15898.1201	-1
15907.5264	-1
15916.9326	-1
15926.3389	-1
15935.7451	-1
15945.1514	-1
15954.5576	-1
15963.9639	-1
15973.3701	-1
15982.7764	-1
15992.1826	-1
16001.5898	-1
16010.9971	-1
16020.4043	-1
16029.8115	-1
16039.2188	-1
16048.6260	-1
16058.0342	-1
16067.4424	-1
16076.8506	-1
16086.2588	-1
16095.6670	-1
16105.0752	-1
16114.4834	-1
16123.8916	-1
16133.2998	-1
16142.7080	-1
16152.1162	-1
16161.5244	-1
16170.9326	-1
16180.3408	-1
16189.7490	-1
16199.1572	-1
16208.5654	-1
16217.9736	-1
16227.3828	-1
16236.7920	-1
16246.2012	-1
16255.6104	-1
16265.0195	-1
16274.4287	-1
16283.8379	-1
16293.2471	-1
16302.6562	-1
16312.0654	-1
16321.4746	-1
16330.8838	-1
16340.2930	-1
16349.7021	-1
16359.1113	-1
16368.5312	1
16377.9521	-1
16387.3730	1
16396.7949	1
16406.2168	-1
16415.6387	-1
16425.0605	-1
16434.4824	-1
16443.9043	-1
16453.3262	-1
16462.7480	-1
16472.1699	-1
16481.5918	-1
16491.0137	-1
16500.4355	-1
16509.8574	-1
16519.2812	1
16528.7051	1
16538.1289	-1
16547.5527	-1
16556.9766	-1
16566.4004	-1
16575.8242	-1
16585.2480	-1
16594.6719	-1
16604.0957	-1
16613.5293	1
16622.9648	-1
16632.4004	1
16641.8359	1
16651.2715	-1
16660.7070	-1
16670.1426	-1
16679.5781	-1
16689.0137	-1
16698.4492	-1
16707.8848	-1
16717.3203	-1
16726.7559	-1
16736.1914	-1
16745.6270	-1
16755.0625	-1
16764.4980	1
16773.9336	1
16783.3711	-1
16792.8086	-1
16802.2461	-1
16811.6836	-1
16821.1211	-1
16830.5586	-1
16839.9961	-1
16849.4336	-1
16858.8711	-1
16868.3184	1
16877.7656	-1
16887.2129	1
16896.6602	1
16906.1094	-1
16915.5586	-1
16925.0078	-1
16934.4570	-1
16943.9062	-1
16953.3555	-1
16962.8047	-1
16972.2539	-1
16981.7031	-1
16991.1523	-1
17000.6016	-1
17010.0508	-1
17019.5000	1
17028.9492	1
17038.3984	1
17047.8477	1
17057.2988	-1
17066.7500	-1
17076.2012	-1
17085.6523	-1
17095.1035	-1
17104.5547	-1
17114.0059	-1
17123.4570	-1
17132.9082	-1
17142.3594	-1
17151.8105	-1
17161.2617	-1
17170.7129	1
17180.1641	1
17189.6152	-1
17199.0664	-1
17208.5176	-1
17217.9688	-1
17227.4199	-1
17236.8711	-1
17246.3223	1
17255.7734	1
17265.2246	-1
17274.6758	-1
17284.1270	-1
17293.5781	-1
17303.0293	-1
17312.4805	-1
17321.9316	1
17331.3828	1
17340.8340	1
17350.2852	1
17359.7402	-1
17369.1953	-1
17378.6504	-1
17388.1055	-1
17397.5605	-1
17407.0156	-1
17416.4707	-1
17425.9258	-1
17435.3809	-1
17444.8359	-1
17454.2910	-1
17463.7461	-1
17473.2012	-1
17482.6562	-1
17492.1113	-1
17501.5664	-1
17511.0215	-1
17520.4766	-1
17529.9316	-1
17539.3867	-1
17548.8418	-1
17558.2969	-1
17567.7520	-1
17577.2070	-1
17586.6621	-1
17596.1172	-1
17605.5723	-1
17615.0273	-1
17624.4824	-1
17633.9375	-1
17643.3926	-1
17652.8477	-1
17662.3027	-1
17671.7578	-1
17681.2129	-1
17690.6680	-1
17700.1230	1
17709.5781	-1
17719.0332	-1
17728.4883	-1
17737.9434	-1
17747.3984	-1
17756.8535	-1
17766.3086	1
17775.7637	1
17785.2188	1
17794.6738	-1
17804.1289	-1
17813.5840	-1
17823.0391	-1
17832.4941	-1
17841.9492	-1
17851.4062	1
17860.8633	1
17870.3203	1
17879.7773	1
17889.2344	1
17898.6914	1
17908.1484	1
17917.6055	1
17927.0625	1
17936.5195	1
17945.9766	1
17955.4336	1
17964.8945	-1
17974.3555	-1
17983.8164	-1
17993.2773	-1
18002.7383	-1
18012.1992	-1
18021.6602	-1
18031.1211	-1
18040.5820	-1
18050.0430	-1
18059.5039	-1
18068.9648	-1
18078.4258	-1
18087.8867	-1
18097.3477	-1
18106.8086	-1
18116.2695	-1
18125.7305	-1
18135.1914	-1
18144.6523	-1
18154.1133	-1
18163.5742	-1
18173.0352	-1
18182.4961	-1
18191.9570	-1
18201.4180	-1
18210.8789	-1
18220.3398	-1
18229.8008	-1
18239.2617	-1
18248.7227	-1
18258.1836	-1
18267.6445	-1
18277.1055	-1
18286.5664	-1
18296.0273	-1
18305.4902	-1
18314.9531	-1
18324.4160	-1
18333.8789	-1
18343.3418	-1
18352.8047	-1
18362.2676	1
18371.7305	1
18381.1934	1
18390.6562	1
18400.1191	1
18409.5820	1
18419.0449	1
18428.5098	-1
18437.9746	-1
18447.4395	-1
18456.9043	-1
18466.3691	-1
18475.8340	-1
18485.2988	-1
18494.7637	-1
18504.2285	-1
18513.6934	-1
18523.1582	-1
18532.6230	-1
18542.0879	-1
18551.5527	-1
18561.0176	-1
18570.4824	-1
18579.9473	-1
18589.4121	-1
18598.8770	-1
18608.3418	-1
18617.8066	-1
18627.2715	-1
18636.7363	-1
18646.2012	-1
18655.6680	-1
18665.1348	-1
18674.6016	-1
18684.0684	-1
18693.5352	-1
18703.0020	-1
18712.4688	-1
18721.9355	-1
18731.4023	-1
18740.8691	-1
18750.3359	-1
18759.8027	-1
18769.2695	-1
18778.7363	-1
18788.2031	-1
18797.6699	-1
18807.1367	-1
18816.6035	-1
18826.0703	-1
18835.5371	-1
18845.0039	-1
18854.4707	-1
18863.9375	-1
18873.4043	-1
18882.8730	-1
18892.3418	-1
18901.8105	-1
18911.2793	-1
18920.7480	-1
18930.2168	-1
18939.6855	-1
18949.1543	-1
18958.6230	-1
18968.0918	-1
18977.5605	-1
18987.0293	-1
18996.4980	-1
19005.9668	-1
19015.4355	-1
19024.9043	-1
19034.3730	-1
19043.8418	-1
19053.3105	-1
19062.7793	-1
19072.2480	-1
19081.7168	-1
19091.1855	-1
19100.6543	-1
19110.1230	-1
19119.5918	-1
19129.0605	-1
19138.5293	-1
19147.9980	-1
19157.4668	-1
19166.9375	-1
19176.4082	-1
19185.8789	-1
19195.3496	-1
19204.8203	-1
19214.2910	-1
19223.7617	-1
19233.2324	-1
19242.7031	-1
19252.1738	-1
19261.6445	-1
19271.1152	-1
19280.5859	-1
19290.0664	1
19299.5469	-1
19309.0293	1
19318.5117	1
19327.9941	-1
19337.4766	-1
19346.9590	-1
19356.4414	-1
19365.9238	-1
19375.4062	-1
19384.8887	-1
19394.3711	-1
19403.8535	-1
19413.3359	-1
19422.8184	-1
19432.3008	-1
19441.7930	1
19451.2852	-1
19460.7773	1
19470.2695	1
19479.7637	-1
19489.2578	-1
19498.7520	-1
19508.2461	-1
19517.7402	-1
19527.2344	-1
19536.7285	-1
19546.2227	-1
19555.7168	-1
19565.2109	-1
19574.7051	-1
19584.1992	-1
19593.6934	1
19603.1875	1
19612.6816	1
19622.1758	1
19631.6699	-1
19641.1641	-1
19650.6582	-1
19660.1523	-1
19669.6465	-1
19679.1406	-1
19688.6348	-1
19698.1289	-1
19707.6230	-1
19717.1172	-1
19726.6113	-1
19736.1055	-1
19745.6016	-1
19755.0977	-1
19764.5938	-1
19774.0898	-1
19783.5859	-1
19793.0820	-1
19802.5781	-1
19812.0742	-1
19821.5703	-1
19831.0664	-1
19840.5625	-1
19850.0586	-1
19859.5547	1
19869.0508	1
19878.5469	1
19888.0430	1
19897.5391	1
19907.0352	1
19916.5312	1
19926.0273	1
19935.5254	-1
19945.0234	-1
19954.5215	-1
19964.0195	-1
19973.5176	-1
19983.0156	-1
19992.5137	-1
20002.0117	-1
20011.5098	-1
20021.0078	-1
20030.5059	-1
20040.0039	-1
20049.5020	-1
20059.0000	-1
20068.4980	-1
20077.9961	-1
20087.4941	-1
20096.9922	-1
20106.4902	-1
20115.9883	-1
20125.4863	-1
20134.9844	-1
20144.4824	-1
20153.9805	-1
20163.4785	-1
20172.9766	-1
20182.4746	-1
20191.9727	-1
20201.4707	-1
20210.9688	-1
20220.4668	-1
20229.9648	-1
20239.4629	-1
20248.9609	-1
20258.4590	-1
20267.9570	-1
20277.4551	-1
20286.9531	-1
20296.4512	-1
20305.9492	-1
20315.4473	-1
20324.9453	-1
20334.4434	-1
20343.9414	-1
20353.4395	-1
20362.9375	-1
20372.4355	-1
20381.9336	-1
20391.4316	1
20400.9297	1
20410.4277	1
20419.9258	1
20429.4238	1
20438.9219	1
20448.4219	1
20457.9219	1
20467.4219	1
20476.9219	1
20486.4219	1
20495.9219	1
20505.4219	1
20514.9219	1
20524.4219	1
20533.9219	1
20543.4219	-1
20552.9219	-1
20562.4219	-1
20571.9219	-1
20581.4219	-1
20590.9219	-1
20600.4219	1
20609.9219	1
20619.4219	-1
20628.9219	-1
20638.4219	-1
20647.9219	-1
20657.4219	-1
20666.9219	-1
20676.4219	-1
20685.9219	-1
20695.4219	-1
20704.9219	-1
20714.4219	-1
20723.9219	-1
20733.4238	-1
20742.9258	-1
20752.4277	-1
20761.9297	-1
20771.4316	-1
20780.9336	-1
20790.4355	-1
20799.9375	-1
20809.4395	-1
20818.9414	-1
20828.4434	-1
20837.9453	-1
20847.4473	-1
20856.9492	-1
20866.4512	-1
20875.9531	-1
20885.4551	-1
20894.9570	-1
20904.4590	1
20913.9609	1
20923.4629	1
20932.9648	1
20942.4668	1
20951.9688	1
20961.4707	1
20970.9727	1
20980.4746	1
20989.9766	1
20999.4805	-1
21008.9844	-1
21018.4883	-1
21027.9922	-1
21037.4961	-1
21047.0000	-1
21056.5039	-1
21066.0078	-1
21075.5117	-1
21085.0156	-1
21094.5195	-1
21104.0234	-1
21113.5293	-1
21123.0352	-1
21132.5410	-1
21142.0469	-1
21151.5527	-1
21161.0586	-1
21170.5645	-1
21180.0703	-1
21189.5762	-1
21199.0820	-1
21208.5879	-1
21218.0938	-1
21227.5996	-1
21237.1055	-1
21246.6113	-1
21256.1172	-1
21265.6230	-1
21275.1289	-1
21284.6348	-1
21294.1406	-1
21303.6465	-1
21313.1523	-1
21322.6582	-1
21332.1641	-1
21341.6699	-1
21351.1758	-1
21360.6816	-1
21370.1875	-1
21379.6934	-1
21389.1992	-1
21398.7051	-1
21408.2109	-1
21417.7168	-1
21427.2227	-1
21436.7285	-1
21446.2344	-1
21455.7402	-1
21465.2461	-1
21474.7520	-1
21484.2578	-1
21493.7637	-1
21503.2695	-1
21512.7754	-1
21522.2812	-1
21531.7871	-1
21541.2930	-1
21550.7988	-1
21560.3047	-1
21569.8105	-1
21579.3164	-1
21588.8223	-1
21598.3281	-1
21607.8340	-1
21617.3398	-1
21626.8457	1
21636.3516	1
21645.8574	-1
21655.3633	-1
21664.8691	-1
21674.3750	-1
21683.8809	-1
21693.3867	1
21702.8926	-1
21712.3984	1
21721.9043	-1
21731.4102	-1
21740.9160	-1
21750.4219	-1
21759.9277	-1
21769.4336	-1
21778.9395	-1
21788.4453	-1
21797.9512	-1
21807.4570	-1
21816.9629	-1
21826.4688	-1
21835.9766	-1
21845.4844	-1
21854.9922	-1
21864.5000	-1
21874.0078	-1
21883.5156	-1
21893.0234	-1
21902.5312	-1
21912.0391	-1
21921.5469	-1
21931.0547	-1
21940.5625	-1
21950.0703	-1
21959.5781	-1
21969.0859	-1
21978.5938	-1
21988.1016	-1
21997.6094	-1
22007.1172	-1
22016.6250	-1
22026.1328	-1
22035.6406	-1
22045.1484	-1
22054.6562	-1
22064.1641	-1
22073.6719	-1
22083.1797	-1
22092.6875	-1
22102.1953	-1
22111.7031	-1
22121.2109	-1
22130.7188	-1
22140.2266	-1
22149.7344	-1
22159.2422	-1
22168.7500	-1
22178.2578	-1
22187.7656	-1
22197.2734	-1
22206.7812	-1
22216.2891	-1
22225.7969	-1
22235.3047	-1
22244.8125	-1
22254.3203	-1
22263.8281	-1
22273.3359	-1
22282.8438	-1
22292.3535	1
22301.8633	1
22311.3730	-1
22320.8828	-1
22330.3926	-1
22339.9023	-1
22349.4121	-1
22358.9219	-1
22368.4316	1
22377.9414	1
22387.4512	1
22396.9609	1
22406.4707	1
22415.9805	1
22425.4902	1
22435.0000	1
22444.5098	1
22454.0195	1
22463.5293	1
22473.0410	-1
22482.5527	-1
22492.0645	-1
22501.5762	-1
22511.0879	-1
22520.5996	-1
22530.1113	-1
22539.6230	-1
22549.1348	-1
22558.6465	-1
22568.1582	-1
22577.6699	-1
22587.1816	-1
22596.6934	-1
22606.2051	-1
22615.7168	-1
22625.2285	-1
22634.7402	-1
22644.2520	-1
22653.7637	-1
22663.2754	-1
22672.7871	-1
22682.2988	-1
22691.8105	-1
22701.3223	-1
22710.8340	-1
22720.3457	-1
22729.8574	-1
22739.3691	-1
22748.8809	-1
22758.3926	-1
22767.9043	-1
22777.4160	-1
22786.9277	-1
22796.4395	-1
22805.9512	-1
22815.4648	-1
22824.9785	-1
22834.4922	-1
22844.0059	-1
22853.5195	-1
22863.0332	-1
22872.5469	-1
22882.0605	-1
22891.5742	-1
22901.0879	-1
22910.6016	-1
22920.1152	-1
22929.6289	-1
22939.1426	-1
22948.6562	-1
22958.1699	-1
22967.6836	-1
22977.1973	-1
22986.7109	-1
22996.2246	-1
23005.7383	-1
23015.2520	-1
23024.7656	-1
23034.2793	-1
23043.7930	-1
23053.3066	-1
23062.8203	-1
23072.3340	-1
23081.8477	-1
23091.3613	-1
23100.8750	-1
23110.3887	-1
23119.9023	-1
23129.4160	-1
23138.9297	-1
23148.4434	-1
23157.9570	-1
23167.4707	-1
23176.9844	-1
23186.4980	-1
23196.0117	-1
23205.5254	-1
23215.0391	-1
23224.5527	-1
23234.0664	-1
23243.5801	-1
23253.0938	-1
23262.6074	-1
23272.1211	-1
23281.6348	-1
23291.1484	-1
23300.6621	-1
23310.3652	1
23320.0703	-1
23329.7754	-1
23339.4805	-1
23349.1855	-1
23358.8906	-1
23368.5957	-1
23378.3125	1
23388.0312	-1
23397.7500	1
23407.4688	1
23417.1895	-1
23426.9102	-1
23436.6309	-1
23446.3516	-1
23456.0723	-1
23465.7930	-1
23475.5137	-1
23485.2344	-1
23494.9551	-1
23504.6758	-1
23514.3965	-1
23524.1172	-1
23533.8379	1
23543.5586	1
23553.2793	1
23563.0000	1
23572.7227	-1
23582.4453	-1
23592.1680	-1
23601.8906	-1
23611.6133	-1
23621.3359	-1
23631.0586	-1
23640.7812	-1
23650.5039	-1
23660.2266	-1
23669.9492	-1
23679.6719	-1
23689.3945	-1
23699.1172	-1
23708.8398	-1
23718.5625	-1
23728.2852	-1
23738.0078	-1
23747.7305	-1
23757.4531	-1
23767.1758	-1
23776.8984	-1
23786.6211	-1
23796.3438	-1
23806.0664	1
23815.7910	-1
23825.5156	-1
23835.2402	-1
23844.9648	-1
23854.6992	1
23864.4355	-1
23874.1719	1
23883.9082	1
23893.6465	-1
23903.3848	-1
23913.1230	-1
23922.8711	1
23932.6211	-1
23942.3711	1
23952.1211	1
23961.8711	-1
23971.6211	-1
23981.3809	1
23991.1426	-1
24000.9043	1
24010.6660	1
24020.4277	-1
24030.1895	-1
24039.9512	-1
24049.7129	-1
24059.4746	-1
24069.2363	-1
24078.9980	-1
24088.7598	-1
24098.5215	-1
24108.2832	-1
24118.0449	-1
24127.8066	-1
24137.5703	1
24147.3340	1
24157.0977	1
24166.8613	1
24176.6250	-1
24186.3887	-1
24196.1523	-1
24205.9160	-1
24215.6797	-1
24225.4434	-1
24235.2070	-1
24244.9707	-1
24254.7344	-1
24264.4980	-1
24274.2617	-1
24284.0254	-1
24293.7891	-1
24303.5527	-1
24313.3164	-1
24323.0801	-1
24332.8438	-1
24342.6074	-1
24352.3711	-1
24362.1348	-1
24371.9102	1
24381.6855	-1
24391.4609	1
24401.2363	1
24411.0137	-1
24420.7910	-1
24430.5684	-1
24440.3457	-1
24450.1230	-1
24459.9004	-1
24469.6777	-1
24479.4551	-1
24489.2324	-1
24499.0195	1
24508.8066	-1
24518.5938	1
24528.3809	1
24538.1699	-1
24547.9590	-1
24557.7480	-1
24567.5469	1
24577.3457	-1
24587.1465	1
24596.9473	1
24606.7480	-1
24616.5488	-1
24626.3594	1
24636.1699	-1
24645.9805	1
24655.7930	1
24665.6055	-1
24675.4199	-1
24685.2422	1
24695.0645	-1
24704.8887	1
24714.7129	1
24724.5371	-1
24734.3613	-1
24744.1953	1
24754.0293	-1
24763.8652	1
24773.7012	1
24783.5371	-1
24793.3730	-1
24803.2188	1
24813.0645	-1
24822.9121	1
24832.7598	1
24842.6074	-1
24852.4551	-1
24862.3027	-1
24872.1504	-1
24881.9980	-1
24891.8457	-1
24901.6934	-1
24911.5410	-1
24921.3887	-1
24931.2363	-1
24941.0840	-1
24950.9316	-1
24960.7793	1
24970.6270	1
24980.4746	1
24990.3223	1
25000.1719	-1
25010.0215	-1
25019.8711	-1
25029.7207	-1
25039.5703	-1
25049.4199	-1
25059.2695	-1
25069.1191	-1
25078.9688	-1
25088.8184	-1
25098.6680	-1
25108.5176	-1
25118.3672	-1
25128.2168	-1
25138.0664	-1
25147.9160	-1
25157.7656	-1
25167.6152	-1
25177.4648	-1
25187.3145	-1
25197.1641	-1
25207.0137	-1
25216.8633	-1
25226.7129	-1
25236.5625	1
25246.4121	1
25256.2617	1
25266.1113	1
25275.9609	1
25285.8105	1
25295.6602	1
25305.5098	-1
25315.3594	-1
25325.2090	-1
25335.0586	-1
25344.9082	-1
25354.7578	-1
25364.6094	-1
25374.4609	-1
25384.3125	-1
25394.1641	-1
25404.0156	-1
25413.8672	-1
25423.7188	-1
25433.5703	-1
25443.4219	-1
25453.2734	-1
25463.1250	-1
25472.9766	-1
25482.8281	-1
25492.6797	-1
25502.5312	-1
25512.3828	-1
25522.2344	-1
25532.0859	-1
25541.9375	-1
25551.7891	-1
25561.6406	-1
25571.4922	-1
25581.3438	-1
25591.1953	-1
25601.0469	-1
25610.8984	-1
25620.7500	-1
25630.6016	-1
25640.4531	-1
25650.3047	-1
25660.1562	-1
25670.0078	-1
25679.8594	-1
25689.7207	1
25699.5840	-1
25709.4473	1
25719.3105	1
25729.1738	-1
25739.0391	-1
25748.9141	1
25758.7891	-1
25768.6641	1
25778.5391	1
25788.4160	-1
25798.2930	-1
25808.1699	-1
25818.0469	-1
25827.9238	-1
25837.8008	-1
25847.6777	-1
25857.5547	-1
25867.4316	-1
25877.3086	-1
25887.1855	-1
25897.0625	-1
25906.9395	1
25916.8164	1
25926.6934	1
25936.5703	1
25946.4492	-1
25956.3281	-1
25966.2070	-1
25976.0859	-1
25985.9648	-1
25995.8438	-1
26005.7227	-1
26015.6016	-1
26025.4805	-1
26035.3594	-1
26045.2383	-1
26055.1172	-1
26064.9961	-1
26074.8750	-1
26084.7539	-1
26094.6328	-1
26104.5117	-1
26114.3906	-1
26124.2695	-1
26134.1484	-1
26144.0273	-1
26153.9062	-1
26163.7852	-1
26173.6641	-1
26183.5430	1
26193.4238	1
26203.3047	-1
26213.1855	-1
26223.0664	-1
26232.9473	-1
26242.8281	-1
26252.7090	-1
26262.5898	-1
26272.4805	1
26282.3730	-1
26292.2656	1
26302.1582	1
26312.0508	-1
26321.9434	-1
26331.8359	-1
26341.7285	-1
26351.6211	-1
26361.5137	-1
26371.4062	-1
26381.2988	-1
26391.1914	-1
26401.0840	-1
26410.9766	-1
26420.8691	-1
26430.7637	1
26440.6582	1
26450.5527	1
26460.4473	1
26470.3438	-1
26480.2402	-1
26490.1367	-1
26500.0332	-1
26509.9297	-1
26519.8262	-1
26529.7227	-1
26539.6191	-1
26549.5156	-1
26559.4121	-1
26569.3086	-1
26579.2051	-1
26589.1016	-1
26598.9980	-1
26608.8945	-1
26618.7910	-1
26628.6875	-1
26638.5840	-1
26648.4805	-1
26658.3770	-1
26668.2734	-1
26678.1699	-1
26688.0664	-1
26697.9629	-1
26707.8594	1
26717.7559	1
26727.6523	1
26737.5488	1
26747.4453	1
26757.3418	1
26767.2383	1
26777.1348	1
26787.0332	-1
26796.9316	-1
26806.8301	-1
26816.7285	-1
26826.6270	-1
26836.5254	-1
26846.4238	-1
26856.3223	-1
26866.2207	-1
26876.1191	-1
26886.0176	-1
26895.9160	-1
26905.8145	1
26915.7129	1
26925.6133	1
26935.5137	1
26945.4141	-1
26955.3145	-1
26965.2148	-1
26975.1152	-1
26985.0156	-1
26994.9160	-1
27004.8164	-1
27014.7168	-1
27024.6172	-1
27034.5176	-1
27044.4180	-1
27054.3184	-1
27064.2188	-1
27074.1191	-1
27084.0195	-1
27093.9199	-1
27103.8203	-1
27113.7207	-1
27123.6230	-1
27133.5254	-1
27143.4277	-1
27153.3301	-1
27163.2324	-1
27173.1348	-1
27183.0371	-1
27192.9395	-1
27202.8418	-1
27212.7441	-1
27222.6465	-1
27232.5488	-1
27242.4512	-1
27252.3535	-1
27262.2559	-1
27272.1582	-1
27282.0605	-1
27291.9629	-1
27301.8652	-1
27311.7676	-1
27321.6699	-1
27331.5723	-1
27341.4746	-1
27351.3770	-1
27361.2793	-1
27371.1816	-1
27381.0840	-1
27390.9863	-1
27400.8887	-1
27410.7910	-1
27420.6934	-1
27430.5957	-1
27440.4980	-1
27450.4004	-1
27460.3027	-1
27470.2051	-1
27480.1074	-1
27490.0234	1
27499.9395	-1
27509.8574	1
27519.7754	1
27529.6934	-1
27539.6113	-1
27549.5391	1
27559.4688	-1
27569.3984	1
27579.3281	1
27589.2578	-1
27599.1875	-1
27609.1270	1
27619.0684	-1
27629.0098	1
27638.9512	1
27648.8945	-1
27658.8379	-1
27668.7891	1
27678.7422	-1
27688.6953	1
27698.6484	1
27708.6035	-1
27718.5586	-1
27728.5215	1
27738.4863	-1
27748.4512	1
27758.4160	1
27768.3809	-1
27778.3477	-1
27788.3223	1
27798.2988	-1
27808.2754	1
27818.2520	1
27828.2285	-1
27838.2051	-1
27848.1816	-1
27858.1680	1
27868.1562	-1
27878.1445	1
27888.1328	1
27898.1211	-1
27908.1094	-1
27918.0977	-1
27928.0957	1
27938.0938	-1
27948.0938	1
27958.0938	1
27968.0938	-1
27978.0938	-1
27988.1055	1
27998.1191	-1
28008.1328	1
28018.1465	1
28028.1602	-1
28038.1738	-1
28048.1875	-1
28058.2109	1
28068.2363	-1
28078.2617	1
28088.2871	1
28098.3145	-1
28108.3418	-1
28118.3691	-1
28128.4043	1
28138.4414	-1
28148.4785	1
28158.5156	1
28168.5547	-1
28178.5938	-1
28188.6426	1
28198.6914	-1
28208.7402	1
28218.7891	1
28228.8398	-1
28238.8906	-1
28248.9512	1
28259.0117	-1
28269.0742	1
28279.1367	1
28289.1992	-1
28299.2617	-1
28309.3242	-1
28319.3867	-1
28329.4492	-1
28339.5117	-1
28349.5742	-1
28359.6367	-1
28369.6992	-1
28379.7617	-1
28389.8242	-1
28399.8867	-1
28409.9492	1
28420.0117	1
28430.0742	1
28440.1367	1
28450.2012	-1
28460.2656	-1
28470.3301	-1
28480.3945	-1
28490.4590	-1
28500.5234	-1
28510.5879	-1
28520.6523	-1
28530.7168	-1
28540.7812	-1
28550.8457	-1
28560.9102	-1
28570.9746	1
28581.0391	1
28591.1035	-1
28601.1680	-1
28611.2324	-1
28621.2969	-1
28631.3613	-1
28641.4258	-1
28651.4902	-1
28661.5547	-1
28671.6191	-1
28681.6836	-1
28691.7480	-1
28701.8125	-1
28711.8770	-1
28721.9414	-1
28732.0059	-1
28742.0703	-1
28752.1348	-1
28762.1992	-1
28772.2637	-1
28782.3281	-1
28792.3926	-1
28802.4570	-1
28812.5215	-1
28822.5957	1
28832.6719	-1
28842.7480	1
28852.8242	1
28862.9023	-1
28872.9805	-1
28883.0586	-1
28893.1367	-1
28903.2148	-1
28913.2930	-1
28923.3711	-1
28933.4492	-1
28943.5273	-1
28953.6055	-1
28963.6836	-1
28973.7617	-1
28983.8398	1
28993.9180	1
29003.9961	1
29014.0762	-1
29024.1562	-1
29034.2363	-1
29044.3164	-1
29054.3965	-1
29064.4766	-1
29074.5566	-1
29084.6367	-1
29094.7168	-1
29104.7969	-1
29114.8770	-1
29124.9570	-1
29135.0371	-1
29145.1270	1
29155.2168	-1
29165.3066	1
29175.3965	1
29185.4883	-1
29195.5801	-1
29205.6719	-1
29215.7637	-1
29225.8555	-1
29235.9473	-1
29246.0391	-1
29256.1309	-1
29266.2227	-1
29276.3145	-1
29286.4062	-1
29296.4980	-1
29306.5898	1
29316.6816	1
29326.7734	1
29336.8652	1
29346.9570	-1
29357.0488	-1
29367.1406	-1
29377.2324	-1
29387.3242	-1
29397.4160	-1
29407.5078	-1
29417.5996	-1
29427.6914	-1
29437.7832	-1
29447.8750	-1
29457.9668	-1
29468.0586	1
29478.1504	1
29488.2441	1
29498.3379	1
29508.4316	-1
29518.5254	-1
29528.6191	-1
29538.7129	-1
29548.8066	-1
29558.9004	-1
29568.9941	-1
29579.0879	-1
29589.1816	-1
29599.2754	-1
29609.3691	-1
29619.4629	-1
29629.5566	1
29639.6504	1
29649.7441	1
29659.8379	1
29669.9316	-1
29680.0254	-1
29690.1191	-1
29700.2129	-1
29710.3066	-1
29720.4004	-1
29730.4941	-1
29740.5879	-1
29750.6816	-1
29760.7754	-1
29770.8691	-1
29780.9629	-1
29791.0566	-1
29801.1504	-1
29811.2441	-1
29821.3379	-1
29831.4316	-1
29841.5254	-1
29851.6191	-1
29861.7129	-1
29871.8066	-1
29881.9004	-1
29891.9941	-1
29902.0879	-1
29912.1836	1
29922.2793	1
29932.3750	1
29942.4707	1
29952.5664	1
29962.6621	1
29972.7578	1
29982.8535	1
29992.9492	-1
30003.0449	-1
30013.1406	-1
30023.2363	-1
30033.3320	-1
30043.4277	-1
30053.5234	1
30063.6191	-1
30073.7148	-1
30083.8105	-1
30093.9062	-1
30104.0020	-1
30114.0977	-1
30124.1934	-1
30134.2891	-1
30144.3848	-1
30154.4805	-1
30164.5762	-1
30174.6719	-1
30184.7676	-1
30194.8633	-1
30204.9590	-1
30215.0547	-1
30225.1504	-1
30235.2461	-1
30245.3418	-1
30255.4375	-1
30265.5332	-1
30275.6289	-1
30285.7246	-1
30295.8203	-1
30305.9180	-1
30316.0156	-1
30326.1133	-1
30336.2109	-1
30346.3086	-1
30356.4062	-1
30366.5039	1
30376.6016	1
30386.6992	1
30396.7969	1
30406.8945	1
30416.9922	1
30427.0898	1
30437.1875	1
30447.2852	1
30457.3828	1
30467.4805	1
30477.5781	-1
30487.6758	-1
30497.7734	-1
30507.8711	-1
30517.9688	-1
30528.0664	-1
30538.1660	-1
30548.2656	-1
30558.3652	-1
30568.4648	-1
30578.5645	-1
30588.6641	-1
30598.7637	1
30608.8633	1
30618.9629	-1
30629.0625	-1
30639.1621	-1
30649.2617	-1
30659.3613	-1
30669.4609	-1
30679.5605	-1
30689.6602	-1
30699.7598	-1
30709.8594	-1
30719.9590	-1
30730.0586	-1
30740.1582	-1
30750.2578	-1
30760.3574	-1
30770.4570	-1
30780.5566	-1
30790.6562	-1
30800.7559	-1
30810.8555	-1
30820.9551	-1
30831.0547	-1
30841.1543	-1
30851.2539	-1
30861.3535	-1
30871.4531	-1
30881.5527	-1
30891.6523	-1
30901.7520	-1
30911.8516	-1
30921.9512	-1
30932.0508	-1
30942.1504	-1
30952.2500	-1
30962.3496	-1
30972.4492	-1
30982.5488	-1
30992.6484	-1
31002.7480	-1
31012.8477	-1
31022.9473	-1
31033.0469	-1
31043.1465	1
31053.2480	1
31063.3496	1
31073.4512	1
31083.5527	1
31093.6543	1
31103.7559	1
31113.8574	1
31123.9590	1
31134.0605	1
31144.1621	1
31154.2637	1
31164.3652	1
31174.4668	1
31184.5684	-1
31194.6719	-1
31204.7754	-1
31214.8789	-1
31224.9824	-1
31235.0859	-1
31245.1895	-1
31255.2930	-1
31265.3965	-1
31275.5000	-1
31285.6035	-1
31295.7070	-1
31305.8105	-1
31315.9141	-1
31326.0176	-1
31336.1211	-1
31346.2246	-1
31356.3281	-1
31366.4316	-1
31376.5352	-1
31386.6387	-1
31396.7422	-1
31406.8457	-1
31416.9492	-1
31427.0527	-1
31437.1562	-1
31447.2598	-1
31457.3633	-1
31467.4668	-1
31477.5703	-1
31487.6758	-1
31497.7812	-1
31507.8867	-1
31517.9922	-1
31528.0977	-1
31538.2031	-1
31548.3086	-1
31558.4141	-1
31568.5195	-1
31578.6250	-1
31588.7305	-1
31598.8359	-1
31608.9434	-1
31619.0508	-1
31629.1582	-1
31639.2656	-1
31649.3730	-1
31659.4805	-1
31669.5879	-1
31679.6953	-1
31689.8027	-1
31699.9102	-1
31710.0176	-1
31720.1250	-1
31730.2324	-1
31740.3398	-1
31750.4473	-1
31760.5547	-1
31770.6621	-1
31780.7695	-1
31790.8770	-1
31800.9844	-1
31811.0918	-1
31821.1992	-1
31831.3066	-1
31841.4141	-1
31851.5215	-1
31861.6289	-1
31871.7363	-1
31881.8438	-1
31891.9512	-1
31902.0586	-1
31912.1660	-1
31922.2734	-1
31932.3809	-1
31942.4883	-1
31952.5957	-1
31962.7031	-1
31972.8105	-1
31982.9180	-1
31993.0254	-1
32003.1328	-1
32013.2402	-1
32023.3477	-1
32033.4551	-1
32043.5625	-1
32053.6699	-1
32063.7773	-1
32073.8848	-1
32083.9922	-1
32094.1016	-1
32104.2109	-1
32114.3203	-1
32124.4297	-1
32134.5391	-1
32144.6484	-1
32154.7578	-1
32164.8672	-1
32174.9766	-1
32185.0859	-1
32195.1953	-1
32205.3047	-1
32215.4141	-1
32225.5234	-1
32235.6328	-1
32245.7422	-1
32255.8516	-1
32265.9609	-1
32276.0703	-1
32286.1797	-1
32296.2891	-1
32306.3984	-1
32316.5078	-1
32326.6172	-1
32336.7266	-1
32346.8359	-1
32356.9453	-1
32367.0547	-1
32377.1641	-1
32387.2734	-1
32397.3828	-1
32407.4922	-1
32417.6016	-1
32427.7109	-1
32437.8203	-1
32447.9297	-1
32458.0391	-1
32468.1484	-1
32478.2578	-1
32488.3672	-1
32498.4766	-1
32508.5859	-1
32518.6953	-1
32528.8047	-1
32538.9141	-1
32549.0234	-1
32559.1328	-1
32569.2422	-1
32579.3516	-1
32589.4609	-1
32599.5703	-1
32609.6797	-1
32619.7891	-1
32629.8984	-1
32640.0078	-1
32650.1172	-1
32660.2266	-1
32670.3359	-1
32680.6387	1
32690.9414	1
32701.2441	-1
32711.5469	-1
32721.8496	-1
32732.1523	-1
32742.4551	-1
32752.7578	-1
32763.0605	-1
32773.3633	-1
32783.6641	-1
32793.9648	-1
32804.3086	1
32814.6523	-1
