0.0000	0
0.1640	1
0.2787	888
0.6786	888
0.7355	888
0.7407	888
0.7723	888
0.8693	888
0.9010	888
0.9508	888
0.9699	888
1.0056	888
1.0204	888
1.1800	888
1.2166	888
1.2603	888
1.4496	888
1.6061	888
1.6438	888
1.6443	888
1.6761	888
1.7762	888
1.8386	888
1.8757	888
1.8795	888
1.9857	888
1.9911	888
1.9926	888
2.0349	888
2.0564	888
2.0584	888
2.0686	888
2.1179	888
2.1343	888
2.1512	888
2.1994	888
2.2396	888
2.3675	888
2.4085	888
2.4429	888
2.4952	888
2.5786	888
2.6217	888
2.6238	888
2.6720	888
2.7181	888
2.7291	888
2.7522	888
2.7685	888
2.8048	888
2.8380	888
2.8509	888
2.9268	888
2.9953	888
3.2250	888
3.3231	888
3.4641	888
3.4728	888
3.5046	888
3.5896	888
3.5964	888
3.6012	888
3.6750	888
3.7805	888
3.8594	888
3.8726	888
4.2375	888
4.3240	888
4.3543	888
4.6191	888
5.6765	1
6.7133	888
11.1896	-1
11.4758	-888
11.5641	-888
11.5954	-888
12.2297	-888
12.2416	-888
12.2431	-888
12.4668	-888
12.4815	-888
12.5277	-888
12.6114	-888
12.7036	-888
12.7213	-888
12.7436	-888
12.8515	-888
12.9092	-888
12.9813	-888
13.0622	-888
13.1129	-888
13.5247	-888
13.5430	-888
13.7292	-888
13.8777	-888
13.9125	-888
13.9232	-888
13.9359	-888
14.1596	-888
14.3206	-888
14.3248	-888
14.3399	-888
14.4610	-888
14.4796	-888
14.9216	-888
14.9769	-888
14.9872	-888
15.0080	-888
15.0279	-888
15.1549	-888
15.2660	-888
15.5437	-888
15.7232	-888
16.0229	-888
16.0267	-888
16.0673	-888
16.1945	-888
16.4190	-888
16.5419	-888
16.8331	-888
17.4931	-888
18.1911	-888
18.4492	1
25.7104	-1
32.9719	1
40.2335	1
47.4963	-1
54.7592	-1
62.0221	-1
69.2850	-1
76.5479	-1
83.8107	-1
91.0737	-1
98.3367	-1
105.5997	-1
112.8627	-1
120.1257	-1
127.3886	-1
134.6520	1
141.9153	1
149.1787	1
156.4422	1
163.7073	-1
170.9724	-1
178.2375	-1
185.5026	-1
192.7677	-1
200.0329	-1
207.2981	-1
214.5633	-1
221.8285	-1
229.0937	-1
236.3590	-1
243.6242	-1
250.8895	-1
258.1549	-1
265.4202	-1
272.6856	-1
279.9509	-1
287.2163	-1
294.4818	-1
301.7472	-1
309.0127	-1
316.2782	-1
323.5436	-1
330.8091	-1
338.0748	1
345.3405	1
352.6063	1
359.8720	1
367.1379	1
374.4039	1
381.6702	1
388.9368	1
396.2053	-1
403.4737	-1
410.7422	-1
418.0106	-1
425.2791	-1
432.5475	-1
439.8161	-1
447.0847	-1
454.3532	-1
461.6218	-1
468.8903	-1
476.1589	-1
483.4285	-1
490.6981	-1
497.9677	-1
505.2372	-1
512.5068	-1
519.7764	-1
527.0461	-1
534.3159	-1
541.5856	-1
548.8553	-1
556.1250	-1
563.3947	-1
570.6644	1
577.9342	1
585.2040	1
592.4738	-1
599.7436	1
607.0134	-1
614.2833	-1
621.5531	-1
628.8229	-1
636.0928	-1
643.3627	-1
650.6327	-1
657.9026	-1
665.1726	-1
672.4426	-1
679.7125	-1
686.9826	-1
694.2527	-1
701.5228	-1
708.7928	-1
716.0630	-1
723.3331	-1
730.6034	-1
737.8737	-1
745.1439	-1
752.4142	-1
759.6844	-1
766.9547	-1
774.2254	1
781.4962	1
788.7669	1
796.0390	-1
803.3111	-1
810.5832	-1
817.8553	-1
825.1274	-1
832.3995	-1
839.6727	-1
846.9460	-1
854.2192	-1
861.4925	-1
868.7657	-1
876.0390	-1
883.3123	-1
890.5856	-1
897.8589	-1
905.1323	-1
912.4057	-1
919.6791	-1
926.9525	-1
934.2260	-1
941.4994	-1
948.7728	-1
956.0463	-1
963.3198	-1
970.5934	-1
977.8669	-1
985.1405	-1
992.4141	-1
999.6876	-1
1006.9612	-1
1014.2349	-1
1021.5085	-1
1028.7822	-1
1036.0559	-1
1043.3296	-1
1050.6033	-1
1057.8770	-1
1065.1508	-1
1072.4246	-1
1079.6984	-1
1086.9722	-1
1094.2570	1
1101.5430	-1
1108.8293	1
1116.1157	1
1123.4027	-1
1130.6897	-1
1137.9767	-1
1145.2637	-1
1152.5507	-1
1159.8376	-1
1167.1248	-1
1174.4119	-1
1181.6990	-1
1188.9861	-1
1196.2732	-1
1203.5603	-1
1210.8478	1
1218.1354	1
1225.4230	1
1232.7106	1
1239.9988	-1
1247.2870	-1
1254.5752	-1
1261.8634	-1
1269.1516	-1
1276.4398	-1
1283.7281	-1
1291.0165	-1
1298.3048	-1
1305.5931	-1
1312.8815	-1
1320.1698	-1
1327.4584	-1
1334.7469	-1
1342.0355	-1
1349.3241	-1
1356.6127	-1
1363.9012	-1
1371.1901	-1
1378.4789	-1
1385.7677	-1
1393.0565	-1
1400.3453	-1
1407.6342	-1
1414.9231	1
1422.2120	1
1429.5012	1
1436.7904	1
1444.0797	1
1451.3690	1
1458.6587	-1
1465.9484	-1
1473.2380	-1
1480.5277	-1
1487.8174	-1
1495.1071	-1
1502.3969	1
1509.6866	1
1516.9768	-1
1524.2670	-1
1531.5571	-1
1538.8473	-1
1546.1375	-1
1553.4276	-1
1560.7181	1
1568.0096	-1
1575.3011	-1
1582.5927	-1
1589.8842	-1
1597.1757	-1
1604.4672	-1
1611.7590	-1
1619.0509	-1
1626.3428	-1
1633.6346	-1
1640.9265	-1
1648.2184	-1
1655.5104	-1
1662.8024	-1
1670.0944	-1
1677.3864	-1
1684.6783	-1
1691.9703	-1
1699.2623	-1
1706.5543	-1
1713.8463	-1
1721.1383	-1
1728.4304	-1
1735.7225	-1
1743.0148	-1
1750.3070	-1
1757.5992	-1
1764.8915	-1
1772.1837	-1
1779.4760	-1
1786.7683	-1
1794.0607	-1
1801.3530	-1
1808.6454	-1
1815.9377	-1
1823.2301	-1
1830.5226	-1
1837.8151	-1
1845.1075	-1
1852.4102	1
1859.7140	-1
1867.0182	1
1874.3224	1
1881.6277	-1
1888.9330	-1
1896.2383	-1
1903.5436	-1
1910.8489	-1
1918.1542	-1
1925.4596	-1
1932.7650	-1
1940.0704	-1
1947.3759	-1
1954.6813	-1
1961.9867	-1
1969.2925	1
1976.5983	1
1983.9041	1
1991.2100	1
1998.5171	-1
2005.8242	-1
2013.1313	-1
2020.4385	-1
2027.7456	-1
2035.0527	-1
2042.3604	1
2049.6680	1
2056.9756	-1
2064.2832	-1
2071.5908	-1
2078.8984	-1
2086.2061	-1
2093.5137	-1
2100.8215	-1
2108.1294	-1
2115.4373	-1
2122.7451	-1
2130.0530	-1
2137.3608	-1
2144.6687	-1
2151.9766	-1
2159.2844	-1
2166.5923	-1
2173.9001	-1
2181.2080	-1
2188.5173	-1
2195.8267	-1
2203.1360	-1
2210.4453	-1
2217.7546	-1
2225.0640	-1
2232.3733	-1
2239.6826	-1
2246.9919	-1
2254.3113	1
2261.6316	-1
2268.9524	1
2276.2732	1
2283.5945	-1
2290.9163	-1
2298.2473	1
2305.5796	-1
2312.9121	1
2320.2446	1
2327.5776	-1
2334.9106	-1
2342.2437	-1
2349.5767	-1
2356.9097	-1
2364.2427	-1
2371.5759	-1
2378.9092	-1
2386.2424	-1
2393.5757	-1
2400.9089	-1
2408.2422	-1
2415.5757	1
2422.9094	1
2430.2432	1
2437.5769	1
2444.9111	-1
2452.2454	-1
2459.5796	-1
2466.9138	-1
2474.2480	-1
2481.5823	-1
2488.9172	1
2496.2522	1
2503.5872	-1
2510.9221	-1
2518.2571	-1
2525.5920	-1
2532.9270	-1
2540.2620	-1
2547.5972	-1
2554.9324	-1
2562.2676	-1
2569.6028	-1
2576.9380	-1
2584.2732	-1
2591.6086	-1
2598.9441	-1
2606.2795	-1
2613.6150	-1
2620.9504	-1
2628.2859	-1
2635.6218	1
2642.9578	-1
2650.2937	-1
2657.6296	-1
2664.9656	-1
2672.3015	-1
2679.6375	-1
2686.9734	1
2694.3093	1
2701.6453	1
2708.9812	1
2716.3171	1
2723.6533	1
2730.9897	1
2738.3267	-1
2745.6636	-1
2753.0005	-1
2760.3374	-1
2767.6743	-1
2775.0112	-1
2782.3491	-1
2789.6870	-1
2797.0249	-1
2804.3628	-1
2811.7007	-1
2819.0386	-1
2826.3765	1
2833.7146	1
2841.0527	-1
2848.3909	-1
2855.7290	-1
2863.0671	-1
2870.4053	-1
2877.7434	-1
2885.0815	-1
2892.4197	-1
2899.7578	-1
2907.0959	-1
2914.4341	-1
2921.7722	-1
2929.1106	-1
2936.4490	-1
2943.7874	-1
2951.1257	-1
2958.4641	-1
2965.8025	-1
2973.1409	-1
2980.4792	-1
2987.8176	-1
2995.1560	-1
3002.4944	-1
3009.8328	-1
3017.1714	-1
3024.5100	-1
3031.8486	-1
3039.1873	-1
3046.5259	-1
3053.8645	-1
3061.2031	-1
3068.5417	-1
3075.8804	-1
3083.2190	-1
3090.5576	-1
3097.8962	-1
3105.2351	-1
3112.5740	-1
3119.9128	-1
3127.2517	-1
3134.5906	-1
3141.9294	-1
3149.2683	-1
3156.6072	-1
3163.9460	-1
3171.2849	-1
3178.6238	-1
3185.9626	-1
3193.3022	1
3200.6418	1
3207.9819	-1
3215.3220	-1
3222.6621	-1
3230.0022	-1
3237.3423	-1
3244.6824	-1
3252.0229	-1
3259.3635	-1
3266.7041	-1
3274.0447	-1
3281.3853	-1
3288.7258	-1
3296.0669	-1
3303.4080	-1
3310.7588	1
3318.1108	-1
3325.4631	1
3332.8154	1
3340.1682	-1
3347.5210	-1
3354.8738	-1
3362.2273	-1
3369.5903	1
3376.9546	-1
3384.3191	1
3391.6836	1
3399.0486	-1
3406.4136	-1
3413.7786	-1
3421.1436	-1
3428.5090	-1
3435.8835	1
3443.2593	-1
3450.6353	1
3458.0112	1
3465.3884	-1
3472.7656	-1
3480.1428	-1
3487.5200	-1
3494.8972	-1
3502.2744	-1
3509.6516	-1
3517.0288	-1
3524.4060	-1
3531.7832	-1
3539.1604	-1
3546.5376	-1
3553.9150	1
3561.2927	1
3568.6704	1
3576.0481	1
3583.4275	-1
3590.8069	-1
3598.1863	-1
3605.5657	-1
3612.9451	-1
3620.3245	-1
3627.7041	-1
3635.0837	-1
3642.4634	-1
3649.8430	-1
3657.2227	-1
3664.6023	-1
3671.9819	-1
3679.3616	-1
3686.7412	-1
3694.1208	-1
3701.5005	-1
3708.8801	-1
3716.2598	-1
3723.6394	-1
3731.0190	-1
3738.3987	-1
3745.7783	-1
3753.1580	-1
3760.5381	1
3767.9182	1
3775.2983	1
3782.6785	1
3790.0586	1
3797.4390	1
3804.8193	1
3812.1997	1
3819.5828	-1
3826.9658	-1
3834.3489	-1
3841.7319	-1
3849.1150	-1
3856.4980	-1
3863.8813	-1
3871.2646	-1
3878.6479	-1
3886.0312	-1
3893.4146	-1
3900.7979	-1
3908.1812	-1
3915.5645	-1
3922.9478	-1
3930.3311	-1
3937.7144	-1
3945.0977	-1
3952.4810	-1
3959.8643	-1
3967.2476	-1
3974.6309	-1
3982.0142	-1
3989.3975	-1
3996.7810	-1
4004.1646	-1
4011.5481	-1
4018.9316	-1
4026.3152	-1
4033.6987	-1
4041.0823	-1
4048.4658	-1
4055.8494	-1
4063.2329	-1
4070.6165	-1
4078.0000	-1
4085.3838	-1
4092.7676	-1
4100.1514	-1
4107.5352	-1
4114.9189	-1
4122.3027	-1
4129.6865	-1
4137.0703	-1
4144.4541	-1
4151.8379	-1
4159.2217	-1
4166.6055	-1
4173.9897	1
4181.3740	1
4188.7583	1
4196.1426	1
4203.5283	-1
4210.9141	-1
4218.2998	-1
4225.6855	-1
4233.0713	-1
4240.4570	-1
4247.8433	-1
4255.2295	-1
4262.6157	-1
4270.0020	-1
4277.3882	-1
4284.7744	-1
4292.1611	-1
4299.5479	-1
4306.9346	-1
4314.3213	-1
4321.7080	-1
4329.0947	-1
4336.4814	-1
4343.8682	-1
4351.2549	-1
4358.6519	1
4366.0498	-1
4373.4482	1
4380.8467	1
4388.2456	-1
4395.6445	-1
4403.0435	-1
4410.4424	-1
4417.8413	-1
4425.2402	-1
4432.6392	-1
4440.0381	-1
4447.4370	-1
4454.8359	-1
4462.2349	-1
4469.6338	-1
4477.0332	1
4484.4326	1
4491.8320	1
4499.2314	1
4506.6313	-1
4514.0312	-1
4521.4312	-1
4528.8311	-1
4536.2310	-1
4543.6309	-1
4551.0312	-1
4558.4316	-1
4565.8320	-1
4573.2324	-1
4580.6328	-1
4588.0332	-1
4595.4336	1
4602.8340	1
4610.2344	1
4617.6353	1
4625.0361	-1
4632.4370	-1
4639.8379	-1
4647.2388	-1
4654.6396	-1
4662.0405	-1
4669.4414	-1
4676.8423	-1
4684.2432	-1
4691.6440	-1
4699.0449	-1
4706.4458	-1
4713.8477	-1
4721.2495	1
4728.6514	-1
4736.0532	-1
4743.4551	-1
4750.8569	-1
4758.2588	-1
4765.6611	1
4773.0635	-1
4780.4658	-1
4787.8682	-1
4795.2705	-1
4802.6729	-1
4810.0752	-1
4817.4775	-1
4824.8799	-1
4832.2822	-1
4839.6846	-1
4847.0869	-1
4854.4893	-1
4861.8921	-1
4869.2949	-1
4876.6978	-1
4884.1006	-1
4891.5034	-1
4898.9062	-1
4906.3096	-1
4913.7129	-1
4921.1162	-1
4928.5195	-1
4935.9229	-1
4943.3262	-1
4950.7295	-1
4958.1328	-1
4965.5361	-1
4972.9492	1
4980.3638	-1
4987.7783	1
4995.1929	1
5002.6089	-1
5010.0249	-1
5017.4409	-1
5024.8569	-1
5032.2729	-1
5039.6890	-1
5047.1050	-1
5054.5210	-1
5061.9370	-1
5069.3530	-1
5076.7690	-1
5084.1851	-1
5091.6011	1
5099.0171	1
5106.4331	1
5113.8496	1
5121.2676	-1
5128.6855	-1
5136.1035	-1
5143.5215	-1
5150.9395	-1
5158.3574	-1
5165.7754	-1
5173.1934	-1
5180.6113	-1
5188.0293	-1
5195.4473	-1
5202.8652	-1
5210.2832	-1
5217.7012	-1
5225.1191	-1
5232.5371	-1
5239.9551	-1
5247.3730	-1
5254.7910	-1
5262.2090	-1
5269.6270	-1
5277.0449	-1
5284.4629	-1
5291.8809	-1
5299.2993	1
5306.7178	1
5314.1362	1
5321.5547	1
5328.9731	1
5336.3916	1
5343.8105	1
5351.2295	1
5358.6504	-1
5366.0713	-1
5373.4922	-1
5380.9131	-1
5388.3340	-1
5395.7549	-1
5403.1763	-1
5410.5977	-1
5418.0190	-1
5425.4404	-1
5432.8618	-1
5440.2832	-1
5447.7046	-1
5455.1260	-1
5462.5474	-1
5469.9688	-1
5477.3901	-1
5484.8115	-1
5492.2329	-1
5499.6543	-1
5507.0757	-1
5514.4971	-1
5521.9185	-1
5529.3398	-1
5536.7617	-1
5544.1836	-1
5551.6055	-1
5559.0273	-1
5566.4492	-1
5573.8711	-1
5581.2935	-1
5588.7158	-1
5596.1382	-1
5603.5605	-1
5610.9829	-1
5618.4053	-1
5625.8276	-1
5633.2500	-1
5640.6724	-1
5648.0952	-1
5655.5181	-1
5662.9409	-1
5670.3638	-1
5677.7959	1
5685.2290	-1
5692.6626	1
5700.0962	1
5707.5312	-1
5714.9663	-1
5722.4014	-1
5729.8364	-1
5737.2715	-1
5744.7065	-1
5752.1416	-1
5759.5864	1
5767.0322	-1
5774.4785	1
5781.9248	1
5789.3716	-1
5796.8184	-1
5804.2656	-1
5811.7222	1
5819.1797	-1
5826.6377	1
5834.0957	1
5841.5547	-1
5849.0137	-1
5856.4727	-1
5863.9316	-1
5871.4004	1
5878.8701	-1
5886.3403	1
5893.8105	1
5901.2817	-1
5908.7529	-1
5916.2241	-1
5923.7051	1
5931.1875	-1
5938.6699	1
5946.1523	1
5953.6353	-1
5961.1187	-1
5968.6113	1
5976.1050	-1
5983.5991	1
5991.0933	1
5998.5884	-1
6006.0835	-1
6013.5879	1
6021.0938	-1
6028.5996	1
6036.1055	1
6043.6118	-1
6051.1182	-1
6058.6245	-1
6066.1313	-1
6073.6475	1
6081.1650	-1
6088.6826	1
6096.2002	1
6103.7188	-1
6111.2373	-1
6118.7559	-1
6126.2744	-1
6133.8022	1
6141.3311	-1
6148.8604	1
6156.3896	1
6163.9199	-1
6171.4502	-1
6178.9805	-1
6186.5195	1
6194.0601	-1
6201.6006	1
6209.1411	1
6216.6826	-1
6224.2241	-1
6231.7656	-1
6239.3071	-1
6246.8486	-1
6254.3901	-1
6261.9316	-1
6269.4731	-1
6277.0146	-1
6284.5562	-1
6292.0977	-1
6299.6392	-1
6307.1812	1
6314.7231	1
6322.2656	-1
6329.8081	-1
6337.3506	-1
6344.8931	-1
6352.4355	-1
6359.9780	-1
6367.5205	-1
6375.0718	1
6382.6245	-1
6390.1772	1
6397.7300	1
6405.2837	-1
6412.8379	-1
6420.4009	1
6427.9653	-1
6435.5298	1
6443.0942	1
6450.6597	-1
6458.2251	-1
6465.7905	-1
6473.3652	1
6480.9409	-1
6488.5171	1
6496.0933	1
6503.6704	-1
6511.2476	-1
6518.8247	-1
6526.4019	-1
6533.9790	-1
6541.5562	-1
6549.1333	-1
6556.7104	-1
6564.2876	-1
6571.8745	1
6579.4624	-1
6587.0508	1
6594.6392	1
6602.2280	-1
6609.8169	-1
6617.4058	-1
6624.9946	-1
6632.5835	-1
6640.1724	-1
6647.7617	-1
6655.3511	-1
6662.9404	-1
6670.5298	-1
6678.1191	-1
6685.7085	-1
6693.2979	1
6700.8872	1
6708.4766	1
6716.0659	1
6723.6562	-1
6731.2466	-1
6738.8369	-1
6746.4272	-1
6754.0176	-1
6761.6079	-1
6769.1982	-1
6776.7886	-1
6784.3789	-1
6791.9692	-1
6799.5596	-1
6807.1499	-1
6814.7402	-1
6822.3306	-1
6829.9209	-1
6837.5112	-1
6845.1016	-1
6852.6919	-1
6860.2827	1
6867.8735	1
6875.4644	1
6883.0552	1
6890.6460	1
6898.2368	-1
6905.8281	-1
6913.4194	-1
6921.0107	-1
6928.6021	-1
6936.1934	-1
6943.7856	-1
6951.3779	-1
6958.9702	-1
6966.5625	-1
6974.1548	-1
6981.7471	-1
6989.3394	-1
6996.9316	-1
7004.5239	-1
7012.1162	-1
7019.7085	-1
7027.3008	-1
7034.8931	-1
7042.4854	-1
7050.0776	-1
7057.6699	-1
7065.2622	-1
7072.8545	-1
7080.4468	-1
7088.0391	-1
7095.6313	-1
7103.2236	-1
7110.8159	-1
7118.4082	-1
7126.0005	-1
7133.5928	-1
7141.1851	-1
7148.7778	-1
7156.3706	-1
7163.9634	-1
7171.5654	1
7179.1685	-1
7186.7720	1
7194.3755	1
7201.9800	-1
7209.5845	-1
7217.1890	-1
7224.7935	-1
7232.3979	-1
7240.0024	-1
7247.6069	-1
7255.2114	-1
7262.8159	-1
7270.4204	-1
7278.0249	-1
7285.6294	-1
7293.2344	1
7300.8394	1
7308.4443	1
7316.0493	1
7323.6558	-1
7331.2622	-1
7338.8687	-1
7346.4751	-1
7354.0815	-1
7361.6880	-1
7369.2944	-1
7376.9014	-1
7384.5083	-1
7392.1152	-1
7399.7222	-1
7407.3291	-1
7414.9360	-1
7422.5430	-1
7430.1499	-1
7437.7568	-1
7445.3638	-1
7452.9707	-1
7460.5776	-1
7468.1846	-1
7475.7915	-1
7483.3984	-1
7491.0054	-1
7498.6123	-1
7506.2197	1
7513.8271	1
7521.4355	-1
7529.0439	-1
7536.6523	-1
7544.2607	-1
7551.8691	-1
7559.4775	-1
7567.0859	-1
7574.6943	-1
7582.3120	1
7589.9307	-1
7597.5498	1
7605.1689	1
7612.7891	-1
7620.4092	-1
7628.0293	-1
7635.6494	-1
7643.2695	-1
7650.8896	-1
7658.5098	-1
7666.1299	-1
7673.7500	-1
7681.3701	-1
7688.9902	-1
7696.6104	-1
7704.2310	1
7711.8516	1
7719.4722	1
7727.0928	1
7734.7148	-1
7742.3369	-1
7749.9590	-1
7757.5811	-1
7765.2031	-1
7772.8252	-1
7780.4473	-1
7788.0693	-1
7795.6914	-1
7803.3135	-1
7810.9355	-1
7818.5576	-1
7826.1802	-1
7833.8027	-1
7841.4253	-1
7849.0479	-1
7856.6704	-1
7864.2930	-1
7871.9155	-1
7879.5381	-1
7887.1606	-1
7894.7832	-1
7902.4058	-1
7910.0283	-1
7917.6509	1
7925.2734	1
7932.8965	1
7940.5195	1
7948.1426	1
7955.7656	1
7963.3887	1
7971.0117	1
7978.6362	-1
7986.2607	-1
7993.8853	-1
8001.5098	-1
8009.1343	-1
8016.7588	-1
8024.3833	-1
8032.0078	-1
8039.6323	-1
8047.2568	-1
8054.8813	-1
8062.5059	-1
8070.1318	-1
8077.7578	-1
8085.3838	-1
8093.0098	-1
8100.6357	-1
8108.2617	-1
8115.8882	-1
8123.5146	-1
8131.1411	-1
8138.7676	-1
8146.3940	-1
8154.0205	-1
8161.6470	-1
8169.2734	-1
8176.8999	-1
8184.5264	-1
8192.1523	-1
8199.7783	-1
8207.4053	-1
8215.0322	-1
8222.6592	-1
8230.2861	-1
8237.9131	-1
8245.5400	-1
8253.1670	-1
8260.7939	-1
8268.4209	-1
8276.0479	-1
8283.6748	-1
8291.3018	-1
8298.9287	1
8306.5557	-1
8314.1826	-1
8321.8096	-1
8329.4365	-1
8337.0635	-1
8344.6904	-1
8352.3184	-1
8359.9463	-1
8367.5742	-1
8375.2021	-1
8382.8301	-1
8390.4688	1
8398.1084	-1
8405.7480	1
8413.3877	1
8421.0283	-1
8428.6689	-1
8436.3096	-1
8443.9502	-1
8451.5908	-1
8459.2314	-1
8466.8721	-1
8474.5127	-1
8482.1533	-1
8489.7939	-1
8497.4346	-1
8505.0752	-1
8512.7158	1
8520.3564	1
8527.9971	1
8535.6377	1
8543.2793	-1
8550.9209	-1
8558.5625	-1
8566.2041	-1
8573.8457	-1
8581.4873	-1
8589.1289	-1
8596.7705	-1
8604.4121	-1
8612.0537	-1
8619.6953	-1
8627.3369	-1
8634.9785	-1
8642.6201	-1
8650.2617	-1
8657.9033	-1
8665.5449	-1
8673.1865	-1
8680.8281	-1
8688.4697	-1
8696.1113	-1
8703.7529	-1
8711.3945	-1
8719.0361	-1
8726.6777	1
8734.3193	1
8741.9609	1
8749.6025	1
8757.2441	1
8764.8857	1
8772.5273	1
8780.1689	1
8787.8125	-1
8795.4561	-1
8803.0996	-1
8810.7432	-1
8818.3867	-1
8826.0303	-1
8833.6738	-1
8841.3174	-1
8848.9609	-1
8856.6045	-1
8864.2480	-1
8871.8916	-1
8879.5352	-1
8887.1787	-1
8894.8223	-1
8902.4658	-1
8910.1094	-1
8917.7529	-1
8925.3965	-1
8933.0400	-1
8940.6836	-1
8948.3271	-1
8955.9707	-1
8963.6143	-1
8971.2578	-1
8978.9014	-1
8986.5449	-1
8994.1885	-1
9001.8320	-1
9009.4756	-1
9017.1201	-1
9024.7646	-1
9032.4092	-1
9040.0537	-1
9047.6982	-1
9055.3428	-1
9062.9873	-1
9070.6318	-1
9078.2764	-1
9085.9209	-1
9093.5654	-1
9101.2100	-1
9108.8545	-1
9116.4990	-1
9124.1436	-1
9131.7881	-1
9139.4326	-1
9147.0771	-1
9154.7217	1
9162.3662	1
9170.0117	-1
9177.6572	-1
9185.3027	-1
9192.9482	-1
9200.5938	-1
9208.2393	-1
9215.8848	-1
9223.5303	-1
9231.1855	1
9238.8418	-1
9246.4980	1
9254.1543	1
9261.8125	-1
9269.4707	-1
9277.1289	-1
9284.7871	-1
9292.4453	-1
9300.1035	-1
9307.7617	-1
9315.4199	-1
9323.0781	-1
9330.7363	-1
9338.3945	-1
9346.0527	-1
9353.7109	1
9361.3701	-1
9369.0293	-1
9376.6885	-1
9384.3477	-1
9392.0176	1
9399.6885	-1
9407.3594	1
9415.0303	1
9422.7021	-1
9430.3740	-1
9438.0459	-1
9445.7178	-1
9453.3896	-1
9461.0615	-1
9468.7344	-1
9476.4072	-1
9484.0801	-1
9491.7529	-1
9499.4258	-1
9507.0986	-1
9514.7715	1
9522.4443	1
9530.1182	-1
9537.7920	-1
9545.4658	-1
9553.1396	-1
9560.8135	-1
9568.4873	-1
9576.1611	-1
9583.8350	-1
9591.5186	1
9599.2031	-1
9606.8877	1
9614.5723	1
9622.2578	-1
9629.9434	-1
9637.6289	-1
9645.3145	-1
9653.0000	-1
9660.6855	-1
9668.3721	-1
9676.0586	-1
9683.7451	-1
9691.4316	-1
9699.1182	-1
9706.8047	-1
9714.4912	1
9722.1777	1
9729.8643	1
9737.5508	1
9745.2393	-1
9752.9277	-1
9760.6162	-1
9768.3047	-1
9775.9932	-1
9783.6816	-1
9791.3701	-1
9799.0586	-1
9806.7471	-1
9814.4355	-1
9822.1240	-1
9829.8125	-1
9837.5010	-1
9845.1895	-1
9852.8779	-1
9860.5664	-1
9868.2549	-1
9875.9434	-1
9883.6318	-1
9891.3203	-1
9899.0088	-1
9906.6973	-1
9914.3857	-1
9922.0742	-1
9929.7627	1
9937.4512	1
9945.1406	1
9952.8301	1
9960.5195	1
9968.2090	1
9975.8984	1
9983.5879	1
9991.2783	-1
9998.9688	-1
10006.6592	-1
10014.3496	-1
10022.0400	-1
10029.7314	-1
10037.4229	1
10045.1143	1
10052.8066	-1
10060.4990	-1
10068.1914	-1
10075.8838	-1
10083.5762	-1
10091.2686	-1
10098.9619	-1
10106.6553	-1
10114.3486	-1
10122.0420	-1
10129.7354	-1
10137.4287	-1
10145.1221	-1
10152.8154	-1
10160.5088	-1
10168.2021	-1
10175.8955	-1
10183.5889	-1
10191.2822	-1
10198.9756	-1
10206.6689	-1
10214.3623	-1
10222.0557	-1
10229.7490	-1
10237.4424	-1
10245.1357	-1
10252.8291	-1
10260.5225	-1
10268.2158	-1
10275.9092	-1
10283.6025	-1
10291.2959	-1
10298.9893	-1
10306.6826	-1
10314.3760	-1
10322.0693	-1
10329.7627	-1
10337.4561	-1
10345.1494	-1
10352.8428	-1
10360.5361	-1
10368.2295	-1
10375.9238	1
10383.6182	1
10391.3125	1
10399.0068	1
10406.7012	1
10414.3955	1
10422.0898	1
10429.7852	1
10437.4805	1
10445.1758	1
10452.8711	1
10460.5664	1
10468.2617	1
10475.9570	1
10483.6523	-1
10491.3477	-1
10499.0430	-1
10506.7383	-1
10514.4336	-1
10522.1289	-1
10529.8242	-1
10537.5195	-1
10545.2148	-1
10552.9102	-1
10560.6055	-1
10568.3008	-1
10575.9961	1
10583.6943	-1
10591.3926	-1
10599.0908	-1
10606.7891	-1
10614.4873	-1
10622.1855	-1
10629.8838	-1
10637.5820	-1
10645.2803	-1
10652.9785	-1
10660.6768	-1
10668.3750	-1
10676.0732	-1
10683.7715	-1
10691.4697	-1
10699.1680	-1
10706.8662	-1
10714.5645	-1
10722.2627	-1
10729.9609	-1
10737.6592	-1
10745.3574	-1
10753.0557	-1
10760.7539	-1
10768.4531	-1
10776.1523	-1
10783.8516	-1
10791.5508	-1
10799.2500	-1
10806.9492	-1
10814.6504	-1
10822.3516	-1
10830.0527	-1
10837.7539	-1
10845.4551	-1
10853.1562	-1
10860.8574	-1
10868.5586	-1
10876.2598	-1
10883.9609	-1
10891.6621	-1
10899.3633	-1
10907.0654	-1
10914.7676	-1
10922.4697	-1
10930.1719	-1
10937.8740	-1
10945.5762	-1
10953.2793	-1
10960.9824	-1
10968.6855	-1
10976.3887	-1
10984.0918	-1
10991.7949	-1
10999.4980	-1
11007.2012	-1
11014.9043	-1
11022.6074	-1
11030.3105	-1
11038.0137	-1
11045.7168	-1
11053.4199	-1
11061.1230	-1
11068.8262	-1
11076.5293	-1
11084.2324	-1
11091.9355	-1
11099.6387	-1
11107.3418	-1
11115.0449	-1
11122.7480	-1
11130.4512	-1
11138.1543	-1
11145.8574	-1
11153.5605	-1
11161.2637	-1
11168.9668	-1
11176.6699	-1
11184.3730	-1
11192.0762	-1
11199.7793	-1
11207.4824	-1
11215.1855	-1
11222.8887	-1
11230.5918	-1
11238.2949	-1
11245.9980	-1
11253.7012	-1
11261.4043	-1
11269.1074	-1
11276.8213	1
11284.5361	-1
11292.2510	1
11299.9658	1
11307.6816	-1
11315.3975	-1
11323.1133	-1
11330.8291	-1
11338.5449	-1
11346.2607	-1
11353.9766	-1
11361.6924	-1
11369.4082	-1
11377.1240	-1
11384.8398	-1
11392.5557	-1
11400.2725	1
11407.9893	1
11415.7061	1
11423.4229	1
11431.1406	-1
11438.8584	-1
11446.5762	-1
11454.2939	-1
11462.0117	-1
11469.7295	-1
11477.4482	-1
11485.1670	-1
11492.8857	-1
11500.6045	-1
11508.3232	-1
11516.0420	-1
11523.7607	-1
11531.4795	-1
11539.1982	-1
11546.9170	-1
11554.6357	-1
11562.3545	-1
11570.0732	-1
11577.7920	-1
11585.5107	-1
11593.2295	-1
11600.9482	-1
11608.6670	-1
11616.3857	1
11624.1045	1
11631.8232	1
11639.5420	1
11647.2607	1
11654.9795	1
11662.6992	1
11670.4189	1
11678.1396	-1
11685.8604	-1
11693.5811	-1
11701.3018	-1
11709.0225	-1
11716.7432	-1
11724.4639	1
11732.1846	1
11739.9062	-1
11747.6279	-1
11755.3496	-1
11763.0713	-1
11770.7930	-1
11778.5146	-1
11786.2383	-1
11793.9619	-1
11801.6855	-1
11809.4092	-1
11817.1328	-1
11824.8564	-1
11832.5801	-1
11840.3037	-1
11848.0273	-1
11855.7510	-1
11863.4746	-1
11871.1982	-1
11878.9219	-1
11886.6455	-1
11894.3691	-1
11902.0928	-1
11909.8164	-1
11917.5400	-1
11925.2637	-1
11932.9873	-1
11940.7109	-1
11948.4346	-1
11956.1582	-1
11963.8818	-1
11971.6064	-1
11979.3311	-1
11987.0557	-1
11994.7803	-1
12002.5049	-1
12010.2295	-1
12017.9541	-1
12025.6787	-1
12033.4033	-1
12041.1279	-1
12048.8525	-1
12056.5771	-1
12064.3018	-1
12072.0264	-1
12079.7510	-1
12087.4756	-1
12095.2002	-1
12102.9248	-1
12110.6494	-1
12118.3740	-1
12126.0986	-1
12133.8330	1
12141.5684	-1
12149.3037	1
12157.0391	1
12164.7764	-1
12172.5137	-1
12180.2510	-1
12187.9883	-1
12195.7256	-1
12203.4629	-1
12211.2002	-1
12218.9375	-1
12226.6836	1
12234.4316	-1
12242.1797	1
12249.9277	1
12257.6768	-1
12265.4258	-1
12273.1748	-1
12280.9238	-1
12288.6729	-1
12296.4219	-1
12304.1709	-1
12311.9199	-1
12319.6689	-1
12327.4180	-1
12335.1670	-1
12342.9160	-1
12350.6660	1
12358.4160	1
12366.1660	1
12373.9160	1
12381.6670	-1
12389.4180	-1
12397.1689	-1
12404.9199	-1
12412.6709	-1
12420.4219	-1
12428.1729	-1
12435.9238	-1
12443.6748	-1
12451.4258	-1
12459.1768	-1
12466.9277	-1
12474.6797	-1
12482.4316	-1
12490.1836	-1
12497.9355	-1
12505.6875	-1
12513.4395	-1
12521.1914	-1
12528.9434	-1
12536.6953	-1
12544.4473	-1
12552.1992	-1
12559.9512	-1
12567.7031	1
12575.4551	1
12583.2070	1
12590.9590	1
12598.7109	1
12606.4629	1
12614.2148	1
12621.9668	1
12629.7217	-1
12637.4766	-1
12645.2314	-1
12652.9863	-1
12660.7412	-1
12668.4961	-1
12676.2510	1
12684.0068	1
12691.7627	-1
12699.5186	-1
12707.2744	-1
12715.0303	-1
12722.7861	-1
12730.5420	-1
12738.2979	-1
12746.0537	-1
12753.8096	-1
12761.5654	-1
12769.3213	-1
12777.0771	-1
12784.8330	-1
12792.5889	-1
12800.3447	-1
12808.1006	-1
12815.8564	-1
12823.6123	-1
12831.3682	-1
12839.1240	-1
12846.8799	-1
12854.6357	-1
12862.3916	-1
12870.1475	-1
12877.9033	1
12885.6592	-1
12893.4150	-1
12901.1709	-1
12908.9268	-1
12916.6826	-1
12924.4385	-1
12932.1943	-1
12939.9502	-1
12947.7061	-1
12955.4619	-1
12963.2178	-1
12970.9736	-1
12978.7295	-1
12986.4854	-1
12994.2412	-1
13001.9971	-1
13009.7529	-1
13017.5088	-1
13025.2656	1
13033.0225	1
13040.7793	1
13048.5371	1
13056.2949	1
13064.0527	1
13071.8115	-1
13079.5703	-1
13087.3291	-1
13095.0879	-1
13102.8467	-1
13110.6055	-1
13118.3643	-1
13126.1230	-1
13133.8818	-1
13141.6406	-1
13149.3994	-1
13157.1582	-1
13164.9180	-1
13172.6777	-1
13180.4375	-1
13188.1973	-1
13195.9570	-1
13203.7168	-1
13211.4775	-1
13219.2383	-1
13226.9990	-1
13234.7598	-1
13242.5205	-1
13250.2812	-1
13258.0420	-1
13265.8027	-1
13273.5635	-1
13281.3242	-1
13289.0850	-1
13296.8457	-1
13304.6064	-1
13312.3672	-1
13320.1279	-1
13327.8887	-1
13335.6494	-1
13343.4102	-1
13351.1719	-1
13358.9336	-1
13366.6953	-1
13374.4570	-1
13382.2188	-1
13389.9805	-1
13397.7422	-1
13405.5039	-1
13413.2656	-1
13421.0273	-1
13428.7891	-1
13436.5508	-1
13444.3125	-1
13452.0742	-1
13459.8359	-1
13467.6074	1
13475.3799	-1
13483.1523	1
13490.9248	1
13498.6982	-1
13506.4717	-1
13514.2451	-1
13522.0186	-1
13529.7920	-1
13537.5654	-1
13545.3398	-1
13553.1143	-1
13560.8887	-1
13568.6631	-1
13576.4375	-1
13584.2119	-1
13591.9863	1
13599.7607	1
13607.5361	-1
13615.3115	-1
13623.0869	-1
13630.8623	-1
13638.6377	-1
13646.4131	-1
13654.1885	-1
13661.9639	-1
13669.7490	1
13677.5352	-1
13685.3223	1
13693.1094	1
13700.8965	-1
13708.6836	-1
13716.4707	-1
13724.2578	-1
13732.0449	-1
13739.8320	-1
13747.6191	-1
13755.4062	-1
13763.1934	-1
13770.9805	-1
13778.7676	-1
13786.5547	-1
13794.3428	1
13802.1309	1
13809.9189	-1
13817.7070	-1
13825.4951	-1
13833.2832	-1
13841.0713	-1
13848.8594	-1
13856.6475	-1
13864.4355	-1
13872.2236	-1
13880.0225	1
13887.8223	-1
13895.6221	1
13903.4219	1
13911.2227	-1
13919.0234	-1
13926.8242	-1
13934.6250	-1
13942.4258	-1
13950.2266	-1
13958.0273	-1
13965.8281	-1
13973.6289	-1
13981.4297	-1
13989.2305	-1
13997.0312	-1
14004.8320	1
14012.6328	1
14020.4336	1
14028.2344	1
14036.0361	-1
14043.8379	-1
14051.6396	-1
14059.4414	-1
14067.2432	-1
14075.0449	-1
14082.8467	-1
14090.6484	-1
14098.4502	-1
14106.2520	-1
14114.0537	-1
14121.8555	-1
14129.6572	-1
14137.4590	-1
14145.2607	-1
14153.0625	-1
14160.8643	-1
14168.6660	-1
14176.4678	-1
14184.2695	-1
14192.0713	-1
14199.8730	-1
14207.6748	-1
14215.4766	-1
14223.2793	1
14231.0820	1
14238.8848	1
14246.6875	1
14254.4902	1
14262.2930	1
14270.0957	1
14277.8984	1
14285.7021	-1
14293.5059	-1
14301.3096	-1
14309.1133	-1
14316.9170	-1
14324.7207	-1
14332.5244	-1
14340.3281	-1
14348.1318	-1
14355.9355	-1
14363.7393	-1
14371.5430	-1
14379.3467	-1
14387.1504	-1
14394.9541	-1
14402.7578	-1
14410.5615	-1
14418.3652	-1
14426.1689	-1
14433.9727	-1
14441.7764	-1
14449.5801	-1
14457.3838	-1
14465.1875	-1
14472.9912	-1
14480.7949	-1
14488.5986	-1
14496.4023	-1
14504.2061	-1
14512.0098	-1
14519.8145	-1
14527.6191	-1
14535.4238	-1
14543.2285	-1
14551.0332	-1
14558.8379	-1
14566.6426	-1
14574.4473	-1
14582.2520	-1
14590.0566	-1
14597.8613	-1
14605.6660	-1
14613.4707	-1
14621.2754	-1
14629.0801	-1
14636.8848	-1
14644.6895	-1
14652.4941	-1
14660.2998	1
14668.1055	1
14675.9111	1
14683.7168	1
14691.5225	1
14699.3281	1
14707.1338	1
14714.9395	1
14722.7451	1
14730.5508	1
14738.3564	1
14746.1621	1
14753.9678	1
14761.7734	1
14769.5791	1
14777.3848	1
14785.1914	-1
14792.9980	-1
14800.8047	-1
14808.6113	-1
14816.4180	-1
14824.2246	-1
14832.0312	1
14839.8379	1
14847.6455	-1
14855.4531	-1
14863.2607	-1
14871.0684	-1
14878.8760	-1
14886.6836	-1
14894.4912	1
14902.2988	1
14910.1084	-1
14917.9180	-1
14925.7275	-1
14933.5371	-1
14941.3467	-1
14949.1562	-1
14956.9658	-1
14964.7754	-1
14972.5850	-1
14980.3945	-1
14988.2041	-1
14996.0137	-1
15003.8232	-1
15011.6328	-1
15019.4424	-1
15027.2520	-1
15035.0615	-1
15042.8711	-1
15050.6807	-1
15058.4902	-1
15066.2998	-1
15074.1094	-1
15081.9189	-1
15089.7285	-1
15097.5381	-1
15105.3477	-1
15113.1572	-1
15120.9668	-1
15128.7764	-1
15136.5859	-1
15144.3955	-1
15152.2051	-1
15160.0146	-1
15167.8242	-1
15175.6338	-1
15183.4434	-1
15191.2539	-1
15199.0645	-1
15206.8750	-1
15214.6855	-1
15222.4961	-1
15230.3066	-1
15238.1172	-1
15245.9277	-1
15253.7383	-1
15261.5488	-1
15269.3594	-1
15277.1699	-1
15284.9805	-1
15292.7910	-1
15300.6016	-1
15308.4121	-1
15316.2227	-1
15324.0332	-1
15331.8438	-1
15339.6543	-1
15347.4648	-1
15355.2754	-1
15363.0859	-1
15370.8965	-1
15378.7070	-1
15386.5176	-1
15394.3281	-1
15402.1387	-1
15409.9492	-1
15417.7598	-1
15425.5703	-1
15433.3809	-1
15441.1914	-1
15449.0020	-1
15456.8125	-1
15464.6230	-1
15472.4336	-1
15480.2441	-1
15488.0547	-1
15495.8652	-1
15503.6758	-1
15511.4863	-1
15519.2969	-1
15527.1074	-1
15534.9180	-1
15542.7285	-1
15550.5391	-1
15558.3496	-1
15566.1602	-1
15573.9707	-1
15581.7812	-1
15589.5918	-1
15597.4023	-1
15605.2129	-1
15613.0244	-1
15620.8359	-1
15628.6475	-1
15636.4590	-1
15644.2705	-1
15652.0820	-1
15659.8936	-1
15667.7051	-1
15675.5166	-1
15683.3281	-1
15691.1396	-1
15698.9512	-1
15706.7627	-1
15714.5742	-1
15722.3857	-1
15730.1973	-1
15738.0088	-1
15745.8203	-1
15753.6318	1
15761.4434	1
15769.2549	1
15777.0674	-1
15784.8799	-1
15792.6924	-1
15800.5049	-1
15808.3174	-1
15816.1299	-1
15823.9424	-1
15831.7549	-1
15839.5674	-1
15847.3799	-1
15855.1924	-1
15863.0049	-1
15870.8174	-1
15878.6406	1
15886.4648	-1
15894.2891	1
15902.1133	1
15909.9385	-1
15917.7637	-1
15925.5889	-1
15933.4141	-1
15941.2393	-1
15949.0645	-1
15956.8896	-1
15964.7148	-1
15972.5400	-1
15980.3652	-1
15988.1904	-1
15996.0156	-1
16003.8516	1
16011.6885	-1
16019.5254	1
16027.3623	1
16035.2002	-1
16043.0381	-1
16050.8760	-1
16058.7139	-1
16066.5518	-1
16074.3896	-1
16082.2275	-1
16090.0654	-1
16097.9033	-1
16105.7412	-1
16113.5791	-1
16121.4170	-1
16129.2559	1
16137.0947	1
16144.9336	1
16152.7725	1
16160.6133	-1
16168.4541	-1
16176.2949	-1
16184.1357	-1
16191.9766	-1
16199.8174	-1
16207.6582	-1
16215.4990	-1
16223.3398	-1
16231.1807	-1
16239.0215	-1
16246.8623	-1
16254.7031	-1
16262.5439	-1
16270.3848	-1
16278.2256	-1
16286.0664	-1
16293.9072	-1
16301.7480	-1
16309.5889	-1
16317.4297	-1
16325.2705	-1
16333.1113	-1
16340.9521	-1
16348.7930	1
16356.6338	1
16364.4746	1
16372.3154	1
16380.1572	1
16387.9980	1
16395.8398	1
16403.6816	1
16411.5254	-1
16419.3691	-1
16427.2129	-1
16435.0566	-1
16442.9004	-1
16450.7441	-1
16458.5879	1
16466.4316	1
16474.2754	-1
16482.1191	-1
16489.9629	-1
16497.8066	-1
16505.6504	-1
16513.4941	-1
16521.3379	-1
16529.1816	-1
16537.0254	-1
16544.8691	-1
16552.7129	-1
16560.5566	-1
16568.4023	-1
16576.2480	-1
16584.0938	-1
16591.9395	-1
16599.7852	-1
16607.6309	-1
16615.4766	1
16623.3223	-1
16631.1680	1
16639.0137	-1
16646.8594	-1
16654.7051	-1
16662.5508	-1
16670.3965	-1
16678.2422	-1
16686.0879	-1
16693.9336	-1
16701.7793	-1
16709.6250	-1
16717.4707	-1
16725.3164	-1
16733.1621	-1
16741.0078	-1
16748.8535	-1
16756.6992	-1
16764.5449	-1
16772.3906	1
16780.2363	1
16788.0820	1
16795.9277	1
16803.7734	1
16811.6191	1
16819.4648	1
16827.3105	1
16835.1562	1
16843.0020	1
16850.8477	-1
16858.6934	-1
16866.5391	-1
16874.3848	-1
16882.2305	-1
16890.0762	-1
16897.9219	1
16905.7676	1
16913.6172	-1
16921.4668	-1
16929.3164	-1
16937.1660	-1
16945.0156	-1
16952.8652	-1
16960.7148	-1
16968.5645	-1
16976.4141	-1
16984.2637	-1
16992.1133	-1
16999.9629	-1
17007.8125	-1
17015.6621	-1
17023.5117	-1
17031.3613	-1
17039.2109	-1
17047.0605	-1
17054.9102	-1
17062.7598	-1
17070.6094	-1
17078.4590	-1
17086.3086	-1
17094.1582	-1
17102.0098	-1
17109.8613	-1
17117.7129	-1
17125.5645	-1
17133.4160	-1
17141.2676	-1
17149.1211	1
17156.9746	1
17164.8281	1
17172.6816	1
17180.5352	1
17188.3887	1
17196.2422	1
17204.0957	1
17211.9492	1
17219.8027	1
17227.6562	-1
17235.5098	-1
17243.3633	-1
17251.2168	-1
17259.0703	-1
17266.9238	-1
17274.7773	-1
17282.6309	-1
17290.4844	-1
17298.3379	-1
17306.1914	-1
17314.0449	-1
17321.8984	-1
17329.7520	-1
17337.6055	-1
17345.4590	-1
17353.3125	-1
17361.1660	-1
17369.0195	-1
17376.8730	-1
17384.7266	-1
17392.5801	-1
17400.4336	-1
17408.2871	-1
17416.1406	-1
17423.9941	-1
17431.8477	-1
17439.7012	-1
17447.5547	-1
17455.4082	-1
17463.2617	-1
17471.1152	-1
17478.9688	-1
17486.8223	-1
17494.6758	-1
17502.5293	-1
17510.3828	-1
17518.2363	-1
17526.0898	-1
17533.9434	-1
17541.7969	-1
17549.6504	-1
17557.5039	-1
17565.3574	-1
17573.2109	-1
17581.0645	-1
17588.9180	-1
17596.7715	-1
17604.6250	-1
17612.4785	-1
17620.3320	-1
17628.1855	-1
17636.0391	-1
17643.8926	-1
17651.7461	-1
17659.5996	-1
17667.4531	-1
17675.3066	-1
17683.1602	-1
17691.0137	-1
17698.8691	-1
17706.7246	-1
17714.5801	-1
17722.4355	-1
17730.2910	-1
17738.1465	-1
17746.0039	1
17753.8613	1
17761.7188	1
17769.5762	1
17777.4336	1
17785.2910	1
17793.1484	1
17801.0059	1
17808.8633	1
17816.7207	1
17824.5781	1
17832.4355	1
17840.2930	1
17848.1504	1
17856.0078	1
17863.8652	1
17871.7227	1
17879.5801	1
17887.4375	1
17895.3008	-1
17903.1641	-1
17911.0273	-1
17918.8906	-1
17926.7539	-1
17934.6172	-1
17942.4805	-1
17950.3438	-1
17958.2070	-1
17966.0703	-1
17973.9336	-1
17981.7969	-1
17989.6602	-1
17997.5234	-1
18005.3867	-1
18013.2500	-1
18021.1133	-1
18028.9766	-1
18036.8398	-1
18044.7031	-1
18052.5664	-1
18060.4297	-1
18068.2930	-1
18076.1562	-1
18084.0195	-1
18091.8828	-1
18099.7461	-1
18107.6094	-1
18115.4727	-1
18123.3359	-1
18131.2012	-1
18139.0664	-1
18146.9316	-1
18154.7969	-1
18162.6621	-1
18170.5273	-1
18178.3926	-1
18186.2578	-1
18194.1230	-1
18201.9883	-1
18209.8535	-1
18217.7188	-1
18225.5859	-1
18233.4531	-1
18241.3203	-1
18249.1875	-1
18257.0547	-1
18264.9219	-1
18272.7891	-1
18280.6562	-1
18288.5234	-1
18296.3906	-1
18304.2578	-1
18312.1250	-1
18319.9922	-1
18327.8594	-1
18335.7266	-1
18343.5938	-1
18351.4609	-1
18359.3281	-1
18367.1953	-1
18375.0625	-1
18382.9297	-1
18390.7969	-1
18398.6641	-1
18406.5312	-1
18414.3984	-1
18422.2656	-1
18430.1328	-1
18438.0000	-1
18445.8672	-1
18453.7344	-1
18461.6016	-1
18469.4688	-1
18477.3359	-1
18485.2031	-1
18493.0703	-1
18500.9375	-1
18508.8047	-1
18516.6719	-1
18524.5391	-1
18532.4062	-1
18540.2734	-1
18548.1406	-1
18556.0078	-1
18563.8750	-1
18571.7422	-1
18579.6094	-1
18587.4766	-1
18595.3438	-1
18603.2109	-1
18611.0781	-1
18618.9453	-1
18626.8125	-1
18634.6797	-1
18642.5469	-1
18650.4141	-1
18658.2812	-1
18666.1484	-1
18674.0156	-1
18681.8828	-1
18689.7500	-1
18697.6191	-1
18705.4883	-1
18713.3574	-1
18721.2266	-1
18729.0957	-1
18736.9648	-1
18744.8340	-1
18752.7031	-1
18760.5723	-1
18768.4414	-1
18776.3105	-1
18784.1797	-1
18792.0488	-1
18799.9180	-1
18807.7871	-1
18815.6562	-1
18823.5254	-1
18831.3945	-1
18839.2637	-1
18847.1328	-1
18855.0020	-1
18862.8711	-1
18870.7402	-1
18878.6094	-1
18886.4785	-1
18894.3477	-1
18902.2168	-1
18910.0859	-1
18917.9551	-1
18925.8242	-1
18933.6934	-1
18941.5625	-1
18949.4336	-1
18957.3047	-1
18965.1758	-1
18973.0469	-1
18980.9180	-1
18988.7891	-1
18996.6602	-1
19004.5312	-1
19012.4023	-1
19020.2734	-1
19028.1445	-1
19036.0156	-1
19043.8867	-1
19051.7578	-1
19059.6289	-1
19067.5000	-1
19075.3711	-1
19083.2422	-1
19091.1133	-1
19098.9844	-1
19106.8555	-1
19114.7266	-1
19122.5977	-1
19130.4688	-1
19138.3398	-1
19146.2109	-1
19154.0820	-1
19161.9531	-1
19169.8242	-1
19177.6953	-1
19185.5664	-1
19193.4375	-1
19201.3086	-1
19209.1797	-1
19217.0508	-1
19224.9219	-1
19232.7930	-1
19240.6641	-1
19248.5469	1
19256.4297	-1
19264.3125	1
19272.1953	1
19280.0801	-1
19287.9648	-1
19295.8496	-1
19303.7344	-1
19311.6191	-1
19319.5039	-1
19327.3887	-1
19335.2734	-1
19343.1582	-1
19351.0430	-1
19358.9277	-1
19366.8125	-1
19374.6973	1
19382.5820	1
19390.4668	1
19398.3516	1
19406.2383	-1
19414.1250	-1
19422.0117	-1
19429.8984	-1
19437.7852	-1
19445.6719	-1
19453.5586	-1
19461.4453	-1
19469.3320	-1
19477.2188	-1
19485.1055	-1
19492.9922	-1
19500.8789	-1
19508.7656	-1
19516.6523	-1
19524.5391	-1
19532.4258	-1
19540.3125	-1
19548.2012	1
19556.0898	-1
19563.9785	-1
19571.8672	-1
19579.7559	-1
19587.6445	-1
19595.5332	-1
19603.4219	-1
19611.3105	-1
19619.1992	-1
19627.0879	-1
19634.9883	1
19642.8887	-1
19650.7891	1
19658.6895	1
19666.5918	-1
19674.4941	-1
19682.3965	-1
19690.3086	1
19698.2207	-1
19706.1348	1
19714.0488	1
19721.9629	-1
19729.8770	-1
19737.8008	1
19745.7266	-1
19753.6523	1
19761.5781	1
19769.5039	-1
19777.4297	-1
19785.3555	-1
19793.2812	-1
19801.2070	-1
19809.1328	-1
19817.0586	-1
19824.9844	-1
19832.9102	-1
19840.8359	-1
19848.7617	-1
19856.6875	-1
19864.6133	1
19872.5391	1
19880.4648	1
19888.3906	1
19896.3184	-1
19904.2461	-1
19912.1738	-1
19920.1016	-1
19928.0293	-1
19935.9570	-1
19943.8848	-1
19951.8125	-1
19959.7402	-1
19967.6680	-1
19975.5957	-1
19983.5234	-1
19991.4512	-1
19999.3789	-1
20007.3066	-1
20015.2344	-1
20023.1621	-1
20031.0898	-1
20039.0176	-1
20046.9453	-1
20054.8828	1
20062.8203	-1
20070.7578	1
20078.6953	1
20086.6348	-1
20094.5742	-1
20102.5137	-1
20110.4531	-1
20118.3926	-1
20126.3320	-1
20134.2715	-1
20142.2109	-1
20150.1504	-1
20158.0996	1
20166.0488	-1
20173.9980	1
20181.9473	1
20189.8984	-1
20197.8496	-1
20205.8008	-1
20213.7617	1
20221.7227	-1
20229.6836	1
20237.6465	1
20245.6094	-1
20253.5723	-1
20261.5449	1
20269.5176	-1
20277.4902	1
20285.4629	1
20293.4375	-1
20301.4121	-1
20309.3945	1
20317.3789	-1
20325.3633	1
20333.3477	1
20341.3340	-1
20349.3203	-1
20357.3145	1
20365.3105	-1
20373.3066	1
20381.3027	1
20389.2988	-1
20397.2949	-1
20405.3008	1
20413.3086	-1
20421.3164	1
20429.3242	1
20437.3320	-1
20445.3398	-1
20453.3477	-1
20461.3555	-1
20469.3633	-1
20477.3711	-1
20485.3809	-1
20493.3906	-1
20501.4004	-1
20509.4102	-1
20517.4199	-1
20525.4297	-1
20533.4395	1
20541.4492	1
20549.4590	1
20557.4688	1
20565.4785	-1
20573.4883	-1
20581.4980	-1
20589.5078	-1
20597.5176	-1
20605.5273	-1
20613.5371	-1
20621.5469	-1
20629.5566	-1
20637.5664	-1
20645.5762	-1
20653.5859	-1
20661.5957	-1
20669.6055	-1
20677.6152	-1
20685.6250	-1
20693.6348	-1
20701.6445	-1
20709.6543	-1
20717.6641	-1
20725.6738	-1
20733.6836	-1
20741.6934	-1
20749.7031	-1
20757.7129	1
20765.7227	1
20773.7344	1
20781.7461	1
20789.7578	1
20797.7695	1
20805.7812	1
20813.7930	-1
20821.8047	-1
20829.8164	-1
20837.8281	-1
20845.8398	-1
20853.8516	-1
20861.8633	-1
20869.8750	-1
20877.8867	-1
20885.8984	-1
20893.9102	-1
20901.9219	-1
20909.9336	-1
20917.9453	-1
20925.9570	-1
20933.9688	-1
20941.9805	-1
20949.9922	-1
20958.0039	-1
20966.0156	-1
20974.0273	-1
20982.0391	-1
20990.0508	-1
20998.0625	-1
21006.0742	-1
21014.0859	-1
21022.0977	-1
21030.1094	-1
21038.1211	-1
21046.1328	-1
21054.1465	-1
21062.1602	-1
21070.1738	-1
21078.1875	-1
21086.2012	-1
21094.2148	-1
21102.2285	-1
21110.2422	-1
21118.2559	-1
21126.2793	1
21134.3047	-1
21142.3301	1
21150.3555	1
21158.3809	-1
21166.4062	-1
21174.4414	1
21182.4785	-1
21190.5156	1
21198.5527	1
21206.5918	-1
21214.6309	-1
21222.6699	-1
21230.7090	-1
21238.7480	-1
21246.7871	-1
21254.8262	-1
21262.8652	-1
21270.9043	-1
21278.9434	-1
21286.9824	-1
21295.0215	-1
21303.0605	1
21311.0996	1
21319.1387	1
21327.1777	1
21335.2188	-1
21343.2598	-1
21351.3008	-1
21359.3418	-1
21367.3828	-1
21375.4238	-1
21383.4648	-1
21391.5059	-1
21399.5469	-1
21407.5879	-1
21415.6289	-1
21423.6699	-1
21431.7109	-1
21439.7520	-1
21447.7930	-1
21455.8340	-1
21463.8750	-1
21471.9160	-1
21479.9570	-1
21487.9980	-1
21496.0391	-1
21504.0801	-1
21512.1211	-1
21520.1621	-1
21528.2031	1
21536.2441	1
21544.2871	-1
21552.3301	-1
21560.3730	-1
21568.4160	-1
21576.4590	-1
21584.5020	-1
21592.5449	-1
21600.5977	1
21608.6523	-1
21616.7070	1
21624.7617	1
21632.8164	-1
21640.8711	-1
21648.9258	-1
21656.9805	-1
21665.0352	-1
21673.0898	-1
21681.1465	-1
21689.2031	-1
21697.2598	-1
21705.3164	-1
21713.3730	-1
21721.4297	-1
21729.4863	1
21737.5430	1
21745.5996	1
21753.6562	1
21761.7129	-1
21769.7695	-1
21777.8262	-1
21785.8828	-1
21793.9395	-1
21801.9961	-1
21810.0527	-1
21818.1094	-1
21826.1660	-1
21834.2227	-1
21842.2793	-1
21850.3359	-1
21858.3926	-1
21866.4492	-1
21874.5059	-1
21882.5625	-1
21890.6191	-1
21898.6758	-1
21906.7324	1
21914.7891	1
21922.8457	1
21930.9023	1
21938.9590	1
21947.0156	1
21955.0742	-1
21963.1328	-1
21971.1914	-1
21979.2500	-1
21987.3086	-1
21995.3672	-1
22003.4258	-1
22011.4844	-1
22019.5430	-1
22027.6016	-1
22035.6602	-1
22043.7188	-1
22051.7773	-1
22059.8359	-1
22067.8945	-1
22075.9531	-1
22084.0117	-1
22092.0703	-1
22100.1289	1
22108.1875	-1
22116.2461	1
22124.3047	-1
22132.3633	-1
22140.4219	-1
22148.4805	-1
22156.5391	-1
22164.5977	1
22172.6562	1
22180.7148	-1
22188.7734	-1
22196.8320	-1
22204.8906	-1
22212.9492	-1
22221.0078	-1
22229.0664	-1
22237.1250	-1
22245.1836	-1
22253.2422	-1
22261.3008	-1
22269.3594	-1
22277.4199	-1
22285.4805	-1
22293.5410	-1
22301.6016	-1
22309.6621	-1
22317.7227	-1
22325.7832	1
22333.8438	1
22341.9043	-1
22349.9648	-1
22358.0254	-1
22366.0859	-1
22374.1465	-1
22382.2070	-1
22390.2676	-1
22398.3281	-1
22406.3887	-1
22414.4492	-1
22422.5098	-1
22430.5703	-1
22438.6309	-1
22446.6914	-1
22454.7520	-1
22462.8125	-1
22470.8730	-1
22478.9336	-1
22486.9941	-1
22495.0547	-1
22503.1152	-1
22511.1758	-1
22519.2363	-1
22527.2969	-1
22535.3594	-1
22543.4219	-1
22551.4844	-1
22559.5469	-1
22567.6094	-1
22575.6719	-1
22583.7344	-1
22591.8066	1
22599.8809	-1
22607.9551	1
22616.0293	1
22624.1035	-1
22632.1777	-1
22640.2617	1
22648.3477	-1
22656.4336	1
22664.5195	1
22672.6055	-1
22680.6934	-1
22688.7891	1
22696.8867	-1
22704.9844	1
22713.0820	1
22721.1797	-1
22729.2793	-1
22737.3867	1
22745.4961	-1
22753.6055	1
22761.7148	1
22769.8262	-1
22777.9375	-1
22786.0586	1
22794.1797	-1
22802.3008	1
22810.4219	1
22818.5449	-1
22826.6680	-1
22834.8027	1
22842.9375	-1
22851.0723	1
22859.2090	1
22867.3457	-1
22875.4824	-1
22883.6191	-1
22891.7656	1
22899.9141	-1
22908.0625	1
22916.2109	1
22924.3594	-1
22932.5078	-1
22940.6562	-1
22948.8145	1
22956.9746	-1
22965.1348	1
22973.2949	1
22981.4551	-1
22989.6172	-1
22997.7871	1
23005.9590	-1
23014.1309	1
23022.3027	1
23030.4766	-1
23038.6504	-1
23046.8242	-1
23055.0078	1
23063.1914	-1
23071.3750	1
23079.5586	1
23087.7441	-1
23095.9297	-1
23104.1152	-1
23112.3105	1
23120.5059	-1
23128.7012	1
23136.8965	1
23145.0938	-1
23153.2910	-1
23161.4980	1
23169.7070	-1
23177.9160	1
23186.1250	1
23194.3359	-1
23202.5469	-1
23210.7656	1
23218.9863	-1
23227.2070	1
23235.4277	1
23243.6504	-1
23251.8730	-1
23260.0957	-1
23268.3184	-1
23276.5410	-1
23284.7637	-1
23292.9863	-1
23301.2090	-1
23309.4316	-1
23317.6543	-1
23325.8770	-1
23334.0996	-1
23342.3223	1
23350.5449	1
23358.7676	1
23366.9902	1
23375.2129	-1
23383.4355	-1
23391.6582	-1
23399.8809	-1
23408.1035	-1
23416.3262	-1
23424.5488	-1
23432.7715	-1
23440.9941	-1
23449.2168	-1
23457.4395	-1
23465.6621	-1
23473.8867	-1
23482.1113	-1
23490.3359	-1
23498.5605	-1
23506.7852	-1
23515.0098	-1
23523.2344	-1
23531.4590	1
23539.6836	-1
23547.9082	-1
23556.1328	-1
23564.3574	-1
23572.5820	-1
23580.8066	1
23589.0312	-1
23597.2559	-1
23605.4805	-1
23613.7051	-1
23621.9297	-1
23630.1543	-1
23638.3789	-1
23646.6035	-1
23654.8281	-1
23663.0527	-1
23671.2773	-1
23679.5117	1
23687.7480	-1
23695.9844	1
23704.2207	1
23712.4570	-1
23720.6934	-1
23728.9297	-1
23737.1660	-1
23745.4023	-1
23753.6387	-1
23761.8750	-1
23770.1113	-1
23778.3477	-1
23786.5840	-1
23794.8203	-1
23803.0566	-1
23811.2930	1
23819.5293	1
23827.7656	1
23836.0039	-1
23844.2422	-1
23852.4805	-1
23860.7188	-1
23868.9570	-1
23877.1953	-1
23885.4336	-1
23893.6719	-1
23901.9102	-1
23910.1484	-1
23918.3867	-1
23926.6250	-1
23934.8633	-1
23943.1113	1
23951.3613	-1
23959.6113	1
23967.8613	1
23976.1113	-1
23984.3613	-1
23992.6113	-1
24000.8613	-1
24009.1113	-1
24017.3613	-1
24025.6113	-1
24033.8613	-1
24042.1113	-1
24050.3613	-1
24058.6113	-1
24066.8613	-1
24075.1113	1
24083.3613	1
24091.6113	1
24099.8613	1
24108.1133	-1
24116.3652	-1
24124.6172	-1
24132.8691	-1
24141.1211	-1
24149.3730	-1
24157.6250	-1
24165.8770	-1
24174.1289	-1
24182.3809	-1
24190.6328	-1
24198.8848	-1
24207.1367	-1
24215.3887	-1
24223.6406	-1
24231.8926	-1
24240.1445	-1
24248.3965	-1
24256.6484	-1
24264.9004	-1
24273.1523	1
24281.4043	-1
24289.6562	-1
24297.9082	-1
24306.1602	-1
24314.4121	1
24322.6641	1
24330.9160	1
24339.1680	1
24347.4199	1
24355.6719	1
24363.9238	1
24372.1758	-1
24380.4277	-1
24388.6797	-1
24396.9316	-1
24405.1836	-1
24413.4355	-1
24421.6895	1
24429.9434	1
24438.1973	-1
24446.4512	-1
24454.7051	-1
24462.9590	-1
24471.2129	-1
24479.4668	-1
24487.7207	-1
24495.9746	-1
24504.2285	-1
24512.4824	-1
24520.7363	-1
24528.9902	-1
24537.2441	1
24545.4980	1
24553.7520	1
24562.0059	1
24570.2598	-1
24578.5137	-1
24586.7676	-1
24595.0215	-1
24603.2754	-1
24611.5293	-1
24619.7832	-1
24628.0371	-1
24636.2910	-1
24644.5449	-1
24652.7988	-1
24661.0527	-1
24669.3086	-1
24677.5645	-1
24685.8203	-1
24694.0762	-1
24702.3320	-1
24710.5879	-1
24718.8438	-1
24727.0996	-1
24735.3555	-1
24743.6113	-1
24751.8672	-1
24760.1230	-1
24768.3789	-1
24776.6348	-1
24784.8906	-1
24793.1465	-1
24801.4023	-1
24809.6582	-1
24817.9141	-1
24826.1699	-1
24834.4258	-1
24842.6816	-1
24850.9375	-1
24859.1934	-1
24867.4492	-1
24875.7051	-1
24883.9609	-1
24892.2168	-1
24900.4727	-1
24908.7285	-1
24916.9844	-1
24925.2402	-1
24933.4961	-1
24941.7520	-1
24950.0078	-1
24958.2637	-1
24966.5195	-1
24974.7754	-1
24983.0312	-1
24991.2871	-1
24999.5430	-1
25007.7988	-1
25016.0547	1
25024.3105	-1
25032.5664	1
25040.8223	-1
25049.0781	-1
25057.3340	-1
25065.5898	-1
25073.8457	-1
25082.1016	1
25090.3574	1
25098.6133	-1
25106.8691	-1
25115.1250	-1
25123.3809	-1
25131.6367	-1
25139.8926	-1
25148.1504	1
25156.4082	1
25164.6660	1
25172.9238	1
25181.1816	1
25189.4395	1
25197.6973	1
25205.9551	1
25214.2129	1
25222.4707	1
25230.7285	1
25238.9863	1
25247.2441	1
25255.5020	1
25263.7598	1
25272.0176	1
25280.2754	1
25288.5332	1
25296.7910	-1
25305.0488	-1
25313.3066	-1
25321.5645	-1
25329.8223	-1
25338.0801	-1
25346.3379	-1
25354.5957	-1
25362.8535	-1
25371.1113	-1
25379.3691	-1
25387.6270	-1
25395.8867	-1
25404.1465	-1
25412.4062	-1
25420.6660	-1
25428.9258	-1
25437.1855	-1
25445.4453	-1
25453.7051	-1
25461.9648	-1
25470.2246	-1
25478.4844	-1
25486.7441	-1
25495.0039	-1
25503.2637	-1
25511.5234	-1
25519.7832	-1
25528.0430	-1
25536.3027	-1
25544.5625	-1
25552.8223	-1
25561.0820	-1
25569.3418	-1
25577.6016	-1
25585.8613	-1
25594.1211	-1
25602.3809	-1
25610.6406	-1
25618.9004	-1
25627.1602	-1
25635.4199	-1
25643.6816	1
25651.9434	1
25660.2051	1
25668.4668	1
25676.7285	1
25684.9902	1
25693.2520	1
25701.5137	1
25709.7754	-1
25718.0371	-1
25726.2988	-1
25734.5605	-1
25742.8223	-1
25751.0840	-1
25759.3457	-1
25767.6074	-1
25775.8691	-1
25784.1309	-1
25792.3926	-1
25800.6543	-1
25808.9160	-1
25817.1777	-1
25825.4395	-1
25833.7012	-1
25841.9629	-1
25850.2246	-1
25858.4883	-1
25866.7520	-1
25875.0156	-1
25883.2793	-1
25891.5430	-1
25899.8066	-1
25908.0703	-1
25916.3340	-1
25924.5977	-1
25932.8613	-1
25941.1250	-1
25949.3887	-1
25957.6523	-1
25965.9160	-1
25974.1797	-1
25982.4434	-1
25990.7070	-1
25998.9707	-1
26007.2344	-1
26015.4980	-1
26023.7617	-1
26032.0254	-1
26040.2891	-1
26048.5527	-1
26056.8164	-1
26065.0801	-1
26073.3438	-1
26081.6074	-1
26089.8711	-1
26098.1348	-1
26106.3984	-1
26114.6621	-1
26122.9258	-1
26131.1895	-1
26139.4531	-1
26147.7168	-1
26155.9805	-1
26164.2441	-1
26172.5078	-1
26180.7715	-1
26189.0352	-1
26197.2988	-1
26205.5645	-1
26213.8301	-1
26222.0957	-1
26230.3613	-1
26238.6270	-1
26246.8926	-1
26255.1582	-1
26263.4238	-1
26271.6895	-1
26279.9551	-1
26288.2207	-1
26296.4863	-1
26304.7520	-1
26313.0176	-1
26321.2832	-1
26329.5488	-1
26337.8145	-1
26346.0801	-1
26354.3457	-1
26362.6113	-1
26370.8770	-1
26379.1426	-1
26387.4082	-1
26395.6738	-1
26403.9395	-1
26412.2051	-1
26420.4707	-1
26428.7363	-1
26437.0020	-1
26445.2676	-1
26453.5332	-1
26461.7988	-1
26470.0645	-1
26478.3301	-1
26486.5957	-1
26494.8613	-1
26503.1270	-1
26511.3926	-1
26519.6582	-1
26527.9238	-1
26536.1895	-1
26544.4551	-1
26552.7207	-1
26560.9863	-1
26569.2520	-1
26577.5176	-1
26585.7832	-1
26594.0488	-1
26602.3145	-1
26610.5801	-1
26618.8457	-1
26627.1113	-1
26635.3770	-1
26643.6426	-1
26651.9082	-1
26660.1738	-1
26668.4395	-1
26676.7051	-1
26684.9707	-1
26693.2363	-1
26701.5020	-1
26709.7676	-1
26718.0332	-1
26726.2988	-1
26734.5645	-1
26742.8301	-1
26751.0957	-1
26759.3613	-1
26767.6270	-1
26775.8926	-1
26784.1582	-1
26792.4238	-1
26800.6895	-1
26808.9551	-1
26817.2207	-1
26825.4863	-1
