0.0000	0
0.0007	-1
0.2144	-888
0.3062	-888
0.3609	-888
0.4289	888
0.7355	-888
0.8305	888
0.8454	888
0.9317	888
0.9892	-888
1.0075	-888
1.1584	-888
1.1602	888
1.1822	888
1.2108	-888
1.5815	-888
1.7254	888
1.8272	-888
1.9150	-888
1.9458	-888
2.0526	888
2.0809	-888
2.1262	-888
2.1607	-888
2.1898	888
2.2751	888
2.2850	888
2.3820	-888
2.3919	-888
2.4718	888
2.4896	-888
2.5463	-888
2.5510	-888
2.5726	-888
2.6002	888
2.6276	888
2.6987	888
2.7285	888
2.7675	888
2.8111	-888
2.9043	888
2.9522	-888
2.9660	-888
3.1306	888
3.1524	-888
3.1725	-888
3.2110	888
3.3030	-888
3.3204	-888
3.4187	888
3.5942	888
3.6172	888
3.6181	-888
3.6645	888
3.6994	888
3.7005	888
3.7241	888
3.7269	-888
3.7478	888
3.7615	-888
3.7728	888
3.8050	888
3.8493	-888
3.8642	-888
3.9040	-888
3.9679	888
4.0089	-888
4.0227	888
4.0327	888
4.0479	-888
4.0645	888
4.2115	888
4.3162	888
4.4070	-888
4.4561	888
4.4621	-888
4.5290	888
4.5663	1
4.6506	888
4.6551	888
4.6859	888
4.7263	-888
4.7411	888
4.7425	888
4.8337	-888
4.8591	-888
4.9256	888
4.9594	-888
5.0406	888
5.0464	-888
5.0687	888
5.1811	-888
5.2073	888
5.2383	888
5.3155	-888
5.4464	-888
5.5992	-888
5.6210	-888
5.6433	-888
5.6987	888
5.7863	888
5.8760	888
5.8855	888
6.0199	888
6.2189	888
6.2511	888
6.3161	888
6.3952	888
6.4364	888
6.4643	888
6.5669	-888
6.8488	888
6.9943	888
7.0101	888
7.0727	888
7.2727	888
7.3197	888
7.5033	888
7.9105	888
8.0012	888
8.0387	888
8.0694	-888
8.2238	888
8.2385	888
8.4066	888
8.9096	888
9.0752	888
9.1335	-1
9.3941	888
9.6808	888
9.7258	888
10.3669	888
10.7239	888
11.2079	888
11.9657	888
12.9240	888
13.7010	1
18.2685	1
22.8370	-1
27.4054	-1
31.9739	-1
36.5542	1
41.1358	-1
45.7178	1
50.2999	1
54.8827	-1
59.4655	-1
64.0483	-1
68.6311	-1
73.2140	-1
77.7968	-1
82.3797	-1
86.9626	-1
91.5455	-1
96.1412	1
100.7384	-1
105.3371	1
109.9358	1
114.5354	-1
119.1349	-1
123.7344	-1
128.3340	-1
132.9335	-1
137.5330	-1
142.1327	-1
146.7323	-1
151.3320	-1
155.9317	-1
160.5313	-1
165.1310	-1
169.7310	1
174.3313	1
178.9322	-1
183.5331	-1
188.1340	-1
192.7349	-1
197.3358	-1
201.9367	-1
206.5377	-1
211.1387	-1
215.7398	-1
220.3408	-1
224.9418	-1
229.5553	1
234.1701	-1
238.7852	1
243.4005	1
248.0168	-1
252.6332	-1
257.2495	-1
261.8658	-1
266.4822	-1
271.0986	-1
275.7272	1
280.3571	-1
284.9875	1
289.6179	1
294.2495	-1
298.8811	-1
303.5127	-1
308.1443	-1
312.7760	-1
317.4076	-1
322.0393	-1
326.6711	-1
331.3028	-1
335.9345	-1
340.5663	-1
345.1980	-1
349.8301	1
354.4622	1
359.0945	1
363.7267	1
368.3603	-1
372.9938	-1
377.6274	-1
382.2610	-1
386.8946	-1
391.5281	-1
396.1618	-1
400.7955	-1
405.4292	-1
410.0629	-1
414.6966	-1
419.3303	-1
423.9641	-1
428.5980	-1
433.2318	-1
437.8656	-1
442.4994	-1
447.1332	-1
451.7672	-1
456.4011	-1
461.0351	-1
465.6690	-1
470.3030	-1
474.9370	-1
479.5712	1
484.2055	1
488.8399	1
493.4743	1
498.1103	-1
502.7462	-1
507.3822	-1
512.0182	-1
516.6542	-1
521.2902	-1
525.9263	-1
530.5624	-1
535.1985	-1
539.8347	-1
544.4708	-1
549.1069	-1
553.7431	-1
558.3793	-1
563.0156	-1
567.6518	-1
572.2880	-1
576.9243	-1
581.5607	-1
586.1970	-1
590.8334	-1
595.4697	-1
600.1182	1
604.7682	-1
609.4188	1
614.0695	1
618.7215	-1
623.3735	-1
628.0256	-1
632.6776	-1
637.3297	-1
641.9817	-1
646.6338	-1
651.2859	-1
655.9380	-1
660.5901	-1
665.2548	1
669.9208	-1
674.5873	1
679.2539	1
683.9219	-1
688.5898	-1
693.2578	-1
697.9258	-1
702.5938	-1
707.2618	-1
711.9423	1
716.6242	-1
721.3065	1
725.9888	1
730.6717	-1
735.3546	-1
740.0375	-1
744.7205	-1
749.4034	-1
754.0863	-1
758.7693	-1
763.4524	-1
768.1354	-1
772.8185	-1
777.5016	-1
782.1847	-1
786.8681	1
791.5516	1
796.2351	1
800.9186	1
805.6029	-1
810.2872	-1
814.9715	-1
819.6558	-1
824.3401	-1
829.0245	-1
833.7089	-1
838.3934	-1
843.0778	-1
847.7623	-1
852.4467	-1
857.1312	-1
861.8157	-1
866.5003	-1
871.1849	-1
875.8694	-1
880.5540	-1
885.2386	-1
889.9233	-1
894.6081	-1
899.2928	-1
903.9776	-1
908.6624	-1
913.3471	-1
918.0322	1
922.7173	1
927.4025	1
932.0876	1
936.7729	1
941.4582	1
946.1436	1
950.8289	1
955.5151	-1
960.2014	-1
964.8876	-1
969.5738	-1
974.2600	-1
978.9462	-1
983.6326	-1
988.3189	-1
993.0052	-1
997.6916	-1
1002.3779	-1
1007.0643	-1
1011.7515	-1
1016.4388	-1
1021.1260	-1
1025.8132	-1
1030.5005	-1
1035.1877	-1
1039.8751	-1
1044.5625	-1
1049.2499	-1
1053.9373	-1
1058.6246	-1
1063.3120	-1
1067.9995	-1
1072.6870	-1
1077.3745	-1
1082.0620	-1
1086.7495	-1
1091.4370	-1
1096.1246	-1
1100.8123	-1
1105.4999	-1
1110.1875	-1
1114.8751	-1
1119.5627	-1
1124.2505	-1
1128.9382	-1
1133.6260	-1
1138.3137	-1
1143.0015	-1
1147.6892	-1
1152.3771	-1
1157.0649	-1
1161.7528	-1
1166.4407	-1
1171.1285	-1
1175.8164	-1
1180.5049	1
1185.1935	1
1189.8821	1
1194.5707	1
1199.2594	1
1203.9481	1
1208.6368	1
1213.3257	1
1218.0145	1
1222.7034	1
1227.3923	1
1232.0813	1
1236.7706	1
1241.4601	1
1246.1497	1
1250.8394	1
1255.5292	-1
1260.2190	-1
1264.9088	-1
1269.5986	-1
1274.2885	-1
1278.9783	-1
1283.6687	1
1288.3591	1
1293.0513	-1
1297.7434	-1
1302.4355	-1
1307.1277	-1
1311.8198	-1
1316.5120	-1
1321.2046	-1
1325.8972	-1
1330.5898	-1
1335.2825	-1
1339.9751	-1
1344.6677	-1
1349.3605	-1
1354.0532	-1
1358.7460	-1
1363.4387	-1
1368.1315	-1
1372.8242	-1
1377.5170	-1
1382.2097	-1
1386.9025	-1
1391.5952	-1
1396.2880	-1
1400.9807	-1
1405.6736	-1
1410.3665	-1
1415.0593	-1
1419.7522	-1
1424.4451	-1
1429.1379	-1
1433.8309	-1
1438.5239	-1
1443.2169	-1
1447.9099	-1
1452.6029	-1
1457.2959	-1
1461.9890	-1
1466.6821	-1
1471.3752	-1
1476.0684	-1
1480.7615	-1
1485.4546	-1
1490.1478	-1
1494.8411	-1
1499.5343	-1
1504.2275	-1
1508.9208	-1
1513.6140	-1
1518.3074	-1
1523.0007	-1
1527.6941	-1
1532.3875	-1
1537.0808	-1
1541.7742	-1
1546.4677	-1
1551.1611	-1
1555.8546	-1
1560.5481	-1
1565.2416	-1
1569.9351	-1
1574.6287	-1
1579.3223	-1
1584.0159	-1
1588.7095	-1
1593.4031	-1
1598.0967	-1
1602.7904	-1
1607.4841	-1
1612.1779	-1
1616.8716	-1
1621.5653	-1
1626.2590	-1
1630.9529	-1
1635.6467	-1
1640.3406	-1
1645.0344	-1
1649.7283	-1
1654.4221	-1
1659.1161	-1
1663.8101	-1
1668.5040	-1
1673.1980	-1
1677.8920	-1
1682.5859	-1
1687.2800	-1
1691.9741	-1
1696.6682	-1
1701.3623	-1
1706.0564	-1
1710.7505	-1
1715.4447	1
1720.1389	1
1724.8336	1
1729.5283	1
1734.2231	1
1738.9182	1
1743.6133	1
1748.3083	1
1753.0034	1
1757.6986	1
1762.3939	1
1767.0892	1
1771.7849	1
1776.4806	1
1781.1765	1
1785.8726	1
1790.5686	1
1795.2649	-1
1799.9612	-1
1804.6575	-1
1809.3538	-1
1814.0500	-1
1818.7463	-1
1823.4427	-1
1828.1392	-1
1832.8356	-1
1837.5320	-1
1842.2284	-1
1846.9248	-1
1851.6221	1
1856.3196	1
1861.0171	1
1865.7146	1
1870.4121	1
1875.1097	1
1879.8074	1
1884.5060	1
1889.2047	-1
1893.9034	-1
1898.6022	-1
1903.3009	-1
1907.9996	-1
1912.6984	-1
1917.3979	-1
1922.0975	-1
1926.7971	-1
1931.4967	-1
1936.1963	-1
1940.8959	-1
1945.5956	-1
1950.2953	-1
1954.9950	-1
1959.6947	-1
1964.3944	-1
1969.0941	-1
1973.7939	1
1978.4938	1
1983.1937	1
1987.8937	1
1992.5936	1
1997.2937	1
2001.9938	1
2006.6938	1
2011.3939	1
2016.0941	1
2020.7943	1
2025.4950	-1
2030.1957	-1
2034.8964	-1
2039.5970	-1
2044.2977	-1
2048.9985	-1
2053.6995	-1
2058.4004	-1
2063.1013	-1
2067.8022	-1
2072.5032	-1
2077.2041	-1
2081.9050	-1
2086.6060	-1
2091.3069	-1
2096.0078	-1
2100.7087	-1
2105.4097	-1
2110.1108	-1
2114.8120	-1
2119.5132	-1
2124.2144	-1
2128.9155	-1
2133.6167	-1
2138.3181	-1
2143.0195	-1
2147.7209	-1
2152.4224	-1
2157.1238	-1
2161.8252	-1
2166.5269	-1
2171.2285	-1
2175.9302	-1
2180.6318	-1
2185.3335	-1
2190.0352	-1
2194.7368	-1
2199.4385	-1
2204.1401	-1
2208.8418	-1
2213.5435	-1
2218.2451	-1
2222.9480	1
2227.6509	1
2232.3538	1
2237.0566	1
2241.7595	1
2246.4626	1
2251.1658	1
2255.8689	1
2260.5728	1
2265.2766	1
2269.9805	1
2274.6846	1
2279.3887	1
2284.0930	-1
2288.7974	-1
2293.5017	-1
2298.2061	-1
2302.9104	-1
2307.6147	-1
2312.3193	-1
2317.0239	-1
2321.7285	-1
2326.4331	-1
2331.1377	-1
2335.8425	-1
2340.5474	-1
2345.2522	-1
2349.9570	-1
2354.6619	-1
2359.3667	-1
2364.0715	-1
2368.7766	-1
2373.4817	-1
2378.1868	-1
2382.8918	-1
2387.5969	-1
2392.3020	-1
2397.0073	-1
2401.7126	-1
2406.4180	-1
2411.1233	-1
2415.8286	-1
2420.5339	-1
2425.2393	-1
2429.9446	-1
2434.6499	-1
2439.3552	-1
2444.0605	-1
2448.7659	-1
2453.4714	-1
2458.1770	-1
2462.8826	-1
2467.5881	-1
2472.2937	-1
2476.9993	-1
2481.7051	-1
2486.4109	-1
2491.1167	-1
2495.8225	-1
2500.5283	-1
2505.2341	-1
2509.9399	-1
2514.6458	-1
2519.3516	-1
2524.0574	-1
2528.7632	-1
2533.4690	-1
2538.1750	-1
2542.8811	-1
2547.5872	-1
2552.2932	-1
2556.9993	-1
2561.7053	-1
2566.4136	-1
2571.1218	-1
2575.8301	-1
2580.5383	-1
2585.2466	-1
2589.9548	-1
2594.6633	-1
2599.3718	-1
2604.0803	-1
2608.7888	-1
2613.4973	-1
2618.2058	-1
2622.9143	-1
2627.6228	-1
2632.3313	-1
2637.0398	-1
2641.7483	-1
2646.4568	-1
2651.1655	-1
2655.8743	-1
2660.5830	-1
2665.2917	-1
2670.0005	-1
2674.7092	-1
2679.4199	-1
2684.1306	-1
2688.8413	-1
2693.5520	-1
2698.2627	-1
2702.9734	-1
2707.6843	-1
2712.3953	-1
2717.1062	-1
2721.8171	-1
2726.5281	-1
2731.2390	-1
2735.9500	-1
2740.6609	-1
2745.3718	-1
2750.0828	-1
2754.7937	-1
2759.5046	-1
2764.2158	-1
2768.9270	-1
2773.6382	-1
2778.3494	-1
2783.0605	-1
2787.7717	-1
2792.4829	-1
2797.1941	-1
2801.9053	-1
2806.6165	-1
2811.3276	-1
2816.0388	-1
2820.7502	-1
2825.4617	-1
2830.1731	-1
2834.8845	-1
2839.5959	-1
2844.3074	-1
2849.0188	-1
2853.7302	-1
2858.4417	-1
2863.1531	-1
2867.8645	-1
2872.5759	-1
2877.2876	-1
2881.9993	-1
2886.7109	-1
2891.4226	-1
2896.1343	-1
2900.8459	-1
2905.5586	-1
2910.2712	-1
2914.9839	-1
2919.6965	-1
2924.4092	-1
2929.1218	-1
2933.8347	-1
2938.5476	-1
2943.2605	-1
2947.9734	-1
2952.6863	-1
2957.3992	-1
2962.1121	-1
2966.8250	-1
2971.5378	-1
2976.2507	-1
2980.9636	-1
2985.6765	-1
2990.3901	-1
2995.1038	-1
2999.8174	-1
3004.5310	-1
3009.2446	-1
3013.9583	-1
3018.6721	-1
3023.3860	-1
3028.0999	-1
3032.8137	-1
3037.5276	-1
3042.2415	-1
3046.9553	-1
3051.6692	-1
3056.3831	-1
3061.0969	-1
3065.8108	-1
3070.5247	-1
3075.2388	-1
3079.9529	-1
3084.6670	-1
3089.3811	-1
3094.0952	-1
3098.8093	-1
3103.5234	-1
3108.2375	-1
3112.9517	-1
3117.6658	-1
3122.3799	-1
3127.0940	-1
3131.8083	-1
3136.5227	-1
3141.2371	-1
3145.9514	-1
3150.6658	-1
3155.3801	-1
3160.0945	-1
3164.8088	-1
3169.5232	-1
3174.2375	-1
3178.9519	-1
3183.6663	-1
3188.3809	-1
3193.0955	-1
3197.8101	-1
3202.5247	-1
3207.2393	-1
3211.9539	-1
3216.6685	-1
3221.3831	-1
3226.0977	-1
3230.8123	-1
3235.5269	-1
3240.2415	-1
3244.9563	-1
3249.6711	-1
3254.3860	-1
3259.1008	-1
3263.8157	-1
3268.5305	-1
3273.2458	-1
3277.9612	-1
3282.6765	-1
3287.3918	-1
3292.2688	-1
3297.1731	1
3302.0774	1
3306.9819	1
3311.8872	-1
3316.7927	-1
3321.6982	-1
3326.6038	-1
3331.5093	-1
3336.4148	-1
3341.3203	-1
3346.2258	-1
3351.1313	-1
3356.0369	-1
3360.9424	-1
3365.8479	-1
3370.7537	-1
3375.6594	-1
3380.5652	-1
3385.4709	-1
3390.3767	-1
3395.2825	-1
3400.2056	1
3405.1301	-1
3410.0552	1
3414.9805	1
3419.9072	-1
3424.8340	-1
3429.7607	-1
3434.6875	-1
3439.6143	-1
3444.5410	-1
3449.4680	-1
3454.3950	-1
3459.3220	-1
3464.2490	-1
3469.1760	-1
3474.1030	-1
3479.0308	1
3483.9585	1
3488.8862	1
3493.8142	1
3498.7437	-1
3503.6731	-1
3508.6025	-1
3513.5320	-1
3518.4617	-1
3523.3914	-1
3528.3210	-1
3533.2507	-1
3538.1804	-1
3543.1101	-1
3548.0398	-1
3552.9695	-1
3557.8994	-1
3562.8293	-1
3567.7593	-1
3572.6892	-1
3577.6191	-1
3582.5491	-1
3587.4792	-1
3592.4094	-1
3597.3396	-1
3602.2698	-1
3607.2000	-1
3612.1301	-1
3617.0608	1
3621.9915	1
3626.9224	1
3631.8533	1
3636.7842	1
3641.7153	1
3646.6465	1
3651.5776	1
3656.5122	-1
3661.4468	-1
3666.3813	-1
3671.3159	-1
3676.2505	-1
3681.1851	-1
3686.1199	-1
3691.0547	-1
3695.9895	-1
3700.9243	-1
3705.8591	-1
3710.7939	-1
3715.7288	-1
3720.6636	-1
3725.5984	-1
3730.5332	-1
3735.4680	-1
3740.4028	-1
3745.3389	-1
3750.2749	-1
3755.2109	-1
3760.1470	-1
3765.0830	-1
3770.0190	-1
3774.9551	-1
3779.8911	-1
3784.8271	-1
3789.7632	-1
3794.6992	-1
3799.6353	-1
3804.5715	-1
3809.5078	-1
3814.4441	-1
3819.3804	-1
3824.3167	-1
3829.2529	-1
3834.1892	-1
3839.1255	-1
3844.0618	-1
3848.9980	-1
3853.9343	-1
3858.8706	-1
3863.8071	-1
3868.7437	-1
3873.6802	-1
3878.6167	-1
3883.5532	-1
3888.4897	-1
3893.4265	1
3898.3635	1
3903.3005	1
3908.2375	1
3913.1746	1
3918.1116	1
3923.0503	1
3927.9890	1
3932.9277	1
3937.8665	1
3942.8052	1
3947.7439	1
3952.6829	1
3957.6218	1
3962.5608	1
3967.4998	1
3972.4426	-1
3977.3855	-1
3982.3284	-1
3987.2712	-1
3992.2141	-1
3997.1570	-1
4002.1003	-1
4007.0437	-1
4011.9871	-1
4016.9304	-1
4021.8738	-1
4026.8171	-1
4031.7607	-1
4036.7043	-1
4041.6479	-1
4046.5916	-1
4051.5352	-1
4056.4788	-1
4061.4233	-1
4066.3679	-1
4071.3125	-1
4076.2571	-1
4081.2017	-1
4086.1462	-1
4091.0911	1
4096.0361	1
4100.9810	1
4105.9258	1
4110.8706	1
4115.8154	1
4120.7607	-1
4125.7061	-1
4130.6514	-1
4135.5967	-1
4140.5420	-1
4145.4873	-1
4150.4331	-1
4155.3789	-1
4160.3247	-1
4165.2705	-1
4170.2163	-1
4175.1621	-1
4180.1094	1
4185.0566	1
4190.0049	1
4194.9531	1
4199.9014	1
4204.8496	1
4209.7993	-1
4214.7490	-1
4219.6987	-1
4224.6484	-1
4229.5981	-1
4234.5479	-1
4239.4980	1
4244.4482	1
4249.4004	-1
4254.3525	-1
4259.3047	-1
4264.2568	-1
4269.2090	-1
4274.1611	-1
4279.1138	-1
4284.0664	-1
4289.0190	-1
4293.9717	-1
4298.9243	-1
4303.8770	-1
4308.8296	-1
4313.7822	-1
4318.7349	-1
4323.6875	-1
4328.6401	-1
4333.5928	-1
4338.5454	-1
4343.4980	-1
4348.4507	-1
4353.4033	-1
4358.3560	-1
4363.3086	-1
4368.2612	-1
4373.2139	-1
4378.1665	-1
4383.1191	-1
4388.0718	-1
4393.0244	-1
4397.9775	-1
4402.9307	-1
4407.8838	-1
4412.8369	-1
4417.7900	-1
4422.7432	-1
4427.6963	-1
4432.6494	-1
4437.6025	-1
4442.5557	-1
4447.5088	-1
4452.4619	-1
4457.4150	-1
4462.3682	-1
4467.3213	-1
4472.2744	-1
4477.2275	-1
4482.1807	-1
4487.1338	-1
4492.0869	-1
4497.0400	-1
4501.9932	-1
4506.9468	-1
4511.9004	-1
4516.8540	-1
4521.8076	-1
4526.7612	-1
4531.7148	-1
4536.6685	-1
4541.6221	-1
4546.5771	1
4551.5361	-1
4556.4951	-1
4561.4541	-1
4566.4131	-1
4571.3721	-1
4576.3311	-1
4581.2900	-1
4586.2490	-1
4591.2080	-1
4596.1670	-1
4601.1260	-1
4606.0850	-1
4611.0439	-1
4616.0029	-1
4620.9619	-1
4625.9209	-1
4630.8799	-1
4635.8389	-1
4640.7979	-1
4645.7568	-1
4650.7158	-1
4655.6748	-1
4660.6338	-1
4665.5928	-1
4670.5522	-1
4675.5117	-1
4680.4712	-1
4685.4307	-1
4690.3901	-1
4695.3496	-1
4700.3091	-1
4705.2686	-1
4710.2280	-1
4715.1875	-1
4720.1470	-1
4725.1064	-1
4730.0659	-1
4735.0254	-1
4739.9849	-1
4744.9443	-1
4749.9038	-1
4754.8633	-1
4759.8228	-1
4764.7822	-1
4769.7417	-1
4774.7012	-1
4779.6606	-1
4784.6201	-1
4789.5796	-1
4794.5391	-1
4799.4990	-1
4804.4590	-1
4809.4189	-1
4814.3789	-1
4819.3389	-1
4824.2988	-1
4829.2588	-1
4834.2188	-1
4839.1787	-1
4844.1387	-1
4849.0986	-1
4854.0586	-1
4859.0186	-1
4863.9785	-1
4868.9385	-1
4873.8984	-1
4878.8604	-1
4883.8223	-1
4888.7842	-1
4893.7461	-1
4898.7080	-1
4903.6699	-1
4908.6323	-1
4913.5947	-1
4918.5571	-1
4923.5195	-1
4928.4819	-1
4933.4443	-1
4938.4067	-1
4943.3691	-1
4948.3315	-1
4953.2939	-1
4958.2695	1
4963.2471	-1
4968.2251	1
4973.2031	1
4978.1836	-1
4983.1641	-1
4988.1445	-1
4993.1250	-1
4998.1055	-1
5003.0859	-1
5008.0664	-1
5013.0469	-1
5018.0420	1
5023.0391	-1
5028.0366	1
5033.0342	1
5038.0366	-1
5043.0391	-1
5048.0420	-1
5053.0449	-1
5058.0479	-1
5063.0508	-1
5068.0537	-1
5073.0566	-1
5078.0596	-1
5083.0625	-1
5088.0654	-1
5093.0684	-1
5098.0718	1
5103.0767	-1
5108.0815	-1
5113.0864	-1
5118.0913	-1
5123.0962	-1
5128.1011	-1
5133.1201	1
5138.1411	-1
5143.1626	1
5148.1841	1
5153.2065	-1
5158.2290	-1
5163.2515	-1
5168.2739	-1
5173.2964	-1
5178.3188	-1
5183.3418	-1
5188.3647	-1
5193.3877	-1
5198.4106	-1
5203.4336	-1
5208.4702	1
5213.5088	-1
5218.5479	1
5223.5869	1
5228.6270	-1
5233.6670	-1
5238.7070	-1
5243.7471	-1
5248.7871	-1
5253.8271	-1
5258.8677	-1
5263.9082	-1
5268.9487	-1
5273.9893	-1
5279.0298	-1
5284.0703	-1
5289.1113	1
5294.1523	1
5299.1938	1
5304.2354	1
5309.2773	-1
5314.3193	-1
5319.3613	-1
5324.4033	-1
5329.4453	-1
5334.4873	-1
5339.5298	-1
5344.5723	-1
5349.6147	-1
5354.6572	-1
5359.6997	-1
5364.7422	-1
5369.7847	-1
5374.8271	-1
5379.8696	-1
5384.9121	-1
5389.9546	-1
5394.9971	-1
5400.0400	-1
5405.0830	-1
5410.1260	-1
5415.1689	-1
5420.2119	-1
5425.2549	-1
5430.2983	1
5435.3418	1
5440.3853	1
5445.4287	1
5450.4722	1
5455.5156	1
5460.5591	1
5465.6025	1
5470.6479	-1
5475.6934	-1
5480.7388	-1
5485.7842	-1
5490.8296	-1
5495.8750	-1
5500.9204	-1
5505.9658	-1
5511.0112	-1
5516.0566	-1
5521.1021	-1
5526.1475	-1
5531.1929	-1
5536.2383	-1
5541.2837	-1
5546.3291	-1
5551.3745	-1
5556.4199	-1
5561.4653	-1
5566.5107	-1
5571.5562	-1
5576.6016	-1
5581.6470	-1
5586.6924	-1
5591.7383	-1
5596.7842	-1
5601.8301	-1
5606.8760	-1
5611.9219	-1
5616.9678	-1
5622.0137	-1
5627.0596	-1
5632.1055	-1
5637.1514	-1
5642.1973	-1
5647.2432	-1
5652.2896	-1
5657.3359	-1
5662.3823	-1
5667.4287	-1
5672.4751	-1
5677.5215	-1
5682.5698	-1
5687.6182	-1
5692.6665	-1
5697.7148	-1
5702.7632	-1
5707.8115	-1
5712.8599	1
5717.9087	1
5722.9575	1
5728.0063	1
5733.0552	1
5738.1045	1
5743.1538	1
5748.2031	1
5753.2524	1
5758.3018	1
5763.3511	1
5768.4004	1
5773.4497	1
5778.4990	1
5783.5498	1
5788.6006	1
5793.6519	-1
5798.7031	-1
5803.7544	-1
5808.8057	-1
5813.8569	-1
5818.9082	-1
5823.9600	1
5829.0117	1
5834.0659	-1
5839.1201	-1
5844.1743	-1
5849.2285	-1
5854.2827	-1
5859.3369	-1
5864.3911	-1
5869.4453	-1
5874.4995	-1
5879.5537	-1
5884.6079	-1
5889.6621	-1
5894.7168	-1
5899.7715	-1
5904.8262	-1
5909.8809	-1
5914.9355	-1
5919.9902	-1
5925.0449	-1
5930.0996	-1
5935.1543	-1
5940.2090	-1
5945.2637	-1
5950.3184	-1
5955.3730	-1
5960.4277	-1
5965.4824	-1
5970.5371	-1
5975.5918	-1
5980.6465	-1
5985.7012	-1
5990.7559	-1
5995.8105	-1
6000.8652	-1
6005.9199	-1
6010.9746	-1
6016.0298	-1
6021.0850	-1
6026.1401	-1
6031.1953	-1
6036.2505	-1
6041.3057	-1
6046.3608	1
6051.4160	1
6056.4717	-1
6061.5273	-1
6066.5830	-1
6071.6387	-1
6076.6943	-1
6081.7500	-1
6086.8062	-1
6091.8623	-1
6096.9185	-1
6101.9746	-1
6107.0308	-1
6112.0869	-1
6117.1431	-1
6122.1992	-1
6127.2554	-1
6132.3115	-1
6137.3677	-1
6142.4238	-1
6147.4805	-1
6152.5371	-1
6157.5938	-1
6162.6504	-1
6167.7070	-1
6172.7637	-1
6177.8203	-1
6182.8770	-1
6187.9336	-1
6192.9902	-1
6198.0469	-1
6203.1035	-1
6208.1602	-1
6213.2168	-1
6218.2734	-1
6223.3301	-1
6228.3867	-1
6233.4434	-1
6238.5000	-1
6243.5566	-1
6248.6133	-1
6253.6699	-1
6258.7266	-1
6263.7832	-1
6268.8403	-1
6273.8975	-1
6278.9546	-1
6284.0117	-1
6289.0688	-1
6294.1260	-1
6299.1831	-1
6304.2402	-1
6309.2974	-1
6314.3545	-1
6319.4116	-1
6324.4688	-1
6329.5264	-1
6334.5840	-1
6339.6416	-1
6344.6992	-1
6349.7568	-1
6354.8145	-1
6359.8730	-1
6364.9316	-1
6369.9902	-1
6375.0488	-1
6380.1074	-1
6385.1660	-1
6390.2246	-1
6395.2837	-1
6400.3569	1
6405.4316	-1
6410.5068	1
6415.5820	1
6420.6582	-1
6425.7344	-1
6430.8105	-1
6435.9014	1
6440.9937	-1
6446.0864	1
6451.1792	1
6456.2734	-1
6461.3677	-1
6466.4619	-1
6471.5562	-1
6476.6504	-1
6481.7583	1
6486.8682	-1
6491.9780	1
6497.0884	1
6502.2002	-1
6507.3120	-1
6512.4238	-1
6517.5356	-1
6522.6475	-1
6527.7593	-1
6532.8711	-1
6537.9829	-1
6543.0947	-1
6548.2065	-1
6553.3184	-1
6558.4302	-1
6563.5425	1
6568.6548	1
6573.7681	-1
6578.8818	-1
6583.9956	-1
6589.1094	-1
6594.2231	-1
6599.3369	-1
6604.4507	-1
6609.5645	-1
6614.6914	1
6619.8198	-1
6624.9487	1
6630.0776	1
6635.2085	-1
6640.3394	-1
6645.4702	-1
6650.6011	-1
6655.7319	-1
6660.8628	-1
6665.9941	-1
6671.1255	-1
6676.2568	-1
6681.3882	-1
6686.5195	-1
6691.6509	-1
6696.7827	1
6701.9146	1
6707.0469	1
6712.1797	1
6717.3140	-1
6722.4482	-1
6727.5825	-1
6732.7168	-1
6737.8511	-1
6742.9854	-1
6748.1196	-1
6753.2539	-1
6758.3882	-1
6763.5225	-1
6768.6567	-1
6773.7910	-1
6778.9253	-1
6784.0596	-1
6789.1938	-1
6794.3281	-1
6799.4624	-1
6804.5967	-1
6809.7314	1
6814.8667	1
6820.0020	1
6825.1377	1
6830.2734	1
6835.4092	1
6840.5449	-1
6845.6807	-1
6850.8164	-1
6855.9521	-1
6861.0879	-1
6866.2236	-1
6871.3599	1
6876.4966	1
6881.6357	-1
6886.7749	-1
6891.9141	-1
6897.0532	-1
6902.1924	-1
6907.3315	-1
6912.4707	-1
6917.6099	-1
6922.7490	-1
6927.8882	-1
6933.0273	-1
6938.1665	-1
6943.3057	-1
6948.4448	-1
6953.5840	-1
6958.7231	-1
6963.8623	-1
6969.0015	-1
6974.1411	-1
6979.2808	-1
6984.4204	-1
6989.5601	-1
6994.6997	-1
6999.8394	-1
7004.9790	-1
7010.1187	-1
7015.2583	-1
7020.3979	-1
7025.5376	-1
7030.6772	-1
7035.8169	-1
7040.9565	-1
7046.0962	-1
7051.2358	-1
7056.3755	-1
7061.5151	-1
7066.6548	-1
7071.7944	-1
7076.9341	-1
7082.0737	-1
7087.2134	-1
7092.3530	-1
7097.4937	-1
7102.6343	-1
7107.7749	-1
7112.9155	-1
7118.0566	-1
7123.1978	-1
7128.3394	1
7133.4810	1
7138.6226	1
7143.7642	1
7148.9058	1
7154.0474	1
7159.1890	1
7164.3306	1
7169.4722	1
7174.6138	1
7179.7578	-1
7184.9019	-1
7190.0459	-1
7195.1899	-1
7200.3340	-1
7205.4780	-1
7210.6221	-1
7215.7661	-1
7220.9102	-1
7226.0542	-1
7231.1982	-1
7236.3423	-1
7241.4883	-1
7246.6343	-1
7251.7803	-1
7256.9263	-1
7262.0723	-1
7267.2183	-1
7272.3643	-1
7277.5103	-1
7282.6562	-1
7287.8022	-1
7292.9482	-1
7298.0942	-1
7303.2402	-1
7308.3862	-1
7313.5322	-1
7318.6782	-1
7323.8242	-1
7328.9702	-1
7334.1167	-1
7339.2632	-1
7344.4097	-1
7349.5562	-1
7354.7026	-1
7359.8491	-1
7364.9956	-1
7370.1421	-1
7375.2886	-1
7380.4351	-1
7385.5815	-1
7390.7280	-1
7395.8745	-1
7401.0210	-1
7406.1675	-1
7411.3140	-1
7416.4604	-1
7421.6069	-1
7426.7534	-1
7431.8999	-1
7437.0464	-1
7442.1929	-1
7447.3394	-1
7452.4863	-1
7457.6333	-1
7462.7803	-1
7467.9272	-1
7473.0884	1
7478.2515	-1
7483.4150	1
7488.5786	1
7493.7432	-1
7498.9077	-1
7504.0723	-1
7509.2368	-1
7514.4014	-1
7519.5659	-1
7524.7310	-1
7529.8960	-1
7535.0747	1
7540.2583	-1
7545.4424	1
7550.6265	1
7555.8115	-1
7560.9966	-1
7566.1816	-1
7571.3667	-1
7576.5518	-1
7581.7368	-1
7586.9224	-1
7592.1211	1
7597.3213	-1
7602.5220	1
7607.7227	1
7612.9253	-1
7618.1279	-1
7623.3306	-1
7628.5332	-1
7633.7358	-1
7638.9546	1
7644.1753	-1
7649.3965	1
7654.6177	1
7659.8394	-1
7665.0610	-1
7670.2827	-1
7675.5044	-1
7680.7261	-1
7685.9478	-1
7691.1694	-1
7696.3911	-1
7701.6128	-1
7706.8345	-1
7712.0562	-1
7717.2778	-1
7722.5000	1
7727.7227	1
7732.9453	1
7738.1680	1
7743.3916	-1
7748.6152	-1
7753.8389	-1
7759.0625	-1
7764.2861	-1
7769.5098	-1
7774.7334	-1
7779.9570	-1
7785.1807	-1
7790.4043	-1
7795.6279	-1
7800.8516	-1
7806.0752	-1
7811.2988	-1
7816.5225	-1
7821.7461	-1
7826.9697	-1
7832.1934	-1
7837.4175	-1
7842.6416	-1
7847.8657	-1
7853.0898	-1
7858.3140	-1
7863.5381	-1
7868.7627	1
7873.9873	1
7879.2119	1
7884.4365	1
7889.6616	1
7894.8867	1
7900.1118	1
7905.3369	1
7910.5625	-1
7915.7881	-1
7921.0137	-1
7926.2393	-1
7931.4648	-1
7936.6904	-1
7941.9165	1
7947.1431	-1
7952.3696	-1
7957.5962	-1
7962.8228	-1
7968.0493	-1
7973.2759	-1
7978.5024	-1
7983.7290	-1
7988.9556	-1
7994.1821	-1
7999.4087	-1
8004.6353	-1
8009.8623	-1
8015.0894	-1
8020.3164	-1
8025.5435	-1
8030.7705	-1
8035.9976	-1
8041.2251	-1
8046.4526	-1
8051.6802	-1
8056.9077	-1
8062.1353	-1
8067.3628	-1
8072.5908	-1
8077.8188	-1
8083.0469	-1
8088.2749	-1
8093.5029	-1
8098.7310	-1
8103.9590	1
8109.1870	1
8114.4150	1
8119.6436	-1
8124.8721	-1
8130.1006	-1
8135.3291	-1
8140.5576	-1
8145.7861	-1
8151.0146	-1
8156.2432	-1
8161.4717	-1
8166.7002	-1
8171.9287	-1
8177.1572	-1
8182.3857	-1
8187.6143	-1
8192.8428	-1
8198.0713	-1
8203.2998	-1
8208.5283	-1
8213.7578	1
8218.9873	1
8224.2168	1
8229.4473	-1
8234.6777	-1
8239.9082	-1
8245.1387	-1
8250.3691	-1
8255.5996	-1
8260.8311	-1
8266.0625	-1
8271.2939	-1
8276.5254	-1
8281.7568	-1
8286.9883	-1
8292.2197	-1
8297.4512	-1
8302.6826	-1
8307.9141	-1
8313.1455	-1
8318.3770	-1
8323.6094	-1
8328.8418	-1
8334.0742	-1
8339.3066	-1
8344.5391	-1
8349.7715	-1
8355.0039	-1
8360.2363	-1
8365.4688	-1
8370.7012	-1
8375.9336	-1
8381.1660	-1
8386.3984	-1
8391.6309	-1
8396.8633	-1
8402.0957	-1
8407.3281	-1
8412.5732	1
8417.8203	-1
8423.0674	1
8428.3145	1
8433.5625	-1
8438.8105	-1
8444.0586	-1
8449.3066	-1
8454.5547	-1
8459.8027	-1
8465.0508	-1
8470.2988	-1
8475.5469	-1
8480.7949	-1
8486.0430	-1
8491.2910	-1
8496.5400	1
8501.7891	1
8507.0381	1
8512.2871	1
8517.5381	-1
8522.7891	-1
8528.0400	-1
8533.2910	-1
8538.5420	-1
8543.7930	-1
8549.0439	-1
8554.2949	-1
8559.5459	-1
8564.7969	-1
8570.0479	-1
8575.2988	-1
8580.5498	1
8585.8008	-1
8591.0518	-1
8596.3027	-1
8601.5537	-1
8606.8047	-1
8612.0557	-1
8617.3066	1
8622.5586	-1
8627.8105	-1
8633.0625	-1
8638.3145	-1
8643.5664	-1
8648.8184	-1
8654.0703	1
8659.3223	1
8664.5742	1
8669.8262	1
8675.0791	1
8680.3320	1
8685.5850	-1
8690.8379	-1
8696.0908	-1
8701.3438	-1
8706.5967	-1
8711.8496	-1
8717.1035	1
8722.3574	1
8727.6113	-1
8732.8652	-1
8738.1191	-1
8743.3730	-1
8748.6270	-1
8753.8809	-1
8759.1357	1
8764.3906	1
8769.6475	-1
8774.9043	-1
8780.1611	-1
8785.4180	-1
8790.6748	-1
8795.9316	-1
8801.1885	-1
8806.4453	-1
8811.7021	-1
8816.9590	-1
8822.2158	-1
8827.4727	-1
8832.7305	-1
8837.9883	-1
8843.2461	-1
8848.5039	-1
8853.7617	-1
8859.0195	-1
8864.2773	-1
8869.5352	-1
8874.7930	-1
8880.0508	-1
8885.3086	-1
8890.5664	-1
8895.8242	-1
8901.0820	-1
8906.3398	-1
8911.5977	-1
8916.8555	-1
8922.1133	-1
8927.3711	-1
8932.6289	-1
8937.8867	-1
8943.1445	-1
8948.4023	-1
8953.6602	-1
8958.9180	-1
8964.1758	-1
8969.4336	-1
8974.6914	-1
8979.9492	-1
8985.2070	-1
8990.4658	-1
8995.7246	-1
9000.9834	-1
9006.2422	-1
9011.5010	-1
9016.7598	-1
9022.0186	1
9027.2773	1
9032.5361	-1
9037.7949	-1
9043.0547	-1
9048.3145	-1
9053.5742	-1
9058.8340	-1
9064.0938	1
9069.3535	1
9074.6133	1
9079.8730	-1
9085.1328	-1
9090.3926	-1
9095.6523	-1
9100.9121	-1
9106.1719	-1
9111.4336	-1
9116.6953	-1
9121.9570	-1
9127.2188	-1
9132.4805	-1
9137.7422	-1
9143.0049	-1
9148.2676	-1
9153.5303	-1
9158.7930	-1
9164.0557	-1
9169.3184	-1
9174.5811	-1
9179.8438	-1
9185.1064	-1
9190.3691	-1
9195.6318	-1
9200.8945	-1
9206.1572	-1
9211.4199	-1
9216.6826	-1
9221.9453	-1
9227.2080	-1
9232.4707	-1
9237.7334	-1
9242.9961	-1
9248.2588	-1
9253.5215	-1
9258.7910	1
9264.0674	1
9269.3447	-1
9274.6230	1
9279.9014	1
9285.1807	-1
9290.4600	-1
9295.7393	-1
9301.0186	-1
9306.2979	-1
9311.5771	-1
9316.8564	-1
9322.1357	-1
9327.4150	-1
9332.6943	-1
9337.9736	-1
9343.2529	-1
9348.5332	1
9353.8135	1
9359.0938	1
9364.3740	1
9369.6553	-1
9374.9365	-1
9380.2178	-1
9385.4990	-1
9390.7803	-1
9396.0615	-1
9401.3428	-1
9406.6240	-1
9411.9053	-1
9417.1865	-1
9422.4678	-1
9427.7490	-1
9433.0312	-1
9438.3135	-1
9443.5957	-1
9448.8779	-1
9454.1602	-1
9459.4424	-1
9464.7246	1
9470.0068	-1
9475.2891	-1
9480.5713	-1
9485.8535	-1
9491.1357	-1
9496.4180	-1
9501.7002	1
9506.9824	1
9512.2646	1
9517.5479	1
9522.8311	1
9528.1143	1
9533.3975	1
9538.6826	-1
9543.9678	-1
9549.2529	-1
9554.5381	-1
9559.8232	-1
9565.1084	-1
9570.3936	-1
9575.6787	-1
9580.9639	-1
9586.2490	-1
9591.5342	-1
9596.8193	-1
9602.1045	-1
9607.3896	-1
9612.6748	-1
9617.9600	-1
9623.2451	-1
9628.5303	-1
9633.8154	-1
9639.1006	-1
9644.3857	-1
9649.6709	-1
9654.9561	-1
9660.2412	-1
9665.5273	1
9670.8135	1
9676.0996	1
9681.3857	1
9686.6719	1
9691.9580	1
9697.2441	1
9702.5303	1
9707.8174	-1
9713.1045	-1
9718.3916	-1
9723.6787	-1
9728.9658	-1
9734.2529	-1
9739.5400	-1
9744.8271	-1
9750.1143	-1
9755.4014	-1
9760.6885	-1
9765.9756	-1
9771.2637	-1
9776.5518	-1
9781.8398	-1
9787.1279	-1
9792.4160	-1
9797.7041	-1
9802.9922	1
9808.2803	-1
9813.5684	-1
9818.8564	1
9824.1445	-1
9829.4326	-1
9834.7207	-1
9840.0088	-1
9845.2979	1
9850.5869	1
9855.8760	1
9861.1650	1
9866.4541	1
9871.7432	1
9877.0342	-1
9882.3252	-1
9887.6162	-1
9892.9072	-1
9898.1982	-1
9903.4893	-1
9908.7803	-1
9914.0713	-1
9919.3623	-1
9924.6533	-1
9929.9443	-1
9935.2354	-1
9940.5264	-1
9945.8174	-1
9951.1084	-1
9956.3994	-1
9961.6904	-1
9966.9814	-1
9972.2734	-1
9977.5654	-1
9982.8574	-1
9988.1494	-1
9993.4414	-1
9998.7334	-1
10004.0254	-1
10009.3174	-1
10014.6094	-1
10019.9014	-1
10025.1934	-1
10030.4854	-1
10035.7773	-1
10041.0693	-1
10046.3613	-1
10051.6533	-1
10056.9453	-1
10062.2373	-1
10067.5293	-1
10072.8213	-1
10078.1133	-1
10083.4053	-1
10088.6973	-1
10093.9893	-1
10099.2812	-1
10104.5732	-1
10109.8652	-1
10115.1572	-1
10120.4492	-1
10125.7412	-1
10131.0342	1
10136.3271	1
10141.6201	1
10146.9131	1
10152.2061	1
10157.4990	1
10162.7920	1
10168.0850	1
10173.3789	1
10178.6729	1
10183.9668	1
10189.2607	1
10194.5566	-1
10199.8525	-1
10205.1484	-1
10210.4443	-1
10215.7402	-1
10221.0361	-1
10226.3320	-1
10231.6279	-1
10236.9238	-1
10242.2197	-1
10247.5156	-1
10252.8115	-1
10258.1074	-1
10263.4033	-1
10268.6992	-1
10273.9951	-1
10279.2910	-1
10284.5869	-1
10289.8828	1
10295.1787	1
10300.4746	1
10305.7715	1
10311.0684	1
10316.3652	1
10321.6621	1
10326.9590	1
10332.2559	1
10337.5527	1
10342.8506	-1
10348.1484	-1
10353.4463	-1
10358.7441	-1
10364.0420	-1
10369.3398	-1
10374.6387	-1
10379.9375	-1
10385.2363	-1
10390.5352	-1
10395.8340	-1
10401.1328	-1
10406.4316	-1
10411.7305	-1
10417.0293	-1
10422.3281	-1
10427.6270	-1
10432.9258	-1
10438.2256	-1
10443.5254	-1
10448.8252	-1
10454.1250	-1
10459.4248	-1
10464.7246	-1
10470.0254	-1
10475.3262	-1
10480.6270	-1
10485.9277	-1
10491.2285	-1
10496.5293	-1
10501.8301	-1
10507.1309	-1
10512.4316	-1
10517.7324	-1
10523.0332	-1
10528.3340	-1
10533.6348	-1
10538.9355	-1
10544.2363	-1
10549.5371	-1
10554.8379	-1
10560.1387	-1
10565.4395	1
10570.7402	1
10576.0410	1
10581.3418	1
10586.6436	1
10591.9453	1
10597.2471	1
10602.5488	1
10607.8516	-1
10613.1543	-1
10618.4570	-1
10623.7598	-1
10629.0625	-1
10634.3652	-1
10639.6680	-1
10644.9707	-1
10650.2734	-1
10655.5762	-1
10660.8789	-1
10666.1816	-1
10671.4844	-1
10676.7871	-1
10682.0898	-1
10687.3926	-1
10692.6963	-1
10698.0000	-1
10703.3037	-1
10708.6074	-1
10713.9111	-1
10719.2148	-1
10724.5186	-1
10729.8223	-1
10735.1260	-1
10740.4297	-1
10745.7334	-1
10751.0371	-1
10756.3408	-1
10761.6445	-1
10766.9492	-1
10772.2539	-1
10777.5586	-1
10782.8633	-1
10788.1680	-1
10793.4727	-1
10798.7773	-1
10804.0820	-1
10809.3867	-1
10814.6914	-1
10819.9961	-1
10825.3008	-1
10830.6064	-1
10835.9121	-1
10841.2178	-1
10846.5234	-1
10851.8291	-1
10857.1348	-1
10862.4404	-1
10867.7461	-1
10873.0518	-1
10878.3574	-1
10883.6631	-1
10888.9688	-1
10894.2754	1
10899.5820	1
10904.8887	1
10910.1953	1
10915.5020	1
10920.8086	1
10926.1152	1
10931.4219	1
10936.7295	1
10942.0371	1
10947.3447	1
10952.6523	1
10957.9600	1
10963.2676	1
10968.5771	-1
10973.8867	-1
10979.1963	-1
10984.5059	-1
10989.8154	-1
10995.1250	-1
11000.4346	-1
11005.7441	-1
11011.0537	-1
11016.3633	-1
11021.6729	-1
11026.9824	-1
11032.2930	-1
11037.6035	-1
11042.9141	-1
11048.2246	-1
11053.5352	-1
11058.8457	-1
11064.1572	1
11069.4688	1
11074.7803	1
11080.0918	-1
11085.4033	-1
11090.7148	-1
11096.0264	-1
11101.3389	-1
11106.6514	-1
11111.9639	-1
11117.2764	-1
11122.5889	-1
11127.9014	-1
11133.2139	-1
11138.5264	-1
11143.8389	1
11149.1514	1
11154.4639	1
11159.7764	1
11165.0889	1
11170.4014	1
11175.7139	1
11181.0264	1
11186.3398	1
11191.6533	1
11196.9668	-1
11202.2803	1
11207.5938	-1
11212.9072	-1
11218.2207	-1
11223.5342	-1
11228.8477	-1
11234.1611	1
11239.4746	1
11244.7881	1
11250.1016	1
11255.4150	-1
11260.7285	-1
11266.0420	-1
11271.3555	-1
11276.6689	-1
11281.9824	-1
11287.2979	1
11292.6133	1
11297.9287	1
11303.2441	1
11308.5596	1
11313.8750	1
11319.1914	-1
11324.5078	-1
11329.8242	-1
11335.1406	-1
11340.4570	-1
11345.7734	-1
11351.0898	-1
11356.4062	-1
11361.7227	-1
11367.0391	-1
11372.3555	-1
11377.6719	-1
11382.9893	-1
11388.3066	-1
11393.6240	-1
11398.9414	-1
11404.2588	-1
11409.5762	-1
11414.8936	-1
11420.2109	-1
11425.5283	-1
11430.8457	-1
11436.1631	-1
11441.4805	-1
11446.7979	-1
11452.1152	-1
11457.4326	-1
11462.7500	-1
11468.0674	-1
11473.3848	-1
11478.7021	-1
11484.0195	-1
11489.3369	-1
11494.6543	-1
11499.9717	-1
11505.2891	-1
11510.6064	-1
11515.9238	-1
11521.2412	-1
11526.5586	-1
11531.8760	-1
11537.1934	-1
11542.5117	1
11547.8311	1
11553.1504	1
11558.4697	1
11563.7900	-1
11569.1104	-1
11574.4307	-1
11579.7510	-1
11585.0713	-1
11590.3916	-1
11595.7119	-1
11601.0322	-1
11606.3525	-1
11611.6729	-1
11616.9932	-1
11622.3135	-1
11627.6348	-1
11632.9561	-1
11638.2773	-1
11643.5986	-1
11648.9199	-1
11654.2412	-1
11659.5625	1
11664.8848	1
11670.2070	1
11675.5293	1
11680.8516	1
11686.1738	1
11691.4961	1
11696.8184	1
11702.1406	1
11707.4639	-1
11712.7871	-1
11718.1104	-1
11723.4336	-1
11728.7568	-1
11734.0801	-1
11739.4033	-1
11744.7266	-1
11750.0498	-1
11755.3730	-1
11760.6963	-1
11766.0195	-1
11771.3428	-1
11776.6660	-1
11781.9893	-1
11787.3125	-1
11792.6357	-1
11797.9590	-1
11803.2832	-1
11808.6074	-1
11813.9316	-1
11819.2559	-1
11824.5801	-1
11829.9043	-1
11835.2285	-1
11840.5527	-1
11845.8770	-1
11851.2012	-1
11856.5254	-1
11861.8496	-1
11867.1738	-1
11872.4980	-1
11877.8223	-1
11883.1465	-1
11888.4707	-1
11893.7949	-1
11899.1191	-1
11904.4434	-1
11909.7676	-1
11915.0918	-1
11920.4160	-1
11925.7402	-1
11931.0645	-1
11936.3887	-1
11941.7129	-1
11947.0371	-1
11952.3613	-1
11957.6855	-1
11963.0098	-1
11968.3340	-1
11973.6582	-1
11978.9824	-1
11984.3066	-1
11989.6309	-1
11994.9580	-1
12000.2852	-1
12005.6123	-1
12010.9395	-1
12016.2666	-1
12021.5938	-1
12026.9219	-1
12032.2500	-1
12037.5781	-1
12042.9062	-1
12048.2344	-1
12053.5625	-1
12058.8916	-1
12064.2207	-1
12069.5498	-1
12074.8789	-1
12080.2080	-1
12085.5371	-1
12090.8662	-1
12096.1953	-1
12101.5244	-1
12106.8535	-1
12112.1826	-1
12117.5117	-1
12122.8408	-1
12128.1699	-1
12133.4990	-1
12138.8281	-1
12144.1572	-1
12149.4863	-1
12154.8154	-1
12160.1445	-1
12165.4736	-1
12170.8027	-1
12176.1318	-1
12181.4609	-1
12186.7900	-1
12192.1191	-1
12197.4482	-1
12202.7773	-1
12208.1064	-1
12213.4355	-1
12218.7646	-1
12224.0938	-1
12229.4229	-1
12234.7520	-1
12240.0811	-1
12245.4102	-1
12250.7393	-1
12256.0684	-1
12261.3975	-1
12266.7266	-1
12272.0557	-1
12277.3848	-1
12282.7148	-1
12288.0449	-1
12293.3750	-1
12298.7051	-1
12304.0352	-1
12309.3652	-1
12314.6953	-1
12320.0254	-1
12325.3555	-1
12330.6855	-1
12336.0156	-1
12341.3457	-1
12346.6768	-1
12352.0078	-1
12357.3389	-1
12362.6699	-1
12368.0010	-1
12373.3320	-1
12378.6631	-1
12383.9941	-1
12389.3252	-1
12394.6562	-1
12399.9873	-1
12405.3184	-1
12410.6494	-1
12415.9805	-1
12421.3115	-1
12426.6426	-1
12431.9736	-1
12437.3047	-1
12442.6377	-1
12447.9707	-1
12453.3037	-1
12458.6367	-1
12463.9697	-1
12469.3027	-1
12474.6357	-1
12479.9688	-1
12485.3018	-1
12490.6348	-1
12495.9678	-1
12501.3008	-1
12506.6357	-1
12511.9707	-1
12517.3057	-1
12522.6406	-1
12527.9756	-1
12533.3105	-1
12538.6455	-1
12543.9805	-1
12549.3154	-1
12554.6504	-1
12559.9854	-1
12565.3203	-1
12570.6553	-1
12575.9902	-1
12581.3252	-1
12586.6602	-1
12591.9951	-1
12597.3301	-1
12602.6650	-1
12608.0000	-1
12613.3350	-1
12618.6699	-1
12624.0049	-1
12629.3398	-1
12634.6748	-1
12640.0098	-1
12645.3457	-1
12650.6816	-1
12656.0176	-1
12661.3535	-1
12666.6895	-1
12672.0254	-1
12677.3613	-1
12682.6973	-1
12688.0332	-1
12693.3691	-1
12698.7051	-1
12704.0410	-1
12709.3770	-1
12714.7129	-1
12720.0488	-1
12725.3848	-1
12730.7207	-1
12736.0566	-1
12741.3926	-1
12746.7285	-1
12752.0645	-1
12757.4004	-1
12762.7383	-1
12768.0762	-1
12773.4141	-1
12778.7520	-1
12784.0898	-1
12789.4277	-1
12794.7666	-1
12800.1055	-1
12805.4443	-1
12810.7832	-1
12816.1221	-1
12821.4609	-1
12826.7998	-1
12832.1387	-1
12837.4775	-1
12842.8164	-1
12848.1553	-1
12853.4941	-1
12858.8330	-1
12864.1719	-1
12869.5107	-1
12874.8496	-1
12880.1885	-1
12885.5273	-1
12890.8662	-1
12896.2051	-1
12901.5439	-1
12906.8828	-1
12912.2217	-1
12917.5605	-1
12922.8994	-1
12928.2383	-1
12933.5771	-1
12938.9160	-1
12944.2549	-1
12949.5938	-1
12954.9326	-1
12960.2715	-1
12965.6104	-1
12970.9492	-1
12976.2881	-1
12981.6270	-1
12986.9658	-1
12992.3047	-1
12997.6436	-1
13002.9824	-1
13008.3213	-1
13013.6602	-1
13019.0000	-1
13024.3398	-1
13029.6797	-1
13035.0195	-1
13040.3594	-1
13045.6992	-1
13051.0391	-1
13056.3789	-1
13061.7188	-1
13067.0586	-1
13072.3984	-1
13077.7383	-1
13083.0781	-1
13088.4180	-1
13093.7578	-1
13099.2705	1
13104.7832	1
13110.2959	1
13115.8086	1
13121.3232	-1
13126.8379	-1
13132.3525	-1
13137.8672	-1
13143.3818	-1
13148.8965	-1
13154.4111	-1
13159.9258	-1
13165.4404	-1
13170.9551	-1
13176.4697	-1
13181.9844	-1
13187.5000	-1
13193.0156	-1
13198.5312	-1
13204.0469	-1
13209.5625	-1
13215.0781	-1
13220.5938	-1
13226.1094	-1
13231.6250	-1
13237.1406	-1
13242.6562	-1
13248.1719	-1
13253.6943	1
13259.2178	1
13264.7412	1
13270.2646	1
13275.7881	1
13281.3135	-1
13286.8389	-1
13292.3643	-1
13297.8896	-1
13303.4150	-1
13308.9404	-1
13314.4658	-1
13319.9912	-1
13325.5166	-1
13331.0420	-1
13336.5674	-1
13342.0928	-1
13347.6182	-1
13353.1436	-1
13358.6689	-1
13364.1943	-1
13369.7197	-1
13375.2451	-1
13380.7705	-1
13386.2959	-1
13391.8213	-1
13397.3467	-1
13402.8721	-1
13408.3975	-1
13413.9238	-1
13419.4502	-1
13424.9766	-1
13430.5029	-1
13436.0293	-1
13441.5557	-1
13447.0947	1
13452.6357	-1
13458.1768	1
13463.7178	1
13469.2598	-1
13474.8018	-1
13480.3438	-1
13485.8857	-1
13491.4277	-1
13496.9697	-1
13502.5117	-1
13508.0537	-1
13513.5957	-1
13519.1377	-1
13524.6797	-1
13530.2217	-1
13535.7646	1
13541.3076	1
13546.8506	1
13552.3936	1
13557.9375	-1
13563.4814	-1
13569.0254	-1
13574.5693	-1
13580.1133	-1
13585.6572	-1
13591.2012	-1
13596.7451	-1
13602.2891	-1
13607.8330	-1
13613.3770	-1
13618.9209	-1
13624.4648	-1
13630.0088	-1
13635.5527	-1
13641.0967	-1
13646.6406	-1
13652.1846	-1
13657.7285	-1
13663.2725	-1
13668.8164	-1
13674.3604	-1
13679.9043	-1
13685.4482	-1
13690.9932	1
13696.5381	1
13702.0830	1
13707.6289	1
13713.1748	1
13718.7207	1
13724.2666	1
13729.8125	1
13735.3584	-1
13740.9043	-1
13746.4502	-1
13751.9961	-1
13757.5420	-1
13763.0879	-1
13768.6348	-1
13774.1816	-1
13779.7285	-1
13785.2754	-1
13790.8223	-1
13796.3691	-1
13801.9160	1
13807.4629	1
13813.0107	-1
13818.5586	-1
13824.1064	-1
13829.6543	-1
13835.2021	-1
13840.7500	-1
13846.2979	1
13851.8457	1
13857.3936	1
13862.9424	1
13868.4912	-1
13874.0400	-1
13879.5889	-1
13885.1377	-1
13890.6865	-1
13896.2354	-1
13901.7842	-1
13907.3330	-1
13912.8818	-1
13918.4307	-1
13923.9795	-1
13929.5283	-1
13935.0771	1
13940.6260	-1
13946.1748	-1
13951.7236	-1
13957.2734	-1
13962.8232	-1
13968.3730	-1
13973.9229	-1
13979.4727	-1
13985.0225	-1
13990.5723	-1
13996.1221	-1
14001.6719	-1
14007.2217	1
14012.7715	1
14018.3213	1
14023.8721	-1
14029.4229	-1
14034.9736	-1
14040.5244	-1
14046.0752	-1
14051.6260	-1
14057.1768	-1
14062.7275	-1
14068.2783	-1
14073.8291	-1
14079.3799	-1
14084.9307	-1
14090.4814	-1
14096.0322	-1
14101.5830	-1
14107.1338	-1
14112.6846	-1
14118.2354	-1
14123.7861	-1
14129.3369	-1
14134.8877	-1
14140.4385	-1
14145.9893	-1
14151.5400	-1
14157.0908	1
14162.6426	1
14168.1943	1
14173.7461	1
14179.2979	1
14184.8506	1
14190.4033	-1
14195.9561	-1
14201.5088	-1
14207.0615	-1
14212.6143	-1
14218.1670	-1
14223.7197	-1
14229.2725	-1
14234.8252	-1
14240.3779	-1
14245.9307	-1
14251.4834	-1
14257.0361	1
14262.5889	1
14268.1426	1
14273.6963	1
14279.2500	1
14284.8037	1
14290.3574	-1
14295.9111	-1
14301.4648	-1
14307.0186	-1
14312.5723	-1
14318.1260	-1
14323.6797	-1
14329.2334	-1
14334.7871	-1
14340.3408	-1
14345.8945	-1
14351.4482	-1
14357.0020	-1
14362.5557	-1
14368.1094	-1
14373.6631	-1
14379.2168	-1
14384.7705	-1
14390.3252	-1
14395.8799	-1
14401.4346	-1
14406.9893	-1
14412.5439	-1
14418.0986	-1
14423.6543	1
14429.2100	1
14434.7656	1
14440.3213	1
14445.8770	1
14451.4326	1
14456.9883	1
14462.5439	1
14468.0996	1
14473.6553	1
14479.2109	1
14484.7666	1
14490.3223	-1
14495.8779	-1
14501.4336	-1
14506.9893	-1
14512.5449	-1
14518.1006	-1
14523.6572	-1
14529.2139	-1
14534.7705	-1
14540.3271	-1
14545.8838	-1
14551.4404	-1
14556.9971	-1
14562.5537	-1
14568.1104	-1
14573.6670	-1
14579.2236	-1
14584.7803	-1
14590.3369	-1
14595.8936	-1
14601.4502	-1
14607.0068	-1
14612.5635	-1
14618.1201	-1
14623.6777	-1
14629.2354	-1
14634.7930	-1
14640.3506	-1
14645.9082	-1
14651.4658	-1
14657.0234	-1
14662.5811	-1
14668.1387	-1
14673.6963	-1
14679.2539	-1
14684.8115	-1
14690.3691	-1
14695.9268	-1
14701.4844	-1
14707.0420	-1
14712.5996	-1
14718.1572	-1
14723.7158	1
14729.2744	1
14734.8350	1
14740.3955	1
14745.9561	1
14751.5166	1
14757.0771	1
14762.6377	1
14768.1982	1
14773.7588	1
14779.3193	1
14784.8799	1
14790.4404	1
14796.0010	1
14801.5625	-1
14807.1240	-1
14812.6855	-1
14818.2471	-1
14823.8086	-1
14829.3701	-1
14834.9316	-1
14840.4932	-1
14846.0547	-1
14851.6162	-1
14857.1777	-1
14862.7393	-1
14868.3018	-1
14873.8643	-1
14879.4268	-1
14884.9893	-1
14890.5518	-1
14896.1143	-1
14901.6768	-1
14907.2393	-1
14912.8018	-1
14918.3643	-1
14923.9268	-1
14929.4893	-1
14935.0518	-1
14940.6143	-1
14946.1768	-1
14951.7393	-1
14957.3018	-1
14962.8643	-1
14968.4268	-1
14973.9893	-1
14979.5518	-1
14985.1143	-1
14990.6768	-1
14996.2393	-1
15001.8027	-1
15007.3662	-1
15012.9297	-1
15018.4932	-1
15024.0566	-1
15029.6201	-1
15035.1855	-1
15040.7510	-1
15046.3164	-1
15051.8818	-1
15057.4473	-1
15063.0127	-1
15068.5781	-1
15074.1436	-1
15079.7090	-1
15085.2744	-1
15090.8398	-1
15096.4053	-1
15101.9707	-1
15107.5361	-1
15113.1016	-1
15118.6670	-1
15124.2324	-1
15129.7979	-1
15135.3643	-1
15140.9307	-1
15146.4971	-1
15152.0635	-1
15157.6299	-1
15163.1963	-1
15168.7627	-1
15174.3291	-1
15179.8955	-1
15185.4619	-1
15191.0283	-1
15196.5947	-1
15202.1611	-1
15207.7275	-1
15213.2939	-1
15218.8604	-1
15224.4268	-1
15229.9932	-1
15235.5596	-1
15241.1260	-1
15246.6924	-1
15252.2588	-1
15257.8252	-1
15263.3916	-1
15268.9580	-1
15274.5244	-1
15280.0908	-1
15285.6572	-1
15291.2236	-1
15296.7900	-1
15302.3564	-1
15307.9229	-1
15313.4893	-1
15319.0557	-1
15324.6221	-1
15330.1885	-1
15335.7559	-1
15341.3232	-1
15346.8906	-1
15352.4580	-1
15358.0254	-1
15363.5928	-1
15369.1602	-1
15374.7275	-1
15380.2949	-1
15385.8623	-1
15391.4297	-1
15396.9971	-1
15402.5664	-1
15408.1357	-1
15413.7051	-1
15419.2744	-1
15424.8438	-1
15430.4131	-1
15435.9824	-1
15441.5518	-1
15447.1211	-1
15452.6904	-1
15458.2598	-1
15463.8291	-1
15469.3994	-1
15474.9697	-1
15480.5400	-1
15486.1104	-1
15491.6807	-1
15497.2510	-1
15502.8213	-1
15508.3916	-1
15513.9619	-1
15519.5322	-1
15525.1025	-1
15530.6729	-1
15536.2441	-1
15541.8154	-1
15547.3867	-1
15552.9580	-1
15558.5293	-1
15564.1006	-1
15569.6719	-1
15575.2432	-1
15580.8145	-1
15586.3857	-1
15591.9570	-1
15597.5283	-1
15603.0996	-1
15608.6709	-1
15614.2422	-1
15619.8135	-1
15625.3848	-1
15630.9561	-1
15636.5273	-1
15642.0986	-1
15647.6699	-1
15653.2412	-1
15658.8125	-1
15664.3838	-1
15669.9551	-1
15675.5264	-1
15681.0977	-1
15686.6689	-1
15692.2402	-1
15697.8115	-1
15703.3838	-1
15708.9561	-1
15714.5283	-1
15720.1006	-1
15725.6729	-1
15731.2451	-1
15736.8174	-1
15742.3896	-1
15747.9619	-1
15753.5342	-1
15759.1064	-1
15764.6787	-1
15770.2510	-1
15775.8232	-1
15781.3955	-1
15786.9678	-1
15792.5400	-1
15798.1123	-1
15803.6846	-1
15809.2568	-1
15814.8291	-1
15820.4014	-1
15825.9736	-1
15831.5459	-1
15837.1182	-1
15842.6904	-1
15848.2627	-1
15853.8496	1
15859.4385	-1
15865.0283	1
15870.6182	1
15876.2090	-1
15881.7998	-1
15887.3906	-1
15892.9814	-1
15898.5723	-1
15904.1631	-1
15909.7539	-1
15915.3447	-1
15920.9355	-1
15926.5273	-1
15932.1191	-1
15937.7109	-1
15943.3027	1
15948.8945	1
15954.4863	1
15960.0781	1
15965.6719	-1
15971.2656	-1
15976.8594	-1
15982.4531	-1
15988.0469	-1
15993.6406	-1
15999.2344	-1
16004.8281	-1
16010.4219	-1
16016.0156	-1
16021.6094	-1
16027.2031	-1
16032.7969	-1
16038.3906	-1
16043.9844	-1
16049.5781	-1
16055.1719	-1
16060.7656	-1
16066.3594	-1
16071.9531	-1
16077.5469	-1
16083.1406	-1
16088.7344	-1
16094.3281	-1
16099.9219	1
16105.5166	1
16111.1113	1
16116.7061	1
16122.3008	1
16127.8955	1
16133.4902	1
16139.0850	1
16144.6816	-1
16150.2783	-1
16155.8750	-1
16161.4717	-1
16167.0684	-1
16172.6650	-1
16178.2617	-1
16183.8584	-1
16189.4551	-1
16195.0518	-1
16200.6484	-1
16206.2451	-1
16211.8428	1
16217.4404	1
16223.0381	1
16228.6357	1
16234.2334	-1
16239.8311	-1
16245.4287	-1
16251.0264	-1
16256.6240	-1
16262.2217	-1
16267.8203	1
16273.4189	1
16279.0176	-1
16284.6162	-1
16290.2148	-1
16295.8135	-1
16301.4121	-1
16307.0107	-1
16312.6094	-1
16318.2080	-1
16323.8066	-1
16329.4053	-1
16335.0039	-1
16340.6025	-1
16346.2012	-1
16351.7998	-1
16357.3984	-1
16362.9971	-1
16368.5957	-1
16374.1943	-1
16379.7930	-1
16385.3926	-1
16390.9922	-1
16396.5918	-1
16402.1914	-1
16407.7910	-1
16413.3906	-1
16418.9902	-1
16424.5898	-1
16430.1895	-1
16435.7891	-1
16441.3887	-1
16446.9883	1
16452.5879	1
16458.1875	1
16463.7871	1
16469.3867	1
16474.9863	1
16480.5859	1
16486.1875	1
16491.7891	1
16497.3906	1
16502.9922	-1
16508.5938	-1
16514.1953	-1
16519.7969	-1
16525.3984	-1
16531.0000	-1
16536.6016	1
16542.2031	1
16547.8066	-1
16553.4102	-1
16559.0137	-1
16564.6172	-1
16570.2207	-1
16575.8242	-1
16581.4277	-1
16587.0312	-1
16592.6348	-1
16598.2383	-1
16603.8418	-1
16609.4453	-1
16615.0488	-1
16620.6523	-1
16626.2559	-1
16631.8594	-1
16637.4629	-1
16643.0664	-1
16648.6699	-1
16654.2734	-1
16659.8770	-1
16665.4805	-1
16671.0840	-1
16676.6875	-1
16682.2910	-1
16687.8945	-1
16693.4980	-1
16699.1016	-1
16704.7051	-1
16710.3086	-1
16715.9121	1
16721.5156	1
16727.1211	1
16732.7266	1
16738.3320	1
16743.9375	1
16749.5430	1
16755.1484	1
16760.7539	1
16766.3594	1
16771.9668	-1
16777.5742	-1
16783.1816	-1
16788.7891	-1
16794.3965	-1
16800.0039	-1
16805.6113	-1
16811.2188	-1
16816.8262	-1
16822.4336	-1
16828.0410	-1
16833.6484	-1
16839.2578	-1
16844.8672	-1
16850.4766	-1
16856.0859	-1
16861.6953	-1
16867.3047	-1
16872.9141	-1
16878.5234	-1
16884.1328	-1
16889.7422	-1
16895.3516	-1
16900.9609	-1
16906.5703	-1
16912.1797	-1
16917.7891	-1
16923.3984	-1
16929.0078	-1
16934.6172	-1
16940.2266	-1
16945.8359	-1
16951.4453	-1
16957.0547	-1
16962.6641	-1
16968.2734	-1
16973.8828	-1
16979.4922	-1
16985.1016	-1
16990.7109	-1
16996.3203	-1
17001.9297	-1
17007.5391	-1
17013.1484	-1
17018.7578	-1
17024.3672	-1
17029.9766	-1
17035.5859	-1
17041.1953	-1
17046.8047	-1
17052.4141	-1
17058.0234	-1
17063.6328	-1
17069.2422	-1
17074.8516	-1
17080.4609	-1
17086.0703	-1
17091.6797	-1
17097.2891	-1
17102.8984	-1
17108.5098	-1
17114.1211	-1
17119.7324	-1
17125.3438	-1
17130.9551	-1
17136.5664	-1
17142.1777	-1
17147.7891	-1
17153.4004	-1
17159.0117	-1
17164.6230	-1
17170.2344	-1
17175.8457	-1
17181.4570	-1
17187.0684	-1
17192.6797	-1
17198.2910	-1
17203.9023	-1
17209.5137	-1
17215.1250	-1
17220.7363	-1
17226.3477	-1
17231.9590	-1
17237.5703	1
17243.1816	-1
17248.7930	1
17254.4043	1
17260.0156	1
17265.6270	1
17271.2383	1
17276.8496	1
17282.4609	1
17288.0742	1
17293.6875	1
17299.3008	1
17304.9141	1
17310.5273	1
17316.1406	1
17321.7539	-1
17327.3672	-1
17332.9805	-1
17338.5938	-1
17344.2070	-1
17349.8203	-1
17355.4355	-1
17361.0508	-1
17366.6660	-1
17372.2812	-1
17377.8965	-1
17383.5117	-1
17389.1270	-1
17394.7422	-1
17400.3574	-1
17405.9727	-1
17411.5879	-1
17417.2031	-1
17422.8184	-1
17428.4336	-1
17434.0488	-1
17439.6641	-1
17445.2793	-1
17450.8945	-1
17456.5098	-1
17462.1250	-1
17467.7402	-1
17473.3555	-1
17478.9707	-1
17484.5859	-1
17490.2012	-1
17495.8164	-1
17501.4316	-1
17507.0469	-1
17512.6621	-1
17518.2773	-1
17523.8945	-1
17529.5117	-1
17535.1289	-1
17540.7461	-1
17546.3633	-1
17551.9805	-1
17557.5977	-1
17563.2148	-1
17568.8320	-1
17574.4492	-1
17580.0664	-1
17585.6836	-1
17591.3027	-1
17596.9219	-1
17602.5410	-1
17608.1602	-1
17613.7793	-1
17619.3984	-1
17625.0176	-1
17630.6367	-1
17636.2559	-1
17641.8750	-1
17647.4941	-1
17653.1133	-1
17658.7324	-1
17664.3516	-1
17669.9707	-1
17675.5898	-1
17681.2090	-1
17686.8281	-1
17692.4473	-1
17698.0664	-1
17703.6855	-1
17709.3047	-1
17714.9238	-1
17720.5430	-1
17726.1641	-1
17731.7852	-1
17737.4062	-1
17743.0273	-1
17748.6484	-1
17754.2695	-1
17759.8906	-1
17765.5117	-1
17771.1328	-1
17776.7539	-1
17782.3750	-1
17787.9961	-1
17793.6172	-1
17799.2383	-1
17804.8594	-1
17810.4805	-1
17816.1016	-1
17821.7227	-1
17827.3438	-1
17832.9648	-1
17838.5859	-1
17844.2070	-1
17849.8281	-1
17855.4492	-1
17861.0703	-1
17866.6914	-1
17872.3125	-1
17877.9336	-1
17883.5547	-1
17889.1758	-1
17894.7969	-1
17900.4180	-1
17906.0391	-1
17911.6602	-1
17917.2812	-1
17922.9023	-1
17928.5234	-1
17934.1445	-1
17939.7656	-1
17945.3867	-1
17951.0078	-1
17956.6289	-1
17962.2500	-1
17967.8711	-1
17973.4922	-1
17979.1133	-1
17984.7344	-1
17990.3555	-1
17995.9766	-1
18001.5977	-1
18007.2188	-1
18012.8398	-1
18018.4609	-1
18024.0820	-1
18029.7031	-1
18035.3242	-1
18040.9453	-1
18046.5801	1
18052.2168	-1
18057.8535	1
18063.4902	1
18069.1289	-1
18074.7676	-1
18080.4062	-1
18086.0449	-1
18091.6836	-1
18097.3223	-1
18102.9609	-1
18108.5996	-1
18114.2383	-1
18119.8770	-1
18125.5156	-1
18131.1543	-1
18136.7949	1
18142.4355	1
18148.0762	1
18153.7168	1
18159.3574	-1
18164.9980	-1
18170.6387	-1
18176.2793	-1
18181.9199	-1
18187.5605	-1
18193.2012	-1
18198.8418	-1
18204.4824	-1
18210.1230	-1
18215.7637	-1
18221.4043	-1
18227.0469	1
18232.6895	1
18238.3320	1
18243.9746	1
18249.6172	-1
18255.2598	-1
18260.9023	-1
18266.5449	-1
18272.1875	-1
18277.8301	-1
18283.4727	-1
18289.1152	-1
18294.7578	-1
18300.4004	-1
18306.0430	-1
18311.6855	-1
18317.3301	1
18322.9746	1
18328.6191	1
18334.2637	1
18339.9082	-1
18345.5527	-1
18351.1973	-1
18356.8418	-1
18362.4863	-1
18368.1309	-1
18373.7754	-1
18379.4199	-1
18385.0645	-1
18390.7090	-1
18396.3535	-1
18401.9980	-1
18407.6426	-1
18413.2871	-1
18418.9316	-1
18424.5762	-1
18430.2207	-1
18435.8652	-1
18441.5117	-1
18447.1582	-1
18452.8047	-1
18458.4512	-1
18464.0977	-1
18469.7441	-1
18475.3906	1
18481.0371	1
18486.6836	-1
18492.3301	-1
18497.9766	-1
18503.6230	-1
18509.2695	-1
18514.9160	-1
18520.5625	-1
18526.2090	-1
18531.8555	-1
18537.5020	-1
18543.1484	-1
18548.7949	-1
18554.4414	-1
18560.0879	-1
18565.7344	-1
18571.3809	-1
18577.0273	-1
18582.6738	-1
18588.3203	1
18593.9668	1
18599.6133	1
18605.2598	1
18610.9062	1
18616.5527	1
18622.2012	1
18627.8496	1
18633.4980	-1
18639.1465	-1
18644.7949	-1
18650.4434	-1
18656.0918	-1
18661.7402	-1
18667.3887	1
18673.0371	1
18678.6855	1
18684.3340	1
18689.9844	1
18695.6348	1
18701.2852	-1
18706.9355	-1
18712.5859	-1
18718.2363	-1
18723.8867	-1
18729.5371	-1
18735.1875	-1
18740.8379	-1
18746.4883	-1
18752.1387	-1
18757.7891	-1
18763.4395	-1
18769.0898	-1
18774.7402	-1
18780.3906	-1
18786.0410	-1
18791.6914	-1
18797.3418	-1
18802.9941	-1
18808.6465	-1
18814.2988	-1
18819.9512	-1
18825.6035	-1
18831.2559	-1
18836.9082	-1
18842.5605	-1
18848.2129	-1
18853.8652	-1
18859.5176	-1
18865.1699	-1
18870.8223	-1
18876.4746	-1
18882.1270	-1
18887.7793	-1
18893.4316	-1
18899.0840	-1
18904.7363	-1
18910.3887	-1
18916.0410	-1
18921.6934	-1
18927.3457	-1
18932.9980	-1
18938.6504	1
18944.3027	1
18949.9551	1
18955.6074	1
18961.2598	1
18966.9121	1
18972.5664	1
18978.2207	1
18983.8750	1
18989.5293	1
18995.1836	1
19000.8379	1
19006.4922	1
19012.1465	1
19017.8008	-1
19023.4551	-1
19029.1094	-1
19034.7637	-1
19040.4180	-1
19046.0723	-1
19051.7266	-1
19057.3809	-1
19063.0352	-1
19068.6895	-1
19074.3438	-1
19079.9980	-1
19085.6523	-1
19091.3066	-1
19096.9609	-1
19102.6152	-1
19108.2695	-1
19113.9238	-1
19119.5781	-1
19125.2324	-1
19130.8867	-1
19136.5410	-1
19142.1953	-1
19147.8496	-1
19153.5078	1
19159.1660	1
19164.8242	1
19170.4824	1
19176.1406	1
19181.7988	1
19187.4570	1
19193.1152	1
19198.7734	-1
19204.4316	-1
19210.0898	-1
19215.7480	-1
19221.4062	-1
19227.0645	-1
19232.7246	-1
19238.3848	-1
19244.0449	-1
19249.7051	-1
19255.3652	-1
19261.0254	-1
19266.6855	1
19272.3457	1
19278.0059	1
19283.6660	1
19289.3262	-1
19294.9863	-1
19300.6465	-1
19306.3066	-1
19311.9668	-1
19317.6270	-1
19323.2871	-1
19328.9473	-1
19334.6074	-1
19340.2676	-1
19345.9277	-1
19351.5879	-1
19357.2500	1
19362.9121	1
19368.5742	1
19374.2363	1
19379.8984	-1
19385.5605	-1
19391.2227	-1
19396.8848	-1
19402.5469	-1
19408.2090	-1
19413.8711	-1
19419.5332	-1
19425.1953	-1
19430.8574	-1
19436.5195	-1
19442.1816	-1
19447.8438	-1
19453.5059	-1
19459.1680	-1
19464.8301	-1
19470.4922	-1
19476.1543	-1
19481.8164	-1
19487.4785	-1
19493.1406	-1
19498.8027	-1
19504.4648	-1
19510.1270	-1
19515.7891	1
19521.4531	1
19527.1172	1
19532.7812	1
19538.4453	1
19544.1094	1
19549.7734	1
19555.4375	1
19561.1035	-1
19566.7695	-1
19572.4355	-1
19578.1016	-1
19583.7676	-1
19589.4336	-1
19595.0996	-1
19600.7656	-1
19606.4316	-1
19612.0977	-1
19617.7637	-1
19623.4297	-1
19629.0957	-1
19634.7617	-1
19640.4277	-1
19646.0938	-1
19651.7598	-1
19657.4258	-1
19663.0918	-1
19668.7578	-1
19674.4238	-1
19680.0898	-1
19685.7559	-1
19691.4219	-1
19697.0879	-1
19702.7539	-1
19708.4199	-1
19714.0859	-1
19719.7520	-1
19725.4180	-1
19731.0840	-1
19736.7500	-1
19742.4160	-1
19748.0820	-1
19753.7480	-1
19759.4141	-1
19765.0801	-1
19770.7461	-1
19776.4121	-1
19782.0781	-1
19787.7441	-1
19793.4102	-1
19799.0762	-1
19804.7422	-1
19810.4082	-1
19816.0742	-1
19821.7402	-1
19827.4062	-1
19833.0723	-1
19838.7383	-1
19844.4043	-1
19850.0703	-1
19855.7363	-1
19861.4023	-1
19867.0684	-1
19872.7344	-1
19878.4004	-1
19884.0664	-1
19889.7324	-1
19895.3984	-1
19901.0664	-1
19906.7344	-1
19912.4023	-1
19918.0703	-1
19923.7383	-1
19929.4062	-1
19935.0742	1
19940.7422	1
19946.4102	1
19952.0801	-1
19957.7500	-1
19963.4199	-1
19969.0898	-1
19974.7598	-1
19980.4297	-1
19986.0996	-1
19991.7695	-1
19997.4395	-1
20003.1094	-1
20008.7793	-1
20014.4492	-1
20020.1191	-1
20025.7891	-1
20031.4590	-1
20037.1289	-1
20042.7988	-1
20048.4688	-1
20054.1387	-1
20059.8086	-1
20065.4785	-1
20071.1484	-1
20076.8184	-1
20082.4883	-1
20088.1582	-1
20093.8281	-1
20099.4980	-1
20105.1680	-1
20110.8379	-1
20116.5078	-1
20122.1797	-1
20127.8516	-1
20133.5234	-1
20139.1953	-1
20144.8672	-1
20150.5391	-1
20156.2109	-1
20161.8828	-1
20167.5547	-1
20173.2266	-1
20178.8984	-1
20184.5703	-1
20190.2422	-1
20195.9141	-1
20201.5859	-1
20207.2578	-1
20212.9297	-1
20218.6016	-1
20224.2734	-1
20229.9453	-1
20235.6172	-1
20241.2891	-1
20246.9609	-1
20252.6328	-1
20258.3047	-1
20263.9766	-1
20269.6484	-1
20275.3203	-1
20280.9922	-1
20286.6641	-1
20292.3359	-1
20298.0078	-1
20303.6797	-1
20309.3516	-1
20315.0234	-1
20320.6953	-1
20326.3672	-1
20332.0391	-1
20337.7109	-1
20343.3828	-1
20349.0547	-1
20354.7266	-1
20360.3984	-1
20366.0703	-1
20371.7422	-1
20377.4141	-1
20383.0859	-1
20388.7578	-1
20394.4297	-1
20400.1016	-1
20405.7734	-1
20411.4453	-1
20417.1172	-1
20422.7891	-1
20428.4668	-1
20434.1445	-1
20439.8223	-1
20445.5000	-1
20451.1777	-1
20456.8555	-1
20462.5332	-1
20468.2109	-1
20473.8887	-1
20479.5664	-1
20485.2441	-1
20490.9219	-1
20496.5996	-1
20502.2773	-1
20507.9551	-1
20513.6328	-1
20519.3105	-1
20524.9883	-1
20530.6660	-1
20536.3438	-1
20542.0215	-1
20547.6992	-1
20553.3770	-1
20559.0547	-1
20564.7324	-1
20570.4102	-1
20576.0879	-1
20581.7656	-1
20587.4434	-1
20593.1211	-1
20598.7988	-1
20604.4766	-1
20610.1543	-1
20615.8320	-1
20621.5098	-1
20627.1875	-1
20632.8652	-1
20638.5430	-1
20644.2207	-1
20649.8984	-1
20655.5762	-1
20661.2539	-1
20666.9316	-1
20672.6094	-1
20678.2871	-1
20683.9648	-1
20689.6426	-1
20695.3203	-1
20700.9980	-1
20706.6758	-1
20712.3535	-1
20718.0312	-1
20723.7090	-1
20729.3867	-1
20735.0645	-1
20740.7422	-1
20746.4199	-1
20752.0977	-1
20757.7754	-1
20763.4531	-1
20769.1309	-1
20774.8086	-1
20780.4863	-1
20786.1641	-1
20791.8418	-1
20797.5195	-1
20803.1973	-1
20808.8750	-1
20814.5527	-1
20820.2305	-1
20825.9082	-1
20831.5859	-1
20837.2637	-1
20842.9551	1
20848.6484	-1
20854.3418	1
20860.0352	1
20865.7305	-1
20871.4258	-1
20877.1211	-1
20882.8164	-1
20888.5117	-1
20894.2070	-1
20899.9023	-1
20905.5977	-1
20911.2930	-1
20916.9883	-1
20922.6836	-1
20928.3789	-1
20934.0742	1
20939.7695	1
20945.4648	1
20951.1602	1
20956.8574	-1
20962.5547	-1
20968.2520	-1
20973.9492	-1
20979.6465	-1
20985.3438	-1
20991.0410	-1
20996.7383	-1
21002.4355	-1
21008.1328	-1
21013.8301	-1
21019.5273	-1
21025.2246	-1
21030.9219	-1
21036.6191	-1
21042.3164	-1
21048.0137	-1
21053.7109	-1
21059.4082	-1
21065.1055	-1
21070.8027	-1
21076.5000	-1
21082.1973	-1
21087.9062	1
21093.6172	-1
21099.3281	1
21105.0391	1
21110.7520	-1
21116.4648	-1
21122.1777	-1
21127.8906	-1
21133.6035	-1
21139.3164	-1
21145.0293	-1
21150.7422	-1
21156.4551	-1
21162.1680	-1
21167.8809	-1
21173.5938	-1
21179.3066	1
21185.0195	1
21190.7324	1
21196.4453	1
21202.1602	-1
21207.8750	-1
21213.5898	-1
21219.3047	-1
21225.0195	-1
21230.7344	-1
21236.4492	1
21242.1641	-1
21247.8789	-1
21253.5938	-1
21259.3086	-1
21265.0234	-1
21270.7383	-1
21276.4531	-1
21282.1680	-1
21287.8828	-1
21293.5977	-1
21299.3125	-1
21305.0273	-1
21310.7422	1
21316.4570	-1
21322.1719	-1
21327.8867	-1
21333.6016	-1
21339.3164	-1
21345.0312	-1
21350.7461	1
21356.4629	1
21362.1797	1
21367.8965	1
21373.6133	1
21379.3301	1
21385.0469	-1
21390.7637	-1
21396.4805	-1
21402.1973	-1
21407.9141	-1
21413.6309	-1
21419.3477	-1
21425.0645	-1
21430.7812	-1
21436.4980	-1
21442.2148	-1
21447.9316	-1
21453.6484	-1
21459.3652	-1
21465.0820	-1
21470.7988	-1
21476.5156	-1
21482.2324	-1
21487.9492	-1
21493.6660	-1
21499.3848	-1
21505.1035	-1
21510.8223	-1
21516.5410	-1
21522.2598	-1
21527.9785	-1
21533.6973	-1
21539.4160	-1
21545.1348	-1
21550.8535	-1
21556.5723	-1
21562.2910	-1
21568.0098	-1
21573.7285	-1
21579.4473	-1
21585.1660	-1
21590.8848	-1
21596.6035	-1
21602.3223	-1
21608.0410	-1
21613.7598	-1
21619.4785	-1
21625.1973	-1
21630.9160	-1
21636.6348	-1
21642.3652	1
21648.0977	-1
21653.8301	1
21659.5625	1
21665.2969	-1
21671.0312	-1
21676.7656	-1
21682.5000	-1
21688.2344	-1
21693.9688	-1
21699.7031	-1
21705.4375	-1
21711.1719	-1
21716.9062	-1
21722.6406	-1
21728.3750	-1
21734.1094	1
21739.8438	1
21745.5781	1
21751.3125	1
21757.0469	-1
21762.7812	-1
21768.5156	-1
21774.2500	-1
21779.9844	-1
21785.7188	-1
21791.4531	-1
21797.1875	-1
21802.9219	-1
21808.6562	-1
21814.3906	-1
21820.1250	-1
21825.8594	-1
21831.5938	-1
21837.3281	-1
21843.0625	-1
21848.7969	-1
21854.5312	-1
21860.2676	1
21866.0039	1
21871.7402	1
21877.4766	1
21883.2129	1
21888.9492	1
21894.6855	-1
21900.4219	-1
21906.1582	-1
21911.8945	-1
21917.6309	-1
21923.3672	-1
21929.1055	1
21934.8438	1
21940.5820	-1
21946.3203	-1
21952.0586	-1
21957.7969	-1
21963.5352	-1
21969.2734	-1
21975.0117	-1
21980.7500	-1
21986.4883	-1
21992.2266	-1
21997.9648	-1
22003.7031	-1
22009.4414	-1
22015.1797	-1
22020.9180	-1
22026.6562	-1
22032.3945	-1
22038.1328	-1
22043.8711	-1
22049.6094	-1
22055.3477	-1
22061.0859	-1
22066.8242	-1
22072.5625	-1
22078.3008	-1
22084.0391	-1
22089.7773	-1
22095.5156	-1
22101.2539	-1
22106.9922	-1
22112.7305	-1
22118.4688	-1
22124.2070	-1
22129.9453	-1
22135.6836	-1
22141.4219	-1
22147.1602	1
22152.8984	1
22158.6367	-1
22164.3750	-1
22170.1133	-1
22175.8516	-1
22181.5898	-1
22187.3281	-1
22193.0684	-1
22198.8086	-1
22204.5488	-1
22210.2891	-1
22216.0293	-1
22221.7695	-1
22227.5098	1
22233.2500	1
22238.9902	1
22244.7305	1
22250.4707	1
22256.2109	1
22261.9512	1
22267.6914	1
22273.4316	1
22279.1719	1
22284.9121	1
22290.6523	1
22296.3926	1
22302.1328	1
22307.8750	-1
22313.6172	-1
22319.3594	-1
22325.1016	-1
22330.8438	-1
22336.5859	-1
22342.3281	-1
22348.0703	-1
22353.8125	-1
22359.5547	-1
22365.2969	-1
22371.0391	-1
22376.7812	-1
22382.5234	-1
22388.2656	-1
22394.0078	-1
22399.7500	-1
22405.4922	-1
22411.2363	-1
22416.9805	-1
22422.7246	-1
22428.4688	-1
22434.2129	-1
22439.9570	-1
22445.7012	-1
22451.4453	-1
22457.1895	-1
22462.9336	-1
22468.6777	-1
22474.4219	-1
22480.1660	-1
22485.9102	-1
22491.6543	-1
22497.3984	-1
22503.1426	-1
22508.8867	-1
22514.6309	-1
22520.3750	-1
22526.1191	-1
22531.8633	-1
22537.6074	-1
22543.3516	-1
22549.0957	-1
22554.8398	-1
22560.5840	-1
22566.3281	-1
22572.0723	-1
22577.8164	-1
22583.5605	-1
22589.3047	-1
22595.0488	-1
22600.7930	-1
22606.5371	-1
22612.2812	-1
22618.0254	-1
22623.7695	-1
22629.5137	-1
22635.2578	-1
22641.0020	-1
22646.7461	-1
22652.4902	-1
22658.2344	-1
22663.9785	-1
22669.7227	-1
22675.4668	-1
22681.2109	-1
22686.9551	-1
22692.6992	-1
22698.4434	-1
22704.1875	-1
22709.9316	-1
22715.6758	-1
22721.4199	1
22727.1641	1
22732.9082	1
22738.6523	1
22744.3965	1
22750.1406	1
22755.8867	1
22761.6328	-1
22767.3789	-1
22773.1250	-1
22778.8711	-1
22784.6172	-1
22790.3633	-1
22796.1094	1
22801.8555	1
22807.6016	1
22813.3477	1
22819.0938	1
22824.8398	1
22830.5859	1
22836.3320	1
22842.0781	1
22847.8242	1
22853.5703	1
22859.3164	1
22865.0625	1
22870.8086	1
22876.5547	1
22882.3008	-1
22888.0469	-1
22893.7930	-1
22899.5391	-1
22905.2852	-1
22911.0312	-1
22916.7773	1
22922.5234	1
22928.2695	-1
22934.0156	-1
22939.7617	-1
22945.5078	-1
22951.2539	-1
22957.0000	-1
22962.7461	-1
22968.4922	-1
22974.2383	-1
22979.9844	-1
22985.7305	-1
22991.4766	-1
22997.2246	1
23002.9727	1
23008.7207	1
23014.4688	1
23020.2168	1
23025.9648	1
23031.7129	1
23037.4609	1
23043.2090	-1
23048.9570	-1
23054.7051	-1
23060.4531	-1
23066.2012	-1
23071.9492	-1
23077.6973	-1
23083.4453	-1
23089.1934	-1
23094.9414	-1
23100.6895	-1
23106.4375	-1
23112.1875	1
23117.9375	1
23123.6875	1
23129.4375	1
23135.1875	-1
23140.9375	-1
23146.6875	-1
23152.4375	-1
23158.1875	-1
23163.9375	-1
23169.6895	-1
23175.4414	-1
23181.1934	-1
23186.9453	-1
23192.6973	-1
23198.4492	-1
23204.2012	-1
23209.9531	-1
23215.7051	-1
23221.4570	-1
23227.2090	-1
23232.9609	-1
23238.7129	1
23244.4648	1
23250.2168	1
23255.9688	1
23261.7207	1
23267.4727	1
23273.2266	-1
23278.9805	-1
23284.7344	-1
23290.4883	-1
23296.2422	-1
23301.9961	-1
23307.7500	-1
23313.5039	-1
23319.2578	-1
23325.0117	-1
23330.7656	-1
23336.5215	-1
23342.2773	-1
23348.0332	-1
23353.7891	-1
23359.5449	-1
23365.3008	-1
23371.0566	-1
23376.8125	-1
23382.5684	-1
23388.3242	-1
23394.0801	-1
23399.8359	-1
23405.5918	-1
23411.3477	-1
23417.1035	-1
23422.8594	-1
23428.6152	-1
23434.3711	-1
23440.1270	-1
23445.8828	-1
23451.6387	-1
23457.3945	-1
23463.1504	-1
23468.9062	-1
23474.6621	-1
23480.4180	-1
23486.1738	-1
23491.9297	-1
23497.6855	-1
23503.4414	-1
23509.1973	-1
23514.9531	-1
23520.7090	-1
23526.4648	-1
23532.2207	-1
23537.9766	-1
23543.7324	-1
23549.4883	-1
23555.2441	-1
23561.0000	-1
23566.7559	-1
23572.5117	-1
23578.2676	-1
23584.0234	-1
23589.7793	-1
23595.5352	-1
23601.2910	-1
23607.0469	-1
23612.8027	-1
23618.5586	-1
23624.3145	-1
23630.0703	-1
23635.8262	-1
23641.5820	-1
23647.3379	-1
23653.0938	-1
23658.8496	-1
23664.6055	-1
23670.3613	-1
23676.1172	-1
23681.8730	-1
23687.6309	1
23693.3887	1
23699.1465	1
23704.9043	1
23710.6621	1
23716.4199	-1
23722.1777	-1
23727.9355	-1
23733.6934	-1
23739.4512	-1
23745.2090	-1
23750.9668	-1
23756.7246	-1
23762.4824	-1
23768.2402	-1
23773.9980	-1
23779.7559	-1
23785.5156	-1
23791.2754	-1
23797.0352	-1
23802.7949	-1
23808.5547	-1
23814.3145	-1
23820.0742	-1
23825.8340	-1
23831.5938	-1
23837.3535	-1
23843.1133	-1
23848.8730	-1
23854.6328	-1
23860.3926	-1
23866.1523	-1
23871.9121	-1
23877.6719	-1
23883.4316	-1
23889.1914	-1
23894.9512	-1
23900.7109	-1
23906.4707	-1
23912.2305	-1
23917.9902	-1
23923.7500	-1
23929.5098	-1
23935.2695	-1
23941.0293	-1
23946.7891	-1
23952.5488	-1
23958.3086	-1
23964.0684	-1
23969.8281	-1
23975.5879	-1
23981.3477	-1
23987.1074	-1
23992.8672	-1
23998.6270	-1
24004.3867	-1
24010.1465	-1
24015.9062	-1
24021.6660	-1
24027.4258	-1
24033.1855	-1
24038.9453	-1
24044.7051	-1
24050.4648	-1
24056.2246	-1
24061.9844	-1
24067.7441	-1
24073.5039	-1
24079.2637	-1
24085.0234	-1
24090.7832	-1
24096.5449	-1
24102.3066	-1
24108.0684	-1
24113.8301	-1
24119.5918	-1
24125.3535	-1
24131.1152	-1
24136.8770	-1
24142.6387	-1
24148.4004	-1
24154.1621	-1
24159.9238	-1
24165.6855	-1
24171.4473	-1
24177.2090	-1
24182.9707	-1
24188.7324	-1
24194.4941	-1
24200.2559	-1
24206.0176	-1
24211.7793	-1
24217.5410	-1
24223.3027	-1
24229.0645	-1
24234.8262	-1
24240.5879	-1
24246.3496	-1
24252.1113	-1
24257.8730	-1
24263.6348	-1
24269.3984	-1
24275.1621	-1
24280.9258	-1
24286.6895	-1
24292.4531	-1
24298.2168	-1
24303.9805	-1
24309.7441	-1
24315.5078	-1
24321.2715	-1
24327.0352	-1
24332.7988	-1
24338.5625	-1
24344.3262	-1
24350.0898	-1
24355.8535	-1
24361.6172	-1
24367.3809	-1
24373.1445	-1
24378.9082	-1
24384.6719	-1
24390.4355	-1
24396.1992	-1
24401.9629	-1
24407.7266	-1
24413.4902	-1
24419.2539	-1
24425.0176	-1
24430.7812	-1
24436.5449	-1
24442.5039	1
24448.4629	1
24454.4219	1
24460.3809	1
24466.3398	1
24472.2988	1
24478.2578	1
24484.2168	1
24490.1758	1
24496.1348	-1
24502.0938	-1
24508.0527	-1
24514.0117	-1
24519.9707	-1
24525.9297	-1
24531.8887	-1
24537.8477	-1
24543.8066	-1
24549.7656	-1
24555.7246	-1
24561.6836	-1
24567.6445	-1
24573.6055	-1
24579.5664	-1
24585.5273	-1
24591.4883	-1
24597.4492	-1
24603.4102	-1
24609.3711	-1
24615.3320	-1
24621.2930	-1
24627.2539	-1
24633.2148	-1
24639.1758	-1
24645.1367	-1
24651.0977	-1
24657.0586	-1
24663.0195	-1
24668.9805	-1
24674.9414	-1
24680.9023	-1
24686.8633	-1
24692.8242	-1
24698.7852	-1
24704.7461	-1
24710.7070	-1
24716.6680	-1
24722.6289	-1
24728.5898	-1
24734.5508	-1
24740.5117	-1
24746.4727	-1
24752.4336	-1
24758.3945	-1
24764.3555	-1
24770.3164	-1
24776.2773	-1
24782.2383	-1
24788.1992	-1
24794.1602	-1
24800.1211	-1
24806.0820	-1
24812.0430	-1
24818.0176	1
24823.9941	-1
24829.9707	1
24835.9473	1
24841.9238	-1
24847.9004	-1
24853.8770	-1
24859.8535	-1
24865.8301	-1
24871.8066	-1
24877.7832	-1
24883.7598	-1
24889.7363	-1
24895.7129	-1
24901.7031	1
24907.6953	-1
24913.6875	1
24919.6797	1
24925.6719	-1
24931.6641	-1
24937.6562	-1
24943.6484	-1
24949.6406	-1
24955.6328	-1
24961.6250	-1
24967.6172	-1
24973.6094	-1
24979.6016	-1
24985.6074	1
24991.6133	-1
24997.6211	1
25003.6289	1
25009.6367	-1
25015.6445	-1
25021.6523	-1
25027.6602	-1
25033.6680	-1
25039.6758	-1
25045.6836	-1
25051.6914	-1
25057.6992	-1
25063.7070	-1
25069.7148	-1
25075.7227	-1
25081.7305	1
25087.7383	1
25093.7461	1
25099.7539	1
25105.7637	-1
25111.7734	-1
25117.7832	-1
25123.7930	-1
25129.8027	-1
25135.8125	-1
25141.8223	-1
25147.8320	-1
25153.8418	-1
25159.8516	-1
25165.8613	-1
25171.8711	-1
25177.8828	1
25183.8945	1
25189.9062	1
25195.9180	1
25201.9297	-1
25207.9414	-1
25213.9531	-1
25219.9648	-1
25225.9766	-1
25231.9883	-1
25238.0000	-1
25244.0117	-1
25250.0234	-1
25256.0352	-1
25262.0469	-1
25268.0586	-1
25274.0703	1
25280.0820	1
25286.0957	1
25292.1094	1
25298.1230	-1
25304.1367	-1
25310.1504	-1
25316.1641	-1
25322.1777	-1
25328.1914	-1
25334.2051	1
25340.2207	1
25346.2363	-1
25352.2520	-1
25358.2676	-1
25364.2832	-1
25370.2988	-1
25376.3145	-1
25382.3301	-1
25388.3457	-1
25394.3613	-1
25400.3770	-1
25406.3926	-1
25412.4082	-1
25418.4238	-1
25424.4395	-1
25430.4551	-1
25436.4707	-1
25442.4863	-1
25448.5020	-1
25454.5176	1
25460.5332	1
25466.5488	1
25472.5645	1
25478.5801	-1
25484.5957	-1
25490.6113	-1
25496.6270	-1
25502.6426	-1
25508.6582	-1
25514.6758	-1
25520.6934	-1
25526.7109	-1
25532.7285	-1
25538.7461	-1
25544.7637	-1
25550.7812	-1
25556.7988	-1
25562.8164	-1
25568.8340	-1
25574.8516	-1
25580.8691	-1
25586.8867	-1
25592.9043	-1
25598.9219	-1
25604.9395	-1
25610.9570	-1
25616.9746	-1
25622.9922	-1
25629.0098	-1
25635.0273	-1
25641.0449	-1
25647.0625	-1
25653.0801	-1
25659.0996	-1
25665.1191	-1
25671.1387	-1
25677.1582	-1
25683.1777	-1
25689.1973	-1
25695.2168	-1
25701.2363	-1
25707.2559	-1
25713.2754	-1
25719.2949	-1
25725.3145	-1
25731.3340	-1
25737.3535	-1
25743.3730	-1
25749.3926	-1
25755.4121	-1
25761.4316	-1
25767.4512	-1
25773.4707	-1
25779.4902	-1
25785.5098	-1
25791.5293	-1
25797.5488	-1
25803.5684	-1
25809.5879	-1
25815.6211	1
25821.6543	-1
25827.6895	1
25833.7246	1
25839.7598	-1
25845.7949	-1
25851.8301	-1
25857.8770	1
25863.9258	-1
25869.9746	1
25876.0234	1
25882.0742	-1
25888.1250	-1
25894.1758	-1
25900.2266	-1
25906.2773	-1
25912.3281	-1
25918.3789	-1
25924.4297	-1
25930.4805	-1
25936.5312	-1
25942.5820	-1
25948.6328	-1
25954.6836	1
25960.7344	1
25966.7852	1
25972.8359	1
25978.8887	-1
25984.9414	-1
25990.9941	-1
25997.0469	-1
26003.0996	-1
26009.1523	-1
26015.2051	-1
26021.2578	-1
26027.3105	-1
26033.3633	-1
26039.4160	-1
26045.4688	-1
26051.5215	-1
26057.5742	-1
26063.6270	-1
26069.6797	-1
26075.7324	-1
26081.7852	-1
26087.8379	-1
26093.8906	-1
26099.9434	-1
26105.9961	-1
26112.0488	-1
26118.1152	1
26124.1816	-1
26130.2480	1
26136.3145	1
26142.3828	-1
26148.4512	-1
26154.5195	-1
26160.5879	-1
26166.6699	1
26172.7539	-1
26178.8379	1
26184.9219	1
26191.0059	-1
26197.0898	-1
26203.1738	-1
26209.2578	-1
26215.3418	-1
26221.4258	-1
26227.5098	-1
26233.5938	-1
26239.6777	-1
26245.7617	-1
26251.8457	-1
26257.9297	-1
26264.0156	1
26270.1016	1
26276.1875	1
26282.2734	1
26288.3594	-1
26294.4453	-1
26300.5312	-1
26306.6172	-1
26312.7031	-1
26318.7891	-1
26324.8750	-1
26330.9609	-1
26337.0469	-1
26343.1328	-1
26349.2188	-1
26355.3047	-1
26361.3906	-1
26367.4766	-1
26373.5625	-1
26379.6484	-1
26385.7344	-1
26391.8203	-1
26397.9062	-1
26403.9922	-1
26410.0781	-1
26416.1641	-1
26422.2500	-1
26428.3359	-1
26434.4219	1
26440.5078	1
26446.5938	1
26452.6816	-1
26458.7695	-1
26464.8574	-1
26470.9453	-1
26477.0332	-1
26483.1211	-1
26489.2090	-1
26495.2969	-1
26501.3848	-1
26507.4727	-1
26513.5605	-1
26519.6484	-1
26525.7363	-1
26531.8359	1
26537.9375	-1
26544.0391	1
26550.1406	1
26556.2441	-1
26562.3477	-1
26568.4512	-1
26574.5547	-1
26580.6582	-1
26586.7617	-1
26592.8652	-1
26598.9688	-1
26605.0723	-1
26611.1758	-1
26617.2793	-1
26623.3828	-1
26629.4863	1
26635.5898	1
26641.6934	1
26647.7969	1
26653.9023	-1
26660.0078	-1
26666.1133	-1
26672.2188	-1
26678.3242	-1
26684.4297	-1
26690.5352	-1
26696.6406	-1
26702.7461	-1
26708.8516	-1
26714.9570	-1
26721.0625	-1
26727.1680	-1
26733.2734	-1
26739.3789	-1
26745.4844	-1
26751.5898	-1
26757.6953	-1
26763.8008	-1
26769.9180	1
26776.0371	-1
26782.1562	1
26788.2754	1
26794.3965	-1
26800.5176	-1
26808.7832	-1
26817.0488	1
