0.0000	0
0.1520	-1
0.2054	888
0.2116	888
0.2508	888
0.2992	888
0.4395	888
0.4796	-888
0.5180	888
0.7085	888
0.7823	888
0.7913	888
0.7935	888
0.8011	888
0.8048	888
0.8356	888
0.8464	888
0.8582	888
0.8638	888
0.9532	888
0.9858	888
1.0145	888
1.0356	888
1.1555	888
1.1779	888
1.1884	888
1.1959	888
1.2214	888
1.2842	888
1.3317	888
1.3704	888
1.4080	888
1.5041	888
1.5548	888
1.5626	888
1.5886	888
1.6436	888
1.6654	-888
1.6751	888
1.6856	888
1.7119	888
1.7202	888
1.7772	-888
1.7958	888
1.8227	888
1.8386	888
1.8503	888
1.9197	888
1.9409	888
1.9612	-888
1.9648	888
2.0278	888
2.0763	888
2.1380	888
2.1382	888
2.1413	888
2.1614	888
2.2375	888
2.2677	888
2.2903	888
2.2915	888
2.3085	888
2.3444	888
2.3509	888
2.3538	888
2.3557	888
2.3857	888
2.3919	888
2.4291	888
2.5322	888
2.6040	888
2.7702	888
2.9578	-888
2.9967	-888
2.9990	888
3.0516	-888
3.2380	888
3.2661	888
3.3431	888
3.3595	888
3.3667	-888
3.3762	888
3.4410	888
3.4809	-888
3.6661	888
3.9155	888
4.4501	888
4.4664	-888
4.5108	-888
4.5795	-888
4.5889	-888
4.5903	888
4.6519	-888
4.9377	-888
4.9869	-888
5.1199	-888
5.6105	-888
5.6508	-888
5.6561	-888
5.7337	-888
5.8785	-888
5.9722	-888
5.9905	-888
6.0770	-888
6.1067	-888
6.2113	-888
6.2980	-888
6.3158	-888
7.0569	-888
7.0914	1
7.1917	-888
7.2711	-888
7.3009	-888
7.4147	-888
7.4395	-888
7.4559	-888
7.4672	-888
7.4839	-888
8.0047	-888
8.0377	-888
8.1200	-888
8.1354	-888
8.4231	-888
8.5069	-888
8.6006	-888
8.6613	-888
8.7748	-888
8.9407	-888
8.9791	-888
9.0788	-888
9.4698	-888
9.4992	-888
9.5190	-888
9.6554	-888
9.8585	-888
9.9926	-888
9.9992	-888
10.1623	-888
10.5463	-888
10.6028	-888
10.6405	-888
10.7868	-888
10.9331	-888
11.2243	-888
11.2573	-888
11.4448	-888
11.4734	-888
11.5588	-888
11.8623	-888
12.0663	-888
12.1725	-888
12.3755	-888
12.3831	-888
12.4817	-888
12.5595	-888
12.8857	-888
13.2605	-888
13.4490	-888
13.7232	-888
13.8482	-888
13.8844	-888
14.0325	-1
14.0470	-888
14.3031	-888
14.3496	-888
14.3510	-888
14.4903	-888
14.5399	-888
14.5549	-888
14.8494	-888
14.9568	-888
15.0300	-888
15.6408	-888
16.3701	-888
17.1903	-888
17.8413	-888
18.3334	-888
19.5220	-888
19.5843	-888
20.9740	1
22.7641	-888
27.9154	1
34.8581	-1
41.8008	-1
48.7435	-1
55.6861	-1
62.6288	-1
69.5715	-1
76.5143	-1
83.4571	-1
90.3999	-1
97.3427	-1
104.2855	-1
111.2283	-1
118.1713	1
125.1145	1
132.0577	1
139.0009	1
145.9459	-1
152.8910	-1
159.8360	-1
166.7811	-1
173.7262	-1
180.6712	-1
187.6164	-1
194.5615	-1
201.5067	-1
208.4519	-1
215.3970	-1
222.3422	-1
229.2874	-1
236.2327	-1
243.1780	-1
250.1232	-1
257.0685	-1
264.0138	-1
270.9592	-1
277.9045	-1
284.8499	-1
291.7953	-1
298.7407	-1
305.6860	-1
312.6316	1
319.5773	1
326.5231	1
333.4690	1
340.4149	1
347.3609	1
354.3069	1
361.2529	1
368.2016	-1
375.1503	-1
382.0991	-1
389.0478	-1
395.9965	-1
402.9453	-1
409.8941	-1
416.8430	-1
423.7918	-1
430.7407	-1
437.6895	-1
444.6384	-1
451.5874	-1
458.5363	-1
465.4853	-1
472.4343	-1
479.3833	-1
486.3322	-1
493.2813	-1
500.2304	-1
507.1795	-1
514.1286	-1
521.0777	-1
528.0268	-1
534.9760	-1
541.9252	-1
548.8744	-1
555.8236	-1
562.7728	-1
569.7220	-1
576.6713	-1
583.6206	-1
590.5699	-1
597.5192	-1
604.4684	-1
611.4177	-1
618.3671	1
625.3165	1
632.2659	-1
639.2153	-1
646.1647	-1
653.1141	-1
660.0635	-1
667.0129	-1
673.9623	1
680.9117	1
687.8612	-1
694.8107	-1
701.7603	-1
708.7098	-1
715.6593	-1
722.6088	-1
729.5591	1
736.5093	1
743.4597	1
750.4109	-1
757.3621	-1
764.3134	-1
771.2646	-1
778.2158	-1
785.1671	-1
792.1188	-1
799.0705	-1
806.0222	-1
812.9739	-1
819.9257	-1
826.8774	-1
833.8301	-1
840.7829	-1
847.7357	-1
854.6884	-1
861.6412	-1
868.5939	-1
875.5472	-1
882.5004	-1
889.4537	-1
896.4069	-1
903.3602	-1
910.3134	-1
917.2668	-1
924.2202	-1
931.1735	-1
938.1269	-1
945.0803	-1
952.0336	-1
958.9871	-1
965.9406	-1
972.8941	-1
979.8476	-1
986.8011	-1
993.7546	-1
1000.7083	-1
1007.6621	-1
1014.6159	-1
1021.5697	-1
1028.5234	-1
1035.4878	1
1042.4534	-1
1049.4192	1
1056.3850	1
1063.3519	-1
1070.3188	-1
1077.2858	-1
1084.2527	-1
1091.2197	-1
1098.1868	-1
1105.1538	-1
1112.1208	-1
1119.0879	-1
1126.0549	-1
1133.0220	-1
1139.9890	-1
1146.9564	1
1153.9238	1
1160.8912	1
1167.8586	1
1174.8278	-1
1181.7969	-1
1188.7660	-1
1195.7351	-1
1202.7042	-1
1209.6733	-1
1216.6426	-1
1223.6118	-1
1230.5811	-1
1237.5503	-1
1244.5195	-1
1251.4888	-1
1258.4581	-1
1265.4275	-1
1272.3969	-1
1279.3662	-1
1286.3356	-1
1293.3049	-1
1300.2744	-1
1307.2439	-1
1314.2134	-1
1321.1829	-1
1328.1523	-1
1335.1218	-1
1342.0914	1
1349.0613	1
1356.0311	1
1363.0010	1
1369.9708	1
1376.9408	1
1383.9108	1
1390.8807	1
1397.8519	-1
1404.8231	-1
1411.7943	-1
1418.7655	-1
1425.7367	-1
1432.7079	-1
1439.6801	-1
1446.6522	-1
1453.6244	-1
1460.5966	-1
1467.5687	-1
1474.5409	-1
1481.5137	1
1488.4867	-1
1495.4597	-1
1502.4327	-1
1509.4058	-1
1516.3788	-1
1523.3518	-1
1530.3250	-1
1537.2981	-1
1544.2712	-1
1551.2444	-1
1558.2175	-1
1565.1907	-1
1572.1638	-1
1579.1370	-1
1586.1101	-1
1593.0833	-1
1600.0564	-1
1607.0295	-1
1614.0035	-1
1620.9775	-1
1627.9515	-1
1634.9255	-1
1641.8995	-1
1648.8735	-1
1655.8480	-1
1662.8225	-1
1669.7970	-1
1676.7715	-1
1683.7460	-1
1690.7205	-1
1697.6954	-1
1704.6704	-1
1711.6454	-1
1718.6204	-1
1725.5953	-1
1732.5703	-1
1739.5454	-1
1746.5205	-1
1753.4956	-1
1760.4810	1
1767.4674	-1
1774.4542	1
1781.4410	1
1788.4290	-1
1795.4169	-1
1802.4048	-1
1809.3927	-1
1816.3806	-1
1823.3685	-1
1830.3566	-1
1837.3446	-1
1844.3326	-1
1851.3207	-1
1858.3087	-1
1865.2968	-1
1872.2850	1
1879.2734	1
1886.2618	1
1893.2502	1
1900.2402	-1
1907.2302	-1
1914.2202	-1
1921.2102	-1
1928.2002	-1
1935.1902	-1
1942.1803	-1
1949.1704	-1
1956.1605	-1
1963.1506	-1
1970.1407	-1
1977.1309	-1
1984.1211	-1
1991.1113	-1
1998.1016	-1
2005.0918	-1
2012.0820	-1
2019.0723	-1
2026.0626	-1
2033.0530	-1
2040.0433	-1
2047.0337	-1
2054.0239	-1
2061.0142	-1
2068.0046	1
2074.9951	1
2081.9868	-1
2088.9785	-1
2095.9702	-1
2102.9619	-1
2109.9536	-1
2116.9453	-1
2123.9370	-1
2130.9287	-1
2137.9204	-1
2144.9221	1
2151.9250	-1
2158.9282	1
2165.9314	1
2172.9351	-1
2179.9392	-1
2186.9524	1
2193.9666	-1
2200.9810	1
2207.9956	1
2215.0112	-1
2222.0269	-1
2229.0425	-1
2236.0581	-1
2243.0737	-1
2250.0894	-1
2257.1052	-1
2264.1211	-1
2271.1370	-1
2278.1528	-1
2285.1687	-1
2292.1846	-1
2299.2007	1
2306.2168	1
2313.2329	1
2320.2490	1
2327.2668	-1
2334.2847	-1
2341.3025	-1
2348.3203	-1
2355.3381	-1
2362.3560	-1
2369.3738	-1
2376.3916	-1
2383.4094	-1
2390.4272	-1
2397.4451	-1
2404.4629	-1
2411.4807	-1
2418.4985	-1
2425.5164	-1
2432.5342	-1
2439.5520	-1
2446.5698	-1
2453.5879	-1
2460.6060	-1
2467.6240	-1
2474.6421	-1
2481.6602	-1
2488.6782	-1
2495.6965	1
2502.7148	1
2509.7334	1
2516.7520	1
2523.7705	1
2530.7891	1
2537.8076	1
2544.8262	1
2551.8464	-1
2558.8667	-1
2565.8870	-1
2572.9072	-1
2579.9275	-1
2586.9478	-1
2593.9683	-1
2600.9888	-1
2608.0093	-1
2615.0298	-1
2622.0503	-1
2629.0708	-1
2636.0918	1
2643.1128	1
2650.1338	1
2657.1548	1
2664.1760	-1
2671.1973	-1
2678.2185	-1
2685.2397	-1
2692.2610	-1
2699.2822	-1
2706.3040	1
2713.3257	1
2720.3477	-1
2727.3696	-1
2734.3916	-1
2741.4136	-1
2748.4355	-1
2755.4575	-1
2762.4802	-1
2769.5029	-1
2776.5256	-1
2783.5483	-1
2790.5710	-1
2797.5938	-1
2804.6172	-1
2811.6406	-1
2818.6641	-1
2825.6875	-1
2832.7109	-1
2839.7344	-1
2846.7581	-1
2853.7817	-1
2860.8054	-1
2867.8291	-1
2874.8528	-1
2881.8765	-1
2888.9004	-1
2895.9243	-1
2902.9482	-1
2909.9722	-1
2916.9961	-1
2924.0200	-1
2931.0454	-1
2938.0708	-1
2945.0962	-1
2952.1216	-1
2959.1470	-1
2966.1724	-1
2973.1978	-1
2980.2231	-1
2987.2485	-1
2994.2739	-1
3001.2993	-1
3008.3247	-1
3015.3503	-1
3022.3760	-1
3029.4016	-1
3036.4272	-1
3043.4529	-1
3050.4785	-1
3057.5042	-1
3064.5298	-1
3071.5554	-1
3078.5811	-1
3085.6067	-1
3092.6323	-1
3099.6580	-1
3106.6836	-1
3113.7095	-1
3120.7354	-1
3127.7612	-1
3134.7871	-1
3141.8130	-1
3148.8389	-1
3155.8743	1
3162.9109	-1
3169.9480	1
3176.9851	1
3184.0229	-1
3191.0608	-1
3198.0986	-1
3205.1367	-1
3212.1841	1
3219.2324	-1
3226.2812	1
3233.3301	1
3240.3799	-1
3247.4297	-1
3254.4795	-1
3261.5293	-1
3268.5791	-1
3275.6382	1
3282.6985	-1
3289.7590	1
3296.8196	1
3303.8806	-1
3310.9417	-1
3318.0027	-1
3325.0637	-1
3332.1248	-1
3339.1858	-1
3346.2471	-1
3353.3083	-1
3360.3696	-1
3367.4309	-1
3374.4922	-1
3381.5535	-1
3388.6150	1
3395.6765	1
3402.7380	1
3409.7996	1
3416.8616	-1
3423.9236	-1
3430.9856	-1
3438.0476	-1
3445.1096	-1
3452.1716	-1
3459.2339	-1
3466.2961	-1
3473.3584	-1
3480.4207	-1
3487.4829	-1
3494.5452	-1
3501.6077	-1
3508.6702	-1
3515.7327	-1
3522.7952	-1
3529.8577	-1
3536.9202	-1
3543.9829	-1
3551.0457	-1
3558.1084	-1
3565.1711	-1
3572.2339	-1
3579.2966	-1
3586.3594	1
3593.4221	1
3600.4849	1
3607.5476	1
3614.6108	1
3621.6741	1
3628.7373	1
3635.8005	1
3642.8640	-1
3649.9275	-1
3656.9910	-1
3664.0544	-1
3671.1179	-1
3678.1814	-1
3685.2454	1
3692.3093	-1
3699.3733	-1
3706.4373	-1
3713.5012	1
3720.5652	-1
3727.6292	-1
3734.6931	-1
3741.7576	1
3748.8220	1
3755.8872	-1
3762.9524	-1
3770.0176	-1
3777.0828	-1
3784.1479	-1
3791.2131	-1
3798.2783	-1
3805.3435	-1
3812.4087	-1
3819.4739	-1
3826.5391	-1
3833.6042	-1
3840.6697	-1
3847.7351	-1
3854.8005	-1
3861.8660	-1
3868.9314	-1
3875.9968	-1
3883.0623	-1
3890.1277	-1
3897.1931	-1
3904.2585	-1
3911.3240	-1
3918.3894	-1
3925.4551	-1
3932.5208	-1
3939.5864	-1
3946.6521	-1
3953.7178	-1
3960.7834	-1
3967.8491	-1
3974.9148	-1
3981.9805	-1
3989.0461	-1
3996.1118	-1
4003.1775	-1
4010.2434	-1
4017.3093	-1
4024.3752	-1
4031.4412	-1
4038.5071	-1
4045.5730	-1
4052.6389	-1
4059.7048	-1
4066.7708	-1
4073.8367	-1
4080.9026	-1
4087.9685	-1
4095.0347	-1
4102.1011	-1
4109.1675	-1
4116.2339	-1
4123.3003	-1
4130.3667	-1
4137.4331	-1
4144.4995	-1
4151.5659	-1
4158.6416	1
4165.7183	-1
4172.7954	1
4179.8726	1
4186.9507	-1
4194.0288	-1
4201.1069	-1
4208.1851	-1
4215.2632	-1
4222.3413	-1
4229.4199	-1
4236.4985	-1
4243.5771	-1
4250.6558	-1
4257.7344	-1
4264.8130	-1
4271.8916	1
4278.9702	1
4286.0488	1
4293.1274	1
4300.2075	-1
4307.2876	-1
4314.3677	-1
4321.4478	-1
4328.5278	-1
4335.6079	-1
4342.6885	-1
4349.7690	-1
4356.8496	-1
4363.9302	-1
4371.0107	-1
4378.0913	-1
4385.1719	-1
4392.2524	-1
4399.3330	-1
4406.4136	-1
4413.4941	-1
4420.5747	-1
4427.6553	-1
4434.7358	-1
4441.8164	-1
4448.8970	-1
4455.9775	-1
4463.0581	-1
4470.1387	1
4477.2197	1
4484.3008	1
4491.3818	1
4498.4634	1
4505.5449	1
4512.6279	-1
4519.7109	-1
4526.7939	-1
4533.8770	-1
4540.9600	-1
4548.0430	-1
4555.1265	-1
4562.2100	-1
4569.2935	-1
4576.3770	-1
4583.4604	-1
4590.5439	-1
4597.6279	-1
4604.7119	-1
4611.7959	-1
4618.8799	-1
4625.9639	-1
4633.0479	-1
4640.1318	-1
4647.2158	-1
4654.2998	-1
4661.3838	-1
4668.4678	-1
4675.5518	-1
4682.6357	-1
4689.7197	-1
4696.8037	-1
4703.8877	-1
4710.9717	-1
4718.0557	-1
4725.1401	-1
4732.2246	-1
4739.3091	-1
4746.4028	1
4753.4976	-1
4760.5923	1
4767.6870	1
4774.7832	-1
4781.8794	-1
4788.9756	-1
4796.0718	-1
4803.1680	-1
4810.2642	-1
4817.3604	-1
4824.4565	-1
4831.5527	-1
4838.6489	-1
4845.7451	-1
4852.8413	-1
4859.9375	1
4867.0342	1
4874.1309	1
4881.2275	1
4888.3257	-1
4895.4238	-1
4902.5220	-1
4909.6201	-1
4916.7183	-1
4923.8164	-1
4930.9146	-1
4938.0127	-1
4945.1108	-1
4952.2090	-1
4959.3071	-1
4966.4053	-1
4973.5034	-1
4980.6016	-1
4987.6997	-1
4994.7979	-1
5001.8960	-1
5008.9941	-1
5016.0928	1
5023.1914	1
5030.2900	1
5037.3887	1
5044.4873	1
5051.5859	1
5058.6851	-1
5065.7842	-1
5072.8833	-1
5079.9824	-1
5087.0815	-1
5094.1807	-1
5101.2812	1
5108.3818	1
5115.4829	-1
5122.5840	-1
5129.6851	-1
5136.7861	-1
5143.8872	-1
5150.9883	-1
5158.0894	-1
5165.1904	-1
5172.2915	-1
5179.3926	-1
5186.4937	-1
5193.5947	-1
5200.6958	-1
5207.7969	-1
5214.8979	-1
5221.9990	-1
5229.1001	-1
5236.2012	-1
5243.3022	-1
5250.4033	-1
5257.5044	-1
5264.6055	-1
5271.7065	-1
5278.8076	-1
5285.9097	-1
5293.0117	-1
5300.1138	-1
5307.2158	-1
5314.3179	-1
5321.4199	-1
5328.5225	-1
5335.6250	-1
5342.7275	-1
5349.8301	-1
5356.9326	-1
5364.0352	-1
5371.1382	-1
5378.2412	-1
5385.3442	-1
5392.4473	-1
5399.5503	-1
5406.6533	-1
5413.7563	-1
5420.8687	1
5427.9819	-1
5435.0957	1
5442.2095	1
5449.3242	-1
5456.4390	-1
5463.5537	-1
5470.6685	-1
5477.7832	-1
5484.8979	-1
5492.0127	-1
5499.1367	1
5506.2617	-1
5513.3872	1
5520.5127	1
5527.6392	-1
5534.7656	-1
5541.8921	-1
5549.0283	1
5556.1655	-1
5563.3032	1
5570.4409	1
5577.5796	-1
5584.7183	-1
5591.8569	-1
5598.9956	-1
5606.1436	1
5613.2930	-1
5620.4424	1
5627.5918	1
5634.7417	-1
5641.8916	-1
5649.0420	-1
5656.2017	1
5663.3623	-1
5670.5234	1
5677.6846	1
5684.8467	-1
5692.0088	-1
5699.1802	1
5706.3525	-1
5713.5254	1
5720.6982	1
5727.8716	-1
5735.0454	-1
5742.2285	1
5749.4126	-1
5756.5972	1
5763.7817	1
5770.9673	-1
5778.1528	-1
5785.3384	-1
5792.5239	-1
5799.7188	1
5806.9146	-1
5814.1104	1
5821.3062	1
5828.5029	-1
5835.6997	-1
5842.8965	-1
5850.0938	-1
5857.2998	1
5864.5068	-1
5871.7144	1
5878.9219	1
5886.1304	-1
5893.3389	-1
5900.5474	-1
5907.7651	1
5914.9844	-1
5922.2041	1
5929.4238	1
5936.6445	-1
5943.8652	-1
5951.0859	-1
5958.3066	-1
5965.5273	-1
5972.7480	-1
5979.9688	-1
5987.1895	-1
5994.4102	-1
6001.6309	-1
6008.8516	-1
6016.0723	-1
6023.2935	1
6030.5146	1
6037.7368	-1
6044.9590	-1
6052.1812	-1
6059.4033	-1
6066.6255	-1
6073.8477	-1
6081.0698	-1
6088.3013	1
6095.5337	-1
6102.7666	1
6109.9995	1
6117.2334	-1
6124.4673	-1
6131.7109	1
6138.9556	-1
6146.2007	1
6153.4458	1
6160.6919	-1
6167.9380	-1
6175.1841	-1
6182.4395	1
6189.6958	-1
6196.9526	1
6204.2095	1
6211.4673	-1
6218.7251	-1
6225.9829	-1
6233.2407	-1
6240.4985	-1
6247.7563	-1
6255.0142	-1
6262.2720	-1
6269.5298	-1
6276.7969	1
6284.0654	-1
6291.3345	1
6298.6035	1
6305.8735	-1
6313.1436	-1
6320.4136	-1
6327.6836	-1
6334.9536	-1
6342.2236	-1
6349.4937	-1
6356.7637	-1
6364.0337	-1
6371.3037	-1
6378.5737	-1
6385.8438	-1
6393.1143	1
6400.3848	1
6407.6553	1
6414.9258	1
6422.1978	-1
6429.4697	-1
6436.7417	-1
6444.0137	-1
6451.2856	-1
6458.5576	-1
6465.8296	-1
6473.1016	-1
6480.3735	-1
6487.6455	-1
6494.9175	-1
6502.1895	-1
6509.4619	-1
6516.7344	-1
6524.0068	-1
6531.2793	-1
6538.5518	-1
6545.8242	-1
6553.0967	-1
6560.3691	-1
6567.6416	-1
6574.9141	-1
6582.1865	-1
6589.4590	-1
6596.7314	1
6604.0039	1
6611.2764	1
6618.5493	1
6625.8223	1
6633.0962	-1
6640.3701	-1
6647.6440	-1
6654.9180	-1
6662.1919	-1
6669.4658	-1
6676.7407	-1
6684.0156	-1
6691.2905	-1
6698.5654	-1
6705.8403	-1
6713.1152	-1
6720.3901	-1
6727.6650	-1
6734.9399	-1
6742.2148	-1
6749.4897	-1
6756.7646	-1
6764.0400	-1
6771.3154	-1
6778.5908	-1
6785.8662	-1
6793.1416	-1
6800.4170	-1
6807.6924	-1
6814.9678	-1
6822.2432	-1
6829.5186	-1
6836.7939	-1
6844.0693	-1
6851.3545	1
6858.6406	-1
6865.9272	1
6873.2139	1
6880.5015	-1
6887.7891	-1
6895.0767	-1
6902.3643	-1
6909.6519	-1
6916.9395	-1
6924.2271	-1
6931.5146	-1
6938.8022	-1
6946.0898	-1
6953.3774	-1
6960.6650	-1
6967.9531	1
6975.2412	1
6982.5293	1
6989.8174	1
6997.1069	-1
7004.3965	-1
7011.6860	-1
7018.9756	-1
7026.2651	-1
7033.5547	-1
7040.8442	-1
7048.1338	-1
7055.4233	-1
7062.7129	-1
7070.0024	-1
7077.2920	-1
7084.5820	1
7091.8721	1
7099.1621	-1
7106.4521	-1
7113.7422	-1
7121.0322	-1
7128.3223	-1
7135.6123	-1
7142.9033	-1
7150.1943	-1
7157.4854	-1
7164.7764	-1
7172.0674	-1
7179.3584	-1
7186.6499	-1
7193.9414	-1
7201.2329	-1
7208.5244	-1
7215.8159	-1
7223.1074	-1
7230.3989	-1
7237.6904	-1
7244.9917	1
7252.2939	-1
7259.5967	1
7266.8994	1
7274.2031	-1
7281.5068	-1
7288.8105	-1
7296.1143	-1
7303.4180	-1
7310.7217	-1
7318.0259	-1
7325.3301	-1
7332.6343	-1
7339.9385	-1
7347.2427	-1
7354.5469	-1
7361.8511	1
7369.1553	1
7376.4595	1
7383.7637	1
7391.0698	-1
7398.3760	-1
7405.6821	-1
7412.9883	-1
7420.2944	-1
7427.6006	-1
7434.9067	-1
7442.2129	-1
7449.5190	-1
7456.8252	-1
7464.1313	-1
7471.4375	-1
7478.7437	-1
7486.0498	-1
7493.3560	-1
7500.6621	-1
7507.9683	-1
7515.2744	-1
7522.5806	-1
7529.8867	-1
7537.1929	-1
7544.4990	-1
7551.8052	-1
7559.1113	-1
7566.4180	1
7573.7246	1
7581.0312	1
7588.3379	1
7595.6445	1
7602.9512	1
7610.2578	1
7617.5645	1
7624.8740	-1
7632.1836	-1
7639.4932	-1
7646.8027	-1
7654.1123	-1
7661.4219	-1
7668.7314	-1
7676.0410	-1
7683.3506	-1
7690.6602	-1
7697.9697	-1
7705.2793	-1
7712.5889	-1
7719.8984	-1
7727.2080	-1
7734.5176	-1
7741.8271	-1
7749.1367	-1
7756.4468	-1
7763.7568	-1
7771.0669	-1
7778.3770	-1
7785.6870	-1
7792.9971	-1
7800.3071	-1
7807.6172	-1
7814.9272	-1
7822.2373	-1
7829.5474	-1
7836.8574	-1
7844.1675	1
7851.4775	-1
7858.7876	-1
7866.0977	-1
7873.4077	-1
7880.7178	-1
7888.0278	-1
7895.3389	-1
7902.6499	-1
7909.9609	-1
7917.2720	-1
7924.5830	-1
7931.8940	-1
7939.2051	-1
7946.5161	-1
7953.8271	-1
7961.1382	-1
7968.4492	-1
7975.7603	-1
7983.0718	-1
7990.3833	-1
7997.6948	-1
8005.0063	-1
8012.3179	-1
8019.6392	1
8026.9614	-1
8034.2837	1
8041.6064	1
8048.9302	-1
8056.2539	-1
8063.5776	-1
8070.9014	-1
8078.2251	-1
8085.5488	-1
8092.8726	-1
8100.1963	-1
8107.5200	-1
8114.8438	-1
8122.1675	-1
8129.4912	-1
8136.8154	1
8144.1396	1
8151.4639	1
8158.7881	1
8166.1138	-1
8173.4395	-1
8180.7651	-1
8188.0908	-1
8195.4160	-1
8202.7412	-1
8210.0674	-1
8217.3936	-1
8224.7197	-1
8232.0459	-1
8239.3721	-1
8246.6982	-1
8254.0244	1
8261.3506	1
8268.6768	1
8276.0029	1
8283.3291	-1
8290.6553	-1
8297.9814	-1
8305.3076	-1
8312.6338	-1
8319.9600	-1
8327.2861	-1
8334.6123	-1
8341.9385	-1
8349.2646	-1
8356.5908	-1
8363.9170	-1
8371.2441	1
8378.5713	1
8385.8984	1
8393.2256	1
8400.5537	-1
8407.8818	-1
8415.2100	-1
8422.5381	-1
8429.8662	-1
8437.1943	-1
8444.5225	1
8451.8506	1
8459.1787	-1
8466.5068	-1
8473.8350	-1
8481.1631	-1
8488.4912	-1
8495.8193	-1
8503.1494	-1
8510.4795	-1
8517.8096	-1
8525.1396	-1
8532.4697	-1
8539.7998	-1
8547.1299	-1
8554.4600	-1
8561.7900	-1
8569.1201	-1
8576.4502	-1
8583.7803	-1
8591.1104	-1
8598.4404	-1
8605.7705	-1
8613.1006	-1
8620.4307	-1
8627.7607	-1
8635.0918	-1
8642.4229	-1
8649.7539	-1
8657.0850	-1
8664.4160	-1
8671.7471	-1
8679.0791	-1
8686.4111	-1
8693.7432	-1
8701.0752	-1
8708.4072	-1
8715.7393	-1
8723.0713	-1
8730.4033	-1
8737.7354	-1
8745.0674	-1
8752.3994	-1
8759.7314	-1
8767.0635	-1
8774.3955	-1
8781.7275	-1
8789.0596	-1
8796.3916	-1
8803.7236	-1
8811.0557	-1
8818.3877	-1
8825.7295	1
8833.0723	-1
8840.4150	1
8847.7578	1
8855.1016	-1
8862.4453	-1
8869.7891	-1
8877.1328	-1
8884.4766	-1
8891.8203	-1
8899.1641	-1
8906.5078	-1
8913.8516	-1
8921.1953	-1
8928.5391	-1
8935.8828	-1
8943.2275	1
8950.5732	-1
8957.9189	-1
8965.2646	-1
8972.6104	-1
8979.9648	1
8987.3213	-1
8994.6777	1
9002.0342	1
9009.3916	-1
9016.7490	-1
9024.1064	-1
9031.4639	-1
9038.8213	-1
9046.1787	-1
9053.5361	-1
9060.8936	-1
9068.2510	-1
9075.6084	-1
9082.9658	-1
9090.3232	-1
9097.6807	1
9105.0381	1
9112.3975	-1
9119.7568	-1
9127.1162	-1
9134.4756	-1
9141.8350	-1
9149.1943	-1
9156.5537	-1
9163.9131	-1
9171.2812	1
9178.6504	-1
9186.0205	1
9193.3906	1
9200.7607	-1
9208.1309	-1
9215.5010	-1
9222.8711	-1
9230.2412	-1
9237.6113	-1
9244.9814	-1
9252.3516	-1
9259.7217	-1
9267.0918	-1
9274.4619	-1
9281.8320	-1
9289.2031	1
9296.5742	1
9303.9453	1
9311.3164	1
9318.6885	-1
9326.0605	-1
9333.4326	-1
9340.8047	-1
9348.1768	-1
9355.5488	-1
9362.9209	-1
9370.2930	-1
9377.6650	-1
9385.0371	-1
9392.4092	-1
9399.7812	-1
9407.1533	-1
9414.5254	-1
9421.8975	-1
9429.2695	-1
9436.6416	-1
9444.0137	-1
9451.3857	-1
9458.7578	-1
9466.1299	-1
9473.5020	-1
9480.8740	-1
9488.2461	-1
9495.6182	1
9502.9912	1
9510.3643	1
9517.7373	1
9525.1104	1
9532.4834	1
9539.8574	-1
9547.2314	-1
9554.6055	-1
9561.9795	-1
9569.3535	-1
9576.7275	-1
9584.1016	-1
9591.4756	-1
9598.8496	-1
9606.2236	-1
9613.5977	-1
9620.9717	-1
9628.3457	-1
9635.7197	-1
9643.0938	-1
9650.4678	-1
9657.8418	-1
9665.2158	-1
9672.5898	1
9679.9639	1
9687.3379	1
9694.7119	1
9702.0869	1
9709.4619	1
9716.8369	1
9724.2119	1
9731.5869	-1
9738.9619	-1
9746.3369	-1
9753.7119	-1
9761.0869	-1
9768.4619	-1
9775.8369	-1
9783.2119	-1
9790.5869	-1
9797.9619	-1
9805.3369	-1
9812.7119	-1
9820.0869	-1
9827.4619	-1
9834.8369	-1
9842.2119	-1
9849.5869	-1
9856.9619	-1
9864.3369	1
9871.7129	1
9879.0889	-1
9886.4648	-1
9893.8408	-1
9901.2168	-1
9908.5928	-1
9915.9688	-1
9923.3447	-1
9930.7207	-1
9938.0967	-1
9945.4727	-1
9952.8486	-1
9960.2246	-1
9967.6006	1
9974.9766	1
9982.3525	1
9989.7285	1
9997.1045	1
10004.4814	1
10011.8584	1
10019.2354	1
10026.6133	-1
10033.9912	-1
10041.3691	-1
10048.7471	-1
10056.1250	-1
10063.5029	-1
10070.8809	-1
10078.2588	-1
10085.6367	-1
10093.0146	-1
10100.3926	-1
10107.7705	-1
10115.1484	-1
10122.5264	-1
10129.9043	-1
10137.2822	-1
10144.6602	-1
10152.0381	-1
10159.4160	-1
10166.7939	-1
10174.1719	-1
10181.5498	-1
10188.9277	-1
10196.3057	-1
10203.6836	-1
10211.0615	-1
10218.4395	-1
10225.8174	-1
10233.1953	-1
10240.5732	-1
10247.9512	-1
10255.3291	-1
10262.7070	-1
10270.0850	-1
10277.4629	-1
10284.8408	-1
10292.2188	-1
10299.5967	-1
10306.9746	-1
10314.3525	-1
10321.7305	-1
10329.1094	-1
10336.4883	-1
10343.8672	-1
10351.2461	-1
10358.6250	-1
10366.0039	-1
10373.3828	-1
10380.7617	-1
10388.1406	-1
10395.5195	-1
10402.8984	-1
10410.2773	-1
10417.6562	-1
10425.0361	-1
10432.4160	-1
10439.7959	-1
10447.1758	-1
10454.5557	-1
10461.9355	-1
10469.3154	-1
10476.6953	-1
10484.0752	-1
10491.4551	-1
10498.8350	-1
10506.2148	-1
10513.5947	-1
10520.9746	-1
10528.3545	-1
10535.7344	-1
10543.1143	-1
10550.4941	-1
10557.8740	-1
10565.2539	-1
10572.6338	-1
10580.0137	-1
10587.3936	-1
10594.7734	-1
10602.1533	-1
10609.5332	-1
10616.9131	-1
10624.2930	-1
10631.6729	-1
10639.0527	-1
10646.4336	-1
10653.8145	-1
10661.1953	-1
10668.5762	-1
10675.9570	-1
10683.3379	-1
10690.7188	-1
10698.0996	-1
10705.4805	-1
10712.8613	-1
10720.2422	-1
10727.6230	-1
10735.0039	1
10742.3857	-1
10749.7676	-1
10757.1494	-1
10764.5312	-1
10771.9131	-1
10779.2949	-1
10786.6875	1
10794.0811	-1
10801.4746	1
10808.8691	1
10816.2646	-1
10823.6602	-1
10831.0557	-1
10838.4512	-1
10845.8467	-1
10853.2422	-1
10860.6377	-1
10868.0332	-1
10875.4287	-1
10882.8242	-1
10890.2197	-1
10897.6152	-1
10905.0107	1
10912.4062	1
10919.8018	1
10927.1973	1
10934.5947	-1
10941.9922	-1
10949.3896	-1
10956.7871	-1
10964.1846	-1
10971.5820	-1
10978.9795	-1
10986.3770	-1
10993.7744	-1
11001.1719	-1
11008.5693	-1
11015.9668	-1
11023.3643	-1
11030.7617	-1
11038.1592	-1
11045.5566	-1
11052.9541	-1
11060.3516	-1
11067.7490	-1
11075.1465	-1
11082.5439	-1
11089.9414	-1
11097.3389	-1
11104.7363	-1
11112.1338	1
11119.5322	1
11126.9307	1
11134.3291	1
11141.7275	1
11149.1260	1
11156.5244	1
11163.9229	1
11171.3232	-1
11178.7236	-1
11186.1240	-1
11193.5244	-1
11200.9248	-1
11208.3252	-1
11215.7256	-1
11223.1260	-1
11230.5264	-1
11237.9268	-1
11245.3271	-1
11252.7275	-1
11260.1279	-1
11267.5283	-1
11274.9287	-1
11282.3291	-1
11289.7295	-1
11297.1299	-1
11304.5312	1
11311.9326	1
11319.3340	-1
11326.7354	-1
11334.1367	-1
11341.5381	-1
11348.9395	-1
11356.3408	-1
11363.7432	-1
11371.1455	-1
11378.5479	-1
11385.9502	-1
11393.3525	-1
11400.7549	-1
11408.1572	-1
11415.5596	-1
11422.9619	-1
11430.3643	-1
11437.7666	-1
11445.1689	-1
11452.5713	-1
11459.9736	-1
11467.3760	-1
11474.7783	-1
11482.1807	-1
11489.5830	-1
11496.9854	-1
11504.3877	-1
11511.7900	-1
11519.1924	-1
11526.5947	-1
11533.9971	-1
11541.4004	-1
11548.8037	-1
11556.2070	-1
11563.6104	-1
11571.0137	-1
11578.4170	-1
11585.8203	-1
11593.2236	-1
11600.6270	-1
11608.0410	1
11615.4561	-1
11622.8711	1
11630.2861	1
11637.7021	-1
11645.1182	-1
11652.5342	-1
11659.9502	-1
11667.3662	-1
11674.7822	-1
11682.1982	-1
11689.6143	-1
11697.0400	1
11704.4668	-1
11711.8945	1
11719.3223	1
11726.7510	-1
11734.1797	-1
11741.6084	-1
11749.0371	-1
11756.4658	-1
11763.8945	-1
11771.3232	-1
11778.7520	-1
11786.1807	-1
11793.6094	-1
11801.0381	-1
11808.4668	-1
11815.8955	1
11823.3242	1
11830.7529	1
11838.1816	1
11845.6123	-1
11853.0430	-1
11860.4736	-1
11867.9043	-1
11875.3350	-1
11882.7656	-1
11890.1963	-1
11897.6270	-1
11905.0576	-1
11912.4883	-1
11919.9189	-1
11927.3496	-1
11934.7803	-1
11942.2109	-1
11949.6416	-1
11957.0723	-1
11964.5029	-1
11971.9336	-1
11979.3652	-1
11986.7969	-1
11994.2285	-1
12001.6602	-1
12009.0918	-1
12016.5234	-1
12023.9551	1
12031.3867	1
12038.8184	1
12046.2500	1
12053.6816	1
12061.1133	1
12068.5449	1
12075.9766	1
12083.4111	-1
12090.8457	-1
12098.2803	-1
12105.7148	-1
12113.1494	-1
12120.5840	-1
12128.0186	-1
12135.4531	-1
12142.8877	-1
12150.3223	-1
12157.7568	-1
12165.1914	-1
12172.6260	-1
12180.0605	-1
12187.4951	-1
12194.9297	-1
12202.3643	-1
12209.7988	-1
12217.2334	-1
12224.6680	-1
12232.1025	-1
12239.5371	-1
12246.9717	-1
12254.4062	-1
12261.8408	1
12269.2754	1
12276.7109	1
12284.1465	1
12291.5820	1
12299.0176	1
12306.4531	1
12313.8887	1
12321.3242	-1
12328.7598	-1
12336.1953	-1
12343.6309	-1
12351.0664	-1
12358.5020	-1
12365.9375	-1
12373.3730	-1
12380.8086	-1
12388.2441	-1
12395.6797	-1
12403.1152	-1
12410.5508	-1
12417.9863	-1
12425.4219	-1
12432.8574	-1
12440.2930	-1
12447.7285	-1
12455.1650	-1
12462.6016	-1
12470.0381	-1
12477.4746	-1
12484.9111	-1
12492.3477	-1
12499.7842	1
12507.2227	-1
12514.6611	-1
12522.0996	-1
12529.5381	-1
12536.9766	-1
12544.4150	-1
12551.8535	-1
12559.2920	-1
12566.7305	-1
12574.1689	-1
12581.6074	-1
12589.0459	-1
12596.4854	-1
12603.9248	-1
12611.3643	-1
12618.8037	-1
12626.2432	-1
12633.6826	-1
12641.1230	-1
12648.5635	-1
12656.0039	-1
12663.4443	-1
12670.8848	-1
12678.3252	-1
12685.7656	-1
12693.2061	-1
12700.6465	-1
12708.0869	-1
12715.5273	-1
12722.9678	-1
12730.4082	-1
12737.8486	-1
12745.2891	-1
12752.7295	-1
12760.1699	-1
12767.6104	-1
12775.0508	-1
12782.4912	-1
12789.9316	-1
12797.3721	-1
12804.8125	-1
12812.2529	-1
12819.6934	-1
12827.1338	-1
12834.5742	-1
12842.0146	-1
12849.4551	-1
12856.8955	-1
12864.3359	-1
12871.7764	-1
12879.2168	-1
12886.6670	1
12894.1182	-1
12901.5703	1
12909.0225	1
12916.4756	-1
12923.9287	-1
12931.3818	-1
12938.8350	-1
12946.2881	-1
12953.7412	-1
12961.1943	-1
12968.6475	-1
12976.1006	-1
12983.5537	-1
12991.0068	-1
12998.4600	-1
13005.9131	1
13013.3662	1
13020.8203	-1
13028.2744	-1
13035.7285	-1
13043.1826	-1
13050.6367	-1
13058.0908	-1
13065.5449	-1
13072.9990	-1
13080.4629	1
13087.9277	-1
13095.3936	1
13102.8594	1
13110.3262	-1
13117.7930	-1
13125.2598	-1
13132.7266	-1
13140.1934	-1
13147.6602	-1
13155.1270	-1
13162.5938	-1
13170.0605	-1
13177.5273	-1
13184.9941	-1
13192.4609	-1
13199.9277	1
13207.3945	1
13214.8623	-1
13222.3301	-1
13229.7979	-1
13237.2656	-1
13244.7334	-1
13252.2012	-1
13259.6689	-1
13267.1367	-1
13274.6045	-1
13282.0820	1
13289.5605	-1
13297.0391	1
13304.5176	1
13311.9971	-1
13319.4766	-1
13326.9561	-1
13334.4355	-1
13341.9150	-1
13349.3945	-1
13356.8740	-1
13364.3535	-1
13371.8330	-1
13379.3125	-1
13386.7920	-1
13394.2715	-1
13401.7520	1
13409.2324	1
13416.7129	1
13424.1934	1
13431.6738	-1
13439.1543	-1
13446.6348	-1
13454.1152	-1
13461.5957	-1
13469.0762	-1
13476.5566	-1
13484.0371	-1
13491.5176	-1
13498.9980	-1
13506.4785	-1
13513.9590	-1
13521.4404	-1
13528.9219	-1
13536.4033	-1
13543.8848	-1
13551.3662	-1
13558.8477	-1
13566.3291	1
13573.8105	1
13581.2920	-1
13588.7734	-1
13596.2549	-1
13603.7363	-1
13611.2178	-1
13618.6992	-1
13626.1807	1
13633.6621	1
13641.1436	1
13648.6250	1
13656.1074	1
13663.5898	1
13671.0732	-1
13678.5566	-1
13686.0400	-1
13693.5234	-1
13701.0068	-1
13708.4902	-1
13715.9736	-1
13723.4570	-1
13730.9404	-1
13738.4238	-1
13745.9072	-1
13753.3906	-1
13760.8740	-1
13768.3574	-1
13775.8408	-1
13783.3242	-1
13790.8076	-1
13798.2910	-1
13805.7744	-1
13813.2578	-1
13820.7412	-1
13828.2246	-1
13835.7080	-1
13843.1914	-1
13850.6748	-1
13858.1582	-1
13865.6416	-1
13873.1250	-1
13880.6084	-1
13888.0918	-1
13895.5752	-1
13903.0586	-1
13910.5420	-1
13918.0254	-1
13925.5088	-1
13932.9922	-1
13940.4756	-1
13947.9590	-1
13955.4424	-1
13962.9258	-1
13970.4092	-1
13977.8926	-1
13985.3760	-1
13992.8604	-1
14000.3447	-1
14007.8291	-1
14015.3135	-1
14022.7979	-1
14030.2822	1
14037.7666	1
14045.2510	1
14052.7354	1
14060.2197	1
14067.7041	1
14075.1885	1
14082.6729	1
14090.1572	1
14097.6416	1
14105.1270	1
14112.6123	1
14120.0977	1
14127.5830	1
14135.0684	1
14142.5537	1
14150.0391	-1
14157.5244	-1
14165.0098	-1
14172.4951	-1
14179.9805	-1
14187.4658	-1
14194.9521	1
14202.4385	1
14209.9258	-1
14217.4131	-1
14224.9004	-1
14232.3877	-1
14239.8750	-1
14247.3623	-1
14254.8506	-1
14262.3389	-1
14269.8271	-1
14277.3154	-1
14284.8037	-1
14292.2920	-1
14299.7803	-1
14307.2686	-1
14314.7568	-1
14322.2451	-1
14329.7334	-1
14337.2217	-1
14344.7100	-1
14352.1982	-1
14359.6865	-1
14367.1748	-1
14374.6631	-1
14382.1514	-1
14389.6396	-1
14397.1279	-1
14404.6162	-1
14412.1045	-1
14419.5928	-1
14427.0811	-1
14434.5693	-1
14442.0576	-1
14449.5459	-1
14457.0342	-1
14464.5225	-1
14472.0107	-1
14479.4990	-1
14486.9873	-1
14494.4756	-1
14501.9639	-1
14509.4521	-1
14516.9404	-1
14524.4287	-1
14531.9170	-1
14539.4053	-1
14546.8936	-1
14554.3818	-1
14561.8701	-1
14569.3584	-1
14576.8467	-1
14584.3350	-1
14591.8232	-1
14599.3115	-1
14606.7998	-1
14614.2891	-1
14621.7783	-1
14629.2676	-1
14636.7568	-1
14644.2461	-1
14651.7354	-1
14659.2246	-1
14666.7139	-1
14674.2031	-1
14681.6924	-1
14689.1816	-1
14696.6709	-1
14704.1602	-1
14711.6494	-1
14719.1387	-1
14726.6279	-1
14734.1172	-1
14741.6064	-1
14749.0957	-1
14756.5850	-1
14764.0742	-1
14771.5635	-1
14779.0527	-1
14786.5420	-1
14794.0312	1
14801.5205	1
14809.0098	-1
14816.4990	1
14823.9883	-1
14831.4775	-1
14838.9668	-1
14846.4561	-1
14853.9453	-1
14861.4346	1
14868.9238	-1
14876.4131	-1
14883.9023	-1
14891.3916	-1
14898.8809	-1
14906.3701	-1
14913.8594	-1
14921.3486	-1
14928.8379	-1
14936.3271	-1
14943.8164	-1
14951.3057	-1
14958.7949	1
14966.2852	-1
14973.7754	-1
14981.2656	-1
14988.7559	-1
14996.2461	-1
15003.7363	-1
15011.2275	-1
15018.7188	-1
15026.2100	-1
15033.7012	-1
15041.1924	-1
15048.6836	-1
15056.1748	-1
15063.6660	-1
15071.1572	-1
15078.6484	-1
15086.1396	-1
15093.6309	-1
15101.1221	-1
15108.6133	-1
15116.1045	-1
15123.5957	-1
15131.0869	-1
15138.5781	-1
15146.0703	-1
15153.5625	-1
15161.0547	-1
15168.5469	-1
15176.0391	-1
15183.5312	-1
15191.0234	-1
15198.5254	1
15206.0283	-1
15213.5312	1
15221.0342	1
15228.5381	-1
15236.0420	-1
15243.5459	-1
15251.0508	-1
15258.5557	-1
15266.0605	-1
15273.5654	-1
15281.0703	-1
15288.5752	-1
15296.0801	-1
15303.5850	-1
15311.0898	-1
15318.6035	1
15326.1182	-1
15333.6338	1
15341.1494	1
15348.6660	-1
15356.1826	-1
15363.6992	-1
15371.2158	-1
15378.7324	-1
15386.2490	-1
15393.7656	-1
15401.2822	-1
15408.7988	-1
15416.3154	-1
15423.8320	-1
15431.3486	-1
15438.8652	1
15446.3818	1
15453.8984	1
15461.4150	1
15468.9336	-1
15476.4521	-1
15483.9707	-1
15491.4893	-1
15499.0078	-1
15506.5264	-1
15514.0449	1
15521.5635	1
15529.0830	-1
15536.6025	-1
15544.1221	-1
15551.6416	-1
15559.1611	-1
15566.6807	-1
15574.2002	1
15581.7197	1
15589.2393	-1
15596.7588	-1
15604.2783	-1
15611.7979	-1
15619.3174	-1
15626.8369	-1
15634.3574	-1
15641.8779	-1
15649.3984	-1
15656.9189	-1
15664.4395	-1
15671.9600	-1
15679.4805	1
15687.0010	1
15694.5215	1
15702.0420	1
15709.5645	-1
15717.0869	-1
15724.6094	-1
15732.1318	-1
15739.6543	-1
15747.1768	-1
15754.6992	-1
15762.2217	-1
15769.7441	-1
15777.2666	-1
15784.7891	-1
15792.3115	-1
15799.8340	-1
15807.3564	-1
15814.8789	-1
15822.4014	-1
15829.9238	-1
15837.4463	-1
15844.9688	-1
15852.4912	-1
15860.0137	-1
15867.5361	-1
15875.0586	-1
15882.5811	-1
15890.1045	-1
15897.6279	-1
15905.1514	-1
15912.6748	-1
15920.1982	-1
15927.7217	-1
15935.2451	-1
15942.7686	-1
15950.2920	-1
15957.8154	-1
15965.3389	-1
15972.8623	-1
15980.3857	1
15987.9092	1
15995.4326	-1
16002.9561	-1
16010.4795	-1
16018.0029	-1
16025.5264	-1
16033.0498	-1
16040.5732	-1
16048.0967	-1
16055.6201	-1
16063.1436	-1
16070.6670	-1
16078.1904	-1
16085.7148	1
16093.2393	1
16100.7637	1
16108.2891	1
16115.8145	1
16123.3398	1
16130.8652	1
16138.3906	1
16145.9160	1
16153.4414	1
16160.9668	1
16168.4922	1
16176.0176	1
16183.5430	1
16191.0684	-1
16198.5938	-1
16206.1191	-1
16213.6445	-1
16221.1699	-1
16228.6953	-1
16236.2217	1
16243.7480	1
16251.2744	-1
16258.8008	-1
16266.3271	-1
16273.8535	-1
16281.3799	-1
16288.9062	-1
16296.4336	-1
16303.9609	-1
16311.4883	-1
16319.0156	-1
16326.5430	-1
16334.0703	-1
16341.5977	1
16349.1250	1
16356.6523	1
16364.1797	1
16371.7090	-1
16379.2383	-1
16386.7676	-1
16394.2969	-1
16401.8262	-1
16409.3555	-1
16416.8848	-1
16424.4141	-1
16431.9434	-1
16439.4727	-1
16447.0020	-1
16454.5312	-1
16462.0605	-1
16469.5898	-1
16477.1191	-1
16484.6484	-1
16492.1777	-1
16499.7070	-1
16507.2383	-1
16514.7695	-1
16522.3008	-1
16529.8320	-1
16537.3633	-1
16544.8945	-1
16552.4258	1
16559.9570	1
16567.4883	1
16575.0195	1
16582.5508	1
16590.0820	1
16597.6152	1
16605.1484	1
16612.6816	-1
16620.2148	-1
16627.7480	-1
16635.2812	-1
16642.8145	-1
16650.3477	-1
16657.8809	1
16665.4141	1
16672.9512	-1
16680.4883	-1
16688.0254	-1
16695.5625	-1
16703.0996	-1
16710.6367	-1
16718.1738	-1
16725.7109	-1
16733.2480	-1
16740.7852	-1
16748.3223	-1
16755.8594	-1
16763.3965	-1
16770.9336	-1
16778.4707	-1
16786.0078	-1
16793.5449	-1
16801.0820	-1
16808.6191	-1
16816.1562	-1
16823.6934	-1
16831.2305	-1
16838.7676	-1
16846.3047	-1
16853.8418	-1
16861.3789	-1
16868.9160	-1
16876.4531	-1
16883.9902	-1
16891.5273	-1
16899.0645	-1
16906.6016	-1
16914.1387	-1
16921.6758	-1
16929.2129	-1
16936.7500	-1
16944.2871	-1
16951.8242	-1
16959.3613	-1
16966.8984	-1
16974.4355	-1
16981.9727	-1
16989.5117	-1
16997.0508	-1
17004.5898	-1
17012.1289	-1
17019.6680	-1
17027.2070	-1
17034.7461	-1
17042.2852	-1
17049.8242	-1
17057.3633	-1
17064.9023	-1
17072.4414	-1
17079.9805	-1
17087.5195	-1
17095.0586	-1
17102.5977	-1
17110.1367	-1
17117.6758	-1
17125.2148	-1
17132.7539	-1
17140.2930	-1
17147.8320	-1
17155.3711	-1
17162.9102	-1
17170.4492	-1
17177.9883	-1
17185.5273	-1
17193.0664	-1
17200.6055	-1
17208.1445	-1
17215.6836	-1
17223.2227	-1
17230.7617	-1
17238.3008	-1
17245.8398	-1
17253.3789	-1
17260.9180	-1
17268.4570	-1
17275.9961	-1
17283.5352	-1
17291.0742	-1
17298.6133	-1
17306.1523	-1
17313.6914	-1
17321.2305	-1
17328.7695	-1
17336.3086	-1
17343.8477	-1
17351.3867	-1
17358.9258	-1
17366.4648	-1
17374.0039	-1
17381.5430	-1
17389.0820	-1
17396.6211	-1
17404.1602	-1
17411.6992	-1
17419.2383	-1
17426.7773	-1
17434.3164	-1
17441.8555	-1
17449.3945	-1
17456.9336	-1
17464.4727	-1
17472.0117	-1
17479.5508	-1
17487.0898	-1
17494.6289	-1
17502.1680	-1
17509.7070	-1
17517.2461	-1
17524.7852	-1
17532.3242	-1
17539.8633	-1
17547.4023	-1
17554.9414	-1
17562.4805	-1
17570.0195	-1
17577.5586	-1
17585.0977	-1
17592.6367	-1
17600.1758	-1
17607.7148	-1
17615.2539	-1
17622.7949	-1
17630.3359	1
17637.8770	-1
17645.4180	-1
17652.9590	-1
17660.5000	-1
17668.0410	-1
17675.5820	-1
17683.1230	-1
17690.6641	-1
17698.2051	-1
17705.7461	-1
17713.2871	-1
17720.8281	1
17728.3691	1
17735.9121	1
17743.4551	1
17750.9980	1
17758.5410	1
17766.0840	1
17773.6270	1
17781.1699	1
17788.7129	1
17796.2559	1
17803.7988	1
17811.3418	-1
17818.8848	-1
17826.4277	-1
17833.9707	-1
17841.5137	-1
17849.0566	-1
17856.5996	-1
17864.1426	-1
17871.6855	-1
17879.2285	-1
17886.7715	-1
17894.3145	-1
17901.8574	-1
17909.4004	-1
17916.9434	-1
17924.4863	-1
17932.0293	-1
17939.5723	-1
17947.1191	-1
17954.6660	-1
17962.2129	-1
17969.7598	-1
17977.3066	-1
17984.8535	-1
17992.4004	-1
17999.9473	-1
18007.4941	-1
18015.0410	-1
18022.5879	-1
18030.1348	-1
18037.6816	-1
18045.2285	-1
18052.7754	-1
18060.3223	-1
18067.8691	-1
18075.4160	-1
18082.9629	-1
18090.5098	-1
18098.0566	-1
18105.6035	-1
18113.1504	-1
18120.6973	-1
18128.2461	-1
18135.7949	-1
18143.3438	-1
18150.8926	-1
18158.4414	-1
18165.9902	-1
18173.5391	-1
18181.0879	-1
18188.6367	-1
18196.1855	-1
18203.7344	-1
18211.2832	-1
18218.8320	-1
18226.3809	-1
18233.9297	-1
18241.4785	-1
18249.0273	-1
18256.5762	-1
18264.1250	-1
18271.6738	-1
18279.2227	-1
18286.7715	-1
18294.3203	-1
18301.8691	-1
18309.4180	-1
18316.9668	-1
18324.5156	-1
18332.0645	-1
18339.6133	-1
18347.1621	-1
18354.7109	-1
18362.2598	-1
18369.8086	-1
18377.3574	-1
18385.0898	1
18392.8223	1
18400.5547	1
18408.2871	1
18416.0195	-1
18423.7520	-1
18431.4844	-1
18439.2168	-1
18446.9492	-1
18454.6816	-1
18462.4141	-1
18470.1465	-1
18477.8789	-1
18485.6113	-1
18493.3438	-1
18501.0762	-1
18508.8086	-1
18516.5410	-1
18524.2734	-1
18532.0059	-1
18539.7383	-1
18547.4707	-1
18555.2031	-1
18562.9355	-1
18570.6680	-1
18578.4004	-1
18586.1328	-1
18593.8652	-1
18601.6074	1
18609.3496	1
18617.0918	-1
18624.8340	-1
18632.5762	-1
18640.3184	-1
18648.0605	-1
18655.8027	-1
18663.5449	-1
18671.2871	-1
18679.0293	-1
18686.7715	-1
18694.5137	-1
18702.2559	-1
18710.0098	1
18717.7656	-1
18725.5215	1
18733.2773	1
18741.0332	-1
18748.7891	-1
18756.5449	-1
18764.3008	-1
18772.0566	-1
18779.8125	-1
18787.5684	-1
18795.3242	-1
18803.0801	-1
18810.8359	-1
18818.5918	-1
18826.3477	-1
18834.1055	1
18841.8633	1
18849.6211	1
18857.3789	1
18865.1367	-1
18872.8945	-1
18880.6523	-1
18888.4102	-1
18896.1680	-1
18903.9258	-1
18911.6836	-1
18919.4414	-1
18927.2012	-1
18934.9609	-1
18942.7207	-1
18950.4805	-1
18958.2402	-1
18966.0000	-1
18973.7598	-1
18981.5195	-1
18989.2793	-1
18997.0391	-1
19004.7988	-1
19012.5586	-1
19020.3184	-1
19028.0781	-1
19035.8379	-1
19043.5977	-1
19051.3574	1
19059.1172	-1
19066.8770	-1
19074.6367	-1
19082.3965	-1
19090.1680	1
19097.9395	-1
19105.7109	1
19113.4824	1
19121.2559	-1
19129.0293	-1
19136.8027	-1
19144.5859	1
19152.3691	-1
19160.1543	1
19167.9395	1
19175.7246	-1
19183.5098	-1
19191.3047	1
19199.0996	-1
19206.8945	1
19214.6895	1
19222.4863	-1
19230.2832	-1
19238.0801	-1
19245.8770	-1
19253.6738	-1
19261.4707	-1
19269.2676	-1
19277.0645	-1
19284.8613	-1
19292.6582	-1
19300.4551	-1
19308.2520	-1
19316.0488	1
19323.8457	1
19331.6426	1
19339.4395	1
19347.2383	-1
19355.0371	-1
19362.8359	-1
19370.6348	-1
19378.4336	-1
19386.2324	-1
19394.0312	-1
19401.8301	-1
19409.6289	-1
19417.4277	-1
19425.2266	-1
19433.0254	-1
19440.8242	-1
19448.6230	-1
19456.4219	-1
19464.2207	-1
19472.0195	-1
19479.8184	-1
19487.6172	-1
19495.4160	-1
19503.2246	1
19511.0352	-1
19518.8457	1
19526.6562	1
19534.4668	-1
19542.2773	-1
19550.0879	-1
19557.8984	-1
19565.7090	-1
19573.5195	-1
19581.3301	-1
19589.1406	-1
19596.9512	-1
19604.7715	1
19612.5938	-1
19620.4160	1
19628.2383	1
19636.0605	-1
19643.8828	-1
19651.7051	-1
19659.5371	1
19667.3711	-1
19675.2051	1
19683.0391	1
19690.8730	-1
19698.7070	-1
19706.5527	1
19714.3984	-1
19722.2441	1
19730.0898	1
19737.9375	-1
19745.7852	-1
19753.6426	1
19761.5000	-1
19769.3574	1
19777.2148	1
19785.0723	-1
19792.9316	-1
19800.7988	1
19808.6680	-1
19816.5371	1
19824.4062	1
19832.2773	-1
19840.1484	-1
19848.0293	1
19855.9102	-1
19863.7910	1
19871.6719	1
19879.5547	-1
19887.4375	-1
19895.3203	-1
19903.2031	-1
19911.0859	-1
19918.9688	-1
19926.8516	-1
19934.7344	-1
19942.6172	-1
19950.5000	-1
19958.3828	-1
19966.2656	-1
19974.1484	1
19982.0312	1
19989.9141	1
19997.7969	1
20005.6816	-1
20013.5664	-1
20021.4512	-1
20029.3359	-1
20037.2207	-1
20045.1055	-1
20052.9902	-1
20060.8750	-1
20068.7598	-1
20076.6445	-1
20084.5293	-1
20092.4141	-1
20100.2988	-1
20108.1836	-1
20116.0684	-1
20123.9531	-1
20131.8379	-1
20139.7227	-1
20147.6074	-1
20155.4922	-1
20163.3770	-1
20171.2617	-1
20179.1465	-1
20187.0312	-1
20194.9160	1
20202.8027	1
20210.6895	1
20218.5762	1
20226.4629	1
20234.3496	1
20242.2363	1
20250.1230	-1
20258.0098	-1
20265.8965	-1
20273.7832	-1
20281.6699	-1
20289.5566	-1
20297.4453	-1
20305.3340	-1
20313.2227	-1
20321.1113	-1
20329.0000	-1
20336.8887	-1
20344.7773	-1
20352.6660	-1
20360.5547	-1
20368.4434	-1
20376.3320	-1
20384.2207	-1
20392.1094	-1
20399.9980	-1
20407.8867	-1
20415.7754	-1
20423.6641	-1
20431.5527	-1
20439.4414	-1
20447.3301	-1
20455.2188	-1
20463.1074	-1
20470.9961	-1
20478.8848	-1
20486.7734	-1
20494.6621	-1
20502.5508	-1
20510.4395	-1
20518.3281	-1
20526.2168	-1
20534.1055	-1
20541.9941	-1
20549.8828	-1
20557.7812	1
20565.6816	-1
20573.5820	1
20581.4824	1
20589.3828	-1
20597.2852	-1
20605.1953	1
20613.1074	-1
20621.0195	1
20628.9316	1
20636.8457	-1
20644.7598	-1
20652.6738	-1
20660.5879	-1
20668.5020	-1
20676.4160	-1
20684.3301	-1
20692.2441	-1
20700.1582	-1
20708.0723	-1
20715.9863	-1
20723.9004	-1
20731.8145	1
20739.7285	1
20747.6426	1
20755.5566	1
20763.4707	-1
20771.3848	-1
20779.2988	-1
20787.2129	-1
20795.1270	-1
20803.0410	-1
20810.9570	1
20818.8730	1
20826.7891	-1
20834.7051	-1
20842.6211	-1
20850.5371	-1
20858.4531	-1
20866.3691	-1
20874.2852	-1
20882.2012	-1
20890.1172	-1
20898.0332	-1
20905.9492	-1
20913.8652	-1
20921.7812	-1
20929.6973	-1
20937.6133	-1
20945.5293	-1
20953.4453	-1
20961.3613	-1
20969.2793	-1
20977.1973	-1
20985.1152	-1
20993.0332	-1
21000.9512	-1
21008.8691	-1
21016.7871	-1
21024.7129	1
21032.6406	-1
21040.5684	1
21048.4961	1
21056.4258	-1
21064.3555	-1
21072.2852	-1
21080.2148	-1
21088.1445	-1
21096.0742	-1
21104.0039	-1
21111.9336	-1
21119.8633	-1
21127.7930	-1
21135.7227	-1
21143.6523	-1
21151.5820	1
21159.5117	1
21167.4414	1
21175.3711	1
21183.3027	-1
21191.2344	-1
21199.1660	-1
21207.0977	-1
21215.0293	-1
21222.9609	-1
21230.8926	-1
21238.8242	-1
21246.7559	-1
21254.6875	-1
21262.6191	-1
21270.5508	-1
21278.4824	-1
21286.4141	-1
21294.3457	-1
21302.2773	-1
21310.2090	-1
21318.1406	-1
21326.0723	1
21334.0039	1
21341.9355	-1
21349.8672	-1
21357.7988	-1
21365.7305	-1
21373.6621	-1
21381.5938	1
21389.5254	-1
21397.4570	1
21405.3887	1
21413.3203	1
21421.2520	1
21429.1836	1
21437.1172	-1
21445.0508	-1
21452.9844	-1
21460.9180	-1
21468.8516	-1
21476.7852	-1
21484.7188	-1
21492.6523	-1
21500.5859	-1
21508.5195	-1
21516.4531	-1
21524.3867	-1
21532.3223	1
21540.2578	1
21548.1934	-1
21556.1289	-1
21564.0645	-1
21572.0000	-1
21579.9355	-1
21587.8711	-1
21595.8066	1
21603.7422	1
21611.6777	-1
21619.6133	-1
21627.5488	-1
21635.4844	-1
21643.4199	-1
21651.3555	-1
21659.2910	-1
21667.2266	-1
21675.1621	-1
21683.0977	-1
21691.0332	-1
21698.9688	-1
21706.9043	-1
21714.8398	-1
21722.7754	-1
21730.7109	-1
21738.6465	-1
21746.5820	-1
21754.5176	-1
21762.4531	-1
21770.3887	-1
21778.3242	-1
21786.2598	-1
21794.1953	-1
21802.1309	-1
21810.0664	-1
21818.0020	-1
21825.9375	-1
21833.8730	-1
21841.8086	-1
21849.7461	-1
21857.6836	-1
21865.6211	-1
21873.5586	-1
21881.4961	-1
21889.4336	-1
21897.3711	-1
21905.3086	-1
21913.2461	-1
21921.1836	-1
21929.1211	-1
21937.0586	-1
21944.9980	-1
21952.9375	-1
21960.8770	-1
21968.8164	-1
21976.7559	-1
21984.6953	-1
21992.6348	-1
22000.5840	1
22008.5332	-1
22016.4824	1
22024.4316	1
22032.3809	-1
22040.3320	-1
22048.2910	1
22056.2520	-1
22064.2129	1
22072.1738	1
22080.1348	-1
22088.0977	-1
22096.0684	1
22104.0410	-1
22112.0137	1
22119.9863	1
22127.9609	-1
22135.9355	-1
22143.9199	1
22151.9043	-1
22159.8906	1
22167.8770	1
22175.8633	-1
22183.8496	-1
22191.8457	1
22199.8438	-1
22207.8418	1
22215.8398	1
22223.8379	-1
22231.8379	-1
22239.8477	1
22247.8574	-1
22255.8672	1
22263.8770	1
22271.8887	-1
22279.9004	-1
22287.9121	-1
22295.9336	1
22303.9551	-1
22311.9785	1
22320.0020	1
22328.0254	-1
22336.0488	-1
22344.0723	-1
22352.1055	1
22360.1406	-1
22368.1758	1
22376.2109	1
22384.2480	-1
22392.2852	-1
22400.3320	1
22408.3789	-1
22416.4258	1
22424.4727	1
22432.5215	-1
22440.5703	-1
22448.6191	-1
22456.6777	1
22464.7383	-1
22472.7988	1
22480.8594	1
22488.9219	-1
22496.9844	-1
22505.0469	-1
22513.1191	1
22521.1914	-1
22529.2637	1
22537.3359	1
22545.4102	-1
22553.4844	-1
22561.5684	1
22569.6523	-1
22577.7363	1
22585.8203	1
22593.9062	-1
22601.9922	-1
22610.0879	1
22618.1836	-1
22626.2793	1
22634.3750	1
22642.4727	-1
22650.5703	-1
22658.6680	-1
22666.7656	-1
22674.8633	-1
22682.9609	-1
22691.0586	-1
22699.1562	-1
22707.2539	-1
22715.3516	-1
22723.4492	-1
22731.5469	-1
22739.6445	1
22747.7422	1
22755.8398	1
22763.9375	1
22772.0371	-1
22780.1367	-1
22788.2363	-1
22796.3359	-1
22804.4355	-1
22812.5352	-1
22820.6348	-1
22828.7344	-1
22836.8340	-1
22844.9336	-1
22853.0332	-1
22861.1328	-1
22869.2324	1
22877.3320	1
22885.4316	-1
22893.5312	-1
22901.6309	-1
22909.7305	-1
22917.8301	-1
22925.9297	-1
22934.0293	-1
22942.1289	-1
22950.2285	-1
22958.3281	-1
22966.4277	-1
22974.5273	-1
22982.6289	-1
22990.7305	-1
22998.8320	-1
23006.9336	-1
23015.0352	-1
23023.1367	-1
23031.2383	-1
23039.3398	-1
23047.4414	-1
23055.5430	-1
23063.6445	-1
23071.7559	1
23079.8691	-1
23087.9824	1
23096.0957	1
23104.2090	-1
23112.3223	-1
23120.4355	-1
23128.5488	-1
23136.6621	-1
23144.7754	-1
23152.8887	-1
23161.0020	-1
23169.1152	-1
23177.2285	-1
23185.3418	-1
23193.4551	-1
23201.5684	1
23209.6816	1
23217.7949	1
23225.9102	-1
23234.0254	-1
23242.1406	-1
23250.2559	-1
23258.3711	-1
23266.4863	-1
23274.6016	-1
23282.7168	-1
23290.8320	-1
23298.9473	-1
23307.0625	-1
23315.1777	-1
23323.2930	-1
23331.4180	1
23339.5430	-1
23347.6699	1
23355.7969	1
23363.9238	-1
23372.0508	-1
23380.1777	-1
23388.3047	-1
23396.4316	-1
23404.5586	-1
23412.6855	-1
23420.8125	-1
23428.9395	-1
23437.0664	-1
23445.1934	-1
23453.3203	-1
23461.4473	1
23469.5742	1
23477.7012	1
23485.8281	1
23493.9570	-1
23502.0859	-1
23510.2148	-1
23518.3438	-1
23526.4727	-1
23534.6016	-1
23542.7305	-1
23550.8594	-1
23558.9883	-1
23567.1172	-1
23575.2461	-1
23583.3750	-1
23591.5039	-1
23599.6328	-1
23607.7617	-1
23615.8906	-1
23624.0195	-1
23632.1484	-1
23640.2773	-1
23648.4062	-1
23656.5352	-1
23664.6641	-1
23672.7930	-1
23680.9219	-1
23689.0527	1
23697.1836	1
23705.3145	1
23713.4453	1
23721.5762	1
23729.7070	1
23737.8379	1
23745.9688	1
23754.1016	-1
23762.2344	-1
23770.3672	-1
23778.5000	-1
23786.6328	-1
23794.7656	-1
23802.8984	-1
23811.0312	-1
23819.1641	-1
23827.2969	-1
23835.4297	-1
23843.5625	-1
23851.6953	-1
23859.8281	-1
23867.9609	-1
23876.0938	-1
23884.2266	-1
23892.3594	-1
23900.4941	1
23908.6289	1
23916.7637	1
23924.8984	1
23933.0332	1
23941.1680	1
23949.3027	-1
23957.4375	-1
23965.5723	-1
23973.7070	-1
23981.8418	-1
23989.9766	-1
23998.1113	-1
24006.2461	-1
24014.3809	-1
24022.5156	-1
24030.6504	-1
24038.7852	-1
24046.9199	-1
24055.0547	-1
24063.1895	-1
24071.3242	-1
24079.4590	-1
24087.5938	-1
24095.7285	-1
24103.8633	-1
24111.9980	-1
24120.1328	-1
24128.2676	-1
24136.4023	-1
24144.5371	-1
24152.6719	-1
24160.8066	-1
24168.9414	-1
24177.0762	-1
24185.2109	-1
24193.3457	1
24201.4805	1
24209.6152	1
24217.7500	1
24225.8848	1
24234.0195	1
24242.1562	1
24250.2930	1
24258.4297	1
24266.5664	1
24274.7051	-1
24282.8438	-1
24290.9824	-1
24299.1211	-1
24307.2598	-1
24315.3984	-1
24323.5371	1
24331.6758	1
24339.8164	-1
24347.9570	-1
24356.0977	-1
24364.2383	-1
24372.3789	-1
24380.5195	-1
24388.6602	1
24396.8027	1
24404.9473	-1
24413.0918	-1
24421.2363	-1
24429.3809	-1
24437.5254	-1
24445.6699	-1
24453.8145	-1
24461.9590	-1
24470.1035	-1
24478.2480	-1
24486.3926	-1
24494.5371	-1
24502.6816	-1
24510.8262	-1
24518.9707	-1
24527.1152	-1
24535.2598	-1
24543.4043	-1
24551.5488	-1
24559.6934	-1
24567.8379	-1
24575.9824	-1
24584.1270	-1
24592.2715	-1
24600.4160	-1
24608.5605	-1
24616.7051	-1
24624.8496	-1
24632.9941	-1
24641.1387	-1
24649.2832	-1
24657.4277	-1
24665.5723	-1
24673.7168	-1
24681.8613	-1
24690.0059	-1
24698.1504	1
24706.2949	1
24714.4395	-1
24722.5840	-1
24730.7285	-1
24738.8730	-1
24747.0176	-1
24755.1621	-1
24763.3066	1
24771.4512	-1
24779.5957	-1
24787.7402	-1
24795.8848	-1
24804.0293	-1
24812.1738	-1
24820.3184	1
24828.4629	1
24836.6074	1
24844.7520	1
24852.8965	1
24861.0410	-1
24869.1855	-1
24877.3301	-1
24885.4746	-1
24893.6191	-1
24901.7637	-1
24909.9082	-1
24918.0527	-1
24926.1973	-1
24934.3418	-1
24942.4863	-1
24950.6309	-1
24958.7754	-1
24966.9199	-1
24975.0645	-1
24983.2090	-1
24991.3535	-1
24999.4980	-1
25007.6445	-1
25015.7910	-1
25023.9375	-1
25032.0840	-1
25040.2305	-1
25048.3770	-1
25056.5234	-1
25064.6699	-1
25072.8164	-1
25080.9629	-1
25089.1094	-1
25097.2559	-1
25105.4023	-1
25113.5488	-1
25121.6953	-1
25129.8418	-1
25137.9883	-1
25146.1348	-1
25154.2812	-1
25162.4277	-1
25170.5742	-1
25178.7207	-1
25186.8672	-1
25195.0137	-1
25203.1602	-1
25211.3066	-1
25219.4531	-1
25227.5996	-1
25235.7461	-1
25243.8926	-1
25252.0391	-1
25260.1855	-1
25268.3320	-1
25276.4785	-1
25284.6250	-1
25292.7715	-1
25300.9180	-1
25309.0645	-1
25317.2109	-1
25325.3574	-1
25333.5039	-1
25341.6504	-1
25349.7969	-1
25357.9434	-1
25366.0898	-1
25374.2363	-1
25382.3828	-1
25390.5293	-1
25398.6758	1
25406.8223	1
25414.9688	1
25423.1152	1
25431.2637	1
25439.4121	1
25447.5605	1
25455.7090	1
25463.8594	-1
25472.0098	-1
25480.1602	-1
25488.3105	-1
25496.4609	-1
25504.6113	-1
25512.7617	-1
25520.9121	-1
25529.0625	-1
25537.2129	-1
25545.3633	-1
25553.5137	-1
25561.6641	-1
25569.8145	-1
25577.9648	-1
25586.1152	-1
25594.2656	-1
25602.4160	-1
25610.5664	-1
25618.7168	-1
25626.8672	-1
25635.0176	-1
25643.1680	-1
25651.3184	-1
25659.4707	-1
25667.6230	-1
25675.7754	-1
25683.9277	-1
25692.0801	-1
25700.2324	-1
25708.3848	-1
25716.5371	-1
25724.6895	-1
25732.8418	-1
25740.9941	-1
25749.1465	-1
25757.2988	-1
25765.4512	-1
25773.6035	-1
25781.7559	-1
25789.9082	-1
25798.0605	-1
25806.2129	-1
25814.3652	-1
25822.5176	-1
25830.6699	-1
25838.8223	-1
25846.9746	-1
25855.1289	-1
25863.2832	-1
25871.4375	-1
25879.5918	-1
25887.7461	-1
25895.9004	-1
25904.0547	-1
25912.2090	-1
25920.3633	-1
25928.5176	-1
25936.6719	-1
25944.8262	-1
25952.9805	-1
25961.1348	-1
25969.2891	-1
25977.4434	-1
25985.5977	-1
25993.7520	-1
26001.9062	-1
26010.0605	-1
26018.2148	-1
26026.3691	-1
26034.5234	-1
26042.6777	-1
26050.8320	-1
26058.9863	-1
26067.1406	-1
26075.2949	-1
26083.4492	-1
26091.6035	-1
26099.7578	-1
26107.9121	-1
26116.0664	-1
26124.2207	-1
26132.3750	-1
26140.5293	-1
26148.6836	-1
26156.8379	-1
26164.9922	-1
26173.1465	-1
26181.5449	-1
26189.9434	1
26207.3047	1
26224.6660	-1
