0.0000	0
0.0638	-1
0.2769	-888
0.4033	888
0.5243	888
0.5329	888
0.5446	888
0.5688	888
0.6973	888
0.6990	-888
0.7126	888
0.7527	-888
0.7635	888
0.7656	-888
0.9384	-888
1.0451	888
1.0625	-888
1.0657	-888
1.0783	888
1.0787	888
1.1304	888
1.1341	888
1.1352	-888
1.1997	-888
1.2075	888
1.2170	-888
1.2373	888
1.2392	888
1.3817	888
1.4080	888
1.4148	888
1.4249	888
1.4358	888
1.4499	888
1.4554	888
1.4650	888
1.4720	888
1.5286	888
1.5291	888
1.5757	888
1.5879	888
1.6081	888
1.6792	888
1.6951	888
1.7201	888
1.7270	-888
1.7390	888
1.7681	888
1.7870	888
1.8145	888
1.8369	888
1.8414	-888
1.8414	888
1.8823	-888
1.8970	888
1.8981	888
1.9031	888
1.9746	888
1.9768	-888
2.0078	888
2.1902	-888
2.2238	888
2.2353	888
2.2715	888
2.2742	888
2.3242	-888
2.3477	-888
2.3548	-888
2.3872	888
2.3984	-888
2.4648	888
2.4682	888
2.4951	-888
2.5158	888
2.6008	888
2.6372	888
2.7731	888
2.7890	888
2.8282	888
2.8413	888
2.8913	888
2.9155	888
2.9540	888
3.0602	888
3.0690	888
3.0967	888
3.3110	888
3.3263	888
3.6011	888
3.6869	888
3.6911	888
3.7080	888
3.7266	888
3.7552	888
3.9837	888
4.1129	888
4.1568	888
4.2254	888
4.2366	888
4.4034	888
4.8710	888
4.9036	888
5.1296	888
7.5776	1
15.0931	-1
22.6089	1
30.1247	1
37.6417	-1
45.1587	-1
52.6758	-1
60.1928	-1
67.7099	-1
75.2269	-1
82.7441	-1
90.2612	-1
97.7783	-1
105.2955	-1
112.8126	-1
120.3298	-1
127.8472	1
135.3648	1
142.8823	1
150.3999	1
157.9191	-1
165.4382	-1
172.9574	-1
180.4766	-1
187.9958	-1
195.5150	-1
203.0343	-1
210.5536	-1
218.0730	-1
225.5923	-1
233.1117	-1
240.6310	-1
248.1505	-1
255.6699	-1
263.1893	-1
270.7088	-1
278.2282	-1
285.7477	-1
293.2672	-1
300.7867	-1
308.3063	-1
315.8259	-1
323.3454	-1
330.8650	-1
338.3847	1
345.9045	1
353.4243	1
360.9442	1
368.4642	1
375.9842	1
383.5046	1
391.0251	1
398.5480	-1
406.0710	-1
413.5939	-1
421.1168	-1
428.6398	-1
436.1627	-1
443.6858	-1
451.2088	-1
458.7318	-1
466.2549	-1
473.7779	-1
481.3010	-1
488.8241	-1
496.3473	-1
503.8704	-1
511.3936	-1
518.9167	-1
526.4399	-1
533.9631	-1
541.4864	-1
549.0096	-1
556.5329	-1
564.0562	-1
571.5794	-1
579.1028	-1
586.6262	-1
594.1495	-1
601.6729	-1
609.1963	-1
616.7197	-1
624.2431	-1
631.7665	-1
639.2900	-1
646.8134	-1
654.3369	-1
661.8604	-1
669.3840	-1
676.9075	-1
684.4311	-1
691.9547	-1
699.4782	-1
707.0018	-1
714.5255	-1
722.0491	-1
729.5728	-1
737.0965	-1
744.6202	-1
752.1439	-1
759.6678	1
767.1919	1
774.7159	1
782.2401	1
789.7642	1
797.2884	1
804.8127	1
812.3388	-1
819.8649	-1
827.3909	-1
834.9170	-1
842.4431	-1
849.9691	-1
857.4953	-1
865.0215	-1
872.5477	-1
880.0739	-1
887.6000	-1
895.1262	-1
902.6536	-1
910.1810	-1
917.7084	-1
925.2358	-1
932.7632	-1
940.2906	-1
947.8181	-1
955.3455	-1
962.8730	-1
970.4005	-1
977.9279	-1
985.4554	-1
992.9830	-1
1000.5106	-1
1008.0381	-1
1015.5657	-1
1023.0933	-1
1030.6210	-1
1038.1488	-1
1045.6766	-1
1053.2045	-1
1060.7323	-1
1068.2601	-1
1075.7880	-1
1083.3159	-1
1090.8439	-1
1098.3718	-1
1105.8998	-1
1113.4277	-1
1120.9670	1
1128.5074	-1
1136.0482	1
1143.5890	1
1151.1304	-1
1158.6718	-1
1166.2131	-1
1173.7545	-1
1181.2959	-1
1188.8373	-1
1196.3788	-1
1203.9203	-1
1211.4618	-1
1219.0033	-1
1226.5448	-1
1234.0863	-1
1241.6281	1
1249.1698	1
1256.7115	1
1264.2534	1
1271.7958	-1
1279.3381	-1
1286.8805	-1
1294.4229	-1
1301.9652	-1
1309.5076	-1
1317.0500	-1
1324.5925	-1
1332.1350	-1
1339.6775	-1
1347.2200	-1
1354.7625	-1
1362.3053	1
1369.8481	1
1377.3910	1
1384.9338	1
1392.4774	-1
1400.0210	-1
1407.5646	-1
1415.1082	-1
1422.6517	-1
1430.1953	-1
1437.7390	-1
1445.2827	-1
1452.8264	-1
1460.3701	-1
1467.9138	-1
1475.4575	-1
1483.0013	-1
1490.5452	-1
1498.0890	-1
1505.6328	-1
1513.1766	-1
1520.7205	-1
1528.2644	-1
1535.8083	-1
1543.3523	-1
1550.8962	-1
1558.4402	-1
1565.9841	-1
1573.5282	-1
1581.0723	-1
1588.6163	-1
1596.1604	-1
1603.7045	-1
1611.2485	-1
1618.7927	-1
1626.3369	-1
1633.8811	-1
1641.4253	-1
1648.9695	-1
1656.5137	-1
1664.0585	1
1671.6033	1
1679.1481	1
1686.6930	1
1694.2379	1
1701.7834	-1
1709.3290	-1
1716.8745	-1
1724.4200	-1
1731.9656	-1
1739.5111	-1
1747.0568	-1
1754.6024	-1
1762.1481	-1
1769.6937	-1
1777.2394	-1
1784.7850	-1
1792.3312	-1
1799.8773	-1
1807.4235	-1
1814.9696	-1
1822.5157	-1
1830.0619	-1
1837.6082	-1
1845.1544	-1
1852.7007	-1
1860.2469	-1
1867.7932	-1
1875.3395	-1
1882.8859	-1
1890.4323	-1
1897.9786	-1
1905.5354	1
1913.0934	-1
1920.6517	1
1928.2101	1
1935.7690	-1
1943.3280	-1
1950.8870	-1
1958.4459	-1
1966.0050	-1
1973.5641	-1
1981.1232	-1
1988.6823	-1
1996.2413	-1
2003.8004	-1
2011.3595	-1
2018.9186	-1
2026.4780	1
2034.0376	1
2041.5972	1
2049.1567	1
2056.7168	-1
2064.2769	-1
2071.8369	-1
2079.3970	-1
2086.9570	-1
2094.5171	-1
2102.0776	-1
2109.6382	-1
2117.1987	-1
2124.7593	-1
2132.3198	-1
2139.8804	-1
2147.4412	1
2155.0020	-1
2162.5627	-1
2170.1235	-1
2177.6843	-1
2185.2451	-1
2192.8059	-1
2200.3667	1
2207.9275	-1
2215.4883	-1
2223.0491	-1
2230.6099	-1
2238.1707	-1
2245.7314	-1
2253.2930	-1
2260.8545	-1
2268.4160	-1
2275.9775	-1
2283.5391	-1
2291.1006	-1
2298.6621	-1
2306.2236	-1
2313.7852	-1
2321.3564	1
2328.9290	-1
2336.5017	1
2344.0745	1
2351.6482	-1
2359.2219	-1
2366.8054	1
2374.3901	-1
2381.9751	1
2389.5601	1
2397.1455	-1
2404.7312	-1
2412.3169	-1
2419.9026	-1
2427.4883	-1
2435.0740	-1
2442.6597	-1
2450.2454	-1
2457.8311	-1
2465.4167	-1
2473.0024	-1
2480.5881	-1
2488.1741	1
2495.7600	1
2503.3459	1
2510.9321	1
2518.5188	-1
2526.1055	-1
2533.6921	-1
2541.2788	-1
2548.8655	-1
2556.4521	-1
2564.0393	1
2571.6265	-1
2579.2136	-1
2586.8008	-1
2594.3879	-1
2601.9751	-1
2609.5623	-1
2617.1494	1
2624.7366	-1
2632.3237	-1
2639.9109	-1
2647.4980	-1
2655.0852	-1
2662.6724	-1
2670.2598	-1
2677.8472	-1
2685.4346	-1
2693.0220	-1
2700.6094	-1
2708.1968	-1
2715.7844	1
2723.3721	1
2730.9597	1
2738.5474	1
2746.1353	1
2753.7231	1
2761.3123	-1
2768.9014	-1
2776.4905	-1
2784.0796	-1
2791.6687	-1
2799.2578	-1
2806.8472	-1
2814.4365	-1
2822.0259	-1
2829.6152	-1
2837.2046	-1
2844.7939	-1
2852.3833	-1
2859.9727	-1
2867.5620	-1
2875.1514	-1
2882.7407	-1
2890.3301	-1
2897.9197	-1
2905.5093	-1
2913.0989	-1
2920.6885	-1
2928.2781	-1
2935.8677	-1
2943.4573	-1
2951.0469	-1
2958.6365	-1
2966.2261	-1
2973.8157	-1
2981.4053	-1
2988.9951	-1
2996.5850	-1
3004.1748	-1
3011.7646	-1
3019.3545	-1
3026.9443	-1
3034.5342	-1
3042.1240	-1
3049.7139	-1
3057.3037	-1
3064.8936	-1
3072.4834	-1
3080.0732	-1
3087.6631	-1
3095.2529	-1
3102.8428	-1
3110.4326	-1
3118.0225	-1
3125.6125	1
3133.2031	1
3140.7937	1
3148.3845	1
3155.9753	-1
3163.5662	1
3171.1570	-1
3178.7478	-1
3186.3386	-1
3193.9294	-1
3201.5203	-1
3209.1111	1
3216.7029	-1
3224.2947	-1
3231.8865	-1
3239.4783	-1
3247.0701	-1
3254.6619	-1
3262.2539	-1
3269.8459	-1
3277.4380	-1
3285.0300	-1
3292.6221	-1
3300.2141	-1
3307.8062	-1
3315.3982	-1
3322.9902	-1
3330.5823	-1
3338.1743	-1
3345.7664	-1
3353.3589	-1
3360.9514	-1
3368.5439	-1
3376.1365	-1
3383.7290	-1
3391.3215	-1
3398.9143	-1
3406.5071	-1
3414.1101	1
3421.7144	-1
3429.3188	1
3436.9233	1
3444.5288	-1
3452.1343	-1
3459.7397	-1
3467.3452	-1
3474.9609	1
3482.5779	-1
3490.1951	1
3497.8123	1
3505.4307	-1
3513.0491	-1
3520.6675	-1
3528.2859	-1
3535.9043	-1
3543.5320	1
3551.1609	-1
3558.7900	1
3566.4192	1
3574.0496	-1
3581.6799	-1
3589.3103	-1
3596.9407	-1
3604.5710	-1
3612.2014	-1
3619.8318	-1
3627.4622	-1
3635.0925	-1
3642.7229	-1
3650.3533	-1
3657.9836	-1
3665.6143	1
3673.2451	1
3680.8760	1
3688.5068	1
3696.1392	-1
3703.7715	-1
3711.4038	-1
3719.0361	-1
3726.6685	-1
3734.3008	-1
3741.9333	-1
3749.5659	-1
3757.1985	-1
3764.8311	-1
3772.4636	-1
3780.0962	-1
3787.7288	-1
3795.3613	-1
3802.9939	-1
3810.6265	-1
3818.2590	-1
3825.8916	-1
3833.5244	-1
3841.1572	-1
3848.7900	-1
3856.4229	-1
3864.0557	-1
3871.6885	-1
3879.3213	1
3886.9543	1
3894.5874	1
3902.2207	1
3909.8540	1
3917.4873	1
3925.1206	1
3932.7539	1
3940.3892	-1
3948.0244	-1
3955.6597	-1
3963.2949	-1
3970.9302	-1
3978.5654	-1
3986.2007	-1
3993.8359	-1
4001.4712	-1
4009.1064	-1
4016.7417	-1
4024.3770	-1
4032.0125	-1
4039.6479	-1
4047.2834	-1
4054.9189	-1
4062.5544	-1
4070.1899	-1
4077.8259	-1
4085.4619	-1
4093.0979	-1
4100.7339	-1
4108.3701	-1
4116.0063	-1
4123.6426	-1
4131.2788	-1
4138.9150	-1
4146.5513	-1
4154.1875	-1
4161.8237	-1
4169.4604	1
4177.0972	1
4184.7339	1
4192.3706	1
4200.0078	-1
4207.6450	-1
4215.2822	-1
4222.9194	-1
4230.5566	-1
4238.1938	-1
4245.8311	-1
4253.4683	-1
4261.1055	-1
4268.7427	-1
4276.3799	-1
4284.0171	-1
4291.6548	-1
4299.2925	-1
4306.9302	-1
4314.5679	-1
4322.2056	-1
4329.8433	-1
4337.4824	-1
4345.1216	-1
4352.7607	-1
4360.3999	-1
4368.0391	-1
4375.6782	-1
4383.3174	-1
4390.9565	-1
4398.5957	-1
4406.2349	-1
4413.8740	-1
4421.5132	-1
4429.1528	-1
4436.7925	-1
4444.4321	-1
4452.0718	-1
4459.7114	-1
4467.3511	-1
4474.9907	-1
4482.6304	-1
4490.2700	-1
4497.9194	1
4505.5698	-1
4513.2207	1
4520.8716	1
4528.5229	-1
4536.1743	-1
4543.8257	-1
4551.4771	-1
4559.1284	-1
4566.7798	-1
4574.4312	-1
4582.0825	-1
4589.7339	-1
4597.3853	-1
4605.0366	-1
4612.6880	-1
4620.3398	1
4627.9917	1
4635.6436	1
4643.2954	1
4650.9478	-1
4658.6001	-1
4666.2524	-1
4673.9048	-1
4681.5571	-1
4689.2095	-1
4696.8623	-1
4704.5151	-1
4712.1680	-1
4719.8208	-1
4727.4736	-1
4735.1265	-1
4742.7793	1
4750.4321	1
4758.0854	1
4765.7388	1
4773.3921	-1
4781.0454	-1
4788.6987	-1
4796.3521	-1
4804.0054	-1
4811.6587	-1
4819.3125	-1
4826.9663	-1
4834.6201	-1
4842.2739	-1
4849.9277	-1
4857.5815	-1
4865.2354	1
4872.8892	1
4880.5435	-1
4888.1978	-1
4895.8521	-1
4903.5063	-1
4911.1606	-1
4918.8149	-1
4926.4697	-1
4934.1245	-1
4941.7793	-1
4949.4341	-1
4957.0889	-1
4964.7437	-1
4972.3989	-1
4980.0542	-1
4987.7095	-1
4995.3647	-1
5003.0200	-1
5010.6753	-1
5018.3306	-1
5025.9858	-1
5033.6411	-1
5041.2964	-1
5048.9517	-1
5056.6069	-1
5064.2627	-1
5071.9185	-1
5079.5742	-1
5087.2300	-1
5094.8857	-1
5102.5415	-1
5110.1973	-1
5117.8530	-1
5125.5088	-1
5133.1763	1
5140.8452	-1
5148.5142	1
5156.1831	1
5163.8530	-1
5171.5234	-1
5179.1938	-1
5186.8643	-1
5194.5347	-1
5202.2051	-1
5209.8755	-1
5217.5459	-1
5225.2163	-1
5232.8867	-1
5240.5571	-1
5248.2275	-1
5255.8979	1
5263.5688	1
5271.2397	1
5278.9106	1
5286.5830	-1
5294.2554	-1
5301.9277	-1
5309.6001	-1
5317.2725	-1
5324.9448	-1
5332.6172	-1
5340.2896	-1
5347.9619	-1
5355.6343	-1
5363.3066	-1
5370.9790	-1
5378.6514	-1
5386.3237	-1
5393.9961	-1
5401.6685	-1
5409.3408	-1
5417.0132	-1
5424.6860	-1
5432.3589	-1
5440.0317	-1
5447.7046	-1
5455.3774	-1
5463.0503	-1
5470.7231	1
5478.3960	1
5486.0688	1
5493.7417	1
5501.4146	1
5509.0879	1
5516.7612	1
5524.4346	1
5532.1094	-1
5539.7842	-1
5547.4590	-1
5555.1338	-1
5562.8086	-1
5570.4834	-1
5578.1582	-1
5585.8330	-1
5593.5078	-1
5601.1826	-1
5608.8574	-1
5616.5322	-1
5624.2085	-1
5631.8848	-1
5639.5610	-1
5647.2373	-1
5654.9136	-1
5662.5898	-1
5670.2661	-1
5677.9424	-1
5685.6187	-1
5693.2949	-1
5700.9712	-1
5708.6475	-1
5716.3242	-1
5724.0010	-1
5731.6777	-1
5739.3545	-1
5747.0312	-1
5754.7080	-1
5762.3848	-1
5770.0615	-1
5777.7383	-1
5785.4150	-1
5793.0918	-1
5800.7686	-1
5808.4458	-1
5816.1230	-1
5823.8003	-1
5831.4775	-1
5839.1548	-1
5846.8320	-1
5854.5093	-1
5862.1968	1
5869.8857	-1
5877.5752	1
5885.2646	1
5892.9551	-1
5900.6455	-1
5908.3359	-1
5916.0264	-1
5923.7168	-1
5931.4072	-1
5939.0977	-1
5946.7983	1
5954.5005	-1
5962.2026	1
5969.9048	1
5977.6074	-1
5985.3101	-1
5993.0132	-1
6000.7261	1
6008.4399	-1
6016.1543	1
6023.8687	1
6031.5835	-1
6039.2983	-1
6047.0132	-1
6054.7285	-1
6062.4536	1
6070.1797	-1
6077.9062	1
6085.6328	1
6093.3604	-1
6101.0879	-1
6108.8154	-1
6116.5527	1
6124.2910	-1
6132.0298	1
6139.7686	1
6147.5083	-1
6155.2480	-1
6162.9971	1
6170.7476	-1
6178.4985	1
6186.2495	1
6194.0015	-1
6201.7534	-1
6209.5156	1
6217.2788	-1
6225.0425	1
6232.8062	1
6240.5703	-1
6248.3345	-1
6256.0986	-1
6263.8633	-1
6271.6372	1
6279.4121	-1
6287.1875	1
6294.9629	1
6302.7388	-1
6310.5146	-1
6318.2905	-1
6326.0669	-1
6333.8525	1
6341.6396	-1
6349.4272	1
6357.2148	1
6365.0029	-1
6372.7910	-1
6380.5801	-1
6388.3779	1
6396.1772	-1
6403.9771	1
6411.7769	1
6419.5776	-1
6427.3784	-1
6435.1792	-1
6442.9800	-1
6450.7808	-1
6458.5815	-1
6466.3823	-1
6474.1831	-1
6481.9839	-1
6489.7847	-1
6497.5854	-1
6505.3862	-1
6513.1875	1
6520.9888	1
6528.7910	-1
6536.5933	-1
6544.3955	-1
6552.1978	-1
6560.0000	-1
6567.8022	-1
6575.6045	-1
6583.4165	1
6591.2295	-1
6599.0430	1
6606.8564	1
6614.6704	-1
6622.4849	-1
6630.3086	1
6638.1333	-1
6645.9585	1
6653.7837	1
6661.6094	-1
6669.4351	-1
6677.2612	-1
6685.0972	1
6692.9346	-1
6700.7720	1
6708.6094	1
6716.4482	-1
6724.2871	-1
6732.1260	-1
6739.9648	-1
6747.8037	-1
6755.6426	-1
6763.4814	-1
6771.3203	-1
6779.1592	-1
6787.0083	1
6794.8584	-1
6802.7085	1
6810.5591	1
6818.4102	-1
6826.2612	-1
6834.1123	-1
6841.9634	-1
6849.8145	-1
6857.6655	-1
6865.5166	-1
6873.3677	-1
6881.2188	-1
6889.0698	-1
6896.9209	-1
6904.7720	-1
6912.6235	1
6920.4751	1
6928.3267	1
6936.1782	1
6944.0303	-1
6951.8823	-1
6959.7344	-1
6967.5864	-1
6975.4385	-1
6983.2905	-1
6991.1426	-1
6998.9946	-1
7006.8467	-1
7014.6987	-1
7022.5508	-1
7030.4028	-1
7038.2554	-1
7046.1079	-1
7053.9604	-1
7061.8130	-1
7069.6655	-1
7077.5181	-1
7085.3706	-1
7093.2231	-1
7101.0757	-1
7108.9282	-1
7116.7808	-1
7124.6333	-1
7132.4863	1
7140.3394	1
7148.1924	1
7156.0454	1
7163.8984	1
7171.7524	-1
7179.6064	-1
7187.4604	-1
7195.3145	-1
7203.1685	-1
7211.0225	-1
7218.8765	-1
7226.7305	-1
7234.5845	-1
7242.4385	-1
7250.2925	-1
7258.1465	-1
7266.0010	-1
7273.8555	-1
7281.7100	-1
7289.5645	-1
7297.4189	-1
7305.2734	-1
7313.1279	-1
7320.9824	-1
7328.8369	-1
7336.6914	-1
7344.5459	-1
7352.4004	-1
7360.2549	-1
7368.1094	-1
7375.9639	-1
7383.8184	-1
7391.6729	-1
7399.5273	-1
7407.3916	1
7415.2568	-1
7423.1226	1
7430.9883	1
7438.8550	-1
7446.7217	-1
7454.5884	-1
7462.4551	-1
7470.3218	-1
7478.1885	-1
7486.0557	-1
7493.9229	-1
7501.7900	-1
7509.6572	-1
7517.5244	-1
7525.3916	-1
7533.2588	1
7541.1260	1
7548.9932	1
7556.8608	1
7564.7295	-1
7572.5981	-1
7580.4668	-1
7588.3354	-1
7596.2041	-1
7604.0728	-1
7611.9419	1
7619.8110	-1
7627.6802	-1
7635.5493	-1
7643.4185	-1
7651.2876	-1
7659.1572	-1
7667.0269	-1
7674.8965	-1
7682.7661	-1
7690.6357	-1
7698.5054	-1
7706.3750	-1
7714.2446	-1
7722.1143	-1
7729.9839	-1
7737.8535	-1
7745.7231	-1
7753.5928	-1
7761.4624	1
7769.3330	-1
7777.2036	-1
7785.0742	-1
7792.9448	-1
7800.8154	-1
7808.6860	-1
7816.5571	-1
7824.4282	-1
7832.3091	1
7840.1909	-1
7848.0732	1
7855.9556	1
7863.8389	-1
7871.7222	-1
7879.6055	-1
7887.4888	-1
7895.3721	-1
7903.2554	-1
7911.1392	-1
7919.0229	-1
7926.9067	-1
7934.7905	-1
7942.6743	-1
7950.5581	-1
7958.4419	1
7966.3257	1
7974.2095	1
7982.0933	1
7989.9785	-1
7997.8638	-1
8005.7490	-1
8013.6343	-1
8021.5195	-1
8029.4048	-1
8037.2905	-1
8045.1763	-1
8053.0620	-1
8060.9478	-1
8068.8335	-1
8076.7192	-1
8084.6050	-1
8092.4907	-1
8100.3765	-1
8108.2622	-1
8116.1479	-1
8124.0337	-1
8131.9199	1
8139.8062	1
8147.6924	1
8155.5786	1
8163.4648	1
8171.3511	1
8179.2383	-1
8187.1255	-1
8195.0127	-1
8202.8994	-1
8210.7861	-1
8218.6729	-1
8226.5605	1
8234.4482	1
8242.3359	-1
8250.2246	-1
8258.1133	-1
8266.0020	-1
8273.8906	-1
8281.7793	-1
8289.6680	-1
8297.5566	-1
8305.4453	-1
8313.3340	-1
8321.2227	-1
8329.1113	-1
8337.0000	1
8344.8906	-1
8352.7812	-1
8360.6719	-1
8368.5625	-1
8376.4531	-1
8384.3438	-1
8392.2344	-1
8400.1250	-1
8408.0156	-1
8415.9062	-1
8423.7969	-1
8431.6875	-1
8439.5781	-1
8447.4688	-1
8455.3594	-1
8463.2500	-1
8471.1406	-1
8479.0312	-1
8486.9219	-1
8494.8125	-1
8502.7031	-1
8510.5938	-1
8518.4844	-1
8526.3750	-1
8534.2656	-1
8542.1562	-1
8550.0469	-1
8557.9375	-1
8565.8281	-1
8573.7188	-1
8581.6104	-1
8589.5020	-1
8597.3936	-1
8605.2852	-1
8613.1768	-1
8621.0684	-1
8628.9600	-1
8636.8516	-1
8644.7432	-1
8652.6348	-1
8660.5264	-1
8668.4287	1
8676.3320	-1
8684.2354	1
8692.1387	1
8700.0430	-1
8707.9473	-1
8715.8516	-1
8723.7559	-1
8731.6602	-1
8739.5645	-1
8747.4688	-1
8755.3730	-1
8763.2773	-1
8771.1816	-1
8779.0859	-1
8786.9902	-1
8794.8945	1
8802.7998	1
8810.7051	1
8818.6104	1
8826.5156	-1
8834.4219	1
8842.3281	-1
8850.2344	-1
8858.1406	-1
8866.0469	-1
8873.9531	-1
8881.8594	-1
8889.7656	-1
8897.6719	-1
8905.5781	-1
8913.4844	-1
8921.3906	-1
8929.2969	-1
8937.2031	-1
8945.1094	-1
8953.0156	-1
8960.9219	-1
8968.8281	-1
8976.7344	-1
8984.6406	-1
8992.5469	-1
9000.4531	-1
9008.3594	-1
9016.2656	-1
9024.1719	-1
9032.0791	1
9039.9863	1
9047.8936	1
9055.8008	1
9063.7080	1
9071.6152	1
9079.5225	1
9087.4297	1
9095.3379	-1
9103.2461	-1
9111.1543	-1
9119.0625	-1
9126.9707	-1
9134.8789	-1
9142.7871	-1
9150.6953	-1
9158.6035	-1
9166.5117	-1
9174.4199	-1
9182.3281	-1
9190.2363	-1
9198.1445	-1
9206.0527	-1
9213.9609	-1
9221.8691	-1
9229.7773	-1
9237.6865	-1
9245.5957	-1
9253.5049	-1
9261.4141	-1
9269.3232	-1
9277.2324	-1
9285.1416	-1
9293.0508	-1
9300.9600	-1
9308.8691	-1
9316.7783	-1
9324.6875	-1
9332.5967	-1
9340.5059	1
9348.4150	-1
9356.3242	-1
9364.2334	-1
9372.1426	-1
9380.0518	-1
9387.9609	1
9395.8701	-1
9403.7793	-1
9411.6885	-1
9419.5977	-1
9427.5068	-1
9435.4160	-1
9443.3262	-1
9451.2363	-1
9459.1465	-1
9467.0566	-1
9474.9668	-1
9482.8770	-1
9490.7881	-1
9498.6992	-1
9506.6104	-1
9514.5215	-1
9522.4326	-1
9530.3438	-1
9538.2549	-1
9546.1660	-1
9554.0869	1
9562.0088	-1
9569.9307	1
9577.8535	1
9585.7764	-1
9593.6992	-1
9601.6221	-1
9609.5449	-1
9617.4678	-1
9625.3906	-1
9633.3135	-1
9641.2363	-1
9649.1592	-1
9657.0820	-1
9665.0049	-1
9672.9277	-1
9680.8516	1
9688.7754	-1
9696.6992	-1
9704.6230	-1
9712.5469	-1
9720.4805	1
9728.4150	-1
9736.3506	1
9744.2861	1
9752.2227	-1
9760.1592	-1
9768.0957	-1
9776.0322	-1
9783.9688	-1
9791.9053	-1
9799.8418	-1
9807.7783	-1
9815.7148	-1
9823.6514	-1
9831.5879	-1
9839.5244	-1
9847.4609	1
9855.3975	1
9863.3350	-1
9871.2725	-1
9879.2100	-1
9887.1475	-1
9895.0850	-1
9903.0225	-1
9910.9600	-1
9918.8975	-1
9926.8447	1
9934.7939	-1
9942.7432	1
9950.6924	1
9958.6426	-1
9966.5928	-1
9974.5430	-1
9982.4932	-1
9990.4434	-1
9998.3936	-1
10006.3438	-1
10014.2939	-1
10022.2441	-1
10030.1943	-1
10038.1445	-1
10046.0947	-1
10054.0459	1
10061.9971	1
10069.9482	1
10077.8994	1
10085.8516	-1
10093.8037	-1
10101.7559	-1
10109.7080	-1
10117.6602	-1
10125.6123	-1
10133.5645	-1
10141.5166	-1
10149.4688	-1
10157.4209	-1
10165.3730	-1
10173.3252	-1
10181.2783	-1
10189.2314	-1
10197.1846	-1
10205.1377	-1
10213.0908	-1
10221.0439	-1
10228.9971	1
10236.9502	1
10244.9033	1
10252.8564	1
10260.8096	1
10268.7627	-1
10276.7158	-1
10284.6689	-1
10292.6221	-1
10300.5752	-1
10308.5283	-1
10316.4814	1
10324.4355	1
10332.3896	1
10340.3447	-1
10348.2998	-1
10356.2549	-1
10364.2100	-1
10372.1650	-1
10380.1201	-1
10388.0762	-1
10396.0322	-1
10403.9883	-1
10411.9443	-1
10419.9004	-1
10427.8564	-1
10435.8125	1
10443.7695	-1
10451.7266	-1
10459.6836	-1
10467.6406	1
10475.5977	-1
10483.5547	-1
10491.5117	-1
10499.4688	-1
10507.4258	-1
10515.3828	-1
10523.3398	-1
10531.2969	-1
10539.2539	-1
10547.2109	-1
10555.1680	-1
10563.1250	-1
10571.0820	-1
10579.0391	-1
10586.9961	-1
10594.9531	1
10602.9102	1
10610.8672	1
10618.8242	1
10626.7812	1
10634.7383	1
10642.6963	1
10650.6543	1
10658.6123	-1
10666.5703	-1
10674.5283	-1
10682.4863	-1
10690.4443	-1
10698.4023	-1
10706.3604	-1
10714.3184	-1
10722.2764	-1
10730.2344	-1
10738.1924	-1
10746.1504	-1
10754.1084	-1
10762.0664	-1
10770.0244	-1
10777.9824	-1
10785.9404	-1
10793.8984	-1
10801.8574	1
10809.8164	1
10817.7754	1
10825.7344	1
10833.6934	1
10841.6523	1
10849.6133	-1
10857.5742	-1
10865.5352	-1
10873.4961	-1
10881.4570	-1
10889.4180	-1
10897.3789	1
10905.3428	-1
10913.3066	-1
10921.2705	-1
10929.2344	-1
10937.1982	-1
10945.1621	-1
10953.1260	-1
10961.0898	-1
10969.0537	-1
10977.0176	-1
10984.9814	-1
10992.9453	-1
11000.9092	-1
11008.8730	-1
11016.8369	-1
11024.8008	-1
11032.7646	-1
11040.7285	-1
11048.6924	-1
11056.6562	-1
11064.6201	-1
11072.5840	-1
11080.5479	-1
11088.5117	-1
11096.4766	-1
11104.4414	-1
11112.4062	-1
11120.3711	-1
11128.3359	-1
11136.3008	-1
11144.2656	-1
11152.2305	-1
11160.1953	-1
11168.1602	-1
11176.1250	-1
11184.0898	-1
11192.0557	-1
11200.0215	-1
11207.9873	-1
11215.9531	-1
11223.9189	-1
11231.8848	-1
11239.8506	-1
11247.8164	-1
11255.7822	-1
11263.7480	-1
11271.7139	-1
11279.6797	-1
11287.6455	-1
11295.6113	-1
11303.5771	-1
11311.5430	-1
11319.5088	-1
11327.4746	-1
11335.4404	-1
11343.4062	-1
11351.3721	-1
11359.3379	-1
11367.3037	-1
11375.2695	-1
11383.2363	-1
11391.2031	-1
11399.1699	-1
11407.1367	-1
11415.1035	-1
11423.0703	-1
11431.0371	-1
11439.0039	-1
11446.9707	-1
11454.9375	-1
11462.9043	-1
11470.8711	-1
11478.8379	-1
11486.8047	-1
11494.7715	-1
11502.7383	-1
11510.7051	-1
11518.6719	-1
11526.6387	-1
11534.6055	-1
11542.5723	-1
11550.5391	-1
11558.5059	-1
11566.4727	-1
11574.4395	-1
11582.4062	-1
11590.3730	-1
11598.3398	-1
11606.3066	-1
11614.2734	-1
11622.2402	-1
11630.2070	-1
11638.1738	-1
11646.1406	-1
11654.1074	-1
11662.0742	-1
11670.0518	1
11678.0303	-1
11686.0098	1
11693.9893	1
11701.9697	-1
11709.9502	-1
11717.9307	-1
11725.9111	-1
11733.8916	-1
11741.8721	-1
11749.8525	-1
11757.8330	-1
11765.8135	-1
11773.7939	-1
11781.7744	-1
11789.7549	-1
11797.7363	1
11805.7178	1
11813.6992	1
11821.6807	1
11829.6631	-1
11837.6455	-1
11845.6279	-1
11853.6104	-1
11861.5928	-1
11869.5752	-1
11877.5586	1
11885.5420	-1
11893.5254	-1
11901.5088	-1
11909.4922	-1
11917.4756	-1
11925.4590	-1
11933.4424	-1
11941.4258	-1
11949.4092	-1
11957.3926	-1
11965.3760	-1
11973.3594	-1
11981.3428	-1
11989.3262	-1
11997.3096	-1
12005.2930	-1
12013.2764	-1
12021.2598	-1
12029.2432	1
12037.2275	1
12045.2119	1
12053.1963	1
12061.1807	1
12069.1650	1
12077.1494	1
12085.1338	-1
12093.1182	-1
12101.1025	-1
12109.0869	-1
12117.0713	-1
12125.0557	-1
12133.0400	1
12141.0244	1
12149.0117	-1
12156.9990	-1
12164.9863	-1
12172.9736	-1
12180.9609	-1
12188.9482	-1
12196.9355	-1
12204.9229	-1
12212.9102	-1
12220.8975	-1
12228.8848	-1
12236.8721	-1
12244.8594	-1
12252.8467	-1
12260.8340	-1
12268.8213	-1
12276.8086	-1
12284.7959	-1
12292.7842	-1
12300.7725	-1
12308.7607	-1
12316.7490	-1
12324.7373	-1
12332.7256	-1
12340.7139	-1
12348.7021	-1
12356.6904	-1
12364.6787	-1
12372.6670	-1
12380.6553	-1
12388.6436	-1
12396.6318	-1
12404.6201	-1
12412.6084	-1
12420.5967	-1
12428.5850	-1
12436.5732	-1
12444.5615	-1
12452.5498	-1
12460.5381	-1
12468.5264	-1
12476.5146	-1
12484.5029	-1
12492.4912	-1
12500.4795	-1
12508.4678	-1
12516.4561	-1
12524.4443	-1
12532.4326	-1
12540.4209	-1
12548.4092	-1
12556.4082	1
12564.4082	-1
12572.4092	1
12580.4102	1
12588.4121	-1
12596.4141	-1
12604.4160	-1
12612.4180	-1
12620.4199	-1
12628.4219	-1
12636.4238	-1
12644.4258	-1
12652.4375	1
12660.4502	-1
12668.4639	1
12676.4775	1
12684.4922	-1
12692.5068	-1
12700.5215	-1
12708.5361	-1
12716.5508	-1
12724.5654	-1
12732.5801	-1
12740.5947	-1
12748.6094	-1
12756.6240	-1
12764.6387	-1
12772.6533	-1
12780.6680	1
12788.6826	1
12796.6973	1
12804.7119	1
12812.7285	-1
12820.7451	-1
12828.7617	-1
12836.7783	-1
12844.7949	-1
12852.8115	-1
12860.8281	-1
12868.8447	-1
12876.8613	-1
12884.8779	-1
12892.8945	-1
12900.9111	-1
12908.9287	-1
12916.9463	-1
12924.9639	-1
12932.9814	-1
12940.9990	-1
12949.0166	-1
12957.0342	1
12965.0518	-1
12973.0693	1
12981.0869	-1
12989.1045	-1
12997.1221	-1
13005.1396	-1
13013.1572	-1
13021.1748	1
13029.1924	1
13037.2100	1
13045.2275	1
13053.2451	1
13061.2627	1
13069.2822	-1
13077.3018	-1
13085.3213	-1
13093.3408	-1
13101.3604	-1
13109.3799	-1
13117.3994	-1
13125.4189	-1
13133.4385	-1
13141.4580	-1
13149.4775	-1
13157.4971	-1
13165.5166	-1
13173.5361	-1
13181.5557	-1
13189.5752	-1
13197.5947	-1
13205.6143	-1
13213.6348	-1
13221.6553	-1
13229.6758	-1
13237.6963	-1
13245.7168	-1
13253.7373	-1
13261.7578	1
13269.7783	1
13277.7998	1
13285.8213	1
13293.8428	1
13301.8643	1
13309.8857	1
13317.9072	1
13325.9287	-1
13333.9502	-1
13341.9717	-1
13349.9932	-1
13358.0146	-1
13366.0361	-1
13374.0596	-1
13382.0830	-1
13390.1064	-1
13398.1299	-1
13406.1533	-1
13414.1768	-1
13422.2012	1
13430.2256	-1
13438.2500	-1
13446.2744	-1
13454.2988	-1
13462.3232	-1
13470.3477	-1
13478.3721	-1
13486.3965	-1
13494.4209	-1
13502.4453	-1
13510.4697	-1
13518.4941	-1
13526.5186	-1
13534.5430	-1
13542.5674	-1
13550.5918	-1
13558.6162	-1
13566.6406	-1
13574.6650	-1
13582.6895	-1
13590.7139	-1
13598.7383	-1
13606.7627	-1
13614.7871	-1
13622.8115	-1
13630.8359	-1
13638.8604	-1
13646.8848	-1
13654.9092	-1
13662.9336	-1
13670.9590	-1
13678.9844	-1
13687.0098	-1
13695.0352	-1
13703.0605	-1
13711.0859	-1
13719.1133	-1
13727.1406	-1
13735.1680	-1
13743.1953	-1
13751.2227	-1
13759.2500	-1
13767.2773	-1
13775.3047	-1
13783.3320	-1
13791.3594	-1
13799.3867	-1
13807.4141	-1
13815.4414	-1
13823.4688	-1
13831.4961	-1
13839.5234	-1
13847.5508	-1
13855.5781	-1
13863.6055	-1
13871.6328	-1
13879.6602	-1
13887.6875	-1
13895.7148	-1
13903.7422	-1
13911.7695	-1
13919.7969	-1
13927.8242	-1
13935.8623	1
13943.9014	-1
13951.9414	1
13959.9814	1
13968.0225	-1
13976.0635	-1
13984.1045	-1
13992.1455	-1
14000.1865	-1
14008.2275	-1
14016.2686	-1
14024.3096	-1
14032.3506	-1
14040.3916	-1
14048.4326	-1
14056.4736	-1
14064.5146	1
14072.5557	1
14080.5977	-1
14088.6396	-1
14096.6816	-1
14104.7236	-1
14112.7656	-1
14120.8076	-1
14128.8496	-1
14136.8916	-1
14144.9443	1
14152.9980	-1
14161.0518	1
14169.1055	1
14177.1602	-1
14185.2148	-1
14193.2695	-1
14201.3242	-1
14209.3789	-1
14217.4336	-1
14225.4883	-1
14233.5430	-1
14241.5977	-1
14249.6523	-1
14257.7070	-1
14265.7617	-1
14273.8164	1
14281.8711	1
14289.9268	-1
14297.9824	-1
14306.0381	-1
14314.0938	-1
14322.1494	-1
14330.2051	-1
14338.2607	-1
14346.3164	-1
14354.3721	-1
14362.4375	1
14370.5039	-1
14378.5713	1
14386.6387	1
14394.7061	-1
14402.7734	-1
14410.8408	-1
14418.9082	-1
14426.9756	-1
14435.0430	-1
14443.1104	-1
14451.1777	-1
14459.2451	-1
14467.3125	-1
14475.3799	-1
14483.4473	-1
14491.5156	1
14499.5840	1
14507.6523	1
14515.7207	1
14523.7900	-1
14531.8594	-1
14539.9287	-1
14547.9980	-1
14556.0674	-1
14564.1367	-1
14572.2061	-1
14580.2754	-1
14588.3447	-1
14596.4141	-1
14604.4834	-1
14612.5527	-1
14620.6221	-1
14628.6914	-1
14636.7607	-1
14644.8301	-1
14652.8994	-1
14660.9688	-1
14669.0381	-1
14677.1074	-1
14685.1768	-1
14693.2461	-1
14701.3154	-1
14709.3848	-1
14717.4541	1
14725.5234	1
14733.5928	1
14741.6621	1
14749.7314	1
14757.8018	1
14765.8721	1
14773.9424	1
14782.0137	-1
14790.0850	-1
14798.1562	-1
14806.2275	-1
14814.2988	-1
14822.3701	-1
14830.4414	-1
14838.5127	-1
14846.5840	-1
14854.6553	-1
14862.7266	-1
14870.7979	-1
14878.8691	-1
14886.9404	-1
14895.0117	-1
14903.0830	-1
14911.1543	-1
14919.2256	-1
14927.2969	-1
14935.3682	-1
14943.4395	-1
14951.5107	-1
14959.5820	-1
14967.6533	-1
14975.7256	1
14983.7979	-1
14991.8701	-1
14999.9424	1
15008.0146	-1
15016.0869	-1
15024.1592	-1
15032.2314	-1
15040.3037	1
15048.3760	1
15056.4482	-1
15064.5205	-1
15072.5928	-1
15080.6650	-1
15088.7373	-1
15096.8096	-1
15104.8818	-1
15112.9541	-1
15121.0264	-1
15129.0986	-1
15137.1709	-1
15145.2432	-1
15153.3154	-1
15161.3877	-1
15169.4600	-1
15177.5322	-1
15185.6045	-1
15193.6768	-1
15201.7500	1
15209.8232	1
15217.8965	1
15225.9697	1
15234.0430	1
15242.1162	1
15250.1895	1
15258.2627	1
15266.3359	1
15274.4092	1
15282.4824	1
15290.5557	1
15298.6289	-1
15306.7021	-1
15314.7754	-1
15322.8486	-1
15330.9219	-1
15338.9951	-1
15347.0684	-1
15355.1416	-1
15363.2148	-1
15371.2881	-1
15379.3613	-1
15387.4346	-1
15395.5098	-1
15403.5850	-1
15411.6602	-1
15419.7354	-1
15427.8105	-1
15435.8857	-1
15443.9619	-1
15452.0381	-1
15460.1143	-1
15468.1904	-1
15476.2666	-1
15484.3428	-1
15492.4189	-1
15500.4951	-1
15508.5713	-1
15516.6475	-1
15524.7236	-1
15532.7998	-1
15540.8760	-1
15548.9521	-1
15557.0283	-1
15565.1045	-1
15573.1807	-1
15581.2568	-1
15589.3330	-1
15597.4092	-1
15605.4854	-1
15613.5615	-1
15621.6377	-1
15629.7139	-1
15637.7900	-1
15645.8662	-1
15653.9424	-1
15662.0186	-1
15670.0947	-1
15678.1709	-1
15686.2471	-1
15694.3232	-1
15702.3994	-1
15710.4756	-1
15718.5518	-1
15726.6279	-1
15734.7041	-1
15742.7803	-1
15750.8564	-1
15758.9326	-1
15767.0088	-1
15775.0850	-1
15783.1611	-1
15791.2373	-1
15799.3135	-1
15807.3896	-1
15815.4658	-1
15823.5420	-1
15831.6182	-1
15839.6943	-1
15847.7705	-1
15855.8467	-1
15863.9229	-1
15871.9990	-1
15880.0762	-1
15888.1533	-1
15896.2305	-1
15904.3076	-1
15912.3848	-1
15920.4619	-1
15928.5391	-1
15936.6162	-1
15944.6934	-1
15952.7705	-1
15960.8477	-1
15968.9248	-1
15977.0020	1
15985.0791	1
15993.1562	-1
16001.2334	-1
16009.3105	-1
16017.3877	-1
16025.4648	-1
16033.5420	-1
16041.6191	1
16049.6963	1
16057.7734	-1
16065.8506	-1
16073.9277	-1
16082.0049	-1
16090.0820	-1
16098.1592	-1
16106.2373	1
16114.3154	1
16122.3936	1
16130.4717	-1
16138.5498	-1
16146.6279	-1
16154.7061	-1
16162.7842	-1
16170.8623	-1
16178.9404	-1
16187.0186	-1
16195.0967	-1
16203.1748	-1
16211.2529	-1
16219.3320	-1
16227.4111	-1
16235.4902	-1
16243.5693	-1
16251.6484	-1
16259.7275	-1
16267.8066	-1
16275.8867	-1
16283.9668	-1
16292.0469	-1
16300.1270	-1
16308.2070	-1
16316.2871	-1
16324.3672	-1
16332.4473	-1
16340.5273	-1
16348.6074	-1
16356.6875	-1
16364.7676	-1
16372.8477	-1
16380.9277	-1
16389.0078	-1
16397.0879	-1
16405.1680	-1
16413.2480	-1
16421.3281	-1
16429.4180	1
16437.5098	-1
16445.6016	1
16453.6934	1
16461.7871	-1
16469.8809	-1
16477.9746	-1
16486.0684	-1
16494.1621	-1
16502.2559	-1
16510.3496	-1
16518.4434	-1
16526.5371	-1
16534.6309	-1
16542.7246	-1
16550.8184	-1
16558.9219	1
16567.0273	-1
16575.1328	1
16583.2383	1
16591.3438	-1
16599.4492	-1
16607.5547	-1
16615.6602	-1
16623.7656	-1
16631.8711	-1
16639.9766	-1
16648.0820	-1
16656.1875	-1
16664.2930	-1
16672.3984	-1
16680.5039	-1
16688.6094	1
16696.7148	1
16704.8203	1
16712.9258	1
16721.0332	-1
16729.1406	-1
16737.2480	-1
16745.3555	-1
16753.4629	-1
16761.5703	-1
16769.6777	-1
16777.7852	-1
16785.8926	-1
16794.0000	-1
16802.1074	-1
16810.2148	-1
16818.3223	-1
16826.4297	-1
16834.5371	-1
16842.6445	-1
16850.7520	-1
16858.8594	-1
16866.9668	1
16875.0742	1
16883.1816	1
16891.2891	1
16899.3965	1
16907.5039	-1
16915.6113	-1
16923.7188	-1
16931.8262	-1
16939.9336	-1
16948.0410	1
16956.1484	-1
16964.2559	1
16972.3633	1
16980.4727	-1
16988.5820	-1
16996.6914	-1
17004.8008	-1
17012.9102	-1
17021.0195	-1
17029.1289	-1
17037.2383	-1
17045.3477	-1
17053.4570	-1
17061.5664	-1
17069.6758	-1
17077.7852	-1
17085.8945	-1
17094.0039	-1
17102.1133	-1
17110.2227	-1
17118.3320	-1
17126.4414	-1
17134.5508	-1
17142.6602	-1
17150.7695	-1
17158.8789	-1
17166.9883	-1
17175.0977	-1
17183.2070	-1
17191.3164	-1
17199.4258	-1
17207.5352	-1
17215.6445	-1
17223.7539	1
17231.8633	1
17239.9727	-1
17248.0820	-1
17256.1914	-1
17264.3008	-1
17272.4102	-1
17280.5195	-1
17288.6289	-1
17296.7383	-1
17304.8477	-1
17312.9570	-1
17321.0664	-1
17329.1758	-1
17337.2852	-1
17345.3945	-1
17353.5039	-1
17361.6133	-1
17369.7227	-1
17377.8320	-1
17385.9434	1
17394.0547	1
17402.1660	1
17410.2773	1
17418.3887	1
17426.5000	1
17434.6113	1
17442.7227	1
17450.8340	1
17458.9453	1
17467.0566	-1
17475.1680	-1
17483.2793	-1
17491.3906	-1
17499.5020	-1
17507.6133	1
17515.7246	-1
17523.8359	1
17531.9473	1
17540.0586	1
17548.1699	-1
17556.2812	-1
17564.3926	-1
17572.5039	-1
17580.6152	-1
17588.7266	-1
17596.8379	1
17604.9492	1
17613.0605	1
17621.1719	1
17629.2852	-1
17637.3984	-1
17645.5117	-1
17653.6250	-1
17661.7383	-1
17669.8516	-1
17677.9648	-1
17686.0781	-1
17694.1914	-1
17702.3047	-1
17710.4180	-1
17718.5312	-1
17726.6445	-1
17734.7578	-1
17742.8711	-1
17750.9844	-1
17759.0977	-1
17767.2109	-1
17775.3242	-1
17783.4375	-1
17791.5508	-1
17799.6641	-1
17807.7773	-1
17815.8906	-1
17824.0039	-1
17832.1172	-1
17840.2305	-1
17848.3438	-1
17856.4570	-1
17864.5703	-1
17872.6836	1
17880.7969	1
17888.9102	1
17897.0234	-1
17905.1367	-1
17913.2500	-1
17921.3633	-1
17929.4766	-1
17937.5898	-1
17945.7031	1
17953.8184	1
17961.9336	1
17970.0488	1
17978.1641	1
17986.2793	1
17994.3945	1
18002.5098	1
18010.6250	1
18018.7402	-1
18026.8555	-1
18034.9707	-1
18043.0859	-1
18051.2012	-1
18059.3164	-1
18067.4316	1
18075.5469	1
18083.6621	-1
18091.7773	-1
18099.8926	-1
18108.0078	-1
18116.1230	-1
18124.2383	-1
18132.3535	-1
18140.4688	-1
18148.5840	-1
18156.6992	-1
18164.8145	-1
18172.9297	-1
18181.0449	-1
18189.1602	-1
18197.2754	-1
18205.3906	-1
18213.5059	-1
18221.6211	-1
18229.7363	-1
18237.8516	-1
18245.9668	-1
18254.0820	-1
18262.1973	-1
18270.3125	-1
18278.4316	1
18286.5508	1
18294.6699	-1
18302.7891	-1
18310.9082	-1
18319.0273	-1
18327.1465	-1
18335.2656	-1
18343.3848	1
18351.5039	1
18359.6230	1
18367.7422	-1
18375.8613	1
18383.9805	-1
18392.0996	-1
18400.2188	-1
18408.3379	-1
18416.4570	-1
18424.5762	1
18432.6953	1
18440.8145	-1
18448.9336	-1
18457.0527	-1
18465.1719	-1
18473.2910	-1
18481.4102	-1
18489.5293	-1
18497.6484	-1
18505.7676	-1
18513.8867	-1
18522.0059	-1
18530.1250	-1
18538.2441	-1
18546.3633	-1
18554.4824	-1
18562.6016	-1
18570.7207	-1
18578.8398	-1
18586.9590	-1
18595.0781	-1
18603.1973	-1
18611.3164	-1
18619.4355	-1
18627.5547	-1
18635.6738	-1
18643.7930	-1
18651.9121	-1
18660.0312	-1
18668.1504	-1
18676.2695	-1
18684.3887	-1
18692.5078	-1
18700.6270	-1
18708.7461	-1
18716.8652	-1
18724.9844	-1
18733.1055	-1
18741.2266	-1
18749.3477	-1
18757.4688	-1
18765.5898	-1
18773.7109	-1
18781.8320	-1
18789.9531	-1
18798.0742	-1
18806.1953	-1
18814.3164	-1
18822.4375	-1
18830.5586	-1
18838.6797	-1
18846.8008	-1
18854.9219	-1
18863.0430	-1
18871.1641	-1
18879.2852	-1
18887.4062	-1
18895.5273	-1
18903.6484	-1
18911.7695	-1
18919.8906	-1
18928.0117	-1
18936.1328	-1
18944.2539	-1
18952.3750	-1
18960.4961	-1
18968.6172	-1
18976.7383	-1
18984.8594	-1
18992.9805	-1
19001.1016	-1
19009.2227	-1
19017.3438	-1
19025.4648	-1
19033.5859	-1
19041.7070	-1
19049.8281	-1
19057.9492	-1
19066.0703	-1
19074.1914	-1
19082.3125	-1
19090.4336	-1
19098.5547	-1
19106.6758	-1
19114.7969	-1
19122.9180	-1
19131.0391	-1
19139.1602	-1
19147.2812	-1
19155.4023	-1
19163.5234	-1
19171.6445	1
19179.7656	1
19187.8867	1
19196.0098	-1
19204.1328	-1
19212.2559	-1
19220.3789	-1
19228.5020	-1
19236.6250	-1
19244.7480	-1
19252.8711	-1
19260.9941	-1
19269.1172	-1
19277.2402	-1
19285.3633	-1
19293.4863	-1
19301.6094	-1
19309.7324	-1
19317.8555	-1
19325.9785	-1
19334.1016	-1
19342.2246	-1
19350.3477	-1
19358.4707	-1
19366.5938	-1
19374.7168	-1
19382.8398	-1
19390.9629	-1
19399.0859	-1
19407.2090	-1
19415.3320	-1
19423.4551	-1
19431.5781	-1
19439.7012	-1
19447.8242	-1
19455.9473	-1
19464.0703	-1
19472.1934	-1
19480.3164	-1
19488.4414	-1
19496.5664	-1
19504.6914	-1
19512.8164	-1
19520.9414	-1
19529.0664	-1
19537.1914	-1
19545.3164	-1
19553.4414	-1
19561.5664	-1
19569.6914	-1
19577.8164	-1
19585.9414	-1
19594.0664	-1
19602.1914	-1
19610.3164	-1
19618.4414	-1
19626.5664	-1
19634.6914	-1
19642.8164	-1
19650.9414	-1
19659.0664	-1
19667.1914	-1
19675.3164	-1
19683.4414	-1
19691.5664	-1
19699.6914	-1
19707.8164	-1
19715.9414	-1
19724.0664	-1
19732.1914	-1
19740.3164	-1
19748.4414	-1
19756.5664	-1
19764.6914	-1
19772.8164	-1
19780.9414	-1
19789.0664	-1
19797.1914	-1
19805.3164	-1
19813.4414	-1
19821.5664	-1
19829.6914	-1
19837.8164	-1
19845.9414	-1
19854.0664	-1
19862.1914	-1
19870.3164	-1
19878.4414	-1
19886.5664	-1
19894.6914	-1
19902.8164	-1
19910.9531	1
19919.0898	-1
19927.2285	1
19935.3672	1
19943.5059	-1
19951.6445	-1
19959.7832	-1
19967.9219	-1
19976.0605	-1
19984.1992	-1
19992.3379	-1
20000.4766	-1
20008.6152	-1
20016.7539	-1
20024.8926	-1
20033.0312	-1
20041.1699	1
20049.3086	1
20057.4473	1
20065.5879	1
20073.7285	-1
20081.8691	-1
20090.0098	-1
20098.1504	-1
20106.2910	-1
20114.4316	-1
20122.5723	1
20130.7129	-1
20138.8535	-1
20146.9941	-1
20155.1348	-1
20163.2754	-1
20171.4160	-1
20179.5586	-1
20187.7012	-1
20195.8438	-1
20203.9863	-1
20212.1289	-1
20220.2715	-1
20228.4141	-1
20236.5566	-1
20244.6992	-1
20252.8418	-1
20260.9844	-1
20269.1270	-1
20277.2695	-1
20285.4121	-1
20293.5547	-1
20301.6973	-1
20309.8496	1
20318.0039	-1
20326.1582	1
20334.3125	1
20342.4668	-1
20350.6211	-1
20358.7773	-1
20366.9414	1
20375.1074	-1
20383.2734	1
20391.4395	1
20399.6074	-1
20407.7754	-1
20415.9531	1
20424.1309	-1
20432.3105	1
20440.4902	1
20448.6699	-1
20456.8496	-1
20465.0293	-1
20473.2090	-1
20481.3887	-1
20489.5684	-1
20497.7480	-1
20505.9277	-1
20514.1074	-1
20522.2871	-1
20530.4668	-1
20538.6465	-1
20546.8262	1
20555.0059	1
20563.1855	1
20571.3672	1
20579.5488	-1
20587.7305	-1
20595.9121	-1
20604.0938	-1
20612.2754	-1
20620.4570	-1
20628.6387	-1
20636.8203	-1
20645.0020	-1
20653.1836	-1
20661.3652	-1
20669.5469	-1
20677.7285	-1
20685.9102	-1
20694.0918	-1
20702.2734	-1
20710.4551	-1
20718.6367	-1
20726.8203	-1
20735.0039	-1
20743.1973	1
20751.3906	-1
20759.5840	1
20767.7793	1
20775.9746	-1
20784.1699	-1
20792.3652	-1
20800.5605	-1
20808.7559	-1
20816.9512	-1
20825.1465	-1
20833.3418	-1
20841.5371	-1
20849.7422	1
20857.9492	-1
20866.1562	1
20874.3633	1
20882.5723	-1
20890.7812	-1
20898.9902	-1
20907.2090	1
20915.4277	-1
20923.6465	1
20931.8652	1
20940.0859	-1
20948.3066	-1
20956.5371	1
20964.7676	-1
20973.0000	1
20981.2324	1
20989.4648	-1
20997.6973	-1
21005.9395	1
21014.1836	-1
21022.4277	1
21030.6719	1
21038.9160	-1
21047.1602	-1
21055.4141	1
21063.6699	-1
21071.9258	1
21080.1816	1
21088.4395	-1
21096.6973	-1
21104.9648	1
21113.2344	-1
21121.5039	1
21129.7734	1
21138.0430	-1
21146.3125	-1
21154.5820	-1
21162.8516	-1
21171.1211	-1
21179.3906	-1
21187.6602	-1
21195.9297	-1
21204.1992	-1
21212.4688	-1
21220.7383	-1
21229.0078	-1
21237.2773	1
21245.5469	1
21253.8164	1
21262.0859	1
21270.3574	-1
21278.6289	-1
21286.9004	-1
21295.1719	-1
21303.4434	-1
21311.7148	-1
21319.9863	-1
21328.2578	-1
21336.5293	-1
21344.8008	-1
21353.0723	-1
21361.3438	-1
21369.6152	-1
21377.8867	-1
21386.1582	-1
21394.4297	-1
21402.7012	-1
21410.9727	-1
21419.2441	-1
21427.5156	-1
21435.7871	-1
21444.0586	-1
21452.3301	-1
21460.6016	-1
21468.8730	1
21477.1445	1
21485.4160	1
21493.6875	1
21501.9590	1
21510.2305	1
21518.5020	1
21526.7734	-1
21535.0449	-1
21543.3164	-1
21551.5879	-1
21559.8594	-1
21568.1309	-1
21576.4043	-1
21584.6777	-1
21592.9512	-1
21601.2246	-1
21609.4980	-1
21617.7715	-1
21626.0449	-1
21634.3184	-1
21642.5918	-1
21650.8652	-1
21659.1387	-1
21667.4121	-1
21675.6855	-1
21683.9590	-1
21692.2324	-1
21700.5059	-1
21708.7793	-1
21717.0527	-1
21725.3262	-1
21733.5996	-1
21741.8730	-1
21750.1465	-1
21758.4199	-1
21766.6934	-1
21774.9668	-1
21783.2402	-1
21791.5137	-1
21799.7871	-1
21808.0605	-1
21816.3340	-1
21824.6074	-1
21832.8809	-1
21841.1543	-1
21849.4395	1
21857.7246	-1
21866.0098	1
21874.2949	1
21882.5801	-1
21890.8672	-1
21899.1641	1
21907.4609	-1
21915.7598	1
21924.0586	1
21932.3574	-1
21940.6562	-1
21948.9551	-1
21957.2539	-1
21965.5527	-1
21973.8516	-1
21982.1504	-1
21990.4492	-1
21998.7480	-1
22007.0469	-1
22015.3457	-1
22023.6445	-1
22031.9434	1
22040.2422	1
22048.5410	1
22056.8398	1
22065.1387	-1
22073.4375	-1
22081.7363	-1
22090.0352	-1
22098.3340	-1
22106.6328	-1
22114.9336	-1
22123.2344	-1
22131.5352	-1
22139.8359	-1
22148.1367	-1
22156.4375	-1
22164.7383	-1
22173.0391	-1
22181.3398	-1
22189.6406	-1
22197.9414	-1
22206.2422	-1
22214.5430	1
22222.8438	1
22231.1445	-1
22239.4453	-1
22247.7461	-1
22256.0469	-1
22264.3477	-1
22272.6484	-1
22280.9492	-1
22289.2500	-1
22297.5508	-1
22305.8516	-1
22314.1523	-1
22322.4531	-1
22330.7539	-1
22339.0645	1
22347.3770	-1
22355.6895	1
22364.0020	1
22372.3164	-1
22380.6309	-1
22388.9453	-1
22397.2598	-1
22405.5742	-1
22413.8887	-1
22422.2031	-1
22430.5176	-1
22438.8320	-1
22447.1465	-1
22455.4609	-1
22463.7754	-1
22472.0898	1
22480.4043	1
22488.7188	1
22497.0332	1
22505.3496	-1
22513.6660	-1
22521.9824	-1
22530.2988	-1
22538.6152	-1
22546.9316	-1
22555.2480	-1
22563.5645	-1
22571.8809	-1
22580.1973	-1
22588.5137	-1
22596.8301	-1
22605.1465	1
22613.4629	1
22621.7793	1
22630.0957	1
22638.4121	-1
22646.7285	-1
22655.0449	-1
22663.3613	-1
22671.6777	-1
22679.9941	-1
22688.3105	-1
22696.6270	-1
22704.9434	-1
22713.2598	-1
22721.5762	-1
22729.8926	-1
22738.2109	1
22746.5293	1
22754.8477	1
22763.1660	1
22771.4844	-1
22779.8027	-1
22788.1211	-1
22796.4395	-1
22804.7578	-1
22813.0762	-1
22821.3965	-1
22829.7168	-1
22838.0371	-1
22846.3574	-1
22854.6777	-1
22862.9980	-1
22871.3184	-1
22879.6387	-1
22887.9590	-1
22896.2793	-1
22904.5996	-1
22912.9199	-1
22921.2402	-1
22929.5605	-1
22937.8809	-1
22946.2012	-1
22954.5215	-1
22962.8418	-1
22971.1621	1
22979.4824	1
22987.8027	1
22996.1230	1
23004.4434	-1
23012.7656	-1
23021.0879	-1
23029.4102	-1
23037.7324	-1
23046.0547	-1
23054.3770	-1
23062.6992	-1
23071.0215	-1
23079.3438	-1
23087.6660	-1
23095.9883	-1
23104.3105	-1
23112.6328	-1
23120.9551	-1
23129.2773	-1
23137.5996	-1
23145.9219	-1
23154.2441	-1
23162.5664	-1
23170.8887	-1
23179.2109	-1
23187.5332	-1
23195.8555	-1
23204.1777	-1
23212.5000	-1
23220.8223	-1
23229.1445	-1
23237.4668	-1
23245.7891	-1
23254.1133	-1
23262.4375	-1
23270.7617	-1
23279.0859	-1
23287.4102	-1
23295.7344	-1
23304.0586	-1
23312.3828	-1
23320.7070	-1
23329.0312	-1
23337.3555	-1
23345.6797	-1
23354.0039	-1
23362.3379	1
23370.6738	-1
23379.0098	1
23387.3457	1
23395.6816	-1
23404.0176	-1
23412.3633	1
23420.7109	-1
23429.0586	1
23437.4062	1
23445.7539	-1
23454.1016	-1
23462.4609	1
23470.8203	-1
23479.1797	1
23487.5391	1
23495.9004	-1
23504.2617	-1
23512.6328	1
23521.0039	-1
23529.3770	1
23537.7500	1
23546.1230	-1
23554.4961	-1
23562.8789	1
23571.2617	-1
23579.6465	1
23588.0312	1
23596.4160	-1
23604.8008	-1
23613.1953	1
23621.5918	-1
23629.9883	1
23638.3848	1
23646.7812	-1
23655.1777	-1
23663.5742	-1
23671.9805	1
23680.3887	-1
23688.7969	1
23697.2051	1
23705.6133	-1
23714.0215	-1
23722.4316	-1
23730.8496	1
23739.2695	-1
23747.6895	1
23756.1094	1
23764.5293	-1
23772.9512	-1
23781.3809	1
23789.8125	-1
23798.2441	1
23806.6758	1
23815.1094	-1
23823.5430	-1
23831.9766	-1
23840.4199	1
23848.8633	-1
23857.3066	1
23865.7500	1
23874.1953	-1
23882.6406	-1
23891.0859	-1
23899.5410	1
23907.9961	-1
23916.4531	1
23924.9102	1
23933.3672	-1
23941.8242	-1
23950.2910	1
23958.7578	-1
23967.2266	1
23975.6953	1
23984.1641	-1
23992.6328	-1
24001.1113	1
24009.5918	-1
24018.0723	1
24026.5527	1
24035.0352	-1
24043.5176	-1
24052.0000	-1
24060.4824	-1
24068.9648	-1
24077.4473	-1
24085.9297	-1
24094.4121	-1
24102.8945	-1
24111.3770	-1
24119.8594	-1
24128.3418	-1
24136.8242	1
24145.3066	1
24153.7891	1
24162.2715	1
24170.7559	-1
24179.2402	-1
24187.7246	-1
24196.2090	-1
24204.6934	-1
24213.1777	-1
24221.6621	-1
24230.1465	-1
24238.6309	-1
24247.1152	-1
24255.5996	-1
24264.0840	-1
24272.5684	-1
24281.0527	-1
24289.5371	-1
24298.0215	-1
24306.5059	-1
24314.9902	-1
24323.4746	-1
24331.9590	-1
24340.4434	-1
24348.9277	-1
24357.4121	-1
24365.8965	-1
24374.3809	1
24382.8652	1
24391.3516	-1
24399.8379	-1
24408.3242	-1
24416.8105	-1
24425.2969	-1
24433.7832	-1
24442.2695	-1
24450.7559	-1
24459.2422	-1
24467.7285	-1
24476.2148	-1
24484.7109	1
24493.2070	-1
24501.7051	1
24510.2031	1
24518.7012	-1
24527.1992	-1
24535.6973	-1
24544.1953	-1
24552.6934	-1
24561.1914	-1
24569.6895	-1
24578.1875	-1
24586.6855	-1
24595.1836	-1
24603.6816	-1
24612.1797	-1
24620.6777	1
24629.1758	1
24637.6738	1
24646.1738	-1
24654.6738	-1
24663.1738	-1
24671.6738	-1
24680.1738	-1
24688.6738	-1
24697.1738	-1
24705.6738	-1
24714.1738	-1
24722.6738	-1
24731.1738	-1
24739.6738	-1
24748.1738	-1
24756.6836	1
24765.1953	-1
24773.7070	1
24782.2188	1
24790.7305	-1
24799.2422	-1
24807.7539	-1
24816.2656	-1
24824.7773	-1
24833.2891	-1
24841.8008	-1
24850.3125	-1
24858.8242	-1
24867.3359	-1
24875.8477	-1
24884.3594	-1
24892.8711	1
24901.3848	1
24909.8984	1
24918.4121	1
24926.9258	-1
24935.4395	-1
24943.9531	-1
24952.4668	-1
24960.9805	-1
24969.4941	-1
24978.0078	-1
24986.5215	-1
24995.0352	-1
25003.5488	-1
25012.0625	-1
25020.5762	-1
25029.0898	-1
25037.6035	-1
25046.1172	-1
25054.6309	-1
25063.1445	-1
25071.6582	-1
25080.1719	-1
25088.6855	-1
25097.1992	-1
25105.7129	-1
25114.2266	-1
25122.7402	-1
25131.2539	1
25139.7676	1
25148.2832	-1
25156.7988	-1
25165.3145	-1
25173.8301	-1
25182.3457	-1
25190.8613	-1
25199.3770	1
25207.8926	1
25216.4082	1
25224.9238	1
25233.4395	1
25241.9551	1
25250.4707	-1
25258.9863	-1
25267.5020	-1
25276.0176	-1
25284.5332	-1
25293.0488	-1
25301.5645	-1
25310.0801	-1
25318.5957	-1
25327.1113	-1
25335.6270	-1
25344.1426	-1
25352.6582	-1
25361.1738	-1
25369.6895	-1
25378.2051	-1
25386.7207	-1
25395.2363	-1
25403.7520	-1
25412.2676	-1
25420.7832	-1
25429.2988	-1
25437.8145	-1
25446.3301	-1
25454.8457	-1
25463.3613	1
25471.8770	-1
25480.3926	-1
25488.9082	-1
25497.4238	-1
25505.9395	-1
25514.4570	1
25522.9746	1
25531.4922	1
25540.0098	1
25548.5273	1
25557.0449	1
25565.5625	1
25574.0801	1
25582.5977	1
25591.1152	1
25599.6328	1
25608.1504	-1
25616.6680	-1
25625.1855	-1
25633.7031	-1
25642.2207	-1
25650.7383	-1
25659.2559	-1
25667.7734	-1
25676.2910	-1
25684.8086	-1
25693.3262	-1
25701.8438	-1
25710.3613	-1
25718.8789	-1
25727.3965	-1
25735.9141	-1
25744.4316	-1
25752.9492	-1
25761.4668	-1
25769.9844	-1
25778.5020	-1
25787.0195	-1
25795.5371	-1
25804.0547	-1
25812.5742	-1
25821.0938	-1
25829.6133	-1
25838.1328	-1
25846.6523	-1
25855.1719	-1
25863.6914	-1
25872.2109	-1
25880.7305	-1
25889.2500	-1
25897.7695	-1
25906.2891	-1
25914.8086	1
25923.3281	1
25931.8477	1
25940.3672	1
25948.8867	1
25957.4062	1
25965.9258	1
25974.4453	1
25982.9648	1
25991.4844	1
26000.0039	1
26008.5234	1
26017.0449	-1
26025.5664	-1
26034.0879	-1
26042.6094	-1
26051.1309	-1
26059.6523	-1
26068.1738	-1
26076.6953	-1
26085.2168	-1
26093.7383	-1
26102.2598	-1
26110.7812	-1
26119.3027	-1
26127.8242	-1
26136.3457	-1
26144.8672	-1
26153.3887	-1
26161.9102	-1
26170.4316	-1
26178.9531	-1
26187.4746	-1
26195.9961	-1
26204.5176	-1
26213.0391	-1
26221.5605	-1
26230.0820	-1
26238.6035	-1
26247.1250	-1
26255.6465	-1
26264.1680	-1
26272.6895	-1
26281.2109	-1
26289.7324	-1
26298.2539	-1
26306.7754	-1
26315.2969	-1
26323.8184	-1
26332.3398	-1
26340.8613	-1
26349.3828	-1
26357.9043	-1
26366.4258	-1
26374.9473	-1
26383.4688	-1
26391.9902	-1
26400.5117	-1
26409.0332	-1
26417.5547	-1
26426.0781	1
26434.6016	1
26443.1250	1
26451.6484	1
26460.1719	1
26468.6953	1
26477.2188	1
26485.7422	1
26494.2656	1
26502.7891	1
26511.3125	1
26519.8359	1
26528.3594	-1
26536.8828	-1
26545.4062	-1
26553.9297	-1
26562.4531	-1
26570.9766	-1
26579.5000	-1
26588.0234	-1
26596.5469	-1
26605.0703	-1
26613.5938	-1
26622.1172	-1
26630.6406	-1
26639.1641	-1
26647.6875	-1
26656.2109	-1
26664.7344	-1
26673.2578	-1
26681.7812	-1
26690.3047	-1
26698.8281	-1
26707.3516	-1
26715.8750	-1
26724.3984	-1
26732.9238	-1
26741.4492	-1
26749.9746	-1
26758.5000	-1
26767.0254	-1
26775.5508	-1
26784.0762	-1
26792.6016	-1
26801.1270	-1
26809.6523	-1
26818.1777	-1
26826.7031	-1
26835.2285	-1
26843.7539	-1
26852.2793	-1
26860.8047	-1
26869.3301	-1
26877.8555	-1
26886.3809	-1
26894.9062	-1
26903.4316	-1
26911.9570	-1
26920.4824	-1
26929.0078	-1
26937.5352	-1
26946.0625	-1
26954.5898	-1
26963.1172	-1
26971.6445	-1
26980.1719	-1
26988.6992	-1
26997.2266	-1
27005.7539	-1
27014.2812	-1
27022.8086	-1
27031.3359	-1
27039.8633	-1
27048.3906	-1
27056.9180	-1
27065.4453	-1
27073.9727	-1
27082.5000	-1
27091.0273	-1
27099.5547	-1
27108.0820	-1
27116.6094	-1
27125.1367	-1
27133.6641	-1
27142.1914	-1
27150.7188	-1
27159.2461	-1
27167.7734	-1
27176.3008	-1
27184.8281	-1
27193.3555	-1
27201.8828	-1
27210.4102	-1
27218.9375	-1
27227.4648	-1
27235.9922	-1
27244.5195	-1
27253.0469	-1
27261.5742	-1
27270.1016	-1
27278.6289	-1
27287.1562	-1
27295.6836	-1
27304.2109	-1
27312.7383	-1
27321.2656	-1
27329.7930	-1
27338.3203	-1
27346.8496	-1
27355.3789	-1
27363.9082	-1
27372.4375	-1
27380.9668	-1
27389.4961	-1
27398.0254	-1
27406.5547	-1
27415.0840	-1
27423.6133	-1
27432.1426	-1
27440.6719	-1
27449.2012	-1
27457.7305	-1
27466.2598	-1
27474.7891	-1
27483.3184	-1
27491.8477	-1
27500.3770	-1
27508.9062	-1
27517.4355	-1
27525.9648	-1
27534.4941	-1
27543.0234	-1
27551.5527	-1
27560.0820	-1
27568.6113	-1
27577.1406	-1
27585.6699	-1
27594.1992	-1
27602.7285	-1
27611.2578	-1
27619.7871	-1
27628.3164	-1
27636.8457	-1
27645.3750	-1
27653.9043	-1
27662.4336	-1
27670.9629	-1
27679.4922	-1
27688.0215	-1
27696.5508	-1
27705.0801	-1
27713.6094	-1
27722.1387	-1
27730.6680	-1
