0.0000	0
0.0007	-1
0.3180	888
1.0576	888
1.2735	888
1.2905	888
1.6607	888
1.7172	888
1.9921	888
2.0268	888
2.1722	-888
2.2221	888
2.2382	888
2.3451	888
2.4366	888
2.4740	888
2.4869	888
2.6537	888
2.9390	888
3.0173	-888
3.0616	888
3.0969	888
3.2571	-888
3.3274	-1
3.3751	-888
3.4971	888
3.5870	-888
3.7432	-888
3.8411	888
4.0326	888
4.3961	888
4.6392	888
4.6546	888
4.6748	888
4.6828	-888
4.6859	888
4.7796	888
4.8203	888
4.9887	888
5.3452	-888
5.4237	888
5.4333	888
5.5236	888
5.7066	888
5.7862	888
6.2802	888
6.4040	888
6.4954	888
6.5870	888
6.6550	1
6.6649	-888
6.7331	888
6.8501	888
6.8655	888
6.9278	888
6.9942	888
7.0130	888
7.2922	888
7.2925	-888
7.4729	888
7.4872	888
7.5373	888
7.5617	888
7.5620	888
7.6483	888
7.7518	888
7.9415	888
7.9625	888
8.1686	888
8.1842	888
8.2515	888
8.3383	888
8.5963	888
8.6382	888
8.6570	888
8.6724	888
9.0520	888
9.3458	888
9.6174	888
9.9841	888
10.3781	888
10.4450	-888
10.4515	888
10.5943	1
10.6247	888
10.8042	888
10.8493	888
11.0079	888
11.0572	888
11.0956	888
11.1791	888
11.1810	888
11.3275	888
11.6682	888
11.8332	888
12.0065	888
12.0387	888
12.5607	888
12.7611	888
12.9531	-888
12.9597	888
13.3030	888
13.3892	-888
13.3929	888
13.6137	888
13.8832	888
14.3584	-888
14.4495	888
14.7366	-1
15.3147	888
16.3399	-888
16.5479	888
16.7046	888
16.8223	888
17.7605	888
19.0674	1
19.1334	888
21.1122	888
22.9756	888
23.3999	-1
27.7335	1
32.0672	1
36.4020	-1
40.7369	-1
45.0719	-1
49.4204	1
53.7706	-1
58.1211	1
62.4717	1
66.8232	-1
71.1747	-1
75.5261	-1
79.8776	-1
84.2291	-1
88.5806	-1
92.9322	-1
97.2838	-1
101.6353	-1
106.0002	1
110.3668	-1
114.7337	1
119.1008	1
123.4685	-1
127.8362	-1
132.2040	-1
136.5717	-1
140.9395	-1
145.3072	-1
149.6751	-1
154.0430	-1
158.4109	-1
162.7788	-1
167.1467	-1
171.5146	-1
175.8828	1
180.2511	1
184.6201	-1
188.9891	-1
193.3581	-1
197.7271	-1
202.0961	-1
206.4651	-1
210.8342	-1
215.2034	-1
219.5725	-1
223.9416	-1
228.3107	-1
232.6931	1
237.0773	-1
241.4619	1
245.8468	1
250.2337	-1
254.6207	-1
259.0076	-1
263.3945	-1
267.7814	-1
272.1695	-1
276.5716	1
280.9752	-1
285.3793	1
289.7834	1
294.1888	-1
298.5943	-1
302.9997	-1
307.4051	-1
311.8105	-1
316.2160	-1
320.6215	-1
325.0271	-1
329.4326	-1
333.8382	-1
338.2437	-1
342.6493	-1
347.0553	1
351.4613	1
355.8674	1
360.2736	1
364.6825	-1
369.0915	-1
373.5005	-1
377.9094	-1
382.3184	-1
386.7274	-1
391.1365	-1
395.5456	-1
399.9547	-1
404.3638	-1
408.7729	-1
413.1821	-1
417.5921	-1
422.0021	-1
426.4121	-1
430.8221	-1
435.2322	-1
439.6422	-1
444.0524	-1
448.4625	-1
452.8727	-1
457.2828	-1
461.6930	-1
466.1031	-1
470.5135	1
474.9240	1
479.3345	1
483.7451	1
488.1573	-1
492.5695	-1
496.9817	-1
501.3940	-1
505.8062	-1
510.2184	-1
514.6307	-1
519.0431	-1
523.4554	-1
527.8678	-1
532.2802	-1
536.6925	-1
541.1052	-1
545.5179	-1
549.9307	-1
554.3434	-1
558.7561	-1
563.1688	-1
567.5817	-1
571.9945	-1
576.4073	-1
580.8203	-1
585.2464	1
589.6741	-1
594.1022	1
598.5305	1
602.9595	-1
607.3885	-1
611.8176	-1
616.2467	-1
620.6758	-1
625.1049	-1
629.5340	-1
633.9632	-1
638.3924	-1
642.8216	-1
647.2653	1
651.7109	-1
656.1571	1
660.6033	1
665.0510	-1
669.4987	-1
673.9464	-1
678.3940	-1
682.8417	-1
687.2895	-1
691.7506	1
696.2134	-1
700.6766	1
705.1400	1
709.6041	-1
714.0684	-1
718.5326	-1
722.9968	-1
727.4611	-1
731.9253	-1
736.3896	-1
740.8540	-1
745.3184	-1
749.7827	-1
754.2471	-1
758.7114	-1
763.1763	1
767.6413	1
772.1063	1
776.5714	1
781.0375	-1
785.5037	-1
789.9699	-1
794.4361	-1
798.9023	-1
803.3685	-1
807.8348	-1
812.3011	-1
816.7674	-1
821.2337	-1
825.7000	-1
830.1663	-1
834.6328	-1
839.0992	-1
843.5656	-1
848.0320	-1
852.4985	-1
856.9649	-1
861.4315	-1
865.8980	-1
870.3646	-1
874.8311	-1
879.2977	-1
883.7642	-1
888.2311	1
892.6981	1
897.1651	1
901.6322	1
906.0994	1
910.5666	1
915.0338	1
919.5011	1
923.9700	-1
928.4390	-1
932.9079	-1
937.3768	-1
941.8458	-1
946.3147	-1
950.7838	-1
955.2529	-1
959.7220	-1
964.1912	-1
968.6603	-1
973.1294	-1
977.5986	-1
982.0679	-1
986.5371	-1
991.0063	-1
995.4756	-1
999.9448	-1
1004.4143	1
1008.8839	1
1013.3535	1
1017.8232	1
1022.2930	-1
1026.7627	1
1031.2324	-1
1035.7021	-1
1040.1719	-1
1044.6416	-1
1049.1113	-1
1053.5812	1
1058.0511	-1
1062.5211	-1
1066.9911	-1
1071.4611	-1
1075.9310	-1
1080.4010	-1
1084.8712	-1
1089.3414	-1
1093.8116	-1
1098.2819	-1
1102.7521	-1
1107.2223	-1
1111.6926	-1
1116.1630	-1
1120.6333	-1
1125.1036	-1
1129.5740	-1
1134.0443	-1
1138.5149	-1
1142.9855	-1
1147.4561	-1
1151.9266	-1
1156.3972	-1
1160.8678	-1
1165.3387	1
1169.8097	1
1174.2812	1
1178.7528	1
1183.2245	1
1187.6962	1
1192.1678	1
1196.6395	1
1201.1113	1
1205.5831	1
1210.0562	-1
1214.5292	-1
1219.0022	-1
1223.4752	-1
1227.9482	-1
1232.4213	-1
1236.8944	-1
1241.3676	-1
1245.8407	-1
1250.3138	-1
1254.7870	-1
1259.2601	-1
1263.7334	-1
1268.2067	-1
1272.6799	-1
1277.1532	-1
1281.6265	-1
1286.0997	-1
1290.5747	-1
1295.0497	-1
1299.5247	-1
1303.9996	-1
1308.4746	-1
1312.9496	-1
1317.4247	-1
1321.8998	-1
1326.3749	-1
1330.8500	-1
1335.3251	-1
1339.8002	-1
1344.2754	-1
1348.7506	-1
1353.2258	-1
1357.7010	-1
1362.1763	-1
1366.6515	-1
1371.1268	-1
1375.6022	-1
1380.0775	-1
1384.5529	-1
1389.0282	-1
1393.5035	-1
1397.9790	-1
1402.4545	-1
1406.9299	-1
1411.4054	-1
1415.8809	-1
1420.3563	-1
1424.8319	-1
1429.3075	-1
1433.7831	-1
1438.2587	-1
1442.7343	-1
1447.2098	-1
1451.6855	-1
1456.1613	-1
1460.6370	-1
1465.1127	-1
1469.5884	-1
1474.0641	-1
1478.5399	-1
1483.0157	-1
1487.4916	-1
1491.9674	-1
1496.4432	-1
1500.9192	-1
1505.3951	-1
1509.8712	-1
1514.3473	-1
1518.8234	-1
1523.2994	-1
1527.7755	-1
1532.2516	-1
1536.7278	-1
1541.2040	-1
1545.6802	-1
1550.1564	-1
1554.6326	-1
1559.1089	-1
1563.5852	-1
1568.0615	-1
1572.5378	-1
1577.0142	-1
1581.4905	-1
1585.9672	1
1590.4440	1
1594.9208	1
1599.3977	1
1603.8748	1
1608.3518	1
1612.8291	1
1617.3064	1
1621.7838	1
1626.2612	1
1630.7386	1
1635.2162	1
1639.6938	1
1644.1715	1
1648.6493	1
1653.1271	1
1657.6049	1
1662.0828	1
1666.5608	1
1671.0388	1
1675.5168	1
1679.9950	1
1684.4731	1
1688.9513	1
1693.4296	1
1697.9078	1
1702.3862	1
1706.8646	-1
1711.3430	-1
1715.8214	-1
1720.2998	-1
1724.7782	-1
1729.2566	-1
1733.7350	1
1738.2136	-1
1742.6923	-1
1747.1709	-1
1751.6495	-1
1756.1282	-1
1760.6068	-1
1765.0887	-1
1769.5707	-1
1774.0526	-1
1778.5345	-1
1783.0165	-1
1787.4984	-1
1791.9805	-1
1796.4625	-1
1800.9446	-1
1805.4266	-1
1809.9087	-1
1814.3907	-1
1818.8729	-1
1823.3551	-1
1827.8373	-1
1832.3195	-1
1836.8016	-1
1841.2838	-1
1845.7661	-1
1850.2484	-1
1854.7307	-1
1859.2130	-1
1863.6953	-1
1868.1776	-1
1872.6600	-1
1877.1425	-1
1881.6249	-1
1886.1073	-1
1890.5897	-1
1895.0721	-1
1899.5547	-1
1904.0372	-1
1908.5198	-1
1913.0023	-1
1917.4849	-1
1921.9674	-1
1926.4501	-1
1930.9327	-1
1935.4154	-1
1939.8981	-1
1944.3807	-1
1948.8634	-1
1953.3462	-1
1957.8290	-1
1962.3118	-1
1966.7946	-1
1971.2773	-1
1975.7601	-1
1980.2430	-1
1984.7260	-1
1989.2089	-1
1993.6918	-1
1998.1747	-1
2002.6576	-1
2007.1406	-1
2011.6237	-1
2016.1068	-1
2020.5900	-1
2025.0731	-1
2029.5563	-1
2034.0396	-1
2038.5228	-1
2043.0061	-1
2047.4894	-1
2051.9727	-1
2056.4558	-1
2060.9392	-1
2065.4226	-1
2069.9060	-1
2074.3894	-1
2078.8728	-1
2083.3562	-1
2087.8396	-1
2092.3230	-1
2096.8064	-1
2101.2898	-1
2105.7732	-1
2110.2566	-1
2114.7402	-1
2119.2239	-1
2123.7075	-1
2128.1912	-1
2132.6748	-1
2137.1584	-1
2141.6421	-1
2146.1257	-1
2150.6094	-1
2155.0930	-1
2159.5767	-1
2164.0603	-1
2168.5447	1
2173.0291	1
2177.5137	1
2181.9983	1
2186.4861	1
2190.9739	1
2195.4617	1
2199.9495	1
2204.4375	1
2208.9255	1
2213.4136	1
2217.9016	-1
2222.3896	-1
2226.8777	-1
2231.3657	-1
2235.8538	-1
2240.3418	-1
2244.8298	1
2249.3179	1
2253.8059	1
2258.2942	1
2262.7825	1
2267.2708	-1
2271.7590	-1
2276.2473	-1
2280.7356	-1
2285.2239	-1
2289.7122	-1
2294.2004	1
2298.6887	1
2303.1770	1
2307.6653	1
2312.1538	1
2316.6423	-1
2321.1309	-1
2325.6194	-1
2330.1079	-1
2334.5964	-1
2339.0850	-1
2343.5735	1
2348.0620	1
2352.5505	-1
2357.0391	-1
2361.5276	-1
2366.0161	-1
2370.5046	-1
2374.9932	-1
2379.4819	-1
2383.9707	-1
2388.4595	-1
2392.9482	-1
2397.4370	-1
2401.9258	-1
2406.4148	-1
2410.9038	-1
2415.3928	-1
2419.8818	-1
2424.3708	-1
2428.8599	-1
2433.3491	-1
2437.8384	-1
2442.3276	-1
2446.8169	-1
2451.3062	-1
2455.7954	-1
2460.2849	-1
2464.7744	-1
2469.2639	-1
2473.7534	-1
2478.2429	-1
2482.7324	-1
2487.2219	-1
2491.7114	-1
2496.2009	-1
2500.6904	-1
2505.1799	-1
2509.6694	-1
2514.1592	-1
2518.6489	-1
2523.1387	-1
2527.6284	-1
2532.1182	-1
2536.6079	-1
2541.0984	-1
2545.5889	-1
2550.0793	-1
2554.5698	-1
2559.0603	-1
2563.5508	-1
2568.0420	-1
2572.5332	-1
2577.0244	-1
2581.5156	-1
2586.0071	-1
2590.4985	-1
2594.9900	-1
2599.4814	-1
2603.9729	-1
2608.4644	-1
2612.9558	-1
2617.4473	-1
2621.9390	-1
2626.4307	-1
2630.9224	-1
2635.4141	-1
2639.9058	-1
2644.3975	-1
2648.8892	-1
2653.3809	-1
2657.8726	-1
2662.3643	-1
2666.8560	-1
2671.3477	-1
2675.8411	-1
2680.3345	-1
2684.8279	-1
2689.3213	-1
2693.8147	-1
2698.3081	-1
2702.8018	-1
2707.2954	-1
2711.7891	-1
2716.2827	-1
2720.7764	-1
2725.2700	-1
2729.7639	-1
2734.2578	-1
2738.7517	-1
2743.2456	-1
2747.7395	-1
2752.2334	-1
2756.7275	-1
2761.2217	-1
2765.7158	-1
2770.2100	-1
2774.7041	-1
2779.1982	-1
2783.6926	-1
2788.1870	-1
2792.6814	-1
2797.1758	-1
2801.6702	-1
2806.1646	-1
2810.6597	-1
2815.1548	-1
2819.6499	-1
2824.1450	-1
2828.6401	-1
2833.1353	-1
2837.6306	-1
2842.1260	-1
2846.6213	-1
2851.1167	-1
2855.6121	-1
2860.1074	-1
2864.6038	-1
2869.1001	-1
2873.5964	-1
2878.0928	-1
2882.5891	-1
2887.0854	-1
2891.5820	-1
2896.0786	-1
2900.5752	-1
2905.0718	-1
2909.5684	-1
2914.0649	-1
2918.5615	-1
2923.0581	-1
2927.5547	-1
2932.0513	-1
2936.5479	-1
2941.0444	-1
2945.5413	-1
2950.0381	-1
2954.5349	-1
2959.0317	-1
2963.5286	-1
2968.0254	-1
2972.5225	-1
2977.0195	-1
2981.5166	-1
2986.0137	-1
2990.5107	-1
2995.0078	-1
2999.5049	-1
3004.0020	-1
3008.4990	-1
3012.9961	-1
3017.4932	-1
3021.9902	-1
3026.4875	-1
3030.9849	-1
3035.4822	-1
3039.9795	-1
3044.4768	-1
3048.9741	-1
3053.4714	-1
3057.9688	-1
3062.4661	-1
3066.9634	-1
3071.4607	-1
3075.9580	-1
3080.4556	-1
3084.9531	-1
3089.4507	-1
3093.9482	-1
3098.4458	-1
3102.9434	-1
3107.4409	-1
3111.9385	-1
3116.4360	-1
3120.9336	-1
3125.4312	-1
3129.9287	-1
3134.4265	-1
3138.9243	-1
3143.4221	-1
3147.9199	-1
3152.4177	-1
3156.9155	-1
3161.4136	-1
3165.9116	-1
3170.4099	-1
3174.9082	-1
3179.4065	-1
3183.9048	-1
3188.4033	-1
3192.9019	-1
3197.4004	-1
3201.8989	-1
3206.3975	-1
3210.8960	-1
3215.3945	-1
3219.8933	-1
3224.3921	-1
3228.8909	-1
3233.4041	1
3237.9189	-1
3242.4343	1
3246.9497	1
3251.4668	-1
3255.9839	-1
3260.5010	-1
3265.0181	-1
3269.5352	-1
3274.0522	-1
3278.5696	-1
3283.0869	-1
3287.6042	-1
3292.1216	-1
3296.6389	-1
3301.1562	-1
3305.6741	1
3310.1919	1
3314.7097	1
3319.2278	1
3323.7471	-1
3328.2664	-1
3332.7856	-1
3337.3049	-1
3341.8242	-1
3346.3435	-1
3350.8633	1
3355.3833	1
3359.9033	-1
3364.4233	-1
3368.9434	-1
3373.4634	-1
3377.9834	-1
3382.5034	-1
3387.0237	-1
3391.5439	-1
3396.0642	-1
3400.5845	-1
3405.1047	-1
3409.6250	-1
3414.1455	-1
3418.6660	-1
3423.1865	-1
3427.7070	-1
3432.2275	-1
3436.7480	-1
3441.2698	1
3445.7915	1
3450.3135	1
3454.8354	1
3459.3574	1
3463.8794	1
3468.4026	-1
3472.9258	-1
3477.4490	-1
3481.9722	-1
3486.4954	-1
3491.0186	-1
3495.5420	-1
3500.0654	-1
3504.5889	-1
3509.1123	-1
3513.6357	-1
3518.1592	-1
3522.6838	1
3527.2085	1
3531.7332	1
3536.2578	1
3540.7834	-1
3545.3091	-1
3549.8347	-1
3554.3604	-1
3558.8862	-1
3563.4121	-1
3567.9382	-1
3572.4644	-1
3576.9905	-1
3581.5166	-1
3586.0427	-1
3590.5688	-1
3595.0952	1
3599.6216	1
3604.1484	1
3608.6755	1
3613.2043	-1
3617.7332	-1
3622.2620	-1
3626.7908	-1
3631.3196	-1
3635.8484	-1
3640.3774	-1
3644.9065	-1
3649.4355	-1
3653.9646	-1
3658.4937	-1
3663.0227	-1
3667.5520	-1
3672.0813	-1
3676.6106	-1
3681.1399	-1
3685.6692	-1
3690.1985	-1
3694.7278	-1
3699.2571	-1
3703.7864	-1
3708.3157	-1
3712.8450	-1
3717.3743	-1
3721.9038	-1
3726.4333	-1
3730.9629	-1
3735.4924	-1
3740.0220	-1
3744.5515	-1
3749.0828	-1
3753.6140	-1
3758.1453	-1
3762.6765	-1
3767.2078	-1
3771.7390	-1
3776.2703	-1
3780.8015	-1
3785.3328	-1
3789.8640	-1
3794.3953	-1
3798.9265	-1
3803.4580	-1
3807.9895	-1
3812.5210	-1
3817.0525	-1
3821.5840	-1
3826.1155	-1
3830.6470	-1
3835.1785	-1
3839.7100	-1
3844.2415	-1
3848.7729	-1
3853.3044	-1
3857.8359	-1
3862.3674	-1
3866.8989	-1
3871.4304	-1
3875.9619	-1
3880.4934	-1
3885.0249	-1
3889.5564	-1
3894.0879	-1
3898.6194	-1
3903.1511	-1
3907.6829	-1
3912.2146	-1
3916.7463	-1
3921.2781	-1
3925.8098	-1
3930.3416	-1
3934.8733	-1
3939.4050	1
3943.9368	1
3948.4688	1
3953.0007	1
3957.5327	1
3962.0647	1
3966.5967	1
3971.1287	1
3975.6609	1
3980.1931	1
3984.7261	1
3989.2593	1
3993.7935	1
3998.3276	1
4002.8621	1
4007.3965	1
4011.9309	1
4016.4653	1
4020.9998	1
4025.5342	1
4030.0686	1
4034.6030	1
4039.1377	1
4043.6741	-1
4048.2104	-1
4052.7468	-1
4057.2832	-1
4061.8198	-1
4066.3564	-1
4070.8931	-1
4075.4297	-1
4079.9663	-1
4084.5029	-1
4089.0396	-1
4093.5762	-1
4098.1133	-1
4102.6504	-1
4107.1875	-1
4111.7246	-1
4116.2617	-1
4120.7988	-1
4125.3359	-1
4129.8730	-1
4134.4102	-1
4138.9473	-1
4143.4844	-1
4148.0215	-1
4152.5586	-1
4157.0957	-1
4161.6328	-1
4166.1699	-1
4170.7070	-1
4175.2441	-1
4179.7817	-1
4184.3193	-1
4188.8569	-1
4193.3945	-1
4197.9321	-1
4202.4697	-1
4207.0088	-1
4211.5479	-1
4216.0869	-1
4220.6260	-1
4225.1650	-1
4229.7041	-1
4234.2437	-1
4238.7832	-1
4243.3228	-1
4247.8623	-1
4252.4019	-1
4256.9414	-1
4261.4814	-1
4266.0215	-1
4270.5615	-1
4275.1016	-1
4279.6416	-1
4284.1816	-1
4288.7217	-1
4293.2617	-1
4297.8018	-1
4302.3418	-1
4306.8818	-1
4311.4219	-1
4315.9629	-1
4320.5039	-1
4325.0449	-1
4329.5859	-1
4334.1270	-1
4338.6680	-1
4343.2104	-1
4347.7529	-1
4352.2954	-1
4356.8379	-1
4361.3804	-1
4365.9229	-1
4370.4668	-1
4375.0107	-1
4379.5547	-1
4384.0986	-1
4388.6426	-1
4393.1870	-1
4397.7314	-1
4402.2759	-1
4406.8203	-1
4411.3647	-1
4415.9092	-1
4420.4536	-1
4424.9980	-1
4429.5425	-1
4434.0869	-1
4438.6313	-1
4443.1758	-1
4447.7202	-1
4452.2646	-1
4456.8091	-1
4461.3535	-1
4465.8979	-1
4470.4424	-1
4474.9868	-1
4479.5317	-1
4484.0767	-1
4488.6216	-1
4493.1665	-1
4497.7114	-1
4502.2563	-1
4506.8013	-1
4511.3462	-1
4515.8911	-1
4520.4360	-1
4524.9810	-1
4529.5259	-1
4534.0708	-1
4538.6157	-1
4543.1606	-1
4547.7056	-1
4552.2505	-1
4556.7954	-1
4561.3403	-1
4565.8853	-1
4570.4302	-1
4574.9751	-1
4579.5200	-1
4584.0649	-1
4588.6104	-1
4593.1558	-1
4597.7012	-1
4602.2466	-1
4606.7920	-1
4611.3374	-1
4615.8828	-1
4620.4282	-1
4624.9736	-1
4629.5190	-1
4634.0645	-1
4638.6099	-1
4643.1553	-1
4647.7007	-1
4652.2461	-1
4656.7915	-1
4661.3511	1
4665.9121	-1
4670.4736	1
4675.0352	1
4679.5977	-1
4684.1602	-1
4688.7227	-1
4693.2852	-1
4697.8477	-1
4702.4102	-1
4706.9731	-1
4711.5361	-1
4716.1123	1
4720.6904	-1
4725.2686	1
4729.8472	1
4734.4268	-1
4739.0063	-1
4743.5859	-1
4748.1655	-1
4752.7451	-1
4757.3247	-1
4761.9043	-1
4766.4839	-1
4771.0635	-1
4775.6431	-1
4780.2227	-1
4784.8022	-1
4789.3823	1
4793.9634	-1
4798.5444	-1
4803.1255	-1
4807.7065	-1
4812.2876	-1
4816.8691	-1
4821.4634	1
4826.0591	-1
4830.6553	1
4835.2515	1
4839.8486	-1
4844.4458	-1
4849.0430	-1
4853.6401	-1
4858.2373	-1
4862.8345	-1
4867.4316	-1
4872.0288	-1
4876.6260	-1
4881.2231	-1
4885.8203	-1
4890.4312	1
4895.0435	-1
4899.6562	1
4904.2690	1
4908.8838	-1
4913.4985	-1
4918.1133	-1
4922.7280	-1
4927.3428	-1
4931.9575	-1
4936.5723	-1
4941.1870	-1
4945.8018	-1
4950.4165	-1
4955.0312	-1
4959.6460	-1
4964.2612	1
4968.8770	1
4973.4927	1
4978.1084	1
4982.7275	-1
4987.3467	-1
4991.9658	-1
4996.5850	-1
5001.2041	-1
5005.8232	-1
5010.4424	-1
5015.0615	-1
5019.6807	-1
5024.2998	-1
5028.9189	-1
5033.5381	-1
5038.1572	-1
5042.7764	-1
5047.3955	-1
5052.0146	-1
5056.6338	-1
5061.2529	-1
5065.8721	-1
5070.4912	-1
5075.1104	-1
5079.7295	-1
5084.3486	-1
5088.9678	-1
5093.5874	1
5098.2070	1
5102.8267	1
5107.4468	1
5112.0669	1
5116.6870	1
5121.3071	1
5125.9272	1
5130.5498	-1
5135.1724	-1
5139.7949	-1
5144.4175	-1
5149.0400	-1
5153.6626	-1
5158.2856	-1
5162.9087	-1
5167.5317	-1
5172.1548	-1
5176.7778	-1
5181.4009	-1
5186.0239	-1
5190.6470	-1
5195.2700	-1
5199.8931	-1
5204.5161	-1
5209.1392	-1
5213.7622	-1
5218.3853	-1
5223.0083	-1
5227.6313	-1
5232.2544	-1
5236.8774	-1
5241.5010	-1
5246.1245	-1
5250.7480	-1
5255.3716	-1
5259.9951	-1
5264.6187	-1
5269.2422	-1
5273.8657	-1
5278.4893	-1
5283.1128	-1
5287.7363	-1
5292.3599	-1
5296.9834	-1
5301.6069	-1
5306.2305	-1
5310.8540	-1
5315.4775	-1
5320.1011	-1
5324.7246	-1
5329.3481	-1
5333.9717	-1
5338.5952	-1
5343.2188	-1
5347.8423	-1
5352.4663	1
5357.0903	1
5361.7148	1
5366.3394	1
5370.9639	1
5375.5884	1
5380.2129	1
5384.8374	1
5389.4619	1
5394.0864	1
5398.7114	1
5403.3364	1
5407.9614	1
5412.5864	1
5417.2114	1
5421.8364	1
5426.4634	-1
5431.0903	-1
5435.7173	-1
5440.3442	-1
5444.9712	-1
5449.5981	-1
5454.2256	-1
5458.8530	-1
5463.4805	-1
5468.1079	-1
5472.7354	-1
5477.3628	-1
5481.9917	-1
5486.6206	-1
5491.2495	-1
5495.8784	-1
5500.5073	-1
5505.1362	-1
5509.7651	-1
5514.3940	-1
5519.0229	-1
5523.6519	-1
5528.2808	-1
5532.9097	-1
5537.5386	-1
5542.1675	-1
5546.7964	-1
5551.4253	-1
5556.0542	-1
5560.6831	-1
5565.3120	1
5569.9414	-1
5574.5708	-1
5579.2002	-1
5583.8296	-1
5588.4590	-1
5593.0884	-1
5597.7178	1
5602.3472	1
5606.9766	1
5611.6074	-1
5616.2383	-1
5620.8691	-1
5625.5000	-1
5630.1309	-1
5634.7617	-1
5639.3926	-1
5644.0234	-1
5648.6543	-1
5653.2852	-1
5657.9160	-1
5662.5469	-1
5667.1792	-1
5671.8115	-1
5676.4438	-1
5681.0762	-1
5685.7085	-1
5690.3408	-1
5694.9731	-1
5699.6055	-1
5704.2378	-1
5708.8701	-1
5713.5024	-1
5718.1348	-1
5722.7676	-1
5727.4004	-1
5732.0332	-1
5736.6660	-1
5741.2988	-1
5745.9316	-1
5750.5645	-1
5755.1973	-1
5759.8301	-1
5764.4629	-1
5769.0957	-1
5773.7285	-1
5778.3618	-1
5782.9951	-1
5787.6284	-1
5792.2617	-1
5796.8950	-1
5801.5283	-1
5806.1616	-1
5810.7949	-1
5815.4282	-1
5820.0615	-1
5824.6948	-1
5829.3281	-1
5833.9619	-1
5838.5957	-1
5843.2295	-1
5847.8633	-1
5852.4971	-1
5857.1309	-1
5861.7646	-1
5866.3984	-1
5871.0322	-1
5875.6660	-1
5880.2998	-1
5884.9336	-1
5889.5688	-1
5894.2041	-1
5898.8394	-1
5903.4746	-1
5908.1099	-1
5912.7451	-1
5917.3809	-1
5922.0166	-1
5926.6523	-1
5931.2881	-1
5935.9238	-1
5940.5596	-1
5945.1953	-1
5949.8311	-1
5954.4668	-1
5959.1025	-1
5963.7383	-1
5968.3740	-1
5973.0098	-1
5977.6455	-1
5982.2944	1
5986.9453	-1
5991.5967	1
5996.2480	1
6000.9004	-1
6005.5527	-1
6010.2051	-1
6014.8706	1
6019.5381	-1
6024.2065	1
6028.8750	1
6033.5449	-1
6038.2148	-1
6042.8848	-1
6047.5547	-1
6052.2246	-1
6056.9077	1
6061.5928	-1
6066.2783	1
6070.9639	1
6075.6509	-1
6080.3379	-1
6085.0249	-1
6089.7119	-1
6094.3989	-1
6099.0859	-1
6103.7729	-1
6108.4600	-1
6113.1470	-1
6117.8340	-1
6122.5210	-1
6127.2080	-1
6131.8955	1
6136.5830	1
6141.2720	-1
6145.9609	-1
6150.6499	-1
6155.3389	-1
6160.0278	-1
6164.7168	-1
6169.4058	-1
6174.0947	-1
6178.7964	1
6183.5000	-1
6188.2036	1
6192.9077	1
6197.6128	-1
6202.3179	-1
6207.0229	-1
6211.7280	-1
6216.4331	-1
6221.1382	-1
6225.8433	-1
6230.5483	-1
6235.2534	-1
6239.9585	-1
6244.6636	-1
6249.3687	-1
6254.0742	1
6258.7798	1
6263.4854	1
6268.1909	1
6272.8979	-1
6277.6050	-1
6282.3120	-1
6287.0190	-1
6291.7261	-1
6296.4331	-1
6301.1406	-1
6305.8481	-1
6310.5557	-1
6315.2632	-1
6319.9707	-1
6324.6782	-1
6329.3857	-1
6334.0933	-1
6338.8008	-1
6343.5083	-1
6348.2158	-1
6352.9233	-1
6357.6309	-1
6362.3384	-1
6367.0459	-1
6371.7534	-1
6376.4609	-1
6381.1685	-1
6385.8765	1
6390.5845	1
6395.2930	1
6400.0015	1
6404.7100	1
6409.4185	1
6414.1270	1
6418.8354	1
6423.5454	-1
6428.2554	-1
6432.9653	-1
6437.6753	-1
6442.3853	-1
6447.0952	-1
6451.8057	1
6456.5166	1
6461.2285	-1
6465.9404	-1
6470.6523	-1
6475.3643	-1
6480.0762	-1
6484.7881	-1
6489.5000	-1
6494.2119	-1
6498.9238	-1
6503.6357	-1
6508.3477	-1
6513.0596	-1
6517.7720	-1
6522.4844	-1
6527.1968	-1
6531.9092	-1
6536.6216	-1
6541.3340	-1
6546.0464	-1
6550.7588	-1
6555.4712	-1
6560.1836	-1
6564.8960	-1
6569.6084	-1
6574.3208	-1
6579.0332	-1
6583.7456	-1
6588.4580	-1
6593.1704	-1
6597.8828	-1
6602.5952	-1
6607.3076	-1
6612.0200	-1
6616.7324	-1
6621.4448	-1
6626.1572	-1
6630.8701	-1
6635.5830	-1
6640.2959	-1
6645.0088	-1
6649.7217	-1
6654.4346	-1
6659.1479	-1
6663.8613	-1
6668.5747	-1
6673.2881	-1
6678.0015	-1
6682.7148	-1
6687.4292	1
6692.1436	1
6696.8579	1
6701.5723	1
6706.2866	-1
6711.0010	-1
6715.7153	-1
6720.4297	-1
6725.1440	-1
6729.8584	-1
6734.5728	1
6739.2871	1
6744.0015	1
6748.7158	1
6753.4326	-1
6758.1494	-1
6762.8662	-1
6767.5830	-1
6772.2998	-1
6777.0166	-1
6781.7334	-1
6786.4502	-1
6791.1670	-1
6795.8838	-1
6800.6006	-1
6805.3174	-1
6810.0356	-1
6814.7539	-1
6819.4722	-1
6824.1904	-1
6828.9087	-1
6833.6270	-1
6838.3452	-1
6843.0635	-1
6847.7817	-1
6852.5000	-1
6857.2183	-1
6861.9365	-1
6866.6548	-1
6871.3730	-1
6876.0913	-1
6880.8096	-1
6885.5278	-1
6890.2461	-1
6894.9648	-1
6899.6836	-1
6904.4023	-1
6909.1211	-1
6913.8398	-1
6918.5586	-1
6923.2773	-1
6927.9961	-1
6932.7148	-1
6937.4336	-1
6942.1523	-1
6946.8711	-1
6951.5898	-1
6956.3086	-1
6961.0273	-1
6965.7593	1
6970.4927	-1
6975.2266	1
6979.9609	1
6984.6963	-1
6989.4316	-1
6994.1670	-1
6998.9023	-1
7003.6377	-1
7008.3730	-1
7013.1089	-1
7017.8447	-1
7022.5938	1
7027.3442	-1
7032.0952	1
7036.8462	1
7041.5981	-1
7046.3501	-1
7051.1021	-1
7055.8540	-1
7060.6060	-1
7065.3579	-1
7070.1104	-1
7074.8750	1
7079.6411	-1
7084.4077	1
7089.1743	1
7093.9424	-1
7098.7104	-1
7103.4785	-1
7108.2466	-1
7113.0146	-1
7117.8013	1
7122.5898	-1
7127.3789	1
7132.1680	1
7136.9580	-1
7141.7480	-1
7146.5381	-1
7151.3281	-1
7156.1182	-1
7160.9082	-1
7165.6992	-1
7170.4902	-1
7175.2812	-1
7180.0723	-1
7184.8633	-1
7189.6543	-1
7194.4458	1
7199.2373	1
7204.0293	1
7208.8218	-1
7213.6143	-1
7218.4067	-1
7223.1992	-1
7227.9917	-1
7232.7842	-1
7237.5767	-1
7242.3691	-1
7247.1616	-1
7251.9541	-1
7256.7466	-1
7261.5391	-1
7266.3320	1
7271.1250	-1
7275.9180	-1
7280.7109	-1
7285.5039	-1
7290.2969	-1
7295.0898	-1
7299.8833	1
7304.6768	1
7309.4702	1
7314.2637	1
7319.0571	1
7323.8506	1
7328.6445	-1
7333.4390	-1
7338.2334	-1
7343.0278	-1
7347.8223	-1
7352.6167	-1
7357.4111	1
7362.2056	1
7367.0015	-1
7371.7974	-1
7376.5933	-1
7381.3892	-1
7386.1851	-1
7390.9810	-1
7395.7769	-1
7400.5728	-1
7405.3687	-1
7410.1646	-1
7414.9604	-1
7419.7563	-1
7424.5522	-1
7429.3481	-1
7434.1445	-1
7438.9409	-1
7443.7373	-1
7448.5337	-1
7453.3301	-1
7458.1265	-1
7462.9229	-1
7467.7192	-1
7472.5156	-1
7477.3120	-1
7482.1084	-1
7486.9048	-1
7491.7012	-1
7496.4976	-1
7501.2939	-1
7506.0903	-1
7510.8867	-1
7515.6831	-1
7520.4795	-1
7525.2759	-1
7530.0723	-1
7534.8687	-1
7539.6655	-1
7544.4624	-1
7549.2593	-1
7554.0562	-1
7558.8530	-1
7563.6499	-1
7568.4468	-1
7573.2437	-1
7578.0405	-1
7582.8374	-1
7587.6343	-1
7592.4312	-1
7597.2280	1
7602.0249	1
7606.8223	1
7611.6196	1
7616.4170	1
7621.2144	1
7626.0117	1
7630.8105	-1
7635.6094	-1
7640.4082	-1
7645.2070	-1
7650.0059	-1
7654.8047	-1
7659.6035	-1
7664.4023	-1
7669.2012	-1
7674.0000	-1
7678.7988	-1
7683.5977	-1
7688.3970	-1
7693.1963	-1
7697.9956	-1
7702.7949	-1
7707.5942	-1
7712.3936	-1
7717.1929	-1
7721.9922	-1
7726.7915	-1
7731.5908	-1
7736.3901	-1
7741.1895	-1
7745.9888	-1
7750.7881	-1
7755.5874	-1
7760.3867	-1
7765.1860	-1
7769.9854	-1
7774.7852	-1
7779.5850	-1
7784.3848	-1
7789.1846	-1
7793.9844	-1
7798.7842	-1
7803.5840	-1
7808.3838	-1
7813.1836	-1
7817.9834	-1
7822.7832	-1
7827.5967	1
7832.4116	-1
7837.2271	1
7842.0425	1
7846.8594	-1
7851.6768	-1
7856.4941	-1
7861.3115	-1
7866.1289	-1
7870.9463	-1
7875.7637	-1
7880.5811	-1
7885.3984	-1
7890.2158	-1
7895.0332	-1
7899.8506	-1
7904.6685	1
7909.4863	1
7914.3042	1
7919.1221	1
7923.9414	-1
7928.7607	-1
7933.5801	-1
7938.3994	-1
7943.2188	-1
7948.0381	-1
7952.8579	1
7957.6777	1
7962.4976	-1
7967.3174	-1
7972.1372	-1
7976.9570	-1
7981.7769	-1
7986.5967	-1
7991.4175	-1
7996.2383	-1
8001.0591	-1
8005.8799	-1
8010.7007	-1
8015.5215	-1
8020.3423	-1
8025.1631	-1
8029.9839	-1
8034.8047	-1
8039.6255	-1
8044.4463	-1
8049.2671	1
8054.0879	1
8058.9097	-1
8063.7314	-1
8068.5532	-1
8073.3750	-1
8078.1968	-1
8083.0186	-1
8087.8403	-1
8092.6621	-1
8097.4839	-1
8102.3057	-1
8107.1274	-1
8111.9492	-1
8116.7720	1
8121.5947	1
8126.4175	1
8131.2402	1
8136.0630	1
8140.8862	-1
8145.7095	-1
8150.5327	-1
8155.3560	-1
8160.1792	-1
8165.0024	-1
8169.8257	1
8174.6489	1
8179.4722	1
8184.2954	-1
8189.1187	-1
8193.9414	-1
8198.7646	-1
8203.5879	-1
8208.4111	-1
8213.2354	1
8218.0596	1
8222.8838	1
8227.7080	1
8232.5352	-1
8237.3623	-1
8242.1895	-1
8247.0166	-1
8251.8438	-1
8256.6709	-1
8261.4980	-1
8266.3252	-1
8271.1523	-1
8275.9795	-1
8280.8066	-1
8285.6338	-1
8290.4609	-1
8295.2881	-1
8300.1152	-1
8304.9424	-1
8309.7695	-1
8314.5967	-1
8319.4238	-1
8324.2510	-1
8329.0781	-1
8333.9053	-1
8338.7324	-1
8343.5596	-1
8348.3877	-1
8353.2158	-1
8358.0439	-1
8362.8721	-1
8367.7002	-1
8372.5283	-1
8377.3564	-1
8382.1846	-1
8387.0127	-1
8391.8408	-1
8396.6689	-1
8401.4971	-1
8406.3252	-1
8411.1533	-1
8415.9814	-1
8420.8096	-1
8425.6377	-1
8430.4658	-1
8435.2939	-1
8440.1221	-1
8444.9502	-1
8449.7783	-1
8454.6064	-1
8459.4346	-1
8464.2637	1
8469.0928	-1
8473.9219	-1
8478.7510	-1
8483.5801	-1
8488.4092	-1
8493.2383	-1
8498.0674	-1
8502.8965	-1
8507.7256	-1
8512.5547	-1
8517.3838	-1
8522.2129	-1
8527.0430	-1
8531.8730	-1
8536.7031	-1
8541.5332	-1
8546.3633	-1
8551.1934	-1
8556.0234	-1
8560.8535	-1
8565.6836	-1
8570.5137	-1
8575.3438	-1
8580.1738	-1
8585.0049	-1
8589.8359	-1
8594.6670	-1
8599.4980	-1
8604.3418	1
8609.1875	-1
8614.0332	1
8618.8789	1
8623.7256	-1
8628.5723	-1
8633.4189	-1
8638.2656	-1
8643.1123	-1
8647.9590	-1
8652.8057	-1
8657.6523	-1
8662.4990	-1
8667.3457	-1
8672.1924	-1
8677.0391	-1
8681.8867	1
8686.7344	1
8691.5820	1
8696.4297	1
8701.2783	-1
8706.1270	-1
8710.9756	-1
8715.8242	-1
8720.6729	-1
8725.5215	-1
8730.3701	-1
8735.2188	-1
8740.0674	-1
8744.9160	-1
8749.7646	-1
8754.6133	-1
8759.4619	-1
8764.3105	-1
8769.1592	-1
8774.0078	-1
8778.8564	-1
8783.7051	-1
8788.5537	-1
8793.4023	-1
8798.2520	-1
8803.1016	-1
8807.9512	-1
8812.8008	-1
8817.6504	1
8822.5000	1
8827.3496	1
8832.1992	1
8837.0488	1
8841.8984	1
8846.7480	1
8851.5977	1
8856.4482	-1
8861.2988	-1
8866.1494	-1
8871.0000	-1
8875.8506	-1
8880.7012	-1
8885.5518	-1
8890.4023	-1
8895.2529	-1
8900.1035	-1
8904.9541	-1
8909.8047	-1
8914.6562	-1
8919.5078	-1
8924.3594	-1
8929.2109	-1
8934.0625	-1
8938.9141	-1
8943.7656	-1
8948.6172	-1
8953.4688	-1
8958.3203	-1
8963.1719	-1
8968.0234	-1
8972.8760	1
8977.7285	1
8982.5811	-1
8987.4336	-1
8992.2861	-1
8997.1387	-1
9001.9912	-1
9006.8438	-1
9011.6963	1
9016.5488	1
9021.4014	-1
9026.2539	-1
9031.1064	-1
9035.9590	-1
9040.8115	-1
9045.6641	-1
9050.5166	-1
9055.3691	-1
9060.2217	-1
9065.0742	-1
9069.9268	-1
9074.7793	-1
9079.6318	-1
9084.4844	-1
9089.3369	-1
9094.1895	-1
9099.0420	-1
9103.8945	-1
9108.7480	1
9113.6016	1
9118.4551	1
9123.3086	1
9128.1621	1
9133.0156	1
9137.8691	1
9142.7227	1
9147.5762	1
9152.4297	1
9157.2842	1
9162.1387	1
9166.9932	-1
9171.8477	-1
9176.7021	-1
9181.5566	-1
9186.4111	-1
9191.2656	-1
9196.1201	-1
9200.9746	-1
9205.8291	-1
9210.6836	-1
9215.5381	-1
9220.3926	-1
9225.2471	-1
9230.1016	-1
9234.9561	-1
9239.8105	-1
9244.6650	-1
9249.5195	-1
9254.3750	-1
9259.2305	-1
9264.0859	-1
9268.9414	-1
9273.7969	-1
9278.6523	-1
9283.5078	1
9288.3643	1
9293.2207	1
9298.0771	1
9302.9336	1
9307.7900	1
9312.6465	1
9317.5029	1
9322.3594	-1
9327.2158	-1
9332.0723	-1
9336.9287	-1
9341.7852	-1
9346.6416	-1
9351.4990	-1
9356.3564	-1
9361.2139	-1
9366.0713	-1
9370.9287	-1
9375.7861	-1
9380.6436	-1
9385.5010	-1
9390.3584	-1
9395.2158	-1
9400.0732	-1
9404.9307	-1
9409.7900	-1
9414.6504	-1
9419.5107	-1
9424.3711	-1
9429.2314	-1
9434.0918	-1
9438.9521	-1
9443.8125	-1
9448.6729	-1
9453.5332	-1
9458.3936	-1
9463.2539	-1
9468.1143	-1
9472.9746	1
9477.8350	-1
9482.6953	-1
9487.5557	-1
9492.4160	-1
9497.2764	-1
9502.1367	1
9506.9971	1
9511.8574	-1
9516.7178	-1
9521.5781	-1
9526.4385	-1
9531.2988	1
9536.1592	-1
9541.0195	-1
9545.8799	-1
9550.7402	-1
9555.6006	-1
9560.4609	-1
9565.3213	-1
9570.1816	-1
9575.0420	-1
9579.9023	-1
9584.7627	-1
9589.6230	-1
9594.4834	-1
9599.3438	-1
9604.2041	-1
9609.0645	-1
9613.9248	-1
9618.7852	-1
9623.6455	-1
9628.5059	-1
9633.3672	1
9638.2285	1
9643.0898	1
9647.9512	-1
9652.8125	-1
9657.6738	-1
9662.5352	-1
9667.3965	-1
9672.2578	-1
9677.1191	1
9681.9805	-1
9686.8418	-1
9691.7031	-1
9696.5645	-1
9701.4258	-1
9706.2871	-1
9711.1484	-1
9716.0098	-1
9720.8711	-1
9725.7324	-1
9730.5938	-1
9735.4551	-1
9740.3164	-1
9745.1777	-1
9750.0391	-1
9754.9004	-1
9759.7617	-1
9764.6230	-1
9769.4844	1
9774.3457	1
9779.2070	1
9784.0684	-1
9788.9297	-1
9793.7910	-1
9798.6523	-1
9803.5137	-1
9808.3750	-1
9813.2363	1
9818.0986	1
9822.9609	1
9827.8232	1
9832.6855	1
9837.5488	1
9842.4121	1
9847.2764	1
9852.1406	1
9857.0049	1
9861.8691	1
9866.7334	1
9871.5977	1
9876.4619	1
9881.3262	1
9886.1904	1
9891.0547	1
9895.9189	1
9900.7832	1
9905.6484	-1
9910.5137	-1
9915.3789	-1
9920.2441	-1
9925.1094	-1
9929.9746	-1
9934.8398	-1
9939.7051	-1
9944.5703	-1
9949.4355	-1
9954.3008	-1
9959.1660	-1
9964.0312	-1
9968.8965	-1
9973.7617	-1
9978.6270	-1
9983.4922	-1
9988.3574	-1
9993.2227	-1
9998.0879	-1
10002.9531	-1
10007.8184	-1
10012.6836	-1
10017.5488	-1
10022.4150	-1
10027.2812	-1
10032.1475	-1
10037.0137	-1
10041.8799	-1
10046.7461	-1
10051.6123	-1
10056.4785	-1
10061.3447	-1
10066.2109	-1
10071.0771	-1
10075.9434	-1
10080.8096	-1
10085.6758	-1
10090.5420	-1
10095.4082	-1
10100.2744	-1
10105.1406	-1
10110.0068	-1
10114.8730	-1
10119.7393	-1
10124.6055	-1
10129.4717	-1
10134.3379	-1
10139.2041	-1
10144.0703	-1
10148.9365	-1
10153.8027	-1
10158.6689	-1
10163.5352	-1
10168.4023	-1
10173.2695	-1
10178.1367	-1
10183.0039	-1
10187.8711	-1
10192.7383	-1
10197.6074	1
10202.4766	1
10207.3457	1
10212.2148	1
10217.0840	1
10221.9531	1
10226.8223	1
10231.6914	1
10236.5605	1
10241.4297	1
10246.2988	1
10251.1680	1
10256.0371	1
10260.9062	1
10265.7754	1
10270.6445	1
10275.5137	1
10280.3838	1
10285.2539	1
10290.1240	1
10294.9941	-1
10299.8643	-1
10304.7344	-1
10309.6045	-1
10314.4746	-1
10319.3447	-1
10324.2148	-1
10329.0850	-1
10333.9551	-1
10338.8252	-1
10343.6953	-1
10348.5654	-1
10353.4355	-1
10358.3057	-1
10363.1758	-1
10368.0459	-1
10372.9160	-1
10377.7861	-1
10382.6562	-1
10387.5264	-1
10392.3965	-1
10397.2666	-1
10402.1367	-1
10407.0068	-1
10411.8779	-1
10416.7490	-1
10421.6201	-1
10426.4912	-1
10431.3623	-1
10436.2334	-1
10441.1045	-1
10445.9756	-1
10450.8467	-1
10455.7178	-1
10460.5889	-1
10465.4600	-1
10470.3320	-1
10475.2041	-1
10480.0762	-1
10484.9482	-1
10489.8203	-1
10494.6924	-1
10499.5654	-1
10504.4385	-1
10509.3115	-1
10514.1846	-1
10519.0576	-1
10523.9307	-1
10528.8037	-1
10533.6768	-1
10538.5498	-1
10543.4229	-1
10548.2959	-1
10553.1689	-1
10558.0420	1
10562.9150	1
10567.7881	1
10572.6611	1
10577.5342	1
10582.4072	1
10587.2803	1
10592.1533	1
10597.0264	1
10601.8994	1
10606.7725	1
10611.6455	1
10616.5195	-1
10621.3936	-1
10626.2676	-1
10631.1416	-1
10636.0156	-1
10640.8896	-1
10645.7637	-1
10650.6377	-1
10655.5117	-1
10660.3857	-1
10665.2598	-1
10670.1338	-1
10675.0078	-1
10679.8818	-1
10684.7559	-1
10689.6299	-1
10694.5039	-1
10699.3779	-1
10704.2520	-1
10709.1260	-1
10714.0000	-1
10718.8750	-1
10723.7500	-1
10728.6250	-1
10733.5000	-1
10738.3750	-1
10743.2500	-1
10748.1250	-1
10753.0000	-1
10757.8750	-1
10762.7500	1
10767.6260	1
10772.5020	1
10777.3779	1
10782.2539	1
10787.1299	1
10792.0068	-1
10796.8838	-1
10801.7607	-1
10806.6377	-1
10811.5146	-1
10816.3916	-1
10821.2686	1
10826.1455	-1
10831.0225	-1
10835.8994	-1
10840.7764	-1
10845.6533	-1
10850.5303	-1
10855.4072	1
10860.2842	1
10865.1611	1
10870.0381	1
10874.9150	-1
10879.7920	-1
10884.6689	-1
10889.5459	-1
10894.4229	-1
10899.2998	-1
10904.1777	-1
10909.0557	-1
10913.9336	-1
10918.8115	-1
10923.6895	-1
10928.5674	-1
10933.4453	-1
10938.3232	-1
10943.2012	-1
10948.0791	-1
10952.9570	-1
10957.8350	-1
10962.7129	-1
10967.5908	-1
10972.4688	-1
10977.3467	-1
10982.2246	-1
10987.1025	-1
10991.9805	-1
10996.8584	-1
11001.7363	-1
11006.6143	-1
11011.4922	-1
11016.3701	-1
11021.2480	-1
11026.1260	-1
11031.0039	-1
11035.8818	-1
11040.7598	-1
11045.6377	-1
11050.5166	-1
11055.3955	-1
11060.2744	-1
11065.1533	-1
11070.0322	-1
11074.9111	-1
11079.7900	-1
11084.6689	-1
11089.5479	-1
11094.4268	-1
11099.3057	-1
11104.1846	-1
11109.0635	-1
11113.9424	-1
11118.8213	-1
11123.7002	-1
11128.5791	-1
11133.4580	-1
11138.3369	-1
11143.2158	-1
11148.0947	-1
11152.9736	-1
11157.8525	-1
11162.7314	-1
11167.6104	-1
11172.4893	-1
11177.3682	-1
11182.2471	-1
11187.1260	-1
11192.0049	-1
11196.8848	-1
11201.7646	-1
11206.6445	-1
11211.5244	-1
11216.4043	-1
11221.2842	-1
11226.1641	-1
11231.0439	-1
11235.9238	-1
11240.8037	-1
11245.6836	-1
11250.5635	-1
11255.4434	-1
11260.3232	-1
11265.2031	-1
11270.0830	-1
11274.9629	-1
11279.8428	-1
11284.7236	-1
11289.6045	-1
11294.4854	-1
11299.3662	-1
11304.2471	-1
11309.1279	-1
11314.0088	-1
11318.8896	-1
11323.7705	-1
11328.6514	-1
11333.5322	-1
11338.4131	-1
11343.2949	-1
11348.1768	-1
11353.0586	-1
11357.9404	-1
11362.8223	-1
11367.7041	-1
11372.5869	-1
11377.4697	-1
11382.3525	-1
11387.2354	-1
11392.1182	-1
11397.0010	-1
11401.8838	-1
11406.7666	-1
11411.6494	-1
11416.5322	-1
11421.4150	-1
11426.2979	-1
11431.1807	-1
11436.0635	-1
11440.9463	-1
11445.8291	-1
11450.7119	-1
11455.5947	-1
11460.4775	-1
11465.3604	-1
11470.2432	-1
11475.1260	-1
11480.0088	-1
11484.8916	-1
11489.7754	-1
11494.6592	-1
11499.5430	-1
11504.4268	-1
11509.3105	-1
11514.1943	-1
11519.0781	-1
11523.9619	-1
11528.8457	-1
11533.7295	-1
11538.6133	-1
11543.4971	-1
11548.3809	-1
11553.2646	-1
11558.1484	-1
11563.0322	-1
11567.9160	-1
11572.7998	-1
11577.6846	-1
11582.5693	-1
11587.4541	-1
11592.3389	-1
11597.2236	-1
11602.1084	-1
11606.9941	-1
11611.8799	-1
11616.7656	-1
11621.6514	-1
11626.5371	-1
11631.4229	-1
11636.3105	-1
11641.1982	-1
11646.0859	-1
11650.9736	-1
11655.8613	-1
11660.7490	-1
11665.6367	-1
11670.5244	-1
11675.4121	-1
11680.2998	-1
11685.1875	-1
11690.0752	-1
11694.9639	-1
11699.8525	-1
11704.7412	-1
11709.6299	-1
11714.5186	-1
11719.4072	-1
11724.2959	-1
11729.1846	-1
11734.0732	-1
11738.9619	-1
11743.8506	-1
11748.7393	-1
11753.6279	-1
11758.5166	-1
11763.4053	-1
11768.2939	-1
11773.1826	-1
11778.0713	-1
11782.9600	-1
11787.8486	-1
11792.7373	-1
11797.6260	-1
11802.5146	-1
11807.4033	-1
11812.2920	-1
11817.1807	-1
11822.0693	-1
11826.9580	-1
11831.8467	-1
11836.7354	-1
11841.6240	-1
11846.5127	-1
11851.4014	-1
11856.2900	-1
11861.1787	-1
11866.0674	-1
11870.9561	-1
11875.8447	-1
11880.7334	-1
11885.6221	-1
11890.5107	-1
11895.3994	-1
11900.2891	-1
11905.1787	-1
11910.0684	-1
11914.9580	-1
11919.8477	-1
11924.7373	-1
11929.6270	-1
11934.5166	-1
11939.4062	-1
11944.2959	-1
11949.1855	-1
11954.0752	-1
11958.9648	-1
11963.8545	-1
11968.7441	-1
11973.6338	-1
11978.5234	-1
11983.4131	-1
11988.3027	-1
11993.1924	-1
11998.0820	-1
12002.9717	-1
12007.8613	-1
12012.7510	-1
12017.6406	-1
12022.5303	-1
12027.4199	-1
12032.3096	-1
12037.1992	-1
12042.0889	-1
12046.9795	-1
12051.8701	-1
12056.7607	-1
12061.6514	-1
12066.5420	-1
12071.4326	-1
12076.3242	-1
12081.2158	-1
12086.1074	-1
12090.9990	-1
12095.8906	-1
12100.7822	-1
12105.6738	-1
12110.5654	-1
12115.4570	-1
12120.3486	-1
12125.2402	-1
12130.1318	-1
12135.0234	-1
12139.9150	-1
12144.8066	-1
12149.6982	-1
12154.5898	-1
12159.4814	-1
12164.3730	-1
12169.2646	-1
12174.1562	-1
12179.0479	-1
12183.9395	-1
12188.8311	-1
12193.7227	-1
12198.6143	-1
12203.5059	-1
12208.3975	-1
12213.2891	-1
12218.1807	-1
12223.0732	-1
12227.9658	-1
12232.8584	-1
12237.7510	-1
12242.6436	-1
12247.5361	-1
12252.4287	-1
12257.3213	-1
12262.2139	-1
12267.1064	-1
12271.9990	-1
12276.8916	-1
12281.7852	-1
12286.6787	-1
12291.5723	-1
12296.4658	-1
12301.3594	-1
12306.2529	-1
12311.1465	-1
12316.0400	-1
12320.9336	-1
12325.8271	-1
12330.7207	-1
12335.6143	-1
12340.5078	-1
12345.4014	-1
12350.2949	-1
12355.1885	-1
12360.0820	-1
12364.9756	-1
12369.8691	-1
12374.7627	-1
12379.6562	-1
12384.5625	1
12389.4707	-1
12394.3799	1
12399.2891	1
12404.1992	-1
12409.1094	-1
12414.0195	-1
12418.9297	-1
12423.8398	-1
12428.7500	-1
12433.6602	-1
12438.5703	-1
12443.4805	-1
12448.3906	-1
12453.3008	-1
12458.2109	-1
12463.1221	1
12468.0332	1
12472.9443	1
12477.8555	1
12482.7676	-1
12487.6797	-1
12492.5918	-1
12497.5039	-1
12502.4160	-1
12507.3281	-1
12512.2412	1
12517.1543	1
12522.0674	-1
12526.9805	-1
12531.8936	-1
12536.8066	-1
12541.7197	-1
12546.6328	-1
12551.5469	-1
12556.4609	-1
12561.3750	-1
12566.2891	-1
12571.2031	-1
12576.1172	-1
12581.0312	1
12585.9453	1
12590.8594	-1
12595.7734	-1
12600.6875	-1
12605.6016	-1
12610.5156	-1
12615.4297	-1
12620.3447	1
12625.2598	1
12630.1748	1
12635.0898	1
12640.0049	-1
12644.9199	-1
12649.8350	-1
12654.7500	-1
12659.6650	-1
12664.5801	-1
12669.4961	-1
12674.4121	-1
12679.3281	-1
12684.2441	-1
12689.1602	-1
12694.0762	-1
12698.9922	1
12703.9082	1
12708.8252	1
12713.7422	1
12718.6592	-1
12723.5762	-1
12728.4932	-1
12733.4102	-1
12738.3271	-1
12743.2441	-1
12748.1621	-1
12753.0801	-1
12757.9980	-1
12762.9160	-1
12767.8340	-1
12772.7520	-1
12777.6699	1
12782.5879	1
12787.5059	1
12792.4238	1
12797.3438	-1
12802.2637	-1
12807.1836	-1
12812.1035	-1
12817.0234	-1
12821.9434	-1
12826.8633	-1
12831.7832	-1
12836.7031	-1
12841.6230	-1
12846.5430	-1
12851.4629	-1
12856.3828	-1
12861.3027	-1
12866.2227	-1
12871.1426	-1
12876.0625	-1
12880.9824	-1
12885.9023	-1
12890.8223	-1
12895.7422	-1
12900.6621	-1
12905.5820	-1
12910.5020	-1
12915.4229	1
12920.3438	1
12925.2646	1
12930.1855	1
12935.1074	1
12940.0293	1
12944.9512	1
12949.8730	1
12954.7959	-1
12959.7188	-1
12964.6416	-1
12969.5645	-1
12974.4873	-1
12979.4102	-1
12984.3330	-1
12989.2559	-1
12994.1787	-1
12999.1016	-1
13004.0244	-1
13008.9473	-1
13013.8701	-1
13018.7930	-1
13023.7158	-1
13028.6387	-1
13033.5615	-1
13038.4844	-1
13043.4072	1
13048.3301	1
13053.2529	-1
13058.1758	-1
13063.0986	-1
13068.0215	-1
13072.9443	-1
13077.8682	-1
13082.7920	-1
13087.7158	-1
13092.6396	-1
13097.5635	-1
13102.4873	-1
13107.4111	-1
13112.3350	-1
13117.2588	-1
13122.1826	-1
13127.1064	-1
13132.0303	-1
13136.9541	-1
13141.8779	-1
13146.8018	-1
13151.7256	-1
13156.6494	-1
13161.5732	-1
13166.4971	-1
13171.4209	-1
13176.3447	-1
13181.2686	-1
13186.1924	-1
13191.1162	-1
13196.0400	-1
13200.9648	1
13205.8896	1
13210.8145	1
13215.7393	1
13220.6641	1
13225.5889	1
13230.5146	1
13235.4404	1
13240.3662	1
13245.2920	1
13250.2178	1
13255.1436	1
13260.0693	1
13264.9951	1
13269.9238	-1
13274.8525	-1
13279.7812	-1
13284.7100	-1
13289.6387	-1
13294.5674	-1
13299.4961	-1
13304.4248	-1
13309.3535	-1
13314.2822	-1
13319.2109	-1
13324.1396	-1
13329.0684	-1
13333.9971	-1
13338.9258	-1
13343.8545	-1
13348.7832	-1
13353.7119	-1
13358.6406	-1
13363.5693	-1
13368.4980	-1
13373.4268	-1
13378.3555	-1
13383.2842	-1
13388.2129	-1
13393.1416	-1
13398.0703	-1
13402.9990	-1
13407.9277	-1
13412.8564	-1
13417.7871	1
13422.7178	-1
13427.6484	-1
13432.5791	-1
13437.5098	-1
13442.4404	-1
13447.3711	-1
13452.3027	-1
13457.2344	-1
13462.1660	-1
13467.0977	-1
13472.0293	-1
13476.9609	-1
13481.8926	-1
13486.8242	-1
13491.7559	-1
13496.6875	-1
13501.6191	-1
13506.5508	-1
13511.4824	-1
13516.4141	-1
13521.3457	-1
13526.2773	-1
13531.2090	-1
13536.1406	-1
13541.0723	1
13546.0039	1
13550.9355	1
13555.8672	1
13560.7988	1
13565.7305	1
13570.6621	1
13575.5938	1
13580.5254	1
13585.4600	-1
13590.3945	-1
13595.3291	-1
13600.2637	-1
13605.1982	-1
13610.1328	-1
13615.0674	-1
13620.0020	-1
13624.9365	-1
13629.8711	-1
13634.8057	-1
13639.7402	-1
13644.6748	-1
13649.6094	-1
13654.5439	-1
13659.4785	-1
13664.4131	-1
13669.3477	-1
13674.2822	-1
13679.2168	-1
13684.1514	-1
13689.0859	-1
13694.0205	-1
13698.9551	-1
13703.8896	-1
13708.8242	-1
13713.7588	-1
13718.6934	-1
13723.6279	-1
13728.5625	-1
13733.4980	-1
13738.4336	-1
13743.3691	-1
13748.3047	-1
13753.2402	-1
13758.1758	-1
13763.1113	-1
13768.0469	-1
13772.9824	-1
13777.9180	-1
13782.8535	-1
13787.7891	-1
13792.7246	-1
13797.6602	-1
13802.5957	-1
13807.5312	-1
13812.4668	-1
13817.4023	-1
13822.3389	-1
13827.2754	-1
13832.2119	-1
13837.1484	-1
13842.0850	-1
13847.0215	-1
13851.9580	-1
13856.8945	-1
13861.8311	-1
13866.7676	-1
13871.7041	-1
13876.6406	-1
13881.5771	-1
13886.5137	-1
13891.4502	-1
13896.3867	-1
13901.3232	-1
13906.2598	-1
13911.1963	-1
13916.1328	-1
13921.0693	-1
13926.0059	-1
13930.9424	-1
13935.8789	-1
13940.8164	-1
13945.7539	-1
13950.6914	-1
13955.6289	-1
13960.5664	-1
13965.5039	-1
13970.4414	-1
13975.3789	-1
13980.3164	-1
13985.2539	-1
13990.1914	-1
13995.1289	-1
14000.0664	-1
14005.0039	-1
14009.9414	-1
14014.8789	-1
14019.8164	-1
14024.7539	-1
14029.6914	-1
14034.6289	-1
14039.5664	-1
14044.5039	-1
14049.4414	-1
14054.3789	-1
14059.3164	1
14064.2539	1
14069.1914	1
14074.1289	1
14079.0664	1
14084.0039	1
14088.9463	-1
14093.8887	-1
14098.8311	-1
14103.7734	-1
14108.7158	-1
14113.6582	-1
14118.6006	-1
14123.5430	-1
14128.4854	-1
14133.4277	-1
14138.3701	-1
14143.3125	-1
14148.2549	-1
14153.1973	-1
14158.1396	-1
14163.0820	-1
14168.0244	-1
14172.9668	-1
14177.9092	-1
14182.8516	-1
14187.7939	-1
14192.7363	-1
14197.6787	-1
14202.6211	-1
14207.5635	-1
14212.5059	-1
14217.4482	-1
14222.3906	-1
14227.3330	-1
14232.2754	-1
14237.2188	-1
14242.1621	-1
14247.1055	-1
14252.0488	-1
14256.9922	-1
14261.9355	-1
14266.8789	-1
14271.8223	-1
14276.7656	-1
14281.7090	-1
14286.6523	-1
14291.5957	-1
14296.5391	-1
14301.4824	-1
14306.4258	-1
14311.3691	-1
14316.3125	-1
14321.2559	-1
14326.2002	-1
14331.1445	-1
14336.0889	-1
14341.0332	-1
14345.9775	-1
14350.9219	-1
14355.8662	-1
14360.8105	-1
14365.7549	-1
14370.6992	-1
14375.6436	-1
14380.5879	-1
14385.5322	-1
14390.4766	-1
14395.4209	-1
14400.3652	-1
14405.3096	-1
14410.2539	-1
14415.1982	-1
14420.1426	-1
14425.0869	-1
14430.0312	-1
14434.9756	-1
14439.9199	-1
14444.8652	-1
14449.8105	-1
14454.7559	-1
14459.7012	-1
14464.6465	-1
14469.5918	-1
14474.5371	-1
14479.4824	-1
14484.4277	-1
14489.3730	-1
14494.3184	-1
14499.2637	-1
14504.2090	-1
14509.1543	-1
14514.0996	-1
14519.0586	1
14524.0195	-1
14528.9805	1
14533.9414	1
14538.9043	-1
14543.8672	-1
14548.8301	-1
14553.7930	-1
14558.7559	-1
14563.7188	-1
14568.6816	-1
14573.6445	-1
14578.6074	-1
14583.5703	-1
14588.5332	-1
14593.4961	-1
14598.4590	1
14603.4219	1
14608.3857	1
14613.3496	1
14618.3145	-1
14623.2793	-1
14628.2441	-1
14633.2090	-1
14638.1738	-1
14643.1387	-1
14648.1035	-1
14653.0684	-1
14658.0332	-1
14662.9980	-1
14667.9629	-1
14672.9277	-1
14677.8926	-1
14682.8574	-1
14687.8223	-1
14692.7871	-1
14697.7520	-1
14702.7168	-1
14707.6826	1
14712.6484	1
14717.6143	-1
14722.5801	1
14727.5459	-1
14732.5117	-1
14737.4775	-1
14742.4434	-1
14747.4092	-1
14752.3750	1
14757.3408	1
14762.3066	1
14767.2734	1
14772.2402	1
14777.2090	-1
14782.1777	-1
14787.1465	-1
14792.1152	-1
14797.0840	-1
14802.0527	-1
14807.0215	-1
14811.9902	-1
14816.9590	-1
14821.9277	-1
14826.8965	-1
14831.8652	-1
14836.8340	-1
14841.8027	-1
14846.7715	-1
14851.7402	-1
14856.7090	-1
14861.6777	-1
14866.6465	-1
14871.6152	-1
14876.5840	-1
14881.5527	-1
14886.5215	-1
14891.4902	-1
14896.4590	-1
14901.4277	-1
14906.3965	-1
14911.3652	-1
14916.3340	-1
14921.3027	-1
14926.2715	-1
14931.2402	-1
14936.2090	-1
14941.1777	-1
14946.1465	-1
14951.1152	-1
14956.0840	-1
14961.0527	-1
14966.0215	-1
14970.9902	-1
14975.9590	-1
14980.9277	-1
14985.8975	1
14990.8672	1
14995.8369	1
15000.8066	1
15005.7764	1
15010.7461	1
15015.7158	1
15020.6865	1
15025.6572	1
15030.6279	1
15035.5986	1
15040.5693	1
15045.5400	1
15050.5107	1
15055.4834	-1
15060.4561	-1
15065.4287	-1
15070.4014	-1
15075.3740	-1
15080.3467	-1
15085.3193	-1
15090.2920	-1
15095.2646	-1
15100.2373	-1
15105.2100	-1
15110.1826	-1
15115.1553	-1
15120.1279	-1
15125.1006	-1
15130.0732	-1
15135.0459	-1
15140.0186	-1
15144.9912	-1
15149.9639	-1
15154.9365	-1
15159.9092	-1
15164.8818	-1
15169.8545	-1
15174.8281	-1
15179.8018	-1
15184.7754	-1
15189.7490	-1
15194.7227	-1
15199.6963	-1
15204.6719	-1
15209.6475	-1
15214.6230	-1
15219.5986	-1
15224.5742	-1
15229.5498	-1
15234.5254	-1
15239.5010	-1
15244.4766	-1
15249.4521	-1
15254.4277	-1
15259.4033	-1
15264.3789	-1
15269.3545	-1
15274.3301	-1
15279.3057	-1
15284.2812	-1
15289.2568	-1
15294.2334	-1
15299.2100	-1
15304.1865	-1
15309.1631	-1
15314.1396	-1
15319.1162	-1
15324.0928	-1
15329.0693	-1
15334.0459	-1
15339.0225	-1
15343.9990	-1
15348.9756	-1
15353.9521	-1
15358.9287	-1
15363.9053	-1
15368.8818	-1
15373.8584	-1
15378.8350	-1
15383.8115	-1
15388.7881	-1
15393.7646	-1
15398.7412	-1
15403.7178	-1
15408.6943	-1
15413.6709	-1
15418.6475	-1
15423.6240	-1
15428.6006	-1
15433.5771	-1
15438.5537	-1
15443.5303	-1
15448.5068	-1
15453.4834	-1
15458.4600	-1
15463.4365	-1
15468.4131	-1
15473.3896	-1
15478.3662	-1
15483.3428	-1
15488.3193	-1
15493.2959	-1
15498.2725	-1
15503.2500	1
15508.2275	1
15513.2051	1
15518.1826	1
15523.1602	1
15528.1377	1
15533.1152	1
15538.0938	1
15543.0723	1
15548.0508	1
15553.0293	1
15558.0078	1
15562.9863	1
15567.9648	1
15572.9434	1
15577.9219	1
15582.9004	1
15587.8789	1
15592.8584	1
15597.8379	1
15602.8184	1
15607.7988	1
15612.7793	1
15617.7598	1
15622.7412	1
15627.7227	1
15632.7041	1
15637.6855	1
15642.6699	-1
15647.6543	-1
15652.6387	-1
15657.6230	-1
15662.6074	-1
15667.5918	-1
15672.5762	-1
15677.5605	-1
15682.5449	-1
15687.5293	-1
15692.5137	-1
15697.4980	-1
15702.4824	-1
15707.4668	-1
15712.4512	-1
15717.4355	-1
15722.4199	-1
15727.4043	-1
15732.3887	-1
15737.3730	-1
15742.3574	-1
15747.3418	-1
15752.3262	-1
15757.3105	-1
15762.2959	-1
15767.2812	-1
15772.2666	-1
15777.2520	-1
15782.2373	-1
15787.2227	-1
15792.2090	-1
15797.1953	-1
15802.1816	-1
15807.1680	-1
15812.1543	-1
15817.1406	-1
15822.1289	-1
15827.1172	-1
15832.1055	-1
15837.0938	-1
15842.0820	-1
15847.0703	-1
15852.0586	-1
15857.0469	-1
15862.0352	-1
15867.0234	-1
15872.0117	-1
15877.0000	-1
15881.9883	-1
15886.9766	-1
15891.9648	-1
15896.9531	-1
15901.9414	-1
15906.9297	-1
15911.9180	-1
15916.9062	-1
15921.8945	-1
15926.8828	-1
15931.8711	-1
15936.8594	-1
15941.8486	-1
15946.8379	-1
15951.8271	-1
15956.8164	-1
15961.8057	-1
15966.7949	-1
15971.7842	-1
15976.7734	-1
15981.7627	-1
15986.7520	-1
15991.7412	-1
15996.7305	-1
16001.7197	-1
16006.7090	-1
16011.6982	-1
16016.6875	-1
16021.6768	-1
16026.6660	-1
16031.6553	-1
16036.6445	-1
16041.6338	-1
16046.6230	-1
16051.6123	-1
16056.6016	-1
16061.5908	-1
16066.5801	-1
16071.5693	-1
16076.5586	-1
16081.5479	-1
16086.5371	-1
16091.5264	-1
16096.5156	-1
16101.5049	-1
16106.4941	-1
16111.4834	-1
16116.4727	-1
16121.4619	-1
16126.4512	-1
16131.4404	-1
16136.4297	-1
16141.4189	-1
16146.4082	-1
16151.3975	-1
16156.3867	-1
16161.3760	-1
16166.3652	-1
16171.3545	-1
16176.3438	-1
16181.3340	-1
16186.3242	-1
16191.3145	-1
16196.3047	-1
16201.2949	-1
16206.2852	-1
16211.2764	-1
16216.2676	-1
16221.2588	-1
16226.2500	-1
16231.2412	-1
16236.2324	-1
16241.2246	-1
16246.2168	-1
16251.2090	-1
16256.2012	-1
16261.1934	-1
16266.1855	-1
16271.1787	-1
16276.1719	-1
16281.1650	-1
16286.1582	-1
16291.1514	-1
16296.1445	-1
16301.1377	-1
16306.1309	-1
16311.1240	-1
16316.1172	-1
16321.1104	-1
16326.1035	-1
16331.0977	-1
16336.0918	-1
16341.0859	-1
16346.0801	-1
16351.0742	-1
16356.0684	-1
16361.0625	-1
16366.0566	-1
16371.0508	-1
16376.0449	-1
16381.0391	-1
16386.0332	-1
16391.0273	-1
16396.0215	-1
16401.0156	-1
16406.0098	-1
16411.0039	-1
16415.9980	-1
16420.9922	-1
16425.9863	-1
16430.9805	-1
16435.9746	-1
16440.9688	-1
16445.9629	-1
16450.9570	-1
16455.9512	-1
16460.9453	-1
16465.9531	1
16470.9629	-1
16475.9727	1
16480.9824	1
16485.9922	-1
16491.0020	-1
16496.0117	-1
16501.0215	-1
16506.0312	-1
16511.0410	-1
16516.0508	-1
16521.0605	-1
16526.0703	-1
16531.0801	-1
16536.0898	-1
16541.0996	-1
16546.1113	1
16551.1230	1
16556.1348	1
16561.1465	1
16566.1582	-1
16571.1699	-1
16576.1816	-1
16581.1934	-1
16586.2051	-1
16591.2168	-1
16596.2285	-1
16601.2402	-1
16606.2520	-1
16611.2637	-1
16616.2754	-1
16621.2871	-1
16626.2988	-1
16631.3105	-1
16636.3223	-1
16641.3340	-1
16646.3457	-1
16651.3574	-1
16656.3711	-1
16661.3848	-1
16666.3984	-1
16671.4121	-1
16676.4258	-1
16681.4395	-1
16686.4531	1
16691.4668	1
16696.4805	1
16701.4941	1
16706.5078	1
16711.5215	1
16716.5352	1
16721.5488	1
16726.5645	-1
16731.5801	-1
16736.5957	-1
16741.6113	-1
16746.6270	-1
16751.6426	-1
16756.6582	-1
16761.6738	-1
16766.6895	-1
16771.7051	-1
16776.7207	-1
16781.7363	-1
16786.7520	1
16791.7676	-1
16796.7832	-1
16801.7988	-1
16806.8145	-1
16811.8301	-1
16816.8457	-1
16821.8613	1
16826.8770	-1
16831.8926	-1
16836.9082	-1
16841.9238	-1
16846.9395	-1
16851.9551	-1
16856.9707	1
16861.9863	1
16867.0020	1
16872.0176	-1
16877.0332	1
16882.0488	-1
16887.0645	-1
16892.0801	-1
16897.0957	-1
16902.1113	-1
16907.1270	1
16912.1426	1
16917.1582	-1
16922.1738	-1
16927.1895	-1
16932.2051	-1
16937.2207	-1
16942.2363	-1
16947.2539	-1
16952.2715	-1
16957.2891	-1
16962.3066	-1
16967.3242	-1
16972.3418	-1
16977.3594	-1
16982.3770	-1
16987.3945	-1
16992.4121	-1
16997.4297	-1
17002.4473	-1
17007.4648	1
17012.4824	-1
17017.5000	-1
17022.5176	1
17027.5352	-1
17032.5527	-1
17037.5703	-1
17042.5879	-1
17047.6055	1
17052.6230	1
17057.6406	1
17062.6582	1
17067.6758	1
17072.6934	1
17077.7109	1
17082.7285	1
17087.7480	-1
17092.7676	-1
17097.7871	-1
17102.8066	-1
17107.8262	-1
17112.8457	-1
17117.8652	-1
17122.8848	-1
17127.9043	-1
17132.9238	-1
17137.9434	-1
17142.9629	-1
17147.9824	-1
17153.0020	-1
17158.0215	-1
17163.0410	-1
17168.0605	-1
17173.0801	-1
17178.0996	-1
17183.1191	-1
17188.1387	-1
17193.1582	-1
17198.1777	-1
17203.1973	-1
17208.2168	-1
17213.2363	-1
17218.2559	-1
17223.2754	-1
17228.2949	-1
17233.3145	-1
17238.3359	1
17243.3574	1
17248.3789	1
17253.4004	-1
17258.4219	1
17263.4434	-1
17268.4648	-1
17273.4863	-1
17278.5078	-1
17283.5293	-1
17288.5508	-1
17293.5723	-1
17298.5938	-1
17303.6152	-1
17308.6367	-1
17313.6582	-1
17318.6797	-1
17323.7012	-1
17328.7227	-1
17333.7441	-1
17338.7656	-1
17343.7871	-1
17348.8086	-1
17353.8301	-1
17358.8516	-1
17363.8730	-1
17368.8945	-1
17373.9160	-1
17378.9375	1
17383.9590	1
17388.9805	1
17394.0020	1
17399.0254	-1
17404.0488	-1
17409.0723	-1
17414.0957	-1
17419.1191	-1
17424.1426	-1
17429.1660	-1
17434.1895	-1
17439.2129	-1
17444.2363	-1
17449.2598	-1
17454.2832	-1
17459.3066	-1
17464.3301	-1
17469.3535	-1
17474.3770	-1
17479.4004	-1
17484.4238	-1
17489.4473	1
17494.4707	1
17499.4941	-1
17504.5176	-1
17509.5410	-1
17514.5645	-1
17519.5879	-1
17524.6113	-1
17529.6348	-1
17534.6582	-1
17539.6816	-1
17544.7051	-1
17549.7285	-1
17554.7520	-1
17559.7754	-1
17564.7988	-1
17569.8223	-1
17574.8457	-1
17579.8691	-1
17584.8926	-1
17589.9160	-1
17594.9395	-1
17599.9629	-1
17604.9863	-1
17610.0098	-1
17615.0332	-1
17620.0566	-1
17625.0801	-1
17630.1035	-1
17635.1270	-1
17640.1504	-1
17645.1738	-1
17650.1992	1
17655.2246	1
17660.2500	1
17665.2754	1
17670.3008	1
17675.3262	1
17680.3516	1
17685.3770	1
17690.4023	1
17695.4277	1
17700.4531	1
17705.4785	1
17710.5039	1
17715.5312	1
17720.5586	1
17725.5859	1
17730.6133	1
17735.6406	1
17740.6680	1
17745.6953	1
17750.7227	1
17755.7500	1
17760.7773	1
17765.8047	1
17770.8320	-1
17775.8594	-1
17780.8867	-1
17785.9141	-1
17790.9414	-1
17795.9688	-1
17800.9961	-1
17806.0234	-1
17811.0508	-1
17816.0781	-1
17821.1055	-1
17826.1328	-1
17831.1602	-1
17836.1875	-1
17841.2148	-1
17846.2422	-1
17851.2695	-1
17856.2969	-1
17861.3242	-1
17866.3516	-1
17871.3789	-1
17876.4062	-1
17881.4336	-1
17886.4609	-1
17891.4902	-1
17896.5195	-1
17901.5488	-1
17906.5781	-1
17911.6074	-1
17916.6367	-1
17921.6660	-1
17926.6953	-1
17931.7246	-1
17936.7539	-1
17941.7832	-1
17946.8125	-1
17951.8418	-1
17956.8711	-1
17961.9004	-1
17966.9297	-1
17971.9590	-1
17976.9883	-1
17982.0176	-1
17987.0469	-1
17992.0762	-1
17997.1055	-1
18002.1348	-1
18007.1641	-1
18012.1934	-1
18017.2227	-1
18022.2520	-1
18027.2812	-1
18032.3105	-1
18037.3398	-1
18042.3691	1
18047.3984	1
18052.4277	1
18057.4570	1
18062.4863	1
18067.5176	-1
18072.5488	-1
18077.5801	-1
18082.6113	-1
18087.6426	-1
18092.6738	-1
18097.7051	-1
18102.7363	-1
18107.7676	-1
18112.7988	-1
18117.8301	-1
18122.8613	-1
18127.8926	-1
18132.9238	-1
18137.9551	-1
18142.9863	-1
18148.0176	-1
18153.0488	-1
18158.0801	-1
18163.1113	-1
18168.1426	-1
18173.1738	-1
18178.2051	-1
18183.2363	-1
18188.2676	-1
18193.2988	-1
18198.3301	-1
18203.3613	-1
18208.3926	-1
18213.4238	-1
18218.4570	-1
18223.4902	-1
18228.5234	-1
18233.5566	-1
18238.5898	-1
18243.6230	-1
18248.6562	-1
18253.6895	-1
18258.7227	-1
18263.7559	-1
18268.7891	-1
18273.8223	-1
18278.8555	-1
18283.8887	-1
18288.9219	-1
18293.9551	-1
18298.9883	-1
18304.0215	-1
18309.0547	-1
18314.0879	-1
18319.1211	-1
18324.1543	-1
18329.1875	-1
18334.2207	-1
18339.2539	-1
18344.2871	-1
18349.3203	-1
18354.3535	-1
18359.3867	-1
18364.4199	-1
18369.4531	-1
18374.4863	-1
18379.5195	-1
18384.5527	-1
18389.5859	-1
18394.6191	-1
18399.6523	-1
18404.6855	-1
18409.7188	-1
18414.7520	-1
18419.7852	-1
18424.8184	-1
18429.8535	-1
18434.8887	-1
18439.9238	-1
18444.9590	-1
18449.9941	-1
18455.0293	-1
18460.0645	-1
18465.0996	-1
18470.1348	-1
18475.1699	-1
18480.2051	-1
18485.2402	-1
18490.2754	-1
18495.3105	-1
18500.3457	-1
18505.3809	-1
18510.4160	-1
18515.4512	-1
18520.4883	-1
18525.5254	-1
18530.5625	-1
18535.5996	-1
18540.6367	-1
18545.6738	-1
18550.7109	-1
18555.7480	-1
18560.7852	-1
18565.8223	-1
18570.8594	-1
18575.8965	-1
18580.9336	-1
18585.9707	-1
18591.0078	-1
18596.0449	-1
18601.0820	-1
18606.1191	-1
18611.1562	-1
18616.1934	-1
18621.2305	-1
18626.2676	-1
18631.3047	-1
18636.3418	-1
18641.3789	-1
18646.4160	-1
18651.4531	-1
18656.4902	-1
18661.5273	-1
18666.5645	-1
18671.6016	-1
18676.6387	-1
18681.6758	-1
18686.7129	-1
18691.7500	-1
18696.7871	-1
18701.8242	-1
18706.8613	-1
18711.8984	-1
18716.9355	-1
18721.9727	-1
18727.0098	-1
18732.0469	-1
18737.0840	-1
18742.1211	-1
18747.1582	-1
18752.1953	-1
18757.2324	-1
18762.2695	-1
18767.3066	-1
18772.3438	-1
18777.3809	-1
18782.4180	-1
18787.4551	-1
18792.4922	-1
18797.5293	-1
18802.5664	-1
18807.6035	-1
18812.6406	-1
18817.6777	-1
18822.7188	-1
18827.7598	-1
18832.8008	-1
18837.8418	-1
18842.8828	-1
18847.9238	-1
18852.9648	-1
18858.0059	-1
18863.0469	-1
18868.0879	-1
18873.1289	-1
18878.1699	-1
18883.2109	-1
18888.2520	-1
18893.2930	-1
18898.3340	-1
18903.3750	-1
18908.4160	-1
18913.4570	-1
18918.4980	-1
18923.5391	-1
18928.5801	-1
18933.6211	-1
18938.6621	-1
18943.7031	-1
18948.7578	1
18953.8145	-1
18958.8711	1
18963.9277	1
18968.9844	-1
18974.0410	-1
18979.0977	-1
18984.1543	-1
18989.2109	-1
18994.2676	-1
18999.3242	-1
19004.3809	-1
19009.4375	-1
19014.4941	-1
19019.5508	-1
19024.6074	-1
19029.6660	1
19034.7246	1
19039.7832	1
19044.8418	1
19049.9004	-1
19054.9590	-1
19060.0176	-1
19065.0762	-1
19070.1348	-1
19075.1934	-1
19080.2520	-1
19085.3105	-1
19090.3691	-1
19095.4277	-1
19100.4863	-1
19105.5449	-1
19110.6035	-1
19115.6621	-1
19120.7207	-1
19125.7793	-1
19130.8379	-1
19135.8965	-1
19140.9551	-1
19146.0137	-1
19151.0723	-1
19156.1309	-1
19161.1895	-1
19166.2617	1
19171.3359	-1
19176.4102	1
19181.4844	1
19186.5586	-1
19191.6328	-1
19196.7070	-1
19201.7812	-1
19206.8555	-1
19211.9297	-1
19217.0039	-1
19222.0781	-1
19227.1523	-1
19232.2266	-1
19237.3008	-1
19242.3770	-1
19247.4531	1
19252.5293	1
19257.6055	1
19262.6816	1
19267.7578	-1
19272.8340	-1
19277.9102	-1
19282.9863	-1
19288.0625	-1
19293.1387	-1
19298.2148	-1
19303.2910	-1
19308.3672	-1
19313.4434	-1
19318.5195	-1
19323.5957	-1
19328.6719	-1
19333.7480	-1
19338.8242	-1
19343.9004	-1
19348.9766	-1
19354.0527	-1
19359.1289	-1
19364.2051	-1
19369.2812	-1
19374.3574	-1
19379.4336	-1
19384.5098	-1
19389.5879	1
19394.6660	1
19399.7441	1
19404.8223	1
19409.9004	1
19414.9785	1
19420.0566	1
19425.1348	1
19430.2129	-1
19435.2910	-1
19440.3691	-1
19445.4473	-1
19450.5254	-1
19455.6035	-1
19460.6816	-1
19465.7598	-1
19470.8379	-1
19475.9160	-1
19480.9941	-1
19486.0723	-1
19491.1523	-1
19496.2324	-1
19501.3125	-1
19506.3926	-1
19511.4727	-1
19516.5527	-1
19521.6328	-1
19526.7129	-1
19531.7930	-1
19536.8730	-1
19541.9531	-1
19547.0332	-1
19552.1133	-1
19557.1934	-1
19562.2734	-1
19567.3535	-1
19572.4336	-1
19577.5137	-1
19582.5938	-1
19587.6738	-1
19592.7539	-1
19597.8340	-1
19602.9141	-1
19607.9941	-1
19613.0742	-1
19618.1543	-1
19623.2344	-1
19628.3145	-1
19633.3945	-1
19638.4746	-1
19643.5547	-1
19648.6348	-1
19653.7148	-1
19658.8086	1
19663.9043	-1
19669.0000	1
19674.0957	1
19679.1934	-1
19684.2910	-1
19689.3887	-1
19694.4863	-1
19699.5840	-1
19704.6816	-1
19709.7793	-1
19714.8770	-1
19719.9746	-1
19725.0723	-1
19730.1699	-1
19735.2676	-1
19740.3652	1
19745.4629	1
19750.5605	1
19755.6582	1
19760.7578	-1
19765.8574	-1
19770.9570	-1
19776.0566	-1
19781.1562	-1
19786.2559	-1
19791.3555	-1
19796.4551	-1
19801.5547	-1
19806.6543	-1
19811.7539	-1
19816.8535	-1
19821.9531	-1
19827.0527	-1
19832.1523	-1
19837.2520	-1
19842.3516	-1
19847.4512	-1
19852.5508	-1
19857.6504	-1
19862.7500	-1
19867.8496	-1
19872.9492	-1
19878.0488	-1
19883.1484	1
19888.2480	1
19893.3477	1
19898.4473	1
19903.5488	1
19908.6504	1
19913.7520	1
19918.8535	1
19923.9551	-1
19929.0566	-1
19934.1582	-1
19939.2598	-1
19944.3613	-1
19949.4629	-1
19954.5645	-1
19959.6660	-1
19964.7676	-1
19969.8711	-1
19974.9746	-1
19980.0781	-1
19985.1816	1
19990.2852	1
19995.3887	1
20000.4922	1
20005.5957	-1
20010.6992	-1
20015.8027	-1
20020.9062	-1
20026.0098	-1
20031.1133	-1
20036.2168	-1
20041.3203	-1
20046.4238	-1
20051.5273	-1
20056.6309	-1
20061.7344	-1
20066.8398	-1
20071.9453	-1
20077.0508	-1
20082.1562	-1
20087.2617	-1
20092.3672	-1
20097.4727	-1
20102.5781	-1
20107.6836	-1
20112.7891	-1
20117.8945	-1
20123.0000	-1
20128.1055	-1
20133.2109	-1
20138.3164	-1
20143.4219	-1
20148.5273	-1
20153.6328	-1
20158.7383	-1
20163.8438	-1
20168.9492	-1
20174.0547	-1
20179.1602	-1
20184.2656	-1
20189.3711	1
20194.4766	1
20199.5820	1
20204.6875	1
20209.7930	1
20214.9004	-1
20220.0078	-1
20225.1152	-1
20230.2227	-1
20235.3301	-1
20240.4375	-1
20245.5449	1
20250.6523	1
20255.7598	-1
20260.8672	-1
20265.9746	-1
20271.0820	-1
20276.1895	-1
20281.2969	-1
20286.4043	1
20291.5117	1
20296.6191	-1
20301.7266	-1
20306.8340	-1
20311.9414	-1
20317.0488	-1
20322.1562	-1
20327.2637	1
20332.3711	1
20337.4785	1
20342.5859	-1
20347.6934	-1
20352.8008	-1
20357.9082	-1
20363.0156	-1
20368.1230	-1
20373.2324	1
20378.3438	-1
20383.4551	-1
20388.5664	-1
20393.6777	-1
20398.7891	-1
20403.9004	-1
20409.0117	-1
20414.1230	-1
20419.2344	-1
20424.3457	-1
20429.4570	-1
20434.5684	-1
20439.6797	1
20444.7910	1
20449.9023	1
20455.0137	1
20460.1250	1
20465.2363	1
20470.3477	1
20475.4590	1
20480.5703	1
20485.6816	1
20490.7930	1
20495.9062	-1
20501.0195	-1
20506.1328	-1
20511.2461	-1
20516.3594	-1
20521.4727	-1
20526.5859	1
20531.6992	1
20536.8125	-1
20541.9258	-1
20547.0391	-1
20552.1523	-1
20557.2656	-1
20562.3789	-1
20567.4922	-1
20572.6055	-1
20577.7188	-1
20582.8320	-1
20587.9453	-1
20593.0586	-1
20598.1719	-1
20603.2852	-1
20608.3984	-1
20613.5117	-1
20618.6250	-1
20623.7383	-1
20628.8516	-1
20633.9648	-1
20639.0781	-1
20644.1914	-1
20649.3047	-1
20654.4180	-1
20659.5332	-1
20664.6484	-1
20669.7637	-1
20674.8789	-1
20679.9941	-1
20685.1094	-1
20690.2246	-1
20695.3398	-1
20700.4551	-1
20705.5703	-1
20710.6855	-1
20715.8008	-1
20720.9160	1
20726.0312	1
20731.1465	1
20736.2617	1
20741.3770	1
20746.4922	1
20751.6074	1
20756.7227	1
20761.8379	1
20766.9531	1
20772.0703	1
20777.1875	1
20782.3066	-1
20787.4258	-1
20792.5449	-1
20797.6641	-1
20802.7832	-1
20807.9023	-1
20813.0234	-1
20818.1445	-1
20823.2656	-1
20828.3867	-1
20833.5078	-1
20838.6289	-1
20843.7500	-1
20848.8711	-1
20853.9922	-1
20859.1133	-1
20864.2344	-1
20869.3555	-1
20874.4766	-1
20879.5977	-1
20884.7188	-1
20889.8398	-1
20894.9609	-1
20900.0820	-1
20905.2031	-1
20910.3242	-1
20915.4453	-1
20920.5664	-1
20925.6875	-1
20930.8086	-1
20935.9297	-1
20941.0508	-1
20946.1719	-1
20951.2930	-1
20956.4141	-1
20961.5352	-1
20966.6562	-1
20971.7773	-1
20976.8984	-1
20982.0195	-1
20987.1406	-1
20992.2617	-1
20997.3828	-1
21002.5039	-1
21007.6250	-1
21012.7461	-1
21017.8672	-1
21022.9883	-1
21028.1094	-1
21033.2305	-1
21038.3516	-1
21043.4727	-1
21048.5938	-1
21053.7148	-1
21058.8359	-1
21063.9570	-1
21069.0781	-1
21074.1992	-1
21079.3203	-1
21084.4414	-1
21089.5625	-1
21094.6836	-1
21099.8047	-1
21104.9258	-1
21110.0469	-1
21115.1680	-1
21120.2891	-1
21125.4102	-1
21130.5312	-1
21135.6523	-1
21140.7734	-1
21145.8945	-1
21151.0156	-1
21156.1367	-1
21161.2578	-1
21166.3789	-1
21171.5000	-1
21176.6211	-1
21181.7422	-1
21186.8633	-1
21191.9844	-1
21197.1055	-1
21202.2266	-1
21207.3477	-1
21212.4707	1
21217.5938	1
21222.7188	-1
21227.8438	-1
21232.9688	-1
21238.0938	-1
21243.2188	-1
21248.3438	-1
21253.4688	-1
21258.5938	-1
21263.7188	-1
21268.8438	-1
21273.9688	-1
21279.0938	-1
21284.2188	-1
21289.3438	-1
21294.4688	-1
21299.5938	-1
21304.7188	-1
21309.8438	-1
21314.9688	1
21320.0938	1
21325.2188	1
21330.3438	1
21335.4688	1
21340.5938	1
21345.7188	1
21350.8457	1
21355.9727	1
21361.0996	1
21366.2266	1
21371.3535	1
21376.4805	1
21381.6074	1
21386.7344	1
21391.8613	1
21396.9883	1
21402.1152	1
21407.2422	1
21412.3691	-1
21417.4961	-1
21422.6230	-1
21427.7500	-1
21432.8770	-1
21438.0039	-1
21443.1309	-1
21448.2578	-1
21453.3848	-1
21458.5117	-1
21463.6387	-1
21468.7656	-1
21473.8926	-1
21479.0195	-1
21484.1465	-1
21489.2734	-1
21494.4004	-1
21499.5273	-1
21504.6543	-1
21509.7812	-1
21514.9082	-1
21520.0352	-1
21525.1621	-1
21530.2891	-1
21535.4160	-1
21540.5430	-1
21545.6699	-1
21550.7969	-1
21555.9238	-1
21561.0508	-1
21566.1797	-1
21571.3086	-1
21576.4375	-1
21581.5664	-1
21586.6953	-1
21591.8242	-1
21596.9531	-1
21602.0820	-1
21607.2109	-1
21612.3398	-1
21617.4688	-1
21622.5977	-1
21627.7266	-1
21632.8555	-1
21637.9844	-1
21643.1133	-1
21648.2422	-1
21653.3711	-1
21658.5000	-1
21663.6289	-1
21668.7578	-1
21673.8867	-1
21679.0156	-1
21684.1445	-1
21689.2754	-1
21694.4062	-1
21699.5371	-1
21704.6680	-1
21709.7988	-1
21714.9297	-1
21720.0625	-1
21725.1953	-1
21730.3281	-1
21735.4609	-1
21740.5938	-1
21745.7266	-1
21750.8613	-1
21755.9961	-1
21761.1309	-1
21766.2656	-1
21771.4004	-1
21776.5352	-1
21781.6699	-1
21786.8047	-1
21791.9395	-1
21797.0742	-1
21802.2090	-1
21807.3438	-1
21812.4785	-1
21817.6133	-1
21822.7480	-1
21827.8828	-1
21833.0176	-1
21838.1523	-1
21843.2871	-1
21848.4219	-1
21853.5566	-1
21858.6914	-1
21863.8262	-1
21868.9609	-1
21874.0957	-1
21879.2305	-1
21884.3652	-1
21889.5000	-1
21894.6348	-1
21899.7695	-1
21904.9062	-1
21910.0430	-1
21915.1797	-1
21920.3164	-1
21925.4531	-1
21930.5898	-1
21935.7266	-1
21940.8633	-1
21946.0000	-1
21951.1367	-1
21956.2734	-1
21961.4102	-1
21966.5469	-1
21971.6836	-1
21976.8203	-1
21981.9570	-1
21987.0938	-1
21992.2305	-1
21997.3672	-1
22002.5039	-1
22007.6406	-1
22012.7773	-1
22017.9141	-1
22023.0508	-1
22028.1875	-1
22033.3242	-1
22038.4609	-1
22043.5977	-1
22048.7344	-1
22053.8711	-1
22059.0098	-1
22064.1484	-1
22069.2871	-1
22074.4258	-1
22079.5645	-1
22084.7031	-1
22089.8418	-1
22094.9805	-1
22100.1191	-1
22105.2578	-1
22110.3965	-1
22115.5352	-1
22120.6738	-1
22125.8125	-1
22130.9512	-1
22136.0898	-1
22141.2285	-1
22146.3672	-1
22151.5059	-1
22156.6445	-1
22161.7832	-1
22166.9219	-1
22172.0605	-1
22177.1992	-1
22182.3379	-1
22187.4766	-1
22192.6152	-1
22197.7539	-1
22202.8926	-1
22208.0312	-1
22213.1699	-1
22218.3086	-1
22223.4473	-1
22228.5859	-1
22233.7246	-1
22238.8633	-1
22244.0039	-1
22249.1445	-1
22254.2852	-1
22259.4258	-1
22264.5664	-1
22269.7070	-1
22274.8477	-1
22279.9883	-1
22285.1289	-1
22290.2695	-1
22295.4102	-1
22300.5508	-1
22305.6914	-1
22310.8320	-1
22315.9727	-1
22321.1133	-1
22326.2539	-1
22331.3945	-1
22336.5352	-1
22341.6758	-1
22346.8164	-1
22351.9570	-1
22357.0977	-1
22362.2383	-1
22367.3789	-1
22372.5195	-1
22377.6602	-1
22382.8008	-1
22387.9414	-1
22393.0820	-1
22398.2227	-1
22403.3633	-1
22408.5039	-1
22413.6445	-1
22418.7852	-1
22423.9258	-1
22429.0801	1
22434.2363	-1
22439.3926	1
22444.5488	1
22449.7070	-1
22454.8652	-1
22460.0234	-1
22465.1816	-1
22470.3398	-1
22475.4980	-1
22480.6562	-1
22485.8145	-1
22490.9727	-1
22496.1309	-1
22501.3047	1
22506.4805	-1
22511.6562	1
22516.8320	1
22522.0098	-1
22527.1875	-1
22532.3652	-1
22537.5430	-1
22542.7207	-1
22547.8984	-1
22553.0762	-1
22558.2539	-1
22563.4316	-1
22568.6094	-1
22573.8008	1
22578.9941	-1
22584.1875	1
22589.3809	1
22594.5742	-1
22599.7676	-1
22604.9609	-1
22610.1543	-1
22615.3477	-1
22620.5410	-1
22625.7344	-1
22630.9277	-1
22636.1211	-1
22641.3145	-1
22646.5078	-1
22651.7012	-1
22656.8965	1
22662.0918	1
22667.2871	1
22672.4824	1
22677.6777	-1
22682.8730	-1
22688.0684	-1
22693.2637	-1
22698.4590	-1
22703.6543	-1
22708.8496	-1
22714.0449	-1
22719.2402	-1
22724.4355	-1
22729.6309	-1
22734.8262	-1
22740.0234	-1
22745.2207	-1
22750.4180	-1
22755.6152	-1
22760.8125	-1
22766.0098	-1
22771.2070	-1
22776.4043	-1
22781.6016	-1
22786.7988	-1
22791.9961	-1
22797.1934	-1
22802.3906	1
22807.5879	1
22812.7852	1
22817.9824	1
22823.1797	1
22828.3770	1
22833.5742	1
22838.7715	1
22843.9688	-1
22849.1660	-1
22854.3633	-1
22859.5605	-1
22864.7578	-1
22869.9551	-1
22875.1543	-1
22880.3535	-1
22885.5527	-1
22890.7520	-1
22895.9512	-1
22901.1504	-1
22906.3496	1
22911.5488	-1
22916.7480	-1
22921.9473	-1
22927.1465	-1
22932.3457	-1
22937.5449	-1
22942.7441	1
22947.9434	-1
22953.1426	-1
22958.3418	-1
22963.5410	-1
22968.7402	-1
22973.9395	-1
22979.1387	-1
22984.3379	-1
22989.5371	-1
22994.7363	-1
22999.9355	-1
23005.1348	-1
23010.3340	-1
23015.5332	-1
23020.7324	-1
23025.9316	-1
23031.1309	-1
23036.3301	-1
23041.5312	-1
23046.7324	-1
23051.9336	-1
23057.1348	-1
23062.3359	-1
23067.5371	-1
23072.7383	-1
23077.9395	-1
23083.1406	-1
23088.3418	-1
23093.5430	-1
23098.7441	-1
23103.9453	1
23109.1465	1
23114.3477	1
23119.5488	1
23124.7500	-1
23129.9512	-1
23135.1523	-1
23140.3535	-1
23145.5547	-1
23150.7559	-1
23155.9570	-1
23161.1582	-1
23166.3594	-1
23171.5605	-1
23176.7617	-1
23181.9629	-1
23187.1641	-1
23192.3652	-1
23197.5664	-1
23202.7676	-1
23207.9688	-1
23213.1699	-1
23218.3730	-1
23223.5762	-1
23228.7793	-1
23233.9824	-1
23239.1855	-1
23244.3887	-1
23249.5918	-1
23254.7949	-1
23259.9980	-1
23265.2012	-1
23270.4043	-1
23275.6074	-1
23280.8105	-1
23286.0137	-1
23291.2285	1
23296.4453	-1
23301.6641	1
23306.8828	1
23312.1016	-1
23317.3203	-1
23322.5391	-1
23327.7715	1
23333.0059	-1
23338.2402	1
23343.4746	1
23348.7109	-1
23353.9473	-1
23359.1836	-1
23364.4199	-1
23369.6562	-1
23374.8926	-1
23380.1289	-1
23385.3652	-1
23390.6016	-1
23395.8379	-1
23401.0742	-1
23406.3105	-1
23411.5469	1
23416.7832	1
23422.0195	1
23427.2559	1
23432.4941	-1
23437.7324	-1
23442.9707	-1
23448.2090	-1
23453.4473	-1
23458.6855	-1
23463.9238	-1
23469.1621	-1
23474.4004	-1
23479.6387	-1
23484.8770	-1
23490.1152	-1
23495.3535	-1
23500.5918	-1
23505.8301	-1
23511.0684	-1
23516.3066	-1
23521.5449	-1
23526.7832	-1
23532.0215	-1
23537.2598	-1
23542.4980	-1
23547.7363	-1
23552.9883	1
23558.2422	-1
23563.4980	1
23568.7539	1
23574.0098	-1
23579.2656	-1
23584.5215	-1
23589.7773	-1
23595.0469	1
23600.3184	-1
23605.5898	1
23610.8613	1
23616.1348	-1
23621.4082	-1
23626.6816	-1
23631.9551	-1
23637.2285	-1
23642.5020	-1
23647.7754	-1
23653.0488	-1
23658.3223	-1
23663.5957	-1
23668.8691	-1
23674.1426	-1
23679.4160	1
23684.6895	1
23689.9629	1
23695.2363	1
23700.5098	-1
23705.7832	-1
23711.0566	-1
23716.3301	-1
23721.6035	-1
23726.8770	-1
23732.1523	-1
23737.4277	-1
23742.7031	-1
23747.9785	-1
23753.2539	-1
23758.5293	-1
23763.8047	-1
23769.0801	-1
23774.3555	-1
23779.6309	-1
23784.9062	-1
23790.1816	-1
23795.4570	1
23800.7324	1
23806.0078	1
23811.2832	-1
23816.5586	-1
23821.8340	-1
23827.1094	-1
23832.3848	-1
23837.6602	-1
23842.9355	-1
23848.2109	-1
23853.4863	-1
23858.7617	-1
23864.0371	-1
23869.3125	-1
23874.5898	-1
23879.8672	-1
23885.1445	-1
23890.4219	-1
23895.6992	-1
23900.9766	-1
23906.2539	-1
23911.5430	1
23916.8340	-1
23922.1250	1
23927.4160	1
23932.7090	-1
23938.0020	-1
23943.2949	-1
23948.5879	-1
23953.8809	-1
23959.1738	-1
23964.4668	-1
23969.7598	-1
23975.0527	-1
23980.3457	-1
23985.6387	-1
23990.9316	-1
23996.2266	1
24001.5215	1
24006.8164	1
24012.1113	1
24017.4062	-1
24022.7012	-1
24027.9961	-1
24033.2910	-1
24038.5859	-1
24043.8809	-1
24049.1777	-1
24054.4746	-1
24059.7715	-1
24065.0684	-1
24070.3652	-1
24075.6621	-1
24080.9590	-1
24086.2559	-1
24091.5527	-1
24096.8496	-1
24102.1465	-1
24107.4434	-1
24112.7402	-1
24118.0488	1
24123.3594	-1
24128.6699	1
24133.9805	1
24139.2930	-1
24144.6055	-1
