0.0000	0
0.0006	1
0.5063	888
0.9591	888
1.2090	888
1.3865	888
1.9678	888
2.0345	888
2.7977	888
2.8245	888
2.8619	-1
2.9881	888
3.0056	888
3.0558	888
3.1041	-888
3.1665	888
3.4782	888
3.5417	888
3.5534	888
3.5847	888
3.6863	888
3.7696	888
3.8097	888
3.8255	888
3.8807	888
3.9390	888
4.2497	888
4.2567	-888
4.4467	-888
4.5067	888
4.5108	-888
4.6774	888
4.7256	888
4.8040	-888
4.8675	888
4.8961	888
4.8991	888
5.0539	-888
5.0869	-888
5.1857	888
5.2568	-888
5.3182	888
5.3549	888
5.4449	888
5.4829	888
5.6464	-888
5.6537	-888
5.7384	888
5.8329	888
5.8921	1
5.9000	888
6.0266	888
6.1286	-888
6.1365	888
6.2479	888
6.3105	-888
6.3838	-888
6.4579	888
6.4741	888
6.8644	-888
6.9829	888
7.0665	-888
7.1546	888
7.2148	888
7.3890	-888
7.3949	888
7.4044	888
7.4180	888
7.4987	888
7.5718	888
7.5915	-888
7.6374	888
7.7596	-888
7.7896	888
7.7939	888
7.8228	888
7.8569	-888
7.9051	-888
7.9748	888
8.0278	888
8.0303	888
8.1866	888
8.2102	-888
8.3064	-888
8.3388	888
8.3479	-888
8.3501	888
8.3521	888
8.4216	-888
8.4469	888
8.5727	888
8.6080	-888
8.8107	888
9.0047	-888
9.0226	-888
9.5200	888
9.5695	-888
9.6415	888
9.7114	888
9.7910	-888
9.8417	888
9.8735	-888
10.0233	-888
10.1959	-888
10.2154	-888
10.3069	-888
10.4064	-888
10.5220	-888
10.6586	-888
10.7141	-888
10.8070	-888
10.8525	-888
11.0294	-888
11.1652	888
11.6318	-888
11.6403	-888
11.7116	888
11.8391	888
12.1724	888
12.1903	-888
12.2059	-888
12.2222	888
12.2675	-888
12.3380	-888
12.3407	-888
12.3946	-888
12.6203	-888
12.6657	-888
12.6721	-888
12.7150	-888
12.7752	-888
13.1434	-888
13.4393	-888
13.9957	-888
14.0172	-888
14.1757	888
14.2673	-888
14.5388	1
14.6302	-888
14.8350	-888
14.9447	-888
15.3165	-888
15.4551	-888
16.2527	-888
16.3991	-888
16.4007	-888
17.0815	-888
17.0975	-888
18.0198	888
19.3703	-888
19.6067	-888
19.7462	-888
21.2162	-888
23.1861	-1
23.8666	-888
25.1339	-888
27.1001	-888
33.1629	1
43.1412	-1
53.1198	1
63.0985	1
73.0784	-1
83.0584	-1
93.0383	-1
103.0183	-1
112.9982	-1
122.9782	-1
132.9583	-1
142.9383	-1
152.9184	-1
162.8984	-1
172.8785	-1
182.8585	-1
192.8389	1
202.8193	1
212.7997	1
222.7802	1
232.7622	-1
242.7442	-1
252.7263	-1
262.7083	-1
272.6904	-1
282.6725	-1
292.6546	-1
302.6367	-1
312.6189	-1
322.6010	-1
332.5832	-1
342.5654	-1
352.5476	-1
362.5299	-1
372.5122	-1
382.4944	-1
392.4767	-1
402.4590	-1
412.4413	-1
422.4237	-1
432.4061	-1
442.3885	-1
452.3708	-1
462.3532	-1
472.3358	1
482.3184	1
492.3011	1
502.2837	1
512.2665	1
522.2494	1
532.2336	1
542.2180	1
552.2029	-1
562.1879	-1
572.1729	-1
582.1579	-1
592.1429	-1
602.1279	-1
612.1131	-1
622.0983	-1
632.0836	-1
642.0688	-1
652.0540	-1
662.0392	-1
672.0249	1
682.0106	1
691.9965	-1
701.9823	-1
711.9681	-1
721.9540	-1
731.9398	-1
741.9257	-1
751.9116	-1
761.8976	-1
771.8837	1
781.8697	-1
791.8557	-1
801.8417	-1
811.8278	-1
821.8138	1
831.7999	-1
841.7861	-1
851.7722	-1
861.7584	-1
871.7445	-1
881.7307	-1
891.7169	-1
901.7032	-1
911.6896	-1
921.6759	-1
931.6622	-1
941.6486	-1
951.6355	1
961.6227	1
971.6105	1
981.5984	-1
991.5864	-1
1001.5743	-1
1011.5622	-1
1021.5501	-1
1031.5381	-1
1041.5261	-1
1051.5142	-1
1061.5022	-1
1071.4902	-1
1081.4783	-1
1091.4663	-1
1101.4557	-1
1111.4451	-1
1121.4344	-1
1131.4238	-1
1141.4132	-1
1151.4026	-1
1161.3921	-1
1171.3816	-1
1181.3711	-1
1191.3606	-1
1201.3501	-1
1211.3396	-1
1221.3292	-1
1231.3188	-1
1241.3085	-1
1251.2981	-1
1261.2877	-1
1271.2773	-1
1281.2681	-1
1291.2588	-1
1301.2495	-1
1311.2402	-1
1321.2310	-1
1331.2217	-1
1341.2125	-1
1351.2034	-1
1361.1942	-1
1371.1851	-1
1381.1759	-1
1391.1667	-1
1401.1577	-1
1411.1487	-1
1421.1396	-1
1431.1306	-1
1441.1216	-1
1451.1125	-1
1461.1035	-1
1471.0945	-1
1481.0854	-1
1491.0764	-1
1501.0674	-1
1511.0692	1
1521.0721	-1
1531.0753	1
1541.0786	1
1551.0825	-1
1561.0864	-1
1571.0903	-1
1581.0942	-1
1591.0981	-1
1601.1021	-1
1611.1061	-1
1621.1101	-1
1631.1141	-1
1641.1182	-1
1651.1222	-1
1661.1262	-1
1671.1305	1
1681.1349	1
1691.1393	1
1701.1437	1
1711.1487	-1
1721.1537	-1
1731.1587	-1
1741.1637	-1
1751.1687	-1
1761.1737	-1
1771.1788	-1
1781.1840	-1
1791.1891	-1
1801.1942	-1
1811.1993	-1
1821.2045	-1
1831.2100	-1
1841.2155	-1
1851.2209	-1
1861.2264	-1
1871.2319	-1
1881.2374	-1
1891.2430	1
1901.2487	1
1911.2544	1
1921.2601	1
1931.2659	1
1941.2717	1
1951.2776	-1
1961.2834	-1
1971.2893	-1
1981.2952	-1
1991.3010	-1
2001.3069	-1
2011.3134	-1
2021.3198	-1
2031.3263	-1
2041.3328	-1
2051.3394	-1
2061.3459	-1
2071.3525	-1
2081.3591	-1
2091.3657	-1
2101.3723	-1
2111.3789	-1
2121.3855	-1
2131.3923	1
2141.3992	1
2151.4062	1
2161.4141	-1
2171.4219	-1
2181.4297	-1
2191.4375	-1
2201.4453	-1
2211.4531	-1
2221.4612	-1
2231.4692	-1
2241.4773	-1
2251.4854	-1
2261.4934	-1
2271.5015	-1
2281.5095	-1
2291.5176	-1
2301.5256	-1
2311.5337	-1
2321.5417	-1
2331.5498	-1
2341.5581	-1
2351.5664	-1
2361.5747	-1
2371.5830	-1
2381.5913	-1
2391.5996	-1
2401.6079	-1
2411.6162	-1
2421.6245	-1
2431.6328	-1
2441.6411	-1
2451.6494	-1
2461.6580	-1
2471.6665	-1
2481.6750	-1
2491.6836	-1
2501.6921	-1
2511.7007	-1
2521.7097	-1
2531.7188	-1
2541.7278	-1
2551.7471	1
2561.7678	-1
2571.7888	1
2581.8098	1
2591.8320	-1
2601.8542	-1
2611.8765	-1
2621.8987	-1
2631.9209	-1
2641.9431	-1
2651.9653	-1
2661.9875	-1
2672.0098	-1
2682.0320	-1
2692.0542	-1
2702.0764	-1
2712.0989	1
2722.1216	1
2732.1443	1
2742.1670	1
2752.1909	-1
2762.2148	-1
2772.2388	-1
2782.2627	-1
2792.2866	-1
2802.3105	-1
2812.3350	-1
2822.3594	-1
2832.3838	-1
2842.4082	-1
2852.4326	-1
2862.4570	-1
2872.4817	1
2882.5063	1
2892.5312	-1
2902.5562	-1
2912.5811	-1
2922.6060	-1
2932.6309	-1
2942.6558	-1
2952.6807	-1
2962.7058	-1
2972.7310	-1
2982.7561	-1
2992.7812	-1
3002.8064	-1
3012.8325	-1
3022.8586	-1
3032.8848	-1
3042.9109	-1
3052.9370	-1
3062.9631	-1
3072.9893	-1
3083.0154	-1
3093.0415	-1
3103.0776	1
3113.1150	-1
3123.1526	1
3133.1904	1
3143.2290	-1
3153.2678	-1
3163.3162	1
3173.3657	-1
3183.4155	1
3193.4656	1
3203.5166	-1
3213.5676	-1
3223.6187	-1
3233.6697	-1
3243.7207	-1
3253.7717	-1
3263.8230	-1
3273.8743	-1
3283.9255	-1
3293.9768	-1
3304.0281	-1
3314.0793	-1
3324.1309	1
3334.1824	1
3344.2339	1
3354.2854	1
3364.3389	-1
3374.3923	-1
3384.4458	-1
3394.4993	-1
3404.5527	-1
3414.6062	-1
3424.6597	-1
3434.7131	-1
3444.7666	-1
3454.8201	-1
3464.8735	-1
3474.9270	-1
3484.9807	-1
3495.0344	-1
3505.0881	-1
3515.1418	-1
3525.1956	-1
3535.2493	-1
3545.3030	-1
3555.3567	-1
3565.4104	-1
3575.4641	-1
3585.5178	-1
3595.5715	-1
3605.6255	1
3615.6794	1
3625.7336	1
3635.7878	1
3645.8420	1
3655.8962	1
3665.9504	1
3676.0046	1
3686.0610	-1
3696.1174	-1
3706.1738	-1
3716.2302	-1
3726.2866	-1
3736.3430	-1
3746.4001	-1
3756.4573	-1
3766.5144	-1
3776.5715	-1
3786.6287	-1
3796.6858	-1
3806.7429	-1
3816.8000	-1
3826.8572	-1
3836.9143	-1
3846.9714	-1
3857.0286	-1
3867.0859	-1
3877.1433	-1
3887.2007	-1
3897.2581	-1
3907.3154	-1
3917.3728	-1
3927.4302	-1
3937.4875	-1
3947.5449	-1
3957.6023	-1
3967.6597	-1
3977.7170	-1
3987.7744	-1
3997.8318	-1
4007.8894	-1
4017.9470	-1
4028.0046	-1
4038.0623	-1
4048.1199	-1
4058.1775	-1
4068.2351	-1
4078.2927	-1
4088.3503	-1
4098.4077	-1
4108.4653	-1
4118.5229	-1
4128.5806	-1
4138.6382	-1
4148.6958	-1
4158.7534	-1
4168.8115	1
4178.8696	1
4188.9277	1
4198.9858	1
4209.0439	1
4219.1025	1
4229.1626	-1
4239.2227	-1
4249.2827	-1
4259.3428	-1
4269.4028	-1
4279.4629	-1
4289.5234	-1
4299.5840	-1
4309.6445	-1
4319.7051	-1
4329.7656	-1
4339.8262	-1
4349.8867	-1
4359.9478	-1
4370.0088	-1
4380.0698	-1
4390.1309	-1
4400.1919	-1
4410.2534	-1
4420.3149	-1
4430.3765	-1
4440.4380	-1
4450.4995	-1
4460.5610	-1
4470.6226	-1
4480.6841	-1
4490.7456	-1
4500.8071	-1
4510.8687	-1
4520.9302	-1
4530.9917	-1
4541.0532	-1
4551.1245	1
4561.1968	-1
4571.2695	1
4581.3423	1
4591.4155	-1
4601.4888	-1
4611.5620	-1
4621.6357	-1
4631.7188	1
4641.8032	-1
4651.8877	1
4661.9722	1
4672.0576	-1
4682.1431	-1
4692.2285	-1
4702.3140	-1
4712.3999	-1
4722.4951	1
4732.5913	-1
4742.6880	1
4752.7847	1
4762.8818	-1
4772.9790	-1
4783.0762	-1
4793.1733	-1
4803.2705	-1
4813.3677	-1
4823.4648	-1
4833.5620	-1
4843.6592	-1
4853.7563	-1
4863.8535	-1
4873.9507	-1
4884.0483	1
4894.1460	1
4904.2437	1
4914.3413	1
4924.4395	-1
4934.5376	-1
4944.6357	-1
4954.7339	-1
4964.8320	-1
4974.9302	-1
4985.0288	-1
4995.1274	-1
5005.2261	-1
5015.3247	-1
5025.4233	-1
5035.5220	-1
5045.6206	-1
5055.7192	-1
5065.8179	-1
5075.9165	-1
5086.0151	-1
5096.1138	-1
5106.2129	-1
5116.3120	-1
5126.4111	-1
5136.5103	-1
5146.6094	-1
5156.7085	-1
5166.8076	1
5176.9067	1
5187.0059	1
5197.1050	1
5207.2041	1
5217.3032	1
5227.4028	1
5237.5024	1
5247.6030	-1
5257.7036	-1
5267.8042	-1
5277.9048	-1
5288.0054	-1
5298.1060	-1
5308.2065	-1
5318.3071	-1
5328.4077	-1
5338.5083	-1
5348.6089	-1
5358.7095	-1
5368.8101	-1
5378.9106	-1
5389.0112	-1
5399.1118	-1
5409.2124	-1
5419.3130	-1
5429.4141	1
5439.5151	1
5449.6167	-1
5459.7183	-1
5469.8198	-1
5479.9214	-1
5490.0229	-1
5500.1245	-1
5510.2261	-1
5520.3276	-1
5530.4292	-1
5540.5308	-1
5550.6323	-1
5560.7339	-1
5570.8354	-1
5580.9370	-1
5591.0386	-1
5601.1401	-1
5611.2417	-1
5621.3433	-1
5631.4448	-1
5641.5464	-1
5651.6479	-1
5661.7495	-1
5671.8511	1
5681.9526	-1
5692.0547	-1
5702.1567	1
5712.2588	-1
5722.3608	-1
5732.4629	-1
5742.5649	-1
5752.6670	-1
5762.7690	-1
5772.8721	-1
5782.9751	-1
5793.0781	-1
5803.1812	-1
5813.2842	-1
5823.3872	-1
5833.4902	-1
5843.5933	-1
5853.6963	-1
5863.7993	-1
5873.9023	-1
5884.0054	-1
5894.1084	-1
5904.2114	-1
5914.3145	-1
5924.4175	-1
5934.5205	-1
5944.6235	-1
5954.7266	-1
5964.8296	-1
5974.9326	-1
5985.0454	1
5995.1597	-1
6005.2744	1
6015.3892	1
6025.5049	-1
6035.6206	-1
6045.7363	-1
6055.8521	-1
6065.9678	-1
6076.0835	-1
6086.1992	-1
6096.3149	-1
6106.4307	-1
6116.5464	-1
6126.6621	-1
6136.7778	-1
6146.8940	1
6157.0103	1
6167.1265	1
6177.2427	1
6187.3604	-1
6197.4780	-1
6207.5957	-1
6217.7134	-1
6227.8311	-1
6237.9487	-1
6248.0669	1
6258.1851	-1
6268.3032	-1
6278.4214	-1
6288.5396	-1
6298.6577	-1
6308.7759	-1
6318.8940	-1
6329.0122	-1
6339.1304	-1
6349.2485	-1
6359.3667	-1
6369.4849	-1
6379.6030	-1
6389.7212	-1
6399.8394	-1
6409.9575	-1
6420.0757	-1
6430.1938	-1
6440.3125	1
6450.4321	1
6460.5518	1
6470.6714	1
6480.7910	1
6490.9111	-1
6501.0312	-1
6511.1514	-1
6521.2715	-1
6531.3916	-1
6541.5117	-1
6551.6323	-1
6561.7529	-1
6571.8735	-1
6581.9941	-1
6592.1147	-1
6602.2354	-1
6612.3569	-1
6622.4785	-1
6632.6001	-1
6642.7217	-1
6652.8433	-1
6662.9648	-1
6673.0869	-1
6683.2090	-1
6693.3311	-1
6703.4531	-1
6713.5752	-1
6723.6973	-1
6733.8193	-1
6743.9414	-1
6754.0635	-1
6764.1855	-1
6774.3076	-1
6784.4297	-1
6794.5518	-1
6804.6738	-1
6814.7959	-1
6824.9277	1
6835.0605	-1
6845.1938	1
6855.3271	1
6865.4614	-1
6875.5957	-1
6885.7300	-1
6895.8643	-1
6905.9985	-1
6916.1328	-1
6926.2671	-1
6936.4014	-1
6946.5356	-1
6956.6699	-1
6966.8042	-1
6976.9385	-1
6987.0732	1
6997.2080	1
7007.3428	1
7017.4775	1
7027.6143	-1
7037.7510	-1
7047.8877	-1
7058.0244	-1
7068.1611	-1
7078.2979	-1
7088.4346	-1
7098.5713	-1
7108.7080	-1
7118.8447	-1
7128.9814	-1
7139.1182	-1
7149.2549	-1
7159.3916	-1
7169.5283	-1
7179.6650	-1
7189.8018	-1
7199.9385	-1
7210.0757	-1
7220.2129	-1
7230.3501	-1
7240.4873	-1
7250.6245	-1
7260.7617	-1
7270.8989	1
7281.0361	1
7291.1733	1
7301.3105	1
7311.4478	1
7321.5850	1
7331.7222	1
7341.8599	1
7351.9995	-1
7362.1392	-1
7372.2788	-1
7382.4185	-1
7392.5581	-1
7402.6978	-1
7412.8379	-1
7422.9780	-1
7433.1182	-1
7443.2588	-1
7453.3994	-1
7463.5400	-1
7473.6807	-1
7483.8213	-1
7493.9619	-1
7504.1025	-1
7514.2432	-1
7524.3838	-1
7534.5244	-1
7544.6650	-1
7554.8057	-1
7564.9463	-1
7575.0869	-1
7585.2275	-1
7595.3682	-1
7605.5088	-1
7615.6494	-1
7625.7900	-1
7635.9307	-1
7646.0718	-1
7656.2129	-1
7666.3540	-1
7676.4951	-1
7686.6362	-1
7696.7773	-1
7706.9185	-1
7717.0596	-1
7727.2007	-1
7737.3418	-1
7747.4829	-1
7757.6240	-1
7767.7651	-1
7777.9062	-1
7788.0571	1
7798.2095	-1
7808.3618	1
7818.5142	1
7828.6670	-1
7838.8203	-1
7848.9736	-1
7859.1270	-1
7869.2803	-1
7879.4336	-1
7889.5869	-1
7899.7495	1
7909.9131	-1
7920.0771	1
7930.2412	1
7940.4058	-1
7950.5703	-1
7960.7354	-1
7970.9092	1
7981.0845	-1
7991.2598	1
8001.4355	1
8011.6123	-1
8021.7891	-1
8031.9658	-1
8042.1426	-1
8052.3286	1
8062.5161	-1
8072.7036	1
8082.8911	1
8093.0791	-1
8103.2671	-1
8113.4556	-1
8123.6533	1
8133.8521	-1
8144.0513	1
8154.2505	1
8164.4502	-1
8174.6504	-1
8184.8599	1
8195.0703	-1
8205.2812	1
8215.4922	1
8225.7041	-1
8235.9160	-1
8246.1377	1
8256.3604	-1
8266.5830	1
8276.8057	1
8287.0293	-1
8297.2529	-1
8307.4766	-1
8317.7002	-1
8327.9336	1
8338.1680	-1
8348.4023	1
8358.6367	1
8368.8730	-1
8379.1094	-1
8389.3457	-1
8399.5820	-1
8409.8271	1
8420.0732	-1
8430.3193	1
8440.5654	1
8450.8125	-1
8461.0596	-1
8471.3066	-1
8481.5625	1
8491.8203	-1
8502.0781	1
8512.3359	1
8522.5947	-1
8532.8535	-1
8543.1123	-1
8553.3711	-1
8563.6299	-1
8573.8887	-1
8584.1475	-1
8594.4062	-1
8604.6650	-1
8614.9238	-1
8625.1826	-1
8635.4414	-1
8645.7002	1
8655.9590	1
8666.2188	-1
8676.4785	-1
8686.7383	-1
8696.9990	-1
8707.2598	-1
8717.5205	-1
8727.7812	-1
8738.0508	1
8748.3213	-1
8758.5928	1
8768.8643	1
8779.1357	-1
8789.4082	-1
8799.6895	1
8809.9717	-1
8820.2549	1
8830.5381	1
8840.8213	-1
8851.1045	-1
8861.3887	-1
8871.6816	1
8881.9756	-1
8892.2695	1
8902.5635	1
8912.8584	-1
8923.1533	-1
8933.4482	-1
8943.7432	-1
8954.0381	-1
8964.3330	-1
8974.6279	-1
8984.9229	-1
8995.2178	-1
9005.5225	1
9015.8281	-1
9026.1348	1
9036.4414	1
9046.7480	-1
9057.0547	-1
9067.3613	-1
9077.6680	-1
9087.9746	-1
9098.2812	-1
9108.5889	-1
9118.8965	-1
9129.2041	-1
9139.5117	-1
9149.8193	-1
9160.1270	-1
9170.4346	1
9180.7422	1
9191.0498	1
9201.3574	1
9211.6650	-1
9221.9727	-1
9232.2803	-1
9242.5879	-1
9252.8965	-1
9263.2051	-1
9273.5137	-1
9283.8223	-1
9294.1309	-1
9304.4395	-1
9314.7480	-1
9325.0566	-1
9335.3652	1
9345.6738	1
9355.9824	1
9366.2910	1
9376.5996	-1
9386.9082	-1
9397.2168	-1
9407.5254	-1
9417.8340	-1
9428.1426	-1
9438.4521	-1
9448.7617	-1
9459.0713	-1
9469.3809	-1
9479.6904	-1
9490.0000	-1
9500.3096	1
9510.6191	-1
9520.9287	-1
9531.2383	-1
9541.5479	-1
9551.8574	-1
9562.1670	-1
9572.4775	-1
9582.7881	-1
9593.0986	-1
9603.4092	-1
9613.7197	-1
9624.0303	-1
9634.3408	-1
9644.6514	-1
9654.9619	-1
9665.2725	-1
9675.5830	-1
9685.8936	-1
9696.2041	-1
9706.5146	-1
9716.8252	-1
9727.1357	-1
9737.4463	-1
9747.7568	-1
9758.0674	-1
9768.3779	-1
9778.6885	-1
9788.9990	-1
9799.3096	-1
9809.6201	-1
9819.9404	1
9830.2617	-1
9840.5840	1
9850.9062	1
9861.2295	-1
9871.5527	-1
9881.8760	-1
9892.1992	-1
9902.5225	-1
9912.8457	-1
9923.1689	-1
9933.4922	-1
9943.8154	-1
9954.1387	-1
9964.4619	-1
9974.7852	-1
9985.1084	1
9995.4316	1
10005.7549	1
10016.0791	1
10026.4043	-1
10036.7295	-1
10047.0547	-1
10057.3799	-1
10067.7051	-1
10078.0303	-1
10088.3555	1
10098.6816	-1
10109.0078	1
10119.3340	-1
10129.6602	-1
10139.9863	-1
10150.3125	-1
10160.6387	-1
10170.9648	-1
10181.2910	-1
10191.6172	-1
10201.9434	-1
10212.2695	-1
10222.5957	-1
10232.9219	-1
10243.2480	-1
10253.5742	-1
10263.9004	-1
10274.2266	-1
10284.5527	-1
10294.8799	-1
10305.2070	-1
10315.5342	-1
10325.8613	-1
10336.1885	-1
10346.5156	-1
10356.8428	-1
10367.1699	-1
10377.5068	1
10387.8447	-1
10398.1826	1
10408.5205	1
10418.8594	-1
10429.1982	-1
10439.5371	-1
10449.8760	-1
10460.2148	-1
10470.5537	-1
10480.8926	-1
10491.2314	-1
10501.5703	-1
10511.9092	-1
10522.2480	-1
10532.5869	-1
10542.9268	1
10553.2666	1
10563.6064	1
10573.9463	1
10584.2871	-1
10594.6279	-1
10604.9688	-1
10615.3096	-1
10625.6504	-1
10635.9912	-1
10646.3320	-1
10656.6729	-1
10667.0137	-1
10677.3545	-1
10687.6953	-1
10698.0361	-1
10708.3779	1
10718.7197	1
10729.0615	1
10739.4033	1
10749.7451	-1
10760.0869	-1
10770.4287	-1
10780.7705	-1
10791.1123	-1
10801.4541	-1
10811.7959	-1
10822.1377	-1
10832.4795	-1
10842.8213	-1
10853.1631	-1
10863.5049	-1
10873.8477	1
10884.1904	1
10894.5332	1
10904.8760	1
10915.2207	-1
10925.5654	-1
10935.9102	-1
10946.2549	-1
10956.5996	-1
10966.9443	-1
10977.2891	-1
10987.6338	-1
10997.9785	-1
11008.3232	-1
11018.6680	-1
11029.0127	-1
11039.3574	-1
11049.7021	-1
11060.0469	-1
11070.3916	-1
11080.7363	-1
11091.0811	-1
11101.4258	-1
11111.7705	-1
11122.1152	-1
11132.4600	-1
11142.8047	-1
11153.1494	-1
11163.4941	-1
11173.8389	-1
11184.1836	-1
11194.5283	-1
11204.8730	-1
11215.2178	-1
11225.5635	1
11235.9092	-1
11246.2549	-1
11256.6006	-1
11266.9463	-1
11277.2920	-1
11287.6377	-1
11297.9844	-1
11308.3311	-1
11318.6777	-1
11329.0244	-1
11339.3711	-1
11349.7178	-1
11360.0645	-1
11370.4111	-1
11380.7578	-1
11391.1045	-1
11401.4512	-1
11411.7979	-1
11422.1455	-1
11432.4932	-1
11442.8408	-1
11453.1885	-1
11463.5361	-1
11473.8926	1
11484.2500	-1
11494.6084	1
11504.9668	1
11515.3262	-1
11525.6855	-1
11536.0449	-1
11546.4043	-1
11556.7637	-1
11567.1230	-1
11577.4824	-1
11587.8418	-1
11598.2012	-1
11608.5605	-1
11618.9199	-1
11629.2793	-1
11639.6387	1
11649.9980	1
11660.3574	1
11670.7168	1
11681.0781	-1
11691.4395	-1
11701.8008	-1
11712.1621	-1
11722.5234	-1
11732.8848	-1
11743.2461	-1
11753.6074	-1
11763.9688	-1
11774.3301	-1
11784.6914	-1
11795.0527	-1
11805.4141	1
11815.7754	1
11826.1367	1
11836.4980	1
11846.8594	-1
11857.2207	-1
11867.5830	-1
11877.9453	-1
11888.3076	-1
11898.6699	-1
11909.0322	-1
11919.3945	-1
11929.7568	-1
11940.1191	-1
11950.4814	-1
11960.8438	-1
11971.2061	1
11981.5684	1
11991.9307	1
12002.2930	1
12012.6572	-1
12023.0215	-1
12033.3857	-1
12043.7500	-1
12054.1143	-1
12064.4785	-1
12074.8438	-1
12085.2090	-1
12095.5742	-1
12105.9395	-1
12116.3047	-1
12126.6699	-1
12137.0352	-1
12147.4004	-1
12157.7656	-1
12168.1309	-1
12178.4961	-1
12188.8613	-1
12199.2266	-1
12209.5918	-1
12219.9570	-1
12230.3223	-1
12240.6875	-1
12251.0527	-1
12261.4180	-1
12271.7832	-1
12282.1484	-1
12292.5137	-1
12302.8789	-1
12313.2441	-1
12323.6094	1
12333.9746	1
12344.3408	-1
12354.7070	-1
12365.0732	-1
12375.4395	-1
12385.8057	-1
12396.1719	-1
12406.5391	-1
12416.9062	-1
12427.2734	-1
12437.6406	-1
12448.0078	-1
12458.3750	-1
12468.7422	-1
12479.1094	-1
12489.4766	-1
12499.8438	-1
12510.2109	-1
12520.5781	-1
12530.9463	-1
12541.3145	-1
12551.6826	-1
12562.0508	-1
12572.4189	-1
12582.7871	-1
12593.1553	-1
12603.5234	-1
12613.9004	1
12624.2783	-1
12634.6572	1
12645.0361	1
12655.4160	-1
12665.7959	-1
12676.1758	-1
12686.5557	-1
12696.9355	-1
12707.3154	-1
12717.6953	-1
12728.0752	-1
12738.4551	-1
12748.8350	-1
12759.2148	-1
12769.5947	-1
12779.9746	1
12790.3555	-1
12800.7363	-1
12811.1172	-1
12821.4980	-1
12831.8877	1
12842.2793	-1
12852.6709	1
12863.0625	1
12873.4551	-1
12883.8477	-1
12894.2402	-1
12904.6328	-1
12915.0254	-1
12925.4180	-1
12935.8105	-1
12946.2031	-1
12956.5957	-1
12966.9883	-1
12977.3809	-1
12987.7734	-1
12998.1670	1
13008.5605	1
13018.9551	-1
13029.3496	-1
13039.7441	-1
13050.1387	-1
13060.5332	-1
13070.9277	-1
13081.3223	-1
13091.7168	-1
13102.1201	1
13112.5244	-1
13122.9297	1
13133.3350	1
13143.7412	-1
13154.1475	-1
13164.5537	-1
13174.9600	-1
13185.3662	-1
13195.7725	-1
13206.1787	-1
13216.5850	-1
13226.9912	-1
13237.3975	-1
13247.8037	-1
13258.2100	-1
13268.6162	1
13279.0225	1
13289.4287	1
13299.8350	1
13310.2432	-1
13320.6514	-1
13331.0596	-1
13341.4678	-1
13351.8760	-1
13362.2842	-1
13372.6924	-1
13383.1006	-1
13393.5088	-1
13403.9170	-1
13414.3252	-1
13424.7334	-1
13435.1416	1
13445.5498	1
13455.9590	1
13466.3682	1
13476.7773	-1
13487.1865	-1
13497.5957	-1
13508.0049	-1
13518.4141	-1
13528.8232	-1
13539.2324	-1
13549.6416	-1
13560.0508	-1
13570.4600	-1
13580.8691	-1
13591.2783	-1
13601.6875	1
13612.0967	1
13622.5059	1
13632.9150	1
13643.3262	-1
13653.7373	-1
13664.1484	-1
13674.5596	-1
13684.9707	-1
13695.3818	-1
13705.7930	-1
13716.2041	-1
13726.6152	-1
13737.0264	-1
13747.4375	-1
13757.8486	-1
13768.2607	-1
13778.6729	-1
13789.0850	-1
13799.4971	-1
13809.9092	-1
13820.3213	-1
13830.7334	-1
13841.1455	-1
13851.5576	-1
13861.9697	-1
13872.3818	-1
13882.7939	-1
13893.2061	1
13903.6182	1
13914.0312	1
13924.4443	1
13934.8574	1
13945.2705	1
13955.6836	1
13966.0967	1
13976.5098	-1
13986.9229	-1
13997.3359	-1
14007.7490	-1
14018.1621	-1
14028.5752	-1
14038.9883	-1
14049.4014	-1
14059.8145	-1
14070.2275	-1
14080.6406	-1
14091.0537	-1
14101.4668	-1
14111.8799	-1
14122.2930	-1
14132.7061	-1
14143.1191	-1
14153.5332	-1
14163.9482	-1
14174.3633	-1
14184.7783	-1
14195.1934	-1
14205.6084	-1
14216.0234	-1
14226.4395	-1
14236.8555	-1
14247.2715	-1
14257.6875	-1
14268.1035	-1
14278.5195	-1
14288.9355	-1
14299.3516	-1
14309.7676	-1
14320.1836	-1
14330.5996	-1
14341.0156	-1
14351.4316	1
14361.8477	1
14372.2637	1
14382.6797	1
14393.0957	1
14403.5117	1
14413.9277	1
14424.3438	1
14434.7607	-1
14445.1777	-1
14455.5947	-1
14466.0117	-1
14476.4287	-1
14486.8457	-1
14497.2627	1
14507.6797	-1
14518.0967	-1
14528.5137	-1
14538.9307	-1
14549.3477	-1
14559.7646	-1
14570.1836	-1
14580.6025	-1
14591.0215	-1
14601.4404	-1
14611.8594	-1
14622.2783	-1
14632.6973	-1
14643.1162	-1
14653.5352	-1
14663.9541	-1
14674.3730	-1
14684.7920	-1
14695.2109	-1
14705.6299	-1
14716.0488	-1
14726.4678	-1
14736.8867	-1
14747.3057	-1
14757.7246	-1
14768.1436	-1
14778.5625	-1
14788.9814	-1
14799.4004	-1
14809.8193	-1
14820.2402	-1
14830.6611	-1
14841.0820	-1
14851.5029	-1
14861.9238	-1
14872.3447	-1
14882.7656	-1
14893.1865	-1
14903.6074	-1
14914.0283	-1
14924.4492	-1
14934.8701	-1
14945.2910	-1
14955.7119	-1
14966.1328	-1
14976.5537	-1
14986.9746	-1
14997.3955	-1
15007.8174	-1
15018.2393	-1
15028.6611	-1
15039.0830	-1
15049.5049	-1
15059.9268	-1
15070.3486	-1
15080.7705	-1
15091.1924	-1
15101.6143	-1
15112.0361	-1
15122.4580	-1
15132.8799	-1
15143.3018	-1
15153.7236	-1
15164.1455	-1
15174.5674	-1
15184.9893	-1
15195.4111	-1
15205.8330	-1
15216.2549	-1
15226.6768	-1
15237.0986	-1
15247.5205	-1
15257.9424	-1
15268.3643	-1
15278.7861	-1
15289.2080	-1
15299.6299	-1
15310.0518	-1
15320.4746	-1
15330.8975	-1
15341.3203	-1
15351.7432	-1
15362.1660	-1
15372.5889	-1
15383.0205	1
15393.4541	-1
15403.8877	1
15414.3213	1
15424.7559	-1
15435.1904	-1
15445.6250	-1
15456.0596	-1
15466.4941	-1
15476.9287	-1
15487.3633	-1
15497.7979	-1
15508.2324	-1
15518.6670	-1
15529.1016	-1
15539.5361	-1
15549.9707	1
15560.4053	1
15570.8398	1
15581.2744	1
15591.7100	-1
15602.1455	-1
15612.5811	-1
15623.0166	-1
15633.4521	-1
15643.8877	-1
15654.3232	-1
15664.7588	-1
15675.1943	-1
15685.6299	-1
15696.0654	-1
15706.5010	-1
15716.9365	-1
15727.3721	-1
15737.8076	-1
15748.2432	-1
15758.6787	-1
15769.1143	-1
15779.5498	-1
15789.9854	-1
15800.4209	-1
15810.8564	-1
15821.2920	-1
15831.7275	-1
15842.1641	1
15852.6006	1
15863.0371	1
15873.4736	1
15883.9102	1
15894.3467	1
15904.7832	1
15915.2197	1
15925.6572	-1
15936.0947	-1
15946.5322	-1
15956.9697	-1
15967.4072	-1
15977.8447	-1
15988.2822	-1
15998.7197	-1
16009.1572	-1
16019.5947	-1
16030.0322	-1
16040.4697	-1
16050.9072	-1
16061.3447	-1
16071.7822	-1
16082.2197	-1
16092.6572	-1
16103.0947	-1
16113.5332	1
16123.9717	1
16134.4102	-1
16144.8486	-1
16155.2871	-1
16165.7256	-1
16176.1641	-1
16186.6025	-1
16197.0410	-1
16207.4795	-1
16217.9180	-1
16228.3564	-1
16238.7949	-1
16249.2334	-1
16259.6719	-1
16270.1104	-1
16280.5488	-1
16290.9873	-1
16301.4258	-1
16311.8643	-1
16322.3027	-1
16332.7412	-1
16343.1797	-1
16353.6182	-1
16364.0566	-1
16374.4951	-1
16384.9336	-1
16395.3730	-1
16405.8125	-1
16416.2520	-1
16426.6914	-1
16437.1309	-1
16447.5703	-1
16458.0098	-1
16468.4492	-1
16478.8887	-1
16489.3281	-1
16499.7676	-1
16510.2070	-1
16520.6465	-1
16531.0859	-1
16541.5352	1
16551.9863	-1
16562.4375	1
16572.8887	1
16583.3398	-1
16593.7910	-1
16604.2422	-1
16614.6934	-1
16625.1445	-1
16635.5957	-1
16646.0469	-1
16656.4980	-1
16666.9590	1
16677.4219	-1
16687.8848	1
16698.3477	1
16708.8105	-1
16719.2734	-1
16729.7363	-1
16740.1992	-1
16750.6621	-1
16761.1250	-1
16771.5879	-1
16782.0508	-1
16792.5137	-1
16802.9766	-1
16813.4395	-1
16823.9023	-1
16834.3672	1
16844.8320	1
16855.2969	1
16865.7617	1
16876.2266	-1
16886.6914	-1
16897.1562	-1
16907.6211	-1
16918.0859	-1
16928.5508	-1
16939.0156	-1
16949.4805	-1
16959.9453	-1
16970.4102	-1
16980.8750	-1
16991.3398	-1
17001.8047	-1
17012.2715	-1
17022.7383	-1
17033.2051	-1
17043.6719	-1
17054.1387	-1
17064.6055	-1
17075.0723	-1
17085.5391	-1
17096.0059	-1
17106.4727	-1
17116.9395	-1
17127.4062	1
17137.8730	1
17148.3398	1
17158.8066	1
17169.2734	1
17179.7402	1
17190.2070	1
17200.6738	1
17211.1426	-1
17221.6113	-1
17232.0801	-1
17242.5488	-1
17253.0176	-1
17263.4863	-1
17273.9551	-1
17284.4238	-1
17294.8926	-1
17305.3613	-1
17315.8301	-1
17326.2988	-1
17336.7676	1
17347.2363	1
17357.7051	1
17368.1738	1
17378.6426	-1
17389.1113	-1
17399.5801	-1
17410.0488	-1
17420.5176	-1
17430.9863	-1
17441.4551	-1
17451.9238	-1
17462.3926	-1
17472.8613	-1
17483.3301	-1
17493.7988	-1
17504.2695	-1
17514.7402	-1
17525.2109	-1
17535.6816	-1
17546.1523	-1
17556.6230	-1
17567.0938	-1
17577.5645	-1
17588.0352	-1
17598.5059	-1
17608.9766	-1
17619.4473	-1
17629.9180	1
17640.3887	1
17650.8594	1
17661.3301	1
17671.8008	-1
17682.2715	-1
17692.7422	-1
17703.2129	-1
17713.6836	-1
17724.1543	-1
17734.6270	-1
17745.0996	-1
17755.5723	-1
17766.0449	-1
17776.5176	-1
17786.9902	-1
17797.4629	1
17807.9355	-1
17818.4082	-1
17828.8809	-1
17839.3535	-1
17849.8262	-1
17860.2988	-1
17870.7715	-1
17881.2441	-1
17891.7168	-1
17902.1895	-1
17912.6621	-1
17923.1348	-1
17933.6074	-1
17944.0801	-1
17954.5527	-1
17965.0254	-1
17975.4980	-1
17985.9707	-1
17996.4453	-1
18006.9199	-1
18017.3945	-1
18027.8691	-1
18038.3438	-1
18048.8184	-1
18059.2930	-1
18069.7676	-1
18080.2422	-1
18090.7168	-1
18101.1914	-1
18111.6660	-1
18122.1406	-1
18132.6152	-1
18143.0898	-1
18153.5645	-1
18164.0391	-1
18174.5137	-1
18184.9883	-1
18195.4629	-1
18205.9375	-1
18216.4121	-1
18226.8867	-1
18237.3613	-1
18247.8379	-1
18258.3145	-1
18268.7910	-1
18279.2676	-1
18289.7441	-1
18300.2207	-1
18310.6973	-1
18321.1738	-1
18331.6504	-1
18342.1367	1
18352.6230	-1
18363.1094	1
18373.5957	1
18384.0840	-1
18394.5723	-1
18405.0605	-1
18415.5488	-1
18426.0371	-1
18436.5254	-1
18447.0137	-1
18457.5020	-1
18467.9902	-1
18478.4785	-1
18488.9668	-1
18499.4551	-1
18509.9434	1
18520.4316	1
18530.9199	-1
18541.4082	-1
18551.8965	-1
18562.3848	-1
18572.8730	-1
18583.3613	-1
18593.8496	-1
18604.3379	-1
18614.8359	1
18625.3359	-1
18635.8359	1
18646.3359	1
18656.8359	-1
18667.3359	-1
18677.8359	-1
18688.3359	-1
18698.8359	-1
18709.3359	-1
18719.8359	-1
18730.3359	-1
18740.8359	-1
18751.3359	-1
18761.8359	-1
18772.3359	-1
18782.8379	1
18793.3398	1
18803.8418	-1
18814.3438	-1
18824.8457	-1
18835.3477	-1
18845.8496	-1
18856.3516	-1
18866.8535	-1
18877.3555	-1
18887.8574	-1
18898.3691	1
18908.8809	-1
18919.3945	1
18929.9082	1
18940.4219	-1
18950.9355	-1
18961.4492	-1
18971.9629	-1
18982.4766	-1
18992.9902	-1
19003.5039	-1
19014.0176	-1
19024.5312	-1
19035.0449	-1
19045.5586	-1
19056.0723	-1
19066.5859	1
19077.0996	1
19087.6133	1
19098.1270	1
19108.6426	-1
19119.1582	-1
19129.6738	-1
19140.1895	-1
19150.7051	-1
19161.2207	-1
19171.7363	-1
19182.2520	-1
19192.7676	-1
19203.2832	-1
19213.7988	-1
19224.3145	-1
19234.8301	-1
19245.3457	-1
19255.8613	-1
19266.3770	-1
19276.8926	-1
19287.4082	-1
19297.9238	-1
19308.4395	-1
19318.9551	-1
19329.4707	-1
19339.9863	-1
19350.5020	-1
19361.0195	1
19371.5371	1
19382.0547	1
19392.5723	1
19403.0898	1
19413.6074	1
19424.1250	1
19434.6426	1
19445.1621	-1
19455.6816	-1
19466.2012	-1
19476.7207	-1
19487.2402	-1
19497.7598	-1
19508.2793	-1
19518.7988	-1
19529.3184	-1
19539.8379	-1
19550.3574	-1
19560.8770	-1
19571.3984	1
19581.9199	1
19592.4414	1
19602.9629	1
19613.4844	-1
19624.0059	-1
19634.5273	-1
19645.0488	-1
19655.5703	-1
19666.0918	-1
19676.6133	-1
19687.1348	-1
19697.6562	-1
19708.1777	-1
19718.6992	-1
19729.2207	-1
19739.7422	-1
19750.2637	-1
19760.7852	-1
19771.3066	-1
19781.8281	-1
19792.3496	-1
19802.8711	-1
19813.3926	-1
19823.9141	-1
19834.4355	-1
19844.9570	-1
19855.4785	-1
19866.0000	-1
19876.5215	-1
19887.0430	-1
19897.5645	-1
19908.0859	-1
19918.6074	-1
19929.1289	-1
19939.6504	-1
19950.1719	-1
19960.6934	-1
19971.2148	-1
19981.7363	-1
19992.2598	-1
20002.7832	-1
20013.3066	-1
20023.8301	-1
20034.3535	-1
20044.8770	-1
20055.4004	-1
20065.9238	-1
20076.4473	-1
20086.9707	-1
20097.4941	-1
20108.0176	-1
20118.5410	1
20129.0645	1
20139.5879	1
20150.1113	1
20160.6348	1
20171.1582	1
20181.6816	1
20192.2051	1
20202.7285	1
20213.2520	1
20223.7754	1
20234.2988	1
20244.8223	1
20255.3477	1
20265.8730	1
20276.3984	1
20286.9238	-1
20297.4492	-1
20307.9746	-1
20318.5000	-1
20329.0254	-1
20339.5508	-1
20350.0781	1
20360.6055	1
20371.1328	-1
20381.6602	-1
20392.1875	-1
20402.7148	-1
20413.2422	-1
20423.7695	-1
20434.2988	-1
20444.8281	-1
20455.3574	-1
20465.8867	-1
20476.4160	-1
20486.9453	-1
20497.4746	-1
20508.0039	-1
20518.5332	-1
20529.0625	-1
20539.5918	-1
20550.1211	-1
20560.6504	-1
20571.1797	-1
20581.7090	-1
20592.2383	-1
20602.7676	-1
20613.2969	-1
20623.8262	-1
20634.3555	-1
20644.8848	-1
20655.4141	-1
20665.9434	-1
20676.4727	-1
20687.0020	-1
20697.5312	-1
20708.0605	-1
20718.5898	-1
20729.1191	-1
20739.6484	-1
20750.1777	-1
20760.7070	-1
20771.2363	-1
20781.7656	-1
20792.2949	-1
20802.8242	-1
20813.3535	-1
20823.8828	-1
20834.4121	-1
20844.9414	-1
20855.4707	-1
20866.0000	-1
20876.5293	-1
20887.0586	-1
20897.5879	-1
20908.1172	-1
20918.6465	-1
20929.1758	-1
20939.7051	1
20950.2363	-1
20960.7676	-1
20971.2988	-1
20981.8301	-1
20992.3613	-1
21002.8926	-1
21013.4238	-1
21023.9551	-1
21034.4863	-1
21045.0176	-1
21055.5488	-1
21066.0801	-1
21076.6113	-1
21087.1426	-1
21097.6738	-1
21108.2051	-1
21118.7363	-1
21129.2676	-1
21139.7988	-1
21150.3301	-1
21160.8613	-1
21171.3926	-1
21181.9238	-1
21192.4551	-1
21202.9883	-1
21213.5215	-1
21224.0547	-1
21234.5879	-1
21245.1211	-1
21255.6543	-1
21266.1875	-1
21276.7207	-1
21287.2539	-1
21297.7871	-1
21308.3203	-1
21318.8535	-1
21329.3867	-1
21339.9199	-1
21350.4531	-1
21360.9863	-1
21371.5195	-1
21382.0527	-1
21392.5879	-1
21403.1230	-1
21413.6582	-1
21424.1934	-1
21434.7285	-1
21445.2637	-1
21455.7988	-1
21466.3340	-1
21476.8691	-1
21487.4043	-1
21497.9395	-1
21508.4746	-1
21519.0098	-1
21529.5449	-1
21540.0801	-1
21550.6152	-1
21561.1504	-1
21571.6855	-1
21582.2207	-1
21592.7656	1
21603.3105	-1
21613.8574	1
21624.4043	1
21634.9512	-1
21645.4980	-1
21656.0449	-1
21666.5918	-1
21677.1387	-1
21687.6855	-1
21698.2324	-1
21708.7793	-1
21719.3262	-1
21729.8730	-1
21740.4199	-1
21750.9668	-1
21761.5234	1
21772.0820	-1
21782.6406	1
21793.1992	1
21803.7578	-1
21814.3164	-1
21824.8750	-1
21835.4336	-1
21845.9922	-1
21856.5508	-1
21867.1094	-1
21877.6680	-1
21888.2266	-1
21898.7852	-1
21909.3438	-1
21919.9023	-1
21930.4629	1
21941.0234	1
21951.5840	1
21962.1445	1
21972.7051	-1
21983.2656	-1
21993.8262	-1
22004.3867	-1
22014.9473	-1
22025.5078	-1
22036.0684	-1
22046.6289	-1
22057.1895	-1
22067.7500	-1
22078.3105	-1
22088.8711	-1
22099.4316	-1
22109.9922	-1
22120.5527	-1
22131.1133	-1
22141.6738	-1
22152.2344	-1
22162.7949	-1
22173.3555	1
22183.9160	-1
22194.4766	-1
22205.0371	-1
22215.5977	-1
22226.1582	-1
22236.7188	1
22247.2793	1
22257.8398	1
22268.4023	-1
22278.9648	-1
22289.5273	-1
22300.0898	-1
22310.6523	-1
22321.2148	-1
22331.7773	1
22342.3398	1
22352.9023	1
22363.4648	1
22374.0273	1
22384.5898	1
22395.1523	-1
22405.7148	-1
22416.2773	-1
22426.8398	-1
22437.4023	-1
22447.9648	-1
22458.5273	-1
22469.0898	-1
22479.6523	-1
22490.2148	-1
22500.7773	-1
22511.3398	-1
22521.9023	-1
22532.4648	-1
22543.0273	-1
22553.5898	-1
22564.1523	-1
22574.7148	-1
22585.2793	1
22595.8438	1
22606.4082	1
22616.9727	1
22627.5371	1
22638.1016	1
22648.6660	-1
22659.2305	-1
22669.7949	-1
22680.3594	-1
22690.9238	-1
22701.4883	-1
22712.0527	1
22722.6172	-1
22733.1816	-1
22743.7461	-1
22754.3105	-1
22764.8750	-1
22775.4395	-1
22786.0039	1
22796.5684	1
22807.1328	1
22817.6973	-1
22828.2617	-1
22838.8262	-1
22849.3906	-1
22859.9551	-1
22870.5195	-1
22881.0840	-1
22891.6484	-1
22902.2129	-1
22912.7773	-1
22923.3418	-1
22933.9062	-1
22944.4707	-1
22955.0352	-1
22965.5996	-1
22976.1641	-1
22986.7285	-1
22997.2930	-1
23007.8594	-1
23018.4258	-1
23028.9922	-1
23039.5586	-1
23050.1250	-1
23060.6914	-1
23071.2578	-1
23081.8242	-1
23092.3906	-1
23102.9570	-1
23113.5234	-1
23124.0898	-1
23134.6562	-1
23145.2227	-1
23155.7891	-1
23166.3555	-1
23176.9219	-1
23187.4883	-1
23198.0547	-1
23208.6211	-1
23219.1875	-1
23229.7539	-1
23240.3203	-1
23250.8867	-1
23261.4531	-1
23272.0195	-1
23282.5859	-1
23293.1523	-1
23303.7188	-1
23314.2852	-1
23324.8516	1
23335.4180	1
23345.9863	1
23356.5547	1
23367.1230	1
23377.6914	1
23388.2598	1
23398.8281	1
23409.3965	1
23419.9648	1
23430.5332	1
23441.1016	1
23451.6699	1
23462.2383	1
23472.8066	-1
23483.3750	-1
23493.9434	-1
23504.5117	-1
23515.0801	-1
23525.6484	-1
23536.2168	1
23546.7852	1
23557.3535	-1
23567.9219	-1
23578.4902	-1
23589.0586	-1
23599.6270	-1
23610.1953	-1
23620.7637	-1
23631.3320	-1
23641.9004	-1
23652.4688	-1
23663.0371	-1
23673.6055	-1
23684.1738	1
23694.7422	-1
23705.3105	-1
23715.8789	-1
23726.4473	-1
23737.0156	-1
23747.5840	-1
23758.1523	1
23768.7207	-1
23779.2891	-1
23789.8574	-1
23800.4258	-1
23810.9941	-1
23821.5625	-1
23832.1309	-1
23842.6992	-1
23853.2676	-1
23863.8359	-1
23874.4043	-1
23884.9727	-1
23895.5410	1
23906.1094	1
23916.6777	1
23927.2461	1
23937.8145	1
23948.3828	1
23958.9512	1
23969.5195	1
23980.0898	1
23990.6602	1
24001.2324	-1
24011.8047	-1
24022.3770	-1
24032.9492	-1
24043.5215	-1
24054.0938	-1
24064.6660	-1
24075.2383	-1
24085.8105	-1
24096.3828	-1
24106.9551	-1
24117.5273	-1
24128.0996	-1
24138.6719	-1
24149.2441	-1
24159.8164	-1
24170.3887	-1
24180.9609	-1
24191.5332	-1
24202.1055	-1
24212.6777	-1
24223.2500	-1
24233.8223	-1
24244.3945	-1
24254.9668	-1
24265.5391	-1
24276.1113	-1
24286.6836	-1
24297.2559	-1
24307.8281	-1
24318.4004	-1
24328.9727	-1
24339.5449	-1
24350.1172	-1
24360.6895	-1
24371.2617	-1
24381.8340	-1
24392.4062	-1
24402.9785	-1
24413.5508	-1
24424.1230	-1
24434.6953	-1
24445.2676	-1
24455.8398	-1
24466.4121	-1
24476.9844	-1
24487.5566	-1
24498.1289	-1
24508.7012	-1
24519.2734	-1
24529.8457	-1
24540.4180	-1
24550.9902	-1
24561.5625	-1
24572.1348	-1
24582.7070	-1
24593.2793	-1
24603.8516	-1
24614.4238	-1
24624.9961	-1
24635.5684	-1
24646.1406	-1
24656.7129	-1
24667.2852	-1
24677.8574	-1
24688.4297	-1
24699.0020	-1
24709.5742	-1
24720.1465	-1
24730.7188	-1
24741.2910	-1
24751.8633	-1
24762.4355	-1
24773.0078	-1
24783.5801	-1
24794.1523	-1
24804.7246	-1
24815.2969	-1
24825.8711	-1
24836.4453	-1
24847.0195	-1
24857.5938	-1
24868.1680	-1
24878.7422	-1
24889.3184	1
24899.8945	-1
24910.4707	-1
24921.0469	-1
24931.6230	-1
24942.1992	-1
24952.7754	-1
24963.3516	1
24973.9277	1
24984.5039	1
24995.0801	-1
25005.6562	-1
25016.2324	-1
25026.8086	-1
25037.3848	-1
25047.9609	1
25058.5371	-1
25069.1133	-1
25079.6895	-1
25090.2656	-1
25100.8418	-1
25111.4180	-1
25121.9941	-1
25132.5703	-1
25143.1465	-1
25153.7227	-1
25164.2988	-1
25174.8750	-1
25185.4512	-1
25196.0273	-1
25206.6035	-1
25217.1797	-1
25227.7559	-1
25238.3320	-1
25248.9082	-1
25259.4844	-1
25270.0605	-1
25280.6367	-1
25291.2129	-1
25301.7891	-1
25312.3652	-1
25322.9414	-1
25333.5176	-1
25344.0938	-1
25354.6699	-1
25365.2461	-1
25375.8223	-1
25386.3984	-1
25396.9746	-1
25407.5508	-1
25418.1270	-1
25428.7031	-1
25439.2793	-1
25449.8555	-1
25460.4316	-1
25471.0078	-1
25481.5840	-1
25492.1602	-1
25502.7363	-1
25513.3125	-1
25523.8887	-1
25534.4648	-1
25545.0410	-1
25555.6172	-1
25566.1934	-1
25576.7695	-1
25587.3457	-1
25597.9219	-1
25608.4980	-1
25619.0742	-1
25629.6504	-1
25640.2285	-1
25650.8066	-1
25661.3848	-1
25671.9629	-1
25682.5410	-1
25693.1191	-1
25703.6973	-1
25714.2754	-1
25724.8535	-1
25735.4316	-1
25746.0098	-1
25756.5879	-1
25767.1660	-1
25777.7441	-1
25788.3223	-1
25798.9004	-1
25809.4785	-1
25820.0566	-1
25830.6348	-1
25841.2129	-1
25851.7910	-1
25862.3691	-1
25872.9473	-1
25883.5254	-1
25894.1035	-1
25904.6816	-1
25915.2598	-1
25925.8379	-1
25936.4160	-1
25946.9941	-1
25957.5723	-1
25968.1504	-1
25978.7285	-1
25989.3066	-1
25999.8848	-1
26010.4629	-1
26021.0410	-1
26031.6191	-1
26042.1973	-1
26052.7754	-1
26063.3535	-1
26073.9316	-1
26084.5098	-1
26095.0879	-1
26105.6660	-1
26116.2441	-1
26126.8340	1
26137.4258	-1
26148.0176	1
26158.6094	1
26169.2012	-1
26179.7930	-1
26190.3848	-1
26200.9766	-1
26211.5684	-1
26222.1602	-1
26232.7520	-1
26243.3438	-1
26253.9355	-1
26264.5273	-1
26275.1191	-1
26285.7109	-1
26296.3047	1
26306.8984	1
26317.4922	1
26328.0859	1
26338.6797	-1
26349.2734	-1
26359.8672	-1
26370.4609	-1
26381.0547	-1
26391.6484	-1
26402.2441	-1
26412.8398	-1
26423.4355	-1
26434.0312	-1
26444.6270	-1
26455.2227	-1
26465.8184	-1
26476.4141	1
26487.0098	-1
26497.6055	-1
26508.2012	-1
26518.7969	-1
26529.3926	-1
26539.9883	-1
26550.5840	-1
26561.1797	-1
26571.7754	-1
26582.3711	-1
26592.9668	-1
26603.5625	-1
26614.1582	-1
26624.7539	-1
26635.3496	-1
26645.9570	1
26656.5645	-1
26667.1719	1
26677.7793	1
26688.3887	-1
26698.9980	-1
26709.6074	-1
26720.2266	1
26730.8457	-1
26741.4648	1
26752.0840	1
26762.7051	-1
26773.3262	-1
26783.9570	1
26794.5898	-1
26805.2227	1
26815.8555	1
26826.4883	-1
26837.1211	-1
26847.7539	-1
26858.3867	-1
26869.0195	-1
26879.6523	-1
26890.2852	-1
26900.9180	-1
26911.5508	-1
26922.1836	-1
26932.8164	-1
26943.4492	-1
26954.0840	1
26964.7188	1
26975.3535	1
26985.9883	1
26996.6230	-1
27007.2578	-1
27017.8926	-1
27028.5273	-1
27039.1621	-1
27049.7969	-1
27060.4316	-1
27071.0664	-1
27081.7012	-1
27092.3359	-1
27102.9707	-1
27113.6055	-1
27124.2422	-1
27134.8789	-1
27145.5156	-1
27156.1523	-1
27166.7891	-1
27177.4258	-1
27188.0625	-1
27198.6992	-1
27209.3457	1
27219.9941	-1
27230.6426	1
27241.2910	1
27251.9395	-1
27262.5879	-1
27273.2363	-1
27283.8848	-1
27294.5332	-1
27305.1816	-1
27315.8301	-1
27326.4785	-1
27337.1270	-1
27347.7871	1
27358.4473	-1
27369.1094	1
27379.7715	1
27390.4336	-1
27401.0957	-1
27411.7578	-1
27422.4297	1
27433.1035	-1
27443.7773	1
27454.4512	1
27465.1250	-1
27475.7988	-1
27486.4824	1
27497.1680	-1
27507.8535	1
27518.5391	1
27529.2266	-1
27539.9141	-1
27550.6113	1
27561.3086	-1
27572.0078	1
27582.7070	1
27593.4062	-1
27604.1055	-1
27614.8145	1
27625.5254	-1
27636.2363	1
27646.9473	1
27657.6582	-1
27668.3691	-1
27679.0898	1
27689.8125	-1
27700.5352	1
27711.2578	1
27721.9805	-1
27732.7031	-1
27743.4258	-1
27754.1484	-1
27764.8711	-1
27775.5938	-1
27786.3164	-1
27797.0391	-1
27807.7617	-1
27818.4844	-1
27829.2070	-1
27839.9297	-1
27850.6523	1
27861.3750	1
27872.0996	1
27882.8242	1
27893.5488	-1
27904.2734	-1
27914.9980	-1
27925.7227	-1
27936.4473	-1
27947.1719	-1
27957.8965	-1
27968.6211	-1
27979.3457	-1
27990.0703	-1
28000.7949	-1
28011.5195	-1
28022.2441	-1
28032.9688	-1
28043.6934	-1
28054.4180	-1
28065.1426	-1
28075.8672	-1
28086.5918	-1
28097.3164	-1
28108.0410	-1
28118.7656	-1
28129.4902	-1
28140.2148	-1
28150.9395	1
28161.6641	1
28172.3887	1
28183.1133	1
28193.8379	1
28204.5625	1
28215.2871	1
28226.0137	-1
28236.7402	-1
28247.4668	-1
28258.1934	-1
28268.9199	-1
28279.6465	-1
28290.3730	-1
28301.0996	-1
28311.8262	-1
28322.5527	-1
28333.2793	-1
28344.0059	-1
28354.7324	-1
28365.4590	-1
28376.1855	-1
28386.9121	-1
28397.6387	-1
28408.3652	-1
28419.0918	-1
28429.8184	-1
28440.5449	-1
28451.2715	-1
28461.9980	-1
28472.7246	-1
28483.4512	-1
28494.1777	-1
28504.9043	-1
28515.6309	-1
28526.3574	-1
28537.0840	-1
28547.8105	-1
28558.5371	-1
28569.2637	-1
28579.9902	-1
28590.7168	-1
28601.4434	-1
28612.1699	-1
28622.8965	-1
28633.6230	-1
28644.3613	1
28655.0996	-1
28665.8379	1
28676.5762	1
28687.3164	-1
28698.0566	-1
28708.8066	1
28719.5566	-1
28730.3086	1
28741.0605	1
28751.8125	-1
28762.5645	-1
28773.3164	-1
28784.0684	-1
28794.8203	-1
28805.5723	-1
28816.3242	-1
28827.0762	-1
28837.8281	-1
28848.5801	-1
28859.3320	-1
28870.0840	-1
28880.8359	1
28891.5879	1
28902.3398	1
28913.0918	1
28923.8457	-1
28934.5996	-1
28945.3535	-1
28956.1074	-1
28966.8613	-1
28977.6152	-1
28988.3691	-1
28999.1230	-1
29009.8770	-1
29020.6309	-1
29031.3848	-1
29042.1387	-1
29052.8926	-1
29063.6465	-1
29074.4004	-1
29085.1543	-1
29095.9082	-1
29106.6621	-1
29117.4160	-1
29128.1699	-1
29138.9238	-1
29149.6777	-1
29160.4316	-1
29171.1855	-1
29181.9414	1
29192.6973	1
29203.4531	-1
29214.2090	-1
29224.9648	-1
29235.7207	-1
29246.4766	-1
29257.2324	-1
29267.9883	-1
29278.7539	1
29289.5215	-1
29300.2891	1
29311.0566	1
29321.8242	-1
29332.5918	-1
29343.3594	-1
29354.1270	-1
29364.8945	-1
29375.6621	-1
29386.4297	-1
29397.1973	-1
29407.9648	-1
29418.7324	-1
29429.5000	-1
29440.2676	-1
29451.0352	1
29461.8027	1
29472.5703	1
29483.3379	1
29494.1074	-1
29504.8770	-1
29515.6465	-1
29526.4160	-1
29537.1855	-1
29547.9551	-1
29558.7246	-1
29569.4941	-1
29580.2637	-1
29591.0332	-1
29601.8027	-1
29612.5723	-1
29623.3418	-1
29634.1113	-1
29644.8809	-1
29655.6504	-1
29666.4199	-1
29677.1895	-1
29687.9590	-1
29698.7285	-1
29709.4980	-1
29720.2676	-1
29731.0371	-1
29741.8066	-1
29752.5762	1
29763.3457	1
29774.1152	1
29784.8848	1
29795.6543	1
29806.4238	1
29817.1934	1
29827.9629	1
29838.7344	-1
29849.5059	-1
29860.2773	-1
29871.0488	-1
29881.8203	-1
29892.5918	-1
29903.3633	-1
29914.1348	-1
29924.9062	-1
29935.6777	-1
29946.4492	-1
29957.2207	-1
29967.9922	-1
29978.7637	-1
29989.5352	-1
30000.3066	-1
30011.0781	-1
30021.8496	-1
30032.6211	-1
30043.3926	-1
30054.1641	-1
30064.9355	-1
30075.7070	-1
30086.4785	-1
30097.2500	-1
30108.0215	-1
30118.7930	-1
30129.5645	-1
30140.3359	-1
30151.1074	-1
30161.8789	1
30172.6504	1
30183.4219	1
30194.1934	1
30204.9648	-1
30215.7363	-1
30226.5078	-1
30237.2793	-1
30248.0508	-1
30258.8223	-1
30269.5957	-1
30280.3691	-1
30291.1426	-1
30301.9160	-1
30312.6895	-1
30323.4629	-1
30334.2363	-1
30345.0098	-1
30355.7832	-1
30366.5566	-1
30377.3301	-1
30388.1035	-1
30398.8770	-1
30409.6504	-1
30420.4238	-1
30431.1973	-1
30441.9707	-1
30452.7441	-1
30463.5176	-1
30474.2910	-1
30485.0645	-1
30495.8379	-1
30506.6113	-1
30517.3848	-1
30528.1582	-1
30538.9316	-1
30549.7051	-1
30560.4785	-1
30571.2520	-1
30582.0254	-1
30592.7988	-1
30603.5820	1
30614.3672	-1
30625.1523	1
30635.9375	1
30646.7246	-1
30657.5117	-1
30668.3086	1
30679.1055	-1
30689.9023	1
30700.6992	1
30711.4980	-1
30722.2969	-1
30733.1035	1
30743.9121	-1
30754.7207	1
30765.5293	1
30776.3379	-1
30787.1484	-1
30797.9668	1
30808.7871	-1
30819.6074	1
30830.4277	1
30841.2500	-1
30852.0723	-1
30862.9043	1
30873.7363	-1
30884.5684	1
30895.4004	1
30906.2344	-1
30917.0684	-1
30927.9121	1
30938.7559	-1
30949.6016	1
30960.4473	1
30971.2930	-1
30982.1387	-1
30992.9844	-1
31003.8398	1
31014.6953	-1
31025.5527	1
31036.4102	1
31047.2676	-1
31058.1250	-1
31068.9824	-1
31079.8496	1
31090.7168	-1
31101.5859	1
31112.4551	1
31123.3242	-1
31134.1934	-1
31145.0742	1
31155.9570	-1
31166.8398	1
31177.7227	1
31188.6055	-1
31199.4883	-1
31210.3711	-1
31221.2637	1
31232.1582	-1
31243.0527	1
31253.9473	1
31264.8418	-1
31275.7363	-1
31286.6309	-1
31297.5352	1
31308.4414	-1
31319.3477	1
31330.2539	1
31341.1602	-1
31352.0664	-1
31362.9824	1
31373.9004	-1
31384.8184	1
31395.7363	1
31406.6543	-1
31417.5723	-1
31428.5000	1
31439.4297	-1
31450.3594	1
31461.2891	1
31472.2207	-1
31483.1523	-1
31494.0840	-1
31505.0156	-1
31515.9473	-1
31526.8789	-1
31537.8105	-1
31548.7422	-1
31559.6738	-1
31570.6055	-1
31581.5371	-1
31592.4688	-1
31603.4004	1
31614.3320	1
31625.2637	1
31636.1953	1
31647.1289	-1
31658.0625	-1
31668.9961	-1
31679.9297	-1
31690.8633	-1
31701.7969	-1
31712.7305	-1
31723.6641	-1
31734.5977	-1
31745.5312	-1
31756.4648	-1
31767.3984	-1
31778.3320	-1
31789.2656	-1
31800.1992	-1
31811.1328	-1
31822.0664	-1
31833.0000	-1
31843.9336	-1
31854.8672	-1
31865.8008	-1
31876.7344	-1
31887.6680	-1
31898.6016	-1
31909.5352	1
31920.4688	1
31931.4043	-1
31942.3398	-1
31953.2754	-1
31964.2109	-1
31975.1465	-1
31986.0820	-1
31997.0176	-1
32007.9531	-1
32018.8887	-1
32029.8242	-1
32040.7598	-1
32051.7051	1
32062.6504	-1
32073.5957	1
32084.5410	1
32095.4883	-1
32106.4355	-1
32117.3828	-1
32128.3301	-1
32139.2773	-1
32150.2246	-1
32161.1719	-1
32172.1191	-1
32183.0664	-1
32194.0137	-1
32204.9609	-1
32215.9082	-1
32226.8555	1
32237.8027	1
32248.7500	1
32259.6992	-1
32270.6484	-1
32281.5977	-1
32292.5469	-1
32303.4961	-1
32314.4453	-1
32325.3945	-1
32336.3438	-1
32347.2930	-1
32358.2422	-1
32369.1914	-1
32380.1406	-1
32391.0898	-1
32402.0488	1
32413.0078	-1
32423.9688	1
32434.9297	1
32445.8906	-1
32456.8516	-1
32467.8125	-1
32478.7734	-1
32489.7344	-1
32500.6953	-1
32511.6562	-1
32522.6172	-1
32533.5781	-1
32544.5391	-1
32555.5000	-1
32566.4609	-1
32577.4219	1
32588.3828	1
32599.3438	1
32610.3047	1
32621.2676	-1
32632.2305	-1
32643.1934	-1
32654.1562	-1
32665.1191	-1
32676.0820	-1
32687.0449	-1
32698.0078	-1
32708.9707	-1
32719.9336	-1
32730.8965	-1
32741.8594	-1
32752.8223	-1
32763.7852	-1
32774.7461	-1
32785.7070	-1
32796.6680	-1
32807.6289	-1
32818.5898	-1
32829.5508	-1
32840.5117	-1
32851.4727	-1
32862.4336	-1
32873.3945	-1
32884.3555	1
32895.3164	1
32906.2773	1
32917.2383	1
32928.2031	1
32939.1680	1
32950.1328	1
32961.0977	1
32972.0625	-1
32983.0273	-1
32993.9922	-1
33004.9570	-1
33015.9219	-1
33026.8867	-1
33037.8516	-1
33048.8164	-1
33059.7812	-1
33070.7461	-1
33081.7109	-1
33092.6758	-1
33103.6406	-1
33114.6055	-1
33125.5703	-1
33136.5352	-1
33147.5000	-1
33158.4648	-1
33169.4297	-1
33180.3945	-1
33191.3594	-1
33202.3242	-1
33213.2891	-1
33224.2539	-1
33235.2188	1
33246.1836	1
33257.1484	1
33268.1133	-1
33279.0781	-1
33290.0430	-1
33301.0078	-1
33311.9727	-1
33322.9375	-1
33333.9023	1
33344.8672	1
33355.8320	1
33366.7969	-1
33377.7617	-1
33388.7266	-1
33399.6914	-1
33410.6562	-1
33421.6211	-1
33432.5859	1
33443.5508	1
33454.5156	1
33465.4805	1
33476.4453	1
33487.4102	1
33498.3750	-1
33509.3398	-1
33520.3047	-1
33531.2695	-1
33542.2344	-1
33553.1992	-1
33564.1641	-1
33575.1289	-1
33586.0938	-1
33597.0586	-1
33608.0234	-1
33618.9883	-1
33629.9531	-1
33640.9180	-1
33651.8828	-1
33662.8477	-1
33673.8125	-1
33684.7773	-1
33695.7422	-1
33706.7070	-1
33717.6719	-1
33728.6367	-1
33739.6016	-1
33750.5664	-1
33761.5352	1
33772.5039	-1
33783.4727	-1
33794.4414	-1
33805.4102	-1
33816.3789	-1
33827.3477	-1
33838.3164	1
33849.2852	1
33860.2539	1
33871.2227	-1
33882.1914	1
33893.1602	-1
33904.1289	-1
33915.0977	-1
33926.0664	-1
33937.0352	-1
33948.0039	1
33958.9727	1
33969.9414	1
33980.9102	-1
33991.8789	-1
34002.8477	-1
34013.8164	-1
34024.7852	-1
34035.7539	-1
34046.7227	-1
34057.6914	-1
34068.6602	-1
34079.6289	-1
34090.5977	-1
34101.5664	-1
34112.5352	-1
34123.5039	-1
34134.4727	-1
34145.4414	-1
34156.4102	-1
34167.3789	-1
34178.3477	-1
34189.3164	-1
34200.2852	-1
34211.2539	-1
34222.2227	-1
34233.1914	-1
34244.1602	-1
34255.1289	-1
34266.0977	-1
34277.0664	-1
34288.0352	-1
34299.0039	-1
34309.9727	-1
34320.9414	-1
34331.9102	-1
34342.8789	-1
34353.8477	-1
34364.8164	-1
34375.7852	-1
34386.7539	-1
34397.7227	-1
34408.6914	-1
34419.6602	-1
34430.6289	-1
34441.5977	-1
34452.5664	-1
34463.5352	-1
34474.5039	-1
34485.4727	-1
34496.4414	-1
34507.4141	1
34518.3867	1
34529.3594	1
34540.3320	1
34551.3047	1
34562.2773	1
34573.2500	1
34584.2227	1
34595.1953	1
34606.1680	1
34617.1406	1
34628.1133	1
34639.0859	1
34650.0586	1
34661.0312	1
34672.0039	1
34682.9766	-1
34693.9492	-1
34704.9219	-1
34715.8945	-1
34726.8672	-1
34737.8398	-1
34748.8125	-1
34759.7852	-1
34770.7578	-1
34781.7305	-1
34792.7031	-1
34803.6758	-1
34814.6484	-1
34825.6211	-1
34836.5938	-1
34847.5664	-1
34858.5391	-1
34869.5117	-1
34880.4844	-1
34891.4570	-1
34902.4297	-1
34913.4023	-1
34924.3750	-1
34935.3477	-1
34946.3203	-1
34957.2930	-1
34968.2656	-1
34979.2383	-1
34990.2109	-1
35001.1836	-1
35012.1562	-1
35023.1289	-1
35034.1016	-1
35045.0742	-1
35056.0469	-1
35067.0195	-1
35077.9922	-1
35088.9648	-1
35099.9375	-1
35110.9102	-1
35121.8828	-1
35132.8555	-1
35143.8281	-1
35154.8008	-1
35165.7734	-1
35176.7461	-1
35187.7188	-1
35198.6914	-1
35209.6680	-1
35220.6445	-1
35231.6211	-1
35242.5977	-1
35253.5742	-1
35264.5508	-1
35275.5273	-1
35286.5039	-1
35297.4805	-1
35308.4570	-1
35319.4336	-1
35330.4102	-1
35341.3867	-1
35352.3633	-1
35363.3398	-1
35374.3164	-1
35385.2930	-1
35396.2695	-1
35407.2461	-1
35418.2227	-1
35429.1992	-1
35440.1758	-1
35451.1523	-1
35462.1289	-1
35473.1055	-1
35484.0820	-1
35495.0586	-1
35506.0352	-1
35517.0117	-1
35527.9883	-1
35538.9648	-1
35549.9414	-1
35560.9180	-1
35571.8945	-1
35582.8711	-1
35593.8477	-1
35604.8242	-1
35615.8008	-1
35626.7773	-1
35637.7539	-1
35648.7305	-1
35659.7070	-1
35670.6836	-1
35681.6602	-1
35692.6367	-1
35703.6133	-1
35714.5898	-1
35725.5664	-1
35736.5430	-1
35747.5195	-1
35758.4961	-1
35769.4727	-1
35780.4492	-1
35791.4258	-1
35802.4023	-1
35813.3789	-1
35824.3555	-1
35835.3320	-1
35846.3086	-1
35857.2852	-1
35868.2617	-1
35879.2383	-1
35890.2148	-1
35901.1914	-1
35912.1680	-1
35923.1445	-1
35934.1211	-1
35945.0977	-1
35956.0742	-1
35967.0508	-1
35978.0273	-1
35989.0039	-1
35999.9805	-1
36010.9570	-1
36021.9336	-1
36032.9102	-1
36043.8867	-1
36054.8633	-1
36065.8398	-1
36076.8164	-1
36087.7930	-1
36098.7695	-1
36109.7461	-1
36120.7227	-1
36131.6992	-1
36142.6758	-1
36153.6523	-1
36164.6289	-1
36175.6055	-1
36186.5820	-1
36197.5586	-1
36208.5352	-1
36219.5117	-1
36230.4883	-1
