0.0000	0
0.0009	1
0.2582	888
0.2901	888
0.3354	888
0.3404	888
0.3896	888
0.4708	888
0.4803	888
0.4972	888
0.6064	888
0.6610	888
0.6903	888
0.7297	888
0.7337	888
0.7587	888
0.7685	888
0.7837	888
0.7919	888
0.7924	888
0.8761	888
0.9187	888
0.9324	888
0.9686	888
0.9897	888
1.0037	888
1.0251	888
1.0552	888
1.0597	888
1.0889	888
1.2242	888
1.2881	888
1.3244	888
1.3409	888
1.3837	888
1.3934	888
1.3960	888
1.4076	888
1.4192	888
1.4249	888
1.4682	888
1.4909	888
1.5045	888
1.5264	888
1.5413	888
1.5524	888
1.5824	888
1.5847	888
1.5892	888
1.6189	888
1.6206	888
1.6409	888
1.6764	888
1.6817	888
1.7786	888
1.7831	888
1.8153	888
1.8296	888
1.8444	888
1.8501	888
1.8505	888
1.8931	888
2.0155	888
2.0215	888
2.0431	888
2.0933	888
2.1320	888
2.2289	888
2.2595	888
2.2983	888
2.3207	888
2.5528	888
2.6814	888
2.8529	888
3.4170	-1
4.9273	-888
5.4887	-888
5.5960	-888
5.6964	-888
5.7667	-888
5.8356	-888
5.9804	-888
6.2805	-888
6.3082	-888
6.3518	-888
6.4092	-888
6.4304	-888
6.4557	-888
6.6596	-888
6.6979	-888
6.7043	-888
6.9793	-888
7.0503	-888
7.0757	1
7.2567	-888
7.3077	-888
7.3291	-888
7.4447	-888
7.4718	-888
7.6443	-888
7.9979	-888
8.1575	-888
8.2266	-888
8.4177	-888
8.5259	-888
8.5324	-888
8.7919	-888
9.1231	-888
9.1365	-888
9.1789	-888
9.3544	-888
9.3944	-888
9.5159	-888
9.7022	-888
9.8228	-888
10.0285	-888
10.0318	-888
10.0778	-888
10.1027	-888
10.2718	-888
10.3384	-888
10.6182	-888
10.7244	-888
10.8563	-888
10.9375	1
11.0626	-888
11.3092	-888
11.4033	-888
11.4655	-888
11.4760	-888
11.5957	-888
11.6243	-888
12.2081	-888
12.3489	-888
12.3901	-888
12.4412	-888
12.5805	-888
12.8093	-888
13.0941	-888
13.5324	-888
13.9539	-888
14.1245	-888
14.1931	-888
14.3843	-888
14.3947	-888
14.4754	-888
14.4906	-888
14.5839	-888
14.8010	-1
15.2677	-888
15.3121	-888
15.7828	-888
15.8495	-888
16.0347	-888
16.0703	-888
16.1229	-888
16.6997	-888
17.5296	-888
17.6188	-888
17.7540	-888
18.4850	-888
18.6650	1
19.4561	-888
19.9240	-888
21.6010	-888
22.5291	1
24.8539	-888
25.2814	-888
26.3943	-1
30.2596	-1
34.1250	-1
38.0100	1
41.8973	-1
45.7854	1
49.6735	1
53.5635	-1
57.4534	-1
61.3434	-1
65.2334	-1
69.1233	-1
73.0133	-1
76.9034	-1
80.7934	-1
84.6835	-1
88.5918	1
92.5028	-1
96.4144	1
100.3262	1
104.2389	-1
108.1516	-1
112.0642	-1
115.9769	-1
119.8896	-1
123.8024	-1
127.7152	-1
131.6281	-1
135.5409	-1
139.4538	-1
143.3667	-1
147.2795	-1
151.1929	1
155.1063	1
159.0205	-1
162.9347	-1
166.8488	-1
170.7630	-1
174.6772	-1
178.5914	-1
182.5057	-1
186.4200	-1
190.3343	-1
194.2486	-1
198.1629	-1
202.0947	1
206.0292	-1
209.9642	1
213.8993	1
217.8353	-1
221.7713	-1
225.7073	-1
229.6433	-1
233.5793	-1
237.5162	-1
241.4704	1
245.4267	-1
249.3837	1
253.3407	1
257.2992	-1
261.2578	-1
265.2163	-1
269.1748	-1
273.1333	-1
277.0919	-1
281.0506	-1
285.0093	-1
288.9681	-1
292.9268	-1
296.8856	-1
300.8444	-1
304.8036	1
308.7628	1
312.7220	1
316.6813	1
320.6425	-1
324.6036	-1
328.5648	-1
332.5259	-1
336.4871	-1
340.4482	-1
344.4095	-1
348.3708	-1
352.3320	-1
356.2933	-1
360.2546	-1
364.2159	-1
368.1772	-1
372.1386	-1
376.1000	-1
380.0614	-1
384.0228	-1
387.9843	-1
391.9458	-1
395.9073	-1
399.8688	-1
403.8303	-1
407.7918	-1
411.7534	-1
415.7154	1
419.6776	1
423.6397	1
427.6019	1
431.5681	-1
435.5343	-1
439.5005	-1
443.4668	-1
447.4330	-1
451.3992	-1
455.3656	-1
459.3320	-1
463.2983	-1
467.2647	-1
471.2311	-1
475.1974	-1
479.1639	-1
483.1304	-1
487.0968	-1
491.0633	-1
495.0298	-1
498.9962	-1
502.9628	-1
506.9293	-1
510.8958	-1
514.8624	-1
518.8472	1
522.8345	-1
526.8225	1
530.8105	1
534.8002	-1
538.7899	-1
542.7796	-1
546.7693	-1
550.7590	-1
554.7487	-1
558.7385	-1
562.7283	-1
566.7181	-1
570.7079	-1
574.7133	1
578.7214	-1
582.7299	1
586.7384	1
590.7485	-1
594.7587	-1
598.7688	-1
602.7789	-1
606.7891	-1
610.7993	-1
614.8254	1
618.8534	-1
622.8818	1
626.9103	1
630.9406	-1
634.9709	-1
639.0012	-1
643.0314	-1
647.0617	-1
651.0920	-1
655.1224	-1
659.1529	-1
663.1833	-1
667.2138	-1
671.2443	-1
675.2747	-1
679.3057	1
683.3368	1
687.3679	1
691.3990	1
695.4316	-1
699.4642	-1
703.4968	-1
707.5295	-1
711.5621	-1
715.5948	-1
719.6283	-1
723.6618	-1
727.6953	-1
731.7288	-1
735.7623	-1
739.7958	-1
743.8295	-1
747.8631	-1
751.8967	-1
755.9304	-1
759.9641	-1
763.9977	-1
768.0315	-1
772.0652	-1
776.0990	-1
780.1328	-1
784.1666	-1
788.2004	-1
792.2345	1
796.2686	1
800.3033	1
804.3381	1
808.3730	1
812.4078	1
816.4427	1
820.4777	1
824.5149	-1
828.5521	-1
832.5892	-1
836.6264	-1
840.6636	-1
844.7007	-1
848.7381	-1
852.7755	-1
856.8128	-1
860.8502	-1
864.8875	-1
868.9249	-1
872.9623	-1
876.9998	-1
881.0373	-1
885.0748	-1
889.1122	-1
893.1497	-1
897.1873	-1
901.2249	-1
905.2626	-1
909.3002	-1
913.3379	-1
917.3755	-1
921.4133	-1
925.4511	-1
929.4889	-1
933.5267	-1
937.5645	-1
941.6022	-1
945.6405	1
949.6788	1
953.7173	1
957.7559	1
961.7946	1
965.8333	1
969.8719	1
973.9107	1
977.9504	-1
981.9902	-1
986.0299	-1
990.0696	-1
994.1094	-1
998.1491	-1
1002.1888	1
1006.2286	1
1010.2688	1
1014.3090	1
1018.3498	-1
1022.3906	-1
1026.4315	-1
1030.4724	-1
1034.5133	-1
1038.5542	-1
1042.5952	-1
1046.6362	-1
1050.6772	-1
1054.7183	-1
1058.7593	-1
1062.8003	-1
1066.8420	1
1070.8839	1
1074.9258	1
1078.9677	1
1083.0118	-1
1087.0560	-1
1091.1002	-1
1095.1444	-1
1099.1886	-1
1103.2328	-1
1107.2786	-1
1111.3243	-1
1115.3701	-1
1119.4160	-1
1123.4619	-1
1127.5078	-1
1131.5537	-1
1135.5997	-1
1139.6458	-1
1143.6918	-1
1147.7378	-1
1151.7838	-1
1155.8300	-1
1159.8761	-1
1163.9222	-1
1167.9684	-1
1172.0145	-1
1176.0607	-1
1180.1069	-1
1184.1532	-1
1188.1995	-1
1192.2457	-1
1196.2920	-1
1200.3383	-1
1204.3846	-1
1208.4310	-1
1212.4774	-1
1216.5238	-1
1220.5702	-1
1224.6166	-1
1228.6631	-1
1232.7096	-1
1236.7561	-1
1240.8026	-1
1244.8491	-1
1248.8956	-1
1252.9423	-1
1256.9889	-1
1261.0355	-1
1265.0822	-1
1269.1288	-1
1273.1754	-1
1277.2222	-1
1281.2689	-1
1285.3157	-1
1289.3624	-1
1293.4092	-1
1297.4559	-1
1301.5028	-1
1305.5497	-1
1309.5966	-1
1313.6434	-1
1317.6903	-1
1321.7372	-1
1325.7847	1
1329.8323	1
1333.8800	1
1337.9279	1
1341.9757	1
1346.0237	1
1350.0717	1
1354.1196	1
1358.1677	1
1362.2158	1
1366.2653	-1
1370.3147	-1
1374.3641	-1
1378.4136	-1
1382.4630	-1
1386.5125	-1
1390.5621	-1
1394.6118	-1
1398.6615	-1
1402.7112	-1
1406.7609	-1
1410.8105	-1
1414.8605	-1
1418.9104	-1
1422.9603	-1
1427.0103	-1
1431.0602	-1
1435.1101	-1
1439.1602	1
1443.2102	1
1447.2604	1
1451.3105	1
1455.3607	1
1459.4110	-1
1463.4613	-1
1467.5116	-1
1471.5619	-1
1475.6122	-1
1479.6625	-1
1483.7128	1
1487.7631	1
1491.8134	1
1495.8638	1
1499.9142	-1
1503.9646	-1
1508.0150	-1
1512.0654	-1
1516.1158	-1
1520.1663	-1
1524.2167	1
1528.2673	-1
1532.3180	-1
1536.3687	-1
1540.4193	-1
1544.4700	-1
1548.5206	-1
1552.5729	1
1556.6254	1
1560.6783	1
1564.7314	1
1568.7845	1
1572.8376	1
1576.8909	1
1580.9441	1
1584.9974	1
1589.0508	1
1593.1041	1
1597.1576	1
1601.2112	-1
1605.2648	-1
1609.3184	-1
1613.3719	-1
1617.4255	-1
1621.4792	-1
1625.5355	1
1629.5918	1
1633.6495	-1
1637.7073	-1
1641.7650	-1
1645.8228	-1
1649.8805	-1
1653.9382	-1
1657.9962	-1
1662.0542	-1
1666.1122	-1
1670.1702	-1
1674.2281	-1
1678.2861	-1
1682.3453	-1
1686.4045	-1
1690.4637	-1
1694.5229	-1
1698.5822	-1
1702.6414	-1
1706.7007	-1
1710.7600	-1
1714.8193	-1
1718.8787	-1
1722.9380	-1
1726.9973	-1
1731.0568	-1
1735.1162	-1
1739.1757	-1
1743.2351	-1
1747.2946	-1
1751.3540	-1
1755.4136	-1
1759.4731	-1
1763.5327	-1
1767.5923	-1
1771.6519	-1
1775.7114	-1
1779.7711	-1
1783.8308	-1
1787.8905	-1
1791.9503	-1
1796.0101	-1
1800.0699	-1
1804.1298	-1
1808.1896	-1
1812.2495	-1
1816.3094	-1
1820.3694	-1
1824.4293	-1
1828.4899	1
1832.5504	1
1836.6112	1
1840.6720	1
1844.7330	1
1848.7941	1
1852.8551	1
1856.9163	1
1860.9774	1
1865.0387	1
1869.1001	1
1873.1615	1
1877.2229	1
1881.2844	1
1885.3459	1
1889.4088	1
1893.4727	-1
1897.5365	-1
1901.6003	-1
1905.6642	-1
1909.7280	-1
1913.7919	-1
1917.8583	1
1921.9249	-1
1925.9916	-1
1930.0582	-1
1934.1249	-1
1938.1915	-1
1942.2582	-1
1946.3251	-1
1950.3920	-1
1954.4589	-1
1958.5258	-1
1962.5927	-1
1966.6595	-1
1970.7266	-1
1974.7936	-1
1978.8606	-1
1982.9276	-1
1986.9946	-1
1991.0616	-1
1995.1288	-1
1999.1959	-1
2003.2631	-1
2007.3302	-1
2011.3973	-1
2015.4645	-1
2019.5317	-1
2023.5990	-1
2027.6663	-1
2031.7335	-1
2035.8008	-1
2039.8680	-1
2043.9354	-1
2048.0029	-1
2052.0703	-1
2056.1377	-1
2060.2051	-1
2064.2725	-1
2068.3401	-1
2072.4077	-1
2076.4753	-1
2080.5430	-1
2084.6106	-1
2088.6782	-1
2092.7458	-1
2096.8135	-1
2100.8811	-1
2104.9487	-1
2109.0164	-1
2113.0840	-1
2117.1555	-1
2121.2271	-1
2125.2986	-1
2129.3701	-1
2133.4417	-1
2137.5132	-1
2141.5852	-1
2145.6572	-1
2149.7292	-1
2153.8013	-1
2157.8733	-1
2161.9453	-1
2166.0176	-1
2170.0898	-1
2174.1621	-1
2178.2344	-1
2182.3066	-1
2186.3789	-1
2190.4512	-1
2194.5234	-1
2198.5957	-1
2202.6680	-1
2206.7402	-1
2210.8125	-1
2214.8850	-1
2218.9575	-1
2223.0300	-1
2227.1025	-1
2231.1750	-1
2235.2476	-1
2239.3203	-1
2243.3931	-1
2247.4658	-1
2251.5386	-1
2255.6113	-1
2259.6841	-1
2263.7568	-1
2267.8296	-1
2271.9023	-1
2275.9751	-1
2280.0479	-1
2284.1206	-1
2288.1936	-1
2292.2666	-1
2296.3396	-1
2300.4126	-1
2304.4856	-1
2308.5586	-1
2312.6316	-1
2316.7046	-1
2320.7776	-1
2324.8506	-1
2328.9236	-1
2332.9966	-1
2337.0698	-1
2341.1431	-1
2345.2163	-1
2349.2896	-1
2353.3628	-1
2357.4360	-1
2361.5093	-1
2365.5825	-1
2369.6558	-1
2373.7290	-1
2377.8022	-1
2381.8755	-1
2385.9490	-1
2390.0225	-1
2394.0959	-1
2398.1694	-1
2402.2429	-1
2406.3164	-1
2410.3918	-1
2414.4673	-1
2418.5427	-1
2422.6182	-1
2426.6936	-1
2430.7690	-1
2434.8447	-1
2438.9204	-1
2442.9961	-1
2447.0718	-1
2451.1475	-1
2455.2231	-1
2459.2991	-1
2463.3750	-1
2467.4509	-1
2471.5269	-1
2475.6028	-1
2479.6787	-1
2483.7546	-1
2487.8306	-1
2491.9067	-1
2495.9829	-1
2500.0591	-1
2504.1353	-1
2508.2114	-1
2512.2876	-1
2516.3638	-1
2520.4399	-1
2524.5161	-1
2528.5923	-1
2532.6687	-1
2536.7451	-1
2540.8215	-1
2544.8979	-1
2548.9744	-1
2553.0508	-1
2557.1272	-1
2561.2036	-1
2565.2800	-1
2569.3564	-1
2573.4329	-1
2577.5093	-1
2581.5859	-1
2585.6626	-1
2589.7393	-1
2593.8159	-1
2597.8926	-1
2601.9692	-1
2606.0459	-1
2610.1226	-1
2614.1992	-1
2618.2759	-1
2622.3525	-1
2626.4292	-1
2630.5061	-1
2634.5830	-1
2638.6599	-1
2642.7368	-1
2646.8137	-1
2650.8906	-1
2654.9675	-1
2659.0444	-1
2663.1213	-1
2667.1982	-1
2671.2751	-1
2675.3521	-1
2679.4292	-1
2683.5063	-1
2687.5835	-1
2691.6606	-1
2695.7378	-1
2699.8149	-1
2703.8921	-1
2707.9692	-1
2712.0464	-1
2716.1235	-1
2720.3777	1
2724.6318	1
2728.8860	1
2733.1401	1
2737.3943	1
2741.6484	1
2745.9053	-1
2750.1621	-1
2754.4189	-1
2758.6758	-1
2762.9326	-1
2767.1895	-1
2771.4463	-1
2775.7031	-1
2779.9602	-1
2784.2173	-1
2788.4744	-1
2792.7314	-1
2796.9885	-1
2801.2456	-1
2805.5027	-1
2809.7598	-1
2814.0168	-1
2818.2739	-1
2822.5312	-1
2826.7886	-1
2831.0459	-1
2835.3032	-1
2839.5605	-1
2843.8179	-1
2848.0752	-1
2852.3325	-1
2856.5898	-1
2860.8472	-1
2865.1045	-1
2869.3618	-1
2873.6194	-1
2877.8770	-1
2882.1345	-1
2886.3921	-1
2890.6497	-1
2894.9072	-1
2899.1714	1
2903.4358	1
2907.7014	-1
2911.9670	-1
2916.2327	-1
2920.4983	-1
2924.7639	-1
2929.0295	-1
2933.2959	-1
2937.5623	-1
2941.8286	-1
2946.0950	-1
2950.3613	-1
2954.6277	-1
2958.9104	1
2963.1951	-1
2967.4802	1
2971.7656	1
2976.0525	-1
2980.3394	-1
2984.6262	-1
2988.9131	-1
2993.2000	-1
2997.4868	-1
3001.7737	-1
3006.0605	-1
3010.3474	-1
3014.6343	-1
3018.9211	-1
3023.2080	-1
3027.4954	1
3031.7830	1
3036.0706	1
3040.3582	1
3044.6475	-1
3048.9368	-1
3053.2261	-1
3057.5154	-1
3061.8047	-1
3066.0940	-1
3070.3833	-1
3074.6726	-1
3078.9619	-1
3083.2512	-1
3087.5405	-1
3091.8298	-1
3096.1194	-1
3100.4089	-1
3104.6985	-1
3108.9880	-1
3113.2776	-1
3117.5671	-1
3121.8572	-1
3126.1472	-1
3130.4373	-1
3134.7273	-1
3139.0173	-1
3143.3074	-1
3147.5974	1
3151.8875	1
3156.1777	1
3160.4680	1
3164.7583	1
3169.0486	1
3173.3394	1
3177.6301	1
3181.9236	-1
3186.2170	-1
3190.5105	-1
3194.8040	-1
3199.0974	-1
3203.3909	-1
3207.6848	-1
3211.9788	-1
3216.2727	-1
3220.5667	-1
3224.8606	-1
3229.1545	-1
3233.4487	-1
3237.7429	-1
3242.0371	-1
3246.3313	-1
3250.6255	-1
3254.9197	-1
3259.2139	-1
3263.5081	-1
3267.8022	-1
3272.0964	-1
3276.3906	-1
3280.6848	-1
3284.9792	-1
3289.2737	-1
3293.5681	-1
3297.8625	-1
3302.1570	-1
3306.4514	-1
3310.7458	-1
3315.0403	-1
3319.3347	-1
3323.6292	-1
3327.9236	-1
3332.2180	-1
3336.5127	-1
3340.8074	-1
3345.1021	-1
3349.3967	-1
3353.6914	-1
3357.9861	-1
3362.2808	-1
3366.5754	-1
3370.8701	-1
3375.1648	-1
3379.4595	-1
3383.7542	-1
3388.0493	1
3392.3445	1
3396.6401	1
3400.9358	1
3405.2317	1
3409.5276	1
3413.8235	1
3418.1194	1
3422.4153	1
3426.7112	1
3431.0073	1
3435.3035	1
3439.5996	1
3443.8958	1
3448.1919	1
3452.4880	1
3456.7861	-1
3461.0842	-1
3465.3823	-1
3469.6804	-1
3473.9785	-1
3478.2766	-1
3482.5747	-1
3486.8728	-1
3491.1709	-1
3495.4690	-1
3499.7671	-1
3504.0652	-1
3508.3647	-1
3512.6643	-1
3516.9639	-1
3521.2634	-1
3525.5630	-1
3529.8625	-1
3534.1621	-1
3538.4617	-1
3542.7612	-1
3547.0610	-1
3551.3608	-1
3555.6606	-1
3559.9609	1
3564.2615	1
3568.5620	1
3572.8645	1
3577.1670	1
3581.4695	1
3585.7720	1
3590.0747	1
3594.3784	-1
3598.6821	-1
3602.9858	-1
3607.2896	-1
3611.5933	-1
3615.8970	-1
3620.2012	-1
3624.5054	-1
3628.8096	-1
3633.1138	-1
3637.4180	-1
3641.7222	-1
3646.0266	-1
3650.3311	-1
3654.6355	-1
3658.9399	-1
3663.2444	-1
3667.5488	-1
3671.8535	-1
3676.1582	-1
3680.4629	-1
3684.7676	-1
3689.0723	-1
3693.3770	-1
3697.6819	-1
3701.9868	-1
3706.2917	-1
3710.5967	-1
3714.9016	-1
3719.2065	-1
3723.5115	-1
3727.8164	-1
3732.1213	-1
3736.4263	-1
3740.7312	-1
3745.0361	-1
3749.3413	-1
3753.6465	-1
3757.9517	-1
3762.2568	-1
3766.5620	-1
3770.8672	-1
3775.1724	-1
3779.4775	-1
3783.7827	-1
3788.0879	-1
3792.3931	-1
3796.6982	-1
3801.0037	-1
3805.3091	-1
3809.6145	-1
3813.9199	-1
3818.2253	-1
3822.5308	-1
3826.8362	-1
3831.1416	-1
3835.4470	-1
3839.7524	-1
3844.0579	-1
3848.3633	-1
3852.6699	1
3856.9766	1
3861.2834	1
3865.5906	1
3869.8977	1
3874.2048	1
3878.5120	1
3882.8193	-1
3887.1267	-1
3891.4341	-1
3895.7415	-1
3900.0488	-1
3904.3562	-1
3908.6638	-1
3912.9714	-1
3917.2791	-1
3921.5867	-1
3925.8943	-1
3930.2019	-1
3934.5098	-1
3938.8176	-1
3943.1255	-1
3947.4333	-1
3951.7412	-1
3956.0491	-1
3960.3574	-1
3964.6658	-1
3968.9741	-1
3973.2825	-1
3977.5908	-1
3981.8992	-1
3986.2075	-1
3990.5159	-1
3994.8242	-1
3999.1326	-1
4003.4409	-1
4007.7495	-1
4012.0588	-1
4016.3682	-1
4020.6775	-1
4024.9868	-1
4029.2961	-1
4033.6055	-1
4037.9150	-1
4042.2246	-1
4046.5342	-1
4050.8438	-1
4055.1533	-1
4059.4629	-1
4063.7725	-1
4068.0820	-1
4072.3916	-1
4076.7012	-1
4081.0107	-1
4085.3203	-1
4089.6304	-1
4093.9404	-1
4098.2505	-1
4102.5605	-1
4106.8706	-1
4111.1807	-1
4115.4907	-1
4119.8008	-1
4124.1108	-1
4128.4209	-1
4132.7310	-1
4137.0410	-1
4141.3540	-1
4145.6670	-1
4149.9800	-1
4154.2930	-1
4158.6060	-1
4162.9189	-1
4167.2319	-1
4171.5449	-1
4175.8579	-1
4180.1709	-1
4184.4839	-1
4188.7969	-1
4193.1099	-1
4197.4229	-1
4201.7358	-1
4206.0488	-1
4210.3618	-1
4214.6748	-1
4218.9883	-1
4223.3018	-1
4227.6152	-1
4231.9287	-1
4236.2422	-1
4240.5557	-1
4244.8691	-1
4249.1826	-1
4253.4961	-1
4257.8096	-1
4262.1230	-1
4266.4365	-1
4270.7500	-1
4275.0635	-1
4279.3770	-1
4283.6904	-1
4288.0039	-1
4292.3174	-1
4296.6309	-1
4300.9443	-1
4305.2578	-1
4309.5713	-1
4313.9019	1
4318.2349	-1
4322.5688	1
4326.9028	1
4331.2378	-1
4335.5728	-1
4339.9077	-1
4344.2427	-1
4348.5776	-1
4352.9126	-1
4357.2476	-1
4361.5825	-1
4365.9312	1
4370.2812	-1
4374.6313	1
4378.9814	1
4383.3330	-1
4387.6846	-1
4392.0361	-1
4396.3877	-1
4400.7393	-1
4405.0908	-1
4409.4424	-1
4413.7939	-1
4418.1455	-1
4422.4971	-1
4426.8486	-1
4431.2002	-1
4435.5522	1
4439.9053	-1
4444.2583	-1
4448.6113	-1
4452.9644	-1
4457.3174	-1
4461.6704	-1
4466.0361	1
4470.4033	-1
4474.7710	1
4479.1387	1
4483.5073	-1
4487.8760	-1
4492.2446	-1
4496.6133	-1
4500.9819	-1
4505.3506	-1
4509.7192	-1
4514.0879	-1
4518.4565	-1
4522.8252	-1
4527.1938	-1
4531.5752	1
4535.9580	-1
4540.3413	1
4544.7246	1
4549.1089	-1
4553.4932	-1
4557.8774	-1
4562.2617	-1
4566.6460	-1
4571.0303	-1
4575.4146	-1
4579.7988	-1
4584.1831	-1
4588.5674	-1
4592.9517	-1
4597.3359	-1
4601.7207	1
4606.1055	1
4610.4902	1
4614.8755	1
4619.2622	-1
4623.6489	-1
4628.0356	-1
4632.4224	-1
4636.8091	-1
4641.1958	-1
4645.5825	-1
4649.9692	-1
4654.3560	-1
4658.7427	-1
4663.1294	-1
4667.5161	-1
4671.9033	-1
4676.2905	-1
4680.6777	-1
4685.0649	-1
4689.4521	-1
4693.8394	-1
4698.2266	1
4702.6138	1
4707.0015	1
4711.3892	1
4715.7769	1
4720.1646	1
4724.5522	-1
4728.9399	-1
4733.3276	-1
4737.7153	-1
4742.1030	-1
4746.4907	-1
4750.8789	1
4755.2671	1
4759.6572	-1
4764.0474	-1
4768.4375	-1
4772.8276	-1
4777.2178	-1
4781.6079	-1
4785.9990	-1
4790.3901	-1
4794.7812	-1
4799.1724	-1
4803.5635	-1
4807.9546	-1
4812.3457	-1
4816.7368	-1
4821.1279	-1
4825.5190	-1
4829.9102	-1
4834.3013	-1
4838.6924	-1
4843.0835	-1
4847.4746	-1
4851.8657	-1
4856.2568	-1
4860.6479	-1
4865.0396	1
4869.4316	1
4873.8237	1
4878.2163	-1
4882.6089	-1
4887.0015	-1
4891.3940	-1
4895.7866	-1
4900.1792	-1
4904.5723	-1
4908.9653	-1
4913.3584	-1
4917.7515	-1
4922.1445	-1
4926.5376	-1
4930.9307	-1
4935.3237	-1
4939.7168	-1
4944.1099	-1
4948.5029	-1
4952.8960	-1
4957.2891	-1
4961.6821	-1
4966.0752	-1
4970.4683	-1
4974.8613	-1
4979.2544	-1
4983.6475	1
4988.0410	1
4992.4346	1
4996.8281	1
5001.2217	1
5005.6157	1
5010.0098	1
5014.4038	1
5018.7979	1
5023.1919	1
5027.5859	1
5031.9800	1
5036.3740	1
5040.7720	-1
5045.1699	-1
5049.5679	-1
5053.9658	-1
5058.3638	-1
5062.7617	-1
5067.1597	-1
5071.5576	-1
5075.9556	-1
5080.3535	-1
5084.7515	-1
5089.1494	-1
5093.5479	-1
5097.9463	-1
5102.3447	-1
5106.7432	-1
5111.1416	-1
5115.5400	-1
5119.9385	-1
5124.3369	-1
5128.7354	-1
5133.1338	-1
5137.5327	-1
5141.9316	-1
5146.3306	-1
5150.7295	-1
5155.1284	-1
5159.5273	-1
5163.9263	-1
5168.3252	-1
5172.7241	-1
5177.1230	-1
5181.5220	-1
5185.9209	-1
5190.3198	-1
5194.7188	-1
5199.1177	-1
5203.5166	-1
5207.9155	-1
5212.3145	-1
5216.7134	-1
5221.1123	-1
5225.5117	-1
5229.9111	-1
5234.3105	-1
5238.7100	-1
5243.1094	-1
5247.5088	-1
5251.9087	1
5256.3086	1
5260.7085	1
5265.1084	1
5269.5127	-1
5273.9170	-1
5278.3213	-1
5282.7256	-1
5287.1299	-1
5291.5342	-1
5295.9385	-1
5300.3428	-1
5304.7471	-1
5309.1514	-1
5313.5557	-1
5317.9600	-1
5322.3643	-1
5326.7686	-1
5331.1729	-1
5335.5771	-1
5339.9814	-1
5344.3857	-1
5348.7905	-1
5353.1953	-1
5357.6001	-1
5362.0049	-1
5366.4097	-1
5370.8145	-1
5375.2192	-1
5379.6240	-1
5384.0288	-1
5388.4336	-1
5392.8384	-1
5397.2432	-1
5401.6479	-1
5406.0527	-1
5410.4575	-1
5414.8623	-1
5419.2671	-1
5423.6719	-1
5428.0767	-1
5432.4814	-1
5436.8862	-1
5441.2910	-1
5445.6958	-1
5450.1006	-1
5454.5059	-1
5458.9111	-1
5463.3164	-1
5467.7217	-1
5472.1270	-1
5476.5322	-1
5480.9375	-1
5485.3428	-1
5489.7480	-1
5494.1533	-1
5498.5586	-1
5502.9639	-1
5507.3691	-1
5511.7744	-1
5516.1797	-1
5520.5850	-1
5524.9902	-1
5529.3955	-1
5533.8008	-1
5538.2061	-1
5542.6113	-1
5547.0166	-1
5551.4219	-1
5555.8271	-1
5560.2329	-1
5564.6387	-1
5569.0576	1
5573.4785	-1
5577.8994	1
5582.3203	1
5586.7422	-1
5591.1641	-1
5595.5864	-1
5600.0220	1
5604.4590	-1
5608.8965	1
5613.3340	1
5617.7725	-1
5622.2109	-1
5626.6494	-1
5631.0879	-1
5635.5269	-1
5639.9780	1
5644.4307	-1
5648.8838	1
5653.3369	1
5657.7910	-1
5662.2451	-1
5666.6992	-1
5671.1533	-1
5675.6074	-1
5680.0615	-1
5684.5156	-1
5688.9697	-1
5693.4238	-1
5697.8779	-1
5702.3320	-1
5706.7861	-1
5711.2407	1
5715.6953	1
5720.1504	-1
5724.6055	-1
5729.0610	-1
5733.5166	-1
5737.9722	-1
5742.4277	-1
5746.8833	-1
5751.3389	-1
5755.8081	1
5760.2793	-1
5764.7505	1
5769.2217	1
5773.6943	-1
5778.1670	-1
5782.6396	-1
5787.1123	-1
5791.5850	-1
5796.0576	-1
5800.5303	-1
5805.0029	-1
5809.4756	-1
5813.9482	-1
5818.4209	-1
5822.8936	-1
5827.3667	1
5831.8398	1
5836.3130	1
5840.7861	1
5845.2612	-1
5849.7363	-1
5854.2114	-1
5858.6865	-1
5863.1616	-1
5867.6367	-1
5872.1123	-1
5876.5879	-1
5881.0635	-1
5885.5391	-1
5890.0146	-1
5894.4902	-1
5898.9658	-1
5903.4414	-1
5907.9170	-1
5912.3926	-1
5916.8682	-1
5921.3438	-1
5925.8193	-1
5930.2949	-1
5934.7705	-1
5939.2461	-1
5943.7222	-1
5948.1982	-1
5952.6743	1
5957.1504	1
5961.6270	1
5966.1035	1
5970.5801	1
5975.0566	1
5979.5332	1
5984.0098	1
5988.4883	-1
5992.9668	-1
5997.4453	-1
6001.9238	-1
6006.4023	-1
6010.8809	-1
6015.3599	-1
6019.8389	-1
6024.3179	-1
6028.7969	-1
6033.2759	-1
6037.7549	-1
6042.2344	-1
6046.7139	-1
6051.1934	-1
6055.6729	-1
6060.1523	-1
6064.6318	-1
6069.1113	-1
6073.5908	-1
6078.0703	-1
6082.5498	-1
6087.0293	-1
6091.5088	-1
6095.9888	1
6100.4688	-1
6104.9487	-1
6109.4287	-1
6113.9087	-1
6118.3887	-1
6122.8687	-1
6127.3486	1
6131.8286	-1
6136.3086	-1
6140.7886	-1
6145.2686	-1
6149.7485	-1
6154.2290	-1
6158.7095	-1
6163.1899	-1
6167.6704	-1
6172.1509	-1
6176.6313	-1
6181.1118	-1
6185.5923	-1
6190.0728	-1
6194.5532	-1
6199.0337	-1
6203.5142	-1
6207.9946	-1
6212.4761	1
6216.9575	1
6221.4390	1
6225.9204	1
6230.4019	1
6234.8833	1
6239.3647	1
6243.8462	1
6248.3291	-1
6252.8120	-1
6257.2949	-1
6261.7778	-1
6266.2607	-1
6270.7437	-1
6275.2266	-1
6279.7095	-1
6284.1924	-1
6288.6753	-1
6293.1582	-1
6297.6411	-1
6302.1245	-1
6306.6079	-1
6311.0913	-1
6315.5747	-1
6320.0581	-1
6324.5415	-1
6329.0254	-1
6333.5093	-1
6337.9932	-1
6342.4771	-1
6346.9609	-1
6351.4448	-1
6355.9302	-1
6360.4155	-1
6364.9009	-1
6369.3862	-1
6373.8716	-1
6378.3569	-1
6382.8428	-1
6387.3286	-1
6391.8145	-1
6396.3003	-1
6400.7861	-1
6405.2720	-1
6409.7578	-1
6414.2437	-1
6418.7295	-1
6423.2153	-1
6427.7012	-1
6432.1870	-1
6436.6733	-1
6441.1597	-1
6445.6460	-1
6450.1323	-1
6454.6187	-1
6459.1050	-1
6463.5918	-1
6468.0786	-1
6472.5654	-1
6477.0522	-1
6481.5391	-1
6486.0259	-1
6490.5127	-1
6494.9995	-1
6499.4863	-1
6503.9863	1
6508.4878	-1
6512.9897	1
6517.4917	1
6521.9946	-1
6526.4980	-1
6531.0015	-1
6535.5049	-1
6540.0083	-1
6544.5117	-1
6549.0151	-1
6553.5186	-1
6558.0352	1
6562.5532	-1
6567.0718	1
6571.5903	1
6576.1099	-1
6580.6294	-1
6585.1489	-1
6589.6685	-1
6594.1880	-1
6598.7075	-1
6603.2275	-1
6607.7607	1
6612.2954	-1
6616.8306	1
6621.3657	1
6625.9019	-1
6630.4380	-1
6634.9741	-1
6639.5103	-1
6644.0464	-1
6648.5957	1
6653.1465	-1
6657.6973	1
6662.2485	1
6666.8003	-1
6671.3521	-1
6675.9038	-1
6680.4556	-1
6685.0073	-1
6689.5591	-1
6694.1108	-1
6698.6626	-1
6703.2144	-1
6707.7661	-1
6712.3179	-1
6716.8696	-1
6721.4219	1
6725.9741	1
6730.5264	1
6735.0786	1
6739.6318	-1
6744.1851	-1
6748.7383	-1
6753.2915	-1
6757.8447	-1
6762.3979	-1
6766.9512	-1
6771.5044	-1
6776.0581	-1
6780.6118	-1
6785.1655	-1
6789.7192	-1
6794.2729	-1
6798.8267	-1
6803.3804	-1
6807.9341	-1
6812.4878	-1
6817.0415	-1
6821.5952	-1
6826.1489	-1
6830.7026	-1
6835.2563	-1
6839.8101	-1
6844.3638	-1
6848.9180	1
6853.4722	1
6858.0264	1
6862.5806	1
6867.1348	1
6871.6890	1
6876.2437	1
6880.7983	1
6885.3545	-1
6889.9106	-1
6894.4668	-1
6899.0229	-1
6903.5791	-1
6908.1353	-1
6912.6914	-1
6917.2476	-1
6921.8037	-1
6926.3599	-1
6930.9160	-1
6935.4722	-1
6940.0283	-1
6944.5845	-1
6949.1406	-1
6953.6968	-1
6958.2529	-1
6962.8091	-1
6967.3657	-1
6971.9224	-1
6976.4790	-1
6981.0356	-1
6985.5923	-1
6990.1489	-1
6994.7056	-1
6999.2622	-1
7003.8188	-1
7008.3755	-1
7012.9321	-1
7017.4888	-1
7022.0454	-1
7026.6021	-1
7031.1587	-1
7035.7153	-1
7040.2720	-1
7044.8286	-1
7049.3857	-1
7053.9429	-1
7058.5000	-1
7063.0571	-1
7067.6143	-1
7072.1714	-1
7076.7285	-1
7081.2856	-1
7085.8428	-1
7090.3999	-1
7094.9570	-1
7099.5142	-1
7104.0713	1
7108.6284	1
7113.1855	1
7117.7427	1
7122.2998	1
7126.8569	1
7131.4146	1
7135.9731	-1
7140.5317	-1
7145.0903	-1
7149.6489	-1
7154.2075	-1
7158.7661	-1
7163.3252	-1
7167.8843	-1
7172.4434	-1
7177.0024	-1
7181.5615	-1
7186.1206	-1
7190.6802	-1
7195.2397	-1
7199.7993	-1
7204.3589	-1
7208.9185	-1
7213.4780	-1
7218.0381	-1
7222.5981	-1
7227.1582	-1
7231.7183	-1
7236.2783	-1
7240.8384	-1
7245.3984	-1
7249.9585	-1
7254.5190	-1
7259.0796	-1
7263.6401	-1
7268.2007	-1
7272.7612	-1
7277.3218	-1
7281.8823	-1
7286.4429	-1
7291.0034	-1
7295.5640	-1
7300.1245	-1
7304.6851	-1
7309.2456	-1
7313.8062	-1
7318.3667	-1
7322.9399	1
7327.5146	-1
7332.0898	1
7336.6650	1
7341.2412	-1
7345.8174	-1
7350.3936	-1
7354.9697	-1
7359.5459	-1
7364.1221	-1
7368.6987	-1
7373.2754	-1
7377.8521	-1
7382.4287	-1
7387.0054	-1
7391.5820	-1
7396.1592	1
7400.7363	1
7405.3135	1
7409.8906	1
7414.4692	-1
7419.0479	-1
7423.6265	-1
7428.2051	-1
7432.7837	-1
7437.3623	-1
7441.9409	-1
7446.5195	-1
7451.0981	-1
7455.6768	-1
7460.2554	-1
7464.8340	-1
7469.4126	-1
7473.9912	-1
7478.5698	-1
7483.1484	-1
7487.7271	-1
7492.3057	-1
7496.8848	-1
7501.4639	-1
7506.0430	-1
7510.6221	-1
7515.2012	-1
7519.7803	-1
7524.3599	1
7528.9395	1
7533.5190	1
7538.0986	1
7542.6782	1
7547.2578	1
7551.8374	1
7556.4170	1
7560.9980	-1
7565.5791	-1
7570.1602	-1
7574.7412	-1
7579.3223	-1
7583.9033	-1
7588.4849	-1
7593.0664	-1
7597.6479	-1
7602.2295	-1
7606.8110	-1
7611.3926	-1
7615.9751	1
7620.5576	-1
7625.1406	-1
7629.7236	-1
7634.3066	-1
7638.8896	-1
7643.4727	-1
7648.0557	-1
7652.6387	-1
7657.2217	-1
7661.8047	-1
7666.3877	-1
7670.9707	-1
7675.5537	-1
7680.1367	-1
7684.7197	-1
7689.3027	-1
7693.8857	-1
7698.4688	-1
7703.0518	-1
7707.6348	-1
7712.2178	-1
7716.8008	-1
7721.3838	-1
7725.9668	-1
7730.5503	-1
7735.1338	-1
7739.7173	-1
7744.3008	-1
7748.8843	-1
7753.4678	-1
7758.0513	1
7762.6348	1
7767.2183	-1
7771.8018	-1
7776.3853	-1
7780.9688	-1
7785.5522	-1
7790.1357	-1
7794.7192	1
7799.3032	1
7803.8872	1
7808.4712	1
7813.0557	1
7817.6401	1
7822.2271	-1
7826.8140	-1
7831.4009	-1
7835.9878	-1
7840.5747	-1
7845.1616	-1
7849.7485	-1
7854.3354	-1
7858.9224	-1
7863.5093	-1
7868.0962	-1
7872.6831	-1
7877.2705	-1
7881.8579	-1
7886.4453	-1
7891.0327	-1
7895.6201	-1
7900.2075	-1
7904.7949	-1
7909.3823	-1
7913.9697	-1
7918.5571	-1
7923.1445	-1
7927.7319	-1
7932.3193	-1
7936.9067	-1
7941.4941	-1
7946.0815	-1
7950.6689	-1
7955.2563	-1
7959.8438	-1
7964.4312	-1
7969.0186	-1
7973.6064	-1
7978.1943	-1
7982.7822	-1
7987.3701	-1
7991.9580	-1
7996.5459	-1
8001.1338	-1
8005.7217	-1
8010.3096	-1
8014.8975	-1
8019.4854	-1
8024.0732	-1
8028.6611	-1
8033.2490	-1
8037.8369	-1
8042.4248	-1
8047.0127	-1
8051.6006	-1
8056.1885	-1
8060.7905	1
8065.3940	-1
8069.9980	1
8074.6021	1
8079.2080	-1
8083.8140	-1
8088.4199	-1
8093.0259	-1
8097.6318	-1
8102.2378	-1
8106.8438	-1
8111.4497	-1
8116.0557	-1
8120.6616	-1
8125.2676	-1
8129.8735	-1
8134.4800	1
8139.0864	1
8143.6929	1
8148.2993	1
8152.9077	-1
8157.5161	-1
8162.1245	-1
8166.7329	-1
8171.3413	-1
8175.9497	-1
8180.5581	-1
8185.1665	-1
8189.7749	-1
8194.3828	-1
8198.9912	-1
8203.5996	-1
8208.2080	-1
8212.8164	-1
8217.4248	-1
8222.0332	-1
8226.6416	-1
8231.2500	-1
8235.8584	-1
8240.4668	-1
8245.0752	-1
8249.6836	-1
8254.2920	-1
8258.9004	-1
8263.5098	1
8268.1191	1
8272.7285	1
8277.3379	1
8281.9473	1
8286.5566	1
8291.1660	1
8295.7754	1
8300.3867	-1
8304.9980	-1
8309.6094	-1
8314.2207	-1
8318.8320	-1
8323.4434	-1
8328.0557	-1
8332.6680	-1
8337.2803	-1
8341.8926	-1
8346.5049	-1
8351.1172	-1
8355.7305	1
8360.3438	1
8364.9570	1
8369.5703	1
8374.1836	-1
8378.7969	-1
8383.4102	-1
8388.0234	-1
8392.6367	-1
8397.2500	-1
8401.8643	1
8406.4785	-1
8411.0928	-1
8415.7070	-1
8420.3213	-1
8424.9355	-1
8429.5498	-1
8434.1641	-1
8438.7783	-1
8443.3926	-1
8448.0068	-1
8452.6211	-1
8457.2354	-1
8461.8496	1
8466.4648	-1
8471.0801	-1
8475.6953	-1
8480.3105	-1
8484.9258	-1
8489.5410	-1
8494.1562	1
8498.7715	1
8503.3867	1
8508.0020	-1
8512.6172	-1
8517.2324	-1
8521.8477	-1
8526.4629	-1
8531.0781	-1
8535.6934	1
8540.3086	-1
8544.9238	-1
8549.5391	-1
8554.1543	-1
8558.7695	-1
8563.3848	-1
8568.0000	1
8572.6152	1
8577.2314	1
8581.8477	1
8586.4639	1
8591.0801	1
8595.6982	-1
8600.3164	-1
8604.9346	-1
8609.5527	-1
8614.1709	-1
8618.7891	-1
8623.4082	-1
8628.0273	-1
8632.6465	-1
8637.2656	-1
8641.8848	-1
8646.5039	-1
8651.1250	1
8655.7461	1
8660.3672	1
8664.9883	1
8669.6104	-1
8674.2324	-1
8678.8545	-1
8683.4766	-1
8688.0986	-1
8692.7207	-1
8697.3428	-1
8701.9648	-1
8706.5869	-1
8711.2090	-1
8715.8311	-1
8720.4531	-1
8725.0752	-1
8729.6973	-1
8734.3193	-1
8738.9414	-1
8743.5635	-1
8748.1855	-1
8752.8076	-1
8757.4297	-1
8762.0518	-1
8766.6738	-1
8771.2959	-1
8775.9180	-1
8780.5400	-1
8785.1621	-1
8789.7842	-1
8794.4062	-1
8799.0283	-1
8803.6504	-1
8808.2725	-1
8812.8955	-1
8817.5186	-1
8822.1416	-1
8826.7646	-1
8831.3877	-1
8836.0107	-1
8840.6338	-1
8845.2568	-1
8849.8799	-1
8854.5029	-1
8859.1260	-1
8863.7490	-1
8868.3721	-1
8872.9951	-1
8877.6182	-1
8882.2412	-1
8886.8643	-1
8891.4873	-1
8896.1104	-1
8900.7334	-1
8905.3564	-1
8909.9795	-1
8914.6025	-1
8919.2256	-1
8923.8486	-1
8928.4717	-1
8933.0947	-1
8937.7178	-1
8942.3408	-1
8946.9639	-1
8951.5869	-1
8956.2100	-1
8960.8330	-1
8965.4561	-1
8970.0791	-1
8974.7021	-1
8979.3252	-1
8983.9482	-1
8988.5713	-1
8993.1943	-1
8997.8174	-1
9002.4404	-1
9007.0635	-1
9011.6865	-1
9016.3096	-1
9020.9326	-1
9025.5557	-1
9030.1797	1
9034.8037	1
9039.4277	1
9044.0518	1
9048.6758	1
9053.2998	1
9057.9238	1
9062.5488	1
9067.1738	1
9071.7988	1
9076.4238	1
9081.0488	1
9085.6738	1
9090.2988	1
9094.9238	1
9099.5488	1
9104.1738	1
9108.7988	1
9113.4238	1
9118.0488	1
9122.6738	-1
9127.2988	-1
9131.9238	-1
9136.5488	-1
9141.1738	-1
9145.7988	-1
9150.4238	1
9155.0488	1
9159.6738	1
9164.2988	1
9168.9238	1
9173.5488	1
9178.1777	1
9182.8066	1
9187.4355	-1
9192.0645	-1
9196.6934	-1
9201.3223	-1
9205.9512	-1
9210.5801	-1
9215.2100	1
9219.8398	1
9224.4697	-1
9229.0996	-1
9233.7295	-1
9238.3594	-1
9242.9893	-1
9247.6191	-1
9252.2490	1
9256.8789	1
9261.5098	-1
9266.1406	-1
9270.7715	-1
9275.4023	-1
9280.0332	-1
9284.6641	-1
9289.2949	1
9293.9258	1
9298.5576	-1
9303.1895	-1
9307.8213	-1
9312.4531	-1
9317.0850	-1
9321.7168	-1
9326.3486	-1
9330.9805	-1
9335.6123	-1
9340.2441	-1
9344.8760	-1
9349.5078	-1
9354.1396	-1
9358.7715	-1
9363.4033	-1
9368.0352	-1
9372.6670	-1
9377.2988	-1
9381.9326	-1
9386.5664	-1
9391.2002	-1
9395.8340	-1
9400.4678	-1
9405.1016	-1
9409.7363	-1
9414.3711	-1
9419.0059	-1
9423.6406	-1
9428.2754	-1
9432.9102	-1
9437.5449	-1
9442.1797	-1
9446.8145	-1
9451.4492	-1
9456.0840	-1
9460.7188	-1
9465.3535	-1
9469.9883	-1
9474.6230	-1
9479.2578	-1
9483.8926	-1
9488.5273	-1
9493.1631	-1
9497.7988	-1
9502.4346	-1
9507.0703	-1
9511.7061	-1
9516.3418	-1
9520.9775	-1
9525.6133	-1
9530.2490	-1
9534.8848	-1
9539.5205	-1
9544.1562	-1
9548.7920	-1
9553.4277	-1
9558.0635	-1
9562.6992	-1
9567.3350	-1
9571.9707	-1
9576.6064	1
9581.2422	1
9585.8779	1
9590.5137	1
9595.1494	1
9599.7852	1
9604.4209	1
9609.0566	1
9613.6934	1
9618.3301	1
9622.9668	1
9627.6035	1
9632.2402	1
9636.8770	1
9641.5146	1
9646.1523	1
9650.7900	1
9655.4277	1
9660.0654	1
9664.7031	1
9669.3428	-1
9673.9824	-1
9678.6221	-1
9683.2617	-1
9687.9014	-1
9692.5410	-1
9697.1807	-1
9701.8203	-1
9706.4600	-1
9711.0996	-1
9715.7393	-1
9720.3789	-1
9725.0195	-1
9729.6602	-1
9734.3008	-1
9738.9414	-1
9743.5820	-1
9748.2227	-1
9752.8633	-1
9757.5039	-1
9762.1445	-1
9766.7852	-1
9771.4258	-1
9776.0664	-1
9780.7070	-1
9785.3477	-1
9789.9883	-1
9794.6289	-1
9799.2695	-1
9803.9102	-1
9808.5557	-1
9813.2012	-1
9817.8467	-1
9822.4922	-1
9827.1377	-1
9831.7832	-1
9836.4287	-1
9841.0742	-1
9845.7197	-1
9850.3652	-1
9855.0107	-1
9859.6562	-1
9864.3027	-1
9868.9492	-1
9873.5957	-1
9878.2422	-1
9882.8887	-1
9887.5352	-1
9892.1816	-1
9896.8281	-1
9901.4746	-1
9906.1211	-1
9910.7676	-1
9915.4141	-1
9920.0605	-1
9924.7070	-1
9929.3535	-1
9934.0000	-1
9938.6465	-1
9943.2930	-1
9947.9395	-1
9952.5859	-1
9957.2324	-1
9961.8789	-1
9966.5254	-1
9971.1719	-1
9975.8184	-1
9980.4648	-1
9985.1113	-1
9989.7578	-1
9994.4043	-1
9999.0508	-1
10003.6973	-1
10008.3438	-1
10012.9902	-1
10017.6367	-1
10022.2832	-1
10026.9297	-1
10031.5771	-1
10036.2246	-1
10040.8721	-1
10045.5195	-1
10050.1670	-1
10054.8145	-1
10059.4619	-1
10064.1094	-1
10068.7568	-1
10073.4043	-1
10078.0518	-1
10082.6992	-1
10087.3477	1
10091.9961	1
10096.6445	1
10101.2930	1
10105.9414	1
10110.5898	1
10115.2383	1
10119.8867	1
10124.5352	1
10129.1836	1
10133.8340	-1
10138.4844	-1
10143.1348	-1
10147.7852	-1
10152.4355	-1
10157.0859	-1
10161.7363	-1
10166.3867	-1
10171.0371	-1
10175.6875	-1
10180.3379	-1
10184.9883	-1
10189.6387	-1
10194.2891	-1
10198.9395	-1
10203.5898	-1
10208.2402	-1
10212.8906	-1
10217.5420	-1
10222.1934	-1
10226.8447	-1
10231.4961	-1
10236.1475	-1
10240.7988	-1
10245.4502	-1
10250.1016	-1
10254.7529	-1
10259.4043	-1
10264.0557	-1
10268.7070	-1
10273.3584	-1
10278.0098	-1
10282.6611	-1
10287.3125	-1
10291.9639	-1
10296.6152	-1
10301.2686	1
10305.9219	1
10310.5752	1
10315.2285	1
10319.8818	1
10324.5352	1
10329.1885	1
10333.8418	1
10338.4951	1
10343.1494	1
10347.8037	1
10352.4580	1
10357.1123	1
10361.7676	-1
10366.4229	-1
10371.0781	-1
10375.7334	-1
10380.3887	-1
10385.0439	-1
10389.6992	-1
10394.3545	-1
10399.0098	-1
10403.6650	-1
10408.3203	-1
10412.9756	-1
10417.6309	-1
10422.2861	-1
10426.9414	-1
10431.5967	-1
10436.2520	-1
10440.9072	-1
10445.5625	-1
10450.2178	-1
10454.8730	-1
10459.5283	-1
10464.1836	-1
10468.8389	-1
10473.4941	-1
10478.1494	-1
10482.8047	-1
10487.4600	-1
10492.1152	-1
10496.7705	-1
10501.4268	-1
10506.0830	-1
10510.7393	-1
10515.3955	-1
10520.0518	-1
10524.7080	-1
10529.3652	-1
10534.0225	-1
10538.6797	-1
10543.3369	-1
10547.9941	-1
10552.6514	-1
10557.3086	-1
10561.9658	-1
10566.6230	-1
10571.2803	-1
10575.9375	-1
10580.5947	-1
10585.2539	-1
10589.9131	-1
10594.5723	-1
10599.2314	-1
10603.8906	-1
10608.5498	-1
10613.2090	-1
10617.8682	-1
10622.5273	-1
10627.1865	-1
10631.8457	-1
10636.5049	-1
10641.1641	-1
10645.8232	-1
10650.4824	-1
10655.1416	-1
10659.8008	-1
10664.4600	-1
10669.1191	-1
10673.7783	-1
10678.4375	-1
10683.0967	-1
10687.7559	-1
10692.4150	-1
10697.0742	-1
10701.7334	-1
10706.3926	-1
10711.0518	-1
10715.7109	-1
10720.3701	-1
10725.0322	-1
10729.6943	-1
10734.3564	-1
10739.0186	-1
10743.6807	-1
10748.3428	-1
10753.0049	-1
10757.6670	-1
10762.3291	-1
10766.9912	-1
10771.6533	-1
10776.3154	-1
10780.9775	-1
10785.6396	-1
10790.3018	-1
10794.9639	-1
10799.6260	-1
10804.2881	-1
10808.9502	-1
10813.6123	-1
10818.2744	-1
10822.9365	-1
10827.5986	-1
10832.2607	-1
10836.9248	-1
10841.5889	-1
10846.2529	-1
10850.9170	-1
10855.5811	-1
10860.2451	-1
10864.9092	-1
10869.5732	-1
10874.2373	-1
10878.9014	-1
10883.5654	-1
10888.2295	-1
10892.8936	-1
10897.5576	-1
10902.2217	-1
10906.8857	-1
10911.5498	-1
10916.2139	-1
10920.8779	-1
10925.5420	-1
10930.2061	-1
10934.8701	-1
10939.5342	-1
10944.1982	-1
10948.8623	-1
10953.5264	-1
10958.1904	-1
10962.8545	-1
10967.5186	-1
10972.1826	-1
10976.8477	-1
10981.5127	-1
10986.1777	-1
10990.8428	-1
10995.5078	-1
11000.1729	-1
11004.8379	-1
11009.5029	-1
11014.1680	-1
11018.8330	-1
11023.4980	-1
11028.1631	-1
11032.8340	-1
11037.5049	-1
11042.1758	-1
11046.8467	-1
11051.5176	-1
11056.1885	-1
11060.8594	-1
11065.5303	-1
11070.2012	-1
11074.8721	-1
11079.5430	-1
11084.2139	-1
11088.8848	-1
11093.5557	-1
11098.2266	-1
11102.8975	-1
11107.5684	-1
11112.2393	-1
11116.9102	-1
11121.5811	-1
11126.2520	-1
11130.9229	-1
11135.5938	-1
11140.2646	-1
11144.9355	-1
11149.6064	-1
11154.2773	-1
11158.9482	-1
11163.6191	-1
11168.2900	-1
11172.9609	-1
11177.6318	-1
11182.3027	-1
11186.9736	-1
11191.6445	-1
11196.3154	-1
11200.9863	-1
11205.6572	-1
11210.3281	-1
11214.9990	-1
11219.6699	-1
11224.3408	-1
11229.0127	-1
11233.6846	-1
11238.3564	-1
11243.0283	-1
11247.7002	-1
11252.3721	-1
11257.0439	-1
11261.7158	-1
11266.3877	-1
11271.0596	-1
11275.7314	-1
11280.4033	-1
11285.0752	-1
11289.7471	-1
11294.4189	-1
11299.0908	-1
11303.7627	-1
11308.4346	-1
11313.1064	-1
11317.7783	-1
11322.4502	-1
11327.1221	-1
11331.7939	-1
11336.4658	-1
11341.1377	-1
11345.8096	-1
11350.4814	-1
11355.1533	-1
11359.8252	-1
11364.4971	-1
11369.1689	-1
11373.8408	-1
11378.5127	-1
11383.1846	-1
11387.8564	-1
11392.5283	-1
11397.2012	-1
11401.8740	-1
11406.5469	-1
11411.2197	-1
11415.8926	-1
11420.5654	-1
11425.2393	-1
11429.9131	-1
11434.5869	-1
11439.2607	-1
11443.9346	-1
11448.6084	-1
11453.2822	-1
11457.9561	-1
11462.6299	-1
11467.3037	-1
11471.9775	-1
11476.6514	-1
11481.5098	1
11486.3682	1
11491.2266	1
11496.0850	1
11500.9434	1
11505.8018	1
11510.6602	1
11515.5195	-1
11520.3789	-1
11525.2383	-1
11530.0977	-1
11534.9570	-1
11539.8164	-1
11544.6758	-1
11549.5352	-1
11554.3945	-1
11559.2539	-1
11564.1133	-1
11568.9727	-1
11573.8320	-1
11578.6914	-1
11583.5508	-1
11588.4102	-1
11593.2695	-1
11598.1289	-1
11602.9883	-1
11607.8477	-1
11612.7070	-1
11617.5664	-1
11622.4258	-1
11627.2852	-1
11632.1445	-1
11637.0039	-1
11641.8633	-1
11646.7227	-1
11651.5820	-1
11656.4414	-1
11661.3008	-1
11666.1602	-1
11671.0195	-1
11675.8799	-1
11680.7402	-1
11685.6006	-1
11690.4609	-1
11695.3213	-1
11700.1816	-1
11705.0557	1
11709.9307	-1
11714.8066	1
11719.6826	1
11724.5586	-1
11729.4346	-1
11734.3105	-1
11739.1865	-1
11744.0625	-1
11748.9385	-1
11753.8154	-1
11758.6924	-1
11763.5693	-1
11768.4463	-1
11773.3232	-1
11778.2002	-1
11783.0771	1
11787.9541	1
11792.8311	1
11797.7080	1
11802.5859	-1
11807.4639	-1
11812.3418	-1
11817.2197	-1
11822.0977	-1
11826.9756	-1
11831.8535	-1
11836.7314	-1
11841.6094	-1
11846.4873	-1
11851.3652	-1
11856.2432	-1
11861.1221	-1
11866.0010	-1
11870.8799	-1
11875.7588	-1
11880.6377	-1
11885.5166	-1
11890.3955	-1
11895.2744	-1
11900.1533	-1
11905.0322	-1
11909.9111	-1
11914.7900	-1
11919.6689	1
11924.5479	1
11929.4268	1
11934.3057	1
11939.1846	1
11944.0645	1
11948.9443	1
11953.8242	1
11958.7041	-1
11963.5840	-1
11968.4639	-1
11973.3438	-1
11978.2236	-1
11983.1035	-1
11987.9844	1
11992.8652	1
11997.7471	-1
12002.6289	-1
12007.5107	-1
12012.3926	-1
12017.2744	-1
12022.1562	-1
12027.0381	-1
12031.9199	-1
12036.8018	-1
12041.6836	-1
12046.5654	-1
12051.4473	-1
12056.3291	-1
12061.2109	-1
12066.0928	-1
12070.9746	-1
12075.8564	-1
12080.7383	-1
12085.6201	-1
12090.5020	-1
12095.3838	-1
12100.2656	-1
12105.1475	-1
12110.0293	-1
12114.9111	-1
12119.7930	-1
12124.6748	-1
12129.5566	-1
12134.4385	-1
12139.3203	-1
12144.2021	-1
12149.0840	-1
12153.9658	-1
12158.8477	-1
12163.7295	-1
12168.6123	-1
12173.4951	-1
12178.3779	-1
12183.2607	-1
12188.1436	-1
12193.0264	-1
12197.9092	-1
12202.7920	-1
12207.6748	-1
12212.5576	-1
12217.4404	-1
12222.3232	-1
12227.2061	-1
12232.0889	-1
12236.9717	-1
12241.8545	-1
12246.7373	-1
12251.6201	-1
12256.5029	-1
12261.3857	1
12266.2686	1
12271.1523	1
12276.0361	1
12280.9199	1
12285.8037	1
12290.6875	1
12295.5713	1
12300.4551	1
12305.3389	1
12310.2227	1
12315.1064	1
12319.9912	1
12324.8760	1
12329.7607	1
12334.6455	1
12339.5303	1
12344.4150	1
12349.3008	-1
12354.1865	-1
12359.0723	-1
12363.9580	-1
12368.8438	-1
12373.7295	-1
12378.6152	-1
12383.5010	-1
12388.3867	-1
12393.2725	-1
12398.1582	-1
12403.0439	-1
12407.9297	-1
12412.8154	-1
12417.7012	-1
12422.5869	-1
12427.4727	-1
12432.3584	-1
12437.2451	-1
12442.1318	-1
12447.0186	-1
12451.9053	-1
12456.7920	-1
12461.6787	-1
12466.5654	-1
12471.4521	-1
12476.3389	-1
12481.2256	-1
12486.1123	-1
12490.9990	-1
12495.8857	-1
12500.7725	-1
12505.6592	-1
12510.5459	-1
12515.4326	-1
12520.3193	-1
12525.2061	-1
12530.0928	-1
12534.9795	-1
12539.8662	-1
12544.7529	-1
12549.6396	-1
12554.5264	-1
12559.4131	-1
12564.2998	-1
12569.1865	-1
12574.0732	-1
12578.9600	-1
12583.8477	-1
12588.7354	-1
12593.6230	-1
12598.5107	-1
12603.3984	-1
12608.2861	-1
12613.1738	-1
12618.0615	-1
12622.9492	-1
12627.8369	-1
12632.7246	-1
12637.6123	-1
12642.5000	-1
12647.3877	-1
12652.2754	-1
12657.1631	-1
12662.0508	-1
12666.9385	-1
12671.8262	1
12676.7139	1
12681.6035	1
12686.4932	1
12691.3828	1
12696.2725	1
12701.1621	1
12706.0518	1
12710.9414	1
12715.8311	1
12720.7207	1
12725.6104	1
12730.5000	1
12735.3906	1
12740.2812	1
12745.1719	1
12750.0625	1
12754.9531	1
12759.8438	1
12764.7344	1
12769.6250	1
12774.5156	1
12779.4062	-1
12784.2969	-1
12789.1875	-1
12794.0781	-1
12798.9688	-1
12803.8594	-1
12808.7500	-1
12813.6406	-1
12818.5312	-1
12823.4219	-1
12828.3125	-1
12833.2031	-1
12838.0947	-1
12842.9863	-1
12847.8779	-1
12852.7695	-1
12857.6611	-1
12862.5527	-1
12867.4443	-1
12872.3359	-1
12877.2275	-1
12882.1191	-1
12887.0107	-1
12891.9023	-1
12896.7939	-1
12901.6855	-1
12906.5771	-1
12911.4688	-1
12916.3604	-1
12921.2520	-1
12926.1436	-1
12931.0352	-1
12935.9268	-1
12940.8184	-1
12945.7100	-1
12950.6016	-1
12955.4932	-1
12960.3848	-1
12965.2764	-1
12970.1680	-1
12975.0596	-1
12979.9512	-1
12984.8457	-1
12989.7402	-1
12994.6348	-1
12999.5293	-1
13004.4238	-1
13009.3184	-1
13014.2139	-1
13019.1094	-1
13024.0049	-1
13028.9004	-1
13033.7959	-1
13038.6914	-1
13043.5869	-1
13048.4824	-1
13053.3779	-1
13058.2734	-1
13063.1689	-1
13068.0645	-1
13072.9600	-1
13077.8555	-1
13082.7510	-1
13087.6465	-1
13092.5420	-1
13097.4375	-1
13102.3330	-1
13107.2285	-1
13112.1240	-1
13117.0195	-1
13121.9150	-1
13126.8105	-1
13131.7061	-1
13136.6016	-1
13141.4971	-1
13146.3926	-1
13151.2881	-1
13156.1836	-1
13161.0791	-1
13165.9746	-1
13170.8701	-1
13175.7656	-1
13180.6611	-1
13185.5566	-1
13190.4541	-1
13195.3516	-1
13200.2490	-1
13205.1465	-1
13210.0439	-1
13214.9414	-1
13219.8389	-1
13224.7363	-1
13229.6338	-1
13234.5312	-1
13239.4287	-1
13244.3262	-1
13249.2236	-1
13254.1211	-1
13259.0186	-1
13263.9160	-1
13268.8135	-1
13273.7109	-1
13278.6084	-1
13283.5059	-1
13288.4033	-1
13293.3008	-1
13298.1982	-1
13303.0957	-1
13307.9941	-1
13312.8926	-1
13317.7910	-1
13322.6895	-1
13327.5879	-1
13332.4863	-1
13337.3848	-1
13342.2832	-1
13347.1816	-1
13352.0801	-1
13356.9785	-1
13361.8770	-1
13366.7754	-1
13371.6738	-1
13376.5723	-1
13381.4707	-1
13386.3691	-1
13391.2676	-1
13396.1660	-1
13401.0645	-1
13405.9629	-1
13410.8613	-1
13415.7598	-1
13420.6582	-1
13425.5566	-1
13430.4551	-1
13435.3535	-1
13440.2520	-1
13445.1504	-1
13450.0488	-1
13454.9473	-1
13459.8457	-1
13464.7441	-1
13469.6426	-1
13474.5410	-1
13479.4395	-1
13484.3379	-1
13489.2363	-1
13494.1348	-1
13499.0332	-1
13503.9316	-1
13508.8301	-1
13513.7295	-1
13518.6289	-1
13523.5283	-1
13528.4277	-1
13533.3271	-1
13538.2266	-1
13543.1260	1
13548.0254	1
13552.9248	1
13557.8242	1
13562.7236	1
13567.6230	1
13572.5244	-1
13577.4258	-1
13582.3271	-1
13587.2285	-1
13592.1299	-1
13597.0312	-1
13601.9336	-1
13606.8359	-1
13611.7383	-1
13616.6406	-1
13621.5430	-1
13626.4453	-1
13631.3477	-1
13636.2500	-1
13641.1523	-1
13646.0547	-1
13650.9570	-1
13655.8594	-1
13660.7627	-1
13665.6660	-1
13670.5693	-1
13675.4727	-1
13680.3760	-1
13685.2793	-1
13690.1836	-1
13695.0879	-1
13699.9922	-1
13704.8965	-1
13709.8008	-1
13714.7051	-1
13719.6094	-1
13724.5137	-1
13729.4180	-1
13734.3223	-1
13739.2266	-1
13744.1309	-1
13749.0352	-1
13753.9395	-1
13758.8438	-1
13763.7480	-1
13768.6523	-1
13773.5566	-1
13778.4609	-1
13783.3652	-1
13788.2695	-1
13793.1738	-1
13798.0781	-1
13802.9824	-1
13807.8867	-1
13812.7910	-1
13817.6953	-1
13822.6133	1
13827.5322	-1
13832.4521	1
13837.3721	1
13842.2930	-1
13847.2139	-1
13852.1348	-1
13857.0557	-1
13861.9766	-1
13866.8975	-1
13871.8184	-1
13876.7393	-1
13881.6602	-1
13886.5811	-1
13891.5020	-1
13896.4229	-1
13901.3447	1
13906.2666	1
13911.1885	1
13916.1104	1
13921.0332	-1
13925.9561	-1
13930.8789	-1
13935.8018	-1
13940.7246	-1
13945.6475	-1
13950.5713	-1
13955.4951	-1
13960.4189	-1
13965.3428	-1
13970.2666	-1
13975.1904	-1
13980.1143	-1
13985.0381	-1
13989.9619	-1
13994.8857	-1
13999.8096	-1
14004.7334	-1
14009.6572	-1
14014.5811	-1
14019.5049	-1
14024.4287	-1
14029.3525	-1
14034.2764	-1
14039.2012	1
14044.1260	1
14049.0508	1
14053.9756	1
14058.9004	1
14063.8252	1
14068.7500	1
14073.6748	1
14078.6006	-1
14083.5264	-1
14088.4521	-1
14093.3779	-1
14098.3037	-1
14103.2295	-1
14108.1562	1
14113.0830	1
14118.0107	-1
14122.9385	-1
14127.8662	-1
14132.7939	-1
14137.7217	-1
14142.6494	-1
14147.5781	-1
14152.5068	-1
14157.4355	-1
14162.3643	-1
14167.2930	-1
14172.2217	-1
14177.1504	1
14182.0791	1
14187.0078	-1
14191.9365	-1
14196.8652	-1
14201.7939	-1
14206.7227	-1
14211.6514	-1
14216.5801	-1
14221.5088	-1
14226.4375	-1
14231.3662	-1
14236.2949	-1
14241.2236	-1
14246.1523	-1
14251.0811	-1
14256.0098	-1
14260.9385	-1
14265.8672	-1
14270.7959	-1
14275.7246	-1
14280.6533	-1
14285.5820	-1
14290.5107	-1
14295.4395	-1
14300.3682	-1
14305.2979	1
14310.2275	1
14315.1582	1
14320.0889	1
14325.0195	1
14329.9502	1
14334.8809	1
14339.8115	1
14344.7422	1
14349.6729	1
14354.6045	-1
14359.5361	-1
14364.4678	-1
14369.3994	-1
14374.3311	-1
14379.2627	-1
14384.1943	-1
14389.1260	-1
14394.0576	-1
14398.9893	-1
14403.9209	-1
14408.8525	-1
14413.7842	-1
14418.7158	-1
14423.6475	-1
14428.5791	-1
14433.5107	-1
14438.4424	-1
14443.3750	1
14448.3076	1
14453.2412	-1
14458.1748	-1
14463.1084	-1
14468.0420	-1
14472.9756	-1
14477.9092	-1
14482.8428	-1
14487.7764	-1
14492.7100	-1
14497.6436	-1
14502.5771	-1
14507.5107	-1
14512.4443	-1
14517.3779	-1
14522.3115	-1
14527.2451	-1
14532.1787	-1
14537.1123	-1
14542.0459	1
14546.9795	1
14551.9131	1
14556.8467	1
14561.7812	-1
14566.7158	-1
14571.6504	-1
14576.5850	-1
14581.5195	-1
14586.4541	-1
14591.3896	1
14596.3252	1
14601.2607	1
14606.1963	1
14611.1318	1
14616.0674	1
14621.0039	-1
14625.9404	-1
14630.8770	-1
14635.8135	-1
14640.7500	-1
14645.6865	-1
14650.6230	-1
14655.5596	-1
14660.4961	-1
14665.4326	-1
14670.3691	-1
14675.3057	-1
14680.2422	-1
14685.1787	-1
14690.1152	-1
14695.0518	-1
14699.9883	-1
14704.9248	-1
14709.8633	1
14714.8018	1
14719.7402	-1
14724.6787	-1
14729.6172	-1
14734.5557	-1
14739.4941	-1
14744.4326	-1
14749.3711	-1
14754.3096	-1
14759.2480	-1
14764.1865	-1
14769.1250	-1
14774.0635	-1
14779.0029	-1
14783.9424	-1
14788.8818	-1
14793.8213	-1
14798.7607	-1
14803.7002	-1
14808.6396	-1
14813.5791	-1
14818.5186	-1
14823.4580	-1
14828.3975	-1
14833.3369	-1
14838.2764	1
14843.2158	1
14848.1562	1
14853.0967	-1
14858.0371	-1
14862.9775	-1
14867.9180	-1
14872.8584	-1
14877.7988	-1
14882.7393	-1
14887.6797	-1
14892.6201	-1
14897.5605	-1
14902.5010	-1
14907.4414	-1
14912.3818	1
14917.3223	1
14922.2637	1
14927.2051	1
14932.1465	1
14937.0879	1
14942.0293	1
14946.9707	1
14951.9121	1
14956.8535	1
14961.7949	1
14966.7383	-1
14971.6816	-1
14976.6250	-1
14981.5684	-1
14986.5117	-1
14991.4551	-1
14996.3984	-1
15001.3418	-1
15006.2852	-1
15011.2285	-1
15016.1719	-1
15021.1152	-1
15026.0586	-1
15031.0020	-1
15035.9453	-1
15040.8887	-1
15045.8320	-1
15050.7754	-1
15055.7188	-1
15060.6621	-1
15065.6055	-1
15070.5488	-1
15075.4922	-1
15080.4355	-1
15085.3789	-1
15090.3223	-1
15095.2656	-1
15100.2090	-1
15105.1523	-1
15110.0957	-1
15115.0400	-1
15119.9844	-1
15124.9287	-1
15129.8730	-1
15134.8174	-1
15139.7617	-1
15144.7061	-1
15149.6504	-1
15154.5947	-1
15159.5391	-1
15164.4834	-1
15169.4277	-1
15174.3721	-1
15179.3164	-1
15184.2607	-1
15189.2051	-1
15194.1494	-1
15199.0938	-1
15204.0391	-1
15208.9844	-1
15213.9297	-1
15218.8750	-1
15223.8203	-1
15228.7656	-1
15233.7119	-1
15238.6582	-1
15243.6045	-1
15248.5508	-1
15253.4971	-1
15258.4434	-1
15263.3906	-1
15268.3379	-1
15273.2852	-1
15278.2324	-1
15283.1797	-1
15288.1270	-1
15293.0742	-1
15298.0215	-1
15302.9688	-1
15307.9160	-1
15312.8633	-1
15317.8105	-1
15322.7578	-1
15327.7051	-1
15332.6523	-1
15337.5996	-1
15342.5469	-1
15347.4941	-1
15352.4443	-1
15357.3945	-1
15362.3447	-1
15367.2949	-1
15372.2451	-1
15377.1953	-1
15382.1455	-1
15387.0957	-1
15392.0459	-1
15396.9961	-1
15401.9463	-1
15406.8965	-1
15411.8467	-1
15416.7969	-1
15421.7471	-1
15426.6973	-1
15431.6475	-1
15436.5977	-1
15441.5479	-1
15446.4980	-1
15451.4482	-1
15456.3984	-1
15461.3486	-1
15466.2988	-1
15471.2490	-1
15476.1992	-1
15481.1494	-1
15486.0996	-1
15491.0498	-1
15496.0000	-1
15500.9502	-1
15505.9004	-1
15510.8506	-1
15515.8008	-1
15520.7510	-1
15525.7012	-1
15530.6523	-1
15535.6035	-1
15540.5547	-1
15545.5059	-1
15550.4570	-1
15555.4082	-1
15560.3594	-1
15565.3105	-1
15570.2617	-1
15575.2129	-1
15580.1641	-1
15585.1152	-1
15590.0674	-1
15595.0195	-1
15599.9717	-1
15604.9238	-1
15609.8760	-1
15614.8281	-1
15619.7803	-1
15624.7324	-1
15629.6846	-1
15634.6367	-1
15639.5889	-1
15644.5410	-1
15649.4932	-1
15654.4453	-1
15659.3975	-1
15664.3496	-1
15669.3018	-1
15674.2539	-1
15679.2061	-1
15684.1582	-1
15689.1104	-1
15694.0625	-1
15699.0146	-1
15703.9668	-1
15708.9189	-1
15713.8711	-1
15718.8232	-1
15723.7754	-1
15728.7275	-1
15733.6797	-1
15738.6328	-1
15743.5859	-1
15748.5391	-1
15753.5049	1
15758.4727	-1
15763.4404	1
15768.4082	1
15773.3770	-1
15778.3457	-1
15783.3145	-1
15788.2832	-1
15793.2520	-1
15798.2207	-1
15803.1895	-1
15808.1582	-1
15813.1270	-1
15818.0957	-1
15823.0645	-1
15828.0332	-1
15833.0029	1
15837.9727	1
15842.9424	1
15847.9121	1
15852.8828	-1
15857.8535	-1
15862.8242	-1
15867.7949	-1
15872.7656	-1
15877.7363	-1
15882.7070	-1
15887.6777	-1
15892.6484	-1
15897.6191	-1
15902.5898	-1
15907.5605	-1
15912.5312	-1
15917.5020	-1
15922.4727	-1
15927.4434	-1
15932.4141	-1
15937.3848	-1
15942.3564	-1
15947.3281	-1
15952.2998	-1
15957.2715	-1
15962.2432	-1
15967.2148	-1
15972.1865	1
15977.1582	1
15982.1299	1
15987.1016	1
15992.0742	1
15997.0469	1
16002.0195	1
16006.9922	1
16011.9648	-1
16016.9375	-1
16021.9102	-1
16026.8828	-1
16031.8564	-1
16036.8301	-1
16041.8037	-1
16046.7773	-1
16051.7510	-1
16056.7246	-1
16061.6982	-1
16066.6719	-1
16071.6465	1
16076.6211	1
16081.5957	1
16086.5703	-1
16091.5449	-1
16096.5195	-1
16101.4941	-1
16106.4688	-1
16111.4434	-1
16116.4180	1
16121.3926	-1
16126.3672	-1
16131.3418	-1
16136.3164	-1
16141.2910	-1
16146.2656	-1
16151.2402	-1
16156.2158	-1
16161.1914	-1
16166.1670	-1
16171.1426	-1
16176.1182	-1
16181.0938	-1
16186.0693	-1
16191.0449	-1
16196.0205	-1
16200.9961	-1
16205.9717	-1
16210.9473	-1
16215.9229	-1
16220.8984	-1
16225.8740	-1
16230.8496	-1
16235.8252	-1
16240.8008	-1
16245.7764	-1
16250.7520	-1
16255.7275	-1
16260.7031	-1
16265.6787	-1
16270.6543	1
16275.6299	1
16280.6055	1
16285.5820	1
16290.5586	1
16295.5352	1
16300.5117	1
16305.4883	1
16310.4648	1
16315.4414	1
16320.4180	1
16325.3945	1
16330.3721	-1
16335.3496	-1
16340.3271	-1
16345.3047	-1
16350.2822	-1
16355.2598	-1
16360.2373	-1
16365.2148	-1
16370.1924	-1
16375.1699	-1
16380.1475	-1
16385.1250	-1
16390.1016	-1
16395.0781	-1
16400.0566	-1
16405.0352	-1
16410.0137	-1
16414.9922	-1
16419.9707	-1
16424.9492	-1
16429.9277	-1
16434.9062	-1
16439.8848	-1
16444.8633	-1
16449.8418	1
16454.8203	1
16459.7988	1
16464.7773	1
16469.7559	1
16474.7344	1
16479.7129	1
16484.6914	1
16489.6719	-1
16494.6523	-1
16499.6328	-1
16504.6133	-1
16509.5938	-1
16514.5742	-1
16519.5547	-1
16524.5352	-1
16529.5156	-1
16534.4961	-1
16539.4766	-1
16544.4570	-1
16549.4375	-1
16554.4180	-1
16559.3984	-1
16564.3789	-1
16569.3594	-1
16574.3398	-1
16579.3203	-1
16584.3008	-1
16589.2812	-1
16594.2617	-1
16599.2422	-1
16604.2227	-1
16609.2031	-1
16614.1836	-1
16619.1641	-1
16624.1445	-1
16629.1250	-1
16634.1055	-1
16639.0859	-1
16644.0664	-1
16649.0469	-1
16654.0273	-1
16659.0078	-1
16663.9883	-1
16668.9707	-1
16673.9531	-1
16678.9355	-1
16683.9180	-1
16688.9004	-1
16693.8828	-1
16698.8652	-1
16703.8477	-1
16708.8301	-1
16713.8125	-1
16718.7949	-1
16723.7773	-1
16728.7598	-1
16733.7422	-1
16738.7246	-1
16743.7070	-1
16748.6895	-1
16753.6719	-1
16758.6543	1
16763.6367	1
16768.6191	1
16773.6016	1
16778.5840	1
16783.5664	1
16788.5488	1
16793.5312	1
16798.5137	1
16803.4961	1
16808.4785	1
16813.4629	1
16818.4473	1
16823.4316	1
16828.4160	1
16833.4004	1
16838.3848	1
16843.3691	1
16848.3535	-1
16853.3379	-1
16858.3223	-1
16863.3066	-1
16868.2910	-1
16873.2754	-1
16878.2598	-1
16883.2441	-1
16888.2285	-1
16893.2129	-1
16898.1973	-1
16903.1816	-1
16908.1680	-1
16913.1543	-1
16918.1406	-1
16923.1270	-1
16928.1133	-1
16933.0996	-1
16938.0859	-1
16943.0723	-1
16948.0586	-1
16953.0449	-1
16958.0312	-1
16963.0176	-1
16968.0039	-1
16972.9902	-1
16977.9766	-1
16982.9629	-1
16987.9492	-1
16992.9355	-1
16997.9219	-1
17002.9082	-1
17007.8945	-1
17012.8809	-1
17017.8672	-1
17022.8535	-1
17027.8398	-1
17032.8262	-1
17037.8125	-1
17042.7988	-1
17047.7852	-1
17052.7715	-1
17057.7578	-1
17062.7441	-1
17067.7305	-1
17072.7168	-1
17077.7031	-1
17082.6895	-1
17087.6758	-1
17092.6621	-1
17097.6484	-1
17102.6348	-1
17107.6211	-1
17112.6074	-1
17117.5957	1
17122.5840	1
17127.5723	1
17132.5605	1
17137.5488	1
17142.5371	1
17147.5254	1
17152.5137	1
17157.5020	1
17162.4902	-1
17167.4785	-1
17172.4668	-1
17177.4551	-1
17182.4434	-1
17187.4316	-1
17192.4199	1
17197.4082	1
17202.3984	-1
17207.3887	-1
17212.3789	-1
17217.3691	-1
17222.3594	-1
17227.3496	-1
17232.3398	1
17237.3301	1
17242.3203	-1
17247.3105	-1
17252.3008	-1
17257.2910	-1
17262.2812	-1
17267.2715	-1
17272.2617	1
17277.2520	1
17282.2422	-1
17287.2324	-1
17292.2227	-1
17297.2129	-1
17302.2031	-1
17307.1934	-1
17312.1836	-1
17317.1738	-1
17322.1641	-1
17327.1543	-1
17332.1445	-1
17337.1348	-1
17342.1250	-1
17347.1152	-1
17352.1055	-1
17357.0957	-1
17362.0859	-1
17367.0762	-1
17372.0664	-1
17377.0566	-1
17382.0469	-1
17387.0371	-1
17392.0273	-1
17397.0176	-1
17402.0078	-1
17406.9980	-1
17411.9883	-1
17416.9785	-1
17421.9688	-1
17426.9590	-1
17431.9512	-1
17436.9434	-1
17441.9355	-1
17446.9277	-1
17451.9199	-1
17456.9121	-1
17461.9043	-1
17466.8965	-1
17471.8887	-1
17476.8809	-1
17481.8730	-1
17486.8652	-1
17491.8574	-1
17496.8496	-1
17501.8418	-1
17506.8340	-1
17511.8262	-1
17516.8184	-1
17521.8105	-1
17526.8027	-1
17531.7949	-1
17536.7871	-1
17541.7793	-1
17546.7715	-1
17551.7637	-1
17556.7559	-1
17561.7480	-1
17566.7402	-1
17571.7324	-1
17576.7246	-1
17581.7168	-1
17586.7090	-1
17591.7012	-1
17596.6934	-1
17601.6855	-1
17606.6777	-1
17611.6719	-1
17616.6660	-1
17621.6602	-1
17626.6543	-1
17631.6484	-1
17636.6426	-1
17641.6367	-1
17646.6309	-1
17651.6250	-1
17656.6191	-1
17661.6133	-1
17666.6074	-1
17671.6035	-1
17676.5996	-1
17681.5957	-1
17686.5918	-1
17691.5879	-1
17696.5840	-1
17701.5801	-1
17706.5762	-1
17711.5723	-1
17716.5684	-1
17721.5645	-1
17726.5605	-1
17731.5566	-1
17736.5527	-1
17741.5488	-1
17746.5449	-1
17751.5410	-1
17756.5371	-1
17761.5352	-1
17766.5332	-1
17771.5312	-1
17776.5293	-1
17781.5273	-1
17786.5254	-1
17791.5234	-1
17796.5215	-1
17801.5195	-1
17806.5176	-1
17811.5156	-1
17816.5137	-1
17821.5117	-1
17826.5098	-1
17831.5078	-1
17836.5059	-1
17841.5039	-1
17846.5020	-1
17851.5000	-1
17856.4980	-1
17861.4961	-1
17866.4941	-1
17871.4922	-1
17876.4902	-1
17881.4883	-1
17886.4863	-1
17891.4844	-1
17896.4824	-1
17901.4805	-1
17906.4785	-1
17911.4766	-1
17916.4746	-1
17921.4727	-1
17926.4707	-1
17931.4688	-1
17936.4668	-1
17941.4648	-1
17946.4629	-1
17951.4609	-1
17956.4590	-1
17961.4570	-1
17966.4551	-1
17971.4531	-1
17976.4512	-1
17981.4492	-1
17986.4473	-1
17991.4453	-1
17996.4434	-1
18001.4434	-1
18006.4434	-1
18011.4434	-1
18016.4434	-1
18021.4434	-1
18026.4434	-1
18031.4434	-1
18036.4434	-1
18041.4434	-1
18046.4434	-1
18051.4434	-1
18056.4434	-1
18061.4453	-1
18066.4473	-1
18071.4492	-1
18076.4512	-1
18081.4531	-1
18086.4551	-1
18091.4570	-1
18096.4590	-1
18101.4609	-1
18106.4629	-1
18111.4648	-1
18116.4668	-1
18121.4688	-1
18126.4707	-1
18131.4727	-1
18136.4746	-1
18141.4766	-1
18146.4785	-1
18151.4805	-1
18156.4824	-1
18161.4844	-1
18166.4863	-1
18171.4883	-1
18176.4902	-1
18181.4922	-1
18186.4941	-1
18191.4961	-1
18196.4980	-1
18201.5000	-1
18206.5020	-1
18211.5039	-1
18216.5195	1
18221.5371	-1
18226.5547	1
18231.5723	1
18236.5918	-1
18241.6113	-1
18246.6309	-1
18251.6504	-1
18256.6699	-1
18261.6895	-1
18266.7090	-1
18271.7285	-1
18276.7480	-1
18281.7676	-1
18286.7871	-1
18291.8066	-1
18296.8262	1
18301.8457	1
18306.8652	1
18311.8848	1
18316.9062	-1
18321.9277	-1
18326.9492	-1
18331.9707	-1
18336.9922	-1
18342.0137	-1
18347.0352	-1
18352.0566	-1
18357.0781	-1
18362.0996	-1
18367.1211	-1
18372.1426	-1
18377.1641	-1
18382.1855	-1
18387.2070	-1
18392.2285	-1
18397.2500	-1
18402.2715	-1
18407.2930	-1
18412.3145	-1
18417.3359	-1
18422.3574	-1
18427.3789	-1
18432.4141	1
18437.4512	-1
18442.4883	1
18447.5254	1
18452.5645	-1
18457.6035	-1
18462.6426	-1
18467.6816	-1
18472.7207	-1
18477.7598	-1
18482.7988	-1
18487.8379	-1
18492.8770	-1
18497.9160	-1
18502.9551	-1
18507.9941	-1
18513.0332	1
18518.0723	1
18523.1113	1
18528.1504	1
18533.1914	-1
18538.2324	-1
18543.2734	-1
18548.3145	-1
18553.3555	-1
18558.3965	-1
18563.4375	-1
18568.4785	-1
18573.5195	-1
18578.5605	-1
18583.6016	-1
18588.6426	-1
18593.6836	-1
18598.7246	-1
18603.7656	-1
18608.8066	-1
18613.8477	-1
18618.8887	-1
18623.9297	-1
18628.9707	-1
18634.0117	-1
18639.0527	-1
18644.0938	-1
18649.1348	-1
18654.1758	1
18659.2168	1
18664.2578	1
18669.2988	1
18674.3398	1
18679.3809	1
18684.4219	1
18689.4629	1
18694.5059	-1
18699.5488	-1
18704.5918	-1
18709.6348	-1
18714.6777	-1
18719.7207	-1
18724.7656	-1
18729.8105	-1
18734.8555	-1
18739.9004	-1
18744.9453	-1
18749.9902	-1
18755.0352	-1
18760.0801	-1
18765.1250	-1
18770.1699	-1
18775.2148	-1
18780.2598	-1
18785.3047	-1
18790.3496	-1
18795.3945	-1
18800.4395	-1
18805.4844	-1
18810.5293	-1
18815.5742	-1
18820.6191	-1
18825.6641	-1
18830.7090	-1
18835.7539	-1
18840.7988	-1
18845.8438	-1
18850.8887	-1
18855.9336	-1
18860.9785	-1
18866.0234	-1
18871.0684	-1
18876.1133	-1
18881.1582	-1
18886.2031	-1
18891.2480	-1
18896.2930	-1
18901.3379	-1
18906.3828	-1
18911.4277	-1
18916.4727	-1
18921.5312	1
18926.5918	-1
18931.6523	1
18936.7129	1
18941.7734	-1
18946.8340	-1
18951.8945	-1
18956.9551	-1
18962.0156	-1
18967.0762	-1
18972.1387	-1
18977.2012	-1
18982.2637	-1
18987.3262	-1
18992.3887	-1
18997.4512	-1
19002.5137	1
19007.5762	1
19012.6387	1
19017.7012	1
19022.7637	-1
19027.8262	-1
19032.8887	-1
19037.9512	-1
19043.0137	-1
19048.0762	-1
19053.1387	-1
19058.2012	-1
19063.2637	-1
19068.3262	-1
19073.3887	-1
19078.4512	-1
19083.5137	-1
19088.5762	-1
19093.6387	-1
19098.7012	-1
19103.7637	-1
19108.8262	-1
19113.8906	-1
19118.9551	-1
19124.0195	-1
19129.0840	-1
19134.1484	-1
19139.2129	-1
19144.2773	1
19149.3418	1
19154.4062	1
19159.4707	1
19164.5352	1
19169.5996	1
19174.6641	1
19179.7285	1
19184.7930	-1
19189.8574	-1
19194.9219	-1
19199.9863	-1
19205.0508	-1
19210.1152	-1
19215.1816	-1
19220.2480	-1
19225.3145	-1
19230.3809	-1
19235.4473	-1
19240.5137	-1
19245.5801	-1
19250.6465	-1
19255.7129	-1
19260.7793	-1
19265.8457	-1
19270.9121	-1
19275.9785	1
19281.0449	1
19286.1113	-1
19291.1777	-1
19296.2441	-1
19301.3105	-1
19306.3770	-1
19311.4434	-1
19316.5098	1
19321.5762	1
19326.6426	-1
19331.7090	-1
19336.7754	-1
19341.8418	-1
19346.9082	-1
19351.9746	-1
19357.0410	-1
19362.1074	-1
19367.1738	-1
19372.2402	-1
19377.3066	-1
19382.3730	-1
19387.4395	-1
19392.5059	-1
19397.5723	-1
19402.6387	-1
19407.7051	-1
19412.7715	-1
19417.8379	-1
19422.9043	-1
19427.9707	-1
19433.0371	-1
19438.1035	-1
19443.1699	-1
19448.2383	1
19453.3066	1
19458.3750	1
19463.4434	1
19468.5117	1
19473.5801	1
19478.6484	1
19483.7168	1
19488.7852	1
19493.8535	1
19498.9219	1
19503.9902	1
19509.0586	-1
19514.1270	-1
19519.1953	-1
19524.2637	-1
19529.3320	-1
19534.4004	-1
19539.4688	-1
19544.5371	-1
19549.6055	-1
19554.6738	-1
19559.7422	-1
19564.8105	-1
19569.8789	-1
19574.9473	-1
19580.0156	-1
19585.0840	-1
19590.1523	-1
19595.2207	-1
19600.2891	-1
19605.3574	-1
19610.4258	-1
19615.4941	-1
19620.5625	-1
19625.6309	-1
19630.7012	1
19635.7715	1
19640.8418	1
19645.9121	1
19650.9824	1
19656.0527	1
19661.1230	1
19666.1934	1
19671.2637	-1
19676.3340	-1
19681.4043	-1
19686.4746	-1
19691.5449	-1
19696.6152	-1
19701.6875	-1
19706.7598	-1
19711.8320	-1
19716.9043	-1
19721.9766	-1
19727.0488	-1
19732.1211	-1
19737.1934	-1
19742.2656	-1
19747.3379	-1
19752.4102	-1
19757.4824	-1
19762.5547	-1
19767.6270	-1
19772.6992	-1
19777.7715	-1
19782.8438	-1
19787.9160	-1
19792.9883	-1
19798.0605	-1
19803.1328	-1
19808.2051	-1
19813.2773	-1
19818.3496	-1
19823.4219	-1
19828.4941	-1
19833.5664	-1
19838.6387	-1
19843.7109	-1
19848.7832	-1
19853.8555	-1
19858.9277	-1
19864.0000	-1
19869.0723	-1
19874.1445	-1
19879.2168	-1
19884.2891	1
19889.3613	1
19894.4355	1
19899.5098	1
19904.5840	-1
19909.6582	-1
19914.7324	-1
19919.8066	-1
19924.8809	-1
19929.9551	-1
19935.0293	-1
19940.1035	-1
19945.1777	-1
19950.2520	-1
19955.3262	-1
19960.4004	-1
19965.4746	-1
19970.5488	-1
19975.6230	-1
19980.6973	-1
19985.7715	-1
19990.8457	-1
19995.9199	1
20000.9941	1
20006.0703	1
20011.1465	1
20016.2227	1
20021.2988	1
20026.3750	1
20031.4512	1
20036.5273	1
20041.6035	1
20046.6797	1
20051.7559	1
20056.8320	-1
20061.9082	-1
20066.9844	-1
20072.0605	-1
20077.1367	-1
20082.2129	-1
20087.2891	-1
20092.3652	-1
20097.4414	-1
20102.5176	-1
20107.5938	-1
20112.6699	-1
20117.7461	-1
20122.8223	-1
20127.8984	-1
20132.9746	-1
20138.0508	-1
20143.1270	-1
20148.2031	-1
20153.2793	-1
20158.3555	-1
20163.4316	-1
20168.5078	-1
20173.5840	-1
20178.6602	-1
20183.7363	-1
20188.8125	-1
20193.8887	-1
20198.9648	-1
20204.0410	-1
20209.1172	-1
20214.1934	-1
20219.2695	-1
20224.3457	-1
20229.4219	-1
20234.4980	-1
20239.5742	-1
20244.6523	-1
20249.7305	-1
20254.8086	-1
20259.8867	-1
20264.9648	-1
20270.0430	-1
20275.1211	-1
20280.1992	-1
20285.2773	-1
20290.3555	-1
20295.4336	-1
20300.5117	-1
20305.5898	-1
20310.6680	-1
20315.7461	-1
20320.8242	-1
20325.9023	-1
20330.9824	1
20336.0625	1
20341.1426	1
20346.2227	1
20351.3027	1
20356.3828	1
20361.4629	1
20366.5430	1
20371.6230	1
20376.7031	1
20381.7832	1
20386.8633	1
20391.9434	1
20397.0234	1
20402.1035	1
20407.1836	1
20412.2637	1
20417.3438	1
20422.4238	1
20427.5039	1
20432.5840	1
20437.6641	1
20442.7441	-1
20447.8242	-1
20452.9043	-1
20457.9844	-1
20463.0645	-1
20468.1445	-1
20473.2246	-1
20478.3047	-1
20483.3848	-1
20488.4648	-1
20493.5449	-1
20498.6250	-1
20503.7070	-1
20508.7891	-1
20513.8711	-1
20518.9531	-1
20524.0352	-1
20529.1172	-1
20534.1992	-1
20539.2812	-1
20544.3633	-1
20549.4453	-1
20554.5273	-1
20559.6094	-1
20564.6914	-1
20569.7734	-1
20574.8555	-1
20579.9375	-1
20585.0195	-1
20590.1016	-1
20595.1836	-1
20600.2656	-1
20605.3477	-1
20610.4297	-1
20615.5117	-1
20620.5938	-1
20625.6758	-1
20630.7578	-1
20635.8398	-1
20640.9219	-1
20646.0039	-1
20651.0859	-1
20656.1680	-1
20661.2500	-1
20666.3320	-1
20671.4141	-1
20676.4961	-1
20681.5781	-1
20686.6602	-1
20691.7422	-1
20696.8242	-1
20701.9062	-1
20706.9883	-1
20712.0703	-1
20717.1523	-1
20722.2344	-1
20727.3164	-1
20732.3984	-1
20737.4805	-1
20742.5625	-1
20747.6445	-1
20752.7266	-1
20757.8086	-1
20762.8906	-1
20767.9727	-1
20773.0547	-1
20778.1387	-1
20783.2227	-1
20788.3066	-1
20793.3906	-1
20798.4746	-1
20803.5586	-1
20808.6426	-1
20813.7266	-1
20818.8105	-1
20823.8945	-1
20828.9785	-1
20834.0625	-1
20839.1484	-1
20844.2344	-1
20849.3203	-1
20854.4062	-1
20859.4922	-1
20864.5781	-1
20869.6641	-1
20874.7500	-1
20879.8359	-1
20884.9219	-1
20890.0078	-1
20895.0938	-1
20900.1797	-1
20905.2656	-1
20910.3516	-1
20915.4375	-1
20920.5234	-1
20925.6094	-1
20930.6953	-1
20935.7812	-1
20940.8672	-1
20945.9531	-1
20951.0391	-1
20956.1250	-1
20961.2109	-1
20966.2969	-1
20971.3828	-1
20976.4688	-1
20981.5547	-1
20986.6406	-1
20991.7266	-1
20996.8125	-1
21001.8984	-1
21006.9844	-1
21012.0703	-1
21017.1562	-1
21022.2422	-1
21027.3281	-1
21032.4141	-1
21037.5000	-1
21042.5859	-1
21047.6719	-1
21052.7578	-1
21057.8438	-1
21062.9297	-1
21068.0156	-1
21073.1016	-1
21078.1875	-1
21083.2734	-1
21088.3594	-1
21093.4453	-1
21098.5312	-1
21103.6172	-1
21108.7031	-1
21113.7891	1
21118.8770	-1
21123.9648	-1
21129.0527	-1
21134.1406	-1
21139.2285	-1
21144.3164	-1
21149.4062	-1
21154.4961	-1
21159.5859	-1
21164.6758	-1
21169.7656	-1
21174.8555	-1
21179.9453	-1
21185.0352	-1
21190.1250	-1
21195.2148	-1
21200.3047	-1
21205.3945	-1
21210.4844	-1
21215.5742	-1
21220.6641	-1
21225.7539	-1
21230.8438	-1
21235.9336	-1
21241.0234	-1
21246.1133	-1
21251.2031	-1
21256.2930	-1
21261.3828	-1
21266.4727	-1
21271.5625	-1
21276.6523	-1
21281.7422	-1
21286.8320	-1
21291.9219	-1
21297.0117	-1
21302.1016	-1
21307.1914	-1
21312.2812	-1
21317.3711	-1
21322.4609	-1
21327.5508	-1
21332.6406	-1
21337.7305	-1
21342.8203	-1
21347.9102	-1
21353.0000	-1
21358.0898	-1
21363.1797	-1
21368.2695	-1
21373.3594	-1
21378.4492	-1
21383.5391	-1
21388.6289	-1
21393.7207	-1
21398.8125	-1
21403.9043	-1
21408.9961	-1
21414.0879	-1
21419.1797	-1
21424.2715	-1
21429.3633	-1
21434.4551	-1
21439.5469	-1
21444.6387	-1
21449.7305	-1
21454.8223	-1
21459.9141	-1
21465.0059	-1
21470.0977	-1
21475.1895	-1
21480.2812	-1
21485.3730	-1
21490.4648	-1
21495.5566	-1
21500.6484	-1
21505.7402	-1
21510.8320	-1
21515.9238	-1
21521.0156	-1
21526.1074	-1
21531.1992	-1
21536.2910	-1
21541.3828	-1
21546.4766	-1
21551.5703	-1
21556.6641	-1
21561.7578	-1
21566.8516	-1
21571.9453	-1
21577.0391	-1
21582.1328	-1
21587.2266	-1
21592.3203	-1
21597.4141	-1
21602.5078	-1
21607.6016	-1
21612.6953	-1
21617.7891	-1
21622.8828	-1
21627.9766	-1
21633.0703	-1
21638.1641	-1
21643.2578	-1
21648.3516	-1
21653.4453	-1
21658.5391	-1
21663.6328	-1
21668.7402	1
21673.8477	-1
21678.9570	1
21684.0664	1
21689.1758	-1
21694.2852	-1
21699.3945	-1
21704.5039	-1
21709.6133	-1
21714.7227	-1
21719.8320	-1
21724.9414	-1
21730.0508	-1
21735.1602	-1
21740.2832	1
21745.4082	-1
21750.5332	1
21755.6582	1
21760.7852	-1
21765.9121	-1
21771.0391	-1
21776.1660	-1
21781.2930	-1
21786.4199	-1
21791.5469	-1
21796.6738	-1
21801.8008	-1
21806.9277	-1
21812.0664	1
21817.2070	-1
21822.3477	1
21827.4883	1
21832.6309	-1
21837.7734	-1
21842.9160	-1
21848.0586	-1
21853.2012	-1
21858.3438	-1
21863.4863	-1
21868.6289	-1
21873.7715	-1
21878.9141	-1
21884.0566	-1
21889.1992	-1
21894.3418	1
21899.4844	1
21904.6270	1
21909.7695	1
21914.9141	-1
21920.0586	-1
21925.2031	-1
21930.3477	-1
21935.4922	-1
21940.6367	-1
21945.7812	-1
21950.9258	-1
21956.0703	-1
21961.2148	-1
21966.3594	-1
21971.5039	-1
21976.6484	-1
21981.7930	-1
21986.9375	-1
21992.0820	-1
21997.2266	-1
22002.3711	-1
22007.5156	-1
22012.6602	-1
22017.8047	-1
22022.9492	-1
22028.0938	-1
22033.2383	-1
22038.3828	1
22043.5273	1
22048.6719	1
22053.8164	1
22058.9609	1
22064.1055	1
22069.2520	1
22074.3984	1
22079.5469	-1
22084.6953	-1
22089.8438	-1
22094.9922	-1
22100.1406	-1
22105.2891	-1
22110.4375	-1
22115.5859	-1
22120.7344	-1
22125.8828	-1
22131.0312	-1
22136.1797	-1
22141.3281	-1
22146.4766	-1
22151.6250	-1
22156.7734	-1
22161.9219	-1
22167.0703	-1
22172.2188	-1
22177.3672	-1
22182.5156	-1
22187.6641	-1
22192.8125	-1
22197.9609	-1
22203.1094	-1
22208.2578	-1
22213.4062	-1
22218.5547	-1
22223.7031	-1
22228.8516	-1
22234.0000	-1
22239.1484	-1
22244.2969	-1
22249.4453	-1
22254.5938	-1
22259.7422	-1
22264.8906	-1
22270.0391	-1
22275.1875	-1
22280.3359	-1
22285.4844	-1
22290.6328	-1
22295.7832	-1
22300.9336	-1
22306.0840	-1
22311.2344	-1
22316.3848	-1
22321.5352	-1
22326.6855	1
22331.8359	1
22336.9863	1
22342.1367	1
22347.2871	1
22352.4375	1
22357.5898	-1
22362.7422	-1
22367.8945	-1
22373.0469	-1
22378.1992	-1
22383.3516	-1
22388.5039	-1
22393.6562	-1
22398.8086	-1
22403.9609	-1
22409.1133	-1
22414.2656	-1
22419.4180	-1
22424.5703	-1
22429.7227	-1
22434.8750	-1
22440.0273	-1
22445.1797	-1
22450.3340	-1
22455.4883	-1
22460.6426	-1
22465.7969	-1
22470.9512	-1
22476.1055	-1
22481.2598	-1
22486.4141	-1
22491.5684	-1
22496.7227	-1
22501.8770	-1
22507.0312	-1
22512.1855	-1
22517.3398	-1
22522.5059	1
22527.6738	-1
22532.8418	1
22538.0098	1
22543.1797	-1
22548.3496	-1
22553.5195	-1
22558.7012	1
22563.8848	-1
22569.0684	1
22574.2520	1
22579.4355	-1
22584.6191	-1
22589.8027	-1
22594.9863	-1
22600.1699	-1
22605.3535	-1
22610.5371	-1
22615.7207	-1
22620.9043	-1
22626.0879	-1
22631.2715	-1
22636.4551	-1
22641.6387	1
22646.8223	1
22652.0059	1
22657.1895	1
22662.3750	-1
22667.5605	-1
22672.7461	-1
22677.9316	-1
22683.1172	-1
22688.3027	-1
22693.4883	-1
22698.6738	-1
22703.8594	-1
22709.0449	-1
22714.2305	-1
22719.4160	-1
22724.6016	-1
22729.7871	-1
22734.9727	-1
22740.1582	-1
22745.3438	-1
22750.5293	-1
22755.7148	-1
22760.9004	-1
22766.0859	-1
22771.2715	-1
22776.4570	-1
22781.6543	1
22786.8535	-1
22792.0527	1
22797.2520	1
22802.4531	-1
22807.6543	-1
22812.8555	-1
22818.0566	-1
22823.2715	1
22828.4883	-1
22833.7051	1
22838.9219	1
22844.1387	-1
22849.3555	-1
22854.5723	-1
22859.7891	-1
22865.0059	-1
22870.2227	-1
22875.4395	-1
22880.6562	-1
22885.8730	-1
22891.0898	-1
22896.3066	-1
22901.5234	-1
22906.7422	1
22911.9609	1
22917.1797	1
22922.3984	1
22927.6191	-1
22932.8398	-1
22938.0605	-1
22943.2812	-1
22948.5020	-1
22953.7227	-1
22958.9434	-1
22964.1641	-1
22969.3848	-1
22974.6055	-1
22979.8262	-1
22985.0469	-1
22990.2676	-1
22995.4883	-1
23000.7090	-1
23005.9297	-1
23011.1504	-1
23016.3711	-1
23021.5918	1
23026.8125	1
23032.0332	1
23037.2539	-1
23042.4746	-1
23047.6953	-1
23052.9160	-1
23058.1367	-1
23063.3574	-1
23068.5801	-1
23073.8027	-1
23079.0254	-1
23084.2480	-1
23089.4707	-1
23094.6934	-1
23099.9160	-1
23105.1387	-1
23110.3613	-1
23115.5840	-1
23120.8066	-1
23126.0293	-1
23131.2520	-1
23136.4883	1
23141.7246	-1
23146.9629	1
23152.2012	1
23157.4395	-1
23162.6777	-1
23167.9160	-1
23173.1543	-1
23178.3926	-1
23183.6309	-1
23188.8691	-1
23194.1074	-1
23199.3457	-1
23204.5840	-1
23209.8223	-1
23215.0605	-1
23220.2988	1
23225.5371	1
23230.7754	1
23236.0137	1
23241.2539	-1
23246.4941	-1
23251.7344	-1
23256.9746	-1
23262.2148	-1
23267.4551	-1
23272.6953	-1
23277.9355	-1
23283.1758	-1
23288.4160	-1
23293.6562	-1
23298.8965	-1
23304.1367	-1
23309.3770	-1
23314.6172	-1
23319.8574	-1
23325.0977	-1
23330.3379	-1
23335.5781	-1
23340.8301	1
23346.0840	-1
23351.3379	1
23356.5918	1
23361.8457	-1
23367.0996	-1
