0.0000	0
0.0176	-1
0.2050	888
0.2417	888
0.3302	888
0.4775	-888
0.5767	888
0.7027	888
0.7251	888
0.7585	888
0.7920	888
0.8674	888
0.9792	888
0.9864	888
1.0399	888
1.0617	888
1.1182	888
1.1192	888
1.1540	888
1.2888	888
1.4246	888
1.4359	888
1.5086	888
1.6008	888
1.6481	-888
1.6557	888
1.6991	888
1.7003	-888
1.7142	888
1.7223	-888
1.7510	888
1.8138	888
1.8318	888
1.8620	888
1.8632	888
1.9085	-888
1.9173	888
1.9349	888
1.9482	888
1.9484	-888
1.9621	888
1.9674	888
2.0455	-888
2.0512	888
2.1143	888
2.2001	888
2.2003	888
2.2338	888
2.2602	888
2.3035	888
2.3249	888
2.3381	888
2.4232	888
2.4344	-888
2.6457	888
2.7455	888
2.7935	888
2.7980	888
2.8238	888
2.8243	888
2.8743	888
2.9139	888
2.9148	888
2.9494	888
2.9530	888
2.9836	888
3.1383	888
3.2156	888
3.2839	888
3.3455	-888
3.3693	888
3.3814	888
3.4149	888
3.4607	888
3.4844	888
3.5785	888
3.6266	888
3.6270	888
3.7478	888
3.7669	888
3.8222	888
3.8260	-888
3.8721	888
3.8926	888
3.9253	888
3.9545	888
3.9897	888
4.0198	888
4.2992	888
4.3299	888
4.5797	888
4.7537	888
4.8953	888
4.9376	888
5.2837	888
5.2894	888
5.7023	888
6.2546	888
6.3059	888
6.6949	888
6.7367	888
6.8494	888
6.9013	1
13.7868	-1
20.6725	1
27.5583	1
34.4454	-1
41.3325	-1
48.2197	-1
55.1068	-1
61.9939	-1
68.8810	-1
75.7682	-1
82.6554	-1
89.5427	-1
96.4299	-1
103.3171	-1
110.2043	-1
117.0919	1
123.9795	1
130.8671	1
137.7548	1
144.6436	-1
151.5325	-1
158.4214	-1
165.3102	-1
172.1991	-1
179.0880	-1
185.9774	1
192.8670	-1
199.7565	1
206.6460	-1
213.5355	-1
220.4250	-1
227.3146	-1
234.2041	-1
241.0937	-1
247.9834	-1
254.8730	-1
261.7626	-1
268.6523	-1
275.5419	-1
282.4317	-1
289.3215	-1
296.2113	-1
303.1011	-1
309.9909	-1
316.8807	-1
323.7706	1
330.6606	1
337.5508	1
344.4411	1
351.3314	1
358.2218	1
365.1140	-1
372.0063	-1
378.8985	-1
385.7907	-1
392.6830	-1
399.5753	-1
406.4677	-1
413.3600	-1
420.2524	-1
427.1447	-1
434.0371	-1
440.9295	-1
447.8219	-1
454.7144	-1
461.6069	-1
468.4994	-1
475.3919	-1
482.2844	-1
489.1769	-1
496.0695	-1
502.9621	-1
509.8547	-1
516.7473	-1
523.6398	-1
530.5336	-1
537.4273	-1
544.3210	-1
551.2148	-1
558.1085	-1
565.0023	-1
571.8961	-1
578.7900	-1
585.6838	-1
592.5777	1
599.4716	-1
606.3654	-1
613.2593	-1
620.1532	1
627.0471	1
633.9411	1
640.8351	-1
647.7291	-1
654.6230	-1
661.5170	-1
668.4110	-1
675.3050	-1
682.1990	1
689.0930	1
695.9871	1
702.8813	-1
709.7755	-1
716.6697	-1
723.5640	-1
730.4582	-1
737.3524	-1
744.2484	-1
751.1443	-1
758.0402	-1
764.9362	-1
771.8321	-1
778.7280	-1
785.6246	-1
792.5212	-1
799.4178	-1
806.3145	-1
813.2111	-1
820.1078	-1
827.0049	-1
833.9020	-1
840.7991	-1
847.6962	-1
854.5933	-1
861.4904	-1
868.3879	-1
875.2854	-1
882.1829	-1
889.0804	-1
895.9780	-1
902.8755	-1
909.7735	-1
916.6715	-1
923.5695	-1
930.4675	-1
937.3655	-1
944.2635	-1
951.1616	-1
958.0597	-1
964.9578	-1
971.8558	-1
978.7539	-1
985.6520	-1
992.5502	-1
999.4484	-1
1006.3466	-1
1013.2448	-1
1020.1429	-1
1027.0519	1
1033.9620	-1
1040.8726	1
1047.7831	1
1054.6941	-1
1061.6051	-1
1068.5161	-1
1075.4271	-1
1082.3381	-1
1089.2491	-1
1096.1603	-1
1103.0714	-1
1109.9825	-1
1116.8937	-1
1123.8048	-1
1130.7159	-1
1137.6274	1
1144.5389	1
1151.4504	1
1158.3621	1
1165.2742	-1
1172.1863	-1
1179.0984	-1
1186.0105	-1
1192.9227	-1
1199.8350	-1
1206.7472	-1
1213.6594	-1
1220.5717	-1
1227.4839	-1
1234.3961	-1
1241.3083	-1
1248.2209	-1
1255.1335	-1
1262.0461	-1
1268.9587	-1
1275.8713	-1
1282.7839	-1
1289.6967	-1
1296.6094	-1
1303.5221	-1
1310.4348	-1
1317.3475	-1
1324.2603	-1
1331.1730	1
1338.0858	1
1344.9987	1
1351.9115	1
1358.8248	1
1365.7386	1
1372.6526	1
1379.5665	1
1386.4805	-1
1393.3944	-1
1400.3083	-1
1407.2223	-1
1414.1362	-1
1421.0502	-1
1427.9642	-1
1434.8783	-1
1441.7924	-1
1448.7064	-1
1455.6205	-1
1462.5345	-1
1469.4487	-1
1476.3629	-1
1483.2771	-1
1490.1913	-1
1497.1055	-1
1504.0197	-1
1510.9341	-1
1517.8485	-1
1524.7629	-1
1531.6774	-1
1538.5918	-1
1545.5062	-1
1552.4215	1
1559.3369	-1
1566.2523	-1
1573.1677	-1
1580.0831	-1
1586.9985	-1
1593.9139	-1
1600.8293	-1
1607.7449	-1
1614.6604	-1
1621.5759	-1
1628.4915	-1
1635.4070	-1
1642.3226	-1
1649.2383	-1
1656.1539	-1
1663.0696	-1
1669.9852	-1
1676.9009	-1
1683.8169	-1
1690.7329	-1
1697.6489	-1
1704.5649	-1
1711.4810	-1
1718.3970	-1
1725.3132	-1
1732.2295	-1
1739.1458	-1
1746.0720	1
1752.9994	-1
1759.9270	1
1766.8546	1
1773.7828	-1
1780.7111	-1
1787.6393	-1
1794.5675	-1
1801.4957	-1
1808.4240	-1
1815.3523	-1
1822.2806	-1
1829.2090	-1
1836.1373	-1
1843.0657	-1
1849.9940	-1
1856.9226	1
1863.8513	1
1870.7800	1
1877.7087	1
1884.6382	-1
1891.5676	-1
1898.4971	-1
1905.4265	-1
1912.3560	-1
1919.2854	-1
1926.2151	-1
1933.1448	-1
1940.0745	-1
1947.0042	-1
1953.9338	-1
1960.8635	-1
1967.7933	-1
1974.7231	-1
1981.6530	-1
1988.5828	-1
1995.5126	-1
2002.4424	-1
2009.3723	1
2016.3022	-1
2023.2322	-1
2030.1621	-1
2037.0920	-1
2044.0220	-1
2050.9519	-1
2057.8818	1
2064.8123	-1
2071.7427	-1
2078.6731	-1
2085.6035	-1
2092.5339	-1
2099.4644	-1
2106.3950	-1
2113.3257	-1
2120.2563	-1
2127.1968	1
2134.1382	-1
2141.0801	1
2148.0220	1
2154.9644	-1
2161.9077	-1
2168.8599	1
2175.8132	-1
2182.7668	1
2189.7205	1
2196.6753	-1
2203.6301	-1
2210.5850	-1
2217.5398	-1
2224.4946	-1
2231.4495	-1
2238.4043	-1
2245.3591	-1
2252.3140	-1
2259.2688	-1
2266.2236	-1
2273.1787	-1
2280.1340	1
2287.0894	1
2294.0447	1
2301.0000	1
2307.9565	-1
2314.9131	-1
2321.8696	-1
2328.8262	-1
2335.7827	-1
2342.7393	-1
2349.6960	1
2356.6531	1
2363.6101	-1
2370.5671	-1
2377.5242	-1
2384.4812	-1
2391.4385	-1
2398.3958	-1
2405.3533	1
2412.3108	-1
2419.2683	-1
2426.2258	-1
2433.1833	-1
2440.1409	-1
2447.0984	-1
2454.0559	1
2461.0137	-1
2467.9714	-1
2474.9292	-1
2481.8870	-1
2488.8447	-1
2495.8025	-1
2502.7605	1
2509.7188	1
2516.6770	1
2523.6353	1
2530.5952	-1
2537.5552	-1
2544.5151	-1
2551.4751	-1
2558.4351	-1
2565.3950	-1
2572.3555	-1
2579.3159	-1
2586.2764	-1
2593.2368	-1
2600.1973	-1
2607.1577	-1
2614.1184	-1
2621.0791	-1
2628.0398	-1
2635.0005	-1
2641.9612	-1
2648.9219	-1
2655.8828	-1
2662.8438	-1
2669.8047	-1
2676.7656	-1
2683.7266	-1
2690.6875	-1
2697.6487	1
2704.6099	1
2711.5710	1
2718.5322	1
2725.4934	1
2732.4548	1
2739.4172	-1
2746.3796	-1
2753.3420	-1
2760.3044	-1
2767.2668	-1
2774.2292	-1
2781.1919	-1
2788.1545	-1
2795.1172	-1
2802.0798	-1
2809.0425	-1
2816.0051	-1
2822.9678	-1
2829.9304	-1
2836.8931	-1
2843.8557	-1
2850.8184	-1
2857.7810	-1
2864.7439	-1
2871.7068	-1
2878.6697	-1
2885.6326	-1
2892.5955	-1
2899.5583	-1
2906.5229	-1
2913.4875	-1
2920.4521	-1
2927.4167	-1
2934.3813	-1
2941.3459	-1
2948.3105	-1
2955.2751	-1
2962.2397	-1
2969.2043	-1
2976.1689	-1
2983.1335	-1
2990.0991	-1
2997.0647	-1
3004.0303	-1
3010.9958	-1
3017.9614	-1
3024.9270	-1
3031.8928	-1
3038.8586	-1
3045.8245	-1
3052.7903	-1
3059.7561	-1
3066.7219	-1
3073.6880	-1
3080.6541	-1
3087.6201	-1
3094.5862	-1
3101.5522	-1
3108.5183	-1
3115.4846	-1
3122.4509	-1
3129.4268	1
3136.4038	-1
3143.3811	1
3150.3584	1
3157.3367	-1
3164.3149	-1
3171.2932	-1
3178.2715	-1
3185.2590	1
3192.2478	-1
3199.2368	1
3206.2258	1
3213.2161	-1
3220.2063	-1
3227.1965	-1
3234.1868	-1
3241.1772	-1
3248.1770	1
3255.1780	-1
3262.1792	1
3269.1804	1
3276.1821	-1
3283.1838	-1
3290.1855	-1
3297.1873	-1
3304.1890	-1
3311.1907	-1
3318.1926	-1
3325.1946	-1
3332.1965	-1
3339.1985	-1
3346.2004	-1
3353.2024	-1
3360.2046	1
3367.2068	1
3374.2090	1
3381.2114	1
3388.2144	-1
3395.2173	-1
3402.2202	-1
3409.2231	-1
3416.2261	-1
3423.2290	-1
3430.2319	-1
3437.2349	-1
3444.2378	-1
3451.2407	-1
3458.2437	-1
3465.2466	-1
3472.2498	-1
3479.2529	-1
3486.2561	-1
3493.2593	-1
3500.2625	-1
3507.2656	-1
3514.2688	-1
3521.2720	-1
3528.2751	-1
3535.2783	-1
3542.2815	-1
3549.2847	-1
3556.2881	1
3563.2917	1
3570.2954	1
3577.2991	1
3584.3027	1
3591.3064	1
3598.3101	1
3605.3137	1
3612.3184	-1
3619.3230	-1
3626.3276	-1
3633.3323	-1
3640.3369	-1
3647.3416	-1
3654.3464	-1
3661.3513	-1
3668.3562	-1
3675.3611	-1
3682.3660	-1
3689.3708	-1
3696.3757	-1
3703.3806	-1
3710.3855	-1
3717.3904	-1
3724.3953	-1
3731.4001	-1
3738.4050	-1
3745.4099	-1
3752.4148	-1
3759.4197	-1
3766.4246	-1
3773.4294	-1
3780.4346	-1
3787.4397	-1
3794.4448	-1
3801.4500	-1
3808.4551	-1
3815.4602	-1
3822.4653	-1
3829.4705	-1
3836.4756	-1
3843.4807	-1
3850.4858	-1
3857.4910	-1
3864.4963	-1
3871.5017	-1
3878.5071	-1
3885.5125	-1
3892.5178	-1
3899.5232	-1
3906.5286	-1
3913.5339	-1
3920.5393	-1
3927.5447	-1
3934.5500	-1
3941.5554	-1
3948.5613	1
3955.5671	1
3962.5730	1
3969.5791	1
3976.5857	-1
3983.5925	-1
3990.5994	-1
3997.6062	-1
4004.6130	-1
4011.6199	-1
4018.6267	-1
4025.6335	-1
4032.6404	-1
4039.6472	-1
4046.6541	-1
4053.6609	-1
4060.6677	-1
4067.6748	-1
4074.6819	-1
4081.6890	-1
4088.6960	-1
4095.7031	-1
4102.7100	-1
4109.7168	-1
4116.7236	-1
4123.7402	1
4130.7578	-1
4137.7759	1
4144.7939	1
4151.8130	-1
4158.8320	-1
4165.8511	-1
4172.8701	-1
4179.8892	-1
4186.9082	-1
4193.9277	-1
4200.9473	-1
4207.9668	-1
4214.9863	-1
4222.0059	-1
4229.0254	-1
4236.0449	1
4243.0645	1
4250.0840	1
4257.1035	1
4264.1250	-1
4271.1465	-1
4278.1680	-1
4285.1895	-1
4292.2109	-1
4299.2324	-1
4306.2539	-1
4313.2754	-1
4320.2969	-1
4327.3184	-1
4334.3398	-1
4341.3613	-1
4348.3828	-1
4355.4043	-1
4362.4258	-1
4369.4473	-1
4376.4688	-1
4383.4902	-1
4390.5117	-1
4397.5332	-1
4404.5547	-1
4411.5762	-1
4418.5977	-1
4425.6191	-1
4432.6416	1
4439.6641	1
4446.6865	1
4453.7090	1
4460.7314	1
4467.7539	1
4474.7788	-1
4481.8037	-1
4488.8286	-1
4495.8535	-1
4502.8784	-1
4509.9033	-1
4516.9282	-1
4523.9531	-1
4530.9780	-1
4538.0029	-1
4545.0278	-1
4552.0527	-1
4559.0776	-1
4566.1025	-1
4573.1274	-1
4580.1523	-1
4587.1772	-1
4594.2021	-1
4601.2271	-1
4608.2520	-1
4615.2769	-1
4622.3018	-1
4629.3267	-1
4636.3516	-1
4643.3770	-1
4650.4023	-1
4657.4277	-1
4664.4531	-1
4671.4785	-1
4678.5039	-1
4685.5293	-1
4692.5547	-1
4699.5801	-1
4706.6147	1
4713.6509	-1
4720.6870	1
4727.7231	1
4734.7603	-1
4741.7974	-1
4748.8345	-1
4755.8716	-1
4762.9087	-1
4769.9458	-1
4776.9829	-1
4784.0200	-1
4791.0571	-1
4798.0942	-1
4805.1313	-1
4812.1685	-1
4819.2056	1
4826.2427	1
4833.2803	1
4840.3179	1
4847.3560	-1
4854.3940	-1
4861.4321	-1
4868.4702	-1
4875.5083	-1
4882.5464	-1
4889.5845	-1
4896.6226	-1
4903.6606	-1
4910.6987	-1
4917.7368	-1
4924.7749	-1
4931.8135	-1
4938.8521	-1
4945.8906	-1
4952.9292	-1
4959.9678	-1
4967.0063	-1
4974.0449	1
4981.0835	-1
4988.1221	-1
4995.1611	-1
5002.2002	-1
5009.2393	-1
5016.2783	-1
5023.3174	1
5030.3564	1
5037.3955	1
5044.4346	1
5051.4736	1
5058.5137	-1
5065.5537	-1
5072.5938	-1
5079.6338	-1
5086.6738	-1
5093.7139	-1
5100.7539	-1
5107.7939	-1
5114.8340	-1
5121.8740	-1
5128.9141	-1
5135.9541	-1
5142.9941	-1
5150.0342	-1
5157.0742	-1
5164.1143	-1
5171.1543	-1
5178.1943	-1
5185.2344	-1
5192.2744	-1
5199.3145	-1
5206.3550	-1
5213.3955	-1
5220.4360	-1
5227.4766	-1
5234.5171	-1
5241.5576	-1
5248.5981	-1
5255.6387	-1
5262.6792	-1
5269.7197	1
5276.7603	1
5283.8013	-1
5290.8423	-1
5297.8833	-1
5304.9243	-1
5311.9653	-1
5319.0063	-1
5326.0479	-1
5333.0894	-1
5340.1309	-1
5347.1724	-1
5354.2139	-1
5361.2554	-1
5368.2969	-1
5375.3481	1
5382.4004	-1
5389.4531	1
5396.5059	1
5403.5596	-1
5410.6133	-1
5417.6670	-1
5424.7207	-1
5431.7744	-1
5438.8281	-1
5445.8818	-1
5452.9448	1
5460.0093	-1
5467.0737	1
5474.1382	1
5481.2031	-1
5488.2681	-1
5495.3350	-1
5502.4092	1
5509.4849	-1
5516.5605	1
5523.6362	1
5530.7124	-1
5537.7886	-1
5544.8647	-1
5551.9414	-1
5559.0269	1
5566.1138	-1
5573.2007	1
5580.2876	1
5587.3755	-1
5594.4634	-1
5601.5513	-1
5608.6489	1
5615.7476	-1
5622.8467	1
5629.9458	1
5637.0454	-1
5644.1455	-1
5651.2544	1
5658.3647	-1
5665.4751	1
5672.5854	1
5679.6968	-1
5686.8081	-1
5693.9287	1
5701.0508	-1
5708.1729	1
5715.2949	1
5722.4180	-1
5729.5410	-1
5736.6641	-1
5743.7871	-1
5750.9199	1
5758.0537	-1
5765.1880	1
5772.3223	1
5779.4570	-1
5786.5918	-1
5793.7266	-1
5800.8618	-1
5808.0059	1
5815.1509	-1
5822.2964	1
5829.4419	1
5836.5884	-1
5843.7349	-1
5850.8813	-1
5858.0371	1
5865.1943	-1
5872.3516	1
5879.5088	1
5886.6675	-1
5893.8262	-1
5900.9849	-1
5908.1436	-1
5915.3022	-1
5922.4609	-1
5929.6196	-1
5936.7783	-1
5943.9370	-1
5951.0957	-1
5958.2544	-1
5965.4131	-1
5972.5718	1
5979.7310	1
5986.8911	-1
5994.0513	-1
6001.2114	-1
6008.3716	-1
6015.5317	-1
6022.6919	-1
6029.8521	-1
6037.0210	1
6044.1914	-1
6051.3618	1
6058.5327	1
6065.7041	-1
6072.8760	-1
6080.0566	1
6087.2388	-1
6094.4214	1
6101.6040	1
6108.7871	-1
6115.9702	-1
6123.1538	-1
6130.3467	1
6137.5405	-1
6144.7349	1
6151.9292	1
6159.1245	-1
6166.3198	-1
6173.5151	-1
6180.7104	-1
6187.9058	-1
6195.1011	-1
6202.2964	-1
6209.4917	-1
6216.6870	-1
6223.8921	1
6231.0986	-1
6238.3052	1
6245.5117	1
6252.7197	-1
6259.9277	-1
6267.1357	-1
6274.3438	-1
6281.5518	-1
6288.7598	-1
6295.9678	-1
6303.1758	-1
6310.3838	-1
6317.5918	-1
6324.7998	-1
6332.0078	-1
6339.2163	1
6346.4248	1
6353.6333	1
6360.8418	1
6368.0518	-1
6375.2617	-1
6382.4717	-1
6389.6816	-1
6396.8916	-1
6404.1016	-1
6411.3115	1
6418.5220	1
6425.7324	-1
6432.9429	-1
6440.1533	-1
6447.3638	-1
6454.5742	-1
6461.7847	-1
6468.9951	-1
6476.2056	-1
6483.4160	-1
6490.6265	-1
6497.8369	-1
6505.0474	-1
6512.2578	-1
6519.4683	-1
6526.6787	-1
6533.8892	-1
6541.0996	-1
6548.3101	-1
6555.5205	1
6562.7314	1
6569.9424	1
6577.1548	-1
6584.3672	-1
6591.5796	-1
6598.7920	-1
6606.0044	-1
6613.2168	-1
6620.4292	-1
6627.6416	-1
6634.8540	-1
6642.0664	-1
6649.2788	-1
6656.4912	-1
6663.7041	-1
6670.9170	-1
6678.1299	-1
6685.3428	-1
6692.5557	-1
6699.7686	-1
6706.9819	-1
6714.1953	-1
6721.4087	-1
6728.6221	-1
6735.8354	-1
6743.0488	-1
6750.2622	-1
6757.4756	-1
6764.6890	-1
6771.9023	-1
6779.1157	-1
6786.3291	-1
6793.5518	1
6800.7759	-1
6808.0000	1
6815.2241	1
6822.4492	-1
6829.6743	-1
6836.8994	-1
6844.1245	-1
6851.3496	-1
6858.5747	-1
6865.8003	-1
6873.0259	-1
6880.2515	-1
6887.4771	-1
6894.7026	-1
6901.9282	-1
6909.1538	1
6916.3794	1
6923.6050	1
6930.8306	1
6938.0581	-1
6945.2856	-1
6952.5132	-1
6959.7407	-1
6966.9683	-1
6974.1958	-1
6981.4233	-1
6988.6509	-1
6995.8784	-1
7003.1060	-1
7010.3335	-1
7017.5610	-1
7024.7891	-1
7032.0171	-1
7039.2451	-1
7046.4731	-1
7053.7012	-1
7060.9292	-1
7068.1572	1
7075.3853	1
7082.6133	-1
7089.8413	-1
7097.0693	-1
7104.2974	-1
7111.5254	-1
7118.7534	-1
7125.9824	-1
7133.2114	-1
7140.4404	-1
7147.6694	-1
7154.8984	-1
7162.1274	-1
7169.3564	-1
7176.5859	-1
7183.8242	1
7191.0640	-1
7198.3037	1
7205.5435	1
7212.7847	-1
7220.0259	-1
7227.2671	-1
7234.5083	-1
7241.7495	-1
7248.9907	-1
7256.2319	-1
7263.4731	-1
7270.7144	-1
7277.9556	-1
7285.1968	-1
7292.4380	-1
7299.6797	1
7306.9214	1
7314.1631	1
7321.4048	1
7328.6479	-1
7335.8911	-1
7343.1343	-1
7350.3774	-1
7357.6206	-1
7364.8638	-1
7372.1069	-1
7379.3501	-1
7386.5933	-1
7393.8364	-1
7401.0796	-1
7408.3228	-1
7415.5659	-1
7422.8091	-1
7430.0522	-1
7437.2954	-1
7444.5386	-1
7451.7817	-1
7459.0254	-1
7466.2690	-1
7473.5127	-1
7480.7563	-1
7488.0000	-1
7495.2437	-1
7502.4873	1
7509.7310	1
7516.9746	1
7524.2183	1
7531.4624	1
7538.7065	1
7545.9507	1
7553.1948	1
7560.4409	-1
7567.6870	-1
7574.9331	-1
7582.1792	-1
7589.4253	-1
7596.6714	-1
7603.9180	1
7611.1646	-1
7618.4111	-1
7625.6577	-1
7632.9043	-1
7640.1509	-1
7647.3975	-1
7654.6445	-1
7661.8916	-1
7669.1387	-1
7676.3857	-1
7683.6328	-1
7690.8799	-1
7698.1274	-1
7705.3750	-1
7712.6226	-1
7719.8701	-1
7727.1177	-1
7734.3652	-1
7741.6128	-1
7748.8604	-1
7756.1079	-1
7763.3555	-1
7770.6030	-1
7777.8506	-1
7785.0981	-1
7792.3457	-1
7799.5933	-1
7806.8408	-1
7814.0884	-1
7821.3359	-1
7828.5840	-1
7835.8320	-1
7843.0801	-1
7850.3281	-1
7857.5762	-1
7864.8242	-1
7872.0723	-1
7879.3203	-1
7886.5684	-1
7893.8164	-1
7901.0645	-1
7908.3125	-1
7915.5615	-1
7922.8105	-1
7930.0596	-1
7937.3086	-1
7944.5576	-1
7951.8159	1
7959.0757	-1
7966.3354	1
7973.5952	1
7980.8560	-1
7988.1167	-1
7995.3774	-1
8002.6382	-1
8009.8989	-1
8017.1597	-1
8024.4204	-1
8031.6812	-1
8038.9419	-1
8046.2026	-1
8053.4634	-1
8060.7241	-1
8067.9849	1
8075.2456	1
8082.5063	1
8089.7676	1
8097.0293	-1
8104.2910	-1
8111.5527	-1
8118.8145	-1
8126.0762	-1
8133.3379	-1
8140.6001	1
8147.8623	-1
8155.1245	-1
8162.3867	-1
8169.6489	1
8176.9111	-1
8184.1733	-1
8191.4355	-1
8198.6973	-1
8205.9590	-1
8213.2207	-1
8220.4824	-1
8227.7441	-1
8235.0059	-1
8242.2686	-1
8249.5312	-1
8256.7939	-1
8264.0566	-1
8271.3193	-1
8278.5820	-1
8285.8447	1
8293.1074	1
8300.3701	1
8307.6328	1
8314.8955	1
8322.1582	1
8329.4209	-1
8336.6836	-1
8343.9463	-1
8351.2090	-1
8358.4717	-1
8365.7344	-1
8372.9980	1
8380.2617	1
8387.5254	-1
8394.7891	-1
8402.0527	-1
8409.3164	-1
8416.5801	-1
8423.8438	-1
8431.1074	-1
8438.3711	-1
8445.6348	-1
8452.8984	-1
8460.1621	-1
8467.4258	-1
8474.6895	-1
8481.9531	-1
8489.2168	-1
8496.4805	-1
8503.7441	-1
8511.0078	-1
8518.2725	-1
8525.5371	-1
8532.8018	-1
8540.0664	-1
8547.3311	-1
8554.5957	-1
8561.8613	-1
8569.1270	-1
8576.3926	-1
8583.6582	-1
8590.9238	-1
8598.1895	-1
8605.4551	-1
8612.7207	-1
8619.9863	-1
8627.2520	-1
8634.5176	-1
8641.7832	-1
8649.0488	-1
8656.3145	-1
8663.5801	-1
8670.8457	-1
8678.1113	-1
8685.3770	-1
8692.6426	-1
8699.9082	-1
8707.1738	-1
8714.4395	-1
8721.7051	-1
8728.9707	-1
8736.2363	-1
8743.5020	-1
8750.7764	1
8758.0527	-1
8765.3291	1
8772.6055	1
8779.8828	-1
8787.1602	-1
8794.4375	-1
8801.7148	-1
8808.9922	-1
8816.2695	-1
8823.5469	-1
8830.8242	-1
8838.1016	-1
8845.3789	-1
8852.6562	-1
8859.9336	-1
8867.2109	1
8874.4883	-1
8881.7656	-1
8889.0430	-1
8896.3203	-1
8903.6074	1
8910.8955	-1
8918.1836	1
8925.4717	1
8932.7617	-1
8940.0518	-1
8947.3418	-1
8954.6318	-1
8961.9219	-1
8969.2119	-1
8976.5020	-1
8983.7920	-1
8991.0820	-1
8998.3721	-1
9005.6621	-1
9012.9521	-1
9020.2422	1
9027.5322	1
9034.8232	-1
9042.1143	-1
9049.4053	-1
9056.6963	-1
9063.9873	-1
9071.2783	-1
9078.5693	-1
9085.8604	-1
9093.1611	1
9100.4629	-1
9107.7646	1
9115.0664	1
9122.3691	-1
9129.6719	-1
9136.9746	-1
9144.2773	-1
9151.5801	-1
9158.8828	-1
9166.1855	-1
9173.4883	-1
9180.7910	-1
9188.0938	-1
9195.3965	-1
9202.6992	-1
9210.0029	1
9217.3066	1
9224.6104	1
9231.9141	1
9239.2197	-1
9246.5254	-1
9253.8311	-1
9261.1367	-1
9268.4424	-1
9275.7480	-1
9283.0537	-1
9290.3594	-1
9297.6650	-1
9304.9707	-1
9312.2764	-1
9319.5820	-1
9326.8877	1
9334.1934	1
9341.4990	1
9348.8047	1
9356.1104	-1
9363.4160	-1
9370.7217	-1
9378.0273	-1
9385.3330	-1
9392.6387	-1
9399.9443	-1
9407.2500	-1
9414.5557	-1
9421.8613	-1
9429.1670	-1
9436.4727	-1
9443.7793	1
9451.0859	1
9458.3926	1
9465.6992	1
9473.0068	-1
9480.3145	-1
9487.6221	-1
9494.9297	-1
9502.2373	-1
9509.5449	-1
9516.8525	1
9524.1611	1
9531.4697	-1
9538.7783	-1
9546.0869	-1
9553.3955	-1
9560.7041	-1
9568.0127	-1
9575.3213	1
9582.6299	1
9589.9395	-1
9597.2490	-1
9604.5586	-1
9611.8682	-1
9619.1777	-1
9626.4873	-1
9633.7969	-1
9641.1064	-1
9648.4160	-1
9655.7256	-1
9663.0352	-1
9670.3447	-1
9677.6543	1
9684.9639	1
9692.2744	1
9699.5850	1
9706.8965	-1
9714.2080	-1
9721.5195	-1
9728.8311	-1
9736.1426	-1
9743.4541	-1
9750.7656	-1
9758.0771	-1
9765.3887	-1
9772.7002	-1
9780.0117	-1
9787.3232	-1
9794.6348	-1
9801.9463	-1
9809.2578	-1
9816.5693	-1
9823.8809	-1
9831.1924	-1
9838.5039	-1
9845.8154	-1
9853.1270	-1
9860.4385	-1
9867.7500	-1
9875.0615	-1
9882.3730	1
9889.6846	1
9896.9971	1
9904.3096	1
9911.6221	1
9918.9346	1
9926.2471	1
9933.5596	1
9940.8721	-1
9948.1846	-1
9955.4971	-1
9962.8096	-1
9970.1221	-1
9977.4346	-1
9984.7480	1
9992.0625	-1
9999.3770	-1
10006.6924	-1
10014.0078	-1
10021.3232	-1
10028.6387	-1
10035.9541	-1
10043.2695	-1
10050.5850	-1
10057.9004	-1
10065.2158	-1
10072.5312	-1
10079.8467	-1
10087.1621	-1
10094.4775	-1
10101.7930	-1
10109.1084	-1
10116.4238	-1
10123.7393	-1
10131.0547	-1
10138.3701	-1
10145.6855	-1
10153.0010	-1
10160.3164	-1
10167.6328	-1
10174.9492	-1
10182.2656	-1
10189.5820	-1
10196.8984	-1
10204.2148	-1
10211.5312	-1
10218.8477	-1
10226.1641	-1
10233.4805	-1
10240.7969	-1
10248.1133	-1
10255.4316	-1
10262.7500	-1
10270.0684	-1
10277.3867	-1
10284.7051	-1
10292.0234	-1
10299.3418	-1
10306.6602	-1
10313.9785	-1
10321.2969	-1
10328.6152	-1
10335.9336	-1
10343.2520	-1
10350.5703	-1
10357.8887	-1
10365.2070	-1
10372.5254	-1
10379.8438	-1
10387.1621	-1
10394.4805	-1
10401.7988	-1
10409.1172	-1
10416.4355	-1
10423.7539	-1
10431.0732	-1
10438.3926	-1
10445.7119	-1
10453.0312	-1
10460.3506	-1
10467.6699	-1
10474.9893	-1
10482.3086	-1
10489.6279	-1
10496.9473	-1
10504.2666	-1
10511.5859	-1
10518.9053	-1
10526.2246	-1
10533.5439	-1
10540.8633	-1
10548.1826	-1
10555.5020	-1
10562.8213	-1
10570.1406	-1
10577.4600	-1
10584.7793	-1
10592.0986	-1
10599.4180	-1
10606.7373	-1
10614.0566	-1
10621.3760	-1
10628.6953	-1
10636.0146	-1
10643.3340	-1
10650.6533	-1
10657.9727	-1
10665.2920	-1
10672.6113	-1
10679.9307	-1
10687.2500	-1
10694.5791	1
10701.9092	-1
10709.2402	1
10716.5713	1
10723.9023	-1
10731.2334	-1
10738.5645	-1
10745.8955	-1
10753.2266	-1
10760.5576	-1
10767.8887	-1
10775.2197	-1
10782.5508	-1
10789.8818	-1
10797.2129	-1
10804.5439	-1
10811.8760	1
10819.2080	1
10826.5400	1
10833.8721	1
10841.2041	-1
10848.5361	-1
10855.8682	-1
10863.2002	-1
10870.5322	-1
10877.8643	-1
10885.1973	-1
10892.5303	-1
10899.8633	-1
10907.1963	-1
10914.5293	-1
10921.8623	-1
10929.1953	1
10936.5283	1
10943.8613	1
10951.1943	1
10958.5273	-1
10965.8604	-1
10973.1934	-1
10980.5264	-1
10987.8594	-1
10995.1924	-1
11002.5254	-1
11009.8584	-1
11017.1914	-1
11024.5244	-1
11031.8574	-1
11039.1904	-1
11046.5244	-1
11053.8584	-1
11061.1924	-1
11068.5264	-1
11075.8604	-1
11083.1943	-1
11090.5283	1
11097.8623	1
11105.1963	1
11112.5303	1
11119.8643	1
11127.1982	1
11134.5332	-1
11141.8682	-1
11149.2031	-1
11156.5381	-1
11163.8730	-1
11171.2080	-1
11178.5430	-1
11185.8779	-1
11193.2129	-1
11200.5479	-1
11207.8828	-1
11215.2178	-1
11222.5537	-1
11229.8896	-1
11237.2256	-1
11244.5615	-1
11251.8975	-1
11259.2334	-1
11266.5693	-1
11273.9053	-1
11281.2412	-1
11288.5771	-1
11295.9131	-1
11303.2490	-1
11310.5850	-1
11317.9209	-1
11325.2568	-1
11332.5928	-1
11339.9287	-1
11347.2646	-1
11354.6006	-1
11361.9365	-1
11369.2725	-1
11376.6084	-1
11383.9443	-1
11391.2803	-1
11398.6162	-1
11405.9521	-1
11413.2881	-1
11420.6240	-1
11427.9600	-1
11435.2959	-1
11442.6318	-1
11449.9678	-1
11457.3037	-1
11464.6396	-1
11471.9756	-1
11479.3115	-1
11486.6484	-1
11493.9854	-1
11501.3223	-1
11508.6680	1
11516.0146	-1
11523.3623	1
11530.7100	1
11538.0586	-1
11545.4072	-1
11552.7559	-1
11560.1045	-1
11567.4531	-1
11574.8018	-1
11582.1504	-1
11589.4990	-1
11596.8574	1
11604.2168	-1
11611.5762	1
11618.9355	1
11626.2959	-1
11633.6562	-1
11641.0166	-1
11648.3770	-1
11655.7373	-1
11663.0977	-1
11670.4580	-1
11677.8184	-1
11685.1787	-1
11692.5391	-1
11699.8994	-1
11707.2598	-1
11714.6211	1
11721.9824	1
11729.3438	1
11736.7051	1
11744.0674	-1
11751.4297	-1
11758.7920	-1
11766.1543	-1
11773.5166	-1
11780.8789	-1
11788.2412	-1
11795.6035	-1
11802.9658	-1
11810.3281	-1
11817.6904	-1
11825.0527	-1
11832.4160	-1
11839.7793	-1
11847.1426	-1
11854.5059	-1
11861.8691	-1
11869.2324	-1
11876.5957	-1
11883.9590	-1
11891.3223	-1
11898.6855	-1
11906.0488	-1
11913.4121	-1
11920.7754	1
11928.1387	1
11935.5020	1
11942.8652	1
11950.2285	1
11957.5918	1
11964.9551	1
11972.3193	1
11979.6846	-1
11987.0498	-1
11994.4150	-1
12001.7803	-1
12009.1455	-1
12016.5107	-1
12023.8770	-1
12031.2441	-1
12038.6113	-1
12045.9785	-1
12053.3457	-1
12060.7129	-1
12068.0801	-1
12075.4473	-1
12082.8145	-1
12090.1816	-1
12097.5488	-1
12104.9160	-1
12112.2832	1
12119.6504	-1
12127.0176	-1
12134.3848	-1
12141.7520	-1
12149.1191	-1
12156.4863	-1
12163.8535	1
12171.2207	1
12178.5879	1
12185.9551	-1
12193.3223	-1
12200.6895	-1
12208.0566	-1
12215.4238	-1
12222.7910	-1
12230.1592	1
12237.5273	1
12244.8955	1
12252.2637	1
12259.6318	-1
12267.0000	-1
12274.3682	-1
12281.7363	-1
12289.1045	-1
12296.4727	-1
12303.8408	-1
12311.2090	-1
12318.5771	-1
12325.9453	-1
12333.3135	-1
12340.6816	-1
12348.0498	-1
12355.4180	-1
12362.7861	-1
12370.1543	-1
12377.5225	-1
12384.8906	-1
12392.2598	1
12399.6299	-1
12407.0000	-1
12414.3701	-1
12421.7402	-1
12429.1104	-1
12436.4805	-1
12443.8516	-1
12451.2227	-1
12458.5938	-1
12465.9648	-1
12473.3359	-1
12480.7070	-1
12488.0791	-1
12495.4512	-1
12502.8232	-1
12510.1953	-1
12517.5674	-1
12524.9395	-1
12532.3115	-1
12539.6836	-1
12547.0557	-1
12554.4277	-1
12561.7998	-1
12569.1719	-1
12576.5439	-1
12583.9160	-1
12591.2881	-1
12598.6602	-1
12606.0322	-1
12613.4043	-1
12620.7764	-1
12628.1484	-1
12635.5205	-1
12642.8926	-1
12650.2646	-1
12657.6367	-1
12665.0088	-1
12672.3809	-1
12679.7529	-1
12687.1250	-1
12694.4971	-1
12701.8691	-1
12709.2422	-1
12716.6152	-1
12723.9883	-1
12731.3613	-1
12738.7344	-1
12746.1074	-1
12753.4805	-1
12760.8535	-1
12768.2266	-1
12775.6094	1
12782.9932	-1
12790.3770	1
12797.7607	1
12805.1465	-1
12812.5322	-1
12819.9180	-1
12827.3037	-1
12834.6895	-1
12842.0752	-1
12849.4609	-1
12856.8467	-1
12864.2324	-1
12871.6182	-1
12879.0039	-1
12886.3896	-1
12893.7754	1
12901.1611	1
12908.5479	-1
12915.9346	-1
12923.3213	-1
12930.7080	-1
12938.0947	-1
12945.4814	-1
12952.8682	-1
12960.2549	-1
12967.6514	1
12975.0488	-1
12982.4473	1
12989.8457	1
12997.2451	-1
13004.6445	-1
13012.0439	-1
13019.4434	-1
13026.8428	-1
13034.2422	-1
13041.6416	-1
13049.0410	-1
13056.4404	-1
13063.8398	-1
13071.2393	-1
13078.6387	-1
13086.0381	1
13093.4375	1
13100.8379	-1
13108.2383	-1
13115.6387	-1
13123.0391	-1
13130.4395	-1
13137.8398	-1
13145.2402	-1
13152.6406	-1
13160.0410	-1
13167.4512	1
13174.8633	-1
13182.2754	1
13189.6875	1
13197.1006	-1
13204.5137	-1
13211.9268	-1
13219.3398	-1
13226.7529	-1
13234.1660	-1
13241.5791	-1
13248.9922	-1
13256.4053	-1
13263.8184	-1
13271.2314	-1
13278.6445	-1
13286.0576	1
13293.4707	1
13300.8838	1
13308.2969	1
13315.7109	-1
13323.1250	-1
13330.5391	-1
13337.9531	-1
13345.3672	-1
13352.7812	-1
13360.1953	-1
13367.6094	-1
13375.0234	-1
13382.4375	-1
13389.8516	-1
13397.2656	-1
13404.6797	-1
13412.0938	-1
13419.5078	-1
13426.9219	-1
13434.3359	-1
13441.7500	-1
13449.1641	-1
13456.5781	-1
13463.9922	-1
13471.4062	-1
13478.8203	-1
13486.2344	-1
13493.6484	1
13501.0625	1
13508.4766	1
13515.8916	1
13523.3066	1
13530.7217	1
13538.1367	1
13545.5518	1
13552.9678	-1
13560.3838	-1
13567.7998	-1
13575.2158	-1
13582.6318	-1
13590.0479	-1
13597.4639	-1
13604.8799	-1
13612.2959	-1
13619.7119	-1
13627.1279	-1
13634.5439	-1
13641.9600	-1
13649.3760	-1
13656.7920	-1
13664.2080	-1
13671.6240	-1
13679.0400	-1
13686.4561	-1
13693.8721	-1
13701.2881	-1
13708.7041	-1
13716.1201	-1
13723.5361	-1
13730.9521	-1
13738.3682	-1
13745.7842	-1
13753.2002	-1
13760.6162	-1
13768.0322	-1
13775.4482	-1
13782.8643	-1
13790.2803	-1
13797.6963	-1
13805.1123	-1
13812.5283	-1
13819.9443	-1
13827.3604	-1
13834.7764	-1
13842.1924	-1
13849.6084	-1
13857.0244	-1
13864.4414	-1
13871.8584	-1
13879.2754	-1
13886.6924	-1
13894.1094	-1
13901.5264	-1
13908.9434	1
13916.3604	1
13923.7773	1
13931.1943	1
13938.6113	1
13946.0283	1
13953.4453	1
13960.8633	1
13968.2812	1
13975.6992	1
13983.1172	1
13990.5352	1
13997.9531	1
14005.3711	1
14012.7891	1
14020.2070	1
14027.6270	-1
14035.0469	-1
14042.4668	-1
14049.8867	-1
14057.3066	-1
14064.7266	-1
14072.1465	-1
14079.5664	-1
14086.9863	-1
14094.4062	-1
14101.8262	-1
14109.2461	-1
14116.6660	-1
14124.0859	-1
14131.5059	-1
14138.9258	-1
14146.3457	-1
14153.7656	-1
14161.1855	-1
14168.6055	-1
14176.0254	-1
14183.4453	-1
14190.8652	-1
14198.2852	-1
14205.7051	-1
14213.1260	-1
14220.5469	-1
14227.9678	-1
14235.3887	-1
14242.8096	-1
14250.2305	-1
14257.6514	-1
14265.0723	-1
14272.4932	-1
14279.9141	-1
14287.3350	-1
14294.7559	1
14302.1768	1
14309.5977	1
14317.0186	-1
14324.4395	-1
14331.8604	-1
14339.2812	-1
14346.7021	-1
14354.1230	-1
14361.5439	1
14368.9648	-1
14376.3857	-1
14383.8066	-1
14391.2275	-1
14398.6484	-1
14406.0693	-1
14413.4902	-1
14420.9111	-1
14428.3320	-1
14435.7529	-1
14443.1738	-1
14450.5947	-1
14458.0156	-1
14465.4365	-1
14472.8574	-1
14480.2783	-1
14487.6992	-1
14495.1201	-1
14502.5410	-1
14509.9619	-1
14517.3828	-1
14524.8037	-1
14532.2246	-1
14539.6455	-1
14547.0664	-1
14554.4873	-1
14561.9082	-1
14569.3291	-1
14576.7500	-1
14584.1709	-1
14591.5928	1
14599.0146	1
14606.4365	1
14613.8594	-1
14621.2822	-1
14628.7051	-1
14636.1279	-1
14643.5508	-1
14650.9736	-1
14658.3965	-1
14665.8193	-1
14673.2422	-1
14680.6650	-1
14688.0879	-1
14695.5107	-1
14702.9336	-1
14710.3564	-1
14717.7793	-1
14725.2021	-1
14732.6250	-1
14740.0479	-1
14747.4707	-1
14754.8936	-1
14762.3164	-1
14769.7393	-1
14777.1621	-1
14784.5850	-1
14792.0088	-1
14799.4326	-1
14806.8564	-1
14814.2803	-1
14821.7041	-1
14829.1279	-1
14836.5518	-1
14843.9756	-1
14851.3994	-1
14858.8232	-1
14866.2471	-1
14873.6709	-1
14881.0947	-1
14888.5186	-1
14895.9424	-1
14903.3662	-1
14910.7900	-1
14918.2139	-1
14925.6377	-1
14933.0615	-1
14940.4854	-1
14947.9092	-1
14955.3330	-1
14962.7568	-1
14970.1807	-1
14977.6045	-1
14985.0283	-1
14992.4521	-1
14999.8760	-1
15007.2998	-1
15014.7236	-1
15022.1475	-1
15029.5713	-1
15036.9951	-1
15044.4189	-1
15051.8428	-1
15059.2676	-1
15066.7021	1
15074.1377	-1
15081.5732	1
15089.0088	1
15096.4453	-1
15103.8818	-1
15111.3184	-1
15118.7549	-1
15126.1914	-1
15133.6279	-1
15141.0654	-1
15148.5029	-1
15155.9404	-1
15163.3779	-1
15170.8154	-1
15178.2529	-1
15185.6992	1
15193.1465	-1
15200.5947	1
15208.0430	1
15215.4922	-1
15222.9414	-1
15230.3906	-1
15237.8398	-1
15245.2891	-1
15252.7383	-1
15260.1875	-1
15267.6367	-1
15275.0859	-1
15282.5352	-1
15289.9844	-1
15297.4336	-1
15304.8838	1
15312.3340	1
15319.7842	1
15327.2344	1
15334.6855	-1
15342.1367	-1
15349.5879	-1
15357.0391	-1
15364.4902	-1
15371.9414	-1
15379.3926	1
15386.8438	1
15394.2959	-1
15401.7480	-1
15409.2002	-1
15416.6523	-1
15424.1045	-1
15431.5566	-1
15439.0088	-1
15446.4609	-1
15453.9131	-1
15461.3652	-1
15468.8174	-1
15476.2695	-1
15483.7217	-1
15491.1738	-1
15498.6260	-1
15506.0781	-1
15513.5303	-1
15520.9824	-1
15528.4355	1
15535.8887	1
15543.3418	1
15550.7949	1
15558.2480	1
15565.7012	1
15573.1543	-1
15580.6074	-1
15588.0605	-1
15595.5137	-1
15602.9668	-1
15610.4199	-1
15617.8740	1
15625.3281	1
15632.7822	-1
15640.2363	-1
15647.6904	-1
15655.1445	-1
15662.5986	-1
15670.0527	-1
15677.5078	1
15684.9629	1
15692.4189	-1
15699.8750	-1
15707.3311	-1
15714.7871	-1
15722.2432	-1
15729.6992	-1
15737.1562	-1
15744.6133	-1
15752.0703	-1
15759.5273	-1
15766.9844	-1
15774.4414	-1
15781.8984	-1
15789.3555	-1
15796.8125	-1
15804.2695	-1
15811.7266	-1
15819.1836	-1
15826.6416	-1
15834.0996	-1
15841.5576	-1
15849.0156	-1
15856.4736	-1
15863.9316	-1
15871.3896	-1
15878.8477	-1
15886.3057	-1
15893.7637	-1
15901.2217	-1
15908.6797	-1
15916.1377	-1
15923.5957	-1
15931.0537	-1
15938.5117	-1
15945.9697	-1
15953.4277	-1
15960.8857	-1
15968.3438	-1
15975.8018	-1
15983.2598	-1
15990.7178	-1
15998.1758	-1
16005.6338	-1
16013.0918	-1
16020.5498	-1
16028.0078	-1
16035.4658	-1
16042.9238	-1
16050.3828	1
16057.8418	1
16065.3008	1
16072.7598	1
16080.2188	1
16087.6777	1
16095.1367	1
16102.5957	1
16110.0547	1
16117.5137	1
16124.9727	1
16132.4316	1
16139.8906	1
16147.3496	1
16154.8086	1
16162.2676	1
16169.7266	-1
16177.1855	-1
16184.6445	-1
16192.1035	-1
16199.5625	-1
16207.0215	-1
16214.4814	-1
16221.9414	-1
16229.4014	-1
16236.8613	-1
16244.3213	-1
16251.7812	-1
16259.2412	1
16266.7012	1
16274.1611	1
16281.6211	1
16289.0850	-1
16296.5488	-1
16304.0127	-1
16311.4766	-1
16318.9404	-1
16326.4043	-1
16333.8682	-1
16341.3320	-1
16348.7959	-1
16356.2598	-1
16363.7236	-1
16371.1875	-1
16378.6514	-1
16386.1152	-1
16393.5801	-1
16401.0449	-1
16408.5098	-1
16415.9746	-1
16423.4395	-1
16430.9043	-1
16438.3691	-1
16445.8340	-1
16453.2988	-1
16460.7637	-1
16468.2285	1
16475.6934	1
16483.1602	1
16490.6270	1
16498.0938	1
16505.5605	1
16513.0273	1
16520.4941	1
16527.9609	-1
16535.4277	-1
16542.8945	-1
16550.3613	-1
16557.8281	-1
16565.2949	-1
16572.7637	1
16580.2324	-1
16587.7012	-1
16595.1699	-1
16602.6387	-1
16610.1074	1
16617.5762	-1
16625.0449	-1
16632.5137	-1
16639.9824	-1
16647.4512	-1
16654.9199	-1
16662.3887	-1
16669.8574	-1
16677.3262	-1
16684.7949	-1
16692.2637	-1
16699.7324	-1
16707.2012	-1
16714.6699	-1
16722.1387	-1
16729.6074	-1
16737.0762	-1
16744.5449	-1
16752.0137	-1
16759.4824	-1
16766.9512	1
16774.4199	-1
16781.8887	-1
16789.3574	-1
16796.8262	-1
16804.2949	-1
16811.7637	-1
16819.2324	-1
16826.7012	-1
16834.1699	-1
16841.6387	-1
16849.1074	-1
16856.5762	-1
16864.0449	-1
16871.5137	-1
16878.9824	-1
16886.4512	-1
16893.9199	-1
16901.3887	-1
16908.8574	-1
16916.3262	-1
16923.7949	-1
16931.2637	-1
16938.7324	-1
16946.2012	-1
16953.6699	-1
16961.1387	-1
16968.6074	-1
16976.0762	-1
16983.5449	-1
16991.0137	-1
16998.4824	-1
17005.9512	-1
17013.4199	-1
17020.8887	-1
17028.3574	-1
17035.8262	-1
17043.2949	-1
17050.7637	-1
17058.2324	-1
17065.7012	-1
17073.1699	-1
17080.6387	-1
17088.1094	-1
17095.5801	-1
17103.0508	-1
17110.5215	-1
17117.9922	-1
17125.4629	-1
17132.9336	-1
17140.4043	-1
17147.8750	-1
17155.3457	-1
17162.8164	-1
17170.2871	-1
17177.7578	-1
17185.2285	-1
17192.6992	-1
17200.1699	-1
17207.6406	-1
17215.1113	-1
17222.5820	-1
17230.0527	-1
17237.5234	-1
17244.9941	-1
17252.4648	-1
17259.9355	-1
17267.4082	1
17274.8809	1
17282.3535	1
17289.8262	1
17297.2988	1
17304.7715	1
17312.2441	1
17319.7168	1
17327.1895	1
17334.6621	1
17342.1367	-1
17349.6113	-1
17357.0859	-1
17364.5625	-1
17372.0391	-1
17379.5156	-1
17386.9922	-1
17394.4688	-1
17401.9453	-1
17409.4219	-1
17416.8984	-1
17424.3750	-1
17431.8516	-1
17439.3281	-1
17446.8047	-1
17454.2812	-1
17461.7578	-1
17469.2344	-1
17476.7109	-1
17484.1875	-1
17491.6641	-1
17499.1406	-1
17506.6172	-1
17514.0938	-1
17521.5703	-1
17529.0469	-1
17536.5234	-1
17544.0000	-1
17551.4766	-1
17558.9531	-1
17566.4297	-1
17573.9062	-1
17581.3828	-1
17588.8594	-1
17596.3359	-1
17603.8125	-1
17611.2891	-1
17618.7656	-1
17626.2422	-1
17633.7188	-1
17641.1953	-1
17648.6719	-1
17656.1484	-1
17663.6250	-1
17671.1016	-1
17678.5781	-1
17686.0547	-1
17693.5312	-1
17701.0078	-1
17708.4844	-1
17715.9609	-1
17723.4375	-1
17730.9141	-1
17738.3906	-1
17745.8672	-1
17753.3438	-1
17760.8203	-1
17768.2969	-1
17775.7734	-1
17783.2500	-1
17790.7266	-1
17798.2031	-1
17805.6797	-1
17813.1562	-1
17820.6328	-1
17828.1094	-1
17835.5879	-1
17843.0664	-1
17850.5449	-1
17858.0234	-1
17865.5020	-1
17872.9805	-1
17880.4609	-1
17887.9414	-1
17895.4219	-1
17902.9023	-1
17910.3828	-1
17917.8633	-1
17925.3438	-1
17932.8242	-1
17940.3047	-1
17947.7852	-1
17955.2656	-1
17962.7461	-1
17970.2266	-1
17977.7070	-1
17985.1875	-1
17992.6680	-1
18000.1484	-1
18007.6289	-1
18015.1094	-1
18022.5898	-1
18030.0703	-1
18037.5508	-1
18045.0312	-1
18052.5117	-1
18059.9922	-1
18067.4727	-1
18074.9531	-1
18082.4336	-1
18089.9141	-1
18097.3945	-1
18104.8750	-1
18112.3555	-1
18119.8359	-1
18127.3164	-1
18134.7969	-1
18142.2773	-1
18149.7578	-1
18157.2383	-1
18164.7188	-1
18172.1992	-1
18179.6797	-1
18187.1602	-1
18194.6406	-1
18202.1211	-1
18209.6016	-1
18217.0820	-1
18224.5625	-1
18232.0430	-1
18239.5234	-1
18247.0039	-1
18254.4844	-1
18261.9648	-1
18269.4551	1
18276.9473	-1
18284.4395	1
18291.9316	1
18299.4238	-1
18306.9160	-1
18314.4082	-1
18321.9004	-1
18329.3926	-1
18336.8848	-1
18344.3770	-1
18351.8691	-1
18359.3613	-1
18366.8535	-1
18374.3457	-1
18381.8379	-1
18389.3301	1
18396.8242	1
18404.3184	1
18411.8125	1
18419.3066	-1
18426.8008	-1
18434.2949	-1
18441.7891	-1
18449.2832	-1
18456.7773	-1
18464.2715	-1
18471.7656	-1
18479.2598	-1
18486.7539	-1
18494.2480	-1
18501.7422	-1
18509.2363	-1
18516.7305	-1
18524.2246	-1
18531.7188	-1
18539.2129	-1
18546.7070	-1
18554.2012	-1
18561.6953	-1
18569.1895	-1
18576.6836	-1
18584.1777	-1
18591.6719	-1
18599.1660	1
18606.6602	-1
18614.1543	-1
18621.6484	-1
18629.1426	-1
18636.6465	1
18644.1523	-1
18651.6582	1
18659.1641	1
18666.6699	-1
18674.1758	-1
18681.6816	-1
18689.1973	1
18696.7148	-1
18704.2324	1
18711.7500	1
18719.2676	-1
18726.7852	-1
18734.3125	1
18741.8418	-1
18749.3711	1
18756.9004	1
18764.4297	-1
18771.9590	-1
18779.4883	-1
18787.0176	-1
18794.5469	-1
18802.0762	-1
18809.6055	-1
18817.1348	-1
18824.6641	-1
18832.1934	-1
18839.7227	-1
18847.2520	-1
18854.7812	1
18862.3105	1
18869.8398	1
18877.3691	1
18884.9004	-1
18892.4316	-1
18899.9629	-1
18907.4941	-1
18915.0254	-1
18922.5566	-1
18930.0879	-1
18937.6191	-1
18945.1504	-1
18952.6816	-1
18960.2129	-1
18967.7441	-1
18975.2754	-1
18982.8066	-1
18990.3379	-1
18997.8691	-1
19005.4004	-1
19012.9316	-1
19020.4629	-1
19027.9941	-1
19035.5332	1
19043.0742	-1
19050.6152	1
19058.1562	1
19065.6992	-1
19073.2422	-1
19080.7852	-1
19088.3281	-1
19095.8711	-1
19103.4141	-1
19110.9570	-1
19118.5000	-1
19126.0430	-1
19133.5938	1
19141.1465	-1
19148.6992	1
19156.2520	1
19163.8047	-1
19171.3574	-1
19178.9121	-1
19186.4746	1
19194.0391	-1
19201.6035	1
19209.1680	1
19216.7324	-1
19224.2969	-1
19231.8711	1
19239.4473	-1
19247.0234	1
19254.5996	1
19262.1758	-1
19269.7520	-1
19277.3379	1
19284.9258	-1
19292.5137	1
19300.1016	1
19307.6895	-1
19315.2773	-1
19322.8750	1
19330.4746	-1
19338.0742	1
19345.6738	1
19353.2734	-1
19360.8730	-1
19368.4824	1
19376.0938	-1
19383.7051	1
19391.3164	1
19398.9297	-1
19406.5430	-1
19414.1562	-1
19421.7695	-1
19429.3828	-1
19436.9961	-1
19444.6094	-1
19452.2227	-1
19459.8359	-1
19467.4492	-1
19475.0625	-1
19482.6758	-1
19490.2891	1
19497.9023	1
19505.5156	1
19513.1289	1
19520.7441	-1
19528.3594	-1
19535.9746	-1
19543.5898	-1
19551.2051	-1
19558.8203	-1
19566.4355	-1
19574.0508	-1
19581.6660	-1
19589.2812	-1
19596.8965	-1
19604.5117	-1
19612.1270	-1
19619.7422	-1
19627.3574	-1
19634.9727	-1
19642.5879	-1
19650.2031	-1
19657.8184	-1
19665.4336	-1
19673.0488	-1
19680.6641	-1
19688.2793	-1
19695.8945	-1
19703.5098	1
19711.1250	1
19718.7402	1
19726.3555	1
19733.9707	1
19741.5859	1
19749.2012	1
19756.8184	-1
19764.4355	-1
19772.0527	-1
19779.6699	-1
19787.2871	-1
19794.9043	-1
19802.5215	-1
19810.1387	-1
19817.7559	-1
19825.3730	-1
19832.9902	-1
19840.6074	-1
19848.2246	-1
19855.8418	-1
19863.4590	-1
19871.0762	-1
19878.6934	-1
19886.3105	-1
19893.9297	-1
19901.5488	-1
19909.1680	-1
19916.7871	-1
19924.4062	-1
19932.0254	-1
19939.6445	-1
19947.2637	-1
19954.8828	-1
19962.5020	-1
19970.1211	-1
19977.7402	-1
19985.3594	-1
19992.9785	-1
20000.5977	-1
20008.2168	-1
20015.8359	-1
20023.4551	-1
20031.0742	-1
20038.6934	-1
20046.3125	-1
20053.9375	-1
20061.5625	1
20069.1914	1
20076.8223	-1
20084.4531	1
20092.0840	1
20099.7148	-1
20107.3477	-1
20114.9883	1
20122.6309	-1
20130.2734	1
20137.9160	1
20145.5586	-1
20153.2012	-1
20160.8438	-1
20168.4863	-1
20176.1289	-1
20183.7715	-1
20191.4141	-1
20199.0566	-1
20206.6992	-1
20214.3418	-1
20221.9844	-1
20229.6270	-1
20237.2695	1
20244.9141	1
20252.5586	1
20260.2031	1
20267.8477	-1
20275.4922	-1
20283.1367	-1
20290.7812	-1
20298.4258	-1
20306.0703	-1
20313.7148	-1
20321.3594	-1
20329.0039	-1
20336.6484	-1
20344.2930	-1
20351.9375	-1
20359.5820	-1
20367.2266	-1
20374.8711	-1
20382.5156	-1
20390.1602	-1
20397.8047	-1
20405.4492	-1
20413.0938	-1
20420.7383	-1
20428.3828	-1
20436.0273	-1
20443.6719	-1
20451.3164	1
20458.9609	1
20466.6074	-1
20474.2539	-1
20481.9004	-1
20489.5469	-1
20497.1934	-1
20504.8398	-1
20512.4863	-1
20520.1406	1
20527.7969	-1
20535.4531	1
20543.1094	1
20550.7656	-1
20558.4219	-1
20566.0781	-1
20573.7344	-1
20581.3906	-1
20589.0469	-1
20596.7031	-1
20604.3594	-1
20612.0156	-1
20619.6719	-1
20627.3281	-1
20634.9844	-1
20642.6426	1
20650.3008	1
20657.9590	1
20665.6172	1
20673.2754	-1
20680.9336	-1
20688.5918	-1
20696.2500	-1
20703.9082	-1
20711.5664	-1
20719.2246	1
20726.8828	1
20734.5410	-1
20742.1992	-1
20749.8574	-1
20757.5156	-1
20765.1738	-1
20772.8320	-1
20780.4902	-1
20788.1484	1
20795.8066	-1
20803.4648	-1
20811.1230	-1
20818.7812	-1
20826.4395	-1
20834.0977	1
20841.7559	-1
20849.4141	-1
20857.0723	-1
20864.7305	-1
20872.3887	-1
20880.0469	-1
20887.7070	1
20895.3672	1
20903.0273	1
20910.6875	1
20918.3477	-1
20926.0078	-1
20933.6680	-1
20941.3281	-1
20948.9883	-1
20956.6484	-1
20964.3086	-1
20971.9688	-1
20979.6289	-1
20987.2891	-1
20994.9492	-1
21002.6094	-1
21010.2695	-1
21017.9297	-1
21025.5898	-1
21033.2500	-1
21040.9102	-1
21048.5703	-1
21056.2305	-1
21063.8906	-1
21071.5508	-1
21079.2109	-1
21086.8711	-1
21094.5312	-1
21102.1914	-1
21109.8516	-1
21117.5117	-1
21125.1719	-1
21132.8320	-1
21140.4922	-1
21148.1523	-1
21155.8125	-1
21163.4727	-1
21171.1328	-1
21178.7930	-1
21186.4531	-1
21194.1152	1
21201.7773	1
21209.4395	1
21217.1016	-1
21224.7637	-1
21232.4258	-1
21240.0879	-1
21247.7500	-1
21255.4121	-1
21263.0742	1
21270.7363	-1
21278.3984	-1
21286.0605	-1
21293.7227	-1
21301.3848	-1
21309.0469	-1
21316.7090	-1
21324.3711	-1
21332.0332	-1
21339.6953	-1
21347.3574	-1
21355.0195	-1
21362.6816	-1
21370.3438	-1
21378.0059	-1
21385.6680	-1
21393.3301	-1
21400.9922	-1
21408.6543	-1
21416.3164	-1
21423.9785	-1
21431.6406	-1
21439.3047	-1
21446.9688	-1
21454.6328	-1
21462.3047	1
21469.9785	-1
21477.6523	1
21485.3262	1
21493.0020	-1
21500.6777	-1
21508.3613	1
21516.0469	-1
21523.7324	1
21531.4180	1
21539.1035	-1
21546.7891	-1
21554.4844	1
21562.1816	-1
21569.8789	1
21577.5762	1
21585.2734	-1
21592.9707	-1
21600.6777	1
21608.3848	-1
21616.0938	1
21623.8027	1
21631.5117	-1
21639.2207	-1
21646.9395	1
21654.6582	-1
21662.3770	1
21670.0957	1
21677.8164	-1
21685.5371	-1
21693.2656	1
21700.9961	-1
21708.7266	1
21716.4570	1
21724.1895	-1
21731.9219	-1
21739.6543	-1
21747.3945	1
21755.1367	-1
21762.8789	1
21770.6211	1
21778.3652	-1
21786.1094	-1
21793.8535	-1
21801.6055	1
21809.3594	-1
21817.1133	1
21824.8672	1
21832.6230	-1
21840.3789	-1
21848.1426	1
21855.9082	-1
21863.6738	1
21871.4395	1
21879.2051	-1
21886.9707	-1
21894.7363	-1
21902.5117	1
21910.2891	-1
21918.0664	1
21925.8438	1
21933.6211	-1
21941.3984	-1
21949.1758	-1
21956.9629	1
21964.7520	-1
21972.5410	1
21980.3301	1
21988.1191	-1
21995.9082	-1
22003.7070	1
22011.5078	-1
22019.3086	1
22027.1094	1
22034.9102	-1
22042.7109	-1
22050.5215	1
22058.3340	-1
22066.1465	1
22073.9590	1
22081.7715	-1
22089.5840	-1
22097.3965	-1
22105.2090	-1
22113.0215	-1
22120.8340	-1
22128.6465	-1
22136.4590	-1
22144.2715	-1
22152.0840	-1
22159.8965	-1
22167.7090	-1
22175.5234	1
22183.3379	1
22191.1523	1
22198.9668	1
22206.7812	-1
22214.5957	-1
22222.4102	-1
22230.2246	-1
22238.0391	-1
22245.8535	-1
22253.6680	-1
22261.4824	-1
22269.2969	-1
22277.1113	-1
22284.9258	-1
22292.7402	-1
22300.5547	-1
22308.3691	-1
22316.1836	-1
22323.9980	-1
22331.8125	-1
22339.6270	-1
22347.4414	-1
22355.2559	-1
22363.0703	-1
22370.8848	-1
22378.6992	-1
22386.5137	-1
22394.3281	1
22402.1426	1
22409.9590	-1
22417.7754	-1
22425.5918	-1
22433.4082	-1
22441.2246	-1
22449.0410	-1
22456.8574	-1
22464.6738	-1
22472.4902	-1
22480.3066	-1
22488.1230	-1
22495.9473	1
22503.7734	-1
22511.5996	1
22519.4258	1
22527.2539	-1
22535.0820	-1
22542.9102	-1
22550.7383	-1
22558.5664	-1
22566.3945	-1
22574.2227	-1
22582.0508	-1
22589.8789	-1
22597.7070	-1
22605.5352	-1
22613.3633	-1
22621.1914	1
22629.0195	1
22636.8477	1
22644.6777	-1
22652.5078	-1
22660.3379	-1
22668.1680	-1
22675.9980	-1
22683.8281	-1
22691.6582	-1
22699.4883	-1
22707.3184	-1
22715.1484	-1
22722.9785	-1
22730.8086	-1
22738.6387	-1
22746.4766	1
22754.3164	-1
22762.1562	1
22769.9961	1
22777.8379	-1
22785.6797	-1
22793.5215	-1
22801.3633	-1
22809.2051	-1
22817.0469	-1
22824.8887	-1
22832.7305	-1
22840.5723	-1
22848.4141	-1
22856.2559	-1
22864.0977	-1
22871.9395	1
22879.7812	1
22887.6230	1
22895.4648	1
22903.3086	-1
22911.1523	-1
22918.9961	-1
22926.8398	-1
22934.6836	-1
22942.5273	-1
22950.3711	-1
22958.2148	-1
22966.0586	-1
22973.9023	-1
22981.7461	-1
22989.5898	-1
22997.4336	-1
23005.2773	-1
23013.1211	-1
23020.9648	-1
23028.8086	-1
23036.6523	-1
23044.4961	-1
23052.3398	-1
23060.1836	-1
23068.0273	-1
23075.8711	-1
23083.7148	-1
23091.5586	1
23099.4023	1
23107.2461	1
23115.0898	1
23122.9336	1
23130.7773	1
23138.6211	1
23146.4648	1
23154.3125	-1
23162.1602	-1
23170.0078	-1
23177.8555	-1
23185.7031	-1
23193.5508	-1
23201.3984	-1
23209.2461	-1
23217.0938	-1
23224.9414	-1
23232.7891	-1
23240.6367	-1
23248.4844	-1
23256.3320	-1
23264.1797	-1
23272.0273	-1
23279.8750	-1
23287.7227	-1
23295.5703	-1
23303.4180	-1
23311.2656	-1
23319.1133	-1
23326.9609	-1
23334.8086	-1
23342.6562	-1
23350.5039	-1
23358.3516	-1
23366.1992	-1
23374.0469	-1
23381.8945	-1
23389.7422	-1
23397.5898	-1
23405.4375	-1
23413.2852	-1
23421.1328	-1
23428.9805	-1
23436.8281	1
23444.6758	1
23452.5234	1
23460.3711	-1
23468.2188	1
23476.0664	-1
23483.9141	-1
23491.7617	-1
23499.6094	-1
23507.4570	-1
23515.3047	-1
23523.1523	-1
23531.0000	-1
23538.8477	-1
23546.6953	-1
23554.5430	-1
23562.3926	1
23570.2422	1
23578.0918	1
23585.9414	1
23593.7910	1
23601.6406	1
23609.4902	1
23617.3398	1
23625.1895	1
23633.0391	1
23640.8887	1
23648.7383	1
23656.5898	-1
23664.4414	-1
23672.2930	-1
23680.1445	-1
23687.9961	-1
23695.8477	-1
23703.6992	-1
23711.5508	-1
23719.4023	-1
23727.2539	-1
23735.1055	-1
23742.9570	-1
23750.8086	-1
23758.6602	-1
23766.5117	-1
23774.3633	-1
23782.2148	-1
23790.0664	-1
23797.9180	-1
23805.7695	-1
23813.6211	-1
23821.4727	-1
23829.3242	-1
23837.1758	-1
23845.0273	1
23852.8789	1
23860.7305	1
23868.5820	1
23876.4355	1
23884.2891	1
23892.1426	1
23899.9961	1
23907.8496	-1
23915.7031	-1
23923.5566	-1
23931.4102	-1
23939.2637	-1
23947.1172	-1
23954.9727	1
23962.8281	1
23970.6836	-1
23978.5391	-1
23986.3945	-1
23994.2500	-1
24002.1055	-1
24009.9609	-1
24017.8164	-1
24025.6719	-1
24033.5273	-1
24041.3828	-1
24049.2383	-1
24057.0938	-1
24064.9492	-1
24072.8047	-1
24080.6602	-1
24088.5156	-1
24096.3711	-1
24104.2266	-1
24112.0820	-1
24119.9375	-1
24127.7930	-1
24135.6484	-1
24143.5039	-1
24151.3594	-1
24159.2148	-1
24167.0703	-1
24174.9258	-1
24182.7832	-1
24190.6406	-1
24198.4980	-1
24206.3555	-1
24214.2129	-1
24222.0703	-1
24229.9277	-1
24237.7852	-1
24245.6426	-1
24253.5000	-1
24261.3574	-1
24269.2148	-1
24277.0723	-1
24284.9297	-1
24292.7871	-1
24300.6445	1
24308.5020	1
24316.3594	1
24324.2168	1
24332.0762	1
24339.9355	1
24347.7949	-1
24355.6543	-1
24363.5137	-1
24371.3730	-1
24379.2324	-1
24387.0918	-1
24394.9512	1
24402.8105	1
24410.6699	1
24418.5293	1
24426.3887	-1
24434.2480	-1
24442.1074	-1
24449.9668	-1
24457.8262	-1
24465.6855	-1
24473.5469	-1
24481.4082	-1
24489.2695	-1
24497.1309	-1
24504.9922	-1
24512.8535	-1
24520.7148	-1
24528.5762	-1
24536.4375	-1
24544.2988	-1
24552.1602	-1
24560.0215	-1
24567.8828	-1
24575.7441	-1
24583.6055	-1
24591.4668	-1
24599.3281	-1
24607.1895	-1
24615.0508	-1
24622.9121	-1
24630.7734	-1
24638.6348	-1
24646.4961	-1
24654.3574	-1
24662.2188	-1
24670.0801	-1
24677.9414	-1
24685.8027	-1
24693.6641	-1
24701.5254	-1
24709.3867	-1
24717.2480	-1
24725.1094	-1
24732.9707	-1
24740.8320	-1
24748.6934	-1
24756.5547	-1
24764.4160	-1
24772.2773	-1
24780.1387	-1
24788.0000	-1
24795.8613	-1
24803.7227	-1
24811.5840	-1
24819.4453	-1
24827.3066	-1
24835.1680	-1
24843.0293	-1
24850.8906	-1
24858.7520	-1
24866.6133	-1
24874.4746	-1
24882.3359	-1
24890.1973	-1
24898.0586	-1
24905.9199	-1
24913.7812	-1
24921.6426	-1
24929.5039	-1
24937.3652	-1
24945.2266	-1
24953.0879	-1
24960.9492	-1
24968.8105	-1
24976.6719	-1
24984.5332	-1
24992.3984	-1
25000.2637	-1
25008.1289	-1
25015.9941	-1
25023.8594	-1
25031.7246	-1
25039.5898	-1
25047.4551	-1
25055.3203	-1
25063.1855	-1
25071.0508	-1
25078.9160	-1
25086.7812	-1
25094.6465	-1
25102.5117	-1
25110.3770	-1
25118.2422	-1
25126.1074	-1
25133.9727	-1
25141.8379	-1
25149.7031	-1
25157.5684	-1
25165.4336	-1
25173.2988	-1
25181.1641	-1
25189.0293	-1
25196.8945	-1
25204.7598	-1
25212.6250	-1
25220.4902	-1
25228.3555	-1
25236.2227	-1
25244.0898	-1
25251.9570	-1
25259.8242	-1
25267.6914	-1
25275.5586	-1
25283.4258	-1
25291.2930	-1
25299.1602	-1
25307.0273	-1
25314.8945	-1
25322.7617	-1
25330.6289	-1
25338.4961	-1
25346.3633	-1
25354.2305	-1
25362.0977	-1
25369.9648	-1
25377.8320	-1
25385.6992	-1
25393.5664	-1
25401.4336	-1
25409.3008	-1
25417.1680	-1
25425.0352	-1
25432.9023	-1
25440.7695	-1
25448.6367	-1
25456.5039	-1
25464.3711	-1
25472.2383	-1
25480.1055	-1
25487.9727	-1
25503.8340	1
25519.6953	-1
