0.0000	0
0.0007	-1
0.4003	888
0.5496	888
0.5854	888
0.6278	888
0.6588	888
0.7685	888
0.8355	888
0.9372	888
0.9485	888
0.9993	888
1.0239	888
1.0283	888
1.0969	888
1.1116	888
1.1297	888
1.1637	888
1.1739	888
1.2674	888
1.2901	888
1.3310	888
1.3315	888
1.3469	888
1.3513	888
1.3741	888
1.3749	888
1.4505	888
1.4720	888
1.4793	888
1.4914	888
1.5534	888
1.5659	888
1.6251	888
1.6284	888
1.6939	888
1.7618	888
1.7897	888
1.8183	888
1.8252	888
1.8545	888
1.8728	888
1.8837	888
1.9107	888
1.9209	888
2.0187	888
2.0923	888
2.1471	888
2.1808	888
2.1843	888
2.3536	888
2.3703	888
2.4050	888
2.5005	888
2.5341	888
2.5348	888
2.5892	888
2.6044	888
2.7417	888
2.7928	-888
2.8054	888
2.8173	888
2.8333	888
2.8705	888
2.9159	888
3.1214	888
3.2100	888
3.3322	1
3.3901	888
3.4630	888
3.5147	888
4.0628	888
6.6654	-1
9.9990	1
13.3327	1
16.6674	-1
20.0022	-1
23.3371	-1
26.6857	1
30.0361	-1
33.3869	1
36.7377	1
40.0896	-1
43.4416	-1
46.7936	-1
50.1456	-1
53.4977	-1
56.8497	-1
60.2018	-1
63.5539	-1
66.9060	-1
70.2707	1
73.6368	-1
77.0033	1
80.3698	1
83.7375	-1
87.1052	-1
90.4728	-1
93.8405	-1
97.2082	-1
100.5759	-1
103.9437	-1
107.3115	-1
110.6794	-1
114.0472	-1
117.4150	-1
120.7829	-1
124.1510	1
127.5192	1
130.8884	-1
134.2576	-1
137.6267	-1
140.9959	-1
144.3651	-1
147.7342	-1
151.1035	-1
154.4728	-1
157.8420	-1
161.2114	-1
164.5807	-1
167.9641	1
171.3491	-1
174.7344	1
178.1198	1
181.5061	-1
184.8923	-1
188.2785	-1
191.6648	-1
195.0511	-1
198.4379	-1
201.8391	1
205.2419	-1
208.6452	1
212.0486	1
215.4535	-1
218.8583	-1
222.2632	-1
225.6680	-1
229.0729	-1
232.4778	-1
235.8827	-1
239.2877	-1
242.6927	-1
246.0977	-1
249.5027	-1
252.9077	-1
256.3130	1
259.7186	1
263.1241	1
266.5297	1
269.9369	-1
273.3440	-1
276.7512	-1
280.1584	-1
283.5655	-1
286.9727	-1
290.3800	-1
293.7873	-1
297.1947	-1
300.6020	-1
304.0094	-1
307.4167	-1
310.8242	-1
314.2317	-1
317.6391	-1
321.0466	-1
324.4541	-1
327.8615	-1
331.2691	-1
334.6767	-1
338.0843	-1
341.4919	-1
344.8995	-1
348.3071	-1
351.7150	1
355.1229	1
358.5309	1
361.9389	1
365.3484	-1
368.7580	-1
372.1675	-1
375.5771	-1
378.9866	-1
382.3962	-1
385.8058	-1
389.2155	-1
392.6252	-1
396.0349	-1
399.4445	-1
402.8542	-1
406.2640	-1
409.6738	-1
413.0836	-1
416.4934	-1
419.9033	-1
423.3131	-1
426.7235	-1
430.1339	-1
433.5443	-1
436.9547	-1
440.3820	1
443.8111	-1
447.2406	1
450.6701	1
454.1008	-1
457.5314	-1
460.9621	-1
464.3928	-1
467.8234	-1
471.2541	-1
474.6848	-1
478.1156	-1
481.5464	-1
484.9771	-1
488.4261	1
491.8766	-1
495.3274	1
498.7783	1
502.2302	-1
505.6821	-1
509.1340	-1
512.5859	-1
516.0378	-1
519.4897	-1
522.9556	1
526.4239	-1
529.8930	1
533.3622	1
536.8330	-1
540.3038	-1
543.7747	-1
547.2455	-1
550.7163	-1
554.1871	-1
557.6581	-1
561.1290	-1
564.6000	-1
568.0709	-1
571.5419	-1
575.0128	-1
578.4842	1
581.9556	1
585.4271	1
588.8986	1
592.3715	-1
595.8443	-1
599.3171	-1
602.7900	-1
606.2628	-1
609.7357	-1
613.2097	1
616.6837	1
620.1578	-1
623.6320	-1
627.1061	-1
630.5803	-1
634.0545	-1
637.5287	-1
641.0031	-1
644.4774	-1
647.9518	-1
651.4261	-1
654.9005	-1
658.3749	-1
661.8494	-1
665.3240	-1
668.7985	-1
672.2731	-1
675.7476	-1
679.2222	-1
682.6971	1
686.1721	1
689.6471	1
693.1222	1
696.5974	1
700.0725	1
703.5491	-1
707.0256	-1
710.5022	-1
713.9788	-1
717.4553	-1
720.9319	-1
724.4097	-1
727.8875	-1
731.3652	-1
734.8430	-1
738.3209	-1
741.7987	-1
745.2766	-1
748.7546	-1
752.2325	-1
755.7105	-1
759.1885	-1
762.6664	-1
766.1445	1
769.6227	1
773.1015	1
776.5805	-1
780.0595	-1
783.5385	-1
787.0175	-1
790.4965	-1
793.9755	-1
797.4547	-1
800.9338	-1
804.4129	-1
807.8920	-1
811.3712	-1
814.8503	-1
818.3295	1
821.8088	-1
825.2881	-1
828.7675	-1
832.2468	-1
835.7261	-1
839.2054	-1
842.6847	1
846.1641	1
849.6442	1
853.1245	1
856.6061	-1
860.0877	-1
863.5693	-1
867.0510	-1
870.5326	-1
874.0142	-1
877.4960	-1
880.9778	-1
884.4597	-1
887.9415	-1
891.4233	-1
894.9051	-1
898.3870	1
901.8689	1
905.3508	1
908.8328	1
912.3154	1
915.7980	1
919.2809	1
922.7639	1
926.2493	-1
929.7346	-1
933.2200	-1
936.7053	-1
940.1907	-1
943.6760	-1
947.1615	-1
950.6470	-1
954.1325	-1
957.6180	-1
961.1036	-1
964.5891	-1
968.0748	-1
971.5604	-1
975.0461	-1
978.5317	-1
982.0174	-1
985.5031	-1
988.9888	-1
992.4745	-1
995.9603	-1
999.4461	-1
1002.9319	-1
1006.4177	-1
1009.9036	-1
1013.3895	-1
1016.8754	-1
1020.3613	-1
1023.8472	-1
1027.3330	-1
1030.8191	-1
1034.3052	-1
1037.7914	-1
1041.2776	-1
1044.7638	-1
1048.2500	-1
1051.7365	-1
1055.2229	1
1058.7094	-1
1062.1958	-1
1065.6823	-1
1069.1688	-1
1072.6554	-1
1076.1420	1
1079.6285	1
1083.1151	1
1086.6030	1
1090.0909	1
1093.5789	1
1097.0669	1
1100.5549	-1
1104.0430	-1
1107.5310	-1
1111.0190	-1
1114.5071	-1
1117.9951	1
1121.4832	-1
1124.9712	1
1128.4594	1
1131.9475	1
1135.4357	1
1138.9238	1
1142.4124	1
1145.9010	1
1149.3911	-1
1152.8812	-1
1156.3713	-1
1159.8615	-1
1163.3516	-1
1166.8417	-1
1170.3319	-1
1173.8221	-1
1177.3124	-1
1180.8026	-1
1184.2928	-1
1187.7831	-1
1191.2734	-1
1194.7638	-1
1198.2542	-1
1201.7445	-1
1205.2349	-1
1208.7252	-1
1212.2157	-1
1215.7062	-1
1219.1968	-1
1222.6874	-1
1226.1780	-1
1229.6686	-1
1233.1608	1
1236.6530	1
1240.1451	1
1243.6375	1
1247.1298	1
1250.6222	1
1254.1146	1
1257.6071	1
1261.1024	-1
1264.5978	-1
1268.0931	-1
1271.5886	-1
1275.0841	-1
1278.5796	-1
1282.0752	-1
1285.5708	-1
1289.0664	-1
1292.5620	-1
1296.0576	-1
1299.5532	-1
1303.0490	-1
1306.5447	-1
1310.0404	-1
1313.5361	-1
1317.0319	-1
1320.5276	-1
1324.0234	-1
1327.5193	-1
1331.0151	-1
1334.5110	-1
1338.0068	-1
1341.5027	-1
1344.9987	-1
1348.4946	-1
1351.9906	-1
1355.4866	-1
1358.9825	-1
1362.4785	-1
1365.9746	-1
1369.4707	-1
1372.9668	-1
1376.4629	-1
1379.9590	-1
1383.4551	-1
1386.9513	-1
1390.4475	-1
1393.9437	-1
1397.4399	-1
1400.9362	-1
1404.4324	-1
1407.9286	-1
1411.4248	-1
1414.9210	-1
1418.4172	-1
1421.9135	-1
1425.4097	-1
1428.9060	-1
1432.4023	-1
1435.8987	-1
1439.3950	-1
1442.8914	-1
1446.3877	-1
1449.8861	1
1453.3845	1
1456.8829	1
1460.3815	1
1463.8800	1
1467.3785	1
1470.8771	1
1474.3756	1
1477.8743	1
1481.3729	1
1484.8716	1
1488.3704	1
1491.8691	1
1495.3679	1
1498.8668	1
1502.3657	1
1505.8646	1
1509.3636	1
1512.8645	-1
1516.3654	-1
1519.8662	-1
1523.3672	-1
1526.8682	-1
1530.3691	-1
1533.8702	-1
1537.3713	-1
1540.8724	-1
1544.3735	-1
1547.8746	-1
1551.3757	-1
1554.8770	-1
1558.3782	-1
1561.8794	-1
1565.3807	-1
1568.8821	-1
1572.3834	-1
1575.8849	-1
1579.3864	-1
1582.8878	-1
1586.3893	-1
1589.8907	-1
1593.3922	-1
1596.8939	-1
1600.3956	-1
1603.8973	-1
1607.3990	-1
1610.9008	-1
1614.4025	-1
1617.9043	-1
1621.4061	-1
1624.9080	-1
1628.4098	-1
1631.9116	-1
1635.4135	-1
1638.9154	-1
1642.4174	-1
1645.9193	-1
1649.4213	-1
1652.9232	-1
1656.4252	-1
1659.9274	-1
1663.4296	-1
1666.9318	-1
1670.4340	-1
1673.9362	-1
1677.4384	-1
1680.9419	1
1684.4456	1
1687.9492	1
1691.4530	1
1694.9568	1
1698.4611	1
1701.9653	1
1705.4697	1
1708.9742	1
1712.4806	-1
1715.9869	-1
1719.4933	-1
1722.9996	-1
1726.5060	-1
1730.0123	-1
1733.5189	-1
1737.0255	-1
1740.5321	-1
1744.0387	-1
1747.5453	-1
1751.0519	-1
1754.5587	-1
1758.0656	-1
1761.5724	-1
1765.0792	-1
1768.5861	-1
1772.0929	-1
1775.5999	-1
1779.1068	-1
1782.6138	-1
1786.1207	-1
1789.6277	-1
1793.1346	-1
1796.6417	-1
1800.1488	-1
1803.6559	-1
1807.1631	-1
1810.6703	-1
1814.1775	-1
1817.6849	-1
1821.1924	-1
1824.6998	-1
1828.2073	-1
1831.7147	-1
1835.2222	-1
1838.7297	-1
1842.2373	-1
1845.7449	-1
1849.2524	-1
1852.7600	-1
1856.2676	-1
1859.7754	-1
1863.2832	-1
1866.7910	-1
1870.2988	-1
1873.8066	-1
1877.3145	-1
1880.8224	-1
1884.3303	-1
1887.8383	-1
1891.3462	-1
1894.8541	-1
1898.3621	-1
1901.8734	-1
1905.3848	-1
1908.8961	-1
1912.4075	-1
1915.9188	-1
1919.4302	-1
1922.9418	-1
1926.4534	-1
1929.9650	-1
1933.4766	-1
1936.9882	-1
1940.4998	-1
1944.0115	-1
1947.5232	-1
1951.0349	-1
1954.5466	-1
1958.0583	-1
1961.5701	-1
1965.0820	-1
1968.5940	-1
1972.1060	-1
1975.6179	-1
1979.1299	-1
1982.6418	-1
1986.1539	-1
1989.6660	-1
1993.1781	-1
1996.6902	-1
2000.2023	-1
2003.7144	-1
2007.2267	-1
2010.7390	-1
2014.2513	-1
2017.7637	-1
2021.2760	-1
2024.7883	-1
2028.3008	-1
2031.8132	-1
2035.3257	-1
2038.8381	-1
2042.3506	-1
2045.8630	-1
2049.3757	-1
2052.8884	-1
2056.4011	-1
2059.9138	-1
2063.4265	-1
2066.9392	-1
2070.4521	-1
2073.9651	-1
2077.4780	-1
2080.9910	-1
2084.5039	-1
2088.0168	-1
2091.5298	-1
2095.0427	-1
2098.5557	-1
2102.0686	-1
2105.5815	-1
2109.0945	-1
2112.6099	-1
2116.1252	-1
2119.6406	-1
2123.1560	-1
2126.6714	-1
2130.1868	-1
2133.7024	-1
2137.2180	-1
2140.7336	-1
2144.2493	-1
2147.7649	-1
2151.2805	-1
2154.7961	-1
2158.3118	-1
2161.8274	-1
2165.3430	-1
2168.8586	-1
2172.3743	-1
2175.8901	-1
2179.4060	-1
2182.9219	-1
2186.4377	-1
2189.9536	-1
2193.4695	-1
2196.9854	-1
2200.5012	-1
2204.0171	-1
2207.5330	-1
2211.0488	-1
2214.5647	-1
2218.0813	-1
2221.5979	-1
2225.1145	-1
2228.6311	-1
2232.1477	-1
2235.6643	-1
2239.1812	-1
2242.6980	-1
2246.2148	-1
2249.7317	-1
2253.2485	-1
2256.7654	-1
2260.2822	-1
2263.7991	-1
2267.3159	-1
2270.8328	-1
2274.3496	-1
2277.8665	-1
2281.3857	-1
2284.9050	-1
2288.4243	-1
2291.9436	-1
2295.4629	-1
2298.9822	-1
2302.5017	-1
2306.0212	-1
2309.5408	-1
2313.0603	-1
2316.5798	-1
2320.0994	-1
2323.6191	-1
2327.1389	-1
2330.6587	-1
2334.1785	-1
2337.6982	-1
2341.2180	-1
2344.7378	-1
2348.2576	-1
2351.7773	-1
2355.2971	-1
2358.8169	-1
2362.3367	-1
2365.8582	-1
2369.3796	-1
2372.9011	-1
2376.4226	-1
2379.9441	-1
2383.4656	-1
2386.9871	-1
2390.5085	-1
2394.0300	-1
2397.5515	-1
2401.0730	-1
2404.5945	-1
2408.1162	-1
2411.6379	-1
2415.1597	-1
2418.6814	-1
2422.2031	-1
2425.7249	-1
2429.2466	-1
2432.7683	-1
2436.2900	-1
2439.8118	-1
2443.3335	-1
2446.8552	-1
2450.3772	-1
2453.8992	-1
2457.4211	-1
2460.9431	-1
2464.4651	-1
2467.9871	-1
2471.5090	-1
2475.0312	-1
2478.5535	-1
2482.0757	-1
2485.5979	-1
2489.1201	-1
2492.6436	-1
2496.1670	-1
2499.6904	-1
2503.2139	-1
2506.7512	1
2510.2903	-1
2513.8298	1
2517.3696	1
2520.9106	-1
2524.4517	-1
2527.9927	-1
2531.5337	-1
2535.0747	-1
2538.6157	-1
2542.1570	-1
2545.6982	-1
2549.2395	-1
2552.7808	-1
2556.3220	-1
2559.8633	-1
2563.4050	1
2566.9468	1
2570.4888	1
2574.0308	1
2577.5742	-1
2581.1177	-1
2584.6611	-1
2588.2046	-1
2591.7480	-1
2595.2915	-1
2598.8352	-1
2602.3789	-1
2605.9226	-1
2609.4663	-1
2613.0100	-1
2616.5537	-1
2620.0974	-1
2623.6411	-1
2627.1848	-1
2630.7285	-1
2634.2722	-1
2637.8159	-1
2641.3599	-1
2644.9038	-1
2648.4478	-1
2651.9917	-1
2655.5356	-1
2659.0796	-1
2662.6238	1
2666.1680	1
2669.7126	1
2673.2573	1
2676.8022	1
2680.3472	1
2683.8921	1
2687.4370	1
2690.9829	-1
2694.5288	-1
2698.0747	-1
2701.6206	-1
2705.1665	-1
2708.7124	-1
2712.2585	1
2715.8069	-1
2719.3552	-1
2722.9036	-1
2726.4519	-1
2730.0002	-1
2733.5486	-1
2737.0972	-1
2740.6458	-1
2744.1943	-1
2747.7429	-1
2751.2915	-1
2754.8401	-1
2758.3887	-1
2761.9373	-1
2765.4858	-1
2769.0344	-1
2772.5830	-1
2776.1316	-1
2779.6804	-1
2783.2292	-1
2786.7781	-1
2790.3269	-1
2793.8757	-1
2797.4246	-1
2800.9734	-1
2804.5222	-1
2808.0710	-1
2811.6199	-1
2815.1687	-1
2818.7175	-1
2822.2666	-1
2825.8157	-1
2829.3647	-1
2832.9138	-1
2836.4629	-1
2840.0120	-1
2843.5610	-1
2847.1101	-1
2850.6592	-1
2854.2083	-1
2857.7573	-1
2861.3064	-1
2864.8569	1
2868.4075	1
2871.9580	1
2875.5085	1
2879.0591	1
2882.6099	1
2886.1606	1
2889.7114	1
2893.2622	1
2896.8130	1
2900.3638	1
2903.9148	1
2907.4658	1
2911.0168	1
2914.5679	1
2918.1199	-1
2921.6719	-1
2925.2239	-1
2928.7759	-1
2932.3279	-1
2935.8799	-1
2939.4331	1
2942.9863	1
2946.5403	-1
2950.0942	-1
2953.6484	-1
2957.2026	-1
2960.7568	-1
2964.3110	-1
2967.8655	1
2971.4204	1
2974.9775	-1
2978.5347	-1
2982.0918	-1
2985.6489	-1
2989.2061	-1
2992.7632	-1
2996.3203	-1
2999.8774	-1
3003.4346	-1
3006.9917	-1
3010.5488	-1
3014.1060	-1
3017.6633	-1
3021.2207	-1
3024.7781	-1
3028.3354	-1
3031.8928	-1
3035.4502	-1
3039.0076	-1
3042.5649	-1
3046.1223	-1
3049.6797	-1
3053.2371	-1
3056.7944	-1
3060.3530	1
3063.9116	1
3067.4702	1
3071.0288	1
3074.5879	1
3078.1470	1
3081.7063	1
3085.2656	1
3088.8252	-1
3092.3848	-1
3095.9443	-1
3099.5039	-1
3103.0635	-1
3106.6230	-1
3110.1829	-1
3113.7427	-1
3117.3025	-1
3120.8623	-1
3124.4221	-1
3127.9819	-1
3131.5420	-1
3135.1021	-1
3138.6621	-1
3142.2222	-1
3145.7822	-1
3149.3423	-1
3152.9023	-1
3156.4626	-1
3160.0229	-1
3163.5833	-1
3167.1436	-1
3170.7039	-1
3174.2644	-1
3177.8250	-1
3181.3855	-1
3184.9460	-1
3188.5066	-1
3192.0671	-1
3195.6277	-1
3199.1882	-1
3202.7488	-1
3206.3093	-1
3209.8699	-1
3213.4304	-1
3216.9912	-1
3220.5520	-1
3224.1128	-1
3227.6736	-1
3231.2344	-1
3234.7952	-1
3238.3562	-1
3241.9172	-1
3245.4783	-1
3249.0393	-1
3252.6003	-1
3256.1614	-1
3259.7224	-1
3263.2834	-1
3266.8445	-1
3270.4055	-1
3273.9666	-1
3277.5276	-1
3281.0889	-1
3284.6501	-1
3288.2114	-1
3291.7727	-1
3295.3340	-1
3298.8953	-1
3302.4580	1
3306.0210	1
3309.5840	1
3313.1470	-1
3316.7100	-1
3320.2729	-1
3323.8359	-1
3327.3989	-1
3330.9619	-1
3334.5251	-1
3338.0884	-1
3341.6516	-1
3345.2148	-1
3348.7781	-1
3352.3413	-1
3355.9048	-1
3359.4683	-1
3363.0317	-1
3366.5952	-1
3370.1587	-1
3373.7222	-1
3377.2859	-1
3380.8496	-1
3384.4133	-1
3387.9771	-1
3391.5408	-1
3395.1045	-1
3398.6699	-1
3402.2354	-1
3405.8008	-1
3409.3662	-1
3412.9316	-1
3416.4971	-1
3420.0632	-1
3423.6294	-1
3427.1956	-1
3430.7617	-1
3434.3279	-1
3437.8940	-1
3441.4604	-1
3445.0269	-1
3448.5933	-1
3452.1597	-1
3455.7261	-1
3459.2925	-1
3462.8589	-1
3466.4253	-1
3469.9917	-1
3473.5581	-1
3477.1245	-1
3480.6909	-1
3484.2595	-1
3487.8281	-1
3491.3967	-1
3494.9653	-1
3498.5339	-1
3502.1025	-1
3505.6711	-1
3509.2397	-1
3512.8083	-1
3516.3770	-1
3519.9456	-1
3523.5142	-1
3527.0830	-1
3530.6519	-1
3534.2207	-1
3537.7896	-1
3541.3584	-1
3544.9272	-1
3548.4961	-1
3552.0649	-1
3555.6338	-1
3559.2026	-1
3562.7715	-1
3566.3403	-1
3569.9094	-1
3573.4785	-1
3577.0476	-1
3580.6167	-1
3584.1858	-1
3587.7549	-1
3591.3245	-1
3594.8940	-1
3598.4636	-1
3602.0332	-1
3605.6028	-1
3609.1724	-1
3612.7419	-1
3616.3115	-1
3619.8811	-1
3623.4507	-1
3627.0347	1
3630.6204	-1
3634.2065	1
3637.7927	1
3641.3804	-1
3644.9680	-1
3648.5557	-1
3652.1433	-1
3655.7310	-1
3659.3186	-1
3662.9062	-1
3666.4939	-1
3670.0967	1
3673.7014	-1
3677.3064	1
3680.9116	1
3684.5181	-1
3688.1245	-1
3691.7310	-1
3695.3374	-1
3698.9438	-1
3702.5503	-1
3706.1567	-1
3709.7632	-1
3713.3699	-1
3716.9766	-1
3720.5833	-1
3724.1899	-1
3727.7969	1
3731.4048	-1
3735.0127	-1
3738.6206	-1
3742.2285	-1
3745.8364	-1
3749.4443	-1
3753.0679	1
3756.6934	-1
3760.3193	1
3763.9453	1
3767.5720	-1
3771.1987	-1
3774.8254	-1
3778.4521	-1
3782.0789	-1
3785.7056	-1
3789.3325	-1
3792.9595	-1
3796.5864	-1
3800.2134	-1
3803.8403	-1
3807.4814	1
3811.1240	-1
3814.7671	1
3818.4102	1
3822.0547	-1
3825.6992	-1
3829.3438	-1
3832.9883	-1
3836.6328	-1
3840.2773	-1
3843.9221	-1
3847.5669	-1
3851.2117	-1
3854.8564	-1
3858.5012	-1
3862.1460	-1
3865.7910	1
3869.4360	1
3873.0813	1
3876.7266	1
3880.3738	-1
3884.0210	-1
3887.6682	-1
3891.3154	-1
3894.9626	-1
3898.6099	-1
3902.2576	1
3905.9053	1
3909.5532	-1
3913.2012	-1
3916.8491	-1
3920.4971	-1
3924.1450	-1
3927.7930	-1
3931.4412	-1
3935.0894	-1
3938.7375	-1
3942.3857	-1
3946.0339	-1
3949.6821	-1
3953.3303	-1
3956.9785	-1
3960.6270	-1
3964.2754	-1
3967.9238	-1
3971.5723	-1
3975.2214	-1
3978.8706	-1
3982.5198	-1
3986.1689	-1
3989.8181	-1
3993.4673	-1
3997.1165	1
4000.7656	1
4004.4150	1
4008.0645	1
4011.7139	1
4015.3633	1
4019.0129	-1
4022.6626	-1
4026.3123	-1
4029.9619	-1
4033.6116	-1
4037.2612	-1
4040.9116	1
4044.5623	1
4048.2129	1
4051.8635	1
4055.5159	-1
4059.1682	-1
4062.8206	-1
4066.4729	-1
4070.1252	-1
4073.7776	-1
4077.4302	-1
4081.0828	-1
4084.7354	-1
4088.3879	-1
4092.0405	-1
4095.6931	-1
4099.3472	-1
4103.0010	-1
4106.6548	-1
4110.3086	-1
4113.9624	-1
4117.6162	-1
4121.2700	-1
4124.9238	-1
4128.5776	-1
4132.2314	-1
4135.8853	-1
4139.5391	-1
4143.1934	-1
4146.8477	-1
4150.5020	-1
4154.1562	-1
4157.8105	-1
4161.4648	-1
4165.1191	-1
4168.7734	-1
4172.4277	-1
4176.0820	-1
4179.7363	-1
4183.3906	-1
4187.0449	1
4190.6992	1
4194.3535	1
4198.0078	1
4201.6631	-1
4205.3184	-1
4208.9736	-1
4212.6289	-1
4216.2842	-1
4219.9395	-1
4223.5947	1
4227.2500	1
4230.9053	-1
4234.5605	-1
4238.2158	-1
4241.8711	-1
4245.5264	-1
4249.1816	1
4252.8369	-1
4256.4922	1
4260.1479	1
4263.8037	1
4267.4595	1
4271.1152	-1
4274.7710	-1
4278.4268	-1
4282.0825	-1
4285.7383	-1
4289.3940	-1
4293.0498	1
4296.7056	-1
4300.3613	-1
4304.0171	-1
4307.6729	-1
4311.3286	-1
4314.9844	-1
4318.6406	1
4322.2969	1
4325.9536	1
4329.6104	1
4333.2690	-1
4336.9277	-1
4340.5864	-1
4344.2451	-1
4347.9038	-1
4351.5625	-1
4355.2212	-1
4358.8799	-1
4362.5386	-1
4366.1973	-1
4369.8560	-1
4373.5146	-1
4377.1733	-1
4380.8320	-1
4384.4907	-1
4388.1494	-1
4391.8081	-1
4395.4668	-1
4399.1294	-1
4402.7920	-1
4406.4551	-1
4410.1182	-1
4413.7812	-1
4417.4443	-1
4421.1074	-1
4424.7705	-1
4428.4336	-1
4432.0967	-1
4435.7598	-1
4439.4229	-1
4443.0859	-1
4446.7490	-1
4450.4121	-1
4454.0752	-1
4457.7383	-1
4461.4014	-1
4465.0645	-1
4468.7275	-1
4472.3906	-1
4476.0537	-1
4479.7168	-1
4483.3799	-1
4487.0430	-1
4490.7065	-1
4494.3701	-1
4498.0337	-1
4501.6973	-1
4505.3608	-1
4509.0244	-1
4512.6880	-1
4516.3516	-1
4520.0151	-1
4523.6787	-1
4527.3423	-1
4531.0059	-1
4534.6694	-1
4538.3330	-1
4541.9966	-1
4545.6602	-1
4549.3237	-1
4552.9873	-1
4556.6509	-1
4560.3145	-1
4563.9780	-1
4567.6416	-1
4571.3052	-1
4574.9692	-1
4578.6333	-1
4582.2974	-1
4585.9614	-1
4589.6255	-1
4593.2896	-1
4596.9536	-1
4600.6177	-1
4604.2817	-1
4607.9458	-1
4611.6099	-1
4615.2739	-1
4618.9380	-1
4622.6021	-1
4626.2661	-1
4629.9302	-1
4633.5942	-1
4637.2583	-1
4640.9224	-1
4644.5864	-1
4648.2505	-1
4651.9146	-1
4655.5786	-1
4659.2427	-1
4662.9067	-1
4666.5708	-1
4670.2505	1
4673.9316	-1
4677.6133	1
4681.2949	1
4684.9775	-1
4688.6602	-1
4692.3433	-1
4696.0381	1
4699.7344	-1
4703.4316	1
4707.1289	1
4710.8267	-1
4714.5244	-1
4718.2222	-1
4721.9199	-1
4725.6182	-1
4729.3237	1
4733.0356	1
4736.7495	-1
4740.4634	1
4744.1772	1
4747.8921	-1
4751.6069	-1
4755.3218	-1
4759.0366	-1
4762.7515	-1
4766.4663	-1
4770.1812	-1
4773.8960	-1
4777.6108	-1
4781.3257	-1
4785.0405	-1
4788.7554	-1
4792.4707	1
4796.1860	1
4799.9019	-1
4803.6177	-1
4807.3335	-1
4811.0493	-1
4814.7651	-1
4818.4810	-1
4822.1973	-1
4825.9136	-1
4829.6426	1
4833.3730	-1
4837.1040	1
4840.8350	1
4844.5669	-1
4848.2988	-1
4852.0308	-1
4855.7627	-1
4859.4946	-1
4863.2266	-1
4866.9585	-1
4870.6904	-1
4874.4224	-1
4878.1543	-1
4881.8862	-1
4885.6182	-1
4889.3506	1
4893.0830	1
4896.8154	1
4900.5479	1
4904.2812	-1
4908.0146	-1
4911.7480	-1
4915.4814	-1
4919.2148	-1
4922.9482	-1
4926.6816	-1
4930.4150	-1
4934.1484	-1
4937.8818	-1
4941.6152	-1
4945.3486	-1
4949.0825	-1
4952.8164	-1
4956.5503	-1
4960.2842	-1
4964.0181	-1
4967.7520	-1
4971.4858	1
4975.2197	1
4978.9536	1
4982.6880	1
4986.4224	1
4990.1567	-1
4993.8911	-1
4997.6255	-1
5001.3599	-1
5005.0942	-1
5008.8286	-1
5012.5630	1
5016.2979	1
5020.0327	-1
5023.7676	-1
5027.5024	-1
5031.2373	-1
5034.9722	-1
5038.7070	-1
5042.4424	1
5046.1782	1
5049.9141	1
5053.6499	-1
5057.3857	-1
5061.1216	-1
5064.8574	-1
5068.5933	-1
5072.3291	-1
5076.0654	-1
5079.8018	-1
5083.5381	-1
5087.2744	-1
5091.0107	-1
5094.7471	-1
5098.4839	1
5102.2207	1
5105.9575	1
5109.6943	1
5113.4316	-1
5117.1689	-1
5120.9062	-1
5124.6436	-1
5128.3809	-1
5132.1182	-1
5135.8555	-1
5139.5928	-1
5143.3301	-1
5147.0674	-1
5150.8047	-1
5154.5420	-1
5158.2793	-1
5162.0166	-1
5165.7539	-1
5169.4912	-1
5173.2285	-1
5176.9658	-1
5180.7036	-1
5184.4414	-1
5188.1792	-1
5191.9170	-1
5195.6548	-1
5199.3926	-1
5203.1309	1
5206.8691	1
5210.6079	-1
5214.3467	-1
5218.0854	-1
5221.8242	-1
5225.5630	-1
5229.3018	-1
5233.0405	-1
5236.7793	-1
5240.5181	-1
5244.2568	-1
5247.9956	-1
5251.7344	-1
5255.4736	-1
5259.2129	-1
5262.9521	-1
5266.6914	-1
5270.4307	-1
5274.1699	-1
5277.9092	-1
5281.6484	-1
5285.3877	-1
5289.1270	-1
5292.8662	-1
5296.6055	-1
5300.3447	-1
5304.0840	-1
5307.8232	-1
5311.5625	-1
5315.3018	-1
5319.0410	-1
5322.7803	1
5326.5195	1
5330.2598	-1
5334.0000	-1
5337.7402	-1
5341.4805	-1
5345.2207	-1
5348.9609	-1
5352.7017	-1
5356.4424	-1
5360.1831	-1
5363.9238	-1
5367.6646	-1
5371.4053	-1
5375.1460	-1
5378.8867	-1
5382.6274	-1
5386.3682	-1
5390.1089	-1
5393.8496	-1
5397.5913	-1
5401.3330	-1
5405.0747	-1
5408.8164	-1
5412.5581	-1
5416.2998	-1
5420.0415	-1
5423.7832	-1
5427.5249	-1
5431.2666	-1
5435.0083	-1
5438.7500	-1
5442.4917	-1
5446.2334	-1
5449.9751	-1
5453.7295	1
5457.4854	-1
5461.2417	1
5464.9980	1
5468.7554	-1
5472.5132	-1
5476.2710	-1
5480.0288	-1
5483.7866	-1
5487.5444	-1
5491.3022	-1
5495.0601	-1
5498.8179	-1
5502.5879	1
5506.3594	-1
5510.1313	1
5513.9033	1
5517.6758	-1
5521.4482	-1
5525.2207	-1
5528.9932	-1
5532.7656	-1
5536.5381	-1
5540.3110	-1
5544.0967	1
5547.8838	-1
5551.6714	1
5555.4590	1
5559.2471	-1
5563.0352	-1
5566.8232	-1
5570.6113	-1
5574.3999	-1
5578.1997	1
5582.0010	-1
5585.8027	1
5589.6045	1
5593.4072	-1
5597.2100	-1
5601.0127	-1
5604.8154	-1
5608.6182	-1
5612.4209	-1
5616.2236	-1
5620.0264	-1
5623.8291	-1
5627.6318	-1
5631.4346	-1
5635.2373	-1
5639.0405	1
5642.8438	1
5646.6470	1
5650.4502	1
5654.2549	-1
5658.0596	-1
5661.8643	-1
5665.6689	-1
5669.4736	-1
5673.2783	-1
5677.0830	-1
5680.8877	-1
5684.6924	-1
5688.4971	-1
5692.3018	-1
5696.1064	-1
5699.9111	-1
5703.7158	-1
5707.5205	-1
5711.3252	-1
5715.1299	-1
5718.9346	-1
5722.7397	1
5726.5449	1
5730.3501	-1
5734.1553	1
5737.9604	-1
5741.7656	-1
5745.5708	-1
5749.3760	-1
5753.1812	-1
5756.9863	1
5760.7915	1
5764.5972	1
5768.4038	1
5772.2104	1
5776.0176	-1
5779.8247	-1
5783.6318	-1
5787.4390	-1
5791.2461	-1
5795.0532	-1
5798.8604	-1
5802.6675	-1
5806.4746	-1
5810.2817	-1
5814.0889	-1
5817.8960	-1
5821.7036	-1
5825.5112	-1
5829.3188	-1
5833.1265	-1
5836.9341	-1
5840.7417	-1
5844.5498	1
5848.3579	1
5852.1660	1
5855.9741	-1
5859.7822	1
5863.5903	-1
5867.3984	-1
5871.2065	-1
5875.0146	-1
5878.8228	-1
5882.6318	-1
5886.4409	-1
5890.2500	-1
5894.0591	-1
5897.8682	-1
5901.6772	-1
5905.4863	-1
5909.2954	-1
5913.1045	-1
5916.9136	-1
5920.7227	-1
5924.5317	-1
5928.3413	1
5932.1509	1
5935.9604	1
5939.7710	-1
5943.5815	-1
5947.3921	-1
5951.2026	-1
5955.0132	-1
5958.8237	-1
5962.6343	-1
5966.4448	-1
5970.2554	-1
5974.0659	-1
5977.8765	-1
5981.6870	-1
5985.4990	-1
5989.3110	-1
5993.1230	-1
5996.9351	-1
6000.7471	-1
6004.5591	-1
6008.3716	-1
6012.1841	-1
6015.9966	-1
6019.8091	-1
6023.6216	-1
6027.4341	-1
6031.2466	-1
6035.0591	-1
6038.8716	-1
6042.6841	-1
6046.4966	-1
6050.3091	-1
6054.1216	-1
6057.9341	-1
6061.7466	-1
6065.5591	-1
6069.3716	-1
6073.1841	-1
6076.9976	-1
6080.8110	-1
6084.6245	-1
6088.4380	-1
6092.2515	-1
6096.0649	-1
6099.8784	-1
6103.6919	-1
6107.5054	-1
6111.3188	-1
6115.1323	-1
6118.9458	-1
6122.7593	-1
6126.5728	-1
6130.3862	-1
6134.1997	-1
6138.0132	-1
6141.8394	1
6145.6670	-1
6149.4951	1
6153.3232	1
6157.1523	-1
6160.9814	-1
6164.8105	-1
6168.6396	-1
6172.4688	-1
6176.2979	-1
6180.1270	-1
6183.9561	-1
6187.7852	-1
6191.6143	-1
6195.4434	-1
6199.2725	-1
6203.1021	1
6206.9316	1
6210.7612	1
6214.5908	1
6218.4214	-1
6222.2520	-1
6226.0825	-1
6229.9131	-1
6233.7437	-1
6237.5742	-1
6241.4048	-1
6245.2354	-1
6249.0659	-1
6252.8965	-1
6256.7271	-1
6260.5576	-1
6264.3882	-1
6268.2188	-1
6272.0493	-1
6275.8799	-1
6279.7109	-1
6283.5420	-1
6287.3730	-1
6291.2041	-1
6295.0352	-1
6298.8662	-1
6302.6973	-1
6306.5283	-1
6310.3599	1
6314.1914	1
6318.0229	1
6321.8545	1
6325.6860	1
6329.5176	1
6333.3491	1
6337.1807	1
6341.0132	-1
6344.8457	-1
6348.6782	-1
6352.5107	-1
6356.3433	-1
6360.1758	-1
6364.0088	-1
6367.8418	-1
6371.6748	-1
6375.5078	-1
6379.3408	-1
6383.1738	-1
6387.0073	-1
6390.8408	-1
6394.6743	-1
6398.5078	-1
6402.3413	-1
6406.1748	-1
6410.0088	-1
6413.8428	-1
6417.6768	-1
6421.5107	-1
6425.3447	-1
6429.1787	-1
6433.0127	-1
6436.8467	-1
6440.6807	-1
6444.5146	-1
6448.3486	-1
6452.1826	-1
6456.0166	1
6459.8506	1
6463.6846	-1
6467.5186	-1
6471.3525	-1
6475.1865	-1
6479.0205	-1
6482.8545	-1
6486.6885	1
6490.5225	1
6494.3564	-1
6498.1904	-1
6502.0244	-1
6505.8584	-1
6509.6924	-1
6513.5264	-1
6517.3608	-1
6521.1953	-1
6525.0298	-1
6528.8643	-1
6532.6987	-1
6536.5332	-1
6540.3682	1
6544.2031	1
6548.0386	1
6551.8740	1
6555.7095	1
6559.5449	-1
6563.3804	-1
6567.2158	-1
6571.0513	-1
6574.8867	-1
6578.7222	-1
6582.5581	-1
6586.3940	-1
6590.2300	-1
6594.0659	-1
6597.9019	-1
6601.7378	-1
6605.5742	-1
6609.4106	-1
6613.2471	-1
6617.0835	-1
6620.9199	-1
6624.7563	-1
6628.5933	-1
6632.4302	-1
6636.2671	-1
6640.1040	-1
6643.9409	-1
6647.7778	-1
6651.6147	-1
6655.4517	-1
6659.2886	-1
6663.1255	-1
6666.9624	-1
6670.7993	-1
6674.6372	-1
6678.4751	-1
6682.3130	-1
6686.1509	-1
6689.9888	-1
6693.8267	-1
6697.6646	-1
6701.5024	-1
6705.3403	-1
6709.1782	-1
6713.0161	-1
6716.8540	-1
6720.6924	-1
6724.5308	-1
6728.3691	-1
6732.2075	-1
6736.0459	-1
6739.8843	-1
6743.7227	-1
6747.5610	-1
6751.3994	-1
6755.2378	-1
6759.0889	1
6762.9409	-1
6766.7935	1
6770.6460	1
6774.4995	-1
6778.3530	-1
6782.2065	-1
6786.0601	-1
6789.9136	-1
6793.7671	-1
6797.6211	-1
6801.4751	-1
6805.3291	-1
6809.1831	-1
6813.0371	-1
6816.8911	-1
6820.7456	1
6824.6001	1
6828.4546	1
6832.3091	1
6836.1646	-1
6840.0200	-1
6843.8755	-1
6847.7310	-1
6851.5864	-1
6855.4419	-1
6859.2979	-1
6863.1538	-1
6867.0098	-1
6870.8657	-1
6874.7217	-1
6878.5776	-1
6882.4341	1
6886.2905	1
6890.1470	-1
6894.0034	-1
6897.8599	-1
6901.7163	-1
6905.5728	-1
6909.4292	-1
6913.2861	-1
6917.1431	-1
6921.0000	-1
6924.8569	-1
6928.7139	-1
6932.5708	-1
6936.4277	1
6940.2847	1
6944.1421	1
6947.9995	1
6951.8569	1
6955.7144	1
6959.5732	-1
6963.4321	-1
6967.2910	-1
6971.1499	-1
6975.0088	-1
6978.8677	-1
6982.7271	-1
6986.5864	-1
6990.4458	-1
6994.3052	-1
6998.1646	-1
7002.0239	-1
7005.8833	1
7009.7427	1
7013.6025	-1
7017.4624	-1
7021.3223	-1
7025.1821	-1
7029.0420	-1
7032.9019	-1
7036.7617	-1
7040.6216	-1
7044.4814	-1
7048.3413	-1
7052.2012	-1
7056.0610	-1
7059.9214	1
7063.7817	1
7067.6421	1
7071.5029	1
7075.3638	1
7079.2251	1
7083.0864	-1
7086.9478	-1
7090.8091	-1
7094.6704	-1
7098.5317	-1
7102.3931	-1
7106.2549	-1
7110.1167	-1
7113.9785	-1
7117.8403	-1
7121.7021	-1
7125.5640	-1
7129.4258	1
7133.2881	1
7137.1504	1
7141.0132	1
7144.8760	-1
7148.7388	-1
7152.6016	-1
7156.4644	-1
7160.3271	-1
7164.1899	-1
7168.0527	-1
7171.9155	-1
7175.7783	-1
7179.6411	-1
7183.5039	-1
7187.3667	-1
7191.2300	-1
7195.0933	-1
7198.9565	-1
7202.8198	-1
7206.6831	-1
7210.5464	-1
7214.4097	-1
7218.2729	-1
7222.1362	-1
7225.9995	-1
7229.8628	-1
7233.7261	-1
7237.5903	1
7241.4546	1
7245.3188	1
7249.1831	1
7253.0474	1
7256.9116	1
7260.7759	1
7264.6401	1
7268.5059	-1
7272.3716	-1
7276.2373	-1
7280.1030	-1
7283.9688	-1
7287.8345	-1
7291.7007	1
7295.5669	1
7299.4336	-1
7303.3003	-1
7307.1670	-1
7311.0337	-1
7314.9004	-1
7318.7671	-1
7322.6353	-1
7326.5034	-1
7330.3716	-1
7334.2397	-1
7338.1079	-1
7341.9761	-1
7345.8442	1
7349.7124	1
7353.5811	-1
7357.4497	-1
7361.3184	-1
7365.1870	-1
7369.0557	-1
7372.9243	-1
7376.7935	-1
7380.6626	-1
7384.5317	-1
7388.4009	-1
7392.2700	-1
7396.1392	-1
7400.0083	-1
7403.8774	-1
7407.7466	-1
7411.6157	-1
7415.4849	-1
7419.3540	-1
7423.2236	-1
7427.0933	-1
7430.9629	-1
7434.8325	-1
7438.7021	-1
7442.5718	-1
7446.4414	-1
7450.3110	-1
7454.1807	-1
7458.0503	-1
7461.9199	-1
7465.7896	-1
7469.6592	-1
7473.5288	-1
7477.3984	-1
7481.2681	-1
7485.1377	-1
7489.0073	-1
7492.8770	-1
7496.7466	-1
7500.6162	-1
7504.4858	-1
7508.3555	-1
7512.2251	-1
7516.0952	1
7519.9653	1
7523.8354	1
7527.7056	1
7531.5771	1
7535.4487	1
7539.3203	1
7543.1924	1
7547.0645	1
7550.9365	1
7554.8086	1
7558.6807	1
7562.5527	1
7566.4248	1
7570.2969	1
7574.1689	1
7578.0415	-1
7581.9141	-1
7585.7866	-1
7589.6592	-1
7593.5317	-1
7597.4043	-1
7601.2769	-1
7605.1494	-1
7609.0220	-1
7612.8945	-1
7616.7671	-1
7620.6396	-1
7624.5122	-1
7628.3848	-1
7632.2573	-1
7636.1299	-1
7640.0024	-1
7643.8750	-1
7647.7480	-1
7651.6211	-1
7655.4941	-1
7659.3672	-1
7663.2402	-1
7667.1133	-1
7670.9863	-1
7674.8594	-1
7678.7324	-1
7682.6055	-1
7686.4785	-1
7690.3516	-1
7694.2246	-1
7698.0977	-1
7701.9707	-1
7705.8438	-1
7709.7168	-1
7713.5898	-1
7717.4634	-1
7721.3369	-1
7725.2104	-1
7729.0840	-1
7732.9575	-1
7736.8311	-1
7740.7046	-1
7744.5781	-1
7748.4517	-1
7752.3252	-1
7756.1987	-1
7760.0723	-1
7763.9458	-1
7767.8198	-1
7771.6938	-1
7775.5679	-1
7779.4419	-1
7783.3159	-1
7787.1899	-1
7791.0640	-1
7794.9380	-1
7798.8120	-1
7802.6860	-1
7806.5601	-1
7810.4365	1
7814.3130	1
7818.1899	1
7822.0669	1
7825.9438	1
7829.8208	1
7833.6978	1
7837.5747	1
7841.4517	1
7845.3286	1
7849.2056	1
7853.0825	1
7856.9595	1
7860.8364	1
7864.7139	1
7868.5913	1
7872.4688	1
7876.3462	1
7880.2236	1
7884.1011	1
7887.9785	-1
7891.8560	-1
7895.7334	-1
7899.6108	-1
7903.4883	-1
7907.3657	-1
7911.2437	-1
7915.1216	-1
7918.9995	-1
7922.8774	-1
7926.7554	-1
7930.6333	-1
7934.5112	-1
7938.3892	-1
7942.2671	-1
7946.1450	-1
7950.0229	-1
7953.9009	-1
7957.7803	1
7961.6597	1
7965.5391	1
7969.4189	1
7973.2988	1
7977.1787	1
7981.0591	-1
7984.9395	-1
7988.8198	-1
7992.7002	-1
7996.5806	-1
8000.4609	-1
8004.3418	-1
8008.2227	-1
8012.1035	-1
8015.9844	-1
8019.8652	-1
8023.7461	-1
8027.6270	-1
8031.5078	-1
8035.3887	-1
8039.2695	-1
8043.1504	-1
8047.0312	-1
8050.9121	-1
8054.7930	-1
8058.6738	-1
8062.5547	-1
8066.4355	-1
8070.3164	-1
8074.1978	-1
8078.0791	-1
8081.9604	-1
8085.8418	-1
8089.7231	-1
8093.6045	-1
8097.4858	-1
8101.3672	-1
8105.2485	-1
8109.1299	-1
8113.0112	-1
8116.8926	-1
8120.7739	-1
8124.6553	-1
8128.5366	-1
8132.4180	-1
8136.2993	-1
8140.1807	-1
8144.0625	1
8147.9443	1
8151.8267	1
8155.7090	1
8159.5923	1
8163.4756	1
8167.3589	1
8171.2422	1
8175.1255	1
8179.0093	1
8182.8931	1
8186.7769	1
8190.6606	1
8194.5439	1
8198.4297	-1
8202.3154	-1
8206.2012	-1
8210.0869	-1
8213.9727	-1
8217.8584	-1
8221.7441	-1
8225.6299	-1
8229.5156	-1
8233.4014	-1
8237.2871	-1
8241.1729	-1
8245.0605	-1
8248.9482	-1
8252.8359	-1
8256.7236	-1
8260.6113	-1
8264.4990	-1
8268.3867	-1
8272.2744	-1
8276.1621	-1
8280.0498	-1
8283.9375	-1
8287.8252	-1
8291.7129	-1
8295.6006	-1
8299.4883	-1
8303.3760	-1
8307.2637	-1
8311.1514	-1
8315.0391	-1
8318.9268	-1
8322.8145	-1
8326.7021	-1
8330.5898	-1
8334.4775	-1
8338.3652	-1
8342.2529	-1
8346.1406	-1
8350.0283	-1
8353.9160	-1
8357.8037	-1
8361.6914	-1
8365.5791	-1
8369.4668	-1
8373.3545	-1
8377.2422	-1
8381.1299	-1
8385.0186	-1
8388.9072	-1
8392.7959	-1
8396.6846	-1
8400.5732	-1
8404.4619	-1
8408.3506	-1
8412.2393	-1
8416.1279	-1
8420.0166	-1
8423.9053	-1
8427.7939	-1
8431.6826	-1
8435.5713	-1
8439.4600	-1
8443.3486	-1
8447.2373	-1
8451.1260	-1
8455.0166	1
8458.9072	1
8462.7979	1
8466.6885	1
8470.5791	1
8474.4697	1
8478.3604	1
8482.2510	1
8486.1416	1
8490.0322	1
8493.9229	1
8497.8135	1
8501.7041	1
8505.5947	1
8509.4893	-1
8513.3838	-1
8517.2783	-1
8521.1729	-1
8525.0674	-1
8528.9619	-1
8532.8564	-1
8536.7510	-1
8540.6455	-1
8544.5400	-1
8548.4346	-1
8552.3291	-1
8556.2236	-1
8560.1182	-1
8564.0127	-1
8567.9072	-1
8571.8018	-1
8575.6963	-1
8579.5918	-1
8583.4873	-1
8587.3828	-1
8591.2783	-1
8595.1738	-1
8599.0693	-1
8602.9648	-1
8606.8604	-1
8610.7559	-1
8614.6514	-1
8618.5469	-1
8622.4424	-1
8626.3379	-1
8630.2334	-1
8634.1289	-1
8638.0244	-1
8641.9199	-1
8645.8154	-1
8649.7109	-1
8653.6064	-1
8657.5020	-1
8661.3975	-1
8665.2930	-1
8669.1885	-1
8673.0840	-1
8676.9795	-1
8680.8750	-1
8684.7705	-1
8688.6660	-1
8692.5615	-1
8696.4570	-1
8700.3535	-1
8704.2500	-1
8708.1465	-1
8712.0430	-1
8715.9395	-1
8719.8359	-1
8723.7324	-1
8727.6289	-1
8731.5254	-1
8735.4219	-1
8739.3184	-1
8743.2148	1
8747.1113	1
8751.0078	1
8754.9072	-1
8758.8066	-1
8762.7061	-1
8766.6055	-1
8770.5049	-1
8774.4043	-1
8778.3037	-1
8782.2031	-1
8786.1025	-1
8790.0020	-1
8793.9014	-1
8797.8008	-1
8801.7002	-1
8805.5996	-1
8809.4990	-1
8813.3984	-1
8817.2979	-1
8821.1973	-1
8825.0977	-1
8828.9980	-1
8832.8984	-1
8836.7988	-1
8840.6992	-1
8844.5996	-1
8848.5000	-1
8852.4004	-1
8856.3008	-1
8860.2012	-1
8864.1016	-1
8868.0020	-1
8871.9023	-1
8875.8027	-1
8879.7031	-1
8883.6035	-1
8887.5039	-1
8891.4043	-1
8895.3047	-1
8899.2051	-1
8903.1055	-1
8907.0059	-1
8910.9062	-1
8914.8066	-1
8918.7070	-1
8922.6074	-1
8926.5078	-1
8930.4082	-1
8934.3086	-1
8938.2090	-1
8942.1123	-1
8946.0156	-1
8949.9189	-1
8953.8223	-1
8957.7256	-1
8961.6289	-1
8965.5322	-1
8969.4355	-1
8973.3389	-1
8977.2422	-1
8981.1455	-1
8985.0488	-1
8988.9521	-1
8992.8555	-1
8996.7588	-1
9000.6621	-1
9004.5654	-1
9008.4688	-1
9012.3730	-1
9016.2773	-1
9020.1816	-1
9024.0859	-1
9027.9902	-1
9031.8945	-1
9035.7988	-1
9039.7031	-1
9043.6074	-1
9047.5117	-1
9051.4160	-1
9055.3203	-1
9059.2246	-1
9063.1289	-1
9067.0332	-1
9070.9375	-1
9074.8418	-1
9078.7461	-1
9082.6523	-1
9086.5586	-1
9090.4648	-1
9094.3711	-1
9098.2773	-1
9102.1836	-1
9106.0898	-1
9109.9961	-1
9113.9023	-1
9117.8086	-1
9121.7148	-1
9125.6211	-1
9129.5273	-1
9133.4336	-1
9137.3398	-1
9141.2461	-1
9145.1523	-1
9149.0586	-1
9152.9648	-1
9156.8711	-1
9160.7773	-1
9164.6836	-1
9168.5898	-1
9172.4961	-1
9176.4043	-1
9180.3125	-1
9184.2207	-1
9188.1289	-1
9192.0371	-1
9195.9453	-1
9199.8535	-1
9203.7617	-1
9207.6699	-1
9211.5781	-1
9215.4863	-1
9219.3945	-1
9223.3027	-1
9227.2109	-1
9231.1191	-1
9235.0273	-1
9238.9355	-1
9242.8438	-1
9246.7529	-1
9250.6621	-1
9254.5713	-1
9258.4805	-1
9262.3896	-1
9266.2988	-1
9270.2080	-1
9274.1172	-1
9278.0264	-1
9281.9355	-1
9285.8447	-1
9289.7539	-1
9293.6631	-1
9297.5723	-1
9301.4814	-1
9305.3906	-1
9309.2998	-1
9313.2090	-1
9317.1182	-1
9321.0273	-1
9324.9365	-1
9328.8457	-1
9332.7549	-1
9336.6641	-1
9340.5732	-1
9344.4824	-1
9348.3916	-1
9352.3008	-1
9356.2100	-1
9360.1191	-1
9364.0283	-1
9367.9375	-1
9371.8467	-1
9375.7559	-1
9379.6650	-1
9383.5742	-1
9387.4834	-1
9391.3926	-1
9395.3018	-1
9399.2109	-1
9403.1201	-1
9407.0293	-1
9410.9385	-1
9414.8477	-1
9418.7568	-1
9422.6660	-1
9426.5752	-1
9430.4844	-1
9434.3945	-1
9438.3047	-1
9442.2148	-1
9446.1250	-1
9450.0352	-1
9453.9453	-1
9457.8555	-1
9461.7656	-1
9465.6758	-1
9469.5859	-1
9473.4961	-1
9477.4062	-1
9481.3164	-1
9485.2266	-1
9489.1367	-1
9493.0469	-1
9496.9570	-1
9500.8672	-1
9504.7783	-1
9508.6895	-1
9512.6006	-1
9516.5117	-1
9520.4229	-1
9524.3340	-1
9528.2451	-1
9532.1562	-1
9536.0674	-1
9539.9785	-1
9543.8896	-1
9547.8008	-1
9551.7119	-1
9555.6230	-1
9559.5342	-1
9563.4453	-1
9567.3564	-1
9571.2676	-1
9575.1787	-1
9579.0898	-1
9583.0010	-1
9587.0850	1
9591.1689	1
9595.2529	1
9599.3369	1
9603.4209	1
9607.5059	-1
9611.5908	-1
9615.6758	-1
9619.7607	-1
9623.8457	-1
9627.9307	-1
9632.0156	-1
9636.1006	-1
9640.1855	-1
9644.2705	-1
9648.3555	-1
9652.4404	-1
9656.5264	-1
9660.6123	-1
9664.6982	-1
9668.7842	-1
9672.8701	-1
9676.9561	-1
9681.0420	-1
9685.1279	-1
9689.2139	-1
9693.2998	-1
9697.3857	-1
9701.4717	-1
9705.5576	-1
9709.6436	-1
9713.7295	-1
9717.8154	-1
9721.9014	-1
9725.9873	-1
9730.0811	1
9734.1748	1
9738.2686	1
9742.3633	-1
9746.4580	-1
9750.5527	-1
9754.6475	-1
9758.7422	-1
9762.8369	-1
9766.9316	-1
9771.0264	-1
9775.1211	-1
9779.2158	-1
9783.3105	-1
9787.4053	-1
9791.5000	-1
9795.5947	-1
9799.6895	-1
9803.7842	-1
9807.8789	-1
9811.9736	-1
9816.0820	1
9820.1914	-1
9824.3018	1
9828.4121	1
9832.5234	-1
9836.6348	-1
9840.7461	-1
9844.8574	-1
9848.9688	-1
9853.0801	-1
9857.1914	-1
9861.3027	-1
9865.4141	-1
9869.5254	-1
9873.6367	-1
9877.7480	-1
9881.8594	1
9885.9707	1
9890.0820	1
9894.1943	1
9898.3066	-1
9902.4189	-1
9906.5312	-1
9910.6436	-1
9914.7559	-1
9918.8682	-1
9922.9805	-1
9927.0928	-1
9931.2051	-1
9935.3174	-1
9939.4297	-1
9943.5420	-1
9947.6543	-1
9951.7666	-1
9955.8789	-1
9959.9912	-1
9964.1035	-1
9968.2168	-1
9972.3301	-1
9976.4434	-1
9980.5566	-1
9984.6699	-1
9988.7832	-1
9992.8965	-1
9997.0098	1
10001.1230	1
10005.2363	1
10009.3496	1
10013.4639	1
10017.5781	1
10021.6924	1
10025.8066	1
10029.9209	-1
10034.0352	-1
10038.1494	-1
10042.2637	-1
10046.3779	-1
10050.4922	-1
10054.6074	1
10058.7227	1
10062.8379	-1
10066.9531	-1
10071.0684	-1
10075.1836	-1
10079.2988	-1
10083.4141	-1
10087.5303	-1
10091.6465	-1
10095.7627	-1
10099.8789	-1
10103.9951	-1
10108.1113	-1
10112.2275	-1
10116.3438	-1
10120.4600	-1
10124.5762	-1
10128.6924	-1
10132.8086	-1
10136.9248	-1
10141.0410	-1
10145.1572	-1
10149.2734	-1
10153.3896	-1
10157.5059	-1
10161.6221	-1
10165.7383	-1
10169.8545	-1
10173.9707	-1
10178.0869	-1
10182.2031	-1
10186.3193	-1
10190.4355	-1
10194.5518	-1
10198.6680	-1
10202.7842	-1
10206.9004	-1
10211.0166	-1
10215.1328	-1
10219.2490	-1
10223.3652	-1
10227.4814	-1
10231.5977	-1
10235.7148	1
10239.8320	1
10243.9492	1
10248.0664	1
10252.1836	1
10256.3008	1
10260.4180	1
10264.5352	1
10268.6523	-1
10272.7695	-1
10276.8867	-1
10281.0039	-1
10285.1211	-1
10289.2383	-1
10293.3555	1
10297.4727	1
10301.5908	1
10305.7090	1
10309.8271	-1
10313.9453	-1
10318.0635	-1
10322.1816	-1
10326.2998	-1
10330.4180	-1
10334.5361	1
10338.6543	1
10342.7744	-1
10346.8945	-1
10351.0146	-1
10355.1348	-1
10359.2549	-1
10363.3750	-1
10367.4951	-1
10371.6152	1
10375.7354	-1
10379.8555	-1
10383.9756	-1
10388.0957	-1
10392.2158	-1
10396.3359	1
10400.4561	1
10404.5762	1
10408.6963	-1
10412.8164	-1
10416.9365	-1
10421.0566	-1
10425.1768	-1
10429.2969	-1
10433.4180	-1
10437.5391	-1
10441.6602	-1
10445.7812	-1
10449.9023	-1
10454.0234	-1
10458.1445	-1
10462.2656	-1
10466.3867	-1
10470.5078	-1
10474.6289	-1
10478.7500	-1
10482.8711	-1
10486.9922	-1
10491.1133	-1
10495.2344	-1
10499.3555	-1
10503.4766	-1
10507.5977	-1
10511.7188	-1
10515.8398	-1
10519.9609	-1
10524.0820	-1
10528.2031	-1
10532.3242	1
10536.4463	1
10540.5684	1
10544.6904	1
10548.8125	1
10552.9346	1
10557.0566	1
10561.1787	1
10565.3008	-1
10569.4229	-1
10573.5449	-1
10577.6670	-1
10581.7891	-1
10585.9111	-1
10590.0332	1
10594.1553	1
10598.2773	1
10602.3994	-1
10606.5215	-1
10610.6436	1
10614.7656	-1
10618.8877	-1
10623.0098	-1
10627.1318	-1
10631.2539	1
10635.3760	1
10639.4980	-1
10643.6201	-1
10647.7422	-1
10651.8643	-1
10655.9863	-1
10660.1084	-1
10664.2314	-1
10668.3545	-1
10672.4775	-1
10676.6006	-1
10680.7236	-1
10684.8467	-1
10688.9697	-1
10693.0928	-1
10697.2158	-1
10701.3389	-1
10705.4619	-1
10709.5850	-1
10713.7080	-1
10717.8311	-1
10721.9541	-1
10726.0771	-1
10730.2002	-1
10734.3232	-1
10738.4463	-1
10742.5693	-1
10746.6924	-1
10750.8154	-1
10754.9385	-1
10759.0615	-1
10763.1865	1
10767.3115	1
10771.4365	1
10775.5615	1
10779.6865	-1
10783.8115	1
10787.9365	-1
10792.0615	-1
10796.1865	-1
10800.3115	-1
10804.4365	-1
10808.5615	1
10812.6865	1
10816.8115	1
10820.9375	1
10825.0635	-1
10829.1895	-1
10833.3154	-1
10837.4414	-1
10841.5674	-1
10845.6934	-1
10849.8193	1
10853.9453	1
10858.0713	1
10862.1973	-1
10866.3232	-1
10870.4492	-1
10874.5752	-1
10878.7012	-1
10882.8271	-1
10886.9541	-1
10891.0811	-1
10895.2080	-1
10899.3350	-1
10903.4619	-1
10907.5889	-1
10911.7158	-1
10915.8428	-1
10919.9697	-1
10924.0967	-1
10928.2236	-1
10932.3506	-1
10936.4775	-1
10940.6045	-1
10944.7314	-1
10948.8584	-1
10952.9854	-1
10957.1123	-1
10961.2393	-1
10965.3662	-1
10969.4932	-1
10973.6201	-1
10977.7471	-1
10981.8740	-1
10986.0010	-1
10990.1279	-1
10994.2549	1
10998.3818	-1
11002.5088	-1
11006.6357	-1
11010.7627	-1
11014.8896	1
11019.0176	-1
11023.1455	-1
11027.2734	-1
11031.4014	-1
11035.5293	-1
11039.6572	-1
11043.7861	-1
11047.9150	-1
11052.0439	-1
11056.1729	-1
11060.3018	-1
11064.4307	-1
11068.5596	-1
11072.6885	-1
11076.8174	-1
11080.9463	-1
11085.0752	-1
11089.2041	-1
11093.3330	-1
11097.4619	-1
11101.5908	-1
11105.7197	-1
11109.8486	-1
11113.9775	-1
11118.1064	-1
11122.2354	-1
11126.3643	-1
11130.4932	-1
11134.6221	-1
11138.7510	-1
11142.8799	-1
11147.0088	-1
11151.1377	-1
11155.2666	-1
11159.3955	-1
11163.5244	-1
11167.6543	-1
11171.7842	-1
11175.9141	-1
11180.0439	-1
11184.1738	-1
11188.3037	-1
11192.4336	-1
11196.5635	-1
11200.6934	-1
11204.8232	-1
11208.9531	-1
11213.0830	-1
11217.2129	-1
11221.3428	-1
11225.4727	-1
11229.6025	-1
11233.7324	-1
11237.8623	-1
11241.9922	-1
11246.1221	-1
11250.2520	-1
11254.3818	-1
11258.5117	-1
11262.6416	-1
11266.7715	-1
11270.9014	-1
11275.0312	-1
11279.1611	-1
11283.2910	-1
11287.4209	-1
11291.5527	-1
11295.6846	-1
11299.8164	-1
11303.9482	-1
11308.0801	-1
11312.2119	-1
11316.3438	-1
11320.4756	-1
11324.6074	-1
11328.7393	-1
11332.8711	-1
11337.0029	-1
11341.1348	-1
11345.2666	-1
11349.3984	-1
11353.5312	-1
11357.6641	-1
11361.7969	-1
11365.9297	-1
11370.0625	-1
11374.1953	-1
11378.3281	-1
11382.4609	-1
11386.5938	-1
11390.7266	-1
11394.8594	-1
11398.9922	-1
11403.1250	-1
11407.2578	-1
11411.3906	-1
11415.5234	-1
11419.6562	-1
11423.7891	-1
11427.9219	-1
11432.0547	-1
11436.1875	-1
11440.3203	-1
11444.4531	-1
11448.5859	-1
11452.7188	-1
11456.8516	-1
11460.9844	-1
11465.1172	-1
11469.2500	-1
11473.3828	-1
11477.5156	-1
11481.6484	-1
11485.7812	-1
11489.9141	-1
11494.0469	-1
11498.1797	-1
11502.3125	-1
11506.4453	-1
11510.5781	-1
11514.7119	-1
11518.8457	-1
11522.9795	-1
11527.1133	-1
11531.2471	-1
11535.3809	-1
11539.5146	-1
11543.6484	-1
11547.7822	-1
11551.9160	-1
11556.0498	-1
11560.1836	-1
11564.3174	-1
11568.4512	-1
11572.5850	-1
11576.7188	-1
11580.8525	-1
11584.9863	-1
11589.1201	-1
11593.2539	-1
11597.3877	-1
11601.5342	1
11605.6826	-1
11609.8320	1
11613.9814	1
11618.1309	-1
11622.2803	-1
11626.4297	-1
11630.5791	-1
11634.7285	-1
11638.8779	-1
11643.0273	-1
11647.1768	-1
11651.3262	-1
11655.4756	-1
11659.6250	-1
11663.7744	-1
11667.9248	1
11672.0752	1
11676.2256	1
11680.3760	1
11684.5273	-1
11688.6787	-1
11692.8301	-1
11696.9814	-1
11701.1328	-1
11705.2842	-1
11709.4355	-1
11713.5869	-1
11717.7383	-1
11721.8896	-1
11726.0410	-1
11730.1924	-1
11734.3438	1
11738.4951	1
11742.6465	1
11746.7979	1
11750.9502	-1
11755.1025	-1
11759.2549	-1
11763.4072	-1
11767.5596	-1
11771.7119	-1
11775.8643	-1
11780.0166	-1
11784.1689	-1
11788.3213	-1
11792.4736	-1
11796.6260	-1
11800.7783	1
11804.9307	1
11809.0840	-1
11813.2373	-1
11817.3906	-1
11821.5439	-1
11825.6973	-1
11829.8506	-1
11834.0039	-1
11838.1572	-1
11842.3105	-1
11846.4639	-1
11850.6172	-1
11854.7705	-1
11858.9238	1
11863.0771	1
11867.2305	1
11871.3838	1
11875.5381	-1
11879.6924	-1
11883.8467	-1
11888.0010	-1
11892.1553	-1
11896.3096	-1
11900.4639	-1
11904.6182	-1
11908.7725	-1
11912.9268	-1
11917.0811	-1
11921.2354	-1
11925.3896	-1
11929.5439	-1
11933.6982	-1
11937.8525	-1
11942.0068	-1
11946.1611	-1
11950.3164	-1
11954.4717	-1
11958.6270	-1
11962.7822	-1
11966.9375	-1
11971.0928	-1
11975.2480	1
11979.4033	1
11983.5586	1
11987.7139	1
11991.8701	1
11996.0264	-1
12000.1826	-1
12004.3389	1
12008.4951	-1
12012.6514	-1
12016.8076	-1
12020.9639	-1
12025.1201	1
12029.2764	1
12033.4326	1
12037.5889	-1
12041.7451	1
12045.9014	-1
12050.0576	-1
12054.2139	-1
12058.3701	-1
12062.5264	-1
12066.6826	-1
12070.8389	-1
12074.9951	-1
12079.1514	-1
12083.3076	-1
12087.4639	-1
12091.6201	-1
12095.7764	-1
12099.9326	-1
12104.0889	-1
12108.2451	-1
12112.4014	-1
12116.5586	1
12120.7158	1
12124.8730	1
12129.0303	1
12133.1875	1
12137.3447	1
12141.5020	1
12145.6592	1
12149.8174	-1
12153.9756	-1
12158.1338	-1
12162.2920	-1
12166.4502	-1
12170.6084	-1
12174.7666	-1
12178.9248	-1
12183.0830	-1
12187.2412	-1
12191.3994	-1
12195.5576	-1
12199.7158	-1
12203.8740	-1
12208.0322	-1
12212.1904	-1
12216.3486	-1
12220.5068	-1
12224.6660	1
12228.8252	1
12232.9844	1
12237.1436	1
12241.3037	1
12245.4639	1
12249.6240	-1
12253.7842	-1
12257.9443	-1
12262.1045	-1
12266.2646	-1
12270.4248	-1
12274.5850	-1
12278.7451	-1
12282.9053	-1
12287.0654	-1
12291.2256	-1
12295.3857	-1
12299.5469	-1
12303.7080	-1
12307.8691	-1
12312.0303	-1
12316.1914	-1
12320.3525	-1
12324.5137	-1
12328.6748	-1
12332.8359	-1
12336.9971	-1
12341.1582	-1
12345.3193	-1
12349.4805	-1
12353.6416	-1
12357.8027	-1
12361.9639	-1
12366.1250	-1
12370.2861	-1
12374.4473	-1
12378.6084	-1
12382.7695	-1
12386.9307	-1
12391.0918	-1
12395.2529	-1
12399.4141	-1
12403.5752	-1
12407.7363	-1
12411.8975	-1
12416.0586	-1
12420.2197	-1
12424.3809	-1
12428.5420	-1
12432.7031	-1
12436.8643	-1
12441.0254	-1
12445.1865	-1
12449.3486	1
12453.5107	1
12457.6738	1
12461.8369	1
12466.0000	1
12470.1631	1
12474.3262	1
12478.4893	1
12482.6523	1
12486.8154	1
12490.9785	1
12495.1416	1
12499.3047	1
12503.4678	1
12507.6309	1
12511.7939	1
12515.9580	-1
12520.1221	-1
12524.2861	-1
12528.4502	-1
12532.6143	-1
12536.7783	-1
12540.9424	-1
12545.1064	-1
12549.2705	-1
12553.4346	-1
12557.5986	-1
12561.7627	-1
12565.9268	-1
12570.0908	-1
12574.2549	-1
12578.4189	-1
12582.5830	-1
12586.7471	-1
12590.9111	-1
12595.0752	-1
12599.2393	-1
12603.4033	-1
12607.5674	-1
12611.7314	-1
12615.8955	-1
12620.0596	-1
12624.2236	-1
12628.3877	-1
12632.5518	-1
12636.7158	-1
12640.8799	-1
12645.0439	-1
12649.2080	-1
12653.3721	-1
12657.5371	-1
12661.7021	-1
12665.8672	-1
12670.0322	-1
12674.1973	-1
12678.3623	-1
12682.5273	-1
12686.6924	-1
12690.8574	-1
12695.0225	-1
12699.1875	-1
12703.3525	-1
12707.5176	-1
12711.6826	-1
12715.8477	-1
12720.0127	-1
12724.1777	-1
12728.3428	-1
12732.5078	-1
12736.6729	-1
12740.8379	-1
12745.0029	-1
12749.1680	-1
12753.3330	-1
12757.4980	-1
12761.6631	-1
12765.8301	-1
12769.9971	-1
12774.1641	-1
12778.3311	-1
12782.4980	-1
12786.6650	-1
12790.8320	-1
12794.9990	-1
12799.1660	-1
12803.3330	-1
12807.5000	-1
12811.6670	-1
12815.8350	-1
12820.0029	-1
12824.1709	-1
12828.3389	-1
12832.5068	-1
12836.6748	-1
12840.8428	-1
12845.0107	-1
12849.1787	-1
12853.3467	-1
12857.5146	-1
12861.6826	-1
12865.8506	-1
12870.0186	-1
12874.1865	-1
12878.3545	-1
12882.5225	-1
12886.6904	-1
12890.8584	-1
12895.0264	-1
12899.1943	-1
12903.3623	-1
12907.5303	-1
12911.6982	-1
12915.8672	-1
12920.0361	-1
12924.2051	-1
12928.3740	-1
12932.5430	-1
12936.7119	-1
12940.8818	-1
12945.0518	-1
12949.2217	-1
12953.3916	-1
12957.5615	-1
12961.7314	-1
12965.9014	-1
12970.0713	-1
12974.2412	-1
12978.4111	-1
12982.5811	-1
12986.7510	-1
12990.9209	-1
12995.0908	-1
12999.2607	-1
13003.4307	-1
13007.6006	-1
13011.7705	-1
13015.9404	-1
13020.1104	-1
13024.2803	-1
13028.4502	-1
13032.6201	-1
13036.7900	-1
13040.9609	-1
13045.1318	-1
13049.3027	-1
13053.4736	-1
13057.6445	-1
13061.8154	-1
13065.9863	-1
13070.1572	-1
13074.3281	-1
13078.4990	-1
13082.6699	-1
13086.8408	-1
13091.0117	-1
13095.1826	-1
13099.3535	-1
13103.5244	-1
13107.6953	-1
13111.8662	-1
13116.0371	-1
13120.2080	-1
13124.3789	-1
13128.5498	-1
13132.7207	-1
13136.8916	-1
13141.0625	-1
13145.2334	-1
13149.4043	-1
13153.5752	-1
13157.7461	-1
13161.9170	-1
13166.0889	-1
13170.2607	-1
13174.4326	-1
13178.6045	-1
13182.7764	-1
13186.9482	-1
13191.1201	-1
13195.2920	-1
13199.4639	-1
13203.6357	-1
13207.8076	-1
13211.9795	-1
13216.1514	-1
13220.3232	-1
13224.4951	-1
13228.6797	1
13232.8662	-1
13237.0527	1
13241.2393	1
13245.4268	-1
13249.6143	-1
13253.8018	-1
13257.9893	-1
13262.1768	-1
13266.3643	-1
13270.5527	-1
13274.7412	-1
13278.9297	-1
13283.1182	-1
13287.3066	-1
13291.4951	-1
13295.6836	1
13299.8721	1
13304.0605	1
13308.2490	1
13312.4395	-1
13316.6299	-1
13320.8203	-1
13325.0107	-1
13329.2012	-1
13333.3916	-1
13337.5820	-1
13341.7725	-1
13345.9629	-1
13350.1533	-1
13354.3438	-1
13358.5342	-1
13362.7246	-1
13366.9150	-1
13371.1055	-1
13375.2959	-1
13379.4863	-1
13383.6768	-1
13387.8672	-1
13392.0576	-1
13396.2480	-1
13400.4385	-1
13404.6289	-1
13408.8193	-1
13413.0098	1
13417.2002	1
13421.3916	1
13425.5830	1
13429.7744	1
13433.9658	1
13438.1572	1
13442.3486	1
13446.5420	-1
13450.7354	-1
13454.9287	-1
13459.1221	-1
13463.3154	-1
13467.5088	-1
13471.7021	-1
13475.8955	-1
13480.0889	-1
13484.2822	-1
13488.4756	-1
13492.6689	-1
13496.8623	-1
13501.0557	-1
13505.2490	-1
13509.4424	-1
13513.6357	-1
13517.8291	-1
13522.0225	-1
13526.2158	-1
13530.4092	-1
13534.6025	-1
13538.7959	-1
13542.9893	-1
13547.1826	-1
13551.3760	-1
13555.5693	-1
13559.7627	-1
13563.9561	-1
13568.1494	-1
13572.3438	-1
13576.5381	-1
13580.7324	-1
13584.9268	-1
13589.1211	-1
13593.3154	-1
13597.5098	-1
13601.7041	-1
13605.8984	-1
13610.0928	-1
13614.2871	-1
13618.4814	-1
13622.6758	1
13626.8701	1
13631.0645	1
13635.2588	1
13639.4541	1
13643.6494	-1
13647.8447	-1
13652.0400	-1
13656.2354	-1
13660.4307	-1
13664.6260	-1
13668.8213	1
13673.0176	1
13677.2148	1
13681.4121	1
13685.6094	1
13689.8066	1
13694.0039	1
13698.2012	1
13702.3984	1
13706.5967	-1
13710.7949	-1
13714.9932	-1
13719.1914	-1
13723.3896	-1
13727.5879	-1
13731.7861	-1
13735.9844	-1
13740.1826	-1
13744.3809	-1
13748.5791	-1
13752.7773	-1
13756.9756	-1
13761.1738	-1
13765.3721	-1
13769.5703	-1
13773.7686	-1
13777.9668	-1
13782.1650	-1
13786.3633	-1
13790.5615	-1
13794.7598	-1
13798.9580	-1
13803.1562	-1
13807.3545	-1
13811.5527	-1
13815.7510	-1
13819.9492	-1
13824.1475	-1
13828.3457	-1
13832.5459	1
13836.7461	1
13840.9463	1
13845.1465	1
13849.3477	1
13853.5488	1
13857.7500	1
13861.9512	1
13866.1523	1
13870.3535	1
13874.5547	1
13878.7559	1
13882.9570	-1
13887.1582	-1
13891.3594	-1
13895.5605	-1
13899.7617	-1
13903.9629	-1
13908.1650	-1
13912.3672	-1
13916.5693	-1
13920.7715	-1
13924.9736	-1
13929.1758	-1
13933.3779	-1
13937.5801	-1
13941.7822	-1
13945.9844	-1
13950.1865	-1
13954.3887	-1
13958.5908	-1
13962.7930	-1
13966.9951	-1
13971.1973	-1
13975.3994	-1
13979.6016	-1
13983.8037	-1
13988.0059	-1
13992.2080	-1
13996.4102	-1
14000.6123	-1
14004.8145	-1
14009.0166	-1
14013.2188	-1
14017.4209	-1
14021.6230	-1
14025.8252	-1
14030.0273	-1
14034.2305	-1
14038.4336	-1
14042.6367	-1
14046.8398	-1
14051.0430	-1
14055.2461	-1
14059.4492	-1
14063.6523	-1
14067.8555	-1
14072.0586	-1
14076.2617	-1
14080.4648	-1
14084.6689	1
14088.8730	1
14093.0771	1
14097.2812	1
14101.4854	1
14105.6895	1
14109.8936	1
14114.0986	1
14118.3037	1
14122.5088	1
14126.7139	1
14130.9189	1
14135.1240	1
14139.3291	1
14143.5342	1
14147.7393	1
14151.9463	-1
14156.1533	-1
14160.3604	-1
14164.5674	-1
14168.7744	-1
14172.9814	-1
14177.1895	-1
14181.3975	-1
14185.6055	-1
14189.8135	-1
14194.0215	-1
14198.2295	-1
14202.4375	-1
14206.6455	-1
14210.8535	-1
14215.0615	-1
14219.2695	-1
14223.4775	-1
14227.6855	-1
14231.8936	-1
14236.1016	-1
14240.3096	-1
14244.5176	-1
14248.7256	-1
14252.9336	-1
14257.1416	-1
14261.3496	-1
14265.5576	-1
14269.7656	-1
14273.9736	-1
14278.1816	-1
14282.3896	-1
14286.5977	-1
14290.8057	-1
14295.0137	-1
14299.2217	-1
14303.4297	-1
14307.6377	-1
14311.8457	-1
14316.0537	-1
14320.2617	-1
14324.4697	-1
14328.6787	-1
14332.8877	-1
14337.0967	-1
14341.3057	-1
14345.5146	-1
14349.7236	-1
14353.9346	1
14358.1455	1
14362.3564	1
14366.5674	1
14370.7783	1
14374.9893	1
14379.2002	1
14383.4121	1
14387.6240	1
14391.8359	1
14396.0479	1
14400.2598	1
14404.4717	1
14408.6836	1
14412.8965	-1
14417.1094	-1
14421.3223	-1
14425.5352	-1
14429.7480	-1
14433.9609	-1
14438.1738	-1
14442.3867	-1
14446.5996	-1
14450.8125	-1
14455.0254	-1
14459.2383	-1
14463.4512	-1
14467.6641	-1
14471.8770	-1
14476.0898	-1
14480.3027	-1
14484.5156	-1
14488.7295	-1
14492.9434	-1
14497.1572	-1
14501.3711	-1
14505.5850	-1
14509.7988	-1
14514.0127	-1
14518.2266	-1
14522.4404	-1
14526.6543	-1
14530.8682	-1
14535.0820	-1
14539.2959	-1
14543.5098	-1
14547.7236	-1
14551.9375	-1
14556.1514	-1
14560.3652	-1
14564.5791	-1
14568.7930	-1
14573.0068	-1
14577.2207	-1
14581.4346	-1
14585.6484	-1
14589.8623	-1
14594.0762	-1
14598.2900	-1
14602.5039	-1
14606.7178	-1
14610.9316	-1
14615.1465	-1
14619.3613	-1
14623.5762	-1
14627.7910	-1
14632.0059	-1
14636.2207	-1
14640.4355	-1
14644.6504	-1
14648.8652	-1
14653.0801	-1
14657.2949	-1
14661.5098	-1
14665.7246	-1
14669.9395	-1
14674.1543	-1
14678.3691	-1
14682.5840	-1
14686.7988	-1
14691.0156	-1
14695.2324	-1
14699.4492	-1
14703.6660	-1
14707.8828	-1
14712.0996	-1
14716.3164	-1
14720.5332	-1
14724.7500	-1
14728.9668	-1
14733.1836	-1
14737.4004	-1
14741.6172	-1
14745.8340	-1
14750.0508	-1
14754.2676	-1
14758.4844	-1
14762.7012	-1
14766.9180	-1
14771.1348	-1
14775.3516	-1
14779.5684	-1
14783.7852	-1
14788.0020	-1
14792.2197	-1
14796.4375	-1
14800.6553	-1
14804.8730	-1
14809.0908	-1
14813.3086	-1
14817.5264	-1
14821.7441	-1
14825.9619	-1
14830.1797	-1
14834.3975	-1
14838.6152	-1
14842.8330	-1
14847.0508	-1
14851.2686	-1
14855.4863	-1
14859.7041	-1
14863.9219	-1
14868.1396	-1
14872.3574	-1
14876.5752	-1
14880.7930	-1
14885.0107	-1
14889.2285	-1
14893.4463	-1
14897.6641	-1
14901.8818	-1
14906.0996	-1
14910.3174	-1
14914.5352	-1
14918.7529	1
14922.9707	-1
14927.1885	-1
14931.4062	-1
14935.6240	-1
14939.8418	-1
14944.0596	-1
14948.2812	-1
14952.5029	-1
14956.7246	-1
14960.9463	-1
14965.1680	-1
14969.3896	-1
14973.6113	-1
14977.8330	-1
14982.0547	-1
14986.2764	-1
14990.4980	-1
14994.7197	-1
14998.9424	-1
15003.1650	-1
15007.3877	-1
15011.6104	-1
15015.8330	-1
15020.0557	-1
15024.2783	-1
15028.5010	-1
15032.7236	-1
15036.9463	-1
15041.1689	-1
15045.3916	-1
15049.6143	-1
15053.8369	-1
15058.0596	-1
15062.2822	-1
15066.5049	-1
15070.7275	-1
15074.9502	-1
15079.1729	-1
15083.3955	-1
15087.6182	-1
15091.8408	-1
15096.0635	-1
15100.2861	-1
15104.5088	-1
15108.7314	-1
15112.9541	-1
15117.1768	-1
15121.3994	-1
15125.6221	-1
15129.8447	-1
15134.0674	-1
15138.2900	-1
15142.5127	-1
15146.7354	-1
15150.9580	-1
15155.1807	-1
15159.4033	-1
15163.6260	-1
15167.8486	-1
15172.0723	-1
15176.2959	-1
15180.5195	-1
15184.7432	-1
15188.9668	-1
15193.1904	-1
15197.4141	-1
15201.6396	-1
15205.8652	-1
15210.0908	-1
15214.3164	-1
15218.5420	-1
15222.7676	-1
15226.9932	-1
15231.2188	-1
15235.4443	-1
15239.6699	-1
15243.8955	-1
15248.1211	-1
15252.3467	-1
15256.5723	-1
15260.7979	-1
15265.0234	-1
15269.2490	-1
15273.4746	-1
15277.7002	-1
15281.9258	-1
15286.1514	-1
15290.3770	-1
15294.6025	-1
15298.8281	-1
15303.0537	-1
15307.4639	1
15311.8740	1
15316.2842	1
15320.6943	1
15325.1045	1
15329.5146	-1
15333.9248	-1
15338.3350	-1
15342.7451	-1
15347.1553	-1
15351.5654	-1
15355.9756	-1
15360.3857	-1
15364.7959	-1
15369.2061	-1
15373.6162	-1
15378.0264	-1
15382.4375	-1
15386.8486	-1
15391.2598	-1
15395.6709	-1
15400.0820	-1
15404.4932	-1
15408.9043	-1
15413.3154	-1
15417.7266	-1
15422.1377	-1
15426.5488	-1
15430.9600	-1
15435.3711	-1
15439.7822	-1
15444.1934	-1
15448.6045	-1
15453.0156	-1
15457.4268	-1
15461.8506	1
15466.2754	-1
15470.7012	1
15475.1270	1
15479.5537	-1
15483.9805	-1
15488.4072	-1
15492.8340	-1
15497.2607	-1
15501.6875	-1
15506.1143	-1
15510.5410	-1
15514.9678	-1
15519.3945	-1
15523.8213	-1
15528.2480	-1
15532.6748	1
15537.1016	1
15541.5293	1
15545.9570	1
15550.3848	-1
15554.8125	-1
15559.2402	-1
15563.6680	-1
15568.0957	-1
15572.5234	-1
15576.9512	-1
15581.3789	-1
15585.8066	-1
15590.2344	-1
15594.6621	-1
15599.0898	-1
15603.5186	-1
15607.9473	-1
15612.3760	-1
15616.8047	-1
15621.2334	-1
15625.6621	-1
15630.0908	-1
15634.5195	-1
15638.9482	-1
15643.3770	-1
15647.8057	-1
15652.2461	1
15656.6885	-1
15661.1309	1
15665.5732	1
15670.0176	-1
15674.4619	-1
15678.9062	-1
15683.3506	-1
15687.7949	-1
15692.2393	-1
15696.6836	-1
15701.1279	-1
15705.5723	-1
15710.0166	-1
15714.4609	-1
15718.9053	-1
15723.3496	1
15727.7939	1
15732.2383	1
15736.6826	1
15741.1289	-1
15745.5752	-1
15750.0215	-1
15754.4678	-1
15758.9141	-1
15763.3604	-1
15767.8066	-1
15772.2529	-1
15776.6992	-1
15781.1455	-1
15785.5918	-1
15790.0381	-1
15794.4844	-1
15798.9307	-1
15803.3770	-1
15807.8232	-1
15812.2695	-1
15816.7158	-1
15821.1621	-1
15825.6084	-1
15830.0547	-1
15834.5010	-1
15838.9473	-1
15843.3936	-1
15847.8398	1
15852.2871	1
15856.7344	1
15861.1816	1
15865.6289	1
15870.0762	1
15874.5234	1
15878.9707	1
15883.4199	-1
15887.8691	-1
15892.3184	-1
15896.7676	-1
15901.2168	-1
15905.6660	-1
15910.1152	-1
15914.5645	-1
15919.0137	-1
15923.4629	-1
15927.9121	-1
15932.3613	-1
15936.8115	-1
15941.2617	-1
15945.7119	-1
15950.1621	-1
15954.6123	-1
15959.0625	-1
15963.5127	-1
15967.9629	-1
15972.4131	-1
15976.8633	-1
15981.3135	-1
15985.7637	-1
15990.2148	-1
15994.6660	-1
15999.1172	-1
16003.5684	-1
16008.0195	-1
16012.4707	-1
16016.9219	-1
16021.3730	-1
16025.8242	-1
16030.2754	-1
16034.7266	-1
16039.1777	-1
16043.6289	-1
16048.0801	-1
16052.5312	-1
16056.9824	-1
16061.4336	-1
16065.8848	-1
16070.3359	-1
16074.7871	-1
16079.2383	-1
16083.7021	1
16088.1670	-1
16092.6328	1
16097.0986	1
16101.5654	-1
16106.0322	-1
16110.4990	-1
16114.9658	-1
16119.4326	-1
16123.8994	-1
16128.3662	-1
16132.8330	-1
16137.2998	-1
16141.7666	-1
16146.2334	-1
16150.7002	-1
16155.1670	1
16159.6338	1
16164.1006	1
16168.5674	1
16173.0361	-1
16177.5049	-1
16181.9736	-1
16186.4424	-1
16190.9111	-1
16195.3799	-1
16199.8486	-1
16204.3174	-1
16208.7861	-1
16213.2549	-1
16217.7236	-1
16222.1924	-1
16226.6611	-1
16231.1299	-1
16235.5986	-1
16240.0674	-1
16244.5361	-1
16249.0049	-1
16253.4736	-1
16257.9424	-1
16262.4111	-1
16266.8799	-1
16271.3486	-1
16275.8174	-1
16280.2871	1
16284.7568	1
16289.2266	1
16293.6963	1
16298.1660	1
16302.6357	1
16307.1055	1
16311.5752	1
16316.0469	-1
16320.5186	-1
16324.9902	-1
16329.4619	-1
16333.9336	-1
16338.4053	-1
16342.8770	-1
16347.3486	-1
16351.8203	-1
16356.2920	-1
16360.7637	-1
16365.2354	-1
16369.7070	-1
16374.1787	-1
16378.6504	-1
16383.1221	-1
16387.5938	-1
16392.0645	-1
16396.5371	1
16401.0098	1
16405.4824	1
16409.9551	1
16414.4277	1
16418.9004	1
16423.3730	-1
16427.8457	-1
16432.3184	-1
16436.7910	-1
16441.2637	-1
16445.7363	-1
16450.2109	1
16454.6855	1
16459.1602	-1
16463.6348	-1
16468.1094	-1
16472.5840	-1
16477.0586	-1
16481.5332	-1
16486.0078	-1
16490.4824	-1
16494.9570	-1
16499.4316	-1
16503.9062	-1
16508.3809	-1
16512.8555	-1
16517.3301	-1
16521.8047	-1
16526.2793	-1
16530.7539	-1
16535.2285	-1
16539.7031	-1
16544.1777	-1
16548.6523	-1
16553.1270	-1
16557.6016	-1
16562.0762	-1
16566.5508	1
16571.0254	1
16575.5000	1
16579.9746	1
16584.4512	1
16588.9277	1
16593.4043	1
16597.8809	1
16602.3574	-1
16606.8340	-1
16611.3105	-1
16615.7871	-1
16620.2637	-1
16624.7402	-1
16629.2188	-1
16633.6973	-1
16638.1758	-1
16642.6543	-1
16647.1328	-1
16651.6113	-1
16656.0898	-1
16660.5684	-1
16665.0469	-1
16669.5254	-1
16674.0039	-1
16678.4824	-1
16682.9609	-1
16687.4395	-1
16691.9180	-1
16696.3965	-1
16700.8750	-1
16705.3535	-1
16709.8320	1
16714.3105	1
16718.7891	1
16723.2676	1
16727.7461	-1
16732.2246	-1
16736.7031	-1
16741.1816	-1
16745.6602	-1
16750.1387	-1
16754.6172	-1
16759.0957	-1
16763.5742	-1
16768.0527	-1
16772.5312	-1
16777.0098	-1
16781.4883	-1
16785.9668	-1
16790.4453	-1
16794.9238	-1
16799.4023	-1
16803.8809	-1
16808.3613	-1
16812.8418	-1
16817.3223	-1
16821.8027	-1
16826.2832	-1
16830.7637	-1
16835.2441	1
16839.7246	1
16844.2051	1
16848.6855	1
16853.1660	1
16857.6465	1
16862.1270	1
16866.6074	1
16871.0879	1
16875.5684	1
16880.0488	1
16884.5293	1
16889.0117	-1
16893.4941	-1
16897.9766	-1
16902.4590	-1
16906.9414	-1
16911.4238	-1
16915.9062	-1
16920.3887	-1
16924.8711	-1
16929.3535	-1
16933.8359	-1
16938.3184	-1
16942.8008	-1
16947.2832	-1
16951.7656	-1
16956.2480	-1
16960.7305	-1
16965.2129	-1
16969.6992	1
16974.1855	1
16978.6719	1
16983.1582	1
16987.6445	1
16992.1309	1
16996.6172	-1
17001.1035	-1
17005.5898	-1
17010.0762	-1
17014.5625	-1
17019.0488	-1
17023.5352	-1
17028.0215	-1
17032.5078	-1
17036.9941	-1
17041.4805	-1
17045.9668	-1
17050.4531	-1
17054.9395	-1
17059.4258	-1
17063.9121	-1
17068.3984	-1
17072.8848	-1
17077.3711	-1
17081.8574	-1
17086.3438	-1
17090.8301	-1
17095.3164	-1
17099.8027	-1
17104.2891	-1
17108.7754	-1
17113.2617	-1
17117.7480	-1
17122.2344	-1
17126.7207	-1
17131.2090	-1
17135.6973	-1
17140.1855	-1
17144.6738	-1
17149.1621	-1
17153.6504	-1
17158.1387	-1
17162.6270	-1
17167.1152	-1
17171.6035	-1
17176.0918	-1
17180.5801	-1
17185.0684	-1
17189.5566	-1
17194.0449	-1
17198.5332	-1
17203.0215	-1
17207.5098	-1
17212.0000	1
17216.4902	1
17220.9805	1
17225.4707	1
17229.9609	1
17234.4512	1
17238.9414	1
17243.4316	1
17247.9219	1
17252.4121	1
17256.9023	1
17261.3926	1
17265.8848	1
17270.3770	1
17274.8691	1
17279.3613	1
17283.8535	-1
17288.3457	-1
17292.8379	-1
17297.3301	-1
17301.8223	-1
17306.3145	-1
17310.8066	-1
17315.2988	-1
17319.7910	-1
17324.2832	-1
17328.7754	-1
17333.2676	-1
17337.7598	-1
17342.2520	-1
17346.7441	-1
17351.2363	-1
17355.7285	-1
17360.2207	-1
17364.7148	-1
17369.2090	-1
17373.7031	-1
17378.1973	-1
17382.6914	-1
17387.1855	-1
17391.6797	-1
17396.1738	-1
17400.6680	-1
17405.1621	-1
17409.6562	-1
17414.1504	-1
17418.6445	-1
17423.1387	-1
17427.6328	-1
17432.1270	-1
17436.6211	-1
17441.1152	-1
17445.6113	-1
17450.1074	-1
17454.6035	-1
17459.0996	-1
17463.5957	-1
17468.0918	-1
17472.5879	-1
17477.0840	-1
17481.5801	-1
17486.0762	-1
17490.5723	-1
17495.0684	-1
17499.5645	1
17504.0605	-1
17508.5566	-1
17513.0527	-1
17517.5488	-1
17522.0449	-1
17526.5410	-1
17531.0371	-1
17535.5332	-1
17540.0293	-1
17544.5254	-1
17549.0215	-1
17553.5176	-1
17558.0156	-1
17562.5137	-1
17567.0117	-1
17571.5098	-1
17576.0078	-1
17580.5059	-1
17585.0039	-1
17589.5020	-1
17594.0000	-1
17598.4980	-1
17602.9961	-1
17607.4941	-1
17611.9922	-1
17616.4902	-1
17620.9883	-1
17625.4863	-1
17629.9844	-1
17634.4824	-1
17638.9824	1
17643.4824	1
17647.9824	1
17652.4824	1
17656.9824	1
17661.4824	1
17665.9824	1
17670.4824	1
17674.9824	-1
17679.4824	-1
17683.9824	-1
17688.4824	-1
17692.9824	-1
17697.4824	-1
17701.9844	-1
17706.4863	-1
17710.9883	-1
17715.4902	-1
17719.9922	-1
17724.4941	-1
17728.9961	-1
17733.4980	-1
17738.0000	-1
17742.5020	-1
17747.0039	-1
17751.5059	-1
17756.0078	-1
17760.5098	-1
17765.0117	-1
17769.5137	-1
17774.0156	-1
17778.5176	-1
17783.0195	-1
17787.5215	-1
17792.0234	-1
17796.5254	-1
17801.0273	-1
17805.5293	-1
17810.0312	-1
17814.5332	-1
17819.0352	-1
17823.5371	-1
17828.0391	-1
17832.5410	-1
17837.0449	-1
17841.5488	-1
17846.0527	-1
17850.5566	-1
17855.0605	-1
17859.5645	-1
17864.0703	-1
17868.5762	-1
17873.0820	-1
17877.5879	-1
17882.0938	-1
17886.5996	-1
17891.1055	-1
17895.6113	-1
17900.1172	-1
17904.6230	-1
17909.1289	-1
17913.6348	-1
17918.1445	-1
17922.6543	-1
17927.1641	-1
17931.6738	-1
17936.1836	-1
17940.6934	-1
17945.2031	-1
17949.7129	-1
17954.2227	-1
17958.7324	-1
17963.2422	-1
17967.7520	-1
17972.2617	-1
17976.7715	-1
17981.2812	-1
17985.7910	-1
17990.3008	-1
17994.8105	-1
17999.3203	-1
18003.8301	-1
18008.3398	-1
18012.8496	-1
18017.3594	-1
18021.8691	-1
18026.3789	-1
18030.8887	-1
18035.3984	-1
18039.9082	-1
18044.4180	-1
18048.9277	-1
18053.4375	-1
18057.9473	-1
18062.4570	-1
18066.9668	-1
18071.4766	-1
18075.9863	-1
18080.4961	-1
18085.0059	-1
18089.5156	-1
18094.0254	-1
18098.5352	-1
18103.0449	-1
18107.5547	-1
18112.0645	-1
18116.5742	-1
18121.0840	-1
18125.5938	-1
18130.1035	-1
18134.6133	-1
18139.1230	-1
18143.6328	-1
18148.1426	-1
18152.6523	-1
18157.1621	-1
18161.6719	-1
18166.1816	-1
18170.6914	-1
18175.2012	-1
18179.7109	-1
18184.2207	-1
18188.7305	-1
18193.2402	-1
18197.7500	-1
18202.2598	-1
18206.7695	-1
18211.2793	-1
18215.7891	-1
18220.2988	-1
18224.8086	-1
18229.3184	-1
18233.8281	-1
18238.3379	-1
18242.8516	-1
18247.3652	-1
18251.8789	-1
18256.3926	-1
18260.9062	-1
18265.4199	-1
18269.9336	-1
18274.4473	-1
18278.9609	-1
18283.4746	-1
18287.9883	-1
18292.5020	-1
18297.0156	-1
18301.5293	-1
18306.0430	-1
18310.5566	-1
18315.0703	-1
18319.5840	-1
18324.0977	-1
18328.6113	-1
18333.1250	-1
18337.6387	-1
18342.1523	-1
18346.6660	-1
18351.1797	-1
18355.6934	-1
18360.2070	-1
18364.7207	-1
18369.2344	-1
18373.7480	-1
18378.2617	-1
18382.7754	-1
18387.2891	-1
18391.8027	-1
18396.3164	-1
18400.8301	-1
18405.3438	-1
18409.8574	-1
18414.3711	-1
18418.8848	-1
18423.3984	-1
18427.9121	-1
18432.4258	-1
18436.9395	-1
18441.4531	-1
18445.9668	-1
18450.4805	-1
18454.9941	-1
18459.5078	-1
18464.0215	-1
18468.5352	-1
18473.0488	-1
18477.5625	-1
18482.0762	-1
18486.5898	-1
18491.1035	-1
18495.6172	-1
18500.1309	-1
18504.6445	-1
18509.1582	-1
18513.6855	1
18518.2148	-1
18522.7441	1
18527.2734	1
18531.8047	-1
18536.3359	-1
18540.8672	-1
18545.3984	-1
18549.9297	-1
18554.4609	-1
18558.9922	-1
18563.5234	-1
18568.0547	-1
18572.5859	-1
18577.1289	1
18581.6738	-1
18586.2188	1
18590.7637	1
18595.3086	-1
18599.8535	-1
18604.3984	-1
18608.9434	-1
18613.4883	-1
18618.0332	-1
18622.5781	-1
18627.1230	-1
18631.6680	-1
18636.2129	-1
18640.7715	1
18645.3301	-1
18649.8906	1
18654.4512	1
18659.0117	-1
18663.5723	-1
18668.1328	-1
18672.6934	-1
18677.2539	-1
18681.8145	-1
18686.3750	-1
18690.9355	-1
18695.4961	-1
18700.0566	-1
18704.6172	-1
18709.1777	-1
18713.7383	1
18718.2988	1
18722.8594	1
18727.4199	1
18731.9824	-1
18736.5449	-1
18741.1074	-1
18745.6699	-1
18750.2324	-1
18754.7949	-1
18759.3594	1
18763.9238	-1
18768.4883	-1
18773.0527	-1
18777.6172	-1
18782.1816	-1
18786.7461	-1
18791.3105	1
18795.8750	-1
18800.4395	-1
18805.0039	-1
18809.5684	-1
18814.1328	-1
18818.6973	-1
18823.2617	-1
18827.8262	-1
18832.3906	-1
18836.9551	-1
18841.5195	-1
18846.0840	-1
18850.6484	1
18855.2129	1
18859.7773	1
18864.3418	1
18868.9062	1
18873.4707	1
18878.0371	-1
18882.6035	-1
18887.1699	-1
18891.7363	-1
18896.3027	-1
18900.8691	-1
18905.4355	1
18910.0020	1
18914.5684	-1
18919.1348	-1
18923.7012	-1
18928.2676	-1
18932.8340	-1
18937.4004	-1
18941.9668	-1
18946.5332	-1
18951.0996	-1
18955.6660	-1
18960.2324	-1
18964.7988	-1
18969.3672	-1
18973.9355	-1
18978.5039	-1
18983.0723	-1
18987.6406	-1
18992.2090	-1
18996.7773	-1
19001.3457	-1
19005.9141	-1
19010.4824	-1
19015.0508	-1
19019.6191	-1
19024.1875	1
19028.7559	1
19033.3242	1
19037.8926	1
19042.4629	-1
19047.0332	-1
19051.6035	-1
19056.1738	-1
19060.7441	-1
19065.3145	-1
19069.8848	-1
19074.4551	-1
19079.0254	-1
19083.5957	-1
19088.1660	-1
19092.7363	-1
19097.3066	-1
19101.8770	-1
19106.4473	-1
19111.0176	-1
19115.5879	-1
19120.1582	-1
19124.7285	-1
19129.2988	-1
19133.8691	-1
19138.4395	-1
19143.0098	-1
19147.5801	-1
19152.1504	-1
19156.7207	-1
19161.2910	-1
19165.8613	-1
19170.4316	-1
19175.0020	-1
19179.5723	-1
19184.1426	-1
19188.7129	-1
19193.2832	-1
19197.8535	-1
19202.4238	-1
19206.9961	-1
19211.5684	-1
19216.1406	-1
19220.7129	-1
19225.2852	-1
19229.8574	-1
19234.4297	-1
19239.0020	-1
19243.5742	-1
19248.1465	-1
19252.7188	-1
19257.2910	-1
19261.8633	-1
19266.4355	-1
19271.0215	1
19275.6094	-1
19280.1973	1
19284.7852	1
19289.3750	-1
19293.9648	-1
19298.5547	-1
19303.1582	1
19307.7637	-1
19312.3691	1
19316.9746	1
19321.5820	-1
19326.1895	-1
19330.7969	-1
19335.4043	-1
19340.0117	-1
19344.6191	-1
19349.2266	-1
19353.8340	-1
19358.4414	-1
19363.0488	-1
19367.6562	-1
19372.2637	-1
19376.8711	1
19381.4785	1
19386.0859	1
19390.6934	1
19395.3027	-1
19399.9121	-1
19404.5215	-1
19409.1309	-1
19413.7402	-1
19418.3496	-1
19422.9590	-1
19427.5684	-1
19432.1777	-1
19436.7871	-1
19441.3965	-1
19446.0059	-1
19450.6152	-1
19455.2246	-1
19459.8340	-1
19464.4434	-1
19469.0527	-1
19473.6621	-1
19478.2715	-1
19482.8809	-1
19487.4902	-1
19492.0996	-1
19496.7090	-1
19501.3320	1
19505.9570	-1
19510.5820	1
19515.2070	1
19519.8320	-1
19524.4570	-1
19529.0820	-1
19533.7070	-1
19538.3457	1
19542.9844	-1
19547.6250	1
19552.2656	1
19556.9062	-1
19561.5469	-1
19566.1875	-1
19570.8281	-1
19575.4688	-1
19580.1094	-1
19584.7500	-1
19589.3906	-1
19594.0312	-1
19598.6719	-1
19603.3125	-1
19607.9531	-1
19612.5938	1
19617.2344	1
19621.8770	1
19626.5195	1
19631.1621	-1
19635.8047	-1
19640.4473	-1
19645.0898	-1
19649.7324	-1
19654.3750	-1
19659.0176	-1
19663.6602	-1
19668.3027	-1
19672.9453	-1
19677.5879	-1
19682.2305	-1
19686.8730	-1
19691.5156	-1
19696.1582	-1
19700.8008	-1
19705.4434	-1
19710.0859	-1
19714.7285	-1
19719.3711	-1
19724.0137	-1
19728.6562	-1
19733.2988	-1
19737.9414	-1
19742.5840	1
19747.2266	1
19751.8691	1
19756.5137	-1
19761.1582	-1
19765.8027	-1
19770.4473	-1
19775.0918	-1
19779.7363	-1
19784.3809	-1
19789.0254	-1
19793.6699	-1
19798.3145	-1
19802.9590	-1
19807.6035	-1
19812.2480	-1
19816.9043	1
19821.5625	-1
19826.2207	1
19830.8789	1
19835.5371	-1
19840.1973	-1
19844.8574	-1
19849.5176	-1
19854.1777	-1
19858.8379	-1
19863.4980	-1
19868.1582	-1
19872.8184	-1
19877.4785	-1
19882.1387	-1
19886.7988	-1
19891.4590	1
19896.1191	1
19900.7793	1
19905.4395	1
19910.0996	-1
19914.7598	-1
19919.4199	-1
19924.0801	-1
19928.7402	-1
19933.4004	-1
19938.0605	-1
19942.7207	-1
19947.3809	-1
19952.0410	-1
19956.7012	-1
19961.3613	-1
19966.0234	-1
19970.6855	-1
19975.3477	-1
19980.0098	-1
19984.6719	-1
19989.3340	-1
19993.9961	-1
19998.6699	1
20003.3457	-1
20008.0215	1
20012.6973	1
20017.3730	-1
20022.0488	-1
20030.3594	-1
20038.6699	1
