0.7228	888
1.2562	888
1.4880	888
1.5784	888
1.8382	888
1.9627	888
2.1438	888
2.5717	888
2.6982	888
2.7182	888
3.1679	888
3.2391	888
3.3259	888
3.5977	888
3.7655	1
4.3014	888
4.3428	888
4.3693	888
4.5775	888
5.0911	888
5.2068	888
5.6220	888
5.7984	888
5.7989	888
5.8664	888
6.0146	888
6.0193	888
6.0241	888
6.0737	888
6.1820	888
6.3092	888
6.3675	888
6.4692	888
6.4889	888
6.7069	888
6.8293	888
6.8468	888
7.2339	888
7.5319	-1
7.6218	-888
7.9417	888
7.9562	888
8.5036	888
8.5275	888
8.6532	888
8.6833	-888
8.9103	888
8.9230	-888
9.0743	888
9.1029	-888
9.1620	888
9.2181	888
9.6194	-888
9.7565	888
9.8062	888
9.8423	-888
9.9203	888
9.9438	-888
9.9585	888
10.3408	-888
10.4658	-888
10.5569	-888
10.9778	-888
11.0282	-888
11.2032	-888
11.2461	888
11.3553	1
11.4174	888
11.6526	-888
11.7198	-888
11.9311	888
12.0280	888
12.0323	-888
12.0612	-888
12.0903	888
12.3840	-888
12.5683	888
12.5910	888
12.8112	-888
12.9657	-888
13.5355	888
13.5366	-888
13.6573	888
13.7408	-888
13.7433	-888
14.4605	-888
14.6422	-888
14.6972	-888
14.7263	-888
15.1761	-888
15.1921	888
15.2501	-1
15.7115	-888
15.7349	-888
16.2616	-888
16.6033	888
16.6133	-888
16.8422	888
17.0059	-888
17.3124	-888
17.3670	-888
17.7472	-888
18.3552	-888
18.3806	-888
18.4899	-888
18.7183	-888
18.7196	-888
18.7376	-888
18.9705	-888
19.2421	-888
19.5857	1
19.7900	-888
20.0016	-888
20.2872	-888
21.4055	-888
23.9231	-1
25.7886	-888
28.2610	1
28.9334	-888
32.5990	1
36.9383	-1
41.2776	-1
45.6169	-1
49.9700	1
54.3247	-1
58.6797	1
63.0349	1
67.3913	-1
71.7477	-1
76.1041	-1
80.4605	-1
84.8169	-1
89.1733	-1
93.5298	-1
97.8863	-1
102.2428	-1
106.6124	1
110.9835	-1
115.3549	1
119.7264	1
124.0987	-1
128.4709	-1
132.8432	-1
137.2154	-1
141.5877	-1
145.9599	-1
150.3325	-1
154.7050	-1
159.0776	-1
163.4501	-1
167.8227	-1
172.1953	-1
176.5681	1
180.9410	1
185.3145	-1
189.6880	-1
194.0616	-1
198.4351	-1
202.8087	-1
207.1822	-1
211.5559	-1
215.9296	-1
220.3032	-1
224.6769	-1
229.0506	-1
233.4377	1
237.8262	-1
242.2153	1
246.6044	1
250.9948	-1
255.3853	-1
259.7758	-1
264.1663	-1
268.5568	-1
272.9474	-1
277.3519	1
281.7581	-1
286.1648	1
290.5715	1
294.9799	-1
299.3882	-1
303.7965	-1
308.2048	-1
312.6132	-1
317.0215	-1
321.4300	-1
325.8384	-1
330.2469	-1
334.6553	-1
339.0638	-1
343.4722	-1
347.8813	1
352.2904	1
356.6996	1
361.1087	1
365.5193	-1
369.9298	-1
374.3404	-1
378.7509	-1
383.1615	-1
387.5721	-1
391.9832	-1
396.3942	-1
400.8053	-1
405.2163	-1
409.6274	-1
414.0385	-1
418.4496	-1
422.8608	-1
427.2720	-1
431.6832	-1
436.0944	-1
440.5056	-1
444.9169	-1
449.3282	-1
453.7396	-1
458.1509	-1
462.5622	-1
466.9735	-1
471.3850	1
475.7966	1
480.2083	1
484.6200	1
489.0332	-1
493.4465	-1
497.8597	-1
502.2730	-1
506.6863	-1
511.0995	-1
515.5129	-1
519.9263	-1
524.3397	-1
528.7531	-1
533.1665	-1
537.5799	-1
541.9934	-1
546.4069	-1
550.8204	-1
555.2339	-1
559.6475	-1
564.0610	-1
568.4745	-1
572.8882	-1
577.3018	-1
581.7155	-1
586.1430	1
590.5722	-1
595.0018	1
599.4315	1
603.8620	-1
608.2925	-1
612.7230	-1
617.1534	-1
621.5839	-1
626.0144	-1
630.4453	-1
634.8762	-1
639.3071	-1
643.7380	-1
648.1827	1
652.6292	-1
657.0760	1
661.5230	1
665.9712	-1
670.4194	-1
674.8676	-1
679.3157	-1
683.7639	-1
688.2122	-1
692.6771	1
697.1437	-1
701.6106	1
706.0776	1
710.5457	-1
715.0139	-1
719.4820	-1
723.9501	-1
728.4183	-1
732.8864	-1
737.3547	-1
741.8229	-1
746.2912	-1
750.7595	-1
755.2277	-1
759.6960	-1
764.1647	1
768.6334	1
773.1021	1
777.5709	1
782.0408	-1
786.5107	-1
790.9807	-1
795.4507	-1
799.9207	-1
804.3906	-1
808.8612	-1
813.3318	-1
817.8024	-1
822.2729	-1
826.7435	-1
831.2141	-1
835.6848	1
840.1554	-1
844.6260	-1
849.0967	-1
853.5674	-1
858.0381	-1
862.5088	-1
866.9795	1
871.4507	1
875.9221	1
880.3934	1
884.8647	1
889.3372	-1
893.8096	-1
898.2821	-1
902.7546	-1
907.2271	-1
911.6995	-1
916.1728	1
920.6461	1
925.1217	-1
929.5974	-1
934.0730	-1
938.5486	-1
943.0243	-1
947.4999	-1
951.9761	1
956.4524	-1
960.9287	-1
965.4050	-1
969.8813	-1
974.3577	-1
978.8340	-1
983.3105	-1
987.7870	-1
992.2635	-1
996.7400	-1
1001.2165	-1
1005.6930	-1
1010.1696	-1
1014.6462	-1
1019.1229	-1
1023.5995	-1
1028.0762	-1
1032.5529	-1
1037.0295	-1
1041.5062	-1
1045.9829	-1
1050.4596	-1
1054.9363	-1
1059.4131	-1
1063.8900	-1
1068.3669	-1
1072.8439	-1
1077.3208	-1
1081.7977	-1
1086.2747	-1
1090.7517	-1
1095.2288	-1
1099.7058	-1
1104.1829	-1
1108.6599	-1
1113.1370	-1
1117.6141	-1
1122.0913	-1
1126.5685	-1
1131.0457	-1
1135.5228	-1
1140.0000	-1
1144.4773	1
1148.9550	1
1153.4327	1
1157.9105	1
1162.3885	1
1166.8667	1
1171.3448	1
1175.8230	1
1180.3013	1
1184.7799	-1
1189.2585	-1
1193.7372	-1
1198.2158	-1
1202.6945	-1
1207.1731	-1
1211.6531	1
1216.1331	1
1220.6130	1
1225.0931	1
1229.5732	1
1234.0533	1
1238.5336	1
1243.0138	1
1247.4951	-1
1251.9764	-1
1256.4578	-1
1260.9391	-1
1265.4204	-1
1269.9017	-1
1274.3857	-1
1278.8698	-1
1283.3538	-1
1287.8378	-1
1292.3218	-1
1296.8058	-1
1301.2899	-1
1305.7740	-1
1310.2582	-1
1314.7423	-1
1319.2264	-1
1323.7106	-1
1328.1948	-1
1332.6791	-1
1337.1633	-1
1341.6476	-1
1346.1318	-1
1350.6161	-1
1355.1005	-1
1359.5848	-1
1364.0692	-1
1368.5536	-1
1373.0380	-1
1377.5223	-1
1382.0068	1
1386.4915	1
1390.9772	1
1395.4629	1
1399.9486	1
1404.4344	1
1408.9203	1
1413.4061	1
1417.8921	1
1422.3781	1
1426.8643	-1
1431.3505	-1
1435.8367	-1
1440.3229	-1
1444.8091	-1
1449.2953	-1
1453.7816	-1
1458.2679	-1
1462.7543	-1
1467.2406	-1
1471.7269	-1
1476.2133	-1
1480.6998	-1
1485.1864	-1
1489.6730	-1
1494.1595	-1
1498.6461	-1
1503.1327	-1
1507.6194	-1
1512.1061	-1
1516.5928	-1
1521.0795	-1
1525.5662	-1
1530.0529	-1
1534.5408	1
1539.0287	1
1543.5167	1
1548.0048	1
1552.4928	1
1556.9810	1
1561.4691	1
1565.9573	1
1570.4473	-1
1574.9373	-1
1579.4272	-1
1583.9172	-1
1588.4072	-1
1592.8972	-1
1597.3873	-1
1601.8774	-1
1606.3676	-1
1610.8577	-1
1615.3478	-1
1619.8379	-1
1624.3281	-1
1628.8184	-1
1633.3086	-1
1637.7988	-1
1642.2891	-1
1646.7793	-1
1651.2697	-1
1655.7600	-1
1660.2504	-1
1664.7407	-1
1669.2311	-1
1673.7214	-1
1678.2119	-1
1682.7024	-1
1687.1929	-1
1691.6833	-1
1696.1738	-1
1700.6643	-1
1705.1567	-1
1709.6492	-1
1714.1417	-1
1718.6343	-1
1723.1268	-1
1727.6194	-1
1732.1119	-1
1736.6045	-1
1741.0970	-1
1745.5896	-1
1750.0823	-1
1754.5750	-1
1759.0676	-1
1763.5603	-1
1768.0530	-1
1772.5457	-1
1777.0383	-1
1781.5310	-1
1786.0249	1
1790.5188	1
1795.0128	1
1799.5068	1
1804.0009	1
1808.4950	1
1812.9891	1
1817.4833	1
1821.9775	1
1826.4718	1
1830.9667	-1
1835.4615	-1
1839.9564	-1
1844.4513	-1
1848.9462	-1
1853.4410	-1
1857.9360	-1
1862.4312	-1
1866.9263	-1
1871.4214	-1
1875.9165	-1
1880.4116	-1
1884.9069	-1
1889.4021	-1
1893.8973	-1
1898.3926	-1
1902.8878	-1
1907.3831	-1
1911.8784	-1
1916.3739	-1
1920.8694	-1
1925.3649	-1
1929.8604	-1
1934.3558	-1
1938.8514	-1
1943.3470	-1
1947.8427	-1
1952.3383	-1
1956.8339	-1
1961.3295	-1
1965.8252	-1
1970.3209	-1
1974.8168	-1
1979.3126	-1
1983.8085	-1
1988.3043	-1
1992.8015	-1
1997.2987	-1
2001.7959	-1
2006.2932	-1
2010.7905	-1
2015.2878	-1
2019.7852	-1
2024.2825	-1
2028.7799	-1
2033.2773	-1
2037.7748	-1
2042.2722	-1
2046.7698	-1
2051.2673	-1
2055.7649	-1
2060.2625	-1
2064.7600	-1
2069.2576	-1
2073.7551	-1
2078.2527	-1
2082.7502	-1
2087.2478	-1
2091.7454	-1
2096.2429	-1
2100.7407	-1
2105.2385	-1
2109.7363	-1
2114.2341	-1
2118.7319	-1
2123.2297	-1
2127.7278	-1
2132.2258	-1
2136.7239	-1
2141.2219	-1
2145.7200	-1
2150.2180	-1
2154.7163	-1
2159.2146	-1
2163.7129	-1
2168.2112	-1
2172.7095	-1
2177.2078	-1
2181.7075	1
2186.2073	1
2190.7070	1
2195.2070	1
2199.7073	1
2204.2075	1
2208.7078	1
2213.2080	1
2217.7087	1
2222.2095	1
2226.7102	1
2231.2109	1
2235.7119	1
2240.2141	1
2244.7163	1
2249.2185	1
2253.7209	1
2258.2234	1
2262.7258	1
2267.2283	1
2271.7307	1
2276.2346	-1
2280.7385	-1
2285.2424	-1
2289.7463	-1
2294.2502	-1
2298.7542	-1
2303.2583	-1
2307.7625	-1
2312.2666	-1
2316.7708	-1
2321.2749	-1
2325.7791	-1
2330.2834	-1
2334.7878	-1
2339.2922	-1
2343.7966	-1
2348.3010	-1
2352.8054	-1
2357.3113	-1
2361.8171	-1
2366.3230	-1
2370.8289	-1
2375.3347	-1
2379.8406	-1
2384.3467	-1
2388.8528	-1
2393.3589	-1
2397.8650	-1
2402.3711	-1
2406.8772	-1
2411.3855	-1
2415.8938	-1
2420.4021	-1
2424.9104	-1
2429.4187	-1
2433.9270	-1
2438.4353	-1
2442.9436	-1
2447.4519	-1
2451.9602	-1
2456.4685	-1
2460.9768	-1
2465.4854	-1
2469.9939	-1
2474.5024	-1
2479.0110	-1
2483.5195	-1
2488.0281	-1
2492.5366	-1
2497.0452	-1
2501.5537	-1
2506.0623	-1
2510.5708	-1
2515.0793	-1
2519.5879	-1
2524.0964	-1
2528.6050	-1
2533.1135	-1
2537.6221	-1
2542.1306	-1
2546.6394	-1
2551.1482	-1
2555.6570	-1
2560.1658	-1
2564.6746	-1
2569.1833	-1
2573.6921	-1
2578.2009	-1
2582.7097	-1
2587.2185	-1
2591.7273	-1
2596.2363	-1
2600.7454	-1
2605.2544	-1
2609.7634	-1
2614.2725	-1
2618.7815	-1
2623.2905	-1
2627.8020	-1
2632.3135	-1
2636.8250	-1
2641.3364	-1
2645.8479	-1
2650.3594	-1
2654.8711	-1
2659.3828	-1
2663.8945	-1
2668.4062	-1
2672.9180	-1
2677.4297	-1
2681.9419	-1
2686.4541	-1
2690.9663	-1
2695.4788	-1
2699.9912	-1
2704.5037	-1
2709.0195	-1
2713.5354	-1
2718.0513	-1
2722.5671	-1
2727.0833	-1
2731.5994	-1
2736.1155	-1
2740.6316	-1
2745.1477	-1
2749.6638	-1
2754.1799	-1
2758.6960	-1
2763.2124	-1
2767.7288	-1
2772.2451	-1
2776.7615	-1
2781.2778	-1
2785.7942	-1
2790.3105	-1
2794.8269	-1
2799.3433	-1
2803.8596	-1
2808.3760	-1
2812.8923	-1
2817.4089	-1
2821.9255	-1
2826.4421	-1
2830.9587	-1
2835.4753	-1
2839.9919	-1
2844.5085	-1
2849.0251	-1
2853.5417	-1
2858.0583	-1
2862.5750	-1
2867.0916	-1
2871.6084	-1
2876.1252	-1
2880.6421	-1
2885.1589	-1
2889.6758	-1
2894.1926	-1
2898.7117	-1
2903.2307	-1
2907.7498	-1
2912.2688	-1
2916.7878	-1
2921.3069	-1
2925.8259	-1
2930.3450	-1
2934.8640	-1
2939.3831	-1
2943.9021	-1
2948.4211	-1
2952.9404	-1
2957.4597	-1
2961.9790	-1
2966.4983	-1
2971.0176	-1
2975.5369	-1
2980.0562	-1
2984.5754	-1
2989.0947	-1
2993.6140	-1
2998.1333	-1
3002.6526	-1
3007.1721	-1
3011.6917	-1
3016.2112	-1
3020.7307	-1
3025.2502	-1
3029.7698	-1
3034.2893	-1
3038.8088	-1
3043.3284	-1
3047.8479	-1
3052.3674	-1
3056.8870	-1
3061.4067	-1
3065.9265	-1
3070.4463	-1
3074.9661	-1
3079.4858	-1
3084.0056	-1
3088.5261	-1
3093.0466	-1
3097.5671	-1
3102.0876	-1
3106.6082	-1
3111.1287	-1
3115.6494	-1
3120.1702	-1
3124.6909	-1
3129.2117	-1
3133.7324	-1
3138.2532	-1
3142.7742	-1
3147.2952	-1
3151.8162	-1
3156.3372	-1
3160.8582	-1
3165.3792	-1
3169.9001	-1
3174.4211	-1
3178.9421	-1
3183.4631	-1
3187.9841	-1
3192.5051	-1
3197.0264	-1
3201.5476	-1
3206.0688	-1
3210.5901	-1
3215.1113	-1
3219.6326	-1
3224.1538	-1
3228.6750	-1
3233.1963	-1
3237.7175	-1
3242.2539	1
3246.7917	-1
3251.3301	1
3255.8684	1
3260.4075	-1
3264.9465	-1
3269.4856	-1
3274.0247	-1
3278.5637	-1
3283.1028	-1
3287.6421	-1
3292.1814	-1
3296.7207	-1
3301.2600	-1
3305.7993	-1
3310.3386	-1
3314.8784	1
3319.4182	1
3323.9580	1
3328.4978	1
3333.0386	-1
3337.5793	-1
3342.1201	-1
3346.6609	-1
3351.2017	-1
3355.7424	-1
3360.2832	-1
3364.8240	-1
3369.3647	-1
3373.9055	-1
3378.4463	-1
3382.9871	-1
3387.5281	-1
3392.0691	-1
3396.6101	-1
3401.1511	-1
3405.6921	-1
3410.2332	-1
3414.7747	1
3419.3162	1
3423.8577	1
3428.3992	1
3432.9407	1
3437.4822	1
3442.0239	-1
3446.5657	-1
3451.1074	-1
3455.6492	-1
3460.1909	-1
3464.7327	-1
3469.2751	1
3473.8176	1
3478.3616	-1
3482.9055	-1
3487.4495	-1
3491.9934	-1
3496.5374	-1
3501.0813	-1
3505.6252	-1
3510.1692	-1
3514.7131	-1
3519.2571	-1
3523.8010	-1
3528.3450	-1
3532.8892	-1
3537.4333	-1
3541.9775	-1
3546.5217	-1
3551.0659	-1
3555.6101	-1
3560.1543	-1
3564.6985	-1
3569.2427	-1
3573.7869	-1
3578.3311	-1
3582.8752	-1
3587.4197	-1
3591.9641	-1
3596.5085	-1
3601.0530	-1
3605.5974	-1
3610.1418	-1
3614.6863	-1
3619.2307	-1
3623.7751	-1
3628.3196	-1
3632.8640	-1
3637.4084	-1
3641.9531	-1
3646.4978	-1
3651.0425	-1
3655.5872	-1
3660.1318	-1
3664.6765	-1
3669.2212	-1
3673.7659	-1
3678.3105	-1
3682.8552	-1
3687.3999	-1
3691.9446	-1
3696.4897	1
3701.0349	1
3705.5801	1
3710.1255	1
3714.6709	1
3719.2166	1
3723.7622	1
3728.3079	1
3732.8538	1
3737.3997	1
3741.9456	1
3746.4917	1
3751.0378	1
3755.5840	1
3760.1301	1
3764.6763	1
3769.2253	-1
3773.7744	-1
3778.3235	-1
3782.8726	-1
3787.4216	-1
3791.9707	-1
3796.5198	-1
3801.0688	-1
3805.6179	-1
3810.1670	-1
3814.7161	-1
3819.2651	-1
3823.8145	-1
3828.3638	-1
3832.9131	-1
3837.4624	-1
3842.0117	-1
3846.5610	-1
3851.1104	-1
3855.6597	-1
3860.2090	-1
3864.7583	-1
3869.3076	-1
3873.8569	-1
3878.4065	-1
3882.9561	-1
3887.5056	-1
3892.0552	-1
3896.6047	-1
3901.1543	-1
3905.7039	-1
3910.2534	-1
3914.8030	-1
3919.3525	-1
3923.9021	-1
3928.4517	-1
3933.0015	-1
3937.5513	-1
3942.1011	-1
3946.6509	-1
3951.2007	-1
3955.7505	-1
3960.3003	-1
3964.8501	-1
3969.3999	-1
3973.9497	-1
3978.4995	-1
3983.0493	-1
3987.5994	-1
3992.1494	-1
3996.6995	-1
4001.2495	-1
4005.7996	-1
4010.3496	-1
4014.8997	-1
4019.4500	-1
4024.0002	-1
4028.5505	-1
4033.1008	-1
4037.6511	-1
4042.2014	-1
4046.7517	-1
4051.3020	-1
4055.8523	-1
4060.4026	-1
4064.9529	-1
4069.5032	-1
4074.0535	-1
4078.6040	-1
4083.1545	-1
4087.7051	-1
4092.2556	-1
4096.8062	-1
4101.3564	-1
4105.9067	-1
4110.4570	-1
4115.0073	-1
4119.5581	-1
4124.1089	-1
4128.6597	-1
4133.2104	-1
4137.7612	-1
4142.3120	-1
4146.8628	-1
4151.4136	-1
4155.9644	-1
4160.5151	-1
4165.0659	-1
4169.6167	-1
4174.1675	-1
4178.7183	-1
4183.2690	-1
4187.8198	-1
4192.3706	-1
4196.9214	-1
4201.4722	-1
4206.0234	1
4210.5747	1
4215.1265	1
4219.6782	1
4224.2300	1
4228.7817	1
4233.3340	1
4237.8862	1
4242.4385	1
4246.9907	1
4251.5430	1
4256.0952	1
4260.6475	1
4265.1997	1
4269.7544	1
4274.3101	-1
4278.8657	-1
4283.4214	-1
4287.9771	-1
4292.5327	-1
4297.0884	-1
4301.6440	-1
4306.1997	-1
4310.7554	-1
4315.3110	-1
4319.8667	-1
4324.4224	-1
4328.9780	-1
4333.5337	-1
4338.0894	-1
4342.6455	-1
4347.2017	-1
4351.7578	-1
4356.3140	-1
4360.8701	-1
4365.4263	-1
4369.9824	-1
4374.5386	-1
4379.0947	-1
4383.6509	-1
4388.2070	-1
4392.7632	-1
4397.3193	-1
4401.8755	-1
4406.4316	-1
4410.9878	-1
4415.5439	-1
4420.1001	-1
4424.6562	-1
4429.2124	-1
4433.7686	-1
4438.3247	-1
4442.8813	-1
4447.4380	-1
4451.9946	-1
4456.5513	-1
4461.1079	-1
4465.6646	-1
4470.2212	-1
4474.7778	-1
4479.3345	-1
4483.8911	-1
4488.4478	-1
4493.0044	-1
4497.5610	-1
4502.1177	-1
4506.6743	-1
4511.2310	-1
4515.7876	-1
4520.3442	-1
4524.9009	-1
4529.4575	-1
4534.0142	-1
4538.5708	-1
4543.1274	-1
4547.6846	-1
4552.2417	-1
4556.7988	-1
4561.3560	-1
4565.9131	-1
4570.4702	-1
4575.0273	-1
4579.5845	-1
4584.1416	-1
4588.6987	-1
4593.2559	-1
4597.8130	-1
4602.3711	-1
4606.9292	-1
4611.4873	-1
4616.0454	-1
4620.6035	-1
4625.1616	-1
4629.7197	-1
4634.2778	-1
4638.8359	-1
4643.3940	-1
4647.9521	-1
4652.5103	-1
4657.0684	-1
4661.6265	-1
4666.1846	-1
4670.7427	-1
4675.3154	1
4679.8901	-1
4684.4653	1
4689.0405	1
4693.6172	-1
4698.1938	-1
4702.7705	-1
4707.3472	-1
4711.9238	-1
4716.5005	-1
4721.0771	-1
4725.6538	-1
4730.2432	1
4734.8345	-1
4739.4258	1
4744.0171	1
4748.6099	-1
4753.2026	-1
4757.7954	-1
4762.3882	-1
4766.9810	-1
4771.5737	-1
4776.1665	-1
4780.7593	-1
4785.3521	-1
4789.9448	-1
4794.5376	-1
4799.1304	-1
4803.7236	1
4808.3179	-1
4812.9121	-1
4817.5063	-1
4822.1006	-1
4826.6948	-1
4831.2891	-1
4835.8970	1
4840.5063	-1
4845.1162	1
4849.7261	1
4854.3374	-1
4858.9487	-1
4863.5601	-1
4868.1714	-1
4872.7827	-1
4877.3940	-1
4882.0054	-1
4886.6167	-1
4891.2280	-1
4895.8394	-1
4900.4507	-1
4905.0747	1
4909.7007	-1
4914.3271	1
4918.9536	1
4923.5811	-1
4928.2085	-1
4932.8359	-1
4937.4634	-1
4942.0908	-1
4946.7183	-1
4951.3457	-1
4955.9731	-1
4960.6006	-1
4965.2280	-1
4969.8555	-1
4974.4829	-1
4979.1108	1
4983.7388	1
4988.3667	1
4992.9946	1
4997.6240	-1
5002.2534	-1
5006.8828	-1
5011.5122	-1
5016.1416	-1
5020.7710	-1
5025.4009	-1
5030.0308	-1
5034.6606	-1
5039.2905	-1
5043.9204	-1
5048.5503	-1
5053.1802	-1
5057.8101	-1
5062.4399	-1
5067.0698	-1
5071.6997	-1
5076.3296	-1
5080.9595	-1
5085.5894	-1
5090.2192	-1
5094.8491	-1
5099.4790	-1
5104.1089	-1
5108.7393	1
5113.3696	1
5118.0000	1
5122.6304	1
5127.2612	1
5131.8921	1
5136.5229	1
5141.1538	1
5145.7871	-1
5150.4204	-1
5155.0537	-1
5159.6870	-1
5164.3203	-1
5168.9536	-1
5173.5874	-1
5178.2212	-1
5182.8550	-1
5187.4888	-1
5192.1226	-1
5196.7563	-1
5201.3901	1
5206.0239	1
5210.6582	-1
5215.2925	-1
5219.9268	-1
5224.5610	-1
5229.1953	-1
5233.8296	-1
5238.4639	-1
5243.0981	-1
5247.7324	-1
5252.3667	-1
5257.0010	-1
5261.6353	-1
5266.2695	-1
5270.9038	-1
5275.5381	-1
5280.1724	-1
5284.8066	-1
5289.4409	-1
5294.0757	-1
5298.7104	-1
5303.3452	-1
5307.9800	-1
5312.6147	-1
5317.2495	-1
5321.8843	-1
5326.5190	-1
5331.1538	-1
5335.7886	-1
5340.4233	-1
5345.0581	-1
5349.6929	-1
5354.3276	-1
5358.9624	-1
5363.5972	-1
5368.2319	-1
5372.8667	-1
5377.5020	1
5382.1372	1
5386.7725	1
5391.4077	1
5396.0435	1
5400.6792	1
5405.3149	1
5409.9521	1
5414.5894	1
5419.2266	1
5423.8638	1
5428.5010	1
5433.1382	1
5437.7754	1
5442.4146	-1
5447.0537	-1
5451.6929	-1
5456.3320	-1
5460.9712	-1
5465.6104	-1
5470.2515	-1
5474.8926	-1
5479.5337	-1
5484.1748	-1
5488.8159	-1
5493.4570	-1
5498.0981	-1
5502.7393	-1
5507.3804	-1
5512.0215	-1
5516.6626	-1
5521.3037	-1
5525.9453	-1
5530.5869	-1
5535.2285	-1
5539.8701	-1
5544.5117	-1
5549.1533	-1
5553.7949	-1
5558.4365	-1
5563.0781	-1
5567.7197	-1
5572.3613	-1
5577.0029	-1
5581.6445	-1
5586.2861	-1
5590.9277	-1
5595.5693	-1
5600.2109	-1
5604.8525	-1
5609.4946	-1
5614.1367	-1
5618.7788	-1
5623.4209	-1
5628.0630	-1
5632.7051	-1
5637.3472	1
5641.9893	1
5646.6323	-1
5651.2754	-1
5655.9185	-1
5660.5615	-1
5665.2046	-1
5669.8477	-1
5674.4907	-1
5679.1338	-1
5683.7769	-1
5688.4199	-1
5693.0630	-1
5697.7061	-1
5702.3496	1
5706.9932	1
5711.6387	-1
5716.2842	-1
5720.9297	-1
5725.5752	-1
5730.2207	-1
5734.8662	-1
5739.5117	-1
5744.1572	-1
5748.8027	-1
5753.4482	-1
5758.0938	-1
5762.7393	-1
5767.3853	-1
5772.0312	-1
5776.6772	-1
5781.3232	-1
5785.9692	-1
5790.6152	-1
5795.2612	-1
5799.9072	-1
5804.5532	-1
5809.1992	-1
5813.8452	-1
5818.4912	-1
5823.1372	-1
5827.7832	-1
5832.4292	-1
5837.0752	-1
5841.7212	-1
5846.3672	-1
5851.0132	-1
5855.6592	-1
5860.3052	-1
5864.9517	-1
5869.5981	-1
5874.2446	-1
5878.8911	-1
5883.5376	-1
5888.1841	-1
5892.8306	-1
5897.4771	-1
5902.1235	-1
5906.7700	-1
5911.4165	-1
5916.0630	-1
5920.7095	-1
5925.3560	-1
5930.0024	-1
5934.6489	-1
5939.2954	-1
5943.9419	-1
5948.5884	-1
5953.2349	-1
5957.8813	-1
5962.5298	-1
5967.1782	-1
5971.8267	-1
5976.4751	-1
5981.1235	-1
5985.7720	-1
5990.4204	-1
5995.0688	-1
5999.7314	1
6004.3955	-1
6009.0601	1
6013.7246	1
6018.3901	-1
6023.0557	-1
6027.7217	-1
6032.4009	1
6037.0820	-1
6041.7637	1
6046.4458	1
6051.1284	-1
6055.8110	-1
6060.4937	-1
6065.1763	-1
6069.8594	-1
6074.5552	1
6079.2529	-1
6083.9507	1
6088.6489	1
6093.3481	-1
6098.0474	-1
6102.7466	-1
6107.4458	-1
6112.1450	-1
6116.8442	-1
6121.5439	-1
6126.2437	-1
6130.9434	-1
6135.6431	-1
6140.3428	-1
6145.0425	-1
6149.7422	1
6154.4424	1
6159.1436	-1
6163.8447	-1
6168.5459	-1
6173.2471	-1
6177.9482	-1
6182.6494	-1
6187.3506	-1
6192.0518	-1
6196.7656	1
6201.4810	-1
6206.1968	1
6210.9126	1
6215.6294	-1
6220.3462	-1
6225.0630	-1
6229.7798	-1
6234.4966	-1
6239.2134	-1
6243.9307	-1
6248.6479	-1
6253.3652	-1
6258.0825	-1
6262.7998	-1
6267.5171	-1
6272.2349	1
6276.9526	1
6281.6704	1
6286.3882	1
6291.1069	-1
6295.8257	-1
6300.5444	-1
6305.2632	-1
6309.9819	-1
6314.7007	-1
6319.4204	1
6324.1401	1
6328.8604	-1
6333.5806	-1
6338.3008	-1
6343.0210	-1
6347.7412	-1
6352.4614	-1
6357.1816	-1
6361.9019	-1
6366.6221	-1
6371.3423	-1
6376.0625	-1
6380.7827	-1
6385.5034	-1
6390.2241	-1
6394.9448	-1
6399.6655	-1
6404.3862	-1
6409.1069	-1
6413.8276	1
6418.5488	1
6423.2700	1
6427.9912	1
6432.7124	1
6437.4336	1
6442.1567	-1
6446.8799	-1
6451.6030	-1
6456.3262	-1
6461.0493	-1
6465.7725	-1
6470.4956	-1
6475.2188	-1
6479.9419	-1
6484.6650	-1
6489.3882	-1
6494.1113	-1
6498.8345	-1
6503.5576	-1
6508.2808	-1
6513.0039	-1
6517.7271	-1
6522.4502	-1
6527.1738	-1
6531.8975	-1
6536.6211	-1
6541.3447	-1
6546.0684	-1
6550.7920	-1
6555.5156	-1
6560.2393	-1
6564.9629	-1
6569.6865	-1
6574.4102	-1
6579.1338	-1
6583.8574	-1
6588.5811	-1
6593.3047	-1
6598.0283	-1
6602.7520	-1
6607.4756	-1
6612.1997	1
6616.9238	1
6621.6484	1
6626.3730	1
6631.0977	1
6635.8223	1
6640.5469	1
6645.2715	1
6649.9976	-1
6654.7236	-1
6659.4497	-1
6664.1758	-1
6668.9019	-1
6673.6279	-1
6678.3545	-1
6683.0811	-1
6687.8076	-1
6692.5342	-1
6697.2607	-1
6701.9873	-1
6706.7144	1
6711.4414	1
6716.1699	-1
6720.8984	-1
6725.6270	-1
6730.3555	-1
6735.0840	-1
6739.8125	-1
6744.5415	-1
6749.2705	-1
6753.9995	-1
6758.7285	-1
6763.4575	-1
6768.1865	-1
6772.9165	-1
6777.6465	-1
6782.3765	-1
6787.1064	-1
6791.8364	-1
6796.5664	-1
6801.2969	-1
6806.0273	-1
6810.7578	-1
6815.4883	-1
6820.2188	-1
6824.9492	-1
6829.6797	-1
6834.4102	-1
6839.1406	-1
6843.8711	-1
6848.6016	-1
6853.3320	-1
6858.0625	-1
6862.7930	-1
6867.5234	-1
6872.2539	-1
6876.9844	-1
6881.7148	-1
6886.4453	-1
6891.1758	-1
6895.9062	-1
6900.6372	-1
6905.3682	-1
6910.0991	-1
6914.8301	-1
6919.5610	-1
6924.2925	-1
6929.0239	-1
6933.7554	-1
6938.4868	-1
6943.2183	-1
6947.9497	-1
6952.6812	-1
6957.4126	-1
6962.1440	-1
6966.8755	-1
6971.6069	-1
6976.3384	-1
6981.0698	-1
6985.8145	1
6990.5605	-1
6995.3071	1
7000.0537	1
7004.8013	-1
7009.5488	-1
7014.2964	-1
7019.0439	-1
7023.7915	-1
7028.5391	-1
7033.2866	-1
7038.0342	-1
7042.7949	1
7047.5571	-1
7052.3198	1
7057.0825	1
7061.8467	-1
7066.6108	-1
7071.3750	-1
7076.1392	-1
7080.9033	-1
7085.6675	-1
7090.4316	-1
7095.2085	1
7099.9868	-1
7104.7656	1
7109.5444	1
7114.3242	-1
7119.1040	-1
7123.8838	-1
7128.6636	-1
7133.4438	-1
7138.2368	1
7143.0312	-1
7147.8262	1
7152.6211	1
7157.4170	-1
7162.2129	-1
7167.0088	-1
7171.8047	-1
7176.6006	-1
7181.3965	-1
7186.1924	-1
7190.9883	-1
7195.7842	-1
7200.5801	-1
7205.3760	-1
7210.1719	-1
7214.9683	1
7219.7646	1
7224.5610	1
7229.3574	1
7234.1548	-1
7238.9521	-1
7243.7495	-1
7248.5469	-1
7253.3442	-1
7258.1416	-1
7262.9390	-1
7267.7363	-1
7272.5337	-1
7277.3311	-1
7282.1284	-1
7286.9258	-1
7291.7231	-1
7296.5205	-1
7301.3179	-1
7306.1152	-1
7310.9126	-1
7315.7100	-1
7320.5078	-1
7325.3057	-1
7330.1035	-1
7334.9014	-1
7339.6992	-1
7344.4971	-1
7349.2949	1
7354.0933	1
7358.8916	1
7363.6899	1
7368.4883	1
7373.2866	1
7378.0850	1
7382.8833	1
7387.6821	-1
7392.4810	-1
7397.2798	-1
7402.0786	-1
7406.8774	-1
7411.6763	-1
7416.4766	1
7421.2769	1
7426.0771	-1
7430.8774	-1
7435.6777	-1
7440.4780	-1
7445.2783	-1
7450.0786	-1
7454.8794	-1
7459.6802	-1
7464.4810	-1
7469.2817	-1
7474.0825	-1
7478.8833	-1
7483.6841	-1
7488.4849	-1
7493.2856	-1
7498.0864	-1
7502.8872	-1
7507.6880	-1
7512.4888	-1
7517.2896	-1
7522.0903	-1
7526.8911	-1
7531.6919	-1
7536.4927	-1
7541.2964	1
7546.1006	1
7550.9048	1
7555.7090	1
7560.5132	1
7565.3179	-1
7570.1226	-1
7574.9272	-1
7579.7319	-1
7584.5366	-1
7589.3413	-1
7594.1460	-1
7598.9507	-1
7603.7554	-1
7608.5601	-1
7613.3647	-1
7618.1694	-1
7622.9746	-1
7627.7798	-1
7632.5850	-1
7637.3901	-1
7642.1953	-1
7647.0005	-1
7651.8066	-1
7656.6128	-1
7661.4189	-1
7666.2251	-1
7671.0312	-1
7675.8374	-1
7680.6436	-1
7685.4497	-1
7690.2559	-1
7695.0620	-1
7699.8682	-1
7704.6743	-1
7709.4810	-1
7714.2876	-1
7719.0942	-1
7723.9009	-1
7728.7075	-1
7733.5142	-1
7738.3208	-1
7743.1274	-1
7747.9341	-1
7752.7407	-1
7757.5474	-1
7762.3540	-1
7767.1606	-1
7771.9673	-1
7776.7739	-1
7781.5806	-1
7786.3872	-1
7791.1938	-1
7796.0020	-1
7800.8101	-1
7805.6182	-1
7810.4263	-1
7815.2344	-1
7820.0425	-1
7824.8506	-1
7829.6587	-1
7834.4668	-1
7839.2749	-1
7844.0830	-1
7848.9043	1
7853.7275	-1
7858.5513	1
7863.3750	1
7868.1997	-1
7873.0244	-1
7877.8491	-1
7882.6738	-1
7887.4985	-1
7892.3232	-1
7897.1479	-1
7901.9727	-1
7906.7974	-1
7911.6221	-1
7916.4468	-1
7921.2715	-1
7926.0967	1
7930.9219	1
7935.7476	1
7940.5732	1
7945.3994	-1
7950.2256	-1
7955.0518	-1
7959.8779	-1
7964.7041	-1
7969.5303	-1
7974.3564	-1
7979.1826	-1
7984.0088	-1
7988.8350	-1
7993.6611	-1
7998.4873	-1
8003.3140	1
8008.1406	1
8012.9673	1
8017.7939	1
8022.6211	-1
8027.4482	-1
8032.2754	-1
8037.1025	-1
8041.9297	-1
8046.7568	-1
8051.5845	-1
8056.4121	-1
8061.2397	-1
8066.0674	-1
8070.8950	-1
8075.7227	-1
8080.5503	-1
8085.3779	-1
8090.2056	-1
8095.0332	-1
8099.8608	-1
8104.6885	-1
8109.5166	1
8114.3447	1
8119.1729	1
8124.0010	1
8128.8296	1
8133.6582	1
8138.4868	-1
8143.3154	-1
8148.1440	-1
8152.9727	-1
8157.8013	-1
8162.6299	-1
8167.4590	-1
8172.2881	-1
8177.1172	-1
8181.9463	-1
8186.7754	-1
8191.6045	-1
8196.4346	-1
8201.2646	-1
8206.0947	-1
8210.9248	-1
8215.7549	-1
8220.5850	-1
8225.4150	-1
8230.2451	-1
8235.0752	-1
8239.9053	-1
8244.7354	-1
8249.5654	-1
8254.3965	1
8259.2275	-1
8264.0586	-1
8268.8896	-1
8273.7207	-1
8278.5518	-1
8283.3828	-1
8288.2139	-1
8293.0449	-1
8297.8760	-1
8302.7070	-1
8307.5381	-1
8312.3691	-1
8317.2002	-1
8322.0312	-1
8326.8623	-1
8331.6934	-1
8336.5244	-1
8341.3555	-1
8346.1865	1
8351.0176	1
8355.8486	1
8360.6807	1
8365.5127	1
8370.3447	1
8375.1768	-1
8380.0088	-1
8384.8408	-1
8389.6729	-1
8394.5049	-1
8399.3369	-1
8404.1689	-1
8409.0010	-1
8413.8330	-1
8418.6650	-1
8423.4971	-1
8428.3291	-1
8433.1611	-1
8437.9932	-1
8442.8252	-1
8447.6572	-1
8452.4893	-1
8457.3213	-1
8462.1543	-1
8466.9873	-1
8471.8203	-1
8476.6533	-1
8481.4863	-1
8486.3193	-1
8491.1533	-1
8495.9873	-1
8500.8213	-1
8505.6553	-1
8510.4893	-1
8515.3232	-1
8520.1572	-1
8524.9912	-1
8529.8252	-1
8534.6592	-1
8539.4932	-1
8544.3271	-1
8549.1611	-1
8553.9951	-1
8558.8291	-1
8563.6631	-1
8568.4971	-1
8573.3311	-1
8578.1660	-1
8583.0010	-1
8587.8359	-1
8592.6709	-1
8597.5059	-1
8602.3408	-1
8607.1758	-1
8612.0107	-1
8616.8457	-1
8621.6807	-1
8626.5283	1
8631.3779	-1
8636.2275	1
8641.0771	1
8645.9287	-1
8650.7803	-1
8655.6318	-1
8660.4834	-1
8665.3350	-1
8670.1865	-1
8675.0381	-1
8679.8896	-1
8684.7412	-1
8689.5928	-1
8694.4443	-1
8699.2959	-1
8704.1475	1
8708.9990	1
8713.8506	1
8718.7021	1
8723.5557	-1
8728.4092	-1
8733.2627	-1
8738.1162	-1
8742.9697	-1
8747.8232	-1
8752.6768	-1
8757.5303	-1
8762.3838	-1
8767.2373	-1
8772.0908	-1
8776.9443	-1
8781.7979	-1
8786.6514	-1
8791.5049	-1
8796.3584	-1
8801.2119	-1
8806.0654	-1
8810.9199	-1
8815.7744	-1
8820.6289	-1
8825.4834	-1
8830.3379	-1
8835.1924	-1
8840.0469	1
8844.9014	1
8849.7559	1
8854.6104	1
8859.4648	1
8864.3193	1
8869.1748	1
8874.0303	1
8878.8877	-1
8883.7451	-1
8888.6025	-1
8893.4600	-1
8898.3174	-1
8903.1748	-1
8908.0332	1
8912.8916	1
8917.7500	-1
8922.6084	-1
8927.4668	-1
8932.3252	-1
8937.1836	-1
8942.0420	-1
8946.9004	-1
8951.7588	-1
8956.6172	-1
8961.4756	-1
8966.3340	-1
8971.1924	-1
8976.0508	-1
8980.9092	-1
8985.7676	-1
8990.6260	-1
8995.4844	-1
9000.3428	-1
9005.2021	-1
9010.0615	-1
9014.9209	-1
9019.7803	-1
9024.6396	-1
9029.4990	-1
9034.3584	-1
9039.2178	-1
9044.0771	-1
9048.9365	-1
9053.7959	-1
9058.6553	-1
9063.5146	-1
9068.3740	-1
9073.2334	-1
9078.0928	-1
9082.9521	-1
9087.8115	-1
9092.6709	-1
9097.5303	-1
9102.3896	-1
9107.2490	-1
9112.1084	-1
9116.9678	-1
9121.8271	1
9126.6865	1
9131.5459	1
9136.4062	1
9141.2666	1
9146.1270	1
9150.9873	1
9155.8477	1
9160.7080	1
9165.5693	1
9170.4307	1
9175.2920	1
9180.1533	1
9185.0146	1
9189.8779	-1
9194.7412	-1
9199.6045	-1
9204.4678	-1
9209.3311	-1
9214.1943	-1
9219.0576	-1
9223.9209	-1
9228.7842	-1
9233.6475	-1
9238.5107	-1
9243.3740	-1
9248.2383	-1
9253.1025	-1
9257.9668	-1
9262.8311	-1
9267.6953	-1
9272.5596	-1
9277.4238	-1
9282.2881	-1
9287.1523	-1
9292.0166	-1
9296.8809	-1
9301.7451	-1
9306.6094	1
9311.4736	1
9316.3398	1
9321.2061	-1
9326.0723	-1
9330.9385	-1
9335.8047	-1
9340.6709	-1
9345.5371	-1
9350.4033	-1
9355.2695	-1
9360.1357	-1
9365.0020	-1
9369.8682	-1
9374.7344	-1
9379.6006	-1
9384.4668	-1
9389.3330	-1
9394.1992	-1
9399.0654	-1
9403.9316	-1
9408.7979	1
9413.6641	1
9418.5303	1
9423.3965	1
9428.2627	1
9433.1299	-1
9437.9971	-1
9442.8643	-1
9447.7314	-1
9452.5986	-1
9457.4658	-1
9462.3330	-1
9467.2002	-1
9472.0674	-1
9476.9346	-1
9481.8018	-1
9486.6689	-1
9491.5371	-1
9496.4053	-1
9501.2734	-1
9506.1416	-1
9511.0098	-1
9515.8779	-1
9520.7461	-1
9525.6143	-1
9530.4824	-1
9535.3506	-1
9540.2188	-1
9545.0869	-1
9549.9551	-1
9554.8232	-1
9559.6914	-1
9564.5596	-1
9569.4277	-1
9574.2959	-1
9579.1641	-1
9584.0322	-1
9588.9004	-1
9593.7686	-1
9598.6377	-1
9603.5068	-1
9608.3760	-1
9613.2451	-1
9618.1143	-1
9622.9834	-1
9627.8525	-1
9632.7217	-1
9637.5908	-1
9642.4600	-1
9647.3291	-1
9652.1982	-1
9657.0674	-1
9661.9365	-1
9666.8057	-1
9671.6748	-1
9676.5439	-1
9681.4131	-1
9686.2822	-1
9691.1514	-1
9696.0215	1
9700.8916	1
9705.7617	1
9710.6318	1
9715.5020	1
9720.3721	1
9725.2422	1
9730.1123	1
9734.9824	1
9739.8525	1
9744.7227	1
9749.5928	1
9754.4629	1
9759.3340	1
9764.2051	1
9769.0762	1
9773.9473	1
9778.8184	1
9783.6895	1
9788.5605	1
9793.4316	1
9798.3027	1
9803.1758	1
9808.0488	1
9812.9219	-1
9817.7949	-1
9822.6680	-1
9827.5410	-1
9832.4141	-1
9837.2871	-1
9842.1602	-1
9847.0332	-1
9851.9062	-1
9856.7793	-1
9861.6523	-1
9866.5254	-1
9871.3994	-1
9876.2734	-1
9881.1475	-1
9886.0215	-1
9890.8955	-1
9895.7695	-1
9900.6436	1
9905.5176	1
9910.3916	1
9915.2656	1
9920.1406	-1
9925.0156	-1
9929.8906	-1
9934.7656	-1
9939.6406	-1
9944.5156	-1
9949.3916	-1
9954.2676	-1
9959.1436	-1
9964.0195	-1
9968.8955	-1
9973.7715	-1
9978.6475	-1
9983.5234	-1
9988.3994	-1
9993.2754	-1
9998.1514	-1
10003.0273	-1
10007.9033	1
10012.7793	1
10017.6553	-1
10022.5312	-1
10027.4072	-1
10032.2832	-1
10037.1592	-1
10042.0352	-1
10046.9121	-1
10051.7891	-1
10056.6660	-1
10061.5430	-1
10066.4199	-1
10071.2969	-1
10076.1748	1
10081.0527	1
10085.9307	1
10090.8086	1
10095.6865	1
10100.5645	1
10105.4434	1
10110.3223	1
10115.2012	1
10120.0801	1
10124.9609	-1
10129.8418	-1
10134.7227	-1
10139.6035	-1
10144.4844	-1
10149.3652	-1
10154.2461	-1
10159.1270	-1
10164.0078	-1
10168.8887	-1
10173.7695	-1
10178.6504	-1
10183.5322	-1
10188.4141	-1
10193.2959	-1
10198.1777	-1
10203.0596	-1
10207.9414	-1
10212.8232	-1
10217.7051	-1
10222.5869	-1
10227.4688	-1
10232.3506	-1
10237.2324	-1
10242.1182	1
10247.0039	1
10251.8896	1
10256.7754	1
10261.6611	1
10266.5469	1
10271.4326	1
10276.3184	1
10281.2041	-1
10286.0898	-1
10290.9756	-1
10295.8613	-1
10300.7471	-1
10305.6328	-1
10310.5186	-1
10315.4043	-1
10320.2900	-1
10325.1758	-1
10330.0615	-1
10334.9473	-1
10339.8340	-1
10344.7207	-1
10349.6074	-1
10354.4941	-1
10359.3809	-1
10364.2676	-1
10369.1543	-1
10374.0410	-1
10378.9277	-1
10383.8145	-1
10388.7012	-1
10393.5879	-1
10398.4746	-1
10403.3613	-1
10408.2480	-1
10413.1348	-1
10418.0215	-1
10422.9082	-1
10427.7979	-1
10432.6875	-1
10437.5771	-1
10442.4668	-1
10447.3564	-1
10452.2461	-1
10457.1357	1
10462.0264	1
10466.9170	1
10471.8076	1
10476.6982	1
10481.5889	1
10486.4795	1
10491.3701	1
10496.2607	1
10501.1514	1
10506.0420	1
10510.9326	1
10515.8242	-1
10520.7158	-1
10525.6074	-1
10530.4990	-1
10535.3906	-1
10540.2822	-1
10545.1738	-1
10550.0654	-1
10554.9570	-1
10559.8486	-1
10564.7402	-1
10569.6318	-1
10574.5234	-1
10579.4150	-1
10584.3066	-1
10589.1982	-1
10594.0898	-1
10598.9814	-1
10603.8740	-1
10608.7666	-1
10613.6592	-1
10618.5518	-1
10623.4443	-1
10628.3369	-1
10633.2295	-1
10638.1221	-1
10643.0146	-1
10647.9072	-1
10652.7998	-1
10657.6924	-1
10662.5850	-1
10667.4775	-1
10672.3701	-1
10677.2627	-1
10682.1553	-1
10687.0479	-1
10691.9404	-1
10696.8330	-1
10701.7256	-1
10706.6182	-1
10711.5107	-1
10716.4033	-1
10721.2969	-1
10726.1904	-1
10731.0840	-1
10735.9775	-1
10740.8711	-1
10745.7646	-1
10750.6582	-1
10755.5518	-1
10760.4453	-1
10765.3389	-1
10770.2324	-1
10775.1260	-1
10780.0195	-1
10784.9131	-1
10789.8066	-1
10794.7002	-1
10799.5938	-1
10804.4873	-1
10809.3809	-1
10814.2744	-1
10819.1680	-1
10824.0615	-1
10828.9551	-1
10833.8486	-1
10838.7422	-1
10843.6357	-1
10848.5293	-1
10853.4229	-1
10858.3164	-1
10863.2100	-1
10868.1064	-1
10873.0029	-1
10877.8994	-1
10882.7959	-1
10887.6924	-1
10892.5889	-1
10897.4854	-1
10902.3818	-1
10907.2783	-1
10912.1748	-1
10917.0713	-1
10921.9678	-1
10926.8652	-1
10931.7627	-1
10936.6602	-1
10941.5576	-1
10946.4551	-1
10951.3525	-1
10956.2500	-1
10961.1475	-1
10966.0449	-1
10970.9424	-1
10975.8398	-1
10980.7373	-1
10985.6348	-1
10990.5322	-1
10995.4297	-1
11000.3271	-1
11005.2246	-1
11010.1221	-1
11015.0195	-1
11019.9170	-1
11024.8145	-1
11029.7119	-1
11034.6094	-1
11039.5068	-1
11044.4043	-1
11049.3018	-1
11054.1992	-1
11059.0967	-1
11063.9941	-1
11068.8916	-1
11073.7891	-1
11078.6865	-1
11083.5840	-1
11088.4814	-1
11093.3789	-1
11098.2764	-1
11103.1738	-1
11108.0713	-1
11112.9688	-1
11117.8662	-1
11122.7637	-1
11127.6611	-1
11132.5586	-1
11137.4561	-1
11142.3535	-1
11147.2510	-1
11152.1484	-1
11157.0459	-1
11161.9443	1
11166.8428	1
11171.7412	1
11176.6396	1
11181.5381	1
11186.4365	1
11191.3350	1
11196.2334	1
11201.1318	1
11206.0303	1
11210.9287	1
11215.8271	1
11220.7256	1
11225.6250	-1
11230.5244	-1
11235.4238	-1
11240.3232	-1
11245.2227	-1
11250.1221	-1
11255.0225	-1
11259.9229	-1
11264.8242	-1
11269.7256	-1
11274.6270	-1
11279.5283	-1
11284.4297	-1
11289.3311	-1
11294.2324	-1
11299.1338	-1
11304.0352	-1
11308.9365	-1
11313.8379	-1
11318.7393	-1
11323.6406	-1
11328.5420	-1
11333.4434	-1
11338.3447	-1
11343.2461	-1
11348.1475	-1
11353.0488	-1
11357.9502	-1
11362.8516	-1
11367.7529	-1
11372.6553	-1
11377.5576	-1
11382.4600	-1
11387.3623	-1
11392.2646	-1
11397.1670	-1
11402.0693	-1
11406.9717	-1
11411.8740	-1
11416.7764	-1
11421.6787	-1
11426.5811	-1
11431.4844	-1
11436.3877	-1
11441.2910	-1
11446.1943	-1
11451.0977	-1
11456.0010	-1
11460.9053	-1
11465.8096	-1
11470.7139	-1
11475.6182	-1
11480.5225	-1
11485.4268	-1
11490.3311	-1
11495.2354	-1
11500.1396	-1
11505.0439	-1
11509.9482	-1
11514.8525	-1
11519.7568	-1
11524.6611	-1
11529.5654	-1
11534.4697	-1
11539.3740	-1
11544.2783	-1
11549.1826	-1
11554.0869	-1
11558.9912	-1
11563.8955	-1
11568.7998	-1
11573.7041	-1
11578.6084	-1
11583.5127	-1
11588.4170	-1
11593.3213	-1
11598.2256	-1
11603.1299	-1
11608.0352	-1
11612.9404	-1
11617.8457	-1
11622.7510	-1
11627.6562	-1
11632.5615	-1
11637.4678	-1
11642.3740	-1
11647.2803	-1
11652.1865	-1
11657.0928	-1
11661.9990	-1
11666.9053	-1
11671.8115	-1
11676.7178	-1
11681.6240	-1
11686.5303	-1
11691.4365	-1
11696.3438	-1
11701.2510	-1
11706.1582	-1
11711.0654	-1
11715.9727	-1
11720.8799	-1
11725.7871	-1
11730.6943	-1
11735.6016	-1
11740.5088	-1
11745.4160	-1
11750.3232	-1
11755.2305	-1
11760.1377	-1
11765.0449	-1
11769.9521	-1
11774.8594	-1
11779.7666	-1
11784.6738	-1
11789.5811	-1
11794.4883	-1
11799.3955	-1
11804.3027	-1
11809.2100	-1
11814.1172	-1
11819.0244	-1
11823.9316	-1
11828.8389	-1
11833.7461	-1
11838.6533	-1
11843.5605	-1
11848.4678	-1
11853.3750	-1
11858.2822	-1
11863.1895	-1
11868.0967	-1
11873.0039	-1
11877.9111	-1
11882.8184	-1
11887.7256	-1
11892.6328	-1
11897.5400	-1
11902.4521	-1
11907.3643	-1
11912.2764	-1
11917.1885	-1
11922.1006	-1
11927.0127	-1
11931.9248	-1
11936.8369	-1
11941.7490	-1
11946.6611	-1
11951.5732	-1
11956.4854	-1
11961.3975	-1
11966.3096	-1
11971.2217	-1
11976.1338	-1
11981.0459	-1
11985.9580	-1
11990.8701	-1
11995.7822	-1
12000.6943	-1
12005.6064	-1
12010.5186	-1
12015.4307	-1
12020.3428	-1
12025.2549	-1
12030.1670	-1
12035.0791	-1
12039.9912	-1
12044.9033	-1
12049.8154	-1
12054.7275	-1
12059.6396	-1
12064.5518	-1
12069.4639	-1
12074.3760	-1
12079.2891	-1
12084.2021	-1
12089.1152	-1
12094.0283	-1
12098.9414	-1
12103.8545	-1
12108.7676	-1
12113.6807	-1
12118.5938	-1
12123.5068	-1
12128.4199	-1
12133.3330	-1
12138.2461	-1
12143.1592	-1
12148.0723	-1
12152.9854	-1
12157.8984	-1
12162.8115	-1
12167.7246	-1
12172.6377	-1
12177.5508	-1
12182.4639	-1
12187.3770	-1
12192.2900	-1
12197.2031	-1
12202.1162	-1
12207.0293	-1
12211.9424	-1
12216.8555	-1
12221.7686	-1
12226.6816	-1
12231.5947	-1
12236.5078	-1
12241.4209	-1
12246.3340	-1
12251.2471	-1
12256.1602	-1
12261.0732	-1
12265.9863	-1
12270.8994	-1
12275.8125	-1
12280.7256	-1
12285.6396	-1
12290.5537	-1
12295.4678	-1
12300.3818	-1
12305.2959	-1
12310.2100	-1
12315.1250	-1
12320.0400	-1
12324.9551	-1
12329.8701	-1
12334.7852	-1
12339.7012	-1
12344.6172	-1
12349.5332	-1
12354.4492	-1
12359.3652	-1
12364.2812	-1
12369.1973	-1
12374.1133	-1
12379.0293	-1
12383.9453	-1
12388.8613	-1
12393.7773	-1
12398.6934	-1
12403.6094	-1
12408.5254	-1
12413.4414	-1
12418.3711	1
12423.3027	-1
12428.2354	1
12433.1680	1
12438.1016	-1
12443.0352	-1
12447.9688	-1
12452.9023	-1
12457.8359	-1
12462.7695	-1
12467.7031	-1
12472.6367	-1
12477.5703	-1
12482.5039	-1
12487.4375	-1
12492.3711	-1
12497.3057	1
12502.2402	1
12507.1748	1
12512.1094	1
12517.0449	-1
12521.9805	-1
12526.9160	-1
12531.8516	-1
12536.7871	-1
12541.7227	-1
12546.6592	-1
12551.5957	-1
12556.5322	-1
12561.4688	-1
12566.4053	-1
12571.3418	-1
12576.2783	-1
12581.2148	-1
12586.1514	-1
12591.0879	-1
12596.0244	-1
12600.9609	-1
12605.8975	-1
12610.8340	-1
12615.7705	-1
12620.7070	-1
12625.6436	-1
12630.5801	-1
12635.5166	1
12640.4531	1
12645.3906	1
12650.3281	1
12655.2656	1
12660.2031	1
12665.1406	1
12670.0781	1
12675.0176	-1
12679.9570	-1
12684.8965	-1
12689.8359	-1
12694.7754	-1
12699.7148	-1
12704.6543	-1
12709.5938	-1
12714.5332	-1
12719.4727	-1
12724.4121	-1
12729.3516	-1
12734.2910	-1
12739.2305	-1
12744.1699	-1
12749.1094	-1
12754.0488	-1
12758.9883	-1
12763.9277	1
12768.8672	1
12773.8076	-1
12778.7480	-1
12783.6885	-1
12788.6289	-1
12793.5693	-1
12798.5098	-1
12803.4502	-1
12808.3906	-1
12813.3311	-1
12818.2715	-1
12823.2119	-1
12828.1523	-1
12833.0938	1
12838.0352	1
12842.9766	1
12847.9180	1
12852.8594	-1
12857.8008	-1
12862.7422	-1
12867.6836	-1
12872.6250	-1
12877.5664	-1
12882.5078	-1
12887.4492	-1
12892.3906	-1
12897.3320	-1
12902.2734	-1
12907.2148	-1
12912.1572	1
12917.0996	1
12922.0420	1
12926.9844	1
12931.9277	-1
12936.8711	-1
12941.8145	-1
12946.7578	-1
12951.7012	-1
12956.6445	-1
12961.5879	1
12966.5312	-1
12971.4746	-1
12976.4180	-1
12981.3613	-1
12986.3047	-1
12991.2480	-1
12996.1914	1
13001.1348	1
13006.0781	1
13011.0225	1
13015.9668	1
13020.9111	1
13025.8564	-1
13030.8018	-1
13035.7471	-1
13040.6924	-1
13045.6377	-1
13050.5830	-1
13055.5283	-1
13060.4736	-1
13065.4189	-1
13070.3643	-1
13075.3096	-1
13080.2549	-1
13085.2002	1
13090.1465	1
13095.0928	1
13100.0391	1
13104.9854	1
13109.9326	-1
13114.8799	-1
13119.8271	-1
13124.7744	-1
13129.7217	-1
13134.6689	-1
13139.6162	-1
13144.5635	-1
13149.5107	-1
13154.4580	-1
13159.4053	-1
13164.3525	-1
13169.3008	-1
13174.2490	-1
13179.1973	-1
13184.1455	-1
13189.0938	-1
13194.0420	-1
13198.9902	-1
13203.9385	-1
13208.8867	-1
13213.8350	-1
13218.7832	-1
13223.7314	-1
13228.6797	-1
13233.6279	-1
13238.5762	-1
13243.5244	-1
13248.4727	-1
13253.4209	-1
13258.3701	1
13263.3193	1
13268.2686	1
13273.2178	1
13278.1670	1
13283.1172	1
13288.0674	-1
13293.0176	-1
13297.9678	-1
13302.9180	-1
13307.8682	-1
13312.8184	-1
13317.7686	1
13322.7188	1
13327.6689	1
13332.6191	1
13337.5703	1
13342.5215	1
13347.4727	-1
13352.4238	-1
13357.3750	-1
13362.3262	-1
13367.2773	-1
13372.2285	-1
13377.1797	-1
13382.1309	-1
13387.0820	-1
13392.0332	-1
13396.9844	-1
13401.9355	-1
13406.8887	1
13411.8418	1
13416.7949	1
13421.7480	1
13426.7021	-1
13431.6562	-1
13436.6104	-1
13441.5645	-1
13446.5186	-1
13451.4727	-1
13456.4268	-1
13461.3809	-1
13466.3350	-1
13471.2891	-1
13476.2432	-1
13481.1973	-1
13486.1514	-1
13491.1055	-1
13496.0596	-1
13501.0137	-1
13505.9678	-1
13510.9219	-1
13515.8760	-1
13520.8301	-1
13525.7842	-1
13530.7383	-1
13535.6924	-1
13540.6465	-1
13545.6016	-1
13550.5566	-1
13555.5117	-1
13560.4668	-1
13565.4219	-1
13570.3770	-1
13575.3320	-1
13580.2871	-1
13585.2422	-1
13590.1973	-1
13595.1523	-1
13600.1074	-1
13605.0625	-1
13610.0176	-1
13614.9727	-1
13619.9277	-1
13624.8828	-1
13629.8379	-1
13634.7930	-1
13639.7480	-1
13644.7031	-1
13649.6582	-1
13654.6133	-1
13659.5684	-1
13664.5244	1
13669.4805	1
13674.4365	1
13679.3926	1
13684.3486	-1
13689.3047	-1
13694.2607	-1
13699.2168	-1
13704.1729	-1
13709.1289	-1
13714.0850	-1
13719.0410	-1
13723.9971	-1
13728.9531	-1
13733.9092	-1
13738.8652	-1
13743.8213	-1
13748.7773	-1
13753.7334	-1
13758.6895	-1
13763.6455	-1
13768.6016	-1
13773.5586	-1
13778.5156	-1
13783.4727	-1
13788.4297	-1
13793.3867	-1
13798.3438	-1
13803.3027	1
13808.2617	1
13813.2207	1
13818.1797	1
13823.1387	1
13828.0977	1
13833.0576	-1
13838.0176	-1
13842.9775	-1
13847.9375	-1
13852.8975	-1
13857.8574	-1
13862.8193	-1
13867.7812	-1
13872.7432	-1
13877.7051	-1
13882.6670	-1
13887.6289	-1
13892.5908	-1
13897.5527	-1
13902.5146	-1
13907.4766	-1
13912.4385	-1
13917.4004	-1
13922.3623	-1
13927.3242	-1
13932.2861	-1
13937.2480	-1
13942.2100	-1
13947.1719	-1
13952.1348	-1
13957.0977	-1
13962.0605	-1
13967.0234	-1
13971.9863	-1
13976.9492	-1
13981.9121	-1
13986.8750	-1
13991.8379	-1
13996.8008	-1
14001.7637	-1
14006.7266	-1
14011.6895	-1
14016.6523	-1
14021.6152	-1
14026.5781	-1
14031.5410	-1
14036.5039	-1
14041.4668	-1
14046.4297	-1
14051.3926	-1
14056.3555	-1
14061.3184	-1
14066.2812	-1
14071.2461	-1
14076.2109	-1
14081.1758	-1
14086.1406	-1
14091.1055	-1
14096.0703	-1
14101.0352	-1
14106.0000	-1
14110.9648	-1
14115.9297	-1
14120.8945	-1
14125.8594	-1
14130.8242	-1
14135.7891	-1
14140.7539	-1
14145.7188	-1
14150.6836	-1
14155.6484	-1
14160.6143	-1
14165.5801	-1
14170.5459	-1
14175.5117	-1
14180.4775	-1
14185.4434	-1
14190.4092	-1
14195.3750	-1
14200.3408	-1
14205.3066	-1
14210.2725	-1
14215.2383	-1
14220.2041	-1
14225.1699	-1
14230.1357	-1
14235.1016	-1
14240.0674	-1
14245.0332	-1
14249.9990	-1
14254.9648	-1
14259.9307	-1
14264.8965	-1
14269.8623	-1
14274.8281	-1
14279.7939	-1
14284.7598	-1
14289.7256	-1
14294.6914	-1
14299.6572	-1
14304.6230	-1
14309.5889	-1
14314.5547	-1
14319.5205	-1
14324.4863	-1
14329.4521	-1
14334.4180	-1
14339.3838	-1
14344.3496	-1
14349.3154	-1
14354.2812	-1
14359.2471	-1
14364.2129	-1
14369.1807	-1
14374.1484	-1
14379.1162	-1
14384.0840	-1
14389.0518	-1
14394.0195	-1
14398.9873	-1
14403.9551	-1
14408.9229	-1
14413.8906	-1
14418.8584	-1
14423.8262	-1
14428.7939	-1
14433.7617	-1
14438.7295	-1
14443.6973	-1
14448.6650	-1
14453.6328	-1
14458.6006	-1
14463.5684	-1
14468.5361	-1
14473.5039	-1
14478.4717	-1
14483.4395	-1
14488.4072	-1
14493.3750	-1
14498.3428	-1
14503.3105	-1
14508.2783	-1
14513.2461	-1
14518.2148	-1
14523.1836	-1
14528.1523	-1
14533.1211	-1
14538.0898	-1
14543.0586	-1
14548.0273	-1
14552.9961	-1
14557.9648	-1
14562.9473	1
14567.9307	-1
14572.9150	1
14577.8994	1
14582.8838	-1
14587.8682	-1
14592.8525	-1
14597.8369	-1
14602.8213	-1
14607.8057	-1
14612.7910	-1
14617.7764	-1
14622.7617	-1
14627.7471	-1
14632.7324	-1
14637.7178	-1
14642.7031	1
14647.6885	1
14652.6738	1
14657.6592	1
14662.6455	-1
14667.6318	-1
14672.6182	-1
14677.6045	-1
14682.5908	-1
14687.5771	-1
14692.5635	-1
14697.5498	-1
14702.5361	-1
14707.5225	-1
14712.5088	-1
14717.4951	-1
14722.4824	-1
14727.4697	-1
14732.4570	-1
14737.4443	-1
14742.4316	-1
14747.4189	-1
14752.4062	1
14757.3936	1
14762.3809	-1
14767.3682	-1
14772.3555	-1
14777.3428	-1
14782.3301	-1
14787.3174	-1
14792.3047	1
14797.2920	1
14802.2793	1
14807.2666	1
14812.2539	1
14817.2412	1
14822.2295	-1
14827.2178	-1
14832.2061	-1
14837.1943	-1
14842.1826	-1
14847.1709	-1
14852.1592	-1
14857.1475	-1
14862.1357	-1
14867.1240	-1
14872.1123	-1
14877.1006	-1
14882.0898	1
14887.0791	1
14892.0684	1
14897.0576	1
14902.0479	-1
14907.0381	-1
14912.0283	-1
14917.0186	-1
14922.0088	-1
14926.9990	-1
14931.9893	-1
14936.9795	-1
14941.9697	-1
14946.9600	-1
14951.9502	-1
14956.9404	-1
14961.9316	-1
14966.9229	-1
14971.9141	-1
14976.9053	-1
14981.8965	-1
14986.8877	-1
14991.8789	-1
14996.8701	-1
15001.8613	-1
15006.8525	-1
15011.8438	-1
15016.8350	-1
15021.8262	-1
15026.8174	-1
15031.8086	-1
15036.7998	-1
15041.7910	-1
15046.7822	-1
15051.7734	-1
15056.7646	-1
15061.7559	-1
15066.7471	-1
15071.7383	-1
15076.7295	-1
15081.7207	-1
15086.7119	-1
15091.7031	-1
15096.6943	-1
15101.6855	-1
15106.6768	-1
15111.6680	-1
15116.6592	-1
15121.6504	-1
15126.6416	-1
15131.6328	-1
15136.6240	-1
15141.6152	-1
15146.6064	-1
15151.5977	-1
15156.5889	-1
15161.5801	-1
15166.5713	-1
15171.5625	-1
15176.5537	-1
15181.5449	-1
15186.5361	-1
15191.5273	-1
15196.5186	-1
15201.5107	1
15206.5029	1
15211.4951	1
15216.4873	1
15221.4795	1
15226.4717	1
15231.4639	1
15236.4561	1
15241.4482	1
15246.4404	1
15251.4326	1
15256.4248	1
15261.4170	1
15266.4092	1
15271.4014	1
15276.3945	1
15281.3877	1
15286.3809	1
15291.3740	1
15296.3672	1
15301.3613	-1
15306.3555	-1
15311.3496	-1
15316.3438	-1
15321.3379	-1
15326.3320	-1
15331.3262	-1
15336.3203	-1
15341.3145	-1
15346.3086	-1
15351.3027	-1
15356.2969	-1
15361.2920	1
15366.2871	1
15371.2822	1
15376.2773	1
15381.2734	-1
15386.2695	-1
15391.2656	-1
15396.2617	-1
15401.2578	-1
15406.2539	-1
15411.2500	-1
15416.2461	-1
15421.2422	-1
15426.2383	-1
15431.2344	-1
15436.2305	-1
15441.2266	-1
15446.2227	-1
15451.2188	-1
15456.2148	-1
15461.2109	-1
15466.2070	-1
15471.2041	-1
15476.2012	-1
15481.1982	-1
15486.1953	-1
15491.1924	-1
15496.1895	-1
15501.1865	-1
15506.1836	-1
15511.1807	-1
15516.1777	-1
15521.1748	-1
15526.1719	-1
15531.1689	-1
15536.1660	-1
15541.1631	-1
15546.1602	-1
15551.1572	-1
15556.1543	-1
15561.1523	1
15566.1504	1
15571.1484	1
15576.1465	1
15581.1445	1
15586.1426	1
15591.1406	1
15596.1387	1
15601.1367	1
15606.1348	1
15611.1328	1
15616.1309	1
15621.1299	-1
15626.1289	-1
15631.1279	-1
15636.1270	-1
15641.1260	-1
15646.1250	-1
15651.1240	-1
15656.1230	-1
15661.1221	-1
15666.1211	-1
15671.1201	-1
15676.1191	-1
15681.1182	-1
15686.1172	-1
15691.1162	-1
15696.1152	-1
15701.1143	-1
15706.1133	-1
15711.1123	-1
15716.1113	-1
15721.1104	-1
15726.1094	-1
15731.1084	-1
15736.1074	-1
15741.1064	-1
15746.1055	-1
15751.1045	-1
15756.1035	-1
15761.1025	-1
15766.1016	-1
15771.1016	-1
15776.1016	-1
15781.1016	-1
15786.1016	-1
15791.1016	-1
15796.1016	-1
15801.1016	-1
15806.1016	-1
15811.1016	-1
15816.1016	-1
15821.1016	-1
15826.1016	-1
15831.1016	-1
15836.1016	-1
15841.1016	-1
15846.1016	-1
15851.1016	-1
15856.1016	-1
15861.1025	-1
15866.1035	-1
15871.1045	-1
15876.1055	-1
15881.1064	-1
15886.1074	-1
15891.1094	-1
15896.1113	-1
15901.1133	-1
15906.1152	-1
15911.1172	-1
15916.1191	-1
15921.1211	1
15926.1230	1
15931.1250	-1
15936.1270	-1
15941.1289	-1
15946.1309	-1
15951.1328	-1
15956.1348	-1
15961.1367	-1
15966.1387	-1
15971.1406	-1
15976.1426	-1
15981.1445	-1
15986.1465	-1
15991.1514	-1
15996.1562	-1
16001.1611	-1
16006.1660	-1
16011.1709	-1
16016.1758	-1
16021.1807	-1
16026.1855	-1
16031.1904	-1
16036.1953	-1
16041.2002	-1
16046.2051	-1
16051.2100	-1
16056.2148	-1
16061.2197	-1
16066.2246	-1
16071.2295	-1
16076.2344	-1
16081.2393	-1
16086.2441	-1
16091.2500	-1
16096.2559	-1
16101.2617	-1
16106.2676	-1
16111.2734	-1
16116.2793	-1
16121.2852	-1
16126.2910	-1
16131.2969	-1
16136.3027	-1
16141.3086	-1
16146.3145	-1
16151.3203	-1
16156.3262	-1
16161.3320	-1
16166.3379	-1
16171.3438	-1
16176.3496	-1
16181.3555	-1
16186.3613	-1
16191.3672	-1
16196.3730	-1
16201.3789	-1
16206.3848	-1
16211.3906	-1
16216.3965	-1
16221.4023	-1
16226.4082	-1
16231.4141	-1
16236.4199	-1
16241.4258	-1
16246.4316	-1
16251.4375	-1
16256.4434	-1
16261.4492	-1
16266.4551	-1
16271.4609	-1
16276.4668	-1
16281.4727	-1
16286.4785	-1
16291.4844	-1
16296.4902	-1
16301.4961	-1
16306.5020	-1
16311.5078	-1
16316.5137	-1
16321.5205	-1
16326.5273	-1
16331.5342	-1
16336.5410	-1
16341.5479	-1
16346.5547	-1
16351.5615	-1
16356.5684	-1
16361.5752	-1
16366.5820	-1
16371.5889	-1
16376.5957	-1
16381.6025	-1
16386.6094	-1
16391.6152	-1
16396.6211	-1
16401.6270	-1
16406.6328	-1
16411.6387	-1
16416.6445	-1
16421.6504	-1
16426.6562	-1
16431.6621	-1
16436.6680	-1
16441.6758	-1
16446.6836	-1
16451.6914	-1
16456.6992	-1
16461.7070	-1
16466.7148	-1
16471.7227	-1
16476.7305	-1
16481.7383	-1
16486.7461	-1
16491.7539	-1
16496.7617	-1
16501.7695	-1
16506.7773	-1
16511.7852	-1
16516.8047	1
16521.8262	-1
16526.8496	1
16531.8730	1
16536.8965	-1
16541.9199	-1
16546.9434	-1
16551.9668	-1
16556.9902	-1
16562.0137	-1
16567.0371	-1
16572.0605	-1
16577.0840	-1
16582.1074	-1
16587.1309	-1
16592.1543	-1
16597.1797	1
16602.2051	1
16607.2305	1
16612.2559	1
16617.2832	-1
16622.3105	-1
16627.3379	-1
16632.3652	-1
16637.3926	-1
16642.4199	-1
16647.4473	-1
16652.4746	-1
16657.5020	-1
16662.5293	-1
16667.5566	-1
16672.5840	-1
16677.6113	-1
16682.6387	-1
16687.6660	-1
16692.6934	-1
16697.7207	-1
16702.7480	-1
16707.7754	-1
16712.8027	-1
16717.8301	-1
16722.8574	-1
16727.8848	-1
16732.9121	-1
16737.9395	1
16742.9668	1
16747.9941	1
16753.0215	1
16758.0488	1
16763.0762	1
16768.1035	1
16773.1309	1
16778.1602	-1
16783.1895	-1
16788.2188	-1
16793.2480	-1
16798.2773	-1
16803.3066	-1
16808.3359	-1
16813.3652	-1
16818.3945	-1
16823.4238	-1
16828.4531	-1
16833.4824	-1
16838.5117	-1
16843.5410	-1
16848.5703	-1
16853.5996	-1
16858.6289	-1
16863.6582	-1
16868.6895	-1
16873.7207	-1
16878.7520	-1
16883.7832	-1
16888.8145	-1
16893.8457	-1
16898.8770	-1
16903.9082	-1
16908.9395	-1
16913.9707	-1
16919.0020	-1
16924.0332	-1
16929.0645	-1
16934.0957	-1
16939.1270	-1
16944.1582	-1
16949.1895	-1
16954.2207	-1
16959.2520	-1
16964.2832	-1
16969.3145	-1
16974.3457	-1
16979.3770	-1
16984.4082	-1
16989.4395	1
16994.4707	1
16999.5020	1
17004.5332	1
17009.5645	1
17014.5957	1
17019.6270	1
17024.6582	1
17029.6895	1
17034.7227	1
17039.7559	1
17044.7891	1
17049.8223	1
17054.8555	1
17059.8887	-1
17064.9219	-1
17069.9551	-1
17074.9883	-1
17080.0215	-1
17085.0547	-1
17090.0898	1
17095.1250	1
17100.1602	-1
17105.1953	-1
17110.2305	-1
17115.2656	-1
17120.3008	-1
17125.3359	-1
17130.3711	-1
17135.4062	-1
17140.4414	-1
17145.4766	-1
17150.5117	-1
17155.5469	-1
17160.5820	-1
17165.6172	-1
17170.6523	-1
17175.6875	-1
17180.7227	-1
17185.7578	-1
17190.7949	-1
17195.8320	-1
17200.8691	-1
17205.9062	-1
17210.9434	-1
17215.9805	-1
17221.0176	-1
17226.0547	-1
17231.0918	-1
17236.1289	-1
17241.1660	-1
17246.2031	-1
17251.2402	1
17256.2773	1
17261.3145	1
17266.3516	1
17271.3887	1
17276.4258	1
17281.4629	1
17286.5000	1
17291.5371	1
17296.5742	1
17301.6113	-1
17306.6484	-1
17311.6855	-1
17316.7227	-1
17321.7598	-1
17326.7969	-1
17331.8379	-1
17336.8789	-1
17341.9199	-1
17346.9609	-1
17352.0020	-1
17357.0430	-1
17362.0840	-1
17367.1250	-1
17372.1660	-1
17377.2070	-1
17382.2480	-1
17387.2891	-1
17392.3301	-1
17397.3711	-1
17402.4121	-1
17407.4531	-1
17412.4941	-1
17417.5352	-1
17422.5762	-1
17427.6172	-1
17432.6582	-1
17437.6992	-1
17442.7402	-1
17447.7812	-1
17452.8223	-1
17457.8633	-1
17462.9043	-1
17467.9453	-1
17472.9863	-1
17478.0273	-1
17483.0684	1
17488.1094	1
17493.1504	-1
17498.1914	-1
17503.2324	-1
17508.2734	-1
17513.3145	-1
17518.3555	-1
17523.3965	-1
17528.4375	-1
17533.4785	-1
17538.5195	-1
17543.5605	-1
17548.6016	-1
17553.6426	-1
17558.6836	-1
17563.7246	-1
17568.7656	-1
17573.8066	-1
17578.8477	-1
17583.8906	-1
17588.9336	-1
17593.9766	-1
17599.0195	-1
17604.0625	-1
17609.1055	-1
17614.1504	-1
17619.1953	-1
17624.2402	-1
17629.2852	-1
17634.3301	-1
17639.3750	-1
17644.4199	1
17649.4648	1
17654.5098	-1
17659.5547	-1
17664.5996	-1
17669.6445	-1
17674.6895	-1
17679.7344	-1
17684.7793	1
17689.8242	1
17694.8691	-1
17699.9141	-1
17704.9590	-1
17710.0039	-1
17715.0488	-1
17720.0938	-1
17725.1387	1
17730.1836	1
17735.2285	1
17740.2734	1
17745.3184	-1
17750.3633	-1
17755.4082	-1
17760.4531	-1
17765.4980	-1
17770.5430	-1
17775.5879	1
17780.6328	1
17785.6777	1
17790.7227	1
17795.7676	-1
17800.8125	-1
17805.8574	-1
17810.9023	-1
17815.9473	-1
17820.9922	-1
17826.0371	1
17831.0820	1
17836.1270	1
17841.1719	-1
17846.2168	1
17851.2617	-1
17856.3066	-1
17861.3516	-1
17866.3965	-1
17871.4414	-1
17876.4863	-1
17881.5312	-1
17886.5762	-1
17891.6211	-1
17896.6660	-1
17901.7109	-1
17906.7598	-1
17911.8086	-1
17916.8574	-1
17921.9062	-1
17926.9551	-1
17932.0039	-1
17937.0547	-1
17942.1055	-1
17947.1562	-1
17952.2070	-1
17957.2578	-1
17962.3086	-1
17967.3594	-1
17972.4102	-1
17977.4609	-1
17982.5117	-1
17987.5625	-1
17992.6133	-1
17997.6641	-1
18002.7148	-1
18007.7656	-1
18012.8164	-1
18017.8672	-1
18022.9180	-1
18027.9688	-1
18033.0195	-1
18038.0703	-1
18043.1211	-1
18048.1719	-1
18053.2227	-1
18058.2754	-1
18063.3281	-1
18068.3809	-1
18073.4336	-1
18078.4863	-1
18083.5391	-1
18088.5918	-1
18093.6445	-1
18098.6973	-1
18103.7500	-1
18108.8027	-1
18113.8555	-1
18118.9082	-1
18123.9609	-1
18129.0137	-1
18134.0664	-1
18139.1191	-1
18144.1719	-1
18149.2246	-1
18154.2773	-1
18159.3301	-1
18164.3828	-1
18169.4355	-1
18174.4883	-1
18179.5410	1
18184.5938	1
18189.6465	-1
18194.6992	-1
18199.7520	-1
18204.8047	-1
18209.8574	-1
18214.9102	-1
18219.9629	1
18225.0156	1
18230.0684	1
18235.1211	1
18240.1738	-1
18245.2266	-1
18250.2793	-1
18255.3320	-1
18260.3848	-1
18265.4375	-1
18270.4902	1
18275.5430	1
18280.5957	1
18285.6484	1
18290.7012	-1
18295.7539	-1
18300.8066	-1
18305.8594	-1
18310.9121	-1
18315.9648	-1
18321.0176	1
18326.0703	1
18331.1230	1
18336.1758	-1
18341.2285	-1
18346.2812	-1
18351.3340	-1
18356.3867	-1
18361.4395	-1
18366.4922	-1
18371.5449	-1
18376.5977	-1
18381.6504	-1
18386.7031	-1
18391.7559	-1
18396.8086	-1
18401.8613	-1
18406.9141	-1
18411.9668	-1
18417.0195	-1
18422.0723	-1
18427.1270	-1
18432.1816	-1
18437.2363	-1
18442.2910	-1
18447.3457	-1
18452.4004	-1
18457.4551	-1
18462.5098	-1
18467.5645	-1
18472.6191	-1
18477.6738	-1
18482.7285	-1
18487.7832	-1
18492.8379	-1
18497.8926	-1
18502.9473	-1
18508.0020	-1
18513.0566	-1
18518.1133	-1
18523.1699	-1
18528.2266	-1
18533.2832	-1
18538.3398	-1
18543.3965	-1
18548.4531	-1
18553.5098	-1
18558.5664	-1
18563.6230	-1
18568.6797	-1
18573.7363	-1
18578.7930	-1
18583.8496	-1
18588.9062	-1
18593.9629	-1
18599.0195	-1
18604.0762	-1
18609.1348	-1
18614.1934	-1
18619.2520	-1
18624.3105	-1
18629.3691	-1
18634.4277	-1
18639.4883	-1
18644.5488	-1
18649.6094	-1
18654.6699	-1
18659.7305	-1
18664.7910	-1
18669.8516	-1
18674.9121	-1
18679.9727	-1
18685.0332	-1
18690.0938	-1
18695.1543	-1
18700.2148	-1
18705.2754	-1
18710.3359	-1
18715.3965	-1
18720.4570	-1
18725.5176	-1
18730.5781	-1
18735.6387	-1
18740.6992	-1
18745.7598	-1
18750.8203	-1
18755.8809	-1
18760.9414	-1
18766.0020	-1
18771.0625	-1
18776.1230	-1
18781.1836	-1
18786.2441	-1
18791.3047	-1
18796.3652	-1
18801.4258	-1
18806.4863	-1
18811.5469	-1
18816.6074	-1
18821.6680	-1
18826.7285	-1
18831.7891	-1
18836.8496	-1
18841.9102	-1
18846.9707	-1
18852.0312	-1
18857.0918	-1
18862.1523	-1
18867.2129	-1
18872.2734	-1
18877.3340	-1
18882.3965	-1
18887.4590	-1
18892.5215	-1
18897.5840	-1
18902.6465	-1
18907.7090	-1
18912.7715	-1
18917.8340	-1
18922.8965	-1
18927.9590	-1
18933.0215	-1
18938.0840	-1
18943.1484	-1
18948.2129	-1
18953.2773	-1
18958.3418	-1
18963.4062	-1
18968.4707	-1
18973.5352	-1
18978.5996	-1
18983.6641	-1
18988.7285	-1
18993.7930	-1
18998.8574	-1
19003.9219	-1
19009.0000	1
19014.0781	-1
19019.1582	1
19024.2383	1
19029.3184	-1
19034.3984	-1
19039.4785	-1
19044.5586	-1
19049.6387	-1
19054.7188	-1
19059.7988	-1
19064.8789	-1
19069.9590	-1
19075.0391	-1
19080.1191	-1
19085.1992	-1
19090.2793	1
19095.3594	1
19100.4395	1
19105.5195	1
19110.6016	-1
19115.6836	-1
19120.7656	-1
19125.8477	-1
19130.9297	-1
19136.0117	-1
19141.0938	-1
19146.1758	-1
19151.2578	-1
19156.3398	-1
19161.4219	-1
19166.5039	-1
19171.5859	-1
19176.6680	-1
19181.7500	-1
19186.8320	-1
19191.9141	-1
19196.9961	-1
19202.0781	-1
19207.1602	-1
19212.2422	-1
19217.3242	-1
19222.4062	-1
19227.5020	1
19232.5996	-1
19237.6973	1
19242.7949	1
19247.8945	-1
19252.9941	-1
19258.0938	-1
19263.1934	-1
19268.2930	-1
19273.3926	-1
19278.4922	-1
19283.5918	-1
19288.6914	-1
19293.7910	-1
19298.8906	-1
19303.9902	-1
19309.0898	1
19314.1895	1
19319.2891	1
19324.3887	1
19329.4902	-1
19334.5918	-1
19339.6934	-1
19344.7949	-1
19349.8965	-1
19354.9980	-1
19360.0996	-1
19365.2012	-1
19370.3027	-1
19375.4043	-1
19380.5059	-1
19385.6074	-1
19390.7090	-1
19395.8105	-1
19400.9121	-1
19406.0137	-1
19411.1152	-1
19416.2168	-1
19421.3184	-1
19426.4199	-1
19431.5215	-1
19436.6230	-1
19441.7246	-1
19446.8262	-1
19451.9277	1
19457.0293	1
19462.1309	1
19467.2344	1
19472.3379	1
19477.4414	1
19482.5449	1
19487.6484	1
19492.7539	-1
19497.8594	-1
19502.9648	-1
19508.0703	-1
19513.1758	-1
19518.2812	-1
19523.3867	-1
19528.4922	-1
19533.5977	-1
19538.7031	-1
19543.8086	-1
19548.9141	-1
19554.0195	-1
19559.1250	-1
19564.2305	-1
19569.3359	-1
19574.4414	-1
19579.5469	-1
19584.6523	-1
19589.7578	-1
19594.8633	-1
19599.9688	-1
19605.0742	-1
19610.1797	-1
19615.2852	-1
19620.3906	-1
19625.4961	-1
19630.6016	-1
19635.7070	-1
19640.8125	-1
19645.9199	-1
19651.0273	-1
19656.1348	-1
19661.2422	-1
19666.3496	-1
19671.4570	-1
19676.5645	-1
19681.6719	-1
19686.7793	-1
19691.8867	-1
19696.9941	-1
19702.1016	-1
19707.2090	-1
19712.3164	-1
19717.4238	-1
19722.5449	1
19727.6660	-1
19732.7891	1
19737.9121	1
19743.0352	-1
19748.1582	-1
19753.2812	-1
19758.4043	-1
19763.5273	-1
19768.6504	-1
19773.7734	-1
19778.8965	-1
19784.0195	-1
19789.1426	-1
19794.2656	-1
19799.3887	-1
19804.5117	1
19809.6367	1
19814.7617	1
19819.8867	1
19825.0117	-1
19830.1367	-1
19835.2617	-1
19840.3867	-1
19845.5117	-1
19850.6367	-1
19855.7617	-1
19860.8867	-1
19866.0117	-1
19871.1367	-1
19876.2617	-1
19881.3867	-1
19886.5137	1
19891.6406	1
19896.7676	-1
19901.8945	-1
19907.0215	-1
19912.1484	-1
19917.2754	-1
19922.4023	-1
19927.5293	-1
19932.6562	-1
19937.7832	-1
19942.9102	-1
19948.0371	-1
19953.1641	-1
19958.2910	1
19963.4180	1
19968.5449	1
19973.6719	1
19978.7988	1
19983.9277	1
19989.0566	-1
19994.1855	-1
19999.3145	-1
20004.4434	-1
20009.5723	-1
20014.7012	-1
20019.8301	-1
20024.9590	-1
20030.0879	-1
20035.2168	-1
20040.3457	-1
20045.4746	-1
20050.6035	-1
20055.7324	-1
20060.8613	-1
20065.9902	-1
20071.1191	-1
20076.2480	-1
20081.3789	-1
20086.5098	-1
20091.6406	-1
20096.7715	-1
20101.9023	-1
20107.0332	-1
20112.1641	-1
20117.2949	-1
20122.4258	-1
20127.5566	-1
20132.6875	-1
20137.8184	-1
20142.9492	-1
20148.0801	-1
20153.2109	-1
20158.3418	-1
20163.4727	-1
20168.6035	-1
20173.7344	1
20178.8652	1
20183.9961	1
20189.1270	1
20194.2578	1
20199.3887	1
20204.5195	1
20209.6504	1
20214.7812	1
20219.9121	1
20225.0430	1
20230.1738	1
20235.3066	-1
20240.4395	-1
20245.5723	-1
20250.7051	-1
20255.8379	-1
20260.9707	-1
20266.1035	-1
20271.2363	-1
20276.3691	-1
20281.5020	-1
20286.6348	-1
20291.7676	-1
20296.9004	1
20302.0332	1
20307.1660	1
20312.2988	1
20317.4336	-1
20322.5684	-1
20327.7031	-1
20332.8379	-1
20337.9727	-1
20343.1074	-1
20348.2422	1
20353.3770	1
20358.5137	-1
20363.6504	-1
20368.7871	-1
20373.9238	-1
20379.0605	-1
20384.1973	-1
20389.3340	-1
20394.4707	-1
20399.6074	-1
20404.7441	-1
20409.8809	-1
20415.0176	-1
20420.1543	-1
20425.2910	-1
20430.4277	-1
20435.5645	-1
20440.7012	-1
20445.8379	-1
20450.9746	-1
20456.1113	-1
20461.2500	-1
20466.3887	-1
20471.5273	-1
20476.6660	-1
20481.8047	-1
20486.9434	-1
20492.0820	-1
20497.2207	-1
20502.3594	-1
20507.4980	-1
20512.6367	-1
20517.7754	-1
20522.9141	-1
20528.0527	-1
20533.1914	-1
20538.3301	-1
20543.4688	-1
20548.6074	-1
20553.7461	-1
20558.8848	-1
20564.0234	-1
20569.1621	-1
20574.3008	-1
20579.4395	-1
20584.5781	-1
20589.7168	-1
20594.8555	-1
20599.9941	-1
20605.1328	-1
20610.2715	-1
20615.4102	-1
20620.5488	-1
20625.6875	-1
20630.8262	-1
20635.9648	-1
20641.1035	-1
20646.2422	-1
20651.3809	-1
20656.5195	-1
20661.6582	-1
20666.7969	-1
20671.9355	-1
20677.0742	-1
20682.2129	-1
20687.3516	-1
20692.4902	-1
20697.6309	1
20702.7715	1
20707.9121	1
20713.0527	1
20718.1934	1
20723.3340	1
20728.4746	1
20733.6152	1
20738.7559	1
20743.8965	1
20749.0371	1
20754.1777	1
20759.3184	1
20764.4590	1
20769.5996	1
20774.7402	1
20779.8809	1
20785.0215	1
20790.1621	1
20795.3027	1
20800.4434	1
20805.5840	1
20810.7266	-1
20815.8691	-1
20821.0117	-1
20826.1543	-1
20831.2969	-1
20836.4395	-1
20841.5820	-1
20846.7246	-1
20851.8672	-1
20857.0098	-1
20862.1523	-1
20867.2949	-1
20872.4375	-1
20877.5801	-1
20882.7227	-1
20887.8652	-1
20893.0078	-1
20898.1504	-1
20903.2930	-1
20908.4355	-1
20913.5781	-1
20918.7207	-1
20923.8633	-1
20929.0059	-1
20934.1523	-1
20939.2988	-1
20944.4453	-1
20949.5918	-1
20954.7383	-1
20959.8848	-1
20965.0312	-1
20970.1777	-1
20975.3242	-1
20980.4707	-1
20985.6172	-1
20990.7637	-1
20995.9102	-1
21001.0566	-1
21006.2031	-1
21011.3496	-1
21016.4961	-1
21021.6426	-1
21026.7891	-1
21031.9355	-1
21037.0820	-1
21042.2285	-1
21047.3750	-1
21052.5215	-1
21057.6680	-1
21062.8145	-1
21067.9609	-1
21073.1074	-1
21078.2539	-1
21083.4004	-1
21088.5488	1
21093.6973	1
21098.8457	1
21103.9941	1
21109.1426	1
21114.2910	1
21119.4395	1
21124.5879	1
21129.7363	1
21134.8848	1
21140.0332	1
21145.1816	1
21150.3301	1
21155.4785	1
21160.6270	1
21165.7754	1
21170.9258	-1
21176.0762	-1
21181.2266	-1
21186.3770	-1
21191.5273	-1
21196.6777	-1
21201.8281	-1
21206.9785	-1
21212.1289	-1
21217.2793	-1
21222.4297	-1
21227.5801	-1
21232.7305	-1
21237.8809	-1
21243.0312	-1
21248.1816	-1
21253.3320	-1
21258.4824	-1
21263.6328	-1
21268.7832	-1
21273.9336	-1
21279.0840	-1
21284.2344	-1
21289.3848	-1
21294.5352	-1
21299.6855	-1
21304.8359	-1
21309.9863	-1
21315.1367	-1
21320.2871	-1
21325.4375	1
21330.5879	1
21335.7422	1
21340.8965	1
21346.0508	-1
21351.2051	-1
21356.3594	-1
21361.5137	-1
21366.6680	-1
21371.8223	-1
21376.9766	-1
21382.1309	-1
21387.2852	-1
21392.4395	-1
21397.5938	-1
21402.7480	-1
21407.9043	-1
21413.0605	-1
21418.2168	-1
21423.3730	-1
21428.5293	-1
21433.6855	-1
21438.8418	1
21443.9980	-1
21449.1543	-1
21454.3105	-1
21459.4668	-1
21464.6230	-1
21469.7793	-1
21474.9355	-1
21480.0918	-1
21485.2480	-1
21490.4043	-1
21495.5605	-1
21500.7168	-1
21505.8730	1
21511.0293	1
21516.1855	-1
21521.3418	-1
21526.4980	-1
21531.6543	-1
21536.8105	-1
21541.9668	-1
21547.1250	-1
21552.2832	-1
21557.4414	-1
21562.5996	-1
21567.7578	-1
21572.9160	-1
21578.0742	-1
21583.2324	-1
21588.3906	-1
21593.5488	-1
21598.7070	-1
21603.8652	-1
21609.0254	-1
21614.1855	-1
21619.3457	-1
21624.5059	-1
21629.6660	-1
21634.8262	-1
21639.9883	-1
21645.1504	-1
21650.3125	-1
21655.4746	-1
21660.6367	-1
21665.7988	-1
21670.9609	-1
21676.1230	-1
21681.2852	-1
21686.4473	-1
21691.6094	-1
21696.7715	-1
21701.9336	-1
21707.0957	-1
21712.2578	-1
21717.4199	-1
21722.5820	-1
21727.7441	-1
21732.9062	-1
21738.0684	-1
21743.2305	-1
21748.3926	-1
21753.5547	-1
21758.7168	-1
21763.8789	-1
21769.0410	-1
21774.2031	-1
21779.3652	-1
21784.5273	-1
21789.6895	-1
21794.8516	-1
21800.0137	-1
21805.1758	-1
21810.3379	-1
21815.5000	-1
21820.6621	-1
21825.8242	-1
21830.9863	-1
21836.1484	-1
21841.3105	-1
21846.4727	-1
21851.6348	-1
21856.7969	-1
21861.9590	-1
21867.1211	-1
21872.2832	-1
21877.4453	-1
21882.6074	-1
21887.7695	-1
21892.9316	-1
21898.0938	-1
21903.2559	-1
21908.4180	-1
21913.5801	-1
21918.7422	-1
21923.9043	-1
21929.0664	-1
21934.2285	-1
21939.3906	-1
21944.5527	-1
21949.7148	-1
21954.8770	-1
21960.0391	-1
21965.2012	-1
21970.3633	-1
21975.5254	-1
21980.6875	-1
21985.8496	-1
21991.0117	-1
21996.1738	-1
22001.3359	-1
22006.4980	-1
22011.6641	-1
22016.8301	-1
22021.9961	-1
22027.1621	-1
22032.3281	-1
22037.4941	-1
22042.6602	-1
22047.8262	-1
22052.9922	-1
22058.1582	-1
22063.3242	-1
22068.4902	-1
22073.6562	-1
22078.8223	-1
22083.9883	-1
22089.1543	-1
22094.3203	-1
22099.4863	-1
22104.6523	-1
22109.8184	-1
22114.9844	-1
22120.1504	-1
22125.3164	-1
22130.4824	-1
22135.6484	-1
22140.8145	-1
22145.9805	-1
22151.1465	-1
22156.3125	-1
22161.4785	-1
22166.6445	-1
22171.8105	-1
22176.9766	-1
22182.1426	-1
22187.3086	-1
22192.4746	-1
22197.6406	-1
22202.8066	-1
22207.9727	-1
22213.1387	-1
22218.3047	-1
22223.4707	-1
22228.6367	-1
22233.8027	-1
22238.9688	-1
22244.1348	-1
22249.3008	-1
22254.4668	-1
22259.6328	-1
22264.7988	-1
22269.9648	-1
22275.1309	-1
22280.2969	-1
22285.4629	-1
22290.6289	-1
22295.7949	-1
22300.9609	-1
22306.1270	-1
22311.2930	-1
22316.4590	-1
22321.6250	-1
22326.7910	-1
22331.9570	-1
22337.1230	-1
22342.2891	-1
22347.4551	-1
22352.6230	-1
22357.7910	-1
22362.9590	-1
22368.1270	-1
22373.2949	-1
22378.4629	-1
22383.6309	-1
22388.7988	-1
22393.9668	-1
22399.1348	-1
22404.3027	-1
22409.4707	-1
22414.6387	-1
22419.8066	-1
22424.9746	-1
22430.1426	-1
22435.3105	-1
22440.4785	-1
22445.6465	-1
22450.8145	-1
22455.9824	-1
22461.1504	-1
22466.3184	-1
22471.4863	-1
22476.6543	-1
22481.8223	-1
22486.9902	-1
22492.1582	-1
22497.3262	-1
22502.4941	-1
22507.6758	1
22512.8594	-1
22518.0430	1
22523.2266	1
22528.4121	-1
22533.5977	-1
22538.7832	-1
22543.9688	-1
22549.1543	-1
22554.3398	-1
22559.5254	-1
22564.7109	-1
22569.8965	-1
22575.0820	-1
22580.2793	1
22585.4785	-1
22590.6777	1
22595.8770	1
22601.0781	-1
22606.2793	-1
22611.4805	-1
22616.6816	-1
22621.8828	-1
22627.0840	-1
22632.2852	-1
22637.4863	-1
22642.6875	-1
22647.8887	-1
22653.1035	1
22658.3184	-1
22663.5352	1
22668.7520	1
22673.9688	-1
22679.1855	-1
22684.4023	-1
22689.6191	-1
22694.8359	-1
22700.0527	-1
22705.2695	-1
22710.4863	-1
22715.7031	-1
22720.9199	-1
22726.1367	-1
22731.3535	-1
22736.5723	1
22741.7910	1
22747.0098	1
22752.2285	1
22757.4473	-1
22762.6660	-1
22767.8848	-1
22773.1035	-1
22778.3223	-1
22783.5410	-1
22788.7598	-1
22793.9785	-1
22799.1973	-1
22804.4160	-1
22809.6348	-1
22814.8535	-1
22820.0742	1
22825.2949	1
22830.5156	-1
22835.7363	-1
22840.9570	-1
22846.1777	-1
22851.3984	-1
22856.6191	-1
22861.8398	1
22867.0605	1
22872.2812	-1
22877.5020	-1
22882.7227	-1
22887.9434	-1
22893.1641	-1
22898.3848	-1
22903.6055	1
22908.8262	1
22914.0469	1
22919.2676	1
22924.4902	-1
22929.7129	-1
22934.9355	-1
22940.1582	-1
22945.3809	-1
22950.6035	-1
22955.8262	1
22961.0488	1
22966.2715	-1
22971.4941	-1
22976.7168	-1
22981.9395	-1
22987.1621	-1
22992.3848	-1
22997.6074	1
23002.8301	1
23008.0547	-1
23013.2793	-1
23018.5039	-1
23023.7285	-1
23028.9531	-1
23034.1777	-1
23039.4023	-1
23044.6270	-1
23049.8516	-1
23055.0781	-1
23060.3047	-1
23065.5312	-1
23070.7578	-1
23075.9844	-1
23081.2109	-1
23086.4375	-1
23091.6641	-1
23096.8906	-1
23102.1172	-1
23107.3438	-1
23112.5703	-1
23117.7969	-1
23123.0234	-1
23128.2500	-1
23133.4766	-1
23138.7031	-1
23143.9297	1
23149.1562	-1
23154.3828	-1
23159.6094	-1
23164.8359	-1
23170.0625	1
23175.2910	-1
23180.5195	-1
23185.7480	-1
23190.9766	-1
23196.2051	-1
23201.4336	-1
23206.6621	-1
23211.8906	-1
23217.1191	-1
23222.3477	-1
23227.5762	-1
23232.8047	-1
23238.0332	-1
23243.2617	-1
23248.4902	-1
23253.7188	-1
23258.9473	-1
23264.1758	-1
23269.4043	-1
23274.6328	-1
23279.8613	-1
23285.0898	-1
23290.3184	-1
23295.5469	-1
23300.7754	-1
23306.0039	-1
23311.2324	-1
23316.4609	-1
23321.6895	-1
23326.9180	-1
23332.1465	-1
23337.3750	-1
23342.6035	-1
23347.8320	-1
23353.0605	-1
23358.2891	-1
23363.5176	-1
23368.7461	-1
23373.9883	1
23379.2305	-1
23384.4746	1
23389.7188	1
23394.9629	-1
23400.2070	-1
23405.4512	-1
23410.7090	1
23415.9688	-1
23421.2285	1
23426.4883	1
23431.7480	-1
23437.0078	-1
23442.2676	-1
23447.5273	-1
23452.7871	-1
23458.0469	-1
23463.3066	-1
23468.5664	-1
23473.8262	-1
23479.0859	-1
23484.3457	-1
23489.6055	-1
23494.8672	1
23500.1289	1
23505.3906	1
23510.6523	1
23515.9141	-1
23521.1758	-1
23526.4375	-1
23531.6992	-1
23536.9609	-1
23542.2227	-1
23547.4863	-1
23552.7500	-1
23558.0137	-1
23563.2773	-1
23568.5410	-1
23573.8047	-1
23579.0684	-1
23584.3320	-1
23589.5957	-1
23594.8594	-1
23600.1230	-1
23605.3867	-1
23610.6504	-1
23615.9141	-1
23621.1777	-1
23626.4414	-1
23631.7051	-1
23636.9805	1
23642.2578	-1
23647.5352	1
23652.8125	1
23658.0918	-1
23663.3711	-1
23668.6504	-1
23673.9297	-1
23679.2207	1
23684.5137	-1
23689.8086	1
23695.1035	1
23700.3984	-1
23705.6934	-1
23710.9883	-1
23716.2832	-1
23721.5781	-1
23726.8730	-1
23732.1680	-1
23737.4629	-1
23742.7578	-1
23748.0527	-1
23753.3477	-1
23758.6426	-1
23763.9375	1
23769.2324	1
23774.5273	1
23779.8223	1
23785.1191	-1
23790.4160	-1
23795.7129	-1
23801.0098	-1
23806.3066	-1
23811.6035	-1
23816.9004	-1
23822.1973	-1
23827.4941	-1
23832.7910	-1
23838.0879	-1
23843.3848	-1
23848.6816	-1
23853.9785	-1
23859.2754	-1
23864.5723	-1
23869.8691	-1
23875.1660	-1
23880.4629	-1
23885.7598	-1
23891.0566	-1
23896.3535	-1
23901.6504	-1
23906.9473	-1
23912.2441	1
23917.5410	1
23922.8379	1
23928.1367	-1
23933.4355	-1
23938.7344	-1
23944.0332	-1
23949.3320	-1
23954.6309	-1
23959.9297	-1
23965.2285	-1
23970.5273	-1
23975.8262	-1
23981.1250	-1
23986.4238	-1
23991.7227	-1
23997.0332	1
24002.3457	-1
24007.6582	1
24012.9707	1
24018.2852	-1
24023.5996	-1
24028.9141	-1
24034.2285	-1
24039.5430	-1
24044.8574	-1
24050.1719	-1
24055.4863	-1
24060.8008	-1
24066.1152	-1
24071.4297	-1
24076.7441	-1
24082.0586	1
24087.3730	1
24092.6875	1
24098.0020	1
24103.3184	-1
24108.6348	-1
24113.9512	-1
24119.2676	-1
24124.5840	-1
24129.9004	-1
24135.2168	-1
24140.5332	-1
24145.8496	-1
24151.1660	-1
24156.4824	-1
24161.7988	-1
24167.1152	-1
24172.4316	-1
24177.7480	-1
24183.0645	-1
24188.3809	-1
24193.6973	-1
24199.0137	-1
24204.3438	1
24209.6758	-1
24215.0078	1
24220.3398	1
24225.6719	-1
24231.0039	-1
24236.4453	-1
24241.8867	1
