0.0000	0
0.0416	1
1.6261	-1
2.0197	888
2.0768	888
2.1297	888
2.8888	-888
2.8938	-888
2.9068	888
2.9272	-888
3.1668	-888
3.2111	1
3.2483	888
3.2672	888
3.4620	-888
3.5316	-888
3.5445	-888
3.5728	-888
3.6158	-888
3.6374	-888
3.6668	-888
3.7271	-888
3.7584	-888
3.9857	888
4.1233	888
4.1512	-888
4.1523	-888
4.1666	-888
4.1790	-888
4.2022	-888
4.2123	-888
4.2387	888
4.2821	888
4.3254	-888
4.3688	888
4.4155	-888
4.4532	888
4.4616	-888
4.4708	-888
4.4938	-888
4.5151	888
4.5763	888
4.6441	888
4.7772	888
4.7843	-888
4.8094	-888
4.8564	888
4.8730	-888
4.9307	-888
4.9407	-888
4.9542	-888
4.9724	-888
5.0504	888
5.0940	-888
5.1036	-888
5.2489	-888
5.3242	-888
5.3480	888
5.3822	-888
5.4023	888
5.4245	-888
5.4668	-888
5.5321	888
5.6070	-888
5.7257	-888
5.7784	-888
5.8835	888
5.9156	888
6.0228	-888
6.0343	-888
6.1177	-888
6.1590	-888
6.3440	888
6.4883	-888
6.5777	-888
6.5893	-888
6.5993	-888
6.6179	-888
6.6339	-888
6.6663	888
6.6959	888
6.7486	888
6.7806	888
6.7932	888
6.8219	-888
6.8521	-888
6.8668	-888
6.9267	888
6.9920	888
6.9930	888
7.0926	888
7.1513	888
7.1639	-888
7.1968	888
7.2280	-888
7.2289	-888
7.4084	-888
7.4113	888
7.4304	888
7.4663	-888
7.4870	888
7.5204	-888
7.5310	-888
7.5467	888
7.6435	888
7.6772	-888
7.7091	-888
7.7157	888
7.7851	-888
7.7857	-888
7.8584	888
7.8641	888
7.9291	888
7.9393	-888
7.9447	-888
8.0076	888
8.0267	-888
8.0278	-888
8.0446	-888
8.0776	-888
8.1189	888
8.1367	-888
8.2052	888
8.2603	-888
8.3148	-888
8.3261	-888
8.3807	888
8.4657	-888
8.5441	-888
8.5883	-888
8.6336	-888
8.6992	888
8.8220	888
8.9024	-888
8.9129	-888
8.9307	888
8.9788	888
9.0109	-888
9.0389	888
9.0768	888
9.3109	888
9.3538	-888
9.3675	888
9.4051	888
9.4217	-888
9.4485	-888
9.4901	-888
9.6066	888
9.7369	888
9.7846	-888
9.8407	-888
9.9571	-888
10.0446	888
10.0669	888
10.1624	888
10.3080	-888
10.4105	888
10.5662	-888
10.5788	888
10.5993	1
10.6161	888
10.6330	-888
10.6794	888
10.7021	-888
10.8905	888
10.9727	888
11.0169	888
11.0603	888
11.2435	888
11.3142	888
11.3360	888
11.4003	888
11.5401	888
11.7795	-888
12.0808	888
12.3326	888
12.4431	888
12.5601	888
12.5850	888
12.7717	888
12.8443	888
12.9384	888
13.4664	-888
13.7184	888
13.8243	888
13.8769	888
14.4230	888
14.4379	888
14.7951	888
15.2734	888
15.3966	888
16.7816	888
17.4826	888
17.6015	888
17.9891	-1
19.8927	888
25.3793	1
32.7695	1
40.1610	-1
47.5525	-1
54.9440	-1
62.3355	-1
69.7270	-1
77.1185	-1
84.5100	-1
91.9016	-1
99.2933	-1
106.6849	-1
114.0765	-1
121.4681	-1
128.8600	1
136.2520	1
143.6441	1
151.0361	1
158.4298	-1
165.8235	-1
173.2172	-1
180.6109	-1
188.0046	-1
195.3983	-1
202.7921	-1
210.1859	-1
217.5797	-1
224.9736	-1
232.3674	-1
239.7612	-1
247.1551	-1
254.5490	-1
261.9430	-1
269.3369	-1
276.7308	-1
284.1247	-1
291.5187	-1
298.9128	-1
306.3068	-1
313.7009	-1
321.0949	-1
328.4890	-1
335.8832	1
343.2774	1
350.6717	1
358.0660	1
365.4605	1
372.8550	1
380.2498	1
387.6446	1
395.0411	-1
402.4377	-1
409.8342	-1
417.2308	-1
424.6273	-1
432.0239	-1
439.4211	1
446.8187	1
454.2162	-1
461.6138	-1
469.0113	-1
476.4089	-1
483.8064	-1
491.2040	-1
498.6017	-1
505.9994	-1
513.3971	-1
520.7948	-1
528.1925	-1
535.5902	-1
542.9881	-1
550.3860	-1
557.7839	-1
565.1818	-1
572.5797	-1
579.9775	-1
587.3755	-1
594.7736	-1
602.1716	-1
609.5696	-1
616.9676	-1
624.3656	-1
631.7637	-1
639.1617	-1
646.5599	-1
653.9580	-1
661.3561	-1
668.7543	-1
676.1525	-1
683.5507	-1
690.9489	-1
698.3470	-1
705.7452	-1
713.1434	-1
720.5421	1
727.9407	1
735.3395	1
742.7383	1
750.1372	1
757.5365	-1
764.9358	-1
772.3351	-1
779.7344	-1
787.1337	-1
794.5330	-1
801.9333	-1
809.3337	-1
816.7341	-1
824.1345	-1
831.5349	-1
838.9352	-1
846.3360	-1
853.7368	-1
861.1375	-1
868.5383	-1
875.9390	-1
883.3398	-1
890.7415	-1
898.1431	-1
905.5448	-1
912.9465	-1
920.3481	-1
927.7498	-1
935.1516	-1
942.5533	-1
949.9551	-1
957.3569	-1
964.7587	-1
972.1605	-1
979.5629	-1
986.9654	-1
994.3679	-1
1001.7703	-1
1009.1728	-1
1016.5753	-1
1023.9781	-1
1031.3811	-1
1038.7841	-1
1046.1870	-1
1053.5900	-1
1060.9929	-1
1068.3959	-1
1075.7988	-1
1083.2018	-1
1090.6047	-1
1098.0077	-1
1105.4210	1
1112.8356	-1
1120.2504	1
1127.6653	1
1135.0812	-1
1142.4971	-1
1149.9130	-1
1157.3289	-1
1164.7448	-1
1172.1606	-1
1179.5767	-1
1186.9927	-1
1194.4087	-1
1201.8247	-1
1209.2407	-1
1216.6567	-1
1224.0730	1
1231.4894	1
1238.9058	1
1246.3221	1
1253.7402	-1
1261.1583	-1
1268.5764	-1
1275.9945	-1
1283.4126	-1
1290.8307	-1
1298.2489	-1
1305.6671	-1
1313.0853	-1
1320.5035	-1
1327.9218	-1
1335.3400	-1
1342.7583	-1
1350.1766	-1
1357.5950	-1
1365.0133	-1
1372.4316	-1
1379.8500	-1
1387.2683	-1
1394.6866	-1
1402.1050	-1
1409.5233	-1
1416.9417	-1
1424.3600	-1
1431.7787	1
1439.1974	1
1446.6162	1
1454.0350	1
1461.4540	1
1468.8729	1
1476.2919	1
1483.7108	1
1491.1324	-1
1498.5541	-1
1505.9757	-1
1513.3973	-1
1520.8190	-1
1528.2406	-1
1535.6624	-1
1543.0841	-1
1550.5059	-1
1557.9276	-1
1565.3494	-1
1572.7711	-1
1580.1935	-1
1587.6158	-1
1595.0382	-1
1602.4606	-1
1609.8829	-1
1617.3053	-1
1624.7278	-1
1632.1503	-1
1639.5728	-1
1646.9952	-1
1654.4177	-1
1661.8402	-1
1669.2628	-1
1676.6854	-1
1684.1080	-1
1691.5306	-1
1698.9532	-1
1706.3759	-1
1713.7986	-1
1721.2213	-1
1728.6440	-1
1736.0668	-1
1743.4895	-1
1750.9122	-1
1758.3351	-1
1765.7579	-1
1773.1808	-1
1780.6036	-1
1788.0265	-1
1795.4493	-1
1802.8723	-1
1810.2953	-1
1817.7183	-1
1825.1412	-1
1832.5642	-1
1839.9872	-1
1847.4104	1
1854.8346	-1
1862.2588	-1
1869.6831	-1
1877.1171	1
1884.5522	-1
1891.9877	1
1899.4232	1
1906.8593	-1
1914.2953	-1
1921.7313	-1
1929.1674	-1
1936.6034	-1
1944.0394	-1
1951.4756	-1
1958.9117	-1
1966.3479	-1
1973.7841	-1
1981.2202	-1
1988.6564	-1
1996.0928	1
2003.5293	1
2010.9658	1
2018.4023	1
2025.8394	-1
2033.2764	-1
2040.7134	-1
2048.1504	-1
2055.5874	-1
2063.0244	-1
2070.4619	-1
2077.8994	-1
2085.3369	-1
2092.7744	-1
2100.2119	-1
2107.6494	-1
2115.0869	-1
2122.5244	-1
2129.9619	-1
2137.3994	-1
2144.8369	-1
2152.2744	-1
2159.7119	-1
2167.1494	-1
2174.5869	-1
2182.0244	-1
2189.4622	-1
2196.8999	-1
2204.3376	1
2211.7754	1
2219.2139	-1
2226.6523	-1
2234.0908	-1
2241.5293	-1
2248.9678	-1
2256.4062	-1
2263.8447	-1
2271.2832	-1
2278.7217	-1
2286.1697	1
2293.6187	-1
2301.0679	1
2308.5173	1
2315.9670	-1
2323.4175	-1
2330.8772	1
2338.3381	-1
2345.7993	1
2353.2605	1
2360.7229	-1
2368.1853	-1
2375.6477	-1
2383.1101	-1
2390.5725	-1
2398.0349	-1
2405.4976	-1
2412.9602	-1
2420.4229	-1
2427.8855	-1
2435.3481	-1
2442.8108	-1
2450.2737	1
2457.7366	1
2465.1995	1
2472.6624	1
2480.1270	-1
2487.5916	-1
2495.0562	-1
2502.5208	-1
2509.9854	-1
2517.4500	-1
2524.9146	-1
2532.3792	-1
2539.8438	-1
2547.3083	-1
2554.7729	-1
2562.2375	-1
2569.7024	-1
2577.1672	-1
2584.6321	-1
2592.0969	-1
2599.5618	-1
2607.0266	-1
2614.4917	-1
2621.9568	-1
2629.4219	-1
2636.8870	-1
2644.3521	-1
2651.8171	-1
2659.2822	1
2666.7476	1
2674.2129	1
2681.6785	1
2689.1440	1
2696.6096	1
2704.0752	1
2711.5408	1
2719.0083	-1
2726.4758	-1
2733.9434	-1
2741.4109	-1
2748.8784	-1
2756.3459	-1
2763.8142	-1
2771.2825	1
2778.7507	-1
2786.2190	-1
2793.6873	-1
2801.1555	-1
2808.6238	-1
2816.0920	1
2823.5605	-1
2831.0291	-1
2838.4976	-1
2845.9661	-1
2853.4346	-1
2860.9031	-1
2868.3716	1
2875.8401	1
2883.3088	1
2890.7776	1
2898.2466	-1
2905.7156	-1
2913.1846	-1
2920.6536	-1
2928.1226	-1
2935.5916	-1
2943.0610	-1
2950.5305	-1
2958.0000	-1
2965.4695	-1
2972.9390	-1
2980.4084	-1
2987.8782	-1
2995.3479	-1
3002.8176	-1
3010.2874	-1
3017.7571	-1
3025.2268	-1
3032.6968	-1
3040.1667	-1
3047.6367	-1
3055.1067	-1
3062.5767	-1
3070.0466	-1
3077.5166	-1
3084.9866	-1
3092.4565	-1
3099.9265	-1
3107.3965	-1
3114.8665	-1
3122.3384	-1
3129.8103	-1
3137.2822	-1
3144.7542	-1
3152.2261	-1
3159.6980	-1
3167.1702	-1
3174.6423	-1
3182.1145	-1
3189.5867	-1
3197.0588	-1
3204.5310	-1
3212.0034	-1
3219.4758	-1
3226.9482	-1
3234.4207	-1
3241.8931	-1
3249.3655	-1
3256.8379	-1
3264.3103	-1
3271.7827	-1
3279.2551	-1
3286.7275	-1
3294.2000	-1
3301.6726	-1
3309.1453	-1
3316.6179	-1
3324.0906	-1
3331.5632	-1
3339.0359	-1
3346.5085	-1
3353.9812	-1
3361.4634	1
3368.9468	-1
3376.4304	1
3383.9141	1
3391.3987	-1
3398.8833	-1
3406.3679	-1
3413.8525	-1
3421.3469	1
3428.8425	-1
3436.3384	1
3443.8342	1
3451.3311	-1
3458.8279	-1
3466.3247	-1
3473.8215	-1
3481.3186	-1
3488.8250	1
3496.3323	-1
3503.8401	1
3511.3479	1
3518.8562	-1
3526.3645	-1
3533.8728	-1
3541.3811	-1
3548.8894	-1
3556.3977	-1
3563.9062	-1
3571.4148	-1
3578.9233	-1
3586.4319	-1
3593.9404	-1
3601.4490	-1
3608.9578	1
3616.4666	1
3623.9753	1
3631.4841	1
3638.9937	-1
3646.5032	-1
3654.0127	-1
3661.5222	-1
3669.0317	-1
3676.5413	-1
3684.0513	-1
3691.5613	-1
3699.0713	-1
3706.5813	-1
3714.0913	-1
3721.6013	-1
3729.1113	-1
3736.6213	-1
3744.1313	-1
3751.6414	-1
3759.1514	-1
3766.6614	-1
3774.1714	-1
3781.6814	-1
3789.1914	-1
3796.7014	-1
3804.2114	-1
3811.7214	-1
3819.2317	1
3826.7419	1
3834.2527	1
3841.7634	1
3849.2744	1
3856.7854	1
3864.2964	1
3871.8074	1
3879.3184	-1
3886.8293	-1
3894.3403	-1
3901.8513	-1
3909.3623	-1
3916.8733	-1
3924.3845	-1
3931.8958	-1
3939.4070	-1
3946.9182	-1
3954.4294	-1
3961.9407	-1
3969.4524	1
3976.9641	1
3984.4761	1
3991.9880	1
3999.5012	-1
4007.0144	-1
4014.5276	-1
4022.0408	-1
4029.5540	-1
4037.0671	-1
4044.5806	-1
4052.0940	-1
4059.6074	-1
4067.1208	-1
4074.6343	-1
4082.1477	-1
4089.6614	-1
4097.1748	-1
4104.6885	-1
4112.2021	-1
4119.7158	-1
4127.2295	-1
4134.7432	-1
4142.2568	-1
4149.7705	-1
4157.2842	-1
4164.7979	-1
4172.3115	-1
4179.8252	-1
4187.3389	-1
4194.8525	-1
4202.3662	-1
4209.8799	-1
4217.3936	-1
4224.9072	-1
4232.4209	-1
4239.9346	-1
4247.4482	-1
4254.9619	-1
4262.4756	-1
4269.9897	-1
4277.5039	-1
4285.0181	-1
4292.5322	-1
4300.0464	-1
4307.5605	-1
4315.0747	-1
4322.5889	-1
4330.1030	-1
4337.6172	-1
4345.1313	-1
4352.6455	-1
4360.1597	-1
4367.6738	-1
4375.1880	-1
4382.7021	-1
4390.2163	-1
4397.7305	-1
4405.2446	-1
4412.7588	-1
4420.2729	-1
4427.7964	1
4435.3213	-1
4442.8467	1
4450.3721	1
4457.8984	-1
4465.4248	-1
4472.9512	-1
4480.4775	-1
4488.0039	-1
4495.5303	-1
4503.0566	-1
4510.5830	-1
4518.1094	-1
4525.6357	-1
4533.1621	-1
4540.6885	-1
4548.2153	1
4555.7422	1
4563.2690	1
4570.7959	1
4578.3242	-1
4585.8525	-1
4593.3809	-1
4600.9092	-1
4608.4375	-1
4615.9658	-1
4623.4941	-1
4631.0225	-1
4638.5508	-1
4646.0796	-1
4653.6084	-1
4661.1372	-1
4668.6660	-1
4676.1948	-1
4683.7236	-1
4691.2524	-1
4698.7812	-1
4706.3101	-1
4713.8389	-1
4721.3677	-1
4728.8965	-1
4736.4253	-1
4743.9541	-1
4751.4829	-1
4759.0117	1
4766.5410	1
4774.0703	1
4781.5996	1
4789.1289	1
4796.6582	1
4804.1899	-1
4811.7217	-1
4819.2534	-1
4826.7852	-1
4834.3169	-1
4841.8486	-1
4849.3809	-1
4856.9131	-1
4864.4453	-1
4871.9775	-1
4879.5098	-1
4887.0420	-1
4894.5742	-1
4902.1064	-1
4909.6387	-1
4917.1709	-1
4924.7031	-1
4932.2354	-1
4939.7676	-1
4947.2998	-1
4954.8320	-1
4962.3643	-1
4969.8965	-1
4977.4287	-1
4984.9609	-1
4992.4932	-1
5000.0254	-1
5007.5576	-1
5015.0898	-1
5022.6221	-1
5030.1543	-1
5037.6865	-1
5045.2188	-1
5052.7612	1
5060.3052	-1
5067.8491	1
5075.3931	1
5082.9385	-1
5090.4839	-1
5098.0293	-1
5105.5747	-1
5113.1201	-1
5120.6655	-1
5128.2109	-1
5135.7563	-1
5143.3018	-1
5150.8472	-1
5158.3926	-1
5165.9380	-1
5173.4834	1
5181.0293	1
5188.5752	1
5196.1211	1
5203.6685	-1
5211.2158	-1
5218.7632	-1
5226.3105	-1
5233.8579	-1
5241.4053	-1
5248.9526	-1
5256.5000	-1
5264.0474	-1
5271.5947	-1
5279.1421	-1
5286.6895	-1
5294.2373	-1
5301.7852	-1
5309.3330	-1
5316.8809	-1
5324.4287	-1
5331.9766	-1
5339.5244	-1
5347.0723	-1
5354.6201	-1
5362.1680	-1
5369.7158	-1
5377.2637	-1
5384.8115	1
5392.3599	1
5399.9082	1
5407.4565	1
5415.0049	1
5422.5532	1
5430.1016	1
5437.6499	1
5445.1997	-1
5452.7495	-1
5460.2993	-1
5467.8491	-1
5475.3989	-1
5482.9487	-1
5490.4990	-1
5498.0493	-1
5505.5996	-1
5513.1499	-1
5520.7002	-1
5528.2505	-1
5535.8018	-1
5543.3530	-1
5550.9043	-1
5558.4556	-1
5566.0068	-1
5573.5581	-1
5581.1099	-1
5588.6616	-1
5596.2134	-1
5603.7651	-1
5611.3169	-1
5618.8687	-1
5626.4204	-1
5633.9722	-1
5641.5239	-1
5649.0757	-1
5656.6274	-1
5664.1792	-1
5671.7314	-1
5679.2837	-1
5686.8359	-1
5694.3882	-1
5701.9404	-1
5709.4927	-1
5717.0454	-1
5724.5981	-1
5732.1509	-1
5739.7036	-1
5747.2563	-1
5754.8091	-1
5762.3618	-1
5769.9243	1
5777.4883	-1
5785.0522	1
5792.6167	1
5800.1821	-1
5807.7476	-1
5815.3130	-1
5822.8784	-1
5830.4438	-1
5838.0093	-1
5845.5747	-1
5853.1494	1
5860.7256	-1
5868.3018	1
5875.8779	1
5883.4546	-1
5891.0312	-1
5898.6084	-1
5906.1943	1
5913.7817	-1
5921.3691	1
5928.9565	1
5936.5449	-1
5944.1333	-1
5951.7217	-1
5959.3101	-1
5966.9082	1
5974.5078	-1
5982.1074	1
5989.7075	1
5997.3076	-1
6004.9077	-1
6012.5098	-1
6020.1196	1
6027.7305	-1
6035.3418	1
6042.9531	1
6050.5649	-1
6058.1772	-1
6065.7988	1
6073.4214	-1
6081.0444	1
6088.6675	1
6096.2915	-1
6103.9155	-1
6111.5488	1
6119.1836	-1
6126.8184	1
6134.4531	1
6142.0884	-1
6149.7236	-1
6157.3589	-1
6164.9951	-1
6172.6401	1
6180.2861	-1
6187.9321	1
6195.5786	1
6203.2256	-1
6210.8726	-1
6218.5195	-1
6226.1670	-1
6233.8232	1
6241.4805	-1
6249.1382	1
6256.7959	1
6264.4546	-1
6272.1133	-1
6279.7720	-1
6287.4395	1
6295.1084	-1
6302.7773	1
6310.4463	1
6318.1167	-1
6325.7871	-1
6333.4575	-1
6341.1279	-1
6348.7983	-1
6356.4688	-1
6364.1392	-1
6371.8096	-1
6379.4800	-1
6387.1504	-1
6394.8208	-1
6402.4912	-1
6410.1621	1
6417.8330	1
6425.5049	-1
6433.1768	-1
6440.8486	-1
6448.5205	-1
6456.1924	-1
6463.8643	-1
6471.5361	-1
6479.2173	1
6486.8999	-1
6494.5825	1
6502.2651	1
6509.9487	-1
6517.6323	-1
6525.3252	1
6533.0195	-1
6540.7139	1
6548.4082	1
6556.1035	-1
6563.7988	-1
6571.4941	-1
6579.1992	1
6586.9053	-1
6594.6118	1
6602.3184	1
6610.0254	-1
6617.7324	-1
6625.4395	-1
6633.1465	-1
6640.8535	-1
6648.5605	-1
6656.2681	-1
6663.9756	-1
6671.6831	-1
6679.4004	1
6687.1187	-1
6694.8374	1
6702.5562	1
6710.2759	-1
6717.9961	-1
6725.7163	-1
6733.4365	-1
6741.1567	-1
6748.8770	-1
6756.5972	-1
6764.3174	-1
6772.0376	-1
6779.7578	-1
6787.4780	-1
6795.1982	-1
6802.9185	1
6810.6387	1
6818.3594	1
6826.0801	1
6833.8018	-1
6841.5234	-1
6849.2451	-1
6856.9668	-1
6864.6885	-1
6872.4102	-1
6880.1323	-1
6887.8545	-1
6895.5767	-1
6903.2988	-1
6911.0210	-1
6918.7432	-1
6926.4653	1
6934.1880	1
6941.9106	1
6949.6333	1
6957.3564	-1
6965.0796	-1
6972.8027	-1
6980.5259	-1
6988.2490	-1
6995.9722	-1
7003.6958	1
7011.4194	-1
7019.1431	-1
7026.8667	-1
7034.5903	-1
7042.3140	-1
7050.0376	-1
7057.7617	-1
7065.4858	-1
7073.2100	-1
7080.9341	-1
7088.6582	-1
7096.3823	-1
7104.1074	-1
7111.8325	-1
7119.5576	-1
7127.2827	-1
7135.0078	-1
7142.7329	-1
7150.4580	-1
7158.1831	-1
7165.9082	-1
7173.6333	-1
7181.3584	-1
7189.0835	-1
7196.8096	-1
7204.5356	-1
7212.2617	-1
7219.9878	-1
7227.7139	-1
7235.4399	-1
7243.1660	-1
7250.8921	-1
7258.6182	-1
7266.3442	-1
7274.0703	-1
7281.7964	-1
7289.5327	1
7297.2700	-1
7305.0078	1
7312.7456	1
7320.4844	-1
7328.2231	-1
7335.9619	-1
7343.7007	-1
7351.4395	-1
7359.1782	-1
7366.9170	-1
7374.6558	-1
7382.3945	-1
7390.1333	-1
7397.8721	-1
7405.6108	-1
7413.3501	1
7421.0894	1
7428.8286	1
7436.5679	1
7444.3086	-1
7452.0493	-1
7459.7900	-1
7467.5308	-1
7475.2715	-1
7483.0122	-1
7490.7534	-1
7498.4946	-1
7506.2358	-1
7513.9771	-1
7521.7183	-1
7529.4595	-1
7537.2007	-1
7544.9419	-1
7552.6831	-1
7560.4243	-1
7568.1655	-1
7575.9067	-1
7583.6479	-1
7591.3892	-1
7599.1304	-1
7606.8716	-1
7614.6128	-1
7622.3540	-1
7630.0952	1
7637.8369	1
7645.5811	-1
7653.3252	-1
7661.0693	-1
7668.8135	-1
7676.5576	-1
7684.3018	-1
7692.0459	-1
7699.7900	-1
7707.5444	1
7715.2998	-1
7723.0557	1
7730.8115	1
7738.5679	-1
7746.3242	-1
7754.0806	-1
7761.8369	-1
7769.5933	-1
7777.3496	-1
7785.1060	-1
7792.8623	-1
7800.6187	-1
7808.3750	-1
7816.1313	-1
7823.8877	-1
7831.6445	1
7839.4014	1
7847.1582	1
7854.9150	1
7862.6729	-1
7870.4307	-1
7878.1885	-1
7885.9463	-1
7893.7041	-1
7901.4619	-1
7909.2197	-1
7916.9775	-1
7924.7354	-1
7932.4932	-1
7940.2510	-1
7948.0088	-1
7955.7666	-1
7963.5244	-1
7971.2822	-1
7979.0400	-1
7986.7979	-1
7994.5557	-1
8002.3140	-1
8010.0723	-1
8017.8306	-1
8025.5889	-1
8033.3472	-1
8041.1055	-1
8048.8638	1
8056.6221	1
8064.3804	1
8072.1387	1
8079.8975	1
8087.6562	1
8095.4150	1
8103.1738	1
8110.9341	-1
8118.6943	-1
8126.4546	-1
8134.2148	-1
8141.9751	-1
8149.7354	-1
8157.4956	-1
8165.2559	-1
8173.0161	-1
8180.7764	-1
8188.5366	-1
8196.2969	-1
8204.0576	-1
8211.8184	-1
8219.5791	-1
8227.3398	-1
8235.1006	-1
8242.8613	-1
8250.6221	-1
8258.3828	-1
8266.1436	-1
8273.9043	-1
8281.6650	-1
8289.4258	-1
8297.1865	-1
8304.9473	-1
8312.7080	-1
8320.4688	-1
8328.2295	-1
8335.9902	-1
8343.7510	-1
8351.5117	-1
8359.2725	-1
8367.0332	-1
8374.7939	-1
8382.5547	-1
8390.3154	-1
8398.0762	-1
8405.8369	-1
8413.5977	-1
8421.3584	-1
8429.1191	-1
8436.8799	-1
8444.6406	-1
8452.4014	-1
8460.1621	-1
8467.9229	-1
8475.6836	-1
8483.4443	1
8491.2061	-1
8498.9678	-1
8506.7295	-1
8514.4912	-1
8522.2529	-1
8530.0264	1
8537.8008	-1
8545.5752	1
8553.3496	1
8561.1260	-1
8568.9023	-1
8576.6787	-1
8584.4551	-1
8592.2314	-1
8600.0078	-1
8607.7842	-1
8615.5605	-1
8623.3369	-1
8631.1133	-1
8638.8896	-1
8646.6660	-1
8654.4424	1
8662.2188	1
8669.9951	1
8677.7715	1
8685.5498	-1
8693.3281	-1
8701.1064	-1
8708.8848	-1
8716.6631	-1
8724.4414	-1
8732.2197	-1
8739.9980	-1
8747.7764	-1
8755.5547	-1
8763.3330	-1
8771.1113	-1
8778.8896	-1
8786.6680	-1
8794.4463	-1
8802.2246	-1
8810.0029	-1
8817.7812	-1
8825.5605	-1
8833.3398	-1
8841.1191	-1
8848.8984	-1
8856.6777	-1
8864.4570	-1
8872.2363	1
8880.0156	1
8887.7949	1
8895.5742	1
8903.3535	1
8911.1328	1
8918.9121	1
8926.6914	1
8934.4736	-1
8942.2559	-1
8950.0381	-1
8957.8203	-1
8965.6025	-1
8973.3848	-1
8981.1670	-1
8988.9492	-1
8996.7314	-1
9004.5137	-1
9012.2959	-1
9020.0781	-1
9027.8604	-1
9035.6426	-1
9043.4248	-1
9051.2070	-1
9058.9893	-1
9066.7715	-1
9074.5547	-1
9082.3379	-1
9090.1211	-1
9097.9043	-1
9105.6875	-1
9113.4707	-1
9121.2539	-1
9129.0371	-1
9136.8203	-1
9144.6035	-1
9152.3867	-1
9160.1699	-1
9167.9531	-1
9175.7363	-1
9183.5195	-1
9191.3027	-1
9199.0859	-1
9206.8691	-1
9214.6523	-1
9222.4355	-1
9230.2188	-1
9238.0020	-1
9245.7852	-1
9253.5684	-1
9261.3516	-1
9269.1348	-1
9276.9180	-1
9284.7012	-1
9292.4844	-1
9300.2676	-1
9308.0518	1
9315.8359	1
9323.6211	-1
9331.4062	-1
9339.1914	-1
9346.9766	-1
9354.7617	-1
9362.5469	-1
9370.3320	-1
9378.1172	-1
9385.9121	1
9393.7080	-1
9401.5049	1
9409.3018	1
9417.0986	-1
9424.8955	-1
9432.6924	-1
9440.4893	-1
9448.2861	-1
9456.0830	-1
9463.8799	-1
9471.6768	-1
9479.4736	-1
9487.2705	-1
9495.0674	-1
9502.8643	-1
9510.6621	1
9518.4600	-1
9526.2578	-1
9534.0557	-1
9541.8535	-1
9549.6611	1
9557.4707	-1
9565.2803	1
9573.0898	1
9580.9004	-1
9588.7109	-1
9596.5215	-1
9604.3320	-1
9612.1426	-1
9619.9531	-1
9627.7637	-1
9635.5742	-1
9643.3848	-1
9651.1953	-1
9659.0059	-1
9666.8164	-1
9674.6270	1
9682.4375	1
9690.2490	-1
9698.0605	-1
9705.8721	-1
9713.6836	-1
9721.4951	-1
9729.3066	-1
9737.1182	-1
9744.9297	-1
9752.7510	1
9760.5732	-1
9768.3965	1
9776.2197	1
9784.0439	-1
9791.8682	-1
9799.6924	-1
9807.5166	-1
9815.3408	-1
9823.1650	-1
9830.9893	-1
9838.8135	-1
9846.6377	-1
9854.4619	-1
9862.2861	-1
9870.1104	-1
9877.9346	1
9885.7588	1
9893.5830	1
9901.4082	1
9909.2344	-1
9917.0605	-1
9924.8867	-1
9932.7129	-1
9940.5391	-1
9948.3652	-1
9956.1914	-1
9964.0176	-1
9971.8438	-1
9979.6699	-1
9987.4971	-1
9995.3242	-1
10003.1514	-1
10010.9785	-1
10018.8057	-1
10026.6328	-1
10034.4600	-1
10042.2871	-1
10050.1143	-1
10057.9414	-1
10065.7686	-1
10073.5957	-1
10081.4229	-1
10089.2500	-1
10097.0771	1
10104.9043	1
10112.7314	1
10120.5586	1
10128.3857	1
10136.2129	1
10144.0400	1
10151.8672	1
10159.6963	-1
10167.5254	-1
10175.3545	-1
10183.1836	-1
10191.0127	-1
10198.8418	-1
10206.6709	-1
10214.5000	-1
10222.3291	-1
10230.1582	-1
10237.9873	-1
10245.8164	-1
10253.6465	1
10261.4766	1
10269.3066	1
10277.1367	1
10284.9668	-1
10292.7969	-1
10300.6270	-1
10308.4570	-1
10316.2871	-1
10324.1172	-1
10331.9482	1
10339.7793	1
10347.6104	-1
10355.4414	-1
10363.2725	-1
10371.1035	-1
10378.9346	-1
10386.7656	-1
10394.5967	-1
10402.4277	-1
10410.2598	-1
10418.0918	-1
10425.9238	-1
10433.7559	-1
10441.5879	-1
10449.4199	-1
10457.2520	-1
10465.0840	-1
10472.9160	-1
10480.7480	-1
10488.5801	-1
10496.4121	-1
10504.2441	-1
10512.0762	-1
10519.9082	-1
10527.7402	-1
10535.5723	-1
10543.4043	-1
10551.2363	-1
10559.0684	-1
10566.9004	-1
10574.7324	-1
10582.5654	1
10590.3984	1
10598.2314	1
10606.0645	1
10613.8975	1
10621.7305	1
10629.5635	1
10637.3965	1
10645.2295	1
10653.0625	1
10660.8965	-1
10668.7305	-1
10676.5645	-1
10684.3984	-1
10692.2324	-1
10700.0664	-1
10707.9014	1
10715.7373	-1
10723.5732	-1
10731.4092	-1
10739.2451	-1
10747.0811	-1
10754.9170	-1
10762.7539	-1
10770.5908	-1
10778.4277	-1
10786.2646	-1
10794.1016	-1
10801.9385	-1
10809.7754	-1
10817.6123	-1
10825.4492	-1
10833.2861	-1
10841.1230	-1
10848.9600	-1
10856.7988	-1
10864.6377	-1
10872.4766	-1
10880.3154	-1
10888.1543	-1
10895.9932	-1
10903.8330	-1
10911.6729	-1
10919.5127	-1
10927.3525	-1
10935.1924	-1
10943.0322	-1
10950.8721	-1
10958.7119	-1
10966.5518	-1
10974.3916	-1
10982.2314	-1
10990.0713	-1
10997.9111	-1
11005.7510	-1
11013.5908	-1
11021.4307	-1
11029.2705	-1
11037.1104	-1
11044.9502	-1
11052.7900	-1
11060.6299	-1
11068.4697	-1
11076.3096	-1
11084.1494	-1
11091.9893	-1
11099.8291	-1
11107.6689	-1
11115.5088	-1
11123.3486	-1
11131.1885	-1
11139.0283	-1
11146.8682	-1
11154.7080	-1
11162.5479	-1
11170.3877	-1
11178.2275	-1
11186.0674	-1
11193.9072	-1
11201.7471	-1
11209.5869	-1
11217.4268	-1
11225.2666	-1
11233.1074	-1
11240.9482	-1
11248.7891	-1
11256.6299	-1
11264.4707	-1
11272.3115	-1
11280.1523	-1
11287.9932	-1
11295.8340	-1
11303.6748	-1
11311.5156	-1
11319.3564	-1
11327.1973	-1
11335.0381	-1
11342.8789	-1
11350.7197	-1
11358.5605	-1
11366.4014	-1
11374.2422	-1
11382.0830	-1
11389.9238	-1
11397.7646	-1
11405.6055	-1
11413.4463	-1
11421.2871	-1
11429.1279	-1
11436.9688	-1
11444.8096	-1
11452.6504	-1
11460.4912	-1
11468.3428	1
11476.1953	-1
11484.0479	1
11491.9004	1
11499.7539	-1
11507.6074	-1
11515.4609	-1
11523.3145	-1
11531.1680	-1
11539.0215	-1
11546.8750	-1
11554.7285	-1
11562.5820	-1
11570.4355	-1
11578.2891	-1
11586.1426	-1
11593.9971	1
11601.8516	1
11609.7061	1
11617.5605	1
11625.4170	-1
11633.2734	-1
11641.1299	-1
11648.9863	-1
11656.8428	-1
11664.6992	-1
11672.5557	-1
11680.4121	-1
11688.2686	-1
11696.1250	-1
11703.9814	-1
11711.8379	-1
11719.6943	-1
11727.5508	-1
11735.4072	-1
11743.2637	-1
11751.1201	-1
11758.9766	-1
11766.8330	-1
11774.6895	-1
11782.5459	-1
11790.4023	-1
11798.2588	-1
11806.1152	-1
11813.9717	1
11821.8281	1
11829.6846	1
11837.5410	1
11845.3975	1
11853.2539	1
11861.1104	1
11868.9668	1
11876.8252	-1
11884.6836	-1
11892.5420	-1
11900.4004	-1
11908.2588	-1
11916.1172	-1
11923.9766	1
11931.8359	1
11939.6963	-1
11947.5566	-1
11955.4170	-1
11963.2773	-1
11971.1377	-1
11978.9980	-1
11986.8584	-1
11994.7188	-1
12002.5791	-1
12010.4395	-1
12018.2998	-1
12026.1602	-1
12034.0205	-1
12041.8809	-1
12049.7412	-1
12057.6016	-1
12065.4619	-1
12073.3223	-1
12081.1826	-1
12089.0430	-1
12096.9033	-1
12104.7637	-1
12112.6240	-1
12120.4844	-1
12128.3447	-1
12136.2051	-1
12144.0654	-1
12151.9258	-1
12159.7861	-1
12167.6465	-1
12175.5068	-1
12183.3672	-1
12191.2275	-1
12199.0879	-1
12206.9482	-1
12214.8086	-1
12222.6699	-1
12230.5312	-1
12238.3926	-1
12246.2539	-1
12254.1152	-1
12261.9766	-1
12269.8389	-1
12277.7012	-1
12285.5635	-1
12293.4258	-1
12301.2881	-1
12309.1504	-1
12317.0127	-1
12324.8750	-1
12332.7373	-1
12340.6094	1
12348.4824	-1
12356.3555	1
12364.2285	1
12372.1025	-1
12379.9766	-1
12387.8506	-1
12395.7246	-1
12403.5986	-1
12411.4727	-1
12419.3467	-1
12427.2207	-1
12435.1045	1
12442.9902	-1
12450.8760	1
12458.7617	1
12466.6484	-1
12474.5352	-1
12482.4219	-1
12490.3086	-1
12498.1953	-1
12506.0820	-1
12513.9688	-1
12521.8555	-1
12529.7422	-1
12537.6289	-1
12545.5156	-1
12553.4023	-1
12561.2900	1
12569.1777	1
12577.0654	1
12584.9531	1
12592.8418	-1
12600.7305	-1
12608.6191	-1
12616.5078	-1
12624.3965	-1
12632.2852	-1
12640.1738	-1
12648.0625	-1
12655.9512	-1
12663.8398	-1
12671.7285	-1
12679.6172	-1
12687.5068	-1
12695.3965	-1
12703.2861	-1
12711.1758	-1
12719.0654	-1
12726.9551	-1
12734.8447	-1
12742.7344	-1
12750.6240	-1
12758.5137	-1
12766.4033	-1
12774.2930	-1
12782.1826	1
12790.0723	1
12797.9619	1
12805.8516	1
12813.7412	1
12821.6309	1
12829.5205	1
12837.4102	1
12845.3027	-1
12853.1953	-1
12861.0879	-1
12868.9805	-1
12876.8730	-1
12884.7656	-1
12892.6582	-1
12900.5508	-1
12908.4434	-1
12916.3359	-1
12924.2285	-1
12932.1211	-1
12940.0146	-1
12947.9082	-1
12955.8018	-1
12963.6953	-1
12971.5889	-1
12979.4824	-1
12987.3760	-1
12995.2695	-1
13003.1631	-1
13011.0566	-1
13018.9502	-1
13026.8438	-1
13034.7373	-1
13042.6309	-1
13050.5244	-1
13058.4180	-1
13066.3115	-1
13074.2051	-1
13082.0986	-1
13089.9922	-1
13097.8857	-1
13105.7793	-1
13113.6729	-1
13121.5664	-1
13129.4600	-1
13137.3535	-1
13145.2471	-1
13153.1406	-1
13161.0342	-1
13168.9277	-1
13176.8213	-1
13184.7148	-1
13192.6084	-1
13200.5020	-1
13208.3955	-1
13216.2891	-1
13224.1836	1
13232.0781	1
13239.9727	1
13247.8672	1
13255.7617	1
13263.6562	1
13271.5508	1
13279.4453	1
13287.3398	1
13295.2373	-1
13303.1348	-1
13311.0322	-1
13318.9297	-1
13326.8271	-1
13334.7246	-1
13342.6221	-1
13350.5195	-1
13358.4170	-1
13366.3145	-1
13374.2119	-1
13382.1094	-1
13390.0068	-1
13397.9043	-1
13405.8018	-1
13413.6992	-1
13421.5967	-1
13429.4941	-1
13437.3926	-1
13445.2910	-1
13453.1895	-1
13461.0879	-1
13468.9863	-1
13476.8848	-1
13484.7832	-1
13492.6816	-1
13500.5801	-1
13508.4785	-1
13516.3770	-1
13524.2754	-1
13532.1738	-1
13540.0723	-1
13547.9707	-1
13555.8691	-1
13563.7676	-1
13571.6660	-1
13579.5654	-1
13587.4648	-1
13595.3643	-1
13603.2637	-1
13611.1631	-1
13619.0625	-1
13626.9619	-1
13634.8613	-1
13642.7607	-1
13650.6602	-1
13658.5596	-1
13666.4590	-1
13674.3584	-1
13682.2578	-1
13690.1572	-1
13698.0664	1
13705.9766	-1
13713.8867	1
13721.7969	1
13729.7080	-1
13737.6191	-1
13745.5303	-1
13753.4414	-1
13761.3525	-1
13769.2637	-1
13777.1748	-1
13785.0859	-1
13792.9971	-1
13800.9082	-1
13808.8193	-1
13816.7305	-1
13824.6426	1
13832.5547	1
13840.4678	-1
13848.3809	-1
13856.2939	-1
13864.2070	-1
13872.1201	-1
13880.0332	-1
13887.9463	-1
13895.8594	-1
13903.7822	1
13911.7061	-1
13919.6299	1
13927.5537	1
13935.4785	-1
13943.4033	-1
13951.3281	-1
13959.2529	-1
13967.1777	-1
13975.1025	-1
13983.0273	-1
13990.9521	-1
13998.8770	-1
14006.8018	-1
14014.7266	-1
14022.6514	-1
14030.5762	1
14038.5010	1
14046.4268	-1
14054.3525	-1
14062.2783	-1
14070.2041	-1
14078.1299	-1
14086.0557	-1
14093.9814	-1
14101.9072	-1
14109.8330	-1
14117.7686	1
14125.7051	-1
14133.6416	1
14141.5781	1
14149.5156	-1
14157.4531	-1
14165.3906	-1
14173.3281	-1
14181.2656	-1
14189.2031	-1
14197.1406	-1
14205.0781	-1
14213.0156	-1
14220.9531	-1
14228.8906	-1
14236.8281	-1
14244.7656	1
14252.7031	1
14260.6406	1
14268.5781	1
14276.5166	-1
14284.4551	-1
14292.3936	-1
14300.3320	-1
14308.2705	-1
14316.2090	-1
14324.1475	-1
14332.0859	-1
14340.0244	-1
14347.9629	-1
14355.9014	-1
14363.8398	-1
14371.7783	-1
14379.7168	-1
14387.6553	-1
14395.5938	-1
14403.5322	-1
14411.4707	-1
14419.4092	-1
14427.3477	-1
14435.2861	-1
14443.2246	-1
14451.1631	-1
14459.1016	-1
14467.0410	1
14474.9805	1
14482.9199	1
14490.8594	1
14498.7988	1
14506.7383	1
14514.6777	1
14522.6172	1
14530.5576	-1
14538.4980	-1
14546.4385	-1
14554.3789	-1
14562.3193	-1
14570.2598	-1
14578.2002	-1
14586.1406	-1
14594.0811	-1
14602.0215	-1
14609.9619	-1
14617.9023	-1
14625.8428	-1
14633.7832	-1
14641.7236	-1
14649.6641	-1
14657.6045	-1
14665.5449	-1
14673.4854	-1
14681.4258	-1
14689.3662	-1
14697.3066	-1
14705.2471	-1
14713.1875	-1
14721.1289	1
14729.0703	1
14737.0117	1
14744.9531	1
14752.8945	1
14760.8359	1
14768.7773	1
14776.7188	1
14784.6602	-1
14792.6016	-1
14800.5430	-1
14808.4844	-1
14816.4258	-1
14824.3672	-1
14832.3096	-1
14840.2520	-1
14848.1943	-1
14856.1367	-1
14864.0791	-1
14872.0215	-1
14879.9639	-1
14887.9062	-1
14895.8486	-1
14903.7910	-1
14911.7334	-1
14919.6758	-1
14927.6182	-1
14935.5605	-1
14943.5029	-1
14951.4453	-1
14959.3877	-1
14967.3301	-1
14975.2725	-1
14983.2148	-1
14991.1572	-1
14999.0996	-1
15007.0420	-1
15014.9844	-1
15022.9277	-1
15030.8711	-1
15038.8145	-1
15046.7578	-1
15054.7012	-1
15062.6445	-1
15070.5879	-1
15078.5312	-1
15086.4746	-1
15094.4180	-1
15102.3613	-1
15110.3047	-1
15118.2490	1
15126.1934	1
15134.1377	1
15142.0820	1
15150.0264	1
15157.9707	1
15165.9150	1
15173.8594	1
15181.8037	-1
15189.7480	-1
15197.6924	-1
15205.6367	-1
15213.5811	-1
15221.5254	-1
15229.4697	-1
15237.4141	-1
15245.3584	-1
15253.3027	-1
15261.2471	-1
15269.1914	-1
15277.1357	-1
15285.0801	-1
15293.0244	-1
15300.9688	-1
15308.9131	-1
15316.8574	-1
15324.8027	1
15332.7480	1
15340.6934	1
15348.6387	1
15356.5840	1
15364.5293	1
15372.4746	1
15380.4209	-1
15388.3672	-1
15396.3135	-1
15404.2598	-1
15412.2061	-1
15420.1523	-1
15428.0996	-1
15436.0469	-1
15443.9941	-1
15451.9414	-1
15459.8887	-1
15467.8359	-1
15475.7832	-1
15483.7305	-1
15491.6777	-1
15499.6250	-1
15507.5723	-1
15515.5195	-1
15523.4668	-1
15531.4141	-1
15539.3613	-1
15547.3086	-1
15555.2559	-1
15563.2031	-1
15571.1504	-1
15579.0977	-1
15587.0449	-1
15594.9922	-1
15602.9395	-1
15610.8867	-1
15618.8340	-1
15626.7812	-1
15634.7285	-1
15642.6758	-1
15650.6230	-1
15658.5703	-1
15666.5176	-1
15674.4648	-1
15682.4121	-1
15690.3594	-1
15698.3066	-1
15706.2539	-1
15714.2021	-1
15722.1504	-1
15730.0986	-1
15738.0469	-1
15745.9951	-1
15753.9434	-1
15761.8916	-1
15769.8398	-1
15777.7881	-1
15785.7363	-1
15793.6846	-1
15801.6328	-1
15809.5811	-1
15817.5293	-1
15825.4775	-1
15833.4258	-1
15841.3740	-1
15849.3223	-1
15857.2705	-1
15865.2188	-1
15873.1670	-1
15881.1152	-1
15889.0635	-1
15897.0117	-1
15904.9600	-1
15912.9082	-1
15920.8564	-1
15928.8047	-1
15936.7529	-1
15944.7012	-1
15952.6494	-1
15960.5977	-1
15968.5459	-1
15976.4941	-1
15984.4424	-1
15992.3906	-1
16000.3398	-1
16008.2891	-1
16016.2383	-1
16024.1875	-1
16032.1367	-1
16040.0859	-1
16048.0352	-1
16055.9844	-1
16063.9336	-1
16071.8828	-1
16079.8320	-1
16087.7812	-1
16095.7305	-1
16103.6797	-1
16111.6289	-1
16119.5781	-1
16127.5273	-1
16135.4766	-1
16143.4258	-1
16151.3848	1
16159.3457	-1
16167.3066	1
16175.2676	1
16183.2295	-1
16191.1914	-1
16199.1533	-1
16207.1152	-1
16215.0771	-1
16223.0391	-1
16231.0010	-1
16238.9629	-1
16246.9248	-1
16254.8867	-1
16262.8486	-1
16270.8105	-1
16278.7822	1
16286.7559	-1
16294.7295	1
16302.7031	1
16310.6777	-1
16318.6523	-1
16326.6270	-1
16334.6016	-1
16342.5762	-1
16350.5508	-1
16358.5254	-1
16366.5000	-1
16374.4746	-1
16382.4492	-1
16390.4238	-1
16398.3984	-1
16406.3730	1
16414.3477	1
16422.3223	1
16430.2969	1
16438.2734	-1
16446.2500	-1
16454.2266	-1
16462.2031	-1
16470.1797	-1
16478.1562	-1
16486.1328	-1
16494.1094	-1
16502.0859	-1
16510.0625	-1
16518.0391	-1
16526.0156	-1
16533.9922	-1
16541.9688	-1
16549.9453	-1
16557.9219	-1
16565.8984	-1
16573.8750	-1
16581.8516	-1
16589.8281	-1
16597.8047	-1
16605.7812	-1
16613.7578	-1
16621.7344	-1
16629.7109	1
16637.6895	1
16645.6680	1
16653.6465	1
16661.6250	1
16669.6035	1
16677.5820	1
16685.5605	1
16693.5410	-1
16701.5215	-1
16709.5020	-1
16717.4824	-1
16725.4629	-1
16733.4434	-1
16741.4238	-1
16749.4043	-1
16757.3848	-1
16765.3652	-1
16773.3457	-1
16781.3262	-1
16789.3066	-1
16797.2871	-1
16805.2676	-1
16813.2480	-1
16821.2285	-1
16829.2090	-1
16837.1895	1
16845.1699	1
16853.1504	1
16861.1309	1
16869.1113	1
16877.0918	1
16885.0742	-1
16893.0566	-1
16901.0391	-1
16909.0215	-1
16917.0039	-1
16924.9863	-1
16932.9688	-1
16940.9512	-1
16948.9336	-1
16956.9160	-1
16964.8984	-1
16972.8809	-1
16980.8633	-1
16988.8457	-1
16996.8281	-1
17004.8105	-1
17012.7930	-1
17020.7754	-1
17028.7578	-1
17036.7402	-1
17044.7227	-1
17052.7051	-1
17060.6875	-1
17068.6699	-1
17076.6523	-1
17084.6348	-1
17092.6172	-1
17100.5996	-1
17108.5820	-1
17116.5645	-1
17124.5469	1
17132.5293	1
17140.5117	1
17148.4941	1
17156.4766	1
17164.4609	1
17172.4453	1
17180.4297	1
17188.4141	1
17196.3984	1
17204.3848	-1
17212.3711	-1
17220.3574	-1
17228.3438	-1
17236.3301	-1
17244.3164	-1
17252.3027	1
17260.2891	1
17268.2754	-1
17276.2617	-1
17284.2480	-1
17292.2344	-1
17300.2207	-1
17308.2070	-1
17316.1934	-1
17324.1797	-1
17332.1660	-1
17340.1523	-1
17348.1387	-1
17356.1250	-1
17364.1113	-1
17372.0977	-1
17380.0840	-1
17388.0703	-1
17396.0566	-1
17404.0430	-1
17412.0293	1
17420.0176	1
17428.0059	1
17435.9941	1
17443.9824	1
17451.9707	1
17459.9590	-1
17467.9473	-1
17475.9355	-1
17483.9238	-1
17491.9121	-1
17499.9004	-1
17507.8887	-1
17515.8770	-1
17523.8652	-1
17531.8535	-1
17539.8418	-1
17547.8301	-1
17555.8203	1
17563.8105	1
17571.8008	1
17579.7910	1
17587.7812	-1
17595.7715	-1
17603.7617	-1
17611.7520	-1
17619.7422	-1
17627.7324	-1
17635.7227	-1
17643.7129	-1
17651.7031	-1
17659.6934	-1
17667.6836	-1
17675.6738	-1
17683.6641	-1
17691.6543	-1
17699.6445	-1
17707.6348	-1
17715.6250	-1
17723.6152	-1
17731.6055	-1
17739.5957	-1
17747.5859	-1
17755.5762	-1
17763.5664	-1
17771.5566	-1
17779.5469	-1
17787.5371	-1
17795.5273	-1
17803.5176	-1
17811.5078	-1
17819.4980	-1
17827.4902	-1
17835.4824	-1
17843.4746	-1
17851.4668	-1
17859.4590	-1
17867.4512	-1
17875.4434	-1
17883.4355	-1
17891.4277	-1
17899.4199	-1
17907.4121	-1
17915.4043	-1
17923.3965	-1
17931.3887	-1
17939.3809	-1
17947.3730	-1
17955.3652	-1
17963.3574	-1
17971.3496	-1
17979.3418	-1
17987.3340	-1
17995.3262	-1
18003.3184	-1
18011.3105	-1
18019.3027	-1
18027.2949	-1
18035.2871	-1
18043.2793	-1
18051.2715	-1
18059.2637	-1
18067.2559	1
18075.2480	1
18083.2422	1
18091.2363	1
18099.2305	1
18107.2246	1
18115.2188	1
18123.2129	1
18131.2070	1
18139.2012	1
18147.1953	1
18155.1895	1
18163.1836	1
18171.1777	1
18179.1719	1
18187.1660	1
18195.1602	1
18203.1543	-1
18211.1484	-1
18219.1426	-1
18227.1367	-1
18235.1309	-1
18243.1250	-1
18251.1191	-1
18259.1133	-1
18267.1074	-1
18275.1016	-1
18283.0957	-1
18291.0898	-1
18299.0840	-1
18307.0781	-1
18315.0723	-1
18323.0664	-1
18331.0605	-1
18339.0547	-1
18347.0508	-1
18355.0469	-1
18363.0430	-1
18371.0391	-1
18379.0352	-1
18387.0312	-1
18395.0293	-1
18403.0273	-1
18411.0254	-1
18419.0234	-1
18427.0215	-1
18435.0195	-1
18443.0215	-1
18451.0234	-1
18459.0254	-1
18467.0273	-1
18475.0293	-1
18483.0312	-1
18491.0332	-1
18499.0352	-1
18507.0371	-1
18515.0391	-1
18523.0410	-1
18531.0430	-1
18539.0449	-1
18547.0469	-1
18555.0488	-1
18563.0508	-1
18571.0527	-1
18579.0547	-1
18587.0566	-1
18595.0586	-1
18603.0605	-1
18611.0625	-1
18619.0645	-1
18627.0664	-1
18635.0684	-1
18643.0703	-1
18651.0723	-1
18659.0742	-1
18667.0762	-1
18675.0781	-1
18683.0801	-1
18691.0820	-1
18699.0840	-1
18707.0859	-1
18715.0879	-1
18723.0898	-1
18731.0918	-1
18739.0938	-1
18747.0957	-1
18755.0977	-1
18763.0996	-1
18771.1016	-1
18779.1055	-1
18787.1094	-1
18795.1133	-1
18803.1172	-1
18811.1211	-1
18819.1250	-1
18827.1289	-1
18835.1328	-1
18843.1367	-1
18851.1406	-1
18859.1445	-1
18867.1484	-1
18875.1523	-1
18883.1562	-1
18891.1602	-1
18899.1641	-1
18907.1680	-1
18915.1719	-1
18923.1758	-1
18931.1797	-1
18939.1836	-1
18947.1875	-1
18955.1914	-1
18963.1953	-1
18971.1992	-1
18979.2031	-1
18987.2070	-1
18995.2109	-1
19003.2148	-1
19011.2188	-1
19019.2246	-1
19027.2305	-1
19035.2363	-1
19043.2422	-1
19051.2480	-1
19059.2539	-1
19067.2598	-1
19075.2656	-1
19083.2715	-1
19091.2773	-1
19099.2832	-1
19107.2891	-1
19115.2949	-1
19123.3008	-1
19131.3066	-1
19139.3125	-1
19147.3184	-1
19155.3242	-1
19163.3301	-1
19171.3359	-1
19179.3418	-1
19187.3477	-1
19195.3535	-1
19203.3594	-1
19211.3652	-1
19219.3711	-1
19227.3770	-1
19235.3828	-1
19243.3887	-1
19251.3945	-1
19259.4004	-1
19267.4062	-1
19275.4121	-1
19283.4180	-1
19291.4238	-1
19299.4297	-1
19307.4355	-1
19315.4414	-1
19323.4473	-1
19331.4531	-1
19339.4590	-1
19347.4648	-1
19355.4707	-1
19363.4766	-1
19371.4824	-1
19379.4883	-1
19387.4941	-1
19395.5000	-1
19403.5059	-1
19411.5117	-1
19419.5176	-1
19427.5234	-1
19435.5293	-1
19443.5352	-1
19451.5410	-1
19459.5469	-1
19467.5527	-1
19475.5586	-1
19483.5645	-1
19491.5703	-1
19499.5762	-1
19507.5820	-1
19515.5879	-1
19523.5938	-1
19531.5996	-1
19539.6055	-1
19547.6113	-1
19555.6172	-1
19563.6230	-1
19571.6289	-1
19579.6465	1
19587.6660	-1
19595.6855	1
19603.7051	1
19611.7246	-1
19619.7441	-1
19627.7637	-1
19635.7832	-1
19643.8027	-1
19651.8223	-1
19659.8438	-1
19667.8652	-1
19675.8867	-1
19683.9082	-1
19691.9297	-1
19699.9512	-1
19707.9727	1
19715.9941	1
19724.0156	1
19732.0371	1
19740.0586	-1
19748.0801	-1
19756.1016	-1
19764.1230	-1
19772.1445	-1
19780.1660	-1
19788.1875	1
19796.2109	-1
19804.2344	-1
19812.2578	-1
19820.2812	-1
19828.3047	-1
19836.3281	-1
19844.3516	-1
19852.3750	-1
19860.3984	-1
19868.4219	-1
19876.4453	-1
19884.4688	-1
19892.4922	-1
19900.5156	-1
19908.5391	-1
19916.5625	-1
19924.5859	-1
19932.6094	-1
19940.6328	-1
19948.6562	-1
19956.6797	-1
19964.7031	-1
19972.7363	1
19980.7715	-1
19988.8066	1
19996.8418	1
20004.8770	-1
20012.9121	-1
20020.9492	-1
20028.9961	1
20037.0430	-1
20045.0898	1
20053.1367	1
20061.1855	-1
20069.2344	-1
20077.2910	1
20085.3496	-1
20093.4082	1
20101.4668	1
20109.5273	-1
20117.5879	-1
20125.6484	-1
20133.7090	-1
20141.7695	-1
20149.8301	-1
20157.8906	-1
20165.9512	-1
20174.0117	-1
20182.0723	-1
20190.1328	-1
20198.1934	-1
20206.2539	1
20214.3145	1
20222.3750	1
20230.4355	1
20238.4961	-1
20246.5566	-1
20254.6172	-1
20262.6777	-1
20270.7383	-1
20278.7988	-1
20286.8594	-1
20294.9199	-1
20302.9805	-1
20311.0410	-1
20319.1016	-1
20327.1621	-1
20335.2227	-1
20343.2832	-1
20351.3438	-1
20359.4043	-1
20367.4648	-1
20375.5254	-1
20383.5859	-1
20391.6465	-1
20399.7168	1
20407.7891	-1
20415.8613	1
20423.9336	1
20432.0078	-1
20440.0820	-1
20448.1562	-1
20456.2305	-1
20464.3047	-1
20472.3789	-1
20480.4531	-1
20488.5273	-1
20496.6016	-1
20504.6836	1
20512.7676	-1
20520.8516	1
20528.9355	1
20537.0215	-1
20545.1074	-1
20553.1934	-1
20561.2871	1
20569.3828	-1
20577.4785	1
20585.5742	1
20593.6699	-1
20601.7676	-1
20609.8730	1
20617.9805	-1
20626.0879	1
20634.1953	1
20642.3027	-1
20650.4121	-1
20658.5293	1
20666.6484	-1
20674.7676	1
20682.8867	1
20691.0059	-1
20699.1250	-1
20707.2539	1
20715.3848	-1
20723.5156	1
20731.6465	1
20739.7773	-1
20747.9082	-1
20756.0488	1
20764.1914	-1
20772.3340	1
20780.4766	1
20788.6211	-1
20796.7656	-1
20804.9102	-1
20813.0547	-1
20821.1992	-1
20829.3438	-1
20837.4883	-1
20845.6328	-1
20853.7773	-1
20861.9219	-1
20870.0664	-1
20878.2109	-1
20886.3555	1
20894.5000	1
20902.6445	1
20910.7891	1
20918.9355	-1
20927.0820	-1
20935.2285	-1
20943.3750	-1
20951.5215	-1
20959.6680	-1
20967.8145	-1
20975.9609	-1
20984.1074	-1
20992.2539	-1
21000.4004	-1
21008.5469	-1
21016.6934	-1
21024.8398	-1
21032.9863	-1
21041.1328	-1
21049.2793	-1
21057.4258	-1
21065.5723	-1
21073.7188	-1
21081.8652	-1
21090.0117	-1
21098.1582	-1
21106.3047	-1
21114.4512	1
21122.5977	1
21130.7441	1
21138.8906	1
21147.0371	1
21155.1836	1
21163.3301	1
21171.4785	-1
21179.6270	-1
21187.7754	-1
21195.9238	-1
21204.0723	-1
21212.2207	-1
21220.3691	-1
21228.5176	-1
21236.6660	-1
21244.8145	-1
21252.9629	-1
21261.1113	-1
21269.2617	-1
21277.4121	-1
21285.5625	-1
21293.7129	-1
21301.8633	-1
21310.0137	-1
21318.1641	-1
21326.3145	-1
21334.4648	-1
21342.6152	-1
21350.7656	-1
21358.9160	-1
21367.0664	-1
21375.2168	-1
21383.3672	-1
21391.5176	-1
21399.6680	-1
21407.8184	-1
21415.9688	-1
21424.1191	-1
21432.2695	-1
21440.4199	-1
21448.5703	-1
21456.7207	-1
21464.8711	-1
21473.0215	-1
21481.1719	-1
21489.3320	1
21497.4922	-1
21505.6523	1
21513.8145	1
21521.9766	-1
21530.1387	-1
21538.3105	1
21546.4824	-1
21554.6543	1
21562.8281	1
21571.0020	-1
21579.1758	-1
21587.3496	-1
21595.5234	-1
21603.6973	-1
21611.8711	-1
21620.0449	-1
21628.2188	-1
21636.3926	-1
21644.5664	-1
21652.7402	-1
21660.9141	-1
21669.0879	1
21677.2617	1
21685.4355	1
21693.6094	1
21701.7832	-1
21709.9570	-1
21718.1309	-1
21726.3047	-1
21734.4785	-1
21742.6523	-1
21750.8262	-1
21759.0000	-1
21767.1738	-1
21775.3477	-1
21783.5215	-1
21791.6953	-1
21799.8711	-1
21808.0469	-1
21816.2227	-1
21824.3984	-1
21832.5742	-1
21840.7500	-1
21848.9258	-1
21857.1016	-1
21865.2773	-1
21873.4531	-1
21881.6289	-1
21889.8047	-1
21897.9805	1
21906.1562	1
21914.3320	-1
21922.5078	-1
21930.6836	-1
21938.8594	-1
21947.0352	-1
21955.2109	-1
21963.3867	-1
21971.5723	1
21979.7578	-1
21987.9453	1
21996.1328	1
22004.3203	-1
22012.5078	-1
22020.6953	-1
22028.8828	-1
22037.0703	-1
22045.2578	-1
22053.4453	-1
22061.6328	-1
22069.8203	-1
22078.0078	-1
22086.1953	-1
22094.3828	-1
22102.5703	1
22110.7578	1
22118.9453	1
22127.1328	1
22135.3223	-1
22143.5117	-1
22151.7012	-1
22159.8906	-1
22168.0801	-1
22176.2695	-1
22184.4590	-1
22192.6484	-1
22200.8379	-1
22209.0273	-1
22217.2168	-1
22225.4062	-1
22233.5957	-1
22241.7852	-1
22249.9746	-1
22258.1641	-1
22266.3535	-1
22274.5430	-1
22282.7324	-1
22290.9219	-1
22299.1113	-1
22307.3008	-1
22315.4902	-1
22323.6797	-1
22331.8691	1
22340.0586	1
22348.2480	1
22356.4375	1
22364.6270	1
22372.8164	1
22381.0059	1
22389.1953	1
22397.3867	-1
22405.5781	-1
22413.7695	-1
22421.9609	-1
22430.1523	-1
22438.3438	-1
22446.5352	-1
22454.7266	-1
22462.9180	-1
22471.1094	-1
22479.3008	-1
22487.4922	-1
22495.6836	-1
22503.8750	-1
22512.0664	-1
22520.2578	-1
22528.4492	-1
22536.6406	-1
22544.8320	-1
22553.0234	-1
22561.2148	-1
22569.4062	-1
22577.5977	-1
22585.7891	-1
22593.9805	-1
22602.1719	-1
22610.3633	-1
22618.5547	-1
22626.7461	-1
22634.9375	-1
22643.1289	-1
22651.3203	-1
22659.5117	-1
22667.7031	-1
22675.8945	-1
22684.0859	-1
22692.2773	-1
22700.4688	-1
22708.6602	-1
22716.8516	-1
22725.0430	-1
22733.2344	-1
22741.4258	-1
22749.6172	-1
22757.8086	-1
22766.0000	-1
22774.1914	-1
22782.3828	-1
22790.5742	1
22798.7656	1
22806.9570	1
22815.1484	1
22823.3418	-1
22831.5352	-1
22839.7285	-1
22847.9219	-1
22856.1152	-1
22864.3086	-1
22872.5020	-1
22880.6953	-1
22888.8887	-1
22897.0820	-1
22905.2754	-1
22913.4688	-1
22921.6621	-1
22929.8555	-1
22938.0488	-1
22946.2422	-1
22954.4355	-1
22962.6289	-1
22970.8223	-1
22979.0254	1
22987.2305	-1
22995.4355	1
23003.6406	1
23011.8457	-1
23020.0508	-1
23028.2656	1
23036.4805	-1
23044.6973	1
23052.9141	1
23061.1309	-1
23069.3477	-1
23077.5742	1
23085.8008	-1
23094.0293	1
23102.2578	1
23110.4863	-1
23118.7148	-1
23126.9531	1
23135.1914	-1
23143.4297	1
23151.6680	1
23159.9082	-1
23168.1484	-1
23176.3984	1
23184.6484	-1
23192.9004	1
23201.1523	1
23209.4043	-1
23217.6562	-1
23225.9180	1
23234.1797	-1
23242.4434	1
23250.7070	1
23258.9707	-1
23267.2344	-1
23275.4980	-1
23283.7715	1
23292.0449	-1
23300.3184	1
23308.5918	1
23316.8672	-1
23325.1426	-1
23333.4180	-1
23341.7031	1
23349.9883	-1
23358.2754	1
23366.5625	1
23374.8496	-1
23383.1367	-1
23391.4336	1
23399.7305	-1
23408.0273	1
23416.3242	1
23424.6230	-1
23432.9219	-1
23441.2207	-1
23449.5293	1
23457.8379	-1
23466.1465	1
23474.4551	1
23482.7656	-1
23491.0762	-1
23499.3867	-1
23507.7051	1
23516.0254	-1
23524.3457	1
23532.6660	1
23540.9863	-1
23549.3086	-1
23557.6387	1
23565.9707	-1
23574.3027	1
23582.6348	1
23590.9668	-1
23599.2988	-1
23607.6406	1
23615.9844	-1
23624.3281	1
23632.6719	1
23641.0176	-1
23649.3633	-1
23657.7090	-1
23666.0547	-1
23674.4004	-1
23682.7461	-1
23691.0918	-1
23699.4375	-1
23707.7832	-1
23716.1289	-1
23724.4746	-1
23732.8203	-1
23741.1660	1
23749.5117	1
23757.8574	1
23766.2031	1
23774.5508	-1
23782.8984	-1
23791.2461	-1
23799.5938	-1
23807.9414	-1
23816.2891	-1
23824.6367	-1
23832.9844	-1
23841.3320	-1
23849.6797	-1
23858.0273	-1
23866.3750	-1
23874.7227	-1
23883.0703	-1
23891.4180	-1
23899.7656	-1
23908.1133	-1
23916.4609	-1
23924.8086	-1
23933.1562	-1
23941.5039	-1
23949.8516	-1
23958.1992	-1
23966.5469	-1
23974.8945	1
23983.2422	1
23991.5918	-1
23999.9414	-1
24008.2910	-1
24016.6406	-1
24024.9902	-1
24033.3398	-1
24041.6895	-1
24050.0391	-1
24058.3887	-1
24066.7383	-1
24075.0879	-1
24083.4453	1
24091.8047	-1
24100.1641	1
24108.5234	1
24116.8828	-1
24125.2422	-1
24133.6016	-1
24141.9609	-1
24150.3223	-1
24158.6836	-1
24167.0449	-1
24175.4062	-1
24183.7676	-1
24192.1289	-1
24200.4902	-1
24208.8516	-1
24217.2129	1
24225.5742	1
24233.9355	1
24242.2969	-1
24250.6582	-1
24259.0195	-1
24267.3809	-1
24275.7422	-1
24284.1035	-1
24292.4648	-1
24300.8262	-1
24309.1875	-1
24317.5488	-1
24325.9102	-1
24334.2715	-1
24342.6328	-1
24351.0039	1
24359.3770	-1
24367.7500	1
24376.1230	1
24384.4961	-1
24392.8691	-1
24401.2422	-1
24409.6152	-1
24417.9883	-1
24426.3613	-1
24434.7344	-1
24443.1074	-1
24451.4805	-1
24459.8535	-1
24468.2266	-1
24476.5996	-1
24484.9727	1
24493.3477	1
24501.7227	1
24510.0977	1
24518.4727	-1
24526.8477	-1
24535.2227	-1
24543.5977	-1
24551.9727	-1
24560.3477	-1
24568.7227	-1
24577.0977	-1
24585.4727	-1
24593.8477	-1
24602.2227	-1
24610.5977	-1
24618.9727	-1
24627.3477	-1
24635.7227	-1
24644.0977	-1
24652.4727	-1
24660.8477	-1
24669.2227	-1
24677.5977	-1
24685.9727	-1
24694.3477	-1
24702.7227	-1
24711.0977	-1
24719.4727	1
24727.8477	1
24736.2227	1
24744.5977	1
24752.9727	1
24761.3477	1
24769.7227	1
24778.0977	1
24786.4746	-1
24794.8516	-1
24803.2285	-1
24811.6055	-1
24819.9824	-1
24828.3594	-1
24836.7363	-1
24845.1133	-1
24853.4902	-1
24861.8672	-1
24870.2441	-1
24878.6211	-1
24886.9980	-1
24895.3750	-1
24903.7520	-1
24912.1289	-1
24920.5059	-1
24928.8828	-1
24937.2598	-1
24945.6367	-1
24954.0137	-1
24962.3906	-1
24970.7676	-1
24979.1445	-1
24987.5215	1
24995.8984	1
25004.2754	1
25012.6523	1
25021.0293	-1
25029.4062	-1
25037.7832	-1
25046.1602	-1
25054.5371	-1
25062.9141	-1
25071.2910	1
25079.6680	1
25088.0469	1
25096.4258	1
25104.8047	1
25113.1836	1
25121.5625	-1
25129.9414	-1
25138.3203	-1
25146.6992	-1
25155.0781	-1
25163.4570	-1
25171.8359	-1
25180.2148	-1
25188.5938	-1
25196.9727	-1
25205.3516	-1
25213.7305	-1
25222.1094	-1
25230.4883	-1
25238.8672	-1
25247.2461	-1
25255.6250	-1
25264.0039	-1
25272.3828	-1
25280.7617	-1
25289.1406	-1
25297.5195	-1
25305.8984	-1
25314.2773	-1
25322.6562	1
25331.0352	1
25339.4141	1
25347.7930	1
25356.1719	1
25364.5508	1
25372.9297	1
25381.3086	1
25389.6895	-1
25398.0703	-1
25406.4512	-1
25414.8320	-1
25423.2129	-1
25431.5938	-1
25439.9746	-1
25448.3555	-1
25456.7363	-1
25465.1172	-1
25473.4980	-1
25481.8789	-1
25490.2617	-1
25498.6445	-1
25507.0273	-1
25515.4102	-1
25523.7930	-1
25532.1758	-1
25540.5586	-1
25548.9414	-1
25557.3242	-1
25565.7070	-1
25574.0898	-1
25582.4727	-1
25590.8555	-1
25599.2383	-1
25607.6211	-1
25616.0039	-1
25624.3867	-1
25632.7695	-1
25641.1523	-1
25649.5352	-1
25657.9180	-1
25666.3008	-1
25674.6836	-1
25683.0664	-1
25691.4492	-1
25699.8320	-1
25708.2148	-1
25716.5977	-1
25724.9805	-1
25733.3633	-1
25741.7461	-1
25750.1289	-1
25758.5117	-1
25766.8945	-1
25775.2773	-1
25783.6602	-1
25792.0430	-1
25800.4258	-1
25808.8086	-1
25817.1914	-1
25825.5742	-1
25833.9570	-1
25842.3398	-1
25850.7227	-1
25859.1055	-1
25867.4883	-1
25875.8711	-1
25884.2539	-1
25892.6367	-1
25901.0195	1
25909.4023	-1
25917.7852	-1
25926.1680	-1
25934.5508	-1
25942.9336	-1
25951.3164	1
25959.6992	1
25968.0820	1
25976.4648	-1
25984.8477	-1
25993.2305	-1
26001.6133	-1
26009.9961	-1
26018.3789	-1
26026.7637	1
26035.1484	1
26043.5332	1
26051.9180	1
26060.3027	1
26068.6875	1
26077.0723	1
26085.4570	1
26093.8418	1
26102.2266	1
26110.6113	1
26118.9961	1
26127.3809	1
26135.7656	1
26144.1504	-1
26152.5352	-1
26160.9199	-1
26169.3047	-1
26177.6895	-1
26186.0742	-1
26194.4590	-1
26202.8438	-1
26211.2285	-1
26219.6133	-1
26227.9980	-1
26236.3828	-1
26244.7676	-1
26253.1523	-1
26261.5371	-1
26269.9219	-1
26278.3066	-1
26286.6914	-1
26295.0762	-1
26303.4609	-1
26311.8457	-1
26320.2305	-1
26328.6152	-1
26337.0000	-1
26345.3867	-1
26353.7734	-1
26362.1602	-1
26370.5469	-1
26378.9336	-1
26387.3203	-1
26395.7070	-1
26404.0938	-1
26412.4805	-1
26420.8672	-1
26429.2539	-1
26437.6406	-1
26446.0273	-1
26454.4141	-1
26462.8008	-1
26471.1875	-1
26479.5742	-1
26487.9609	-1
26496.3496	-1
26504.7383	-1
26513.1270	-1
26521.5156	-1
26529.9043	-1
26538.2930	-1
26546.6816	-1
26555.0703	-1
26563.4590	-1
26571.8477	-1
26580.2363	-1
26588.6250	-1
26597.0137	-1
26605.4023	-1
26613.7910	-1
26622.1797	-1
26630.5684	-1
26638.9570	-1
26647.3477	-1
26655.7383	-1
26664.1289	-1
26672.5195	-1
26680.9102	-1
26689.3008	-1
26697.6914	-1
26706.0820	-1
26714.4727	-1
26722.8633	-1
26731.2539	-1
26739.6445	-1
26748.0352	-1
26756.4258	-1
26764.8164	-1
26773.2070	-1
26781.5977	-1
26789.9883	-1
26798.3789	-1
26806.7695	-1
26815.1602	-1
26823.5508	-1
26831.9414	-1
26840.3320	-1
26848.7227	-1
26857.1133	-1
26865.5039	-1
26873.8945	-1
26882.2852	-1
26890.6758	-1
26899.0664	-1
26907.4570	-1
26915.8477	-1
26924.2383	-1
26932.6289	-1
26941.0195	-1
26949.4102	-1
26957.8008	-1
26966.1914	-1
26974.5820	-1
26982.9727	-1
26991.3633	-1
26999.7539	-1
27008.1445	-1
27016.5352	-1
27024.9258	-1
27033.3164	-1
27041.7070	-1
27050.0977	-1
27058.4883	-1
27066.8789	-1
27075.2695	-1
27083.6602	-1
27092.0508	-1
27100.4434	-1
27108.8359	-1
27117.2285	-1
27125.6211	-1
27134.0137	-1
27142.4062	-1
27150.7988	-1
27159.1914	-1
27167.5840	-1
27175.9766	-1
27184.3691	-1
27192.7617	-1
27201.1543	-1
27209.5469	-1
27217.9395	-1
27226.3320	-1
27234.7246	-1
27243.1172	-1
27251.5098	-1
27259.9023	-1
27268.2949	-1
27276.6875	-1
27292.6953	1
27308.7031	-1
