0.0000	0
0.0998	888
0.1816	-1
0.3047	888
0.3302	888
0.3332	888
0.3432	888
0.3575	888
0.5079	888
0.5209	888
0.6336	888
0.6523	888
0.6998	888
0.7536	888
0.7545	888
0.7949	888
0.7974	888
0.8391	888
0.8498	888
0.8539	888
0.8702	888
0.8733	888
0.8827	888
0.8840	888
0.9095	888
0.9370	888
0.9497	888
0.9547	888
0.9927	888
1.0066	888
1.0184	888
1.0352	888
1.0359	888
1.0463	888
1.0565	888
1.0750	888
1.0923	888
1.1056	888
1.1338	888
1.1664	888
1.3107	888
1.3368	-888
1.3746	888
1.3789	888
1.3818	888
1.3896	888
1.4256	888
1.4453	888
1.4638	888
1.5377	888
1.5744	888
1.5906	888
1.5910	888
1.6006	888
1.6655	888
1.6677	888
1.6719	888
1.7556	888
1.7614	888
1.7673	888
1.7925	888
1.8342	888
1.8942	888
1.9537	888
1.9715	-1
1.9866	888
2.0241	888
2.0523	888
2.0557	888
2.1103	888
2.1123	888
2.1878	888
2.2298	888
2.2678	888
2.3014	888
2.3126	888
2.3219	888
2.4107	-888
2.4354	888
2.4400	888
2.4574	888
2.4611	888
2.4661	888
2.4681	888
2.4724	888
2.5168	-888
2.5311	888
2.6188	888
2.6648	888
2.6713	888
2.7392	888
2.7516	888
2.8547	888
3.0001	888
3.0081	-888
3.1369	888
3.1679	-888
3.1747	-888
3.2804	888
3.3007	-888
3.4650	888
3.5388	888
3.5793	-888
3.6394	888
3.7620	1
3.7942	888
3.8478	-888
4.3547	-888
4.3573	-888
4.4035	-888
4.5053	888
4.5357	-888
5.0894	-888
5.2631	-888
5.3609	-888
5.5458	-888
5.5643	-888
5.7450	-888
5.7621	-888
5.9103	-888
5.9165	-888
5.9323	-888
5.9657	-888
6.2165	-888
6.3420	-888
6.4161	-888
6.4239	-888
6.5344	-888
6.5953	-888
7.2292	-888
7.3587	-888
7.4190	-888
7.4286	-888
7.6345	-888
7.7670	-888
7.8865	-888
9.0420	1
9.0761	-888
9.3205	-888
9.4780	-888
9.9901	-888
10.4214	-888
11.6476	-888
11.7659	-888
14.3226	-1
21.5523	1
28.7835	-1
36.0150	1
43.2466	1
50.4795	-1
57.7125	-1
64.9454	-1
72.1784	-1
79.4113	-1
86.6443	-1
93.8773	-1
101.1104	-1
108.3434	-1
115.5765	-1
122.8095	-1
130.0426	-1
137.2760	1
144.5094	1
151.7429	1
158.9764	1
166.2115	-1
173.4467	-1
180.6818	-1
187.9170	-1
195.1521	-1
202.3873	-1
209.6225	-1
216.8578	-1
224.0931	-1
231.3283	-1
238.5636	-1
245.7988	-1
253.0342	-1
260.2696	-1
267.5049	-1
274.7403	-1
281.9756	-1
289.2110	-1
296.4465	-1
303.6819	-1
310.9174	-1
318.1529	-1
325.3884	-1
332.6238	-1
339.8595	1
347.0953	1
354.3312	1
361.5671	1
368.8030	1
376.0390	1
383.2750	1
390.5110	1
397.7488	-1
404.9866	-1
412.2244	-1
419.4622	-1
426.7000	-1
433.9377	-1
441.1760	-1
448.4142	-1
455.6525	-1
462.8907	-1
470.1290	-1
477.3672	-1
484.6064	1
491.8456	-1
499.0850	-1
506.3243	-1
513.5636	-1
520.8029	-1
528.0422	-1
535.2816	-1
542.5210	-1
549.7604	-1
556.9998	-1
564.2391	-1
571.4785	-1
578.7180	-1
585.9575	-1
593.1970	-1
600.4365	-1
607.6760	-1
614.9155	-1
622.1552	1
629.3948	1
636.6345	1
643.8745	-1
651.1146	-1
658.3546	-1
665.5947	-1
672.8347	-1
680.0748	-1
687.3151	1
694.5554	1
701.7958	1
709.0364	-1
716.2770	-1
723.5176	-1
730.7582	-1
737.9988	-1
745.2394	-1
752.4802	-1
759.7209	-1
766.9617	-1
774.2025	-1
781.4433	-1
788.6841	-1
795.9265	-1
803.1688	-1
810.4112	-1
817.6536	-1
824.8959	-1
832.1383	-1
839.3808	-1
846.6233	-1
853.8658	-1
861.1083	-1
868.3508	-1
875.5933	-1
882.8367	-1
890.0801	-1
897.3235	-1
904.5670	-1
911.8104	-1
919.0539	-1
926.2974	-1
933.5410	-1
940.7845	-1
948.0280	-1
955.2715	-1
962.5151	-1
969.7595	-1
977.0039	-1
984.2483	-1
991.4927	-1
998.7371	-1
1005.9814	-1
1013.2260	-1
1020.4705	-1
1027.7150	-1
1034.9595	-1
1042.2040	-1
1049.4485	-1
1056.6931	-1
1063.9377	-1
1071.1824	-1
1078.4270	-1
1085.6716	-1
1092.9272	1
1100.1841	-1
1107.4413	1
1114.6985	1
1121.9564	-1
1129.2144	-1
1136.4723	-1
1143.7302	-1
1150.9882	-1
1158.2461	-1
1165.5042	-1
1172.7622	-1
1180.0203	-1
1187.2783	-1
1194.5364	-1
1201.7944	-1
1209.0527	1
1216.3110	1
1223.5695	1
1230.8279	1
1238.0869	-1
1245.3459	-1
1252.6050	-1
1259.8640	-1
1267.1230	-1
1274.3821	-1
1281.6412	-1
1288.9004	-1
1296.1595	-1
1303.4187	-1
1310.6779	-1
1317.9370	-1
1325.1963	-1
1332.4556	-1
1339.7148	-1
1346.9741	-1
1354.2335	-1
1361.4929	-1
1368.7524	1
1376.0121	1
1383.2720	-1
1390.5319	-1
1397.7917	-1
1405.0516	-1
1412.3115	-1
1419.5714	-1
1426.8313	1
1434.0913	1
1441.3513	1
1448.6113	1
1455.8723	1
1463.1333	1
1470.3943	-1
1477.6553	-1
1484.9163	-1
1492.1772	-1
1499.4382	-1
1506.6992	-1
1513.9603	-1
1521.2214	-1
1528.4825	-1
1535.7437	-1
1543.0048	-1
1550.2659	-1
1557.5271	-1
1564.7885	-1
1572.0498	-1
1579.3112	-1
1586.5725	-1
1593.8339	-1
1601.0953	-1
1608.3568	-1
1615.6183	-1
1622.8798	-1
1630.1412	-1
1637.4027	-1
1644.6642	-1
1651.9257	-1
1659.1871	-1
1666.4487	-1
1673.7103	-1
1680.9719	-1
1688.2343	-1
1695.4966	-1
1702.7589	-1
1710.0212	-1
1717.2836	-1
1724.5459	-1
1731.8082	-1
1739.0706	-1
1746.3329	-1
1753.5953	-1
1760.8578	-1
1768.1202	-1
1775.3827	1
1782.6456	-1
1789.9086	-1
1797.1715	-1
1804.4344	-1
1811.6974	-1
1818.9603	-1
1826.2236	-1
1833.4869	-1
1840.7502	-1
1848.0239	1
1855.2990	-1
1862.5742	1
1869.8496	1
1877.1256	-1
1884.4016	-1
1891.6776	-1
1898.9536	-1
1906.2296	-1
1913.5056	-1
1920.7817	-1
1928.0579	-1
1935.3340	-1
1942.6101	-1
1949.8862	-1
1957.1624	-1
1964.4387	1
1971.7151	1
1978.9915	1
1986.2679	1
1993.5452	-1
2000.8224	-1
2008.0996	-1
2015.3768	-1
2022.6541	-1
2029.9313	-1
2037.2086	-1
2044.4860	-1
2051.7634	-1
2059.0408	-1
2066.3181	-1
2073.5955	-1
2080.8728	-1
2088.1501	-1
2095.4275	-1
2102.7048	-1
2109.9822	-1
2117.2595	-1
2124.5371	-1
2131.8147	-1
2139.0923	-1
2146.3699	-1
2153.6475	-1
2160.9250	-1
2168.2029	1
2175.4810	1
2182.7595	-1
2190.0381	-1
2197.3167	-1
2204.5952	-1
2211.8738	-1
2219.1523	-1
2226.4309	-1
2233.7095	-1
2240.9880	-1
2248.2773	1
2255.5679	-1
2262.8586	1
2270.1494	1
2277.4407	-1
2284.7327	-1
2292.0352	1
2299.3391	-1
2306.6433	1
2313.9475	1
2321.2524	-1
2328.5574	-1
2335.8623	-1
2343.1672	-1
2350.4722	-1
2357.7771	-1
2365.0823	-1
2372.3875	-1
2379.6926	-1
2386.9978	-1
2394.3030	-1
2401.6082	-1
2408.9136	1
2416.2190	1
2423.5244	1
2430.8298	1
2438.1360	-1
2445.4421	-1
2452.7483	-1
2460.0544	-1
2467.3606	-1
2474.6667	-1
2481.9729	-1
2489.2791	-1
2496.5852	-1
2503.8914	-1
2511.1975	-1
2518.5037	-1
2525.8101	-1
2533.1165	-1
2540.4229	-1
2547.7292	-1
2555.0356	-1
2562.3420	-1
2569.6487	1
2576.9553	1
2584.2622	1
2591.5691	1
2598.8760	1
2606.1829	-1
2613.4897	-1
2620.7966	-1
2628.1035	-1
2635.4104	1
2642.7173	-1
2650.0242	-1
2657.3323	-1
2664.6404	-1
2671.9485	-1
2679.2566	-1
2686.5647	-1
2693.8728	-1
2701.1809	-1
2708.4890	-1
2715.7971	-1
2723.1055	-1
2730.4138	1
2737.7222	-1
2745.0305	-1
2752.3389	1
2759.6472	-1
2766.9556	-1
2774.2639	-1
2781.5723	-1
2788.8806	-1
2796.1890	-1
2803.4976	-1
2810.8062	-1
2818.1147	-1
2825.4233	-1
2832.7319	-1
2840.0405	-1
2847.3496	-1
2854.6587	-1
2861.9678	-1
2869.2769	-1
2876.5859	-1
2883.8950	-1
2891.2041	-1
2898.5132	-1
2905.8223	-1
2913.1313	-1
2920.4404	-1
2927.7495	-1
2935.0588	1
2942.3682	1
2949.6775	1
2956.9868	1
2964.2961	1
2971.6055	1
2978.9150	-1
2986.2249	-1
2993.5347	-1
3000.8445	-1
3008.1543	-1
3015.4641	-1
3022.7739	-1
3030.0837	-1
3037.3936	-1
3044.7034	-1
3052.0132	-1
3059.3230	-1
3066.6331	-1
3073.9431	-1
3081.2532	-1
3088.5632	-1
3095.8733	-1
3103.1833	-1
3110.4946	-1
3117.8059	-1
3125.1172	-1
3132.4285	-1
3139.7397	-1
3147.0510	-1
3154.3625	-1
3161.6741	-1
3168.9856	-1
3176.2971	-1
3183.6086	-1
3190.9202	-1
3198.2319	-1
3205.5437	-1
3212.8555	-1
3220.1672	-1
3227.4790	-1
3234.7908	-1
3242.1028	-1
3249.4148	-1
3256.7268	-1
3264.0388	-1
3271.3508	-1
3278.6628	-1
3285.9749	-1
3293.2869	-1
3300.6094	1
3307.9331	-1
3315.2571	1
3322.5813	1
3329.9065	-1
3337.2317	-1
3344.5569	-1
3351.8821	-1
3359.2173	1
3366.5540	-1
3373.8909	1
3381.2278	1
3388.5659	-1
3395.9041	-1
3403.2422	-1
3410.5803	-1
3417.9185	-1
3425.2668	1
3432.6165	-1
3439.9666	1
3447.3167	1
3454.6680	-1
3462.0193	-1
3469.3706	-1
3476.7219	-1
3484.0732	-1
3491.4246	-1
3498.7759	-1
3506.1272	-1
3513.4785	-1
3520.8298	-1
3528.1812	-1
3535.5325	-1
3542.8843	1
3550.2361	1
3557.5879	1
3564.9397	1
3572.2930	-1
3579.6462	-1
3586.9995	-1
3594.3528	-1
3601.7061	-1
3609.0593	-1
3616.4128	-1
3623.7664	-1
3631.1199	-1
3638.4734	-1
3645.8269	-1
3653.1804	-1
3660.5339	-1
3667.8875	-1
3675.2410	-1
3682.5945	-1
3689.9480	-1
3697.3015	-1
3704.6553	-1
3712.0090	-1
3719.3628	-1
3726.7166	-1
3734.0703	-1
3741.4241	-1
3748.7781	1
3756.1321	1
3763.4861	1
3770.8401	1
3778.1943	1
3785.5486	1
3792.9028	1
3800.2571	1
3807.6138	-1
3814.9705	-1
3822.3271	-1
3829.6838	-1
3837.0405	-1
3844.3972	-1
3851.7539	-1
3859.1106	-1
3866.4673	-1
3873.8240	-1
3881.1807	-1
3888.5374	-1
3895.8943	-1
3903.2512	-1
3910.6082	-1
3917.9651	-1
3925.3220	-1
3932.6790	-1
3940.0359	-1
3947.3928	-1
3954.7498	-1
3962.1067	-1
3969.4636	-1
3976.8206	-1
3984.1782	1
3991.5359	1
3998.8936	1
4006.2515	-1
4013.6094	1
4020.9673	-1
4028.3252	-1
4035.6831	-1
4043.0410	-1
4050.3989	-1
4057.7571	-1
4065.1152	-1
4072.4734	-1
4079.8315	-1
4087.1897	-1
4094.5479	-1
4101.9062	-1
4109.2646	-1
4116.6230	-1
4123.9814	-1
4131.3398	-1
4138.6982	-1
4146.0566	-1
4153.4150	-1
4160.7734	-1
4168.1318	-1
4175.4902	-1
4182.8486	-1
4190.2090	-1
4197.5693	-1
4204.9297	-1
4212.2900	-1
4219.6504	-1
4227.0107	-1
4234.3711	-1
4241.7314	-1
4249.0918	-1
4256.4521	-1
4263.8125	-1
4271.1729	-1
4278.5332	-1
4285.8936	-1
4293.2539	-1
4300.6143	-1
4307.9746	-1
4315.3350	-1
4322.6953	-1
4330.0557	-1
4337.4160	-1
4344.7881	1
4352.1616	-1
4359.5352	1
4366.9087	1
4374.2837	-1
4381.6587	-1
4389.0337	-1
4396.4087	-1
4403.7837	-1
4411.1587	-1
4418.5337	-1
4425.9087	-1
4433.2837	-1
4440.6587	-1
4448.0337	-1
4455.4087	-1
4462.7842	1
4470.1597	1
4477.5352	1
4484.9106	1
4492.2876	-1
4499.6646	-1
4507.0415	-1
4514.4185	-1
4521.7954	-1
4529.1724	-1
4536.5493	-1
4543.9263	-1
4551.3032	-1
4558.6802	-1
4566.0571	-1
4573.4341	-1
4580.8115	-1
4588.1890	-1
4595.5664	-1
4602.9438	-1
4610.3213	-1
4617.6987	-1
4625.0762	-1
4632.4536	-1
4639.8311	-1
4647.2085	-1
4654.5859	-1
4661.9634	-1
4669.3413	1
4676.7192	1
4684.0972	1
4691.4751	1
4698.8535	1
4706.2319	1
4713.6123	-1
4720.9927	-1
4728.3730	-1
4735.7534	-1
4743.1338	-1
4750.5142	-1
4757.8945	-1
4765.2749	-1
4772.6553	-1
4780.0356	-1
4787.4160	-1
4794.7964	-1
4802.1772	-1
4809.5581	-1
4816.9390	-1
4824.3198	-1
4831.7007	-1
4839.0815	-1
4846.4624	-1
4853.8433	-1
4861.2241	-1
4868.6050	-1
4875.9858	-1
4883.3667	-1
4890.7476	-1
4898.1284	-1
4905.5093	-1
4912.8901	-1
4920.2710	-1
4927.6519	-1
4935.0327	-1
4942.4136	-1
4949.7944	-1
4957.1860	1
4964.5786	-1
4971.9717	1
4979.3647	1
4986.7588	-1
4994.1528	-1
5001.5469	-1
5008.9409	-1
5016.3350	-1
5023.7290	-1
5031.1235	-1
5038.5181	-1
5045.9126	-1
5053.3071	-1
5060.7017	-1
5068.0962	-1
5075.4907	1
5082.8853	1
5090.2798	1
5097.6748	1
5105.0708	-1
5112.4668	-1
5119.8628	-1
5127.2588	-1
5134.6548	-1
5142.0508	-1
5149.4473	1
5156.8438	1
5164.2402	-1
5171.6367	-1
5179.0332	-1
5186.4297	-1
5193.8262	-1
5201.2227	-1
5208.6196	-1
5216.0166	-1
5223.4136	-1
5230.8105	-1
5238.2075	-1
5245.6045	-1
5253.0015	-1
5260.3984	-1
5267.7954	-1
5275.1924	-1
5282.5894	-1
5289.9863	-1
5297.3838	1
5304.7812	1
5312.1792	1
5319.5771	1
5326.9751	1
5334.3730	1
5341.7710	-1
5349.1689	-1
5356.5669	-1
5363.9648	-1
5371.3628	-1
5378.7607	-1
5386.1597	-1
5393.5586	-1
5400.9575	-1
5408.3564	-1
5415.7554	-1
5423.1543	-1
5430.5547	-1
5437.9551	-1
5445.3555	-1
5452.7559	-1
5460.1562	-1
5467.5566	-1
5474.9570	-1
5482.3574	-1
5489.7578	-1
5497.1582	-1
5504.5586	-1
5511.9590	-1
5519.3599	-1
5526.7607	-1
5534.1616	-1
5541.5625	-1
5548.9634	-1
5556.3643	-1
5563.7656	-1
5571.1670	-1
5578.5684	-1
5585.9697	-1
5593.3711	-1
5600.7725	-1
5608.1738	-1
5615.5752	-1
5622.9766	-1
5630.3779	-1
5637.7793	-1
5645.1807	-1
5652.5825	-1
5659.9951	1
5667.4087	-1
5674.8228	1
5682.2368	1
5689.6519	-1
5697.0669	-1
5704.4819	-1
5711.8970	-1
5719.3120	-1
5726.7271	-1
5734.1421	-1
5741.5674	1
5748.9941	-1
5756.4209	1
5763.8477	1
5771.2754	-1
5778.7031	-1
5786.1309	-1
5793.5688	1
5801.0083	-1
5808.4478	1
5815.8872	1
5823.3276	-1
5830.7681	-1
5838.2085	-1
5845.6494	-1
5853.1001	1
5860.5522	-1
5868.0044	1
5875.4565	1
5882.9097	-1
5890.3628	-1
5897.8164	-1
5905.2798	1
5912.7446	-1
5920.2100	1
5927.6753	1
5935.1421	-1
5942.6094	-1
5950.0869	1
5957.5654	-1
5965.0444	1
5972.5234	1
5980.0034	-1
5987.4834	-1
5994.9731	1
6002.4644	-1
6009.9556	1
6017.4468	1
6024.9395	-1
6032.4321	-1
6039.9248	-1
6047.4175	-1
6054.9199	1
6062.4233	-1
6069.9272	1
6077.4312	1
6084.9360	-1
6092.4409	-1
6099.9458	-1
6107.4507	-1
6114.9658	1
6122.4819	-1
6129.9985	1
6137.5151	1
6145.0327	-1
6152.5503	-1
6160.0679	-1
6167.5952	1
6175.1235	-1
6182.6523	1
6190.1812	1
6197.7114	-1
6205.2417	-1
6212.7720	-1
6220.3022	-1
6227.8325	-1
6235.3628	-1
6242.8931	-1
6250.4233	-1
6257.9536	-1
6265.4839	-1
6273.0142	-1
6280.5444	-1
6288.0747	1
6295.6050	1
6303.1367	-1
6310.6685	-1
6318.2002	-1
6325.7319	-1
6333.2637	-1
6340.7954	-1
6348.3271	-1
6355.8687	1
6363.4116	-1
6370.9546	1
6378.4976	1
6386.0410	-1
6393.5850	-1
6401.1382	1
6408.6929	-1
6416.2476	1
6423.8027	1
6431.3584	-1
6438.9141	-1
6446.4702	-1
6454.0352	1
6461.6016	-1
6469.1680	1
6476.7344	1
6484.3022	-1
6491.8701	-1
6499.4380	-1
6507.0059	-1
6514.5737	-1
6522.1416	-1
6529.7095	-1
6537.2773	-1
6544.8452	-1
6552.4229	1
6560.0015	-1
6567.5806	1
6575.1597	1
6582.7393	-1
6590.3188	-1
6597.8984	-1
6605.4780	-1
6613.0576	-1
6620.6372	-1
6628.2173	-1
6635.7974	-1
6643.3774	-1
6650.9575	-1
6658.5376	-1
6666.1177	-1
6673.6978	1
6681.2778	1
6688.8579	1
6696.4380	1
6704.0190	-1
6711.6001	-1
6719.1812	-1
6726.7622	-1
6734.3433	-1
6741.9243	-1
6749.5054	-1
6757.0864	-1
6764.6675	-1
6772.2485	-1
6779.8296	-1
6787.4106	-1
6794.9922	-1
6802.5737	-1
6810.1553	-1
6817.7368	-1
6825.3184	-1
6832.8999	-1
6840.4814	-1
6848.0630	-1
6855.6445	-1
6863.2261	-1
6870.8076	-1
6878.3892	-1
6885.9707	1
6893.5522	1
6901.1338	1
6908.7153	1
6916.2974	1
6923.8799	-1
6931.4624	-1
6939.0449	-1
6946.6274	-1
6954.2100	-1
6961.7925	-1
6969.3750	-1
6976.9575	-1
6984.5400	-1
6992.1226	-1
6999.7051	-1
7007.2876	-1
7014.8711	-1
7022.4546	-1
7030.0381	-1
7037.6216	-1
7045.2051	-1
7052.7886	-1
7060.3721	-1
7067.9556	-1
7075.5391	-1
7083.1226	-1
7090.7061	-1
7098.2896	-1
7105.8730	-1
7113.4565	-1
7121.0400	-1
7128.6235	-1
7136.2070	-1
7143.7905	-1
7151.3843	1
7158.9790	-1
7166.5742	1
7174.1694	1
7181.7651	-1
7189.3608	-1
7196.9565	-1
7204.5522	-1
7212.1479	-1
7219.7437	-1
7227.3394	-1
7234.9351	-1
7242.5308	-1
7250.1265	-1
7257.7222	-1
7265.3179	-1
7272.9141	1
7280.5103	1
7288.1064	1
7295.7026	1
7303.2993	-1
7310.8960	-1
7318.4927	-1
7326.0894	-1
7333.6860	-1
7341.2827	-1
7348.8804	1
7356.4780	-1
7364.0757	-1
7371.6733	-1
7379.2710	-1
7386.8687	-1
7394.4663	-1
7402.0640	1
7409.6616	-1
7417.2593	-1
7424.8569	-1
7432.4546	-1
7440.0522	-1
7447.6499	-1
7455.2476	-1
7462.8452	-1
7470.4429	-1
7478.0405	-1
7485.6382	-1
7493.2358	-1
7500.8345	-1
7508.4331	-1
7516.0317	-1
7523.6304	-1
7531.2290	-1
7538.8276	-1
7546.4263	-1
7554.0249	-1
7561.6328	1
7569.2422	-1
7576.8516	1
7584.4614	1
7592.0723	-1
7599.6831	-1
7607.2939	-1
7614.9048	-1
7622.5156	-1
7630.1265	-1
7637.7373	-1
7645.3481	-1
7652.9590	-1
7660.5698	-1
7668.1807	-1
7675.7915	-1
7683.4028	1
7691.0142	1
7698.6255	1
7706.2368	1
7713.8496	-1
7721.4624	-1
7729.0752	-1
7736.6880	-1
7744.3008	-1
7751.9136	-1
7759.5264	-1
7767.1392	-1
7774.7520	-1
7782.3647	-1
7789.9775	-1
7797.5903	-1
7805.2036	-1
7812.8169	-1
7820.4302	-1
7828.0435	-1
7835.6567	-1
7843.2700	-1
7850.8833	-1
7858.4966	-1
7866.1099	-1
7873.7231	-1
7881.3364	-1
7888.9497	-1
7896.5630	1
7904.1763	1
7911.7896	1
7919.4033	1
7927.0171	1
7934.6309	1
7942.2446	1
7949.8584	1
7957.4741	-1
7965.0898	-1
7972.7056	-1
7980.3213	-1
7987.9370	-1
7995.5527	-1
8003.1694	1
8010.7861	-1
8018.4028	-1
8026.0195	-1
8033.6362	-1
8041.2529	-1
8048.8696	-1
8056.4863	-1
8064.1030	-1
8071.7197	-1
8079.3364	-1
8086.9531	-1
8094.5698	-1
8102.1870	-1
8109.8042	-1
8117.4214	-1
8125.0386	-1
8132.6558	-1
8140.2729	-1
8147.8901	-1
8155.5073	-1
8163.1245	-1
8170.7417	-1
8178.3589	-1
8185.9761	-1
8193.5938	-1
8201.2109	-1
8208.8281	-1
8216.4453	-1
8224.0625	-1
8231.6797	-1
8239.2969	-1
8246.9141	-1
8254.5312	-1
8262.1484	-1
8269.7656	-1
8277.3828	-1
8285.0000	-1
8292.6172	-1
8300.2344	-1
8307.8516	-1
8315.4688	-1
8323.0859	-1
8330.7051	-1
8338.3242	-1
8345.9434	-1
8353.5625	-1
8361.1816	-1
8368.8105	1
8376.4414	-1
8384.0723	1
8391.7031	1
8399.3350	-1
8406.9668	-1
8414.5986	-1
8422.2305	-1
8429.8623	-1
8437.4941	-1
8445.1270	-1
8452.7598	-1
8460.3926	-1
8468.0254	-1
8475.6582	-1
8483.2910	-1
8490.9238	1
8498.5566	1
8506.1895	1
8513.8223	1
8521.4570	-1
8529.0918	-1
8536.7266	-1
8544.3613	-1
8551.9961	-1
8559.6309	-1
8567.2656	-1
8574.9004	-1
8582.5352	-1
8590.1699	-1
8597.8047	-1
8605.4395	-1
8613.0742	-1
8620.7090	-1
8628.3438	-1
8635.9785	-1
8643.6133	-1
8651.2480	-1
8658.8828	-1
8666.5176	-1
8674.1523	-1
8681.7871	-1
8689.4219	-1
8697.0566	-1
8704.6914	1
8712.3262	1
8719.9619	1
8727.5977	1
8735.2334	1
8742.8691	1
8750.5049	1
8758.1406	1
8765.7793	-1
8773.4180	-1
8781.0566	-1
8788.6953	-1
8796.3340	-1
8803.9727	-1
8811.6113	-1
8819.2500	-1
8826.8887	-1
8834.5273	-1
8842.1660	-1
8849.8047	-1
8857.4434	-1
8865.0820	-1
8872.7207	-1
8880.3594	-1
8887.9980	-1
8895.6367	-1
8903.2754	-1
8910.9141	-1
8918.5527	-1
8926.1914	-1
8933.8301	-1
8941.4688	-1
8949.1074	1
8956.7461	1
8964.3848	-1
8972.0234	-1
8979.6621	-1
8987.3008	-1
8994.9395	-1
9002.5781	-1
9010.2178	-1
9017.8574	-1
9025.4971	-1
9033.1367	-1
9040.7764	-1
9048.4160	-1
9056.0557	-1
9063.6953	-1
9071.3350	-1
9078.9746	-1
9086.6143	-1
9094.2539	-1
9101.8936	-1
9109.5332	-1
9117.1729	-1
9124.8125	-1
9132.4521	-1
9140.0918	-1
9147.7324	-1
9155.3730	-1
9163.0137	-1
9170.6543	-1
9178.2949	-1
9185.9355	-1
9193.5762	-1
9201.2168	-1
9208.8682	1
9216.5215	-1
9224.1748	1
9231.8281	1
9239.4824	-1
9247.1367	-1
9254.7910	-1
9262.4453	-1
9270.0996	-1
9277.7539	-1
9285.4082	-1
9293.0625	-1
9300.7168	-1
9308.3711	-1
9316.0254	-1
9323.6797	-1
9331.3350	1
9338.9912	-1
9346.6475	-1
9354.3037	-1
9361.9600	-1
9369.6260	1
9377.2930	-1
9384.9609	1
9392.6289	1
9400.2979	-1
9407.9668	-1
9415.6357	-1
9423.3047	-1
9430.9736	-1
9438.6426	-1
9446.3115	-1
9453.9805	-1
9461.6494	-1
9469.3184	-1
9476.9873	-1
9484.6562	-1
9492.3252	1
9499.9951	1
9507.6660	-1
9515.3369	-1
9523.0078	-1
9530.6787	-1
9538.3496	-1
9546.0205	-1
9553.6914	-1
9561.3623	-1
9569.0439	1
9576.7266	-1
9584.4092	1
9592.0918	1
9599.7754	-1
9607.4590	-1
9615.1426	-1
9622.8262	-1
9630.5098	-1
9638.1934	-1
9645.8770	-1
9653.5605	-1
9661.2441	-1
9668.9277	-1
9676.6113	-1
9684.2949	-1
9691.9795	1
9699.6641	1
9707.3486	1
9715.0332	1
9722.7197	-1
9730.4062	-1
9738.0928	-1
9745.7793	-1
9753.4658	-1
9761.1523	-1
9768.8389	-1
9776.5254	-1
9784.2119	-1
9791.8984	-1
9799.5850	-1
9807.2715	-1
9814.9580	-1
9822.6445	-1
9830.3311	-1
9838.0176	-1
9845.7041	-1
9853.3906	-1
9861.0771	-1
9868.7637	-1
9876.4502	-1
9884.1367	-1
9891.8232	-1
9899.5098	-1
9907.1963	1
9914.8838	1
9922.5713	1
9930.2588	1
9937.9463	1
9945.6338	1
9953.3213	1
9961.0088	1
9968.6982	-1
9976.3877	-1
9984.0771	-1
9991.7666	-1
9999.4561	-1
10007.1455	-1
10014.8350	1
10022.5254	1
10030.2168	-1
10037.9082	-1
10045.5996	-1
10053.2910	-1
10060.9824	-1
10068.6738	-1
10076.3652	-1
10084.0566	-1
10091.7480	-1
10099.4395	-1
10107.1309	-1
10114.8223	-1
10122.5137	-1
10130.2051	-1
10137.8965	-1
10145.5879	-1
10153.2793	-1
10160.9707	-1
10168.6621	-1
10176.3535	-1
10184.0449	-1
10191.7363	-1
10199.4277	-1
10207.1191	-1
10214.8105	-1
10222.5020	-1
10230.1934	-1
10237.8848	-1
10245.5762	-1
10253.2676	-1
10260.9590	-1
10268.6504	-1
10276.3418	-1
10284.0332	-1
10291.7246	-1
10299.4160	-1
10307.1074	-1
10314.7988	-1
10322.4902	-1
10330.1816	-1
10337.8730	-1
10345.5645	-1
10353.2568	-1
10360.9492	-1
10368.6416	-1
10376.3340	-1
10384.0264	-1
10391.7188	-1
10399.4111	-1
10407.1035	-1
10414.7959	-1
10422.4883	-1
10430.1807	-1
10437.8730	-1
10445.5654	1
10453.2578	1
10460.9502	1
10468.6426	1
10476.3350	1
10484.0273	1
10491.7217	1
10499.4160	1
10507.1104	1
10514.8047	1
10522.4990	1
10530.1934	1
10537.8877	1
10545.5820	1
10553.2764	1
10560.9717	-1
10568.6670	-1
10576.3623	-1
10584.0576	-1
10591.7529	-1
10599.4482	-1
10607.1445	-1
10614.8408	-1
10622.5371	-1
10630.2334	-1
10637.9297	-1
10645.6260	-1
10653.3223	-1
10661.0186	-1
10668.7148	-1
10676.4111	-1
10684.1074	-1
10691.8037	-1
10699.5000	-1
10707.1963	-1
10714.8926	-1
10722.5889	-1
10730.2852	-1
10737.9814	-1
10745.6777	-1
10753.3740	-1
10761.0703	-1
10768.7666	-1
10776.4629	-1
10784.1592	-1
10791.8574	-1
10799.5557	-1
10807.2539	-1
10814.9521	-1
10822.6504	-1
10830.3486	-1
10838.0479	-1
10845.7471	-1
10853.4463	-1
10861.1455	-1
10868.8447	-1
10876.5439	-1
10884.2441	-1
10891.9443	-1
10899.6445	-1
10907.3447	-1
10915.0449	-1
10922.7451	-1
10930.4453	-1
10938.1455	-1
10945.8457	-1
10953.5459	-1
10961.2461	-1
10968.9463	-1
10976.6465	-1
10984.3467	-1
10992.0469	-1
10999.7471	-1
11007.4473	-1
11015.1475	-1
11022.8477	-1
11030.5479	-1
11038.2480	-1
11045.9482	-1
11053.6484	-1
11061.3486	-1
11069.0498	-1
11076.7510	-1
11084.4521	-1
11092.1533	-1
11099.8545	-1
11107.5557	-1
11115.2568	-1
11122.9580	-1
11130.6592	-1
11138.3604	-1
11146.0615	-1
11153.7627	-1
11161.4639	-1
11169.1650	-1
11176.8662	-1
11184.5674	-1
11192.2686	-1
11199.9697	-1
11207.6709	-1
11215.3721	-1
11223.0732	-1
11230.7744	-1
11238.4756	-1
11246.1768	-1
11253.8887	1
11261.6016	-1
11269.3145	1
11277.0283	1
11284.7432	-1
11292.4580	-1
11300.1729	-1
11307.8877	-1
11315.6025	-1
11323.3174	-1
11331.0322	-1
11338.7471	-1
11346.4619	-1
11354.1768	-1
11361.8916	-1
11369.6064	-1
11377.3213	1
11385.0361	1
11392.7510	1
11400.4658	1
11408.1826	-1
11415.8994	-1
11423.6162	-1
11431.3330	-1
11439.0498	-1
11446.7666	-1
11454.4834	-1
11462.2002	-1
11469.9170	-1
11477.6338	-1
11485.3506	-1
11493.0674	-1
11500.7842	1
11508.5010	1
11516.2188	-1
11523.9365	-1
11531.6543	-1
11539.3721	-1
11547.0898	1
11554.8076	-1
11562.5254	-1
11570.2432	1
11577.9609	-1
11585.6787	-1
11593.3965	-1
11601.1143	-1
11608.8320	-1
11616.5498	-1
11624.2676	1
11631.9854	1
11639.7031	1
11647.4209	1
11655.1406	-1
11662.8604	-1
11670.5801	-1
11678.2998	-1
11686.0195	-1
11693.7393	-1
11701.4590	-1
11709.1787	-1
11716.8984	-1
11724.6182	-1
11732.3379	-1
11740.0576	-1
11747.7783	1
11755.4990	1
11763.2197	-1
11770.9404	-1
11778.6611	-1
11786.3818	-1
11794.1025	-1
11801.8232	-1
11809.5449	-1
11817.2666	-1
11824.9883	-1
11832.7100	-1
11840.4316	-1
11848.1533	-1
11855.8750	-1
11863.5967	-1
11871.3184	-1
11879.0400	-1
11886.7617	-1
11894.4834	-1
11902.2061	-1
11909.9287	-1
11917.6514	-1
11925.3740	-1
11933.0967	-1
11940.8193	-1
11948.5420	-1
11956.2646	-1
11963.9873	-1
11971.7100	-1
11979.4326	-1
11987.1553	-1
11994.8779	-1
12002.6006	-1
12010.3232	-1
12018.0459	-1
12025.7686	-1
12033.4912	-1
12041.2148	-1
12048.9385	-1
12056.6621	-1
12064.3857	-1
12072.1094	-1
12079.8330	-1
12087.5566	-1
12095.2803	-1
12103.0039	-1
12110.7383	1
12118.4736	-1
12126.2090	1
12133.9443	1
12141.6807	-1
12149.4170	-1
12157.1533	-1
12164.8896	-1
12172.6260	-1
12180.3623	-1
12188.0986	-1
12195.8350	-1
12203.5820	1
12211.3301	-1
12219.0781	1
12226.8262	1
12234.5752	-1
12242.3242	-1
12250.0732	-1
12257.8223	-1
12265.5713	-1
12273.3203	-1
12281.0693	-1
12288.8184	-1
12296.5674	-1
12304.3164	-1
12312.0654	-1
12319.8145	-1
12327.5645	1
12335.3145	1
12343.0645	1
12350.8145	1
12358.5664	-1
12366.3184	-1
12374.0703	-1
12381.8223	-1
12389.5742	-1
12397.3262	-1
12405.0781	-1
12412.8301	-1
12420.5820	-1
12428.3340	-1
12436.0859	-1
12443.8379	-1
12451.5898	-1
12459.3418	-1
12467.0938	-1
12474.8457	-1
12482.5977	-1
12490.3496	-1
12498.1016	1
12505.8535	1
12513.6055	-1
12521.3574	-1
12529.1094	-1
12536.8613	-1
12544.6133	-1
12552.3652	-1
12560.1182	1
12567.8711	1
12575.6240	1
12583.3770	1
12591.1299	1
12598.8828	1
12606.6377	-1
12614.3926	-1
12622.1475	-1
12629.9023	-1
12637.6572	-1
12645.4121	-1
12653.1680	-1
12660.9238	-1
12668.6797	-1
12676.4355	-1
12684.1914	-1
12691.9473	-1
12699.7041	-1
12707.4609	-1
12715.2178	-1
12722.9746	-1
12730.7314	-1
12738.4883	-1
12746.2451	-1
12754.0020	-1
12761.7588	-1
12769.5156	-1
12777.2725	-1
12785.0293	-1
12792.7861	-1
12800.5430	-1
12808.2998	-1
12816.0566	-1
12823.8135	-1
12831.5703	-1
12839.3271	1
12847.0840	1
12854.8418	1
12862.5996	1
12870.3574	1
12878.1152	1
12885.8730	1
12893.6309	1
12901.3887	1
12909.1465	-1
12916.9043	-1
12924.6621	-1
12932.4199	-1
12940.1777	-1
12947.9355	-1
12955.6943	-1
12963.4531	-1
12971.2119	-1
12978.9707	-1
12986.7295	-1
12994.4883	-1
13002.2471	-1
13010.0059	-1
13017.7646	-1
13025.5234	-1
13033.2822	-1
13041.0410	-1
13048.8027	-1
13056.5645	-1
13064.3262	-1
13072.0879	-1
13079.8496	-1
13087.6113	-1
13095.3740	-1
13103.1367	-1
13110.8994	-1
13118.6621	-1
13126.4248	-1
13134.1875	-1
13141.9512	-1
13149.7148	-1
13157.4785	-1
13165.2422	-1
13173.0059	-1
13180.7695	-1
13188.5332	-1
13196.2969	-1
13204.0605	-1
13211.8242	-1
13219.5879	-1
13227.3516	-1
13235.1152	-1
13242.8789	-1
13250.6426	-1
13258.4062	-1
13266.1699	-1
13273.9336	-1
13281.6982	-1
13289.4629	-1
13297.2275	-1
13304.9922	-1
13312.7568	-1
13320.5215	-1
13328.2861	-1
13336.0508	-1
13343.8154	-1
13351.5801	-1
13359.3447	-1
13367.1094	-1
13374.8740	-1
13382.6387	-1
13390.4033	-1
13398.1680	-1
13405.9326	-1
13413.6973	-1
13421.4619	-1
13429.2266	-1
13436.9912	-1
13444.7715	1
13452.5527	-1
13460.3340	1
13468.1152	1
13475.8975	-1
13483.6797	-1
13491.4619	-1
13499.2441	-1
13507.0264	-1
13514.8086	-1
13522.5908	-1
13530.3730	-1
13538.1553	-1
13545.9375	-1
13553.7197	-1
13561.5020	-1
13569.2852	1
13577.0684	1
13584.8525	-1
13592.6367	-1
13600.4209	-1
13608.2051	-1
13615.9893	-1
13623.7734	-1
13631.5576	-1
13639.3418	-1
13647.1357	1
13654.9307	-1
13662.7266	1
13670.5225	1
13678.3184	-1
13686.1143	-1
13693.9102	-1
13701.7061	-1
13709.5020	-1
13717.2979	-1
13725.0947	-1
13732.8916	-1
13740.6885	-1
13748.4854	-1
13756.2822	-1
13764.0791	-1
13771.8760	1
13779.6729	1
13787.4707	-1
13795.2686	-1
13803.0664	-1
13810.8643	-1
13818.6621	-1
13826.4600	-1
13834.2578	-1
13842.0557	-1
13849.8535	-1
13857.6621	1
13865.4717	-1
13873.2812	1
13881.0908	1
13888.9023	-1
13896.7139	-1
13904.5254	-1
13912.3369	-1
13920.1484	-1
13927.9600	-1
13935.7715	-1
13943.5830	-1
13951.3945	-1
13959.2061	-1
13967.0176	-1
13974.8291	-1
13982.6416	1
13990.4541	1
13998.2666	1
14006.0791	1
14013.8926	-1
14021.7061	-1
14029.5195	-1
14037.3330	-1
14045.1465	-1
14052.9600	-1
14060.7744	-1
14068.5889	-1
14076.4033	-1
14084.2178	-1
14092.0322	-1
14099.8467	-1
14107.6611	-1
14115.4756	-1
14123.2900	-1
14131.1045	-1
14138.9189	-1
14146.7334	-1
14154.5479	1
14162.3623	1
14170.1777	1
14177.9932	1
14185.8086	1
14193.6240	1
14201.4395	-1
14209.2549	-1
14217.0703	-1
14224.8857	-1
14232.7012	-1
14240.5166	-1
14248.3330	1
14256.1494	1
14263.9678	-1
14271.7861	-1
14279.6045	-1
14287.4229	-1
14295.2412	-1
14303.0596	-1
14310.8779	-1
14318.6963	-1
14326.5146	-1
14334.3330	-1
14342.1514	-1
14349.9697	-1
14357.7881	1
14365.6064	1
14373.4258	1
14381.2451	1
14389.0645	-1
14396.8838	-1
14404.7031	-1
14412.5225	-1
14420.3418	-1
14428.1611	-1
14435.9814	1
14443.8018	1
14451.6230	-1
14459.4443	-1
14467.2656	-1
14475.0869	-1
14482.9082	-1
14490.7295	-1
14498.5508	-1
14506.3721	-1
14514.1934	-1
14522.0146	-1
14529.8359	-1
14537.6572	-1
14545.4785	1
14553.2998	1
14561.1211	1
14568.9424	1
14576.7646	-1
14584.5869	-1
14592.4102	-1
14600.2334	-1
14608.0566	-1
14615.8799	-1
14623.7031	-1
14631.5264	-1
14639.3496	-1
14647.1729	-1
14654.9961	-1
14662.8193	-1
14670.6426	-1
14678.4658	-1
14686.2891	-1
14694.1123	-1
14701.9355	-1
14709.7588	-1
14717.5830	1
14725.4072	1
14733.2314	1
14741.0557	1
14748.8799	1
14756.7041	1
14764.5303	-1
14772.3564	-1
14780.1826	-1
14788.0088	-1
14795.8350	-1
14803.6611	-1
14811.4873	-1
14819.3135	-1
14827.1396	-1
14834.9658	-1
14842.7920	-1
14850.6182	-1
14858.4443	-1
14866.2705	-1
14874.0967	-1
14881.9229	-1
14889.7490	-1
14897.5752	-1
14905.4014	-1
14913.2285	-1
14921.0557	-1
14928.8828	-1
14936.7100	-1
14944.5371	-1
14952.3643	-1
14960.1914	-1
14968.0186	-1
14975.8457	-1
14983.6729	-1
14991.5000	-1
14999.3271	1
15007.1543	1
15014.9824	1
15022.8105	1
15030.6387	1
15038.4668	1
15046.2949	1
15054.1240	-1
15061.9531	-1
15069.7822	-1
15077.6113	-1
15085.4404	-1
15093.2695	-1
15101.0986	-1
15108.9277	-1
15116.7568	-1
15124.5859	-1
15132.4150	-1
15140.2441	-1
15148.0752	-1
15155.9062	-1
15163.7373	-1
15171.5684	-1
15179.3994	-1
15187.2305	-1
15195.0615	-1
15202.8926	-1
15210.7236	-1
15218.5547	-1
15226.3857	-1
15234.2168	-1
15242.0508	-1
15249.8848	-1
15257.7188	-1
15265.5527	-1
15273.3867	-1
15281.2207	-1
15289.0557	-1
15296.8906	-1
15304.7256	-1
15312.5605	-1
15320.3955	-1
15328.2305	-1
15336.0654	-1
15343.9004	-1
15351.7354	-1
15359.5703	-1
15367.4053	-1
15375.2402	-1
15383.0752	-1
15390.9102	-1
15398.7451	-1
15406.5801	-1
15414.4150	-1
15422.2500	-1
15430.0850	-1
15437.9199	-1
15445.7549	-1
15453.5898	-1
15461.4248	-1
15469.2598	-1
15477.0947	-1
15484.9297	-1
15492.7646	-1
15500.5996	-1
15508.4346	-1
15516.2695	-1
15524.1045	-1
15531.9395	-1
15539.7744	-1
15547.6094	-1
15555.4443	-1
15563.2793	-1
15571.1152	-1
15578.9512	-1
15586.7871	-1
15594.6230	-1
15602.4590	-1
15610.2949	-1
15618.1338	-1
15625.9727	-1
15633.8115	-1
15641.6504	-1
15649.4893	-1
15657.3281	-1
15665.1670	-1
15673.0059	-1
15680.8447	-1
15688.6836	-1
15696.5225	-1
15704.3613	-1
15712.2002	-1
15720.0391	-1
15727.8779	-1
15735.7168	-1
15743.5557	-1
15751.3945	-1
15759.2334	-1
15767.0723	-1
15774.9111	-1
15782.7500	-1
15790.5889	-1
15798.4277	-1
15806.2666	-1
15814.1055	-1
15821.9443	-1
15829.7832	-1
15837.6221	-1
15845.4609	-1
15853.3008	-1
15861.1553	1
15869.0107	-1
15876.8672	1
15884.7236	1
15892.5801	-1
15900.4365	-1
15908.2930	-1
15916.1494	-1
15924.0059	-1
15931.8623	-1
15939.7197	-1
15947.5771	-1
15955.4346	-1
15963.2920	-1
15971.1494	-1
15979.0068	-1
15986.8740	1
15994.7422	-1
16002.6113	1
16010.4805	1
16018.3506	-1
16026.2207	-1
16034.0908	-1
16041.9609	-1
16049.8311	-1
16057.7012	-1
16065.5713	-1
16073.4414	-1
16081.3115	-1
16089.1816	-1
16097.0518	-1
16104.9219	-1
16112.7930	1
16120.6641	1
16128.5352	1
16136.4072	1
16144.2812	-1
16152.1553	-1
16160.0293	-1
16167.9033	-1
16175.7773	-1
16183.6514	-1
16191.5254	-1
16199.3994	-1
16207.2734	-1
16215.1475	-1
16223.0215	-1
16230.8955	-1
16238.7695	-1
16246.6436	-1
16254.5176	-1
16262.3916	-1
16270.2656	-1
16278.1396	-1
16286.0137	-1
16293.8877	-1
16301.7617	-1
16309.6357	-1
16317.5098	-1
16325.3838	-1
16333.2578	1
16341.1318	1
16349.0059	1
16356.8809	1
16364.7559	1
16372.6309	1
16380.5059	1
16388.3809	1
16396.2598	-1
16404.1387	-1
16412.0176	-1
16419.8965	-1
16427.7754	-1
16435.6543	-1
16443.5332	-1
16451.4121	-1
16459.2910	-1
16467.1699	-1
16475.0488	-1
16482.9277	-1
16490.8066	-1
16498.6855	-1
16506.5645	-1
16514.4434	-1
16522.3223	-1
16530.2012	-1
16538.0801	-1
16545.9590	-1
16553.8379	-1
16561.7168	-1
16569.5957	-1
16577.4746	-1
16585.3535	1
16593.2324	1
16601.1113	-1
16608.9902	-1
16616.8691	-1
16624.7480	-1
16632.6270	-1
16640.5059	1
16648.3848	-1
16656.2637	1
16664.1426	-1
16672.0215	-1
16679.9004	-1
16687.7793	-1
16695.6582	-1
16703.5371	-1
16711.4180	1
16719.2988	-1
16727.1797	-1
16735.0605	-1
16742.9414	-1
16750.8223	-1
16758.7031	-1
16766.5840	-1
16774.4648	-1
16782.3457	-1
16790.2266	-1
16798.1074	-1
16805.9883	-1
16813.8691	1
16821.7500	1
16829.6309	1
16837.5117	1
16845.3926	1
16853.2734	1
16861.1543	1
16869.0371	-1
16876.9199	-1
16884.8027	-1
16892.6855	-1
16900.5684	-1
16908.4512	-1
16916.3340	1
16924.2168	1
16932.0996	1
16939.9824	1
16947.8652	1
16955.7480	1
16963.6328	-1
16971.5176	-1
16979.4023	-1
16987.2871	-1
16995.1719	-1
17003.0566	-1
17010.9414	-1
17018.8262	-1
17026.7109	-1
17034.5957	-1
17042.4805	-1
17050.3652	-1
17058.2500	1
17066.1348	1
17074.0215	-1
17081.9082	-1
17089.7949	-1
17097.6816	-1
17105.5684	-1
17113.4551	-1
17121.3418	-1
17129.2285	-1
17137.1152	-1
17145.0020	-1
17152.8887	-1
17160.7754	-1
17168.6621	-1
17176.5488	-1
17184.4355	-1
17192.3223	-1
17200.2090	-1
17208.0957	-1
17215.9824	1
17223.8691	1
17231.7578	1
17239.6465	1
17247.5352	1
17255.4238	1
17263.3125	1
17271.2012	1
17279.0938	-1
17286.9863	-1
17294.8789	-1
17302.7715	-1
17310.6641	-1
17318.5566	-1
17326.4492	-1
17334.3418	-1
17342.2344	-1
17350.1270	-1
17358.0195	-1
17365.9121	-1
17373.8047	-1
17381.6973	-1
17389.5898	-1
17397.4824	-1
17405.3750	-1
17413.2676	-1
17421.1602	-1
17429.0527	-1
17436.9453	-1
17444.8379	-1
17452.7305	-1
17460.6230	-1
17468.5156	-1
17476.4082	-1
17484.3008	-1
17492.1934	-1
17500.0859	-1
17507.9785	-1
17515.8711	-1
17523.7637	-1
17531.6562	-1
17539.5488	-1
17547.4414	-1
17555.3340	-1
17563.2266	-1
17571.1191	-1
17579.0117	-1
17586.9043	-1
17594.7969	-1
17602.6895	-1
17610.5820	-1
17618.4746	-1
17626.3672	-1
17634.2598	-1
17642.1523	-1
17650.0449	-1
17657.9395	-1
17665.8340	-1
17673.7285	-1
17681.6230	-1
17689.5176	-1
17697.4121	-1
17705.3066	-1
17713.2012	-1
17721.0957	-1
17728.9902	-1
17736.8848	-1
17744.7793	-1
17752.6758	-1
17760.5723	-1
17768.4688	-1
17776.3652	-1
17784.2617	-1
17792.1582	-1
17800.0566	1
17807.9551	1
17815.8555	1
17823.7559	1
17831.6562	1
17839.5566	-1
17847.4570	-1
17855.3574	-1
17863.2578	-1
17871.1582	-1
17879.0586	-1
17886.9590	-1
17894.8594	-1
17902.7598	-1
17910.6602	-1
17918.5605	-1
17926.4609	-1
17934.3613	1
17942.2617	1
17950.1621	1
17958.0625	1
17965.9629	1
17973.8633	1
17981.7637	1
17989.6641	1
17997.5645	1
18005.4648	1
18013.3652	1
18021.2656	1
18029.1680	-1
18037.0703	-1
18044.9727	-1
18052.8750	-1
18060.7773	-1
18068.6797	-1
18076.5820	-1
18084.4844	-1
18092.3867	-1
18100.2891	-1
18108.1914	-1
18116.0938	-1
18123.9961	-1
18131.8984	-1
18139.8008	-1
18147.7031	-1
18155.6055	-1
18163.5078	-1
18171.4102	-1
18179.3125	-1
18187.2148	-1
18195.1172	-1
18203.0195	-1
18210.9219	-1
18218.8242	-1
18226.7266	-1
18234.6289	-1
18242.5312	-1
18250.4336	-1
18258.3359	-1
18266.2383	-1
18274.1406	-1
18282.0430	-1
18289.9453	-1
18297.8477	-1
18305.7500	-1
18313.6543	-1
18321.5586	-1
18329.4629	-1
18337.3672	-1
18345.2715	-1
18353.1758	-1
18361.0820	-1
18368.9883	-1
18376.8945	-1
18384.8008	-1
18392.7070	-1
18400.6133	-1
18408.5195	-1
18416.4258	-1
18424.3320	-1
18432.2383	-1
18440.1445	-1
18448.0508	-1
18455.9609	-1
18463.8711	-1
18471.7812	-1
18479.6914	-1
18487.6016	-1
18495.5117	-1
18503.4219	-1
18511.3320	-1
18519.2422	-1
18527.1523	-1
18535.0625	-1
18542.9727	-1
18550.8828	-1
18558.7930	-1
18566.7031	-1
18574.6133	-1
18582.5234	-1
18590.4336	-1
18598.3438	-1
18606.2539	-1
18614.1641	-1
18622.0742	-1
18629.9844	-1
18637.8945	-1
18645.8066	-1
18653.7188	-1
18661.6309	-1
18669.5430	-1
18677.4551	-1
18685.3672	-1
18693.2812	-1
18701.1953	-1
18709.1094	-1
18717.0234	-1
18724.9375	-1
18732.8516	-1
18740.7656	-1
18748.6797	-1
18756.5938	-1
18764.5078	-1
18772.4219	-1
18780.3359	-1
18788.2500	-1
18796.1641	-1
18804.0781	-1
18811.9922	-1
18819.9062	-1
18827.8203	-1
18835.7344	-1
18843.6484	-1
18851.5625	-1
18859.4766	-1
18867.3906	-1
18875.3047	-1
18883.2188	-1
18891.1328	-1
18899.0469	-1
18906.9609	-1
18914.8750	-1
18922.7891	-1
18930.7031	-1
18938.6172	-1
18946.5312	-1
18954.4453	-1
18962.3594	-1
18970.2734	-1
18978.1875	-1
18986.1016	-1
18994.0156	-1
19001.9297	-1
19009.8438	-1
19017.7578	-1
19025.6738	-1
19033.5898	-1
19041.5059	-1
19049.4219	-1
19057.3379	-1
19065.2539	-1
19073.1699	-1
19081.0859	-1
19089.0020	-1
19096.9180	-1
19104.8340	-1
19112.7500	-1
19120.6660	-1
19128.5820	-1
19136.4980	-1
19144.4141	-1
19152.3301	-1
19160.2461	-1
19168.1621	-1
19176.0781	-1
19183.9941	-1
19191.9102	-1
19199.8262	-1
19207.7422	-1
19215.6602	-1
19223.5781	-1
19231.4961	-1
19239.4141	-1
19247.3477	1
19255.2812	-1
19263.2168	1
19271.1523	1
19279.0879	-1
19287.0234	-1
19294.9590	-1
19302.8945	-1
19310.8301	-1
19318.7656	-1
19326.7012	-1
19334.6367	-1
19342.5723	-1
19350.5078	-1
19358.4434	-1
19366.3789	-1
19374.3145	1
19382.2500	1
19390.1855	1
19398.1211	1
19406.0586	-1
19413.9961	-1
19421.9336	-1
19429.8711	-1
19437.8086	-1
19445.7461	-1
19453.6836	-1
19461.6211	-1
19469.5586	-1
19477.4961	-1
19485.4336	-1
19493.3711	-1
19501.3086	-1
19509.2461	-1
19517.1836	-1
19525.1211	-1
19533.0586	-1
19540.9961	-1
19548.9336	-1
19556.8711	-1
19564.8086	-1
19572.7461	-1
19580.6836	-1
19588.6211	-1
19596.5586	1
19604.4980	-1
19612.4375	-1
19620.3770	-1
19628.3164	-1
19636.2656	1
19644.2168	-1
19652.1680	1
19660.1191	1
19668.0703	-1
19676.0215	-1
19683.9727	-1
19691.9395	1
19699.9062	-1
19707.8750	1
19715.8438	1
19723.8125	-1
19731.7812	-1
19739.7656	1
19747.7520	-1
19755.7383	1
19763.7246	1
19771.7129	-1
19779.7012	-1
19787.6895	-1
19795.6777	-1
19803.6660	-1
19811.6543	-1
19819.6426	-1
19827.6309	-1
19835.6191	-1
19843.6074	-1
19851.5957	-1
19859.5840	-1
19867.5723	1
19875.5605	1
19883.5488	1
19891.5371	1
19899.5273	-1
19907.5176	-1
19915.5078	-1
19923.4980	-1
19931.4883	-1
19939.4785	-1
19947.4688	-1
19955.4590	-1
19963.4492	-1
19971.4395	-1
19979.4297	-1
19987.4199	-1
19995.4102	-1
20003.4004	-1
20011.3906	-1
20019.3809	-1
20027.3711	-1
20035.3613	-1
20043.3516	-1
20051.3418	-1
20059.3477	1
20067.3555	-1
20075.3633	1
20083.3711	1
20091.3789	-1
20099.3867	-1
20107.3945	-1
20115.4023	-1
20123.4102	-1
20131.4180	-1
20139.4258	-1
20147.4336	-1
20155.4414	-1
20163.4609	1
20171.4805	-1
20179.5000	1
20187.5195	1
20195.5410	-1
20203.5625	-1
20211.5840	-1
20219.6152	1
20227.6465	-1
20235.6777	1
20243.7090	1
20251.7422	-1
20259.7754	-1
20267.8184	1
20275.8613	-1
20283.9043	1
20291.9473	1
20299.9922	-1
20308.0371	-1
20316.0918	1
20324.1465	-1
20332.2031	1
20340.2598	1
20348.3164	-1
20356.3730	-1
20364.4395	1
20372.5078	-1
20380.5762	1
20388.6445	1
20396.7129	-1
20404.7812	-1
20412.8594	1
20420.9395	-1
20429.0195	1
20437.0996	1
20445.1797	-1
20453.2598	-1
20461.3398	-1
20469.4199	-1
20477.5000	-1
20485.5801	-1
20493.6602	-1
20501.7402	-1
20509.8203	-1
20517.9004	-1
20525.9805	-1
20534.0605	-1
20542.1426	1
20550.2246	1
20558.3066	1
20566.3887	1
20574.4707	-1
20582.5527	-1
20590.6348	-1
20598.7168	-1
20606.7988	-1
20614.8809	-1
20622.9648	-1
20631.0488	-1
20639.1328	-1
20647.2168	-1
20655.3008	-1
20663.3848	-1
20671.4688	1
20679.5527	1
20687.6367	-1
20695.7207	-1
20703.8047	-1
20711.8887	-1
20719.9727	1
20728.0566	-1
20736.1406	-1
20744.2246	1
20752.3086	-1
20760.3926	-1
20768.4766	-1
20776.5605	-1
20784.6445	-1
20792.7285	-1
20800.8125	1
20808.8965	1
20816.9805	1
20825.0664	-1
20833.1523	-1
20841.2383	-1
20849.3242	-1
20857.4102	-1
20865.4961	-1
20873.5820	-1
20881.6680	-1
20889.7539	-1
20897.8398	-1
20905.9258	-1
20914.0117	-1
20922.0977	-1
20930.1836	-1
20938.2695	-1
20946.3555	-1
20954.4414	-1
20962.5273	-1
20970.6152	-1
20978.7031	-1
20986.7910	-1
20994.8789	-1
21002.9668	-1
21011.0547	-1
21019.1426	-1
21027.2305	-1
21035.3184	-1
21043.4062	-1
21051.4941	-1
21059.5820	-1
21067.6699	-1
21075.7578	-1
21083.8457	-1
21091.9336	-1
21100.0215	-1
21108.1094	-1
21116.1973	-1
21124.2852	-1
21132.3730	-1
21140.4707	1
21148.5703	-1
21156.6699	1
21164.7695	1
21172.8691	-1
21180.9688	-1
21189.0781	1
21197.1895	-1
21205.3008	1
21213.4121	1
21221.5234	-1
21229.6348	-1
21237.7461	-1
21245.8574	-1
21253.9688	-1
21262.0801	-1
21270.1934	-1
21278.3066	-1
21286.4199	-1
21294.5332	-1
21302.6465	-1
21310.7598	-1
21318.8730	1
21326.9863	1
21335.0996	1
21343.2129	1
21351.3262	-1
21359.4395	-1
21367.5527	-1
21375.6660	-1
21383.7793	-1
21391.8926	-1
21400.0059	-1
21408.1191	-1
21416.2324	-1
21424.3457	-1
21432.4590	-1
21440.5723	-1
21448.6855	-1
21456.7988	-1
21464.9121	-1
21473.0254	-1
21481.1387	-1
21489.2520	-1
21497.3652	1
21505.4785	-1
21513.5918	-1
21521.7051	-1
21529.8184	-1
21537.9316	-1
21546.0449	-1
21554.1582	1
21562.2734	-1
21570.3887	-1
21578.5039	-1
21586.6191	-1
21594.7344	-1
21602.8496	-1
21610.9648	-1
21619.0898	1
21627.2148	-1
21635.3398	1
21643.4648	1
21651.5918	-1
21659.7188	-1
21667.8457	-1
21675.9727	-1
21684.0996	-1
21692.2266	-1
21700.3535	-1
21708.4805	-1
21716.6074	-1
21724.7344	-1
21732.8613	-1
21740.9883	-1
21749.1152	1
21757.2422	1
21765.3691	1
21773.4961	1
21781.6250	-1
21789.7539	-1
21797.8828	-1
21806.0117	-1
21814.1406	-1
21822.2695	-1
21830.3984	-1
21838.5273	-1
21846.6562	-1
21854.7852	-1
21862.9141	-1
21871.0430	-1
21879.1719	-1
21887.3008	-1
21895.4297	-1
21903.5586	-1
21911.6875	-1
21919.8164	-1
21927.9453	-1
21936.0742	-1
21944.2031	-1
21952.3320	-1
21960.4609	-1
21968.5898	-1
21976.7188	1
21984.8477	1
21992.9766	1
22001.1055	1
22009.2344	1
22017.3652	1
22025.4961	1
22033.6270	1
22041.7598	-1
22049.8926	-1
22058.0254	-1
22066.1582	-1
22074.2910	-1
22082.4238	-1
22090.5566	-1
22098.6895	-1
22106.8223	-1
22114.9551	-1
22123.0879	-1
22131.2207	-1
22139.3555	1
22147.4902	1
22155.6250	1
22163.7598	1
22171.8945	-1
22180.0293	-1
22188.1641	-1
22196.2988	-1
22204.4336	-1
22212.5684	-1
22220.7031	-1
22228.8379	-1
22236.9727	-1
22245.1074	-1
22253.2422	-1
22261.3770	-1
22269.5117	-1
22277.6465	-1
22285.7812	-1
22293.9160	-1
22302.0508	-1
22310.1855	-1
22318.3203	-1
22326.4551	-1
22334.5898	-1
22342.7246	-1
22350.8594	-1
22358.9941	-1
22367.1289	-1
22375.2637	-1
22383.3984	-1
22391.5332	-1
22399.6680	-1
22407.8027	-1
22415.9375	-1
22424.0723	-1
22432.2070	-1
22440.3418	-1
22448.4766	-1
22456.6113	-1
22464.7500	-1
22472.8887	-1
22481.0273	-1
22489.1660	-1
22497.3047	-1
22505.4434	-1
22513.5820	-1
22521.7207	-1
22529.8594	-1
22537.9980	-1
22546.1367	-1
22554.2754	-1
22562.4141	-1
22570.5527	-1
22578.6914	-1
22586.8301	-1
22594.9688	-1
22603.1074	-1
22611.2461	-1
22619.3945	1
22627.5449	-1
22635.6953	1
22643.8457	1
22651.9980	-1
22660.1504	-1
22668.3125	1
22676.4766	-1
22684.6406	1
22692.8047	1
22700.9707	-1
22709.1367	-1
22717.3125	1
22725.4902	-1
22733.6680	1
22741.8457	1
22750.0234	-1
22758.2031	-1
22766.3906	1
22774.5801	-1
22782.7695	1
22790.9590	1
22799.1484	-1
22807.3398	-1
22815.5449	1
22823.7520	-1
22831.9590	1
22840.1660	1
22848.3730	-1
22856.5820	-1
22864.8008	1
22873.0215	-1
22881.2422	1
22889.4629	1
22897.6836	-1
22905.9043	-1
22914.1250	-1
22922.3574	1
22930.5918	-1
22938.8262	1
22947.0605	1
22955.2949	-1
22963.5293	-1
22971.7656	-1
22980.0117	1
22988.2578	-1
22996.5059	1
23004.7539	1
23013.0020	-1
23021.2500	-1
23029.5078	1
23037.7676	-1
23046.0273	1
23054.2871	1
23062.5469	-1
23070.8066	-1
23079.0664	-1
23087.3359	1
23095.6074	-1
23103.8789	1
23112.1504	1
23120.4219	-1
23128.6934	-1
23136.9648	-1
23145.2461	1
23153.5293	-1
23161.8125	1
23170.0957	1
23178.3809	-1
23186.6660	-1
23194.9629	1
23203.2617	-1
23211.5605	1
23219.8594	1
23228.1582	-1
23236.4590	-1
23244.7734	1
23253.0898	-1
23261.4062	1
23269.7227	1
23278.0410	-1
23286.3594	-1
23294.6777	-1
23302.9961	-1
23311.3145	-1
23319.6328	-1
23327.9512	-1
23336.2695	-1
23344.5879	-1
23352.9062	-1
23361.2246	-1
23369.5430	-1
23377.8613	1
23386.1797	1
23394.4980	1
23402.8164	1
23411.1367	-1
23419.4570	-1
23427.7773	-1
23436.0977	-1
23444.4180	-1
23452.7383	-1
23461.0586	-1
23469.3789	-1
23477.6992	-1
23486.0195	-1
23494.3398	-1
23502.6602	-1
23510.9824	-1
23519.3047	-1
23527.6270	-1
23535.9492	-1
23544.2715	-1
23552.5938	-1
23560.9160	-1
23569.2383	-1
23577.5605	-1
23585.8828	-1
23594.2051	-1
23602.5273	-1
23610.8496	1
23619.1719	1
23627.4941	-1
23635.8164	-1
23644.1387	-1
23652.4609	-1
23660.7832	-1
23669.1055	-1
23677.4297	-1
23685.7539	-1
23694.0781	-1
23702.4023	-1
23710.7266	-1
23719.0664	1
23727.4062	-1
23735.7461	1
23744.0859	1
23752.4277	-1
23760.7695	-1
23769.1113	-1
23777.4531	-1
23785.7949	-1
23794.1367	-1
23802.4785	-1
23810.8203	-1
23819.1621	-1
23827.5039	-1
23835.8457	-1
23844.1875	-1
23852.5293	1
23860.8711	1
23869.2129	1
23877.5566	-1
23885.9004	-1
23894.2441	-1
23902.5879	-1
23910.9316	-1
23919.2754	-1
23927.6191	-1
23935.9629	-1
23944.3066	-1
23952.6504	-1
23960.9941	-1
23969.3379	-1
23977.6816	-1
23986.0391	1
23994.3965	-1
24002.7559	1
24011.1152	1
24019.4746	-1
24027.8340	-1
24036.1934	-1
24044.5527	-1
24052.9121	-1
24061.2715	-1
24069.6328	-1
24077.9941	-1
24086.3555	-1
24094.7168	-1
24103.0781	-1
24111.4395	-1
24119.8008	1
24128.1621	1
24136.5234	1
24144.8848	1
24153.2480	-1
24161.6113	-1
24169.9746	-1
24178.3379	-1
24186.7012	-1
24195.0645	-1
24203.4277	-1
24211.7910	-1
24220.1543	-1
24228.5176	-1
24236.8809	-1
24245.2441	-1
24253.6074	1
24261.9707	1
24270.3340	-1
24278.6973	-1
24287.0605	-1
24295.4238	-1
24303.7871	-1
24312.1504	-1
24320.5137	1
24328.8770	1
24337.2402	-1
24345.6035	-1
24353.9668	-1
24362.3301	-1
24370.6934	-1
24379.0566	-1
24387.4219	1
24395.7871	1
24404.1523	1
24412.5176	1
24420.8848	-1
24429.2520	-1
24437.6191	-1
24445.9863	-1
24454.3535	-1
24462.7207	-1
24471.0879	-1
24479.4551	-1
24487.8223	-1
24496.1895	-1
24504.5566	-1
24512.9238	-1
24521.2910	-1
24529.6582	-1
24538.0254	-1
24546.3926	-1
24554.7598	-1
24563.1270	-1
24571.4961	-1
24579.8652	-1
24588.2344	-1
24596.6035	-1
24604.9727	-1
24613.3418	-1
24621.7109	-1
24630.0801	-1
24638.4492	-1
24646.8184	-1
24655.1875	-1
24663.5566	-1
24671.9258	-1
24680.2949	-1
24688.6641	-1
24697.0332	-1
24705.4023	-1
24713.7715	-1
24722.1406	-1
24730.5098	-1
24738.8789	-1
24747.2480	-1
24755.6172	-1
24763.9863	-1
24772.3555	-1
24780.7246	-1
24789.0938	-1
24797.4629	-1
24805.8320	-1
24814.2012	-1
24822.5703	1
24830.9395	1
24839.3086	1
24847.6777	1
24856.0469	1
24864.4180	1
24872.7891	1
24881.1602	1
24889.5312	1
24897.9023	1
24906.2734	1
24914.6445	1
24923.0156	1
24931.3867	1
24939.7578	1
24948.1289	1
24956.5020	-1
24964.8750	-1
24973.2480	-1
24981.6211	-1
24989.9941	-1
24998.3672	-1
25006.7402	-1
25015.1133	-1
25023.4863	-1
25031.8594	-1
25040.2324	-1
25048.6055	-1
25056.9805	-1
25065.3555	-1
25073.7305	-1
25082.1055	-1
25090.4805	-1
25098.8555	-1
25107.2305	-1
25115.6055	-1
25123.9805	-1
25132.3555	-1
25140.7305	-1
25149.1055	-1
25157.4805	1
25165.8555	1
25174.2324	1
25182.6094	1
25190.9863	1
25199.3633	1
25207.7402	1
25216.1172	1
25224.4980	-1
25232.8789	-1
25241.2598	-1
25249.6406	-1
25258.0215	-1
25266.4023	-1
25274.7832	-1
25283.1641	-1
25291.5449	-1
25299.9258	-1
25308.3066	-1
25316.6875	-1
25325.0684	-1
25333.4492	-1
25341.8301	-1
25350.2109	-1
25358.5918	-1
25366.9727	-1
25375.3535	-1
25383.7344	-1
25392.1152	-1
25400.4961	-1
25408.8770	-1
25417.2578	-1
25425.6387	-1
25434.0195	-1
25442.4004	-1
25450.7812	-1
25459.1621	-1
25467.5430	-1
25475.9238	-1
25484.3047	-1
25492.6855	-1
25501.0664	-1
25509.4473	-1
25517.8281	-1
25526.2090	-1
25534.5898	-1
25542.9707	-1
25551.3516	-1
25559.7324	-1
25568.1133	-1
25576.4941	-1
25584.8750	-1
25593.2559	-1
25601.6367	-1
25610.0176	-1
25618.3984	-1
25626.7793	-1
25635.1602	-1
25643.5410	-1
25651.9219	-1
25660.3027	-1
25668.6836	-1
25677.0664	-1
25685.4492	-1
25693.8320	-1
25702.2148	-1
25710.5977	-1
25718.9805	-1
25727.3633	-1
25735.7461	-1
25744.1289	-1
25752.5117	-1
25760.8945	-1
25769.2773	-1
25777.6602	-1
25786.0430	-1
25794.4258	-1
25802.8086	-1
25811.1914	-1
25819.5742	-1
25827.9570	1
25836.3398	-1
25844.7227	1
25853.1055	-1
25861.4883	-1
25869.8711	-1
25878.2539	-1
25886.6367	-1
25895.0195	1
25903.4023	1
25911.7852	1
25920.1680	-1
25928.5508	-1
25936.9336	-1
25945.3164	-1
25953.6992	-1
25962.0820	1
25970.4648	-1
25978.8477	1
25987.2305	1
25995.6133	1
26003.9961	1
26012.3789	1
26020.7617	1
26029.1465	-1
26037.5312	-1
26045.9160	-1
26054.3008	-1
26062.6855	-1
26071.0703	-1
26079.4551	-1
26087.8398	-1
26096.2246	-1
26104.6094	-1
26112.9941	-1
26121.3789	-1
26129.7656	-1
26138.1523	-1
26146.5391	-1
26154.9258	-1
26163.3125	-1
26171.6992	-1
26180.0879	-1
26188.4766	-1
26196.8652	-1
26205.2539	-1
26213.6426	-1
26222.0312	-1
26230.4199	-1
26238.8086	-1
26247.1973	-1
26255.5859	-1
26263.9746	-1
26272.3633	-1
26280.7520	-1
26289.1406	-1
26297.5293	-1
26305.9180	-1
26314.3066	-1
26322.6953	-1
26331.0859	-1
26339.4766	-1
26347.8672	-1
26356.2578	-1
26364.6484	-1
26373.0391	-1
26381.4297	-1
26389.8203	-1
26398.2109	-1
26406.6016	-1
26414.9922	-1
26423.3828	-1
26431.7734	-1
26440.1641	-1
26448.5547	-1
26456.9453	-1
26465.3359	-1
26473.7266	-1
26482.1172	-1
26490.5078	-1
26498.8984	-1
26507.2891	-1
26515.6797	-1
26524.0703	-1
26532.4609	-1
26540.8516	-1
26549.2422	-1
26557.6328	-1
26566.0234	-1
26574.4141	-1
26582.8047	-1
26591.1953	-1
26599.5859	-1
26607.9766	-1
26616.3672	-1
26624.7578	-1
26633.1484	-1
26641.5391	-1
26649.9297	-1
26658.3203	-1
26666.7109	-1
26675.1016	-1
26683.4922	-1
26691.8828	-1
26700.2734	-1
26708.6641	-1
26717.0547	-1
26725.4453	-1
26733.8379	-1
26742.2305	-1
26750.6230	-1
26759.0156	-1
26767.4082	-1
26775.8008	-1
26784.1934	-1
26792.5859	-1
26800.9785	-1
26809.3711	-1
26817.7637	-1
26826.1562	-1
26834.5488	-1
26842.9414	-1
26851.3340	-1
26859.7266	-1
26868.1191	-1
26876.5117	-1
26884.9043	-1
26893.2969	-1
26901.6895	-1
26910.0820	-1
