0.0000	0
0.0007	-1
0.7314	-888
0.9212	888
1.0345	-888
1.4680	-888
1.5267	-888
1.5873	-888
1.8032	-888
1.9031	-888
1.9384	-888
2.0251	-888
2.0884	-888
2.2852	-888
2.3562	888
2.3589	-888
2.4183	-888
2.5410	888
2.6147	-888
2.6815	-888
2.6874	-888
2.7387	888
2.8901	888
3.1564	888
3.1869	-888
3.2945	888
3.3619	-888
3.3677	-888
3.3768	-888
3.3883	-888
3.4748	-888
3.5523	-888
3.6739	888
3.6811	-888
3.7961	-888
3.8247	888
3.9408	888
3.9725	888
4.0066	888
4.0254	888
4.2094	888
4.2779	888
4.2911	-888
4.3341	888
4.4221	-888
4.4502	-888
4.5576	-888
4.6655	888
4.9105	888
4.9751	-888
4.9951	888
5.0995	-888
5.1633	888
5.2071	888
5.2598	888
5.2678	888
5.7422	-888
6.1051	888
6.1379	888
6.1399	-888
6.9875	888
6.9889	888
7.0190	888
7.1186	888
7.1521	888
7.2144	888
7.2643	888
7.3307	888
7.4790	888
7.6909	888
7.9679	888
8.1221	888
8.2202	888
8.3213	888
8.3624	-1
8.6865	888
8.6987	888
8.8058	888
8.8396	888
9.0813	888
9.4014	888
9.5371	888
9.6252	888
9.7228	888
10.0642	888
10.2899	888
10.3403	888
10.3456	888
10.3685	888
10.4727	888
10.5044	888
10.5158	888
10.8395	888
11.3145	888
11.4673	888
11.4922	888
11.6874	888
11.6912	888
11.9631	888
13.2433	888
13.2607	888
13.5077	888
14.1365	888
14.6407	888
14.9048	888
16.6221	888
16.8646	888
16.8793	1
16.8875	888
17.2229	888
17.2980	888
17.5790	888
17.8672	888
17.9357	888
18.2872	888
21.7562	888
21.9040	888
22.2696	888
25.3991	-1
33.9194	1
42.4398	1
50.9615	-1
59.4833	-1
68.0051	-1
76.5407	1
85.0832	1
93.6280	-1
102.1732	1
110.7185	1
119.2656	-1
127.8127	-1
136.3598	-1
144.9069	-1
153.4540	-1
162.0011	-1
170.5483	-1
179.0956	-1
187.6428	-1
196.2073	1
204.7738	-1
213.3408	1
221.9079	1
230.4758	-1
239.0438	-1
247.6117	-1
256.1797	-1
264.7477	-1
273.3156	-1
281.8838	-1
290.4519	-1
299.0200	-1
307.5881	-1
316.1562	-1
324.7243	-1
333.2931	1
341.8618	1
350.4315	-1
359.0012	-1
367.5709	-1
376.1406	-1
384.7103	-1
393.2800	-1
401.8498	-1
410.4196	-1
418.9894	-1
427.5592	-1
436.1290	-1
444.7173	1
453.3108	-1
461.9050	1
470.4993	1
479.0948	-1
487.6903	-1
496.2858	-1
504.8813	-1
513.4768	-1
522.0729	-1
530.6871	1
539.3040	-1
547.9218	1
556.5396	1
565.1583	-1
573.7772	-1
582.3960	-1
591.0148	-1
599.6337	-1
608.2525	-1
616.8715	-1
625.4904	-1
634.1094	-1
642.7283	-1
651.3473	-1
659.9662	-1
668.5857	1
677.2053	1
685.8249	1
694.4445	1
703.0651	-1
711.6857	-1
720.3063	-1
728.9269	-1
737.5475	-1
746.1682	-1
754.7889	-1
763.4096	-1
772.0303	-1
780.6511	-1
789.2718	-1
797.8926	-1
806.5139	-1
815.1353	-1
823.7567	-1
832.3781	-1
840.9995	-1
849.6209	-1
858.2424	1
866.8638	-1
875.4854	-1
884.1069	-1
892.7284	-1
901.3499	-1
909.9714	-1
918.5930	1
927.2145	1
935.8361	1
944.4588	-1
953.0815	-1
961.7042	-1
970.3268	-1
978.9495	-1
987.5722	-1
996.1950	-1
1004.8178	-1
1013.4406	-1
1022.0634	-1
1030.6863	-1
1039.3091	-1
1047.9320	-1
1056.5549	-1
1065.1779	-1
1073.8008	-1
1082.4237	-1
1091.0466	-1
1099.6697	-1
1108.2927	-1
1116.9158	-1
1125.5388	-1
1134.1884	1
1142.8398	-1
1151.4917	1
1160.1437	1
1168.7994	-1
1177.4552	-1
1186.1110	-1
1194.7667	-1
1203.4225	-1
1212.0782	-1
1220.7341	-1
1229.3900	-1
1238.0459	-1
1246.7018	-1
1255.3724	1
1264.0446	-1
1272.7170	1
1281.3896	1
1290.0631	-1
1298.7366	-1
1307.4100	-1
1316.0835	-1
1324.7570	-1
1333.4314	-1
1342.1188	1
1350.8077	-1
1359.4971	1
1368.1865	1
1376.8773	-1
1385.5681	-1
1394.2589	-1
1402.9497	-1
1411.6405	-1
1420.3313	-1
1429.0222	-1
1437.7131	-1
1446.4041	-1
1455.0950	-1
1463.7859	-1
1472.4768	-1
1481.1681	1
1489.8594	1
1498.5508	1
1507.2422	1
1515.9351	-1
1524.6279	-1
1533.3208	-1
1542.0137	-1
1550.7065	-1
1559.3994	-1
1568.0924	-1
1576.7854	-1
1585.4784	-1
1594.1714	-1
1602.8644	-1
1611.5574	-1
1620.2505	-1
1628.9436	-1
1637.6367	-1
1646.3298	-1
1655.0229	-1
1663.7161	-1
1672.4093	-1
1681.1025	-1
1689.7958	-1
1698.4890	-1
1707.1823	-1
1715.8755	-1
1724.5696	1
1733.2637	1
1741.9578	1
1750.6520	1
1759.3463	1
1768.0406	1
1776.7350	1
1785.4294	1
1794.1252	-1
1802.8210	-1
1811.5168	-1
1820.2126	-1
1828.9084	-1
1837.6042	-1
1846.3003	-1
1854.9965	-1
1863.6926	-1
1872.3888	-1
1881.0850	-1
1889.7811	-1
1898.4780	1
1907.1759	-1
1915.8738	-1
1924.5717	-1
1933.2695	-1
1941.9674	-1
1950.6653	-1
1959.3633	1
1968.0614	1
1976.7599	-1
1985.4584	-1
1994.1569	-1
2002.8553	-1
2011.5538	-1
2020.2523	-1
2028.9509	-1
2037.6495	-1
2046.3481	-1
2055.0469	-1
2063.7456	-1
2072.4443	-1
2081.1431	-1
2089.8418	-1
2098.5405	-1
2107.2395	-1
2115.9385	-1
2124.6375	-1
2133.3364	-1
2142.0354	-1
2150.7344	-1
2159.4333	-1
2168.1323	-1
2176.8313	-1
2185.5303	-1
2194.2292	-1
2202.9282	-1
2211.6272	-1
2220.3262	-1
2229.0251	-1
2237.7244	-1
2246.4236	-1
2255.1228	-1
2263.8220	-1
2272.5212	-1
2281.2205	-1
2289.9204	1
2298.6206	1
2307.3210	1
2316.0217	1
2324.7224	1
2333.4231	1
2342.1240	1
2350.8250	1
2359.5259	1
2368.2268	1
2376.9277	1
2385.6287	1
2394.3298	1
2403.0310	1
2411.7322	1
2420.4336	-1
2429.1350	-1
2437.8364	-1
2446.5378	-1
2455.2393	-1
2463.9407	-1
2472.6423	-1
2481.3440	-1
2490.0457	-1
2498.7473	-1
2507.4490	-1
2516.1506	-1
2524.8530	-1
2533.5554	-1
2542.2578	-1
2550.9602	-1
2559.6626	-1
2568.3650	-1
2577.0684	1
2585.7717	1
2594.4751	1
2603.1787	1
2611.8823	1
2620.5859	1
2629.2947	-1
2638.0034	-1
2646.7122	-1
2655.4209	-1
2664.1296	-1
2672.8384	-1
2681.5474	-1
2690.2563	-1
2698.9653	-1
2707.6743	-1
2716.3833	-1
2725.0923	-1
2733.8013	-1
2742.5103	-1
2751.2192	-1
2759.9282	-1
2768.6372	-1
2777.3462	-1
2786.0552	-1
2794.7642	-1
2803.4731	-1
2812.1821	-1
2820.8911	-1
2829.6003	-1
2838.3096	-1
2847.0188	-1
2855.7280	-1
2864.4373	-1
2873.1465	-1
2881.8557	-1
2890.5649	-1
2899.2742	-1
2907.9834	-1
2916.6926	-1
2925.4019	-1
2934.1113	-1
2942.8208	-1
2951.5303	-1
2960.2397	-1
2968.9492	-1
2977.6587	-1
2986.3682	-1
2995.0776	-1
3003.7871	-1
3012.4966	-1
3021.2061	-1
3029.9155	-1
3038.6250	-1
3047.3347	-1
3056.0444	-1
3064.7542	-1
3073.4639	-1
3082.1736	-1
3090.8833	-1
3099.5930	-1
3108.3027	-1
3117.0125	-1
3125.7222	-1
3134.4319	-1
3143.1416	-1
3151.8542	1
3160.5669	1
3169.2795	1
3177.9924	1
3186.7053	1
3195.4182	1
3204.1311	1
3212.8440	1
3221.5569	1
3230.2700	1
3238.9832	1
3247.6963	1
3256.4094	1
3265.1226	1
3273.8359	1
3282.5493	1
3291.2627	1
3299.9761	1
3308.6895	1
3317.4028	1
3326.1169	-1
3334.8311	-1
3343.5452	-1
3352.2593	-1
3360.9734	-1
3369.6875	-1
3378.4019	-1
3387.1162	-1
3395.8306	-1
3404.5449	-1
3413.2593	-1
3421.9736	-1
3430.6882	-1
3439.4028	-1
3448.1174	-1
3456.8320	-1
3465.5466	-1
3474.2612	-1
3482.9758	-1
3491.6904	-1
3500.4050	-1
3509.1196	-1
3517.8342	-1
3526.5488	-1
3535.2637	-1
3543.9785	-1
3552.6934	-1
3561.4082	-1
3570.1230	-1
3578.8379	-1
3587.5530	-1
3596.2681	-1
3604.9832	-1
3613.6982	-1
3622.4133	-1
3631.1284	-1
3639.8435	-1
3648.5586	-1
3657.2737	-1
3665.9888	-1
3674.7041	-1
3683.4194	-1
3692.1348	-1
3700.8501	-1
3709.5654	-1
3718.2808	-1
3726.9961	-1
3735.7114	-1
3744.4270	-1
3753.1426	-1
3761.8582	-1
3770.5737	-1
3779.2893	-1
3788.0049	-1
3796.7205	-1
3805.4360	-1
3814.1516	-1
3822.8674	-1
3831.5833	-1
3840.2991	-1
3849.0161	1
3857.7332	1
3866.4507	1
3875.1682	1
3883.8860	1
3892.6038	1
3901.3215	1
3910.0393	1
3918.7571	1
3927.4749	1
3936.1929	1
3944.9109	1
3953.6289	1
3962.3469	1
3971.0674	-1
3979.7878	-1
3988.5083	-1
3997.2288	-1
4005.9492	-1
4014.6697	-1
4023.3911	1
4032.1128	1
4040.8359	-1
4049.5591	-1
4058.2822	-1
4067.0054	-1
4075.7285	-1
4084.4517	-1
4093.1750	-1
4101.8984	-1
4110.6221	-1
4119.3457	-1
4128.0693	-1
4136.7930	-1
4145.5166	-1
4154.2402	-1
4162.9639	-1
4171.6875	-1
4180.4111	-1
4189.1348	-1
4197.8584	-1
4206.5820	-1
4215.3057	-1
4224.0293	-1
4232.7529	-1
4241.4766	-1
4250.2002	-1
4258.9238	-1
4267.6475	-1
4276.3711	-1
4285.0947	-1
4293.8188	-1
4302.5430	1
4311.2671	1
4319.9912	1
4328.7153	1
4337.4395	1
4346.1636	1
4354.8877	1
4363.6147	-1
4372.3418	-1
4381.0688	-1
4389.7959	-1
4398.5229	-1
4407.2500	-1
4415.9771	-1
4424.7041	-1
4433.4312	-1
4442.1582	-1
4450.8853	-1
4459.6123	-1
4468.3398	-1
4477.0674	-1
4485.7949	-1
4494.5225	-1
4503.2500	-1
4511.9775	-1
4520.7051	-1
4529.4326	-1
4538.1602	-1
4546.8877	-1
4555.6152	-1
4564.3428	-1
4573.0703	-1
4581.7979	-1
4590.5254	-1
4599.2529	-1
4607.9805	-1
4616.7080	-1
4625.4360	-1
4634.1641	-1
4642.8921	-1
4651.6201	-1
4660.3481	-1
4669.0762	-1
4677.8042	-1
4686.5322	-1
4695.2603	-1
4703.9883	-1
4712.7163	-1
4721.4443	-1
4730.1733	-1
4738.9023	-1
4747.6313	-1
4756.3604	-1
4765.0894	-1
4773.8184	-1
4782.5503	-1
4791.2822	-1
4800.0142	-1
4808.7461	-1
4817.4780	-1
4826.2100	-1
4834.9419	-1
4843.6738	-1
4852.4058	-1
4861.1377	-1
4869.8696	-1
4878.6016	-1
4887.3369	-1
4896.0723	-1
4904.8076	-1
4913.5430	-1
4922.2783	-1
4931.0137	-1
4939.7490	-1
4948.4844	-1
4957.2197	-1
4965.9551	-1
4974.6904	-1
4983.4258	-1
4992.1611	-1
5000.8965	-1
5009.6318	-1
5018.3672	-1
5027.1025	-1
5035.8379	-1
5044.5737	-1
5053.3096	-1
5062.0454	-1
5070.7812	-1
5079.5171	-1
5088.2529	-1
5096.9888	-1
5105.7246	-1
5114.4604	-1
5123.1963	-1
5131.9321	-1
5140.6680	-1
5149.4038	-1
5158.1396	-1
5166.8755	-1
5175.6113	-1
5184.3472	-1
5193.0830	-1
5201.8188	-1
5210.5547	-1
5219.2905	-1
5228.0264	-1
5236.7622	-1
5245.4980	-1
5254.2344	-1
5262.9707	-1
5271.7070	-1
5280.4434	-1
5289.1797	-1
5297.9160	-1
5306.6523	-1
5315.3887	-1
5324.1250	-1
5332.8613	-1
5341.5977	-1
5350.3340	-1
5359.0708	-1
5367.8076	-1
5376.5444	-1
5385.2812	-1
5394.0181	-1
5402.7549	-1
5411.4917	-1
5420.2285	-1
5428.9653	-1
5437.7021	-1
5446.4390	-1
5455.1758	-1
5463.9126	-1
5472.6494	-1
5481.3862	-1
5490.1230	-1
5498.8599	-1
5507.5967	-1
5516.3340	-1
5525.0713	-1
5533.8086	-1
5542.5459	-1
5551.2832	-1
5560.0205	-1
5568.7588	-1
5577.4971	-1
5586.2354	-1
5594.9736	-1
5603.7119	-1
5612.4502	-1
5621.1885	-1
5629.9268	-1
5638.6650	-1
5647.4033	-1
5656.1416	-1
5664.8799	-1
5673.6187	-1
5682.3574	-1
5691.0962	-1
5699.8350	-1
5708.5737	-1
5717.3125	-1
5726.0513	-1
5734.7900	-1
5743.5288	-1
5752.2676	-1
5761.0063	-1
5769.7451	-1
5778.4839	-1
5787.2227	-1
5795.9614	-1
5804.7002	-1
5813.4390	-1
5822.1777	-1
5830.9165	-1
5839.6553	-1
5848.3940	-1
5857.1328	-1
5865.8716	-1
5874.6104	-1
5883.3496	-1
5892.0889	-1
5900.8281	-1
5909.5674	-1
5918.3066	-1
5927.0459	-1
5935.7861	-1
5944.5264	-1
5953.2666	-1
5962.0068	-1
5970.7471	-1
5979.4873	-1
5988.2275	-1
5996.9678	-1
6005.7080	-1
6014.4482	-1
6023.1885	-1
6031.9287	-1
6040.6689	-1
6049.4092	-1
6058.1494	-1
6066.8896	-1
6075.6299	-1
6084.3701	-1
6093.1104	-1
6101.8511	-1
6110.5918	-1
6119.3325	-1
6128.2593	1
6137.1860	1
6146.1128	1
6155.0405	-1
6163.9683	-1
6172.8960	-1
6181.8237	-1
6190.7515	-1
6199.6792	-1
6208.6069	-1
6217.5347	-1
6226.4624	-1
6235.3901	-1
6244.3179	-1
6253.2456	-1
6262.1738	-1
6271.1021	-1
6280.0303	-1
6288.9585	-1
6297.8867	-1
6306.8149	-1
6315.7563	1
6324.6992	-1
6333.6426	1
6342.5859	1
6351.5308	-1
6360.4756	-1
6369.4204	-1
6378.3652	-1
6387.3101	-1
6396.2549	-1
6405.1997	-1
6414.1445	-1
6423.0894	-1
6432.0342	-1
6440.9790	-1
6449.9238	-1
6458.8691	1
6467.8145	1
6476.7598	1
6485.7051	1
6494.6523	-1
6503.5996	-1
6512.5469	-1
6521.4941	-1
6530.4414	-1
6539.3887	-1
6548.3359	-1
6557.2832	-1
6566.2305	-1
6575.1777	-1
6584.1250	-1
6593.0723	-1
6602.0195	-1
6610.9668	-1
6619.9141	-1
6628.8613	-1
6637.8086	-1
6646.7559	-1
6655.7036	-1
6664.6514	-1
6673.5991	-1
6682.5469	-1
6691.4946	-1
6700.4424	-1
6709.3901	1
6718.3384	1
6727.2866	1
6736.2349	1
6745.1831	1
6754.1313	1
6763.0796	1
6772.0278	1
6780.9780	-1
6789.9282	-1
6798.8784	-1
6807.8286	-1
6816.7788	-1
6825.7290	-1
6834.6792	-1
6843.6294	-1
6852.5796	-1
6861.5298	-1
6870.4800	-1
6879.4302	-1
6888.3809	-1
6897.3315	-1
6906.2822	-1
6915.2329	-1
6924.1836	-1
6933.1343	-1
6942.0850	-1
6951.0356	-1
6959.9863	-1
6968.9370	-1
6977.8877	-1
6986.8384	-1
6995.7900	1
7004.7417	1
7013.6934	1
7022.6450	1
7031.5967	1
7040.5483	1
7049.5000	1
7058.4517	1
7067.4048	-1
7076.3579	-1
7085.3110	-1
7094.2642	-1
7103.2173	-1
7112.1704	-1
7121.1235	-1
7130.0767	-1
7139.0298	-1
7147.9829	-1
7156.9360	-1
7165.8892	-1
7174.8423	-1
7183.7954	-1
7192.7485	-1
7201.7021	-1
7210.6558	-1
7219.6094	-1
7228.5630	-1
7237.5166	-1
7246.4702	-1
7255.4238	-1
7264.3774	-1
7273.3311	-1
7282.2852	-1
7291.2393	-1
7300.1934	-1
7309.1475	-1
7318.1016	-1
7327.0557	-1
7336.0107	1
7344.9658	1
7353.9209	-1
7362.8760	-1
7371.8311	-1
7380.7861	-1
7389.7412	-1
7398.6963	-1
7407.6523	1
7416.6084	1
7425.5645	1
7434.5205	1
7443.4766	1
7452.4331	1
7461.3896	1
7470.3462	1
7479.3042	-1
7488.2622	-1
7497.2202	-1
7506.1782	-1
7515.1362	-1
7524.0942	-1
7533.0522	-1
7542.0103	-1
7550.9683	-1
7559.9263	-1
7568.8843	-1
7577.8423	-1
7586.8003	-1
7595.7583	-1
7604.7163	-1
7613.6743	-1
7622.6323	-1
7631.5903	-1
7640.5483	-1
7649.5063	-1
7658.4644	-1
7667.4224	-1
7676.3804	-1
7685.3384	-1
7694.2969	-1
7703.2554	-1
7712.2139	-1
7721.1724	-1
7730.1309	-1
7739.0894	-1
7748.0483	-1
7757.0073	-1
7765.9663	-1
7774.9253	-1
7783.8843	-1
7792.8433	-1
7801.8027	-1
7810.7622	-1
7819.7217	-1
7828.6812	-1
7837.6406	-1
7846.6001	-1
7855.5596	1
7864.5190	1
7873.4790	1
7882.4395	1
7891.3999	1
7900.3604	1
7909.3208	1
7918.2812	1
7927.2417	1
7936.2026	1
7945.1660	-1
7954.1294	-1
7963.0928	-1
7972.0562	-1
7981.0195	-1
7989.9829	-1
7998.9463	-1
8007.9097	-1
8016.8730	-1
8025.8364	-1
8034.7998	-1
8043.7632	-1
8052.7266	-1
8061.6899	-1
8070.6533	-1
8079.6167	-1
8088.5806	-1
8097.5444	-1
8106.5083	-1
8115.4722	-1
8124.4360	-1
8133.3999	-1
8142.3638	-1
8151.3276	-1
8160.2915	-1
8169.2554	-1
8178.2192	-1
8187.1831	-1
8196.1465	-1
8205.1104	-1
8214.0742	-1
8223.0381	-1
8232.0020	-1
8240.9658	-1
8249.9297	-1
8258.8936	-1
8267.8574	-1
8276.8213	-1
8285.7852	-1
8294.7490	-1
8303.7129	-1
8312.6768	-1
8321.6406	-1
8330.6045	-1
8339.5684	-1
8348.5322	-1
8357.4961	-1
8366.4600	-1
8375.4238	-1
8384.3887	-1
8393.3535	-1
8402.3184	-1
8411.2832	-1
8420.2480	-1
8429.2139	1
8438.1797	1
8447.1455	1
8456.1123	-1
8465.0791	-1
8474.0459	-1
8483.0127	-1
8491.9795	-1
8500.9463	-1
8509.9131	-1
8518.8799	-1
8527.8467	-1
8536.8135	-1
8545.7803	-1
8554.7471	-1
8563.7158	-1
8572.6846	-1
8581.6533	-1
8590.6221	-1
8599.5908	-1
8608.5596	-1
8617.5283	-1
8626.4971	-1
8635.4658	-1
8644.4346	-1
8653.4033	-1
8662.3721	-1
8671.3418	-1
8680.3115	-1
8689.2812	-1
8698.2510	-1
8707.2207	-1
8716.1904	-1
8725.1602	-1
8734.1299	-1
8743.0996	-1
8752.0693	-1
8761.0391	-1
8770.0088	-1
8778.9785	-1
8787.9482	-1
8796.9180	-1
8805.8877	-1
8814.8574	-1
8823.8271	-1
8832.7969	-1
8841.7666	-1
8850.7363	-1
8859.7061	-1
8868.6758	-1
8877.6455	-1
8886.6152	-1
8895.5850	-1
8904.5547	-1
8913.5244	-1
8922.4941	-1
8931.4639	-1
8940.4336	-1
8949.4033	-1
8958.3730	-1
8967.3428	-1
8976.3125	-1
8985.2822	-1
8994.2520	-1
9003.2217	-1
9012.1914	-1
9021.1611	-1
9030.1309	-1
9039.1006	-1
9048.0703	-1
9057.0410	-1
9066.0117	-1
9074.9824	-1
9083.9531	-1
9092.9238	-1
9101.8945	-1
9110.8652	-1
9119.8359	-1
9128.8066	-1
9137.7900	1
9146.7754	-1
9155.7607	1
9164.7461	1
9173.7334	-1
9182.7207	-1
9191.7080	-1
9200.6953	-1
9209.6826	-1
9218.6699	-1
9227.6572	-1
9236.6445	-1
9245.6445	1
9254.6465	-1
9263.6494	1
9272.6523	1
9281.6562	-1
9290.6602	-1
9299.6641	-1
9308.6680	-1
9317.6719	-1
9326.6758	-1
9335.6797	-1
9344.6836	-1
9353.6875	-1
9362.6914	-1
9371.6953	-1
9380.6992	-1
9389.7031	1
9398.7090	-1
9407.7148	-1
9416.7207	-1
9425.7266	-1
9434.7324	-1
9443.7383	-1
9452.7568	1
9461.7764	-1
9470.7969	1
9479.8174	1
9488.8389	-1
9497.8604	-1
9506.8818	-1
9515.9033	-1
9524.9248	-1
9533.9463	-1
9542.9678	-1
9551.9893	-1
9561.0107	-1
9570.0322	-1
9579.0537	-1
9588.0879	1
9597.1240	-1
9606.1602	1
9615.1963	1
9624.2344	-1
9633.2725	-1
9642.3105	-1
9651.3486	-1
9660.3867	-1
9669.4248	-1
9678.4629	-1
9687.5010	-1
9696.5391	-1
9705.5771	-1
9714.6152	-1
9723.6533	-1
9732.6914	1
9741.7295	1
9750.7676	1
9759.8057	1
9768.8457	-1
9777.8857	-1
9786.9258	-1
9795.9658	-1
9805.0059	-1
9814.0459	-1
9823.0859	-1
9832.1260	-1
9841.1660	-1
9850.2061	-1
9859.2461	-1
9868.2861	-1
9877.3262	-1
9886.3662	-1
9895.4062	-1
9904.4463	-1
9913.4863	-1
9922.5264	-1
9931.5664	-1
9940.6064	-1
9949.6465	-1
9958.6865	-1
9967.7266	-1
9976.7666	-1
9985.8076	1
9994.8486	1
10003.8896	1
10012.9307	1
10021.9717	1
10031.0127	1
10040.0537	1
10049.0947	1
10058.1377	-1
10067.1807	-1
10076.2236	-1
10085.2666	-1
10094.3096	-1
10103.3525	-1
10112.3955	-1
10121.4385	-1
10130.4814	-1
10139.5244	-1
10148.5674	-1
10157.6104	-1
10166.6533	-1
10175.6963	-1
10184.7393	-1
10193.7822	-1
10202.8252	-1
10211.8682	-1
10220.9121	1
10229.9570	1
10239.0020	-1
10248.0469	-1
10257.0918	-1
10266.1367	-1
10275.1816	-1
10284.2266	-1
10293.2715	1
10302.3164	1
10311.3613	1
10320.4062	-1
10329.4512	-1
10338.4961	-1
10347.5410	-1
10356.5859	-1
10365.6309	1
10374.6758	-1
10383.7217	-1
10392.7676	-1
10401.8135	-1
10410.8594	-1
10419.9053	-1
10428.9512	-1
10437.9971	-1
10447.0430	-1
10456.0889	-1
10465.1348	-1
10474.1807	-1
10483.2266	-1
10492.2725	-1
10501.3184	-1
10510.3643	-1
10519.4102	-1
10528.4561	-1
10537.5020	-1
10546.5488	1
10555.5957	1
10564.6426	1
10573.6895	1
10582.7363	1
10591.7832	1
10600.8301	1
10609.8770	1
10618.9238	1
10627.9707	1
10637.0186	-1
10646.0664	-1
10655.1143	-1
10664.1621	-1
10673.2100	-1
10682.2578	-1
10691.3057	-1
10700.3535	-1
10709.4014	-1
10718.4492	-1
10727.4971	-1
10736.5449	-1
10745.5938	1
10754.6426	-1
10763.6914	-1
10772.7402	-1
10781.7891	-1
10790.8379	-1
10799.8867	-1
10808.9355	1
10817.9854	1
10827.0352	1
10836.0859	-1
10845.1367	-1
10854.1875	-1
10863.2383	-1
10872.2891	-1
10881.3398	-1
10890.3906	-1
10899.4414	-1
10908.4922	-1
10917.5430	-1
10926.5938	-1
10935.6445	-1
10944.6973	-1
10953.7500	-1
10962.8027	-1
10971.8555	-1
10980.9082	-1
10989.9609	-1
10999.0137	-1
11008.0664	-1
11017.1191	-1
11026.1719	-1
11035.2246	-1
11044.2773	-1
11053.3301	-1
11062.3828	-1
11071.4355	-1
11080.4883	-1
11089.5410	-1
11098.5938	-1
11107.6465	-1
11116.6992	-1
11125.7520	-1
11134.8047	-1
11143.8574	-1
11152.9102	-1
11161.9629	-1
11171.0156	-1
11180.0684	-1
11189.1211	-1
11198.1738	-1
11207.2266	-1
11216.2803	-1
11225.3340	-1
11234.3877	-1
11243.4414	-1
11252.4951	-1
11261.5488	-1
11270.6035	-1
11279.6582	-1
11288.7129	-1
11297.7676	-1
11306.8223	-1
11315.8770	-1
11324.9316	-1
11333.9863	-1
11343.0410	-1
11352.0957	-1
11361.1504	-1
11370.2051	-1
11379.2617	-1
11388.3184	-1
11397.3750	-1
11406.4316	-1
11415.4883	-1
11424.5449	-1
11433.6016	-1
11442.6582	-1
11451.7148	-1
11460.7715	-1
11469.8281	-1
11478.8848	-1
11487.9414	-1
11496.9980	-1
11506.0547	-1
11515.1113	-1
11524.1680	-1
11533.2246	-1
11542.2822	-1
11551.3398	-1
11560.3975	-1
11569.4551	-1
11578.5127	-1
11587.5703	-1
11596.6279	-1
11605.6855	-1
11614.7432	-1
11623.8008	-1
11632.8584	-1
11641.9160	-1
11650.9736	-1
11660.0312	-1
11669.0889	-1
11678.1465	-1
11687.2041	-1
11696.2617	-1
11705.3193	-1
11714.3770	-1
11723.4463	1
11732.5176	-1
11741.5898	1
11750.6621	1
11759.7354	-1
11768.8086	-1
11777.8818	-1
11786.9668	1
11796.0537	-1
11805.1406	1
11814.2275	1
11823.3164	-1
11832.4053	-1
11841.4941	-1
11850.5830	-1
11859.6719	-1
11868.7734	1
11877.8770	-1
11886.9805	1
11896.0840	1
11905.1885	-1
11914.2930	-1
11923.3975	-1
11932.5020	-1
11941.6064	-1
11950.7109	-1
11959.8164	-1
11968.9219	-1
11978.0273	-1
11987.1328	-1
11996.2383	-1
12005.3438	-1
12014.4492	1
12023.5547	1
12032.6611	-1
12041.7676	-1
12050.8740	-1
12059.9805	-1
12069.0869	-1
12078.1934	-1
12087.2998	-1
12096.4062	-1
12105.5254	1
12114.6455	-1
12123.7666	1
12132.8877	1
12142.0098	-1
12151.1318	-1
12160.2539	-1
12169.3760	-1
12178.4980	-1
12187.6201	-1
12196.7422	-1
12205.8643	-1
12214.9863	-1
12224.1084	-1
12233.2305	-1
12242.3525	-1
12251.4756	1
12260.5986	1
12269.7217	1
12278.8447	1
12287.9688	-1
12297.0928	-1
12306.2168	-1
12315.3408	-1
12324.4648	-1
12333.5889	-1
12342.7129	-1
12351.8369	-1
12360.9609	-1
12370.0850	-1
12379.2090	-1
12388.3330	-1
12397.4580	-1
12406.5830	-1
12415.7080	-1
12424.8330	-1
12433.9580	-1
12443.0830	-1
12452.2080	-1
12461.3330	-1
12470.4580	-1
12479.5830	-1
12488.7080	-1
12497.8330	-1
12506.9580	1
12516.0830	1
12525.2080	1
12534.3330	1
12543.4580	1
12552.5830	1
12561.7080	1
12570.8330	1
12579.9600	-1
12589.0869	-1
12598.2139	-1
12607.3408	-1
12616.4678	-1
12625.5947	-1
12634.7217	-1
12643.8486	-1
12652.9756	-1
12662.1025	-1
12671.2295	-1
12680.3564	-1
12689.4844	-1
12698.6123	-1
12707.7402	-1
12716.8682	-1
12725.9961	-1
12735.1240	-1
12744.2520	1
12753.3799	1
12762.5078	1
12771.6357	1
12780.7646	1
12789.8936	1
12799.0225	-1
12808.1514	-1
12817.2803	-1
12826.4092	-1
12835.5381	-1
12844.6670	-1
12853.7959	-1
12862.9248	-1
12872.0537	-1
12881.1826	-1
12890.3115	-1
12899.4404	-1
12908.5703	1
12917.7002	1
12926.8301	1
12935.9600	-1
12945.0898	-1
12954.2197	-1
12963.3496	-1
12972.4795	-1
12981.6094	-1
12990.7393	-1
12999.8691	-1
13008.9990	-1
13018.1289	-1
13027.2588	-1
13036.3887	-1
13045.5186	1
13054.6484	-1
13063.7783	-1
13072.9082	-1
13082.0381	-1
13091.1680	-1
13100.2979	-1
13109.4307	-1
13118.5635	-1
13127.6963	-1
13136.8291	-1
13145.9619	-1
13155.0947	-1
13164.2275	-1
13173.3604	-1
13182.4932	-1
13191.6260	-1
13200.7588	-1
13209.8916	-1
13219.0244	-1
13228.1572	-1
13237.2900	-1
13246.4229	-1
13255.5557	-1
13264.6885	-1
13273.8232	-1
13282.9580	-1
13292.0928	-1
13301.2275	-1
13310.3623	-1
13319.4971	-1
13328.6318	-1
13337.7666	-1
13346.9014	-1
13356.0361	-1
13365.1709	-1
13374.3057	-1
13383.4404	-1
13392.5752	-1
13401.7100	-1
13410.8447	-1
13419.9795	-1
13429.1143	-1
13438.2490	-1
13447.3838	-1
13456.5186	-1
13465.6533	-1
13474.7881	-1
13483.9229	-1
13493.0576	-1
13502.1924	-1
13511.3271	-1
13520.4619	-1
13529.5967	-1
13538.7314	-1
13547.8672	-1
13557.0029	-1
13566.1387	-1
13575.2744	-1
13584.4102	-1
13593.5459	-1
13602.6816	-1
13611.8174	-1
13620.9531	-1
13630.1016	1
13639.2520	-1
13648.4023	1
13657.5527	1
13666.7051	-1
13675.8574	-1
13685.0098	-1
13694.1621	-1
13703.3145	-1
13712.4668	-1
13721.6191	-1
13730.7715	-1
13739.9365	1
13749.1025	-1
13758.2695	1
13767.4365	1
13776.6045	-1
13785.7725	-1
13794.9404	-1
13804.1084	-1
13813.2764	-1
13822.4443	-1
13831.6123	-1
13840.7930	1
13849.9756	-1
13859.1582	1
13868.3408	1
13877.5244	-1
13886.7080	-1
13895.8916	-1
13905.0752	-1
13914.2588	-1
13923.4561	1
13932.6553	-1
13941.8545	1
13951.0547	1
13960.2559	-1
13969.4570	-1
13978.6582	-1
13987.8594	-1
13997.0605	-1
14006.2617	-1
14015.4629	-1
14024.6641	-1
14033.8652	-1
14043.0664	-1
14052.2676	-1
14061.4688	-1
14070.6699	1
14079.8711	1
14089.0723	1
14098.2744	1
14107.4775	-1
14116.6807	-1
14125.8838	-1
14135.0869	-1
14144.2900	-1
14153.4932	-1
14162.6963	-1
14171.8994	-1
14181.1025	-1
14190.3057	-1
14199.5088	-1
14208.7119	-1
14217.9150	-1
14227.1182	-1
14236.3213	-1
14245.5244	-1
14254.7275	-1
14263.9307	-1
14273.1348	-1
14282.3389	-1
14291.5430	-1
14300.7471	-1
14309.9512	-1
14319.1553	-1
14328.3594	1
14337.5635	1
14346.7676	1
14355.9717	1
14365.1758	1
14374.3799	1
14383.5840	1
14392.7881	1
14401.9941	-1
14411.2002	-1
14420.4062	-1
14429.6123	-1
14438.8184	-1
14448.0244	-1
14457.2314	-1
14466.4385	-1
14475.6455	-1
14484.8525	-1
14494.0596	-1
14503.2666	-1
14512.4736	-1
14521.6807	-1
14530.8877	-1
14540.0947	-1
14549.3018	-1
14558.5088	-1
14567.7168	1
14576.9248	1
14586.1328	1
14595.3408	1
14604.5488	1
14613.7568	1
14622.9648	-1
14632.1729	-1
14641.3809	-1
14650.5889	-1
14659.7969	-1
14669.0049	-1
14678.2129	-1
14687.4209	-1
14696.6289	-1
14705.8369	-1
14715.0449	-1
14724.2529	-1
14733.4619	1
14742.6709	-1
14751.8799	-1
14761.0889	-1
14770.2979	-1
14779.5068	-1
14788.7158	-1
14797.9248	-1
14807.1338	-1
14816.3428	-1
14825.5518	-1
14834.7607	-1
14843.9697	-1
14853.1787	-1
14862.3877	-1
14871.5967	-1
14880.8057	-1
14890.0146	-1
14899.2236	-1
14908.4336	-1
14917.6436	-1
14926.8535	-1
14936.0635	-1
14945.2734	-1
14954.4834	-1
14963.6953	-1
14972.9072	-1
14982.1191	-1
14991.3311	-1
15000.5430	-1
15009.7549	-1
15018.9668	-1
15028.1787	-1
15037.3906	-1
15046.6025	-1
15055.8145	-1
15065.0264	-1
15074.2393	-1
15083.4521	-1
15092.6650	-1
15101.8779	-1
15111.0908	-1
15120.3037	-1
15129.5166	-1
15138.7295	-1
15147.9424	-1
15157.1553	-1
15166.3682	-1
15175.5811	-1
15184.7949	-1
15194.0088	-1
15203.2227	-1
15212.4365	-1
15221.6504	-1
15230.8643	-1
15240.0781	-1
15249.2920	-1
15258.5059	-1
15267.7197	-1
15276.9336	-1
15286.1602	1
15295.3887	-1
15304.6182	1
15313.8477	1
15323.0771	-1
15332.3066	-1
15341.5361	-1
15350.7656	-1
15359.9951	-1
15369.2246	-1
15378.4551	-1
15387.6855	-1
15396.9160	-1
15406.1465	-1
15415.3770	-1
15424.6074	-1
15433.8379	1
15443.0684	1
15452.2988	1
15461.5293	1
15470.7607	-1
15479.9922	-1
15489.2236	-1
15498.4551	-1
15507.6865	-1
15516.9180	-1
15526.1494	-1
15535.3809	-1
15544.6123	-1
15553.8438	-1
15563.0752	-1
15572.3066	-1
15581.5381	-1
15590.7695	-1
15600.0010	-1
15609.2324	-1
15618.4648	-1
15627.6973	-1
15636.9297	-1
15646.1621	-1
15655.3945	-1
15664.6270	-1
15673.8594	-1
15683.0918	-1
15692.3242	1
15701.5566	1
15710.7891	1
15720.0215	1
15729.2549	1
15738.4883	1
15747.7217	1
15756.9551	1
15766.1885	-1
15775.4219	-1
15784.6553	-1
15793.8887	-1
15803.1221	-1
15812.3555	-1
15821.5889	-1
15830.8223	-1
15840.0557	-1
15849.2891	-1
15858.5225	-1
15867.7559	-1
15876.9902	-1
15886.2246	-1
15895.4590	-1
15904.6934	-1
15913.9277	-1
15923.1621	-1
15932.3965	1
15941.6309	1
15950.8652	1
15960.0996	1
15969.3340	1
15978.5684	1
15987.8037	-1
15997.0391	-1
16006.2744	-1
16015.5098	-1
16024.7451	-1
16033.9805	-1
16043.2158	-1
16052.4512	-1
16061.6865	-1
16070.9219	-1
16080.1572	-1
16089.3926	-1
16098.6289	-1
16107.8652	-1
16117.1016	-1
16126.3379	-1
16135.5742	-1
16144.8105	-1
16154.0469	-1
16163.2832	-1
16172.5195	-1
16181.7559	-1
16190.9922	-1
16200.2285	-1
16209.4648	-1
16218.7012	-1
16227.9375	-1
16237.1738	-1
16246.4102	-1
16255.6465	-1
16264.8828	1
16274.1191	1
16283.3564	-1
16292.5938	-1
16301.8311	-1
16311.0684	-1
16320.3057	-1
16329.5430	-1
16338.7812	-1
16348.0195	-1
16357.2578	-1
16366.4961	-1
16375.7344	-1
16384.9727	-1
16394.2109	-1
16403.4492	-1
16412.6875	-1
16421.9258	-1
16431.1641	-1
16440.4023	-1
16449.6406	-1
16458.8789	-1
16468.1172	-1
16477.3555	-1
16486.5938	-1
16495.8320	-1
16505.0703	1
16514.3086	-1
16523.5469	-1
16532.7852	-1
16542.0234	-1
16551.2617	-1
16560.5000	-1
16569.7402	-1
16578.9805	-1
16588.2207	-1
16597.4609	-1
16606.7012	-1
16615.9414	-1
16625.1816	-1
16634.4219	-1
16643.6621	-1
16652.9023	-1
16662.1426	-1
16671.3828	-1
16680.6230	-1
16689.8633	-1
16699.1035	-1
16708.3438	-1
16717.5840	-1
16726.8242	-1
16736.0645	-1
16745.3047	-1
16754.5449	-1
16763.7852	-1
16773.0391	1
16782.2949	-1
16791.5508	1
16800.8066	1
16810.0645	-1
16819.3223	-1
16828.5801	-1
16837.8379	-1
16847.0957	-1
16856.3535	-1
16865.6113	-1
16874.8691	-1
16884.1270	-1
16893.3848	-1
16902.6426	-1
16911.9004	-1
16921.1582	1
16930.4160	1
16939.6738	1
16948.9316	1
16958.1914	-1
16967.4512	-1
16976.7109	-1
16985.9707	-1
16995.2305	-1
17004.4902	-1
17013.7500	-1
17023.0098	-1
17032.2695	-1
17041.5293	-1
17050.7891	-1
17060.0488	-1
17069.3086	-1
17078.5684	-1
17087.8281	-1
17097.0879	-1
17106.3477	-1
17115.6074	-1
17124.8672	-1
17134.1270	-1
17143.3867	-1
17152.6465	-1
17161.9062	-1
17171.1660	-1
17180.4258	1
17189.6855	1
17198.9453	1
17208.2051	1
17217.4668	1
17226.7285	1
17235.9902	1
17245.2520	1
17254.5156	-1
17263.7793	-1
17273.0430	-1
17282.3066	-1
17291.5703	-1
17300.8340	-1
17310.0977	-1
17319.3613	-1
17328.6250	-1
17337.8887	-1
17347.1523	-1
17356.4160	-1
17365.6797	-1
17374.9434	-1
17384.2070	-1
17393.4707	-1
17402.7344	-1
17411.9980	-1
17421.2617	-1
17430.5254	-1
17439.7891	-1
17449.0527	-1
17458.3164	-1
17467.5801	-1
17476.8438	1
17486.1074	1
17495.3730	-1
17504.6387	-1
17513.9043	-1
17523.1699	-1
17532.4355	-1
17541.7012	-1
17550.9668	1
17560.2324	1
17569.4980	1
17578.7637	-1
17588.0293	-1
17597.2949	-1
17606.5605	-1
17615.8262	-1
17625.0918	-1
17634.3574	1
17643.6230	1
17652.8887	1
17662.1543	-1
17671.4199	-1
17680.6855	-1
17689.9512	-1
17699.2168	-1
17708.4824	-1
17717.7480	-1
17727.0137	-1
17736.2793	-1
17745.5449	-1
17754.8105	-1
17764.0762	-1
17773.3438	1
17782.6113	1
17791.8789	1
17801.1465	1
17810.4141	1
17819.6816	1
17828.9492	1
17838.2168	1
17847.4863	-1
17856.7559	-1
17866.0254	-1
17875.2949	-1
17884.5645	-1
17893.8340	-1
17903.1035	-1
17912.3730	-1
17921.6426	-1
17930.9121	-1
17940.1816	-1
17949.4512	-1
17958.7207	-1
17967.9902	-1
17977.2598	-1
17986.5293	-1
17995.7988	-1
18005.0684	-1
18014.3379	-1
18023.6074	-1
18032.8770	-1
18042.1465	-1
18051.4160	-1
18060.6855	-1
18069.9551	-1
18079.2246	-1
18088.4941	-1
18097.7637	-1
18107.0332	-1
18116.3027	-1
18125.5723	-1
18134.8418	-1
18144.1113	-1
18153.3809	-1
18162.6504	-1
18171.9199	-1
18181.1914	-1
18190.4629	-1
18199.7344	-1
18209.0059	-1
18218.2773	-1
18227.5488	-1
18236.8203	1
18246.0918	1
18255.3633	1
18264.6348	1
18273.9082	1
18283.1816	1
18292.4551	1
18301.7285	1
18311.0020	1
18320.2754	1
18329.5488	1
18338.8223	1
18348.0957	1
18357.3691	1
18366.6426	-1
18375.9160	-1
18385.1895	-1
18394.4629	-1
18403.7363	-1
18413.0098	-1
18422.2832	-1
18431.5566	-1
18440.8301	-1
18450.1035	-1
18459.3770	-1
18468.6504	-1
18477.9238	-1
18487.1973	-1
18496.4707	-1
18505.7441	-1
18515.0176	-1
18524.2910	-1
18533.5645	-1
18542.8379	-1
18552.1113	-1
18561.3848	-1
18570.6582	-1
18579.9316	-1
18589.2070	-1
18598.4824	-1
18607.7578	-1
18617.0332	-1
18626.3086	-1
18635.5840	-1
18644.8594	-1
18654.1348	-1
18663.4102	-1
18672.6855	-1
18681.9609	-1
18691.2363	-1
18700.5117	1
18709.7871	-1
18719.0625	-1
18728.3379	-1
18737.6133	-1
18746.8887	-1
18756.1641	-1
18765.4395	1
18774.7148	1
18783.9902	1
18793.2656	-1
18802.5410	-1
18811.8164	-1
18821.0918	-1
18830.3672	-1
18839.6426	-1
18848.9180	1
18858.1934	1
18867.4688	1
18876.7441	1
18886.0195	-1
18895.2949	-1
18904.5703	-1
18913.8457	-1
18923.1211	-1
18932.3965	-1
18941.6719	1
18950.9473	1
18960.2246	1
18969.5020	1
18978.7793	1
18988.0566	1
18997.3340	1
19006.6113	1
19015.8887	1
19025.1660	1
19034.4473	-1
19043.7285	-1
19053.0098	-1
19062.2910	-1
19071.5723	-1
19080.8535	-1
19090.1348	-1
19099.4160	-1
19108.6973	-1
19117.9785	-1
19127.2598	-1
19136.5410	-1
19145.8262	1
19155.1113	1
19164.3965	1
19173.6816	1
19182.9688	-1
19192.2559	-1
19201.5430	-1
19210.8301	-1
19220.1172	-1
19229.4043	-1
19238.6914	-1
19247.9785	-1
19257.2656	-1
19266.5527	-1
19275.8398	-1
19285.1270	-1
19294.4141	-1
19303.7012	-1
19312.9883	-1
19322.2754	-1
19331.5625	-1
19340.8496	-1
19350.1367	-1
19359.4238	-1
19368.7109	-1
19377.9980	-1
19387.2852	-1
19396.5723	-1
19405.8613	-1
19415.1504	-1
19424.4395	-1
19433.7285	-1
19443.0176	-1
19452.3066	-1
19461.5957	-1
19470.8848	-1
19480.1738	-1
19489.4629	-1
19498.7520	-1
19508.0410	-1
19517.3301	-1
19526.6191	-1
19535.9082	-1
19545.1973	-1
19554.4863	-1
19563.7754	-1
19573.0645	-1
19582.3535	-1
19591.6426	-1
19600.9316	-1
19610.2207	-1
19619.5098	-1
19628.7988	-1
19638.0879	-1
19647.3770	-1
19656.6660	-1
19665.9551	-1
19675.2441	-1
19684.5332	-1
19693.8223	-1
19703.1113	-1
19712.4004	-1
19721.6895	-1
19730.9785	-1
19740.2676	-1
19749.5566	-1
19758.8457	-1
19768.1348	-1
19777.4238	-1
19786.7129	-1
19796.0020	-1
19805.2910	-1
19814.5801	-1
19823.8691	-1
19833.1582	-1
19842.4473	-1
19851.7383	-1
19861.0293	-1
19870.3203	-1
19879.6113	-1
19888.9023	-1
19898.1934	-1
19907.4844	-1
19916.7754	-1
19926.0664	-1
19935.3574	-1
19944.6484	-1
19953.9395	-1
19963.2305	-1
19972.5215	-1
19981.8125	-1
19991.1035	-1
20000.3945	-1
20009.6855	-1
20018.9766	-1
20028.2676	-1
20037.5586	-1
20046.8496	-1
20056.1406	-1
20065.4316	-1
20074.7227	-1
20084.0137	-1
20093.3047	-1
20102.5957	-1
20111.8867	-1
20121.1777	-1
20130.4688	-1
20139.7598	-1
20149.0508	-1
20158.3418	-1
20167.6328	-1
20176.9238	-1
20186.2148	-1
20195.5059	-1
20204.7969	-1
20214.0879	-1
20223.3789	-1
20232.6699	-1
20241.9609	-1
20251.2520	-1
20260.5430	-1
20269.8340	-1
20279.1250	-1
20288.4160	-1
20297.7090	-1
20307.0020	-1
20316.2949	-1
20325.5879	-1
20334.8809	-1
20344.1738	-1
20353.4668	-1
20362.7598	-1
20372.0527	-1
20381.3457	-1
20390.6387	-1
20399.9316	-1
20409.2246	-1
20418.5176	-1
20427.8105	-1
20437.1035	-1
20446.3965	-1
20455.6895	-1
20464.9824	-1
20474.2754	-1
20483.5684	-1
20492.8613	-1
20502.1543	-1
20511.4473	-1
20520.7402	1
20530.0332	1
20539.3262	1
20548.6191	1
20557.9121	1
20567.2051	1
20576.4980	1
20585.7910	1
20595.0840	1
20604.3770	1
20613.6699	1
20622.9629	1
20632.2559	1
20641.5488	1
20650.8418	1
20660.1348	1
20669.4277	1
20678.7207	1
20688.0137	1
20697.3066	1
20706.5996	1
20715.8926	1
20725.1855	1
20734.4785	1
20743.7734	1
20753.0684	1
20762.3633	1
20771.6582	1
20780.9531	-1
20790.2480	-1
20799.5430	-1
20808.8379	-1
20818.1328	-1
20827.4277	-1
20836.7227	-1
20846.0176	-1
20855.3125	-1
20864.6074	-1
20873.9023	-1
20883.1973	-1
20892.4922	-1
20901.7871	-1
20911.0820	-1
20920.3770	-1
20929.6719	-1
20938.9668	-1
20948.2617	-1
20957.5566	-1
20966.8516	-1
20976.1465	-1
20985.4414	-1
20994.7363	-1
21004.0312	-1
21013.3262	-1
21022.6211	-1
21031.9160	-1
21041.2129	-1
21050.5098	-1
21059.8066	-1
21069.1035	-1
21078.4004	-1
21087.6973	-1
21096.9941	-1
21106.2910	-1
21115.5879	-1
21124.8848	-1
21134.1816	-1
21143.4785	-1
21152.7754	-1
21162.0723	-1
21171.3730	1
21180.6738	1
21189.9746	1
21199.2754	1
21208.5762	1
21217.8770	1
21227.1777	1
21236.4785	1
21245.7793	1
21255.0801	1
21264.3809	1
21273.6816	1
21282.9824	1
21292.2832	1
21301.5840	1
21310.8848	1
21320.1855	1
21329.4902	-1
21338.7949	-1
21348.0996	-1
21357.4043	-1
21366.7090	-1
21376.0137	-1
21385.3203	-1
21394.6270	-1
21403.9336	-1
21413.2402	-1
21422.5469	-1
21431.8535	-1
21441.1602	-1
21450.4668	-1
21459.7734	-1
21469.0801	-1
21478.3867	-1
21487.6934	-1
21497.0000	-1
21506.3066	-1
21515.6133	-1
21524.9199	-1
21534.2266	-1
21543.5332	-1
21552.8398	-1
21562.1465	-1
21571.4531	-1
21580.7598	-1
21590.0664	-1
21599.3730	-1
21608.6797	-1
21617.9863	-1
21627.2930	-1
21636.5996	-1
21645.9062	-1
21655.2129	-1
21664.5195	-1
21673.8262	-1
21683.1328	-1
21692.4395	-1
21701.7461	-1
21711.0527	-1
21720.3613	-1
21729.6699	-1
21738.9785	-1
21748.2871	-1
21757.5957	-1
21766.9043	-1
21776.2129	-1
21785.5234	-1
21794.8340	-1
21804.1445	-1
21813.4551	-1
21822.7656	-1
21832.0762	-1
21841.3867	-1
21850.6973	-1
21860.0078	-1
21869.3184	-1
21878.6289	-1
21887.9395	-1
21897.2500	-1
21906.5605	-1
21915.8711	-1
21925.1816	-1
21934.4922	-1
21943.8027	-1
21953.1133	-1
21962.4238	-1
21971.7344	-1
21981.0449	-1
21990.3555	-1
21999.6680	-1
22008.9805	-1
22018.2930	-1
22027.6055	-1
22036.9180	-1
22046.2305	-1
22055.5430	-1
22064.8555	-1
22074.1680	-1
22083.4805	-1
22092.7930	-1
22102.1055	-1
22111.4180	-1
22120.7305	-1
22130.0430	-1
22139.3555	-1
22148.6680	-1
22157.9805	-1
22167.2930	-1
22176.6055	-1
22185.9180	-1
22195.2305	-1
22204.5430	-1
22213.8555	-1
22223.1680	-1
22232.4805	-1
22241.7930	-1
22251.1055	-1
22260.4180	-1
22269.7305	-1
22279.0430	-1
22288.3555	-1
22297.6680	-1
22306.9805	-1
22316.2930	-1
22325.6055	-1
22334.9180	-1
22344.2305	-1
22353.5430	-1
22362.8555	-1
22372.1680	-1
22381.4805	-1
22390.7949	-1
22400.1094	-1
22409.4238	-1
22418.7383	-1
22428.0527	-1
22437.3672	-1
22446.6816	-1
22455.9961	-1
22465.3105	-1
22474.6250	-1
22483.9395	-1
22493.2539	-1
22502.5684	-1
22511.8828	-1
22521.1973	-1
22530.5117	-1
22539.8262	-1
22549.1406	-1
22558.4570	-1
22567.7734	-1
22577.0898	-1
22586.4062	-1
22595.7227	-1
22605.0391	-1
22614.3574	-1
22623.6758	-1
22632.9941	-1
22642.3125	-1
22651.6309	-1
22660.9492	-1
22670.2676	-1
22679.5859	-1
22688.9043	-1
22698.2227	-1
22707.5410	-1
22716.8594	-1
22726.1777	-1
22735.4961	-1
22744.8145	-1
22754.1328	-1
22763.4512	-1
22772.7695	-1
22782.0879	-1
22791.4062	-1
22800.7246	-1
22810.0430	-1
22819.3613	-1
22828.6797	-1
22837.9980	-1
22847.3164	-1
22856.6348	-1
22865.9531	-1
22875.2715	-1
22884.5898	-1
22893.9082	-1
22903.2266	-1
22912.5449	-1
22921.8633	-1
22931.1816	-1
22940.5000	-1
22949.8184	-1
22959.1367	-1
22968.4551	-1
22977.7734	-1
22987.0918	-1
22996.4102	-1
23005.7305	-1
23015.0508	-1
23024.3711	-1
23033.6914	-1
23043.0117	-1
23052.3320	-1
23061.6523	-1
23070.9727	-1
23080.2930	-1
23089.6133	-1
23098.9336	-1
23108.2539	-1
23117.5742	-1
23126.8945	-1
23136.2148	-1
23145.5352	-1
23154.8555	-1
23164.1758	-1
23173.4961	-1
23182.8164	-1
23192.1367	-1
23201.4570	-1
23210.7773	-1
23220.0977	-1
23229.4180	-1
23238.7383	-1
23248.0586	-1
23257.3789	-1
23266.6992	-1
23276.0195	-1
23285.3398	-1
23294.6602	-1
23303.9805	-1
23313.3008	-1
23322.6211	-1
23331.9414	-1
23341.2617	-1
23350.5820	-1
23359.9023	-1
23369.2227	-1
23378.5430	-1
23387.8633	-1
23397.1836	-1
23406.5039	-1
23415.8242	-1
23425.1445	-1
23434.4648	-1
23443.7852	-1
23453.1055	-1
23462.4258	-1
23471.7461	-1
23481.0664	-1
23490.3867	-1
23499.7070	-1
23509.0273	-1
23518.3477	-1
23527.6680	-1
23536.9883	-1
23546.3086	-1
23555.6289	-1
23564.9492	-1
23574.2695	-1
23583.5898	-1
23592.9102	-1
23602.2305	-1
23611.5508	-1
23620.8711	-1
23630.1914	-1
23639.5117	-1
23648.8320	-1
23658.1523	-1
23667.4727	-1
23676.7930	-1
23686.1133	-1
23695.4336	-1
23704.7539	-1
23714.0742	-1
23723.3945	-1
23732.7148	-1
23742.0352	-1
23751.3555	-1
23760.6758	-1
23769.9961	-1
23779.3164	-1
23788.6367	-1
23797.9570	-1
23807.2773	-1
23816.7578	1
23826.2383	1
23835.7188	1
23845.2012	-1
23854.6836	-1
23864.1660	-1
23873.6484	-1
23883.1309	-1
23892.6133	-1
23902.0957	-1
23911.5781	-1
23921.0605	-1
23930.5430	-1
23940.0254	-1
23949.5078	-1
23958.9902	-1
23968.4727	-1
23977.9551	-1
23987.4375	-1
23996.9199	-1
24006.4023	-1
24015.8984	1
24025.3965	-1
24034.8945	1
24044.3926	1
24053.8906	-1
24063.3887	-1
24072.8867	-1
24082.3848	-1
24091.8828	-1
24101.3809	-1
24110.8789	-1
24120.3770	-1
24129.8750	-1
24139.3730	-1
24148.8711	-1
24158.3691	-1
24167.8691	1
24177.3691	1
24186.8691	1
24196.3691	1
24205.8691	-1
24215.3691	-1
24224.8691	-1
24234.3691	-1
24243.8691	-1
24253.3691	-1
24262.8711	1
24272.3730	1
24281.8750	-1
24291.3770	-1
24300.8789	-1
24310.3809	-1
24319.8828	-1
24329.3848	-1
24338.8867	-1
24348.3887	-1
24357.8906	-1
24367.3926	-1
24376.8945	-1
24386.3965	-1
24395.8984	-1
24405.4004	-1
24414.9023	-1
24424.4043	-1
24433.9062	-1
24443.4082	-1
24452.9102	1
24462.4121	1
24471.9141	1
24481.4160	1
24490.9180	1
24500.4199	1
24509.9219	-1
24519.4238	-1
24528.9258	-1
24538.4277	-1
24547.9297	-1
24557.4316	-1
24566.9355	-1
24576.4395	-1
24585.9434	-1
24595.4473	-1
24604.9512	-1
24614.4551	-1
24623.9590	-1
24633.4629	-1
24642.9668	-1
24652.4707	-1
24661.9746	-1
24671.4785	-1
24680.9824	1
24690.4863	1
24699.9902	1
24709.4941	1
24718.9980	1
24728.5020	1
24738.0059	-1
24747.5098	-1
24757.0137	-1
24766.5176	-1
24776.0215	-1
24785.5254	-1
24795.0293	-1
24804.5332	-1
24814.0371	-1
24823.5410	-1
24833.0449	-1
24842.5488	-1
24852.0547	1
24861.5605	1
24871.0664	1
24880.5723	1
24890.0781	-1
24899.5840	-1
24909.0898	-1
24918.5957	-1
24928.1016	-1
24937.6074	-1
24947.1133	-1
24956.6191	-1
24966.1250	-1
24975.6309	-1
24985.1367	-1
24994.6426	-1
25004.1504	-1
25013.6582	-1
25023.1660	-1
25032.6738	-1
25042.1816	-1
25051.6895	-1
25061.1973	-1
25070.7051	-1
25080.2129	-1
25089.7207	-1
25099.2285	-1
25108.7363	-1
25118.2441	-1
25127.7520	-1
25137.2598	-1
25146.7676	-1
25156.2754	-1
25165.7832	-1
25175.2910	-1
25184.7988	-1
25194.3066	1
25203.8145	-1
25213.3223	-1
25222.8301	-1
25232.3379	-1
25241.8457	1
25251.3535	-1
25260.8613	-1
25270.3691	-1
25279.8770	-1
25289.3848	-1
25298.8926	-1
25308.4004	-1
25317.9082	-1
25327.4160	-1
25336.9238	-1
25346.4316	-1
25355.9395	-1
25365.4473	-1
25374.9551	-1
25384.4629	-1
25393.9707	-1
25403.4785	-1
25412.9863	-1
25422.4961	1
25432.0059	1
25441.5156	1
25451.0254	1
25460.5352	1
25470.0449	1
25479.5547	1
25489.0645	1
25498.5742	1
25508.0840	1
25517.5938	1
25527.1035	1
25536.6133	1
25546.1230	1
25555.6328	1
25565.1426	1
25574.6523	-1
25584.1621	-1
25593.6719	-1
25603.1816	-1
25612.6914	-1
25622.2012	-1
25631.7109	-1
25641.2207	-1
25650.7305	-1
25660.2402	-1
25669.7500	-1
25679.2598	-1
25688.7695	-1
25698.2793	-1
25707.7891	-1
25717.2988	-1
25726.8086	-1
25736.3184	-1
25745.8281	-1
25755.3379	-1
25764.8477	-1
25774.3574	-1
25783.8672	-1
25793.3770	-1
25802.8867	-1
25812.3965	-1
25821.9062	-1
25831.4160	-1
25840.9258	-1
25850.4355	-1
25859.9453	-1
25869.4551	-1
25878.9648	-1
25888.4746	-1
25897.9844	-1
25907.4941	-1
25917.0059	-1
25926.5176	-1
25936.0293	-1
25945.5410	-1
25955.0527	-1
25964.5645	-1
25974.0762	1
25983.5879	1
25993.0996	1
26002.6113	1
26012.1250	1
26021.6387	1
26031.1523	1
26040.6660	1
26050.1797	1
26059.6934	1
26069.2070	1
26078.7207	1
26088.2344	1
26097.7480	1
26107.2617	-1
26116.7754	-1
26126.2891	-1
26135.8027	-1
26145.3164	-1
26154.8301	-1
26164.3438	-1
26173.8574	-1
26183.3711	-1
26192.8848	-1
26202.3984	-1
26211.9121	-1
26221.4258	-1
26230.9395	-1
26240.4531	-1
26249.9668	-1
26259.4805	-1
26268.9941	-1
26278.5078	-1
26288.0215	-1
26297.5352	-1
26307.0488	-1
26316.5625	-1
26326.0762	-1
26335.5898	-1
26345.1035	-1
26354.6172	-1
26364.1309	-1
26373.6445	-1
26383.1582	-1
26392.6719	-1
26402.1855	-1
26411.6992	-1
26421.2129	-1
26430.7266	-1
26440.2402	-1
26449.7539	-1
26459.2676	-1
26468.7812	-1
26478.2949	-1
26487.8086	-1
26497.3223	-1
26506.8379	-1
26516.3535	-1
26525.8691	-1
26535.3848	-1
26544.9004	-1
26554.4160	-1
26563.9316	-1
26573.4473	-1
26582.9629	-1
26592.4785	-1
26601.9941	-1
26611.5098	-1
26621.0254	-1
26630.5410	-1
26640.0566	-1
26649.5723	-1
26659.0879	-1
26668.6035	-1
26678.1191	1
26687.6348	1
26697.1504	1
26706.6660	1
26716.1836	1
26725.7012	1
26735.2188	-1
26744.7363	-1
26754.2539	-1
26763.7715	-1
26773.2891	-1
26782.8066	-1
26792.3242	-1
26801.8418	-1
26811.3594	-1
26820.8770	-1
26830.3945	-1
26839.9121	-1
26849.4316	-1
26858.9512	-1
26868.4707	-1
26877.9902	-1
26887.5098	-1
26897.0293	-1
26906.5488	-1
26916.0684	-1
26925.5879	-1
26935.1074	-1
26944.6270	-1
26954.1465	-1
26963.6660	-1
26973.1855	-1
26982.7051	-1
26992.2246	-1
27001.7441	-1
27011.2637	-1
27020.7832	-1
27030.3027	-1
27039.8223	-1
27049.3418	-1
27058.8613	-1
27068.3809	-1
27077.9004	-1
27087.4199	-1
27096.9395	-1
27106.4590	-1
27115.9785	-1
27125.4980	-1
27135.0176	-1
27144.5371	-1
27154.0566	-1
27163.5762	-1
27173.0957	-1
27182.6152	-1
27192.1348	-1
27201.6543	-1
27211.1738	-1
27220.6934	-1
27230.2129	-1
27239.7324	-1
27249.2520	-1
27258.7715	-1
27268.2910	-1
27277.8105	-1
27287.3301	-1
27296.8496	-1
27306.3711	-1
27315.8926	-1
27325.4141	-1
27334.9355	-1
27344.4570	-1
27353.9785	-1
27363.5000	-1
27373.0215	-1
27382.5430	-1
27392.0645	-1
27401.5859	-1
27411.1074	-1
27420.6289	-1
27430.1504	-1
27439.6719	-1
27449.1934	-1
27458.7148	-1
27468.2363	-1
27477.7598	-1
27487.2832	-1
27496.8066	-1
27506.3301	-1
27515.8535	-1
27525.3770	-1
27534.9004	-1
27544.4238	-1
27553.9473	-1
27563.4707	-1
27572.9941	-1
27582.5176	-1
27592.0410	-1
27601.5645	-1
27611.0879	-1
27620.6113	-1
27630.1348	-1
27639.6582	-1
27649.1816	-1
27658.7051	-1
27668.2285	-1
27677.7520	-1
27687.2754	-1
27696.7988	-1
27706.3223	-1
27715.8457	-1
27725.3691	-1
27734.8926	-1
27744.4160	-1
27753.9395	-1
27763.4629	-1
27772.9863	-1
27782.5098	-1
27792.0332	-1
27801.5566	-1
27811.0801	-1
27820.6035	-1
27830.1270	-1
27839.6504	-1
27849.1738	-1
27858.6973	-1
27868.2207	-1
27877.7441	-1
27887.2676	-1
27896.7910	-1
27906.3145	-1
27915.8379	-1
27925.3613	-1
27934.8848	-1
27944.4082	-1
27953.9316	-1
27963.4551	-1
27972.9785	-1
27982.5020	-1
27992.0254	-1
28001.5488	-1
28011.0723	-1
28020.5957	-1
28030.1191	-1
28039.6426	-1
28049.1680	-1
28058.6934	-1
28068.2188	-1
28077.7441	-1
28087.2695	-1
28096.7949	-1
28106.3203	-1
28115.8457	-1
28125.3711	-1
28134.9043	-1
28144.4375	1
28153.9766	1
28163.5156	-1
28173.0566	1
28182.5977	1
28192.1387	-1
28201.6797	-1
28211.2207	-1
28220.7617	-1
28230.3027	-1
28239.8438	-1
28249.3848	-1
28258.9258	-1
28268.4668	-1
28278.0078	-1
28287.5488	-1
28297.0898	-1
28306.6328	1
28316.1758	1
28325.7188	1
28335.2617	1
28344.8047	-1
28354.3477	-1
28363.8906	-1
28373.4336	-1
28382.9766	-1
28392.5195	-1
28402.0625	-1
28411.6055	-1
28421.1484	-1
28430.6914	-1
28440.2344	-1
28449.7773	-1
28459.3223	-1
28468.8672	-1
28478.4121	-1
28487.9570	-1
28497.5020	-1
28507.0469	-1
28516.5918	-1
28526.1367	-1
28535.6816	-1
28545.2266	-1
28554.7715	-1
28564.3164	-1
28573.8613	1
28583.4062	1
28592.9512	1
28602.4961	1
28612.0410	1
28621.5859	1
28631.1309	1
28640.6758	1
28650.2227	-1
28659.7695	-1
28669.3164	-1
28678.8633	-1
28688.4102	-1
28697.9570	-1
28707.5039	-1
28717.0508	-1
28726.5977	-1
28736.1445	-1
28745.6914	-1
28755.2383	-1
28764.7871	-1
28774.3359	-1
28783.8848	-1
28793.4336	-1
28802.9824	-1
28812.5312	-1
28822.0801	-1
28831.6289	-1
28841.1777	-1
28850.7266	-1
28860.2754	-1
28869.8242	-1
28879.3730	-1
28888.9219	-1
28898.4707	-1
28908.0195	-1
28917.5684	-1
28927.1172	-1
28936.6660	-1
28946.2148	-1
28955.7637	-1
28965.3125	-1
28974.8613	-1
28984.4102	1
28993.9590	-1
29003.5078	1
29013.0566	1
29022.6055	-1
29032.1543	-1
29041.7031	-1
29051.2520	-1
29060.8008	-1
29070.3496	-1
29079.8984	1
29089.4473	-1
29098.9961	-1
29108.5449	-1
29118.0938	-1
29127.6426	-1
29137.1914	-1
29146.7402	1
29156.2891	1
29165.8379	1
29175.3867	1
29184.9355	1
29194.4863	1
29204.0371	1
29213.5879	1
29223.1387	1
29232.6895	1
29242.2402	1
29251.7910	1
29261.3438	-1
29270.8965	-1
29280.4492	-1
29290.0020	-1
29299.5547	-1
29309.1074	-1
29318.6621	-1
29328.2168	-1
29337.7715	-1
29347.3262	-1
29356.8809	-1
29366.4355	-1
29375.9902	-1
29385.5449	-1
29395.0996	-1
29404.6543	-1
29414.2090	-1
29423.7637	-1
29433.3184	-1
29442.8730	-1
29452.4277	-1
29461.9824	-1
29471.5371	-1
29481.0918	-1
29490.6484	-1
29500.2051	-1
29509.7617	-1
29519.3184	-1
29528.8750	-1
29538.4316	-1
29547.9883	-1
29557.5449	-1
29567.1016	-1
29576.6582	-1
29586.2148	-1
29595.7715	-1
29605.3281	1
29614.8848	1
29624.4414	-1
29633.9980	-1
29643.5547	-1
29653.1113	-1
29662.6680	-1
29672.2246	-1
29681.7812	-1
29691.3379	-1
29700.8945	-1
29710.4512	-1
29720.0078	-1
29729.5645	-1
29739.1211	1
29748.6777	1
29758.2344	1
29767.7910	1
29777.3477	1
29786.9043	1
29796.4609	1
29806.0176	1
29815.5742	1
29825.1309	1
29834.6875	1
29844.2441	1
29853.8008	1
29863.3574	1
29872.9180	-1
29882.4785	-1
29892.0391	-1
29901.5996	-1
29911.1602	-1
29920.7207	-1
29930.2812	-1
29939.8418	-1
29949.4023	-1
29958.9629	-1
29968.5234	-1
29978.0840	-1
29987.6445	-1
29997.2051	-1
30006.7656	-1
30016.3262	-1
30025.8867	-1
30035.4473	-1
30045.0078	-1
30054.5684	-1
30064.1289	-1
30073.6895	-1
30083.2500	-1
30092.8105	-1
30102.3711	-1
30111.9316	-1
30121.4922	-1
30131.0527	-1
30140.6133	-1
30150.1738	-1
30159.7363	-1
30169.2988	-1
30178.8613	-1
30188.4238	-1
30197.9863	-1
30207.5488	-1
30217.1113	-1
30226.6738	-1
30236.2363	-1
30245.7988	-1
30255.3613	-1
30264.9238	-1
30274.4863	-1
30284.0488	-1
30293.6113	-1
30303.1738	-1
30312.7363	-1
30322.2988	-1
30331.8633	1
30341.4277	1
30350.9922	1
30360.5566	1
30370.1211	1
30379.6855	1
30389.2500	1
30398.8145	1
30408.3789	1
30417.9434	1
30427.5098	-1
30437.0762	-1
30446.6426	-1
30456.2090	-1
30465.7754	-1
30475.3418	-1
30484.9082	-1
30494.4746	-1
30504.0410	-1
30513.6074	-1
30523.1738	-1
30532.7402	-1
30542.3066	-1
30551.8730	-1
30561.4395	-1
30571.0059	-1
30580.5723	-1
30590.1387	-1
30599.7051	-1
30609.2715	-1
30618.8379	-1
30628.4043	-1
30637.9707	-1
30647.5371	-1
30657.1035	-1
30666.6699	-1
30676.2363	-1
30685.8027	-1
30695.3691	-1
30704.9355	-1
30714.5020	-1
30724.0684	-1
30733.6348	-1
30743.2012	-1
30752.7676	-1
30762.3340	-1
30771.9023	-1
30781.4707	-1
30791.0391	-1
30800.6074	-1
30810.1758	-1
30819.7441	-1
30829.3125	-1
30838.8809	-1
30848.4492	-1
30858.0176	-1
30867.5859	-1
30877.1543	-1
30886.7246	-1
30896.2949	-1
30905.8652	-1
30915.4355	-1
30925.0059	-1
30934.5762	-1
30944.1465	-1
30953.7168	-1
30963.2871	-1
30972.8574	-1
30982.4277	-1
30991.9980	-1
31001.5684	-1
31011.1387	-1
31020.7090	-1
31030.2793	-1
31039.8496	-1
31049.4199	-1
31058.9922	-1
31068.5645	-1
31078.1367	-1
31087.7090	-1
31097.2812	-1
31106.8535	-1
31116.4258	-1
31125.9980	-1
31135.5703	-1
31145.1426	-1
31154.7148	-1
31164.2871	-1
31173.8594	-1
31183.4316	-1
31193.0039	-1
31202.5762	-1
31212.1484	-1
31221.7207	-1
31231.2930	-1
31240.8652	-1
31250.4375	-1
31260.0098	-1
31269.5820	-1
31279.1543	-1
31288.7266	-1
31298.2988	-1
31307.8711	-1
31317.4434	-1
31327.0156	-1
31336.5879	-1
31346.1602	-1
31355.7324	-1
31365.3047	-1
31374.8770	-1
31384.4492	-1
31394.0215	-1
31403.5938	-1
31413.1660	-1
31422.7383	-1
31432.3105	-1
31441.8828	-1
31451.4551	-1
31461.0293	-1
31470.6035	-1
31480.1777	-1
31489.7520	-1
31499.3262	-1
31508.9004	-1
31518.4746	-1
31528.0488	-1
31537.6230	-1
31547.1973	-1
31556.7715	-1
31566.3457	-1
31575.9199	-1
31585.4941	-1
31595.0684	-1
31604.6426	-1
31614.2168	-1
31623.7910	-1
31633.3652	-1
31642.9395	-1
31652.5137	-1
31662.0879	-1
31671.6621	-1
31681.2363	-1
31690.8105	-1
31700.3848	-1
31709.9590	-1
31719.5332	-1
31729.1074	-1
31738.6816	-1
31748.2559	-1
31757.8301	-1
31767.4043	-1
31776.9785	-1
31786.5527	-1
31796.1270	-1
31805.7012	-1
31815.2754	-1
31824.8496	-1
31834.4238	-1
31843.9980	-1
31853.5723	-1
31863.1484	-1
31872.7246	-1
31882.3008	-1
31891.8887	1
31901.4785	-1
31911.0684	1
31920.6582	1
31930.2500	-1
31939.8418	-1
31949.4336	-1
31959.0254	-1
31968.6172	-1
31978.2090	-1
31987.8008	-1
31997.3926	-1
32006.9844	-1
32016.5762	-1
32026.1680	-1
32035.7598	-1
32045.3516	1
32054.9434	1
32064.5352	1
32074.1270	1
32083.7188	-1
32093.3105	-1
32102.9023	-1
32112.4941	-1
32122.0859	-1
32131.6777	-1
32141.2715	-1
32150.8652	-1
32160.4590	-1
32170.0527	-1
32179.6465	-1
32189.2402	-1
32198.8340	-1
32208.4277	-1
32218.0215	-1
32227.6152	-1
32237.2090	-1
32246.8027	-1
32256.3965	-1
32265.9902	-1
32275.5840	-1
32285.1777	-1
32294.7715	-1
32304.3652	-1
32313.9590	1
32323.5527	1
32333.1465	1
32342.7402	1
32352.3340	1
32361.9277	1
32371.5215	1
32381.1152	1
32390.7109	-1
32400.3066	-1
32409.9023	-1
32419.4980	-1
32429.0938	-1
32438.6895	-1
32448.2852	-1
32457.8809	-1
32467.4766	-1
32477.0723	-1
32486.6680	-1
32496.2637	-1
32505.8594	-1
32515.4551	-1
32525.0508	-1
32534.6465	-1
32544.2422	-1
32553.8379	-1
32563.4336	-1
32573.0293	-1
32582.6250	-1
32592.2207	-1
32601.8164	-1
32611.4121	-1
32621.0078	1
32630.6035	1
32640.1992	-1
32649.7949	-1
32659.3906	-1
32668.9863	-1
32678.5820	-1
32688.1777	-1
32697.7754	-1
32707.3730	-1
32716.9707	-1
32726.5684	-1
32736.1660	-1
32745.7637	-1
32755.3613	-1
32764.9590	-1
32774.5547	-1
32784.1523	-1
32793.7500	-1
32803.3477	-1
32812.9453	-1
32822.5430	-1
32832.1406	-1
32841.7383	-1
32851.3359	-1
32860.9336	-1
32870.5312	1
32880.1289	1
32889.7266	1
32899.3242	1
32908.9219	1
32918.5195	1
32928.1172	1
32937.7148	1
32947.3125	1
32956.9102	1
32966.5078	-1
32976.1055	-1
32985.7031	-1
32995.3008	-1
33004.8984	-1
33014.4961	-1
33024.0938	-1
33033.6914	-1
33043.2891	-1
33052.8867	-1
33062.4844	-1
33072.0820	-1
33081.6797	1
33091.2773	1
33100.8750	1
33110.4727	1
33120.0703	1
33129.6719	1
33139.2734	1
33148.8750	1
33158.4766	-1
33168.0781	-1
33177.6797	-1
33187.2812	-1
33196.8828	-1
33206.4844	-1
33216.0859	-1
33225.6875	-1
33235.2891	-1
33244.8906	-1
33254.4922	-1
33264.0938	-1
33273.6953	1
33283.2969	1
33292.8984	1
33302.5000	1
33312.1016	-1
33321.7031	-1
33331.3047	-1
33340.9062	-1
33350.5078	-1
33360.1094	-1
33369.7109	-1
33379.3125	-1
33388.9141	-1
33398.5156	-1
33408.1172	-1
33417.7188	-1
33427.3203	-1
33436.9219	-1
33446.5234	-1
33456.1250	-1
33465.7266	-1
33475.3281	-1
33484.9297	-1
33494.5312	-1
33504.1328	-1
33513.7344	-1
33523.3359	-1
33532.9375	-1
33542.5391	-1
33552.1406	-1
33561.7422	-1
33571.3438	-1
33580.9492	-1
33590.5547	-1
33600.1602	-1
33609.7656	-1
33619.3711	-1
33628.9766	-1
33638.5820	-1
33648.1875	-1
33657.7930	-1
33667.3984	-1
33677.0039	-1
33686.6094	-1
33696.2148	-1
33705.8203	-1
33715.4258	-1
33725.0312	-1
33734.6367	-1
33744.2422	-1
33753.8477	-1
33763.4531	-1
33773.0586	-1
33782.6641	-1
33792.2695	-1
33801.8750	-1
33811.4805	-1
33821.0859	-1
33830.6914	-1
33840.2969	-1
33849.9023	-1
33859.5078	-1
33869.1133	-1
33878.7188	-1
33888.3242	-1
33897.9297	-1
33907.5352	-1
33917.1406	-1
33926.7461	-1
33936.3516	-1
33945.9570	-1
33955.5625	-1
33965.1680	-1
33974.7734	-1
33984.3789	-1
33993.9844	-1
34003.5898	-1
34013.1953	-1
34022.8008	-1
34032.4062	-1
34042.0117	-1
34051.6172	-1
34061.2227	-1
34070.8281	-1
34080.4336	-1
34090.0391	-1
34099.6445	-1
34109.2500	-1
34118.8555	-1
34128.4609	-1
34138.0664	-1
34147.6719	-1
34157.2773	-1
34166.8828	-1
34176.4883	1
34186.0938	-1
34195.6992	-1
34205.3047	-1
34214.9102	-1
34224.5156	-1
34234.1211	-1
34243.7266	1
34253.3320	1
34262.9375	1
34272.5430	-1
34282.1484	-1
34291.7539	-1
34301.3594	-1
34310.9648	-1
34320.5703	-1
34330.1758	1
34339.7812	1
34349.3867	1
34358.9922	1
34368.5977	1
34378.2031	1
34387.8086	1
34397.4141	1
34407.0195	1
34416.6250	1
34426.2305	1
34435.8359	1
34445.4414	1
34455.0469	1
34464.6523	1
34474.2578	1
34483.8672	1
34493.4766	1
34503.0859	1
34512.6953	1
34522.3047	1
34531.9141	1
34541.5234	1
34551.1328	1
34560.7422	1
34570.3516	1
34579.9609	1
34589.5703	1
34599.1797	1
34608.7891	-1
34618.3984	-1
34628.0078	-1
34637.6172	-1
34647.2266	-1
34656.8359	-1
34666.4453	-1
34676.0547	-1
34685.6641	-1
34695.2734	-1
34704.8828	-1
34714.4922	-1
34724.1016	-1
34733.7109	-1
34743.3203	-1
34752.9297	-1
34762.5391	-1
34772.1484	-1
34781.7578	-1
34791.3672	-1
34800.9766	-1
34810.5859	-1
34820.1953	-1
34829.8047	-1
34839.4141	-1
34849.0234	-1
34858.6328	-1
34868.2422	-1
34877.8516	-1
34887.4609	-1
34897.0703	-1
34906.6797	-1
34916.2891	-1
34925.8984	-1
34935.5078	-1
34945.1172	-1
34954.7266	-1
34964.3359	-1
34973.9453	-1
34983.5547	-1
34993.1641	-1
35002.7734	-1
35012.3867	-1
35022.0000	-1
35031.6133	-1
35041.2266	-1
35050.8398	-1
35060.4531	-1
35070.0664	-1
35079.6797	-1
35089.2930	-1
35098.9062	-1
35108.5195	-1
35118.1328	-1
35127.7461	-1
35137.3594	-1
35146.9727	-1
35156.5859	-1
35166.1992	-1
35175.8125	-1
35185.4258	-1
35195.0391	-1
35204.6523	-1
35214.2656	-1
35223.8789	-1
35233.4922	-1
35243.1055	-1
35252.7188	-1
35262.3320	-1
35271.9453	-1
35281.5586	-1
35291.1719	-1
35300.7852	-1
35310.3984	-1
35320.0117	-1
35329.6250	-1
35339.2383	-1
35348.8516	-1
35358.4648	-1
35368.0781	-1
35377.6914	-1
35387.3047	-1
35396.9180	-1
35406.5312	-1
35416.1445	-1
35425.7578	-1
35435.3711	-1
35444.9844	-1
35454.5977	-1
35464.2109	-1
35473.8242	-1
35483.4375	-1
35493.0508	-1
35502.6641	-1
35512.2773	-1
35521.8906	-1
35531.5039	-1
35541.1172	-1
35550.7305	-1
35560.3438	-1
35569.9570	-1
35579.5703	-1
35589.1836	-1
35598.7969	-1
35608.4102	-1
35618.0234	-1
35627.6367	-1
35637.2500	-1
35646.8672	-1
35656.4844	-1
35666.1016	-1
35675.7188	-1
35685.3359	-1
35694.9531	-1
35704.5703	-1
35714.1875	-1
35723.8047	-1
35733.4219	-1
35743.0391	-1
35752.6562	-1
35762.2734	-1
35771.8906	-1
35781.5078	-1
35791.1250	-1
35800.7422	-1
35810.3594	-1
35819.9766	-1
35829.5938	-1
35839.2109	-1
35848.8281	-1
35858.4453	-1
35868.0625	-1
35877.6797	-1
35887.2969	-1
35896.9141	-1
35906.5312	-1
35916.1484	-1
35925.7656	-1
35935.3828	-1
35945.0000	-1
35954.6172	-1
35964.2344	-1
35973.8516	-1
35983.4688	-1
35993.0859	-1
36002.7031	-1
36012.3203	-1
36021.9375	-1
36031.5547	-1
36041.1719	-1
36050.7891	-1
36060.4062	-1
36070.0234	-1
36079.6406	-1
36089.2578	-1
36098.8750	-1
36108.4922	-1
36118.1094	-1
36127.7266	-1
36137.3438	-1
36146.9609	-1
36156.5781	-1
36166.1953	-1
36175.8125	-1
36185.4297	-1
36195.0469	-1
36204.6641	-1
36214.2812	-1
36223.8984	-1
36233.5156	-1
36243.1328	-1
36252.7500	-1
36262.3672	-1
36271.9844	-1
36281.6016	-1
36291.2188	-1
36300.8359	-1
36310.4531	-1
36320.0703	-1
36329.6875	-1
36339.3047	-1
36348.9219	-1
36358.5391	-1
36368.1562	-1
36377.7734	-1
36387.3906	-1
36397.0078	-1
36406.6250	-1
36416.2422	-1
36425.8594	-1
36435.4766	-1
36445.0938	-1
36454.7148	-1
36464.3359	-1
36473.9570	-1
36483.5781	-1
36493.1992	-1
36502.8203	-1
36512.4414	-1
36522.0625	-1
36531.6836	-1
36541.3047	-1
36550.9258	-1
36560.5469	-1
36570.1680	-1
36579.7891	-1
36589.4102	-1
36599.0312	-1
36608.6523	-1
36618.2734	-1
36627.8945	-1
36637.5273	1
36647.1602	-1
36656.7930	1
36666.4258	1
36676.0625	-1
36685.6992	-1
36695.3359	-1
36704.9727	-1
36714.6094	-1
36724.2461	-1
36733.8828	-1
36743.5195	-1
36753.1562	-1
36762.7930	-1
36772.4297	-1
36782.0664	-1
36791.7031	1
36801.3398	1
36810.9766	1
36820.6133	1
36830.2500	-1
36839.8867	-1
36849.5234	-1
36859.1602	-1
36868.7969	-1
36878.4336	-1
36888.0703	-1
36897.7070	-1
36907.3438	-1
36916.9805	-1
36926.6172	-1
36936.2539	-1
36945.8906	-1
36955.5273	-1
36965.1641	-1
36974.8008	-1
36984.4375	-1
36994.0742	-1
37003.7109	-1
37013.3477	-1
37022.9844	-1
37032.6211	-1
37042.2578	-1
37051.9102	1
37061.5625	-1
37071.2148	1
37080.8672	1
37090.5195	-1
37100.1719	-1
37109.8242	-1
37119.4766	-1
37129.1289	-1
37138.7812	-1
37148.4336	-1
37158.0859	-1
37167.7383	-1
37177.3906	-1
37187.0430	-1
37196.6953	-1
37206.3477	1
37216.0000	1
37225.6562	1
37235.3125	1
37244.9688	-1
37254.6250	-1
37264.2812	-1
37273.9375	-1
37283.5938	-1
37293.2500	-1
37302.9062	-1
37312.5625	-1
37322.2188	-1
37331.8750	-1
37341.5312	-1
37351.1875	-1
37360.8438	-1
37370.5000	-1
37380.1562	-1
37389.8125	-1
37399.4688	-1
37409.1250	-1
37418.7812	-1
37428.4375	-1
37438.0938	-1
37447.7500	-1
37457.4062	-1
37467.0625	-1
37476.7188	1
37486.3750	1
37496.0312	1
37505.6875	1
37515.3438	1
37525.0000	1
37534.6562	1
37544.3125	1
37553.9688	-1
37563.6250	-1
37573.2812	-1
37582.9375	-1
37592.5938	-1
37602.2500	-1
37611.9062	-1
37621.5625	-1
37631.2188	-1
37640.8750	-1
37650.5312	-1
37660.1875	-1
37669.8438	-1
37679.5000	-1
37689.1562	-1
37698.8125	-1
37708.4688	-1
37718.1250	-1
37727.7852	-1
37737.4453	-1
37747.1055	-1
37756.7656	-1
37766.4258	-1
37776.0859	-1
37785.7461	-1
37795.4062	-1
37805.0664	-1
37814.7266	-1
37824.3867	-1
37834.0469	-1
37843.7070	-1
37853.3672	-1
37863.0273	-1
37872.6875	-1
37882.3477	-1
37892.0078	-1
37901.6680	-1
37911.3281	-1
37920.9883	-1
37930.6484	-1
37940.3086	-1
37949.9688	-1
37959.6289	-1
37969.2891	-1
37978.9492	-1
37988.6211	1
37998.2930	-1
38007.9648	1
38017.6367	1
38027.3125	-1
38036.9883	-1
38046.6641	-1
38056.3398	-1
38066.0156	-1
38075.6914	-1
38085.3672	-1
38095.0430	-1
38104.7188	-1
38114.3945	-1
38124.0703	-1
38133.7461	-1
38143.4219	1
38153.0977	1
38162.7734	1
38172.4492	1
38182.1250	-1
38191.8008	-1
38201.4766	-1
38211.1523	-1
38220.8281	-1
38230.5039	-1
38240.1797	-1
38249.8555	-1
38259.5312	-1
38269.2070	-1
38278.8828	-1
38288.5586	-1
38298.2344	1
38307.9102	1
38317.5859	-1
38327.2617	-1
38336.9375	-1
38346.6133	-1
38356.2891	-1
38365.9648	-1
38375.6406	1
38385.3164	-1
38394.9922	-1
38404.6680	-1
38414.3438	-1
38424.0195	-1
38433.6953	-1
38443.3711	1
38453.0469	1
38462.7227	1
38472.3984	1
38482.0742	1
38491.7539	-1
38501.4336	-1
38511.1133	-1
38520.7930	-1
38530.4727	-1
38540.1523	-1
38549.8320	-1
38559.5117	-1
38569.1914	-1
38578.8711	-1
38588.5508	-1
38598.2305	-1
38607.9102	1
38617.5898	1
38627.2695	-1
38636.9492	-1
38646.6289	-1
38656.3086	-1
38665.9883	-1
38675.6680	-1
38685.3477	1
38695.0273	1
38704.7070	-1
38714.3867	-1
38724.0664	-1
38733.7461	-1
38743.4258	-1
38753.1055	-1
38762.7852	-1
38772.4648	-1
38782.1445	-1
38791.8242	-1
38801.5039	-1
38811.1836	-1
38820.8633	-1
38830.5430	-1
38840.2227	-1
38849.9023	-1
38859.5820	-1
38869.2617	-1
38878.9414	-1
38888.6211	-1
38898.3008	-1
38907.9805	-1
38917.6602	-1
38927.3398	-1
38937.0195	1
38946.6992	1
38956.3789	-1
38966.0586	1
38975.7383	-1
38985.4180	-1
38995.0977	-1
39004.7773	-1
39014.4570	-1
39024.1367	1
39033.8164	1
39043.4961	1
39053.1758	1
39062.8555	1
39072.5352	1
39082.2148	1
39091.8945	1
39101.5742	1
39111.2578	-1
39120.9414	-1
39130.6250	-1
39140.3086	-1
39149.9922	-1
39159.6758	-1
39169.3594	-1
39179.0430	-1
39188.7266	-1
39198.4102	-1
39208.0938	-1
39217.7773	-1
39227.4609	-1
39237.1445	-1
39246.8281	-1
39256.5117	-1
39266.1953	-1
39275.8789	-1
39285.5625	-1
39295.2461	-1
39304.9297	-1
39314.6133	-1
39324.2969	-1
39333.9805	-1
39343.6641	-1
39353.3477	-1
39363.0312	-1
39372.7148	-1
39382.3984	-1
39392.0820	-1
39401.7656	-1
39411.4492	-1
39421.1328	-1
39430.8164	-1
39440.5000	-1
39450.1836	-1
39459.8672	-1
39469.5508	-1
39479.2344	-1
39488.9180	-1
39498.6016	-1
39508.2852	-1
39517.9688	1
39527.6523	1
39537.3359	-1
39547.0195	-1
39556.7031	-1
39566.3867	-1
39576.0703	-1
39585.7539	-1
39595.4375	1
39605.1211	1
39614.8047	1
39624.4883	-1
39634.1719	-1
39643.8555	-1
39653.5391	-1
39663.2227	-1
39672.9062	-1
39682.5898	1
39692.2734	1
39701.9570	1
39711.6406	-1
39721.3242	-1
39731.0078	-1
39740.6914	-1
39750.3750	-1
39760.0586	-1
39769.7461	-1
39779.4336	-1
39789.1211	-1
39798.8086	-1
39808.4961	-1
39818.1836	-1
39827.8711	-1
39837.5586	-1
39847.2461	-1
39856.9336	-1
39866.6211	-1
39876.3086	-1
39885.9961	-1
39895.6836	-1
39905.3711	-1
39915.0586	-1
39924.7461	-1
39934.4336	-1
39944.1211	-1
39953.8086	-1
39963.4961	-1
39973.1836	-1
39982.8711	-1
39992.5586	-1
40002.2461	-1
40011.9336	-1
40021.6211	-1
40031.3086	-1
40040.9961	-1
40050.6836	-1
40060.3711	-1
40070.0586	-1
40079.7461	-1
40089.4336	-1
40099.1211	-1
40108.8086	-1
40118.4961	-1
40128.1836	-1
40137.8711	-1
40147.5586	-1
40157.2461	-1
40166.9336	-1
40176.6211	1
40186.3086	1
40195.9961	1
40205.6836	1
40215.3711	1
40225.0586	1
40234.7461	1
40244.4336	1
40254.1211	1
40263.8086	1
40273.4961	-1
40283.1836	-1
40292.8711	-1
40302.5586	-1
40312.2461	-1
40321.9336	-1
40331.6211	-1
40341.3086	-1
40350.9961	-1
40360.6836	-1
40370.3711	-1
40380.0586	-1
40389.7461	-1
40399.4336	-1
40409.1211	-1
40418.8086	-1
40428.4961	-1
40438.1836	-1
40447.8711	-1
40457.5586	-1
40467.2461	-1
40476.9336	-1
40486.6211	-1
40496.3086	-1
40505.9961	-1
40515.6836	-1
40525.3711	-1
40535.0586	-1
40544.7461	-1
40554.4336	-1
40564.1250	-1
40573.8164	-1
40583.5078	-1
40593.1992	-1
40602.8906	-1
40612.5820	-1
40622.2734	1
40631.9648	1
40641.6562	-1
40651.3477	-1
40661.0391	-1
40670.7305	-1
40680.4219	-1
40690.1133	-1
40699.8047	1
40709.4961	1
40719.1875	1
40728.8789	1
40738.5703	1
40748.2617	1
40757.9531	1
40767.6445	1
40777.3359	1
40787.0273	1
40796.7188	1
40806.4102	1
40816.1016	1
40825.7930	1
40835.4844	1
40845.1758	1
40854.8672	1
40864.5586	1
40874.2539	1
40883.9492	1
40893.6445	1
40903.3398	1
40913.0352	1
40922.7305	-1
40932.4258	-1
40942.1211	-1
40951.8164	-1
40961.5117	-1
40971.2070	-1
40980.9023	1
40990.5977	1
41000.2930	1
41009.9883	1
41019.6836	-1
41029.3789	-1
41039.0742	-1
41048.7695	-1
41058.4648	-1
41068.1602	-1
41077.8555	-1
41087.5508	-1
41097.2461	-1
41106.9414	-1
41116.6367	-1
41126.3320	-1
41136.0273	-1
41145.7227	-1
41155.4180	-1
41165.1133	-1
41174.8086	-1
41184.5039	-1
41194.1992	-1
41203.8945	-1
41213.5898	-1
41223.2852	-1
41232.9805	-1
41242.6758	-1
41252.3711	-1
41262.0664	-1
41271.7617	-1
41281.4570	-1
41291.1523	-1
41300.8477	-1
41310.5430	-1
41320.2383	-1
41329.9336	-1
41339.6289	-1
41349.3242	-1
41359.0195	-1
41368.7148	-1
41378.4102	-1
41388.1055	-1
41397.8008	-1
41407.4961	-1
41417.1914	-1
41426.8867	-1
41436.5820	-1
41446.2773	-1
41455.9727	-1
41465.6680	-1
41475.3633	-1
41485.0586	-1
41494.7539	-1
41504.4492	-1
41514.1445	-1
41523.8398	-1
41533.5352	-1
41543.2305	-1
41552.9258	-1
41562.6211	-1
41572.3164	-1
41582.0117	-1
41591.7070	-1
41601.4062	-1
41611.1055	-1
41620.8047	-1
41630.5039	-1
41640.2031	-1
41649.9023	-1
41659.6016	-1
41669.3008	-1
41679.0000	-1
41688.6992	-1
41698.3984	-1
41708.0977	-1
41717.7969	-1
41727.4961	-1
41737.1953	-1
41746.8945	-1
41756.5938	-1
41766.2930	-1
41775.9922	-1
41785.6914	-1
41795.3906	-1
41805.0898	-1
41814.7891	-1
41824.4883	-1
41834.1875	-1
41843.8867	-1
41853.5859	-1
41863.2852	-1
41872.9844	-1
41882.6836	-1
41892.3828	-1
41902.0820	-1
41911.7812	-1
41921.4805	-1
41931.1797	-1
41940.8789	-1
41950.5781	-1
41960.2773	-1
41969.9766	-1
41979.6758	-1
41989.3750	-1
41999.0742	-1
42008.7734	-1
42018.4727	-1
42028.1719	-1
42037.8711	-1
42047.5703	-1
42057.2695	-1
42066.9688	-1
42076.6680	-1
42086.3672	-1
42096.0664	-1
42105.7656	-1
42115.4648	-1
42125.1680	-1
42134.8711	-1
42144.5742	-1
42154.2773	-1
42163.9805	-1
42173.6836	-1
42183.3867	-1
42193.0898	-1
42202.7930	-1
42212.4961	-1
42222.1992	-1
42231.9023	-1
42241.6055	-1
42251.3086	-1
42261.0117	-1
42270.7148	-1
42280.4180	-1
42290.1211	-1
42299.8242	-1
42309.5273	-1
42319.2305	-1
42328.9336	-1
42338.6367	-1
42348.3398	-1
42358.0430	-1
42367.7461	-1
42377.4492	-1
42387.1523	-1
42396.8555	-1
42406.5586	-1
42416.2617	-1
42425.9648	-1
42435.6680	-1
42445.3711	-1
42455.0742	-1
42464.7773	-1
42474.4805	-1
42484.1836	-1
42493.8867	-1
42503.5898	-1
42513.2930	-1
42522.9961	-1
42532.6992	-1
42542.4023	-1
42552.1055	-1
42561.8086	-1
42571.5117	-1
42581.2148	-1
42590.9180	-1
42600.6211	-1
42610.3242	-1
42620.0273	-1
42629.7305	-1
42639.4336	-1
42649.1367	-1
42658.8398	-1
42668.5430	-1
42678.2461	-1
42687.9492	-1
42697.6523	-1
42707.3555	-1
42717.0586	-1
42726.7617	-1
42736.4648	-1
42746.1680	-1
42755.8711	-1
42765.5742	-1
42775.2773	-1
42784.9805	-1
42794.6836	-1
42804.3867	-1
42814.0898	-1
42823.7930	-1
42833.4961	-1
42843.1992	-1
42852.9023	-1
42862.6055	-1
42872.3086	-1
42882.0117	-1
42891.7148	-1
42901.4180	-1
42911.1211	-1
42920.8242	-1
42930.5273	-1
42940.2305	-1
42949.9336	-1
42959.6367	-1
42969.3398	-1
42979.0430	-1
42988.7461	-1
42998.4492	-1
43008.1523	-1
43017.8555	-1
43027.5586	-1
43037.2617	-1
43046.9648	-1
43056.6680	-1
43066.3711	-1
43076.0742	-1
43085.7773	-1
43095.4805	-1
43105.1836	-1
43114.8867	-1
43124.5898	-1
43134.2930	-1
43143.9961	-1
43153.6992	-1
43163.4023	-1
43173.1055	-1
43182.8086	-1
43192.5117	-1
43202.2148	-1
43211.9180	-1
43221.6211	-1
43231.3398	1
43241.0586	-1
43250.7773	1
43260.4961	1
43270.2148	-1
43279.9336	-1
43289.6523	-1
43299.3711	-1
43309.0898	-1
43318.8086	-1
43328.5273	-1
43338.2461	-1
43347.9648	-1
43357.6836	-1
43367.4180	1
43377.1523	-1
43386.8867	1
43396.6211	1
43406.3555	-1
43416.0898	-1
43425.8242	-1
43435.5586	-1
43445.2930	-1
43455.0273	-1
43464.7617	-1
43474.4961	-1
43484.2305	-1
43493.9648	-1
43503.7148	1
43513.4648	-1
43523.2148	1
43532.9648	1
43542.7148	-1
43552.4648	-1
43562.2148	-1
43571.9648	-1
43581.7148	-1
43591.4648	-1
43601.2148	-1
43610.9648	-1
43620.7148	-1
43630.4648	-1
43640.2148	-1
43649.9648	-1
43659.7148	1
43669.4648	1
43679.2148	1
43688.9648	1
43698.7188	-1
43708.4727	-1
43718.2266	-1
43727.9805	-1
43737.7344	-1
43747.4883	-1
43757.2422	-1
43766.9961	-1
43776.7500	-1
43786.5039	-1
43796.2578	-1
43806.0117	-1
43815.7656	-1
43825.5195	-1
43835.2734	-1
43845.0273	-1
43854.7812	-1
43864.5352	-1
43874.2891	-1
43884.0430	-1
43893.7969	-1
43903.5508	-1
43913.3047	-1
43923.0586	-1
43932.8125	1
43942.5664	1
43952.3203	1
43962.0742	1
43971.8281	1
43981.5820	1
43991.3359	1
44001.0898	1
44010.8438	-1
44020.5977	-1
44030.3516	-1
44040.1055	-1
44049.8594	-1
44059.6133	-1
44069.3672	-1
44079.1211	-1
44088.8750	-1
44098.6289	-1
44108.3828	-1
44118.1367	-1
44127.8906	-1
44137.6445	-1
44147.3984	-1
44157.1523	-1
44166.9062	-1
44176.6602	-1
44186.4141	-1
44196.1680	-1
44205.9219	-1
44215.6758	-1
44225.4297	-1
44235.1836	-1
44244.9375	1
44254.6914	1
44264.4453	-1
44274.1992	-1
44283.9531	-1
44293.7070	-1
44303.4609	-1
44313.2148	-1
44322.9727	1
44332.7305	-1
44342.4883	-1
44352.2461	-1
44362.0039	-1
44371.7617	1
44381.5195	-1
44391.2773	-1
44401.0352	1
44410.7930	1
44420.5508	-1
44430.3086	-1
44440.0664	-1
44449.8242	-1
44459.5820	-1
44469.3398	-1
44479.0977	-1
44488.8555	-1
44498.6133	-1
44508.3711	-1
44518.1289	-1
44527.8867	-1
44537.6445	-1
44547.4023	-1
44557.1602	-1
44566.9180	-1
44576.6758	-1
44586.4336	-1
44596.1914	-1
44605.9492	-1
44615.7070	-1
44625.4648	-1
44635.2227	-1
44644.9805	-1
44654.7383	-1
44664.4961	-1
44674.2539	-1
44684.0117	-1
44693.7695	-1
44703.5273	-1
44713.2852	-1
44723.0430	-1
44732.8008	-1
44742.5586	-1
44752.3164	-1
44762.0742	-1
44771.8320	-1
44781.5898	-1
44791.3477	-1
44801.1055	-1
44810.8633	-1
44820.6211	-1
44830.3789	-1
44840.1367	-1
44849.9062	1
44859.6797	-1
44869.4531	1
44879.2266	1
44889.0000	-1
44898.7734	-1
44908.5469	-1
44918.3320	1
44928.1211	-1
44937.9102	1
44947.6992	1
44957.4883	-1
44967.2773	-1
44977.0664	-1
44986.8555	-1
44996.6445	-1
45006.4336	-1
45016.2227	-1
45026.0117	-1
45035.8008	-1
45045.5898	-1
45055.3789	-1
45065.1680	-1
45074.9570	1
45084.7461	1
45094.5352	1
45104.3242	1
45114.1172	-1
45123.9102	-1
45133.7031	-1
45143.4961	-1
45153.2891	-1
45163.0820	-1
45172.8750	-1
45182.6680	-1
45192.4609	-1
45202.2539	-1
45212.0469	-1
45221.8398	-1
45231.6328	-1
45241.4258	-1
45251.2188	-1
45261.0117	-1
45270.8047	-1
45280.5977	-1
45290.3906	-1
45300.1836	-1
45309.9766	-1
45319.7695	-1
45329.5625	-1
45339.3672	1
45349.1719	-1
45358.9766	1
45368.7812	1
45378.5898	-1
45388.3984	-1
45398.2070	-1
45408.0156	-1
45417.8359	1
45427.6562	-1
45437.4805	1
45447.3047	1
45457.1289	-1
45466.9531	-1
45476.7773	-1
45486.6016	-1
45496.4258	-1
45506.2500	-1
45516.0742	-1
45525.8984	-1
45535.7227	-1
45545.5469	-1
45555.3711	-1
45565.1953	-1
45575.0195	1
45584.8438	1
45594.6680	1
45604.4922	1
45614.3164	-1
45624.1406	-1
45633.9648	-1
45643.7891	-1
45653.6133	-1
45663.4375	-1
45673.2617	-1
45683.0859	-1
45692.9102	-1
45702.7344	-1
45712.5586	-1
45722.3828	-1
45732.2070	-1
45742.0312	-1
45751.8555	-1
45761.6797	-1
45771.5039	-1
45781.3281	-1
45791.1562	-1
45800.9844	-1
45810.8125	1
45820.6406	-1
45830.4688	-1
45840.2969	-1
45850.1250	-1
45859.9531	1
45869.7812	1
45879.6094	-1
45889.4375	-1
45899.2656	-1
45909.0938	-1
45918.9219	-1
45928.7500	-1
45938.5781	-1
45948.4062	-1
45958.2344	-1
45968.0625	-1
45977.8906	-1
45987.7188	-1
45997.5469	-1
46007.3867	1
46017.2305	-1
46027.0742	1
46036.9180	1
46046.7617	-1
46056.6055	-1
46066.4492	-1
46076.2930	-1
46086.1367	-1
46095.9805	-1
46105.8242	-1
46115.6680	-1
46125.5117	-1
46135.3555	-1
46145.1992	-1
46155.0430	-1
46164.8906	1
46174.7383	1
46184.5859	1
46194.4336	1
46204.2812	-1
46214.1289	-1
46223.9766	-1
46233.8242	-1
46243.6719	-1
46253.5195	-1
46263.3672	-1
46273.2148	-1
46283.0625	-1
46292.9102	-1
46302.7578	-1
46312.6055	-1
46322.4531	-1
46332.3008	-1
46342.1484	-1
46351.9961	-1
46361.8438	-1
46371.6914	-1
46381.5391	-1
46391.3984	1
46401.2617	-1
46411.1250	1
46420.9883	1
46430.8516	-1
46440.7148	-1
