0.0000	0
0.0007	1
0.2373	888
0.4958	888
0.5582	888
0.6855	888
0.8895	1
0.9242	888
1.3173	888
1.6571	888
1.7803	888
1.9381	888
1.9737	-1
2.0743	888
2.1188	888
2.2345	888
2.4018	888
2.4875	888
2.4887	888
2.6349	888
2.6484	888
2.7388	888
2.8208	888
2.8899	-888
3.0595	-888
3.1918	888
3.2350	888
3.3569	-888
3.6697	888
3.6728	888
3.8607	888
3.8980	888
3.9655	-888
4.0226	888
4.0389	888
4.1187	-888
4.1332	-888
4.2352	-888
4.2748	888
4.2863	-888
4.2981	888
4.3030	-888
4.3046	888
4.3888	888
4.4462	888
4.4582	888
4.6727	-888
4.7420	-888
5.0717	888
5.0921	-888
5.1036	-888
5.1270	-888
5.1640	888
5.1770	888
5.2809	-888
5.3538	888
5.4213	888
5.4467	-888
5.4715	-888
5.4948	-888
5.5787	-888
5.6320	888
5.6896	-888
5.7943	-888
5.8058	-888
6.1078	-888
6.1196	-888
6.2238	888
6.4391	-888
6.5131	-888
6.5201	-888
6.5724	-888
6.6339	-888
6.7641	-888
6.8288	-888
6.9522	-888
7.0144	-888
7.0270	888
7.0548	-888
7.0710	888
7.2111	-888
7.3159	-888
7.3684	-888
7.3961	-888
7.4293	-888
7.5661	-888
7.5781	-888
7.8863	-888
8.0198	-888
8.3239	-888
8.4480	888
8.5466	888
8.6352	-888
8.7283	888
8.7866	-888
8.8366	-888
9.4725	-888
9.7768	-888
9.9652	1
10.3703	-888
10.4288	-888
10.8092	-888
10.8179	-888
11.1851	-888
11.2681	-888
11.9631	-888
12.1233	-888
12.1719	-888
12.1966	-888
13.3329	-888
13.5247	-888
17.9583	-1
25.9518	1
33.9454	1
41.9401	-1
49.9349	-1
57.9297	-1
65.9245	-1
73.9193	-1
81.9140	-1
89.9090	-1
97.9039	-1
105.8988	-1
113.8937	-1
121.8886	-1
129.8835	-1
137.8788	1
145.8740	1
153.8694	1
161.8647	1
169.8617	-1
177.8587	-1
185.8557	-1
193.8527	-1
201.8497	-1
209.8467	-1
217.8439	-1
225.8410	-1
233.8381	-1
241.8352	-1
249.8323	-1
257.8294	-1
265.8267	-1
273.8239	-1
281.8211	-1
289.8183	-1
297.8156	-1
305.8128	-1
313.8101	-1
321.8075	-1
329.8048	-1
337.8022	-1
345.7995	-1
353.7968	-1
361.7944	1
369.7920	1
377.7896	1
385.7872	1
393.7850	1
401.7828	1
409.7809	1
417.7791	1
425.7797	-1
433.7803	-1
441.7809	-1
449.7816	-1
457.7822	-1
465.7828	-1
473.7835	-1
481.7842	-1
489.7849	-1
497.7857	-1
505.7864	-1
513.7871	-1
521.7879	-1
529.7887	-1
537.7895	-1
545.7903	-1
553.7911	-1
561.7920	-1
569.7929	-1
577.7938	-1
585.7947	-1
593.7957	-1
601.7966	-1
609.7975	-1
617.7985	-1
625.7996	-1
633.8006	-1
641.8016	-1
649.8027	-1
657.8037	-1
665.8048	-1
673.8059	-1
681.8070	-1
689.8081	-1
697.8092	-1
705.8103	-1
713.8115	-1
721.8127	-1
729.8140	-1
737.8152	-1
745.8164	-1
753.8176	-1
761.8190	-1
769.8203	-1
777.8217	-1
785.8230	-1
793.8243	-1
801.8257	-1
809.8273	1
817.8290	1
825.8308	1
833.8326	1
841.8346	1
849.8366	1
857.8386	1
865.8426	-1
873.8466	-1
881.8505	-1
889.8545	-1
897.8585	-1
905.8624	-1
913.8665	-1
921.8706	-1
929.8747	-1
937.8788	-1
945.8829	-1
953.8870	-1
961.8915	-1
969.8961	-1
977.9006	-1
985.9052	-1
993.9098	-1
1001.9144	-1
1009.9193	-1
1017.9243	-1
1025.9292	-1
1033.9341	-1
1041.9390	-1
1049.9438	-1
1057.9491	-1
1065.9543	-1
1073.9596	-1
1081.9648	-1
1089.9701	-1
1097.9755	-1
1105.9811	-1
1113.9867	-1
1121.9923	-1
1129.9979	-1
1138.0035	-1
1146.0092	-1
1154.0149	-1
1162.0206	-1
1170.0264	-1
1178.0321	-1
1186.0378	-1
1194.0555	1
1202.0748	-1
1210.0945	1
1218.1143	1
1226.1351	-1
1234.1560	-1
1242.1769	-1
1250.1978	-1
1258.2186	-1
1266.2395	-1
1274.2605	-1
1282.2815	-1
1290.3025	-1
1298.3235	-1
1306.3445	-1
1314.3655	-1
1322.3867	1
1330.4081	1
1338.4294	1
1346.4508	1
1354.4740	-1
1362.4972	-1
1370.5204	-1
1378.5436	-1
1386.5668	-1
1394.5900	-1
1402.6133	-1
1410.6366	-1
1418.6599	-1
1426.6832	-1
1434.7065	-1
1442.7299	-1
1450.7533	-1
1458.7767	-1
1466.8002	-1
1474.8236	-1
1482.8470	-1
1490.8705	-1
1498.8939	-1
1506.9174	-1
1514.9408	-1
1522.9642	-1
1530.9877	-1
1539.0111	-1
1547.0349	1
1555.0588	1
1563.0828	1
1571.1067	1
1579.1307	1
1587.1548	1
1595.1788	1
1603.2029	1
1611.2291	-1
1619.2554	-1
1627.2816	-1
1635.3079	-1
1643.3341	-1
1651.3604	-1
1659.3867	-1
1667.4131	-1
1675.4395	-1
1683.4658	-1
1691.4922	-1
1699.5186	-1
1707.5459	1
1715.5734	-1
1723.6008	-1
1731.6283	-1
1739.6558	-1
1747.6832	-1
1755.7108	-1
1763.7386	-1
1771.7665	-1
1779.7943	-1
1787.8221	-1
1795.8500	-1
1803.8778	-1
1811.9058	-1
1819.9337	-1
1827.9617	-1
1835.9896	-1
1844.0176	-1
1852.0455	-1
1860.0736	-1
1868.1017	-1
1876.1298	-1
1884.1578	-1
1892.1859	-1
1900.2140	-1
1908.2422	-1
1916.2704	-1
1924.2986	-1
1932.3268	-1
1940.3550	-1
1948.3832	-1
1956.4115	-1
1964.4398	-1
1972.4681	-1
1980.4965	-1
1988.5248	-1
1996.5531	-1
2004.5824	-1
2012.6117	-1
2020.6410	-1
2028.6824	1
2036.7252	-1
2044.7684	1
2052.8118	1
2060.8557	-1
2068.8997	-1
2076.9436	-1
2084.9875	-1
2093.0315	-1
2101.0754	-1
2109.1196	-1
2117.1638	-1
2125.2080	-1
2133.2522	-1
2141.2964	-1
2149.3406	-1
2157.3850	1
2165.4294	1
2173.4739	1
2181.5183	1
2189.5637	-1
2197.6091	-1
2205.6545	-1
2213.7000	-1
2221.7454	-1
2229.7908	-1
2237.8362	-1
2245.8816	-1
2253.9270	-1
2261.9724	-1
2270.0178	-1
2278.0632	-1
2286.1089	-1
2294.1545	-1
2302.2002	-1
2310.2458	-1
2318.2915	-1
2326.3372	-1
2334.3828	1
2342.4287	1
2350.4746	-1
2358.5205	-1
2366.5664	-1
2374.6123	-1
2382.6582	-1
2390.7041	-1
2398.7507	-1
2406.7974	-1
2414.8440	-1
2422.8906	-1
2430.9373	-1
2438.9839	-1
2447.0308	-1
2455.0776	-1
2463.1245	-1
2471.1821	1
2479.2412	-1
2487.3005	1
2495.3599	1
2503.4202	-1
2511.4805	-1
2519.5522	1
2527.6255	-1
2535.6992	1
2543.7729	1
2551.8474	-1
2559.9219	-1
2567.9963	-1
2576.0708	-1
2584.1453	-1
2592.2197	-1
2600.2942	-1
2608.3689	-1
2616.4436	-1
2624.5183	-1
2632.5930	-1
2640.6677	-1
2648.7427	1
2656.8176	1
2664.8926	1
2672.9675	1
2681.0435	-1
2689.1194	-1
2697.1953	-1
2705.2712	-1
2713.3472	-1
2721.4231	-1
2729.4993	-1
2737.5754	-1
2745.6516	-1
2753.7278	-1
2761.8040	-1
2769.8801	-1
2777.9563	-1
2786.0325	-1
2794.1086	-1
2802.1848	-1
2810.2610	-1
2818.3372	-1
2826.4136	-1
2834.4900	-1
2842.5664	-1
2850.6428	-1
2858.7192	-1
2866.7957	-1
2874.8721	1
2882.9487	1
2891.0254	1
2899.1021	1
2907.1787	1
2915.2556	1
2923.3325	1
2931.4094	1
2939.4866	-1
2947.5637	-1
2955.6409	-1
2963.7180	-1
2971.7952	-1
2979.8723	-1
2987.9507	-1
2996.0291	-1
3004.1074	-1
3012.1858	-1
3020.2642	-1
3028.3425	-1
3036.4209	-1
3044.4993	-1
3052.5776	-1
3060.6560	-1
3068.7344	-1
3076.8127	-1
3084.8914	-1
3092.9700	-1
3101.0486	-1
3109.1272	-1
3117.2058	-1
3125.2844	-1
3133.3630	-1
3141.4417	-1
3149.5203	-1
3157.5989	-1
3165.6775	-1
3173.7561	-1
3181.8350	-1
3189.9138	-1
3197.9927	-1
3206.0715	-1
3214.1504	-1
3222.2292	-1
3230.3081	-1
3238.3870	-1
3246.4658	-1
3254.5447	-1
3262.6235	-1
3270.7024	-1
3278.7815	-1
3286.8606	-1
3294.9397	-1
3303.0188	-1
3311.0979	-1
3319.1770	-1
3327.2561	1
3335.3352	1
3343.4146	1
3351.4939	1
3359.5737	1
3367.6536	1
3375.7341	-1
3383.8147	-1
3391.8953	-1
3399.9758	-1
3408.0564	-1
3416.1370	-1
3424.2175	-1
3432.2981	-1
3440.3787	-1
3448.4592	-1
3456.5398	-1
3464.6204	-1
3472.7017	-1
3480.7832	-1
3488.8647	-1
3496.9463	-1
3505.0278	-1
3513.1094	-1
3521.1909	-1
3529.2725	-1
3537.3540	-1
3545.4355	-1
3553.5171	-1
3561.5986	-1
3569.6802	-1
3577.7620	-1
3585.8438	-1
3593.9255	-1
3602.0073	-1
3610.0891	-1
3618.1709	-1
3626.2527	-1
3634.3459	1
3642.4407	-1
3650.5359	1
3658.6311	1
3666.7275	-1
3674.8240	-1
3682.9204	-1
3691.0168	-1
3699.1248	1
3707.2341	-1
3715.3438	1
3723.4534	1
3731.5642	-1
3739.6750	-1
3747.7859	-1
3755.8967	-1
3764.0078	-1
3772.1304	1
3780.2542	-1
3788.3784	1
3796.5027	1
3804.6274	-1
3812.7522	-1
3820.8770	-1
3829.0017	-1
3837.1265	-1
3845.2512	-1
3853.3762	-1
3861.5012	-1
3869.6262	-1
3877.7512	-1
3885.8762	-1
3894.0012	-1
3902.1265	1
3910.2517	1
3918.3772	1
3926.5027	1
3934.6287	-1
3942.7546	-1
3950.8806	-1
3959.0066	-1
3967.1326	-1
3975.2585	-1
3983.3850	-1
3991.5115	-1
3999.6379	-1
4007.7644	-1
4015.8909	-1
4024.0173	-1
4032.1440	-1
4040.2708	-1
4048.3975	-1
4056.5242	-1
4064.6509	-1
4072.7776	-1
4080.9043	1
4089.0310	1
4097.1577	-1
4105.2847	-1
4113.4116	-1
4121.5386	-1
4129.6655	-1
4137.7925	-1
4145.9199	1
4154.0474	1
4162.1748	1
4170.3022	-1
4178.4297	-1
4186.5571	-1
4194.6846	-1
4202.8120	-1
4210.9395	-1
4219.0674	-1
4227.1953	-1
4235.3232	-1
4243.4512	-1
4251.5791	-1
4259.7070	-1
4267.8350	1
4275.9629	1
4284.0908	1
4292.2192	1
4300.3477	-1
4308.4761	-1
4316.6045	-1
4324.7329	-1
4332.8613	-1
4340.9897	-1
4349.1187	-1
4357.2476	-1
4365.3765	-1
4373.5054	-1
4381.6343	-1
4389.7632	-1
4397.8921	-1
4406.0210	-1
4414.1499	-1
4422.2788	-1
4430.4077	-1
4438.5366	-1
4446.6660	1
4454.7954	1
4462.9248	1
4471.0547	-1
4479.1846	-1
4487.3145	-1
4495.4443	-1
4503.5742	-1
4511.7041	-1
4519.8340	-1
4527.9639	-1
4536.0938	-1
4544.2236	-1
4552.3535	-1
4560.4834	-1
4568.6133	-1
4576.7432	-1
4584.8730	-1
4593.0029	-1
4601.1328	-1
4609.2627	-1
4617.3931	-1
4625.5234	-1
4633.6538	-1
4641.7842	-1
4649.9146	-1
4658.0449	-1
4666.1758	-1
4674.3066	-1
4682.4375	-1
4690.5684	-1
4698.6992	-1
4706.8301	-1
4714.9609	-1
4723.0918	-1
4731.2227	-1
4739.3535	-1
4747.4844	-1
4755.6152	-1
4763.7466	-1
4771.8779	-1
4780.0093	-1
4788.1514	1
4796.2949	-1
4804.4390	1
4812.5830	1
4820.7280	-1
4828.8730	-1
4837.0181	-1
4845.1631	-1
4853.3081	-1
4861.4531	-1
4869.5981	-1
4877.7432	-1
4885.8882	-1
4894.0332	-1
4902.1782	-1
4910.3232	-1
4918.4688	1
4926.6143	1
4934.7598	1
4942.9053	1
4951.0527	-1
4959.2002	-1
4967.3477	-1
4975.4951	-1
4983.6426	-1
4991.7900	-1
4999.9375	-1
5008.0850	-1
5016.2324	-1
5024.3799	-1
5032.5273	-1
5040.6748	-1
5048.8223	-1
5056.9697	-1
5065.1172	-1
5073.2646	-1
5081.4121	-1
5089.5596	-1
5097.7075	-1
5105.8555	-1
5114.0034	-1
5122.1514	-1
5130.2993	-1
5138.4473	-1
5146.5952	1
5154.7432	1
5162.8911	1
5171.0391	1
5179.1870	1
5187.3350	1
5195.4858	-1
5203.6367	-1
5211.7876	-1
5219.9385	-1
5228.0894	-1
5236.2402	-1
5244.3911	-1
5252.5420	-1
5260.6929	-1
5268.8438	-1
5276.9946	-1
5285.1455	-1
5293.2964	-1
5301.4473	-1
5309.5981	-1
5317.7490	-1
5325.8999	-1
5334.0508	-1
5342.2017	-1
5350.3525	-1
5358.5034	-1
5366.6543	-1
5374.8052	-1
5382.9561	-1
5391.1069	-1
5399.2578	-1
5407.4087	-1
5415.5596	-1
5423.7104	-1
5431.8613	-1
5440.0122	-1
5448.1631	-1
5456.3140	-1
5464.4771	1
5472.6416	-1
5480.8066	1
5488.9717	1
5497.1372	-1
5505.3027	-1
5513.4683	-1
5521.6338	-1
5529.7993	-1
5537.9648	-1
5546.1304	-1
5554.2964	-1
5562.4624	-1
5570.6284	-1
5578.7944	-1
5586.9604	-1
5595.1265	1
5603.2925	1
5611.4585	1
5619.6245	1
5627.7915	-1
5635.9585	-1
5644.1255	-1
5652.2925	-1
5660.4595	-1
5668.6265	-1
5676.7935	-1
5684.9604	-1
5693.1274	-1
5701.2944	-1
5709.4614	-1
5717.6284	-1
5725.7959	-1
5733.9634	-1
5742.1309	-1
5750.2983	-1
5758.4658	-1
5766.6333	-1
5774.8008	-1
5782.9683	-1
5791.1357	-1
5799.3032	-1
5807.4707	-1
5815.6382	-1
5823.8057	1
5831.9736	1
5840.1416	1
5848.3096	1
5856.4775	1
5864.6455	1
5872.8140	1
5880.9824	1
5889.1514	-1
5897.3203	-1
5905.4893	-1
5913.6582	-1
5921.8271	-1
5929.9961	-1
5938.1650	-1
5946.3340	-1
5954.5029	-1
5962.6719	-1
5970.8408	-1
5979.0098	-1
5987.1797	-1
5995.3496	-1
6003.5195	-1
6011.6895	-1
6019.8594	-1
6028.0293	-1
6036.1992	-1
6044.3691	-1
6052.5391	-1
6060.7090	-1
6068.8789	-1
6077.0488	-1
6085.2192	-1
6093.3896	-1
6101.5601	-1
6109.7305	-1
6117.9009	-1
6126.0713	-1
6134.2417	-1
6142.4121	-1
6150.5825	-1
6158.7529	-1
6166.9233	-1
6175.0938	-1
6183.2642	-1
6191.4346	-1
6199.6050	-1
6207.7754	-1
6215.9458	-1
6224.1162	-1
6232.2871	-1
6240.4688	1
6248.6523	-1
6256.8359	1
6265.0195	1
6273.2041	-1
6281.3887	-1
6289.5732	-1
6297.7578	-1
6305.9424	-1
6314.1270	-1
6322.3125	-1
6330.5083	1
6338.7056	-1
6346.9033	1
6355.1011	1
6363.2998	-1
6371.4985	-1
6379.6973	-1
6387.9072	1
6396.1187	-1
6404.3301	1
6412.5420	1
6420.7549	-1
6428.9678	-1
6437.1807	-1
6445.3936	-1
6453.6172	1
6461.8423	-1
6470.0679	1
6478.2935	1
6486.5200	-1
6494.7466	-1
6502.9731	-1
6511.2109	1
6519.4497	-1
6527.6890	1
6535.9282	1
6544.1680	-1
6552.4082	-1
6560.6597	1
6568.9126	-1
6577.1660	1
6585.4194	1
6593.6738	-1
6601.9282	-1
6610.1938	1
6618.4609	-1
6626.7285	1
6634.9961	1
6643.2642	-1
6651.5322	-1
6659.8003	-1
6668.0693	-1
6676.3486	1
6684.6294	-1
6692.9106	1
6701.1919	1
6709.4736	-1
6717.7554	-1
6726.0371	-1
6734.3193	-1
6742.6118	1
6750.9058	-1
6759.2002	1
6767.4946	1
6775.7896	-1
6784.0845	-1
6792.3799	-1
6800.6860	1
6808.9937	-1
6817.3018	1
6825.6099	1
6833.9189	-1
6842.2280	-1
6850.5371	-1
6858.8462	-1
6867.1553	-1
6875.4644	-1
6883.7734	-1
6892.0825	-1
6900.3916	-1
6908.7007	-1
6917.0098	-1
6925.3188	-1
6933.6284	1
6941.9380	1
6950.2485	-1
6958.5591	-1
6966.8696	-1
6975.1802	-1
6983.4907	-1
6991.8013	-1
7000.1118	-1
7008.4331	1
7016.7559	-1
7025.0791	1
7033.4023	1
7041.7266	-1
7050.0508	-1
7058.3853	1
7066.7212	-1
7075.0571	1
7083.3931	1
7091.7300	-1
7100.0669	-1
7108.4038	-1
7116.7515	1
7125.1006	-1
7133.4502	1
7141.7998	1
7150.1499	-1
7158.5000	-1
7166.8501	-1
7175.2002	-1
7183.5508	-1
7191.9014	-1
7200.2520	-1
7208.6025	-1
7216.9531	-1
7225.3145	1
7233.6772	-1
7242.0405	1
7250.4038	1
7258.7676	-1
7267.1313	-1
7275.4951	-1
7283.8589	-1
7292.2227	-1
7300.5864	-1
7308.9502	-1
7317.3140	-1
7325.6777	-1
7334.0415	-1
7342.4053	-1
7350.7690	-1
7359.1333	1
7367.4976	1
7375.8618	1
7384.2261	1
7392.5913	-1
7400.9565	-1
7409.3218	-1
7417.6870	-1
7426.0522	-1
7434.4175	-1
7442.7827	-1
7451.1479	-1
7459.5132	-1
7467.8784	-1
7476.2437	-1
7484.6089	-1
7492.9746	-1
7501.3403	-1
7509.7061	-1
7518.0718	-1
7526.4375	-1
7534.8032	-1
7543.1689	-1
7551.5347	-1
7559.9004	-1
7568.2661	-1
7576.6318	-1
7584.9976	-1
7593.3633	1
7601.7295	1
7610.0957	1
7618.4619	1
7626.8281	1
7635.1948	-1
7643.5615	-1
7651.9282	-1
7660.2949	-1
7668.6616	-1
7677.0283	-1
7685.3950	-1
7693.7617	-1
7702.1284	-1
7710.4951	-1
7718.8618	-1
7727.2285	-1
7735.5957	-1
7743.9629	-1
7752.3301	-1
7760.6973	-1
7769.0645	-1
7777.4316	-1
7785.7988	-1
7794.1660	-1
7802.5337	-1
7810.9014	-1
7819.2690	-1
7827.6367	-1
7836.0044	-1
7844.3721	-1
7852.7397	-1
7861.1074	-1
7869.4751	-1
7877.8428	-1
7886.2217	1
7894.6021	-1
7902.9829	1
7911.3638	1
7919.7451	-1
7928.1265	-1
7936.5078	-1
7944.8892	-1
7953.2705	-1
7961.6519	-1
7970.0337	-1
7978.4155	-1
7986.7974	-1
7995.1792	-1
8003.5610	-1
8011.9429	-1
8020.3247	1
8028.7070	1
8037.0894	1
8045.4717	1
8053.8545	-1
8062.2373	-1
8070.6201	-1
8079.0029	-1
8087.3857	-1
8095.7686	-1
8104.1514	-1
8112.5342	-1
8120.9170	-1
8129.2998	-1
8137.6826	-1
8146.0654	-1
8154.4487	1
8162.8325	1
8171.2163	-1
8179.6001	-1
8187.9839	-1
8196.3672	-1
8204.7510	-1
8213.1348	-1
8221.5186	-1
8229.9023	-1
8238.2861	-1
8246.6699	-1
8255.0537	-1
8263.4375	-1
8271.8223	-1
8280.2070	-1
8288.5918	-1
8296.9766	-1
8305.3613	-1
8313.7461	-1
8322.1309	-1
8330.5156	-1
8338.9111	1
8347.3086	-1
8355.7061	1
8364.1035	1
8372.5029	-1
8380.9023	-1
8389.3018	-1
8397.7012	-1
8406.1006	-1
8414.5000	-1
8422.8994	-1
8431.2988	-1
8439.6982	-1
8448.0977	-1
8456.4971	-1
8464.8965	-1
8473.2959	1
8481.6953	1
8490.0947	1
8498.4941	1
8506.8955	-1
8515.2969	-1
8523.6982	-1
8532.0996	-1
8540.5010	-1
8548.9023	-1
8557.3037	-1
8565.7051	-1
8574.1064	-1
8582.5078	-1
8590.9092	-1
8599.3105	-1
8607.7119	-1
8616.1133	-1
8624.5146	-1
8632.9160	-1
8641.3174	-1
8649.7188	-1
8658.1201	-1
8666.5215	-1
8674.9229	-1
8683.3242	-1
8691.7256	-1
8700.1270	-1
8708.5293	1
8716.9316	1
8725.3340	1
8733.7363	1
8742.1387	1
8750.5410	1
8758.9434	1
8767.3457	1
8775.7500	-1
8784.1543	-1
8792.5586	-1
8800.9629	-1
8809.3672	-1
8817.7715	-1
8826.1758	-1
8834.5801	-1
8842.9844	-1
8851.3887	-1
8859.7930	-1
8868.1973	-1
8876.6025	1
8885.0078	-1
8893.4131	-1
8901.8184	-1
8910.2236	-1
8918.6289	-1
8927.0342	-1
8935.4395	-1
8943.8447	-1
8952.2500	-1
8960.6553	-1
8969.0605	-1
8977.4658	-1
8985.8721	-1
8994.2783	-1
9002.6846	-1
9011.0908	-1
9019.4971	-1
9027.9033	-1
9036.3096	-1
9044.7158	-1
9053.1221	-1
9061.5283	-1
9069.9346	-1
9078.3408	-1
9086.7471	-1
9095.1533	-1
9103.5596	-1
9111.9658	-1
9120.3721	-1
9128.7783	-1
9137.1846	-1
9145.5908	-1
9153.9971	-1
9162.4033	-1
9170.8096	-1
9179.2158	-1
9187.6230	-1
9196.0303	-1
9204.4375	-1
9212.8447	-1
9221.2520	-1
9229.6709	1
9238.0908	-1
9246.5117	1
9254.9326	1
9263.3535	-1
9271.7744	-1
9280.1953	-1
9288.6162	-1
9297.0371	-1
9305.4580	-1
9313.8789	-1
9322.2998	-1
9330.7207	-1
9339.1416	-1
9347.5625	-1
9355.9834	-1
9364.4053	1
9372.8271	1
9381.2490	1
9389.6709	1
9398.0928	-1
9406.5146	-1
9414.9365	-1
9423.3584	-1
9431.7803	-1
9440.2021	-1
9448.6250	-1
9457.0479	-1
9465.4707	-1
9473.8936	-1
9482.3164	-1
9490.7393	-1
9499.1621	1
9507.5850	1
9516.0078	1
9524.4307	1
9532.8535	-1
9541.2764	-1
9549.6992	-1
9558.1221	-1
9566.5449	-1
9574.9678	-1
9583.3906	-1
9591.8135	-1
9600.2363	-1
9608.6592	-1
9617.0820	-1
9625.5049	-1
9633.9287	-1
9642.3525	-1
9650.7764	-1
9659.2002	-1
9667.6240	-1
9676.0479	-1
9684.4717	1
9692.8955	1
9701.3203	1
9709.7451	1
9718.1699	1
9726.5947	1
9735.0195	-1
9743.4443	-1
9751.8691	-1
9760.2939	-1
9768.7188	-1
9777.1436	-1
9785.5684	-1
9793.9932	-1
9802.4180	-1
9810.8428	-1
9819.2676	-1
9827.6924	-1
9836.1172	-1
9844.5420	-1
9852.9668	-1
9861.3916	-1
9869.8164	-1
9878.2412	-1
9886.6660	-1
9895.0908	-1
9903.5156	-1
9911.9404	-1
9920.3652	-1
9928.7900	-1
9937.2158	-1
9945.6416	-1
9954.0674	-1
9962.4932	-1
9970.9189	-1
9979.3447	-1
9987.7715	-1
9996.1982	-1
10004.6250	-1
10013.0518	-1
10021.4785	-1
10029.9053	-1
10038.3320	-1
10046.7588	-1
10055.1855	-1
10063.6123	-1
10072.0391	-1
10080.4658	-1
10088.8926	-1
10097.3193	-1
10105.7461	-1
10114.1729	-1
10122.5996	-1
10131.0264	-1
10139.4531	-1
10147.8799	-1
10156.3174	1
10164.7568	-1
10173.1963	1
10181.6357	1
10190.0762	-1
10198.5166	-1
10206.9570	-1
10215.3975	-1
10223.8379	-1
10232.2783	-1
10240.7188	-1
10249.1592	-1
10257.5996	-1
10266.0400	-1
10274.4805	-1
10282.9209	-1
10291.3623	1
10299.8047	-1
10308.2471	-1
10316.6895	-1
10325.1318	-1
10333.5850	1
10342.0400	-1
10350.4951	1
10358.9502	1
10367.4062	-1
10375.8623	-1
10384.3184	-1
10392.7744	-1
10401.2305	-1
10409.6865	-1
10418.1426	-1
10426.5986	-1
10435.0547	-1
10443.5107	-1
10451.9668	-1
10460.4229	-1
10468.8799	1
10477.3369	1
10485.7949	-1
10494.2529	-1
10502.7109	-1
10511.1689	-1
10519.6270	-1
10528.0850	-1
10536.5430	-1
10545.0010	-1
10553.4697	1
10561.9404	-1
10570.4111	1
10578.8818	1
10587.3535	-1
10595.8252	-1
10604.2969	-1
10612.7686	-1
10621.2402	-1
10629.7119	-1
10638.1836	-1
10646.6553	-1
10655.1270	-1
10663.5986	-1
10672.0703	-1
10680.5420	-1
10689.0146	1
10697.4873	1
10705.9600	1
10714.4326	1
10722.9072	-1
10731.3818	-1
10739.8564	-1
10748.3311	-1
10756.8057	-1
10765.2803	-1
10773.7549	-1
10782.2295	-1
10790.7041	-1
10799.1787	-1
10807.6533	-1
10816.1279	-1
10824.6025	1
10833.0771	1
10841.5518	-1
10850.0264	-1
10858.5010	-1
10866.9756	-1
10875.4502	-1
10883.9248	-1
10892.4004	-1
10900.8760	-1
10909.3516	-1
10917.8271	-1
10926.3027	-1
10934.7783	-1
10943.2539	1
10951.7295	1
10960.2051	1
10968.6807	1
10977.1572	1
10985.6338	1
10994.1123	-1
11002.5908	-1
11011.0693	-1
11019.5479	-1
11028.0264	-1
11036.5049	-1
11044.9834	-1
11053.4619	-1
11061.9404	-1
11070.4189	-1
11078.8975	-1
11087.3760	-1
11095.8555	-1
11104.3350	-1
11112.8145	-1
11121.2939	-1
11129.7734	-1
11138.2529	-1
11146.7324	-1
11155.2119	-1
11163.6914	-1
11172.1709	-1
11180.6504	-1
11189.1299	-1
11197.6094	-1
11206.0889	-1
11214.5684	-1
11223.0479	-1
11231.5273	-1
11240.0068	-1
11248.4863	-1
11256.9658	-1
11265.4453	-1
11273.9248	-1
11282.4043	-1
11290.8838	-1
11299.3633	-1
11307.8428	-1
11316.3223	-1
11324.8018	-1
11333.2812	-1
11341.7607	-1
11350.2402	-1
11358.7197	-1
11367.1992	-1
11375.6787	-1
11384.1582	-1
11392.6377	-1
11401.1172	1
11409.5977	1
11418.0781	1
11426.5586	1
11435.0391	1
11443.5195	1
11452.0000	1
11460.4805	1
11468.9609	1
11477.4414	1
11485.9219	1
11494.4023	1
11502.8828	1
11511.3633	1
11519.8438	1
11528.3242	1
11536.8086	-1
11545.2930	-1
11553.7773	-1
11562.2617	-1
11570.7461	-1
11579.2305	-1
11587.7148	-1
11596.1992	-1
11604.6836	-1
11613.1680	-1
11621.6523	-1
11630.1367	-1
11638.6221	-1
11647.1074	-1
11655.5928	-1
11664.0781	-1
11672.5635	-1
11681.0488	-1
11689.5342	-1
11698.0195	-1
11706.5049	-1
11714.9902	-1
11723.4756	-1
11731.9609	-1
11740.4463	-1
11748.9316	-1
11757.4170	-1
11765.9023	-1
11774.3877	-1
11782.8730	-1
11791.3584	-1
11799.8438	-1
11808.3291	-1
11816.8145	-1
11825.2998	-1
11833.7852	-1
11842.2705	1
11850.7588	-1
11859.2471	-1
11867.7354	-1
11876.2236	-1
11884.7119	-1
11893.2002	-1
11901.6885	-1
11910.1768	-1
11918.6650	-1
11927.1533	-1
11935.6416	-1
11944.1299	-1
11952.6182	-1
11961.1064	-1
11969.5947	-1
11978.0830	-1
11986.5713	-1
11995.0596	-1
12003.5479	-1
12012.0361	-1
12020.5244	-1
12029.0127	-1
12037.5010	-1
12045.9893	-1
12054.4775	-1
12062.9658	-1
12071.4541	-1
12079.9424	-1
12088.4307	-1
12096.9189	-1
12105.4072	-1
12113.8955	-1
12122.3838	-1
12130.8721	-1
12139.3604	-1
12147.8486	-1
12156.3369	-1
12164.8252	-1
12173.3135	-1
12181.8018	-1
12190.2900	-1
12198.7783	-1
12207.2666	-1
12215.7549	-1
12224.2432	-1
12232.7314	-1
12241.2197	-1
12249.7080	-1
12258.1963	-1
12266.6846	-1
12275.1729	-1
12283.6611	-1
12292.1494	-1
12300.6377	-1
12309.1260	-1
12317.6143	-1
12326.1025	-1
12334.5908	-1
12343.0791	-1
12351.5674	-1
12360.0576	-1
12368.5479	-1
12377.0381	-1
12385.5283	-1
12394.0186	-1
12402.5088	-1
12411.0107	1
12419.5137	-1
12428.0166	1
12436.5195	1
12445.0234	-1
12453.5273	-1
12462.0312	-1
12470.5352	-1
12479.0391	-1
12487.5430	-1
12496.0469	-1
12504.5508	-1
12513.0547	-1
12521.5586	-1
12530.0625	-1
12538.5664	-1
12547.0713	1
12555.5762	1
12564.0811	1
12572.5859	1
12581.0908	-1
12589.5957	-1
12598.1006	-1
12606.6055	-1
12615.1104	-1
12623.6152	-1
12632.1211	-1
12640.6270	-1
12649.1328	-1
12657.6387	-1
12666.1445	-1
12674.6504	-1
12683.1562	-1
12691.6621	-1
12700.1680	-1
12708.6738	-1
12717.1797	-1
12725.6855	-1
12734.1914	-1
12742.6973	-1
12751.2031	-1
12759.7090	-1
12768.2148	-1
12776.7207	-1
12785.2266	1
12793.7324	1
12802.2383	1
12810.7441	1
12819.2510	1
12827.7578	1
12836.2646	1
12844.7715	1
12853.2793	-1
12861.7871	-1
12870.2949	-1
12878.8027	-1
12887.3105	-1
12895.8184	-1
12904.3262	-1
12912.8340	-1
12921.3418	-1
12929.8496	-1
12938.3574	-1
12946.8652	-1
12955.3730	-1
12963.8809	-1
12972.3887	-1
12980.8965	-1
12989.4043	-1
12997.9121	-1
13006.4199	-1
13014.9277	-1
13023.4355	-1
13031.9434	-1
13040.4512	-1
13048.9590	-1
13057.4678	-1
13065.9766	-1
13074.4854	-1
13082.9941	-1
13091.5029	-1
13100.0117	-1
13108.5205	-1
13117.0293	-1
13125.5381	-1
13134.0469	-1
13142.5557	-1
13151.0645	-1
13159.5732	-1
13168.0820	-1
13176.5908	-1
13185.0996	-1
13193.6084	-1
13202.1172	-1
13210.6260	-1
13219.1348	-1
13227.6436	-1
13236.1523	-1
13244.6611	-1
13253.1699	-1
13261.6787	1
13270.1875	1
13278.6973	-1
13287.2070	-1
13295.7168	-1
13304.2266	-1
13312.7363	-1
13321.2461	-1
13329.7559	-1
13338.2656	-1
13346.7754	-1
13355.2969	1
13363.8193	-1
13372.3428	1
13380.8662	1
13389.3906	-1
13397.9150	-1
13406.4395	-1
13414.9639	-1
13423.4883	-1
13432.0127	-1
13440.5371	-1
13449.0615	-1
13457.5967	1
13466.1328	-1
13474.6699	1
13483.2070	1
13491.7451	-1
13500.2832	-1
13508.8213	-1
13517.3594	-1
13525.8975	-1
13534.4355	-1
13542.9736	-1
13551.5117	-1
13560.0498	-1
13568.5879	-1
13577.1260	-1
13585.6641	-1
13594.2021	1
13602.7402	1
13611.2783	1
13619.8164	1
13628.3564	-1
13636.8965	-1
13645.4365	-1
13653.9766	-1
13662.5166	-1
13671.0566	-1
13679.5967	-1
13688.1367	-1
13696.6768	-1
13705.2168	-1
13713.7568	-1
13722.2969	-1
13730.8369	-1
13739.3770	-1
13747.9170	-1
13756.4570	-1
13764.9971	-1
13773.5371	-1
13782.0771	-1
13790.6172	-1
13799.1572	-1
13807.6973	-1
13816.2383	-1
13824.7793	-1
13833.3203	1
13841.8613	1
13850.4023	1
13858.9434	1
13867.4844	1
13876.0254	1
13884.5664	1
13893.1074	1
13901.6514	-1
13910.1953	-1
13918.7393	-1
13927.2832	-1
13935.8271	-1
13944.3711	-1
13952.9150	-1
13961.4590	-1
13970.0029	-1
13978.5469	-1
13987.0918	-1
13995.6367	-1
14004.1816	1
14012.7266	1
14021.2715	-1
14029.8164	-1
14038.3613	-1
14046.9062	-1
14055.4512	-1
14063.9961	-1
14072.5410	-1
14081.0859	-1
14089.6309	-1
14098.1758	-1
14106.7207	-1
14115.2656	-1
14123.8105	-1
14132.3555	-1
14140.9004	-1
14149.4453	-1
14157.9902	-1
14166.5352	-1
14175.0801	-1
14183.6250	-1
14192.1699	-1
14200.7148	-1
14209.2598	-1
14217.8047	-1
14226.3496	-1
14234.8945	-1
14243.4395	-1
14251.9844	-1
14260.5293	-1
14269.0742	-1
14277.6191	1
14286.1641	1
14294.7090	-1
14303.2539	1
14311.7988	-1
14320.3438	-1
14328.8887	-1
14337.4336	-1
14345.9785	-1
14354.5234	1
14363.0684	1
14371.6133	1
14380.1592	1
14388.7070	-1
14397.2549	-1
14405.8027	-1
14414.3506	-1
14422.8984	-1
14431.4463	-1
14439.9951	-1
14448.5439	-1
14457.0928	-1
14465.6416	-1
14474.1904	-1
14482.7393	-1
14491.2881	-1
14499.8369	-1
14508.3857	-1
14516.9346	-1
14525.4834	-1
14534.0322	-1
14542.5811	-1
14551.1299	-1
14559.6787	-1
14568.2275	-1
14576.7764	-1
14585.3252	-1
14593.8750	-1
14602.4248	-1
14610.9746	-1
14619.5244	-1
14628.0742	-1
14636.6240	-1
14645.1738	-1
14653.7236	-1
14662.2734	-1
14670.8232	-1
14679.3730	-1
14687.9229	-1
14696.4727	-1
14705.0225	-1
14713.5723	-1
14722.1221	-1
14730.6719	-1
14739.2217	-1
14747.7725	-1
14756.3232	-1
14764.8740	-1
14773.4248	-1
14781.9756	-1
14790.5264	-1
14799.0771	-1
14807.6279	-1
14816.1787	-1
14824.7402	1
14833.3037	-1
14841.8672	1
14850.4307	1
14858.9951	-1
14867.5596	-1
14876.1240	-1
14884.6885	-1
14893.2529	-1
14901.8174	-1
14910.3828	-1
14918.9482	-1
14927.5137	-1
14936.0791	-1
14944.6445	-1
14953.2100	-1
14961.7754	1
14970.3408	1
14978.9072	-1
14987.4736	-1
14996.0400	-1
15004.6064	-1
15013.1729	-1
15021.7393	-1
15030.3057	-1
15038.8721	-1
15047.4492	1
15056.0273	-1
15064.6055	1
15073.1836	1
15081.7637	-1
15090.3438	-1
15098.9238	-1
15107.5039	-1
15116.0840	-1
15124.6641	-1
15133.2441	-1
15141.8242	-1
15150.4043	-1
15158.9844	-1
15167.5645	-1
15176.1445	-1
15184.7246	1
15193.3047	1
15201.8857	-1
15210.4668	-1
15219.0479	-1
15227.6289	-1
15236.2100	-1
15244.7910	-1
15253.3721	-1
15261.9531	-1
15270.5342	-1
15279.1260	1
15287.7188	-1
15296.3125	1
15304.9062	1
15313.5010	-1
15322.0957	-1
15330.6904	-1
15339.2852	-1
15347.8799	-1
15356.4746	-1
15365.0693	-1
15373.6641	-1
15382.2588	-1
15390.8535	-1
15399.4482	-1
15408.0430	-1
15416.6377	1
15425.2324	1
15433.8271	1
15442.4219	1
15451.0186	-1
15459.6152	-1
15468.2119	-1
15476.8086	-1
15485.4053	-1
15494.0020	-1
15502.5986	-1
15511.1953	-1
15519.7920	-1
15528.3887	-1
15536.9854	-1
15545.5820	-1
15554.1797	-1
15562.7773	-1
15571.3750	-1
15579.9727	-1
15588.5703	-1
15597.1680	-1
15605.7656	-1
15614.3633	-1
15622.9609	-1
15631.5586	-1
15640.1562	-1
15648.7539	-1
15657.3516	1
15665.9492	1
15674.5469	1
15683.1445	1
15691.7422	1
15700.3398	1
15708.9375	1
15717.5352	1
15726.1357	-1
15734.7363	-1
15743.3369	-1
15751.9375	-1
15760.5381	-1
15769.1387	-1
15777.7393	-1
15786.3398	-1
15794.9404	-1
15803.5410	-1
15812.1416	-1
15820.7422	-1
15829.3428	-1
15837.9434	-1
15846.5439	-1
15855.1445	-1
15863.7451	-1
15872.3457	-1
15880.9473	1
15889.5488	1
15898.1504	1
15906.7520	1
15915.3535	-1
15923.9551	-1
15932.5566	1
15941.1582	-1
15949.7598	-1
15958.3613	-1
15966.9629	-1
15975.5645	1
15984.1660	-1
15992.7676	-1
16001.3691	-1
16009.9707	-1
16018.5723	-1
16027.1738	-1
16035.7754	-1
16044.3770	-1
16052.9785	-1
16061.5801	-1
16070.1816	-1
16078.7832	-1
16087.3848	-1
16095.9863	-1
16104.5879	-1
16113.1895	-1
16121.7910	-1
16130.3926	-1
16138.9951	-1
16147.5977	-1
16156.2002	-1
16164.8027	-1
16173.4053	-1
16182.0078	-1
16190.6104	1
16199.2129	1
16207.8154	1
16216.4180	1
16225.0205	1
16233.6240	1
16242.2285	1
16250.8330	1
16259.4375	1
16268.0420	1
16276.6484	-1
16285.2549	-1
16293.8613	-1
16302.4678	-1
16311.0742	-1
16319.6807	-1
16328.2871	-1
16336.8936	-1
16345.5000	-1
16354.1064	-1
16362.7129	-1
16371.3193	-1
16379.9258	-1
16388.5312	-1
16397.1367	-1
16405.7422	-1
16414.3477	-1
16422.9531	-1
16431.5605	-1
16440.1680	-1
16448.7754	-1
16457.3828	-1
16465.9902	-1
16474.5977	-1
16483.2051	-1
16491.8125	-1
16500.4199	-1
16509.0273	-1
16517.6348	-1
16526.2422	-1
16534.8496	-1
16543.4570	-1
16552.0645	-1
16560.6719	-1
16569.2793	-1
16577.8867	-1
16586.4941	-1
16595.1016	-1
16603.7090	-1
16612.3164	-1
16620.9238	-1
16629.5312	-1
16638.1387	-1
16646.7461	-1
16655.3535	-1
16663.9609	-1
16672.5684	-1
16681.1758	-1
16689.7832	1
16698.3906	1
16706.9980	1
16715.6055	1
16724.2129	1
16732.8203	1
16741.4277	1
16750.0371	-1
16758.6465	-1
16767.2559	-1
16775.8652	-1
16784.4746	-1
16793.0840	-1
16801.6934	-1
16810.3027	-1
16818.9121	-1
16827.5215	-1
16836.1309	-1
16844.7402	-1
16853.3496	-1
16861.9590	-1
16870.5684	-1
16879.1777	-1
16887.7871	-1
16896.3965	-1
16905.0059	-1
16913.6152	-1
16922.2246	-1
16930.8340	-1
16939.4434	-1
16948.0527	-1
16956.6660	-1
16965.2793	-1
16973.8926	-1
16982.5059	-1
16991.1191	-1
16999.7324	-1
17008.3457	-1
17016.9590	-1
17025.5723	-1
17034.1855	-1
17042.7988	-1
17051.4121	-1
17060.0254	-1
17068.6387	-1
17077.2520	-1
17085.8652	-1
17094.4785	-1
17103.0918	-1
17111.7051	-1
17120.3184	-1
17128.9316	-1
17137.5449	-1
17146.1582	-1
17154.7715	-1
17163.3848	-1
17171.9980	-1
17180.6113	-1
17189.2246	-1
17197.8379	-1
17206.4512	-1
17215.0645	-1
17223.6777	-1
17232.2910	-1
17240.9043	-1
17249.5176	-1
17258.1309	-1
17266.7441	-1
17275.3574	-1
17283.9707	-1
17292.5840	-1
17301.1973	-1
17309.8105	-1
17318.4238	-1
17327.0371	-1
17335.6504	-1
17344.2637	-1
17352.8770	-1
17361.4902	-1
17370.1035	-1
17378.7168	-1
17387.3301	-1
17395.9434	-1
17404.5566	-1
17413.1699	-1
17421.7852	-1
17430.4004	-1
17439.0156	-1
17447.6309	-1
17456.2461	-1
17464.8613	-1
17473.4766	-1
17482.1035	1
17490.7324	-1
17499.3613	1
17507.9902	1
17516.6191	-1
17525.2480	-1
17533.8770	-1
17542.5059	-1
17551.1348	-1
17559.7637	-1
17568.3926	-1
17577.0215	-1
17585.6504	-1
17594.2793	-1
17602.9082	-1
17611.5391	-1
17620.1816	1
17628.8262	-1
17637.4707	1
17646.1152	1
17654.7598	-1
17663.4043	-1
17672.0488	-1
17680.6934	-1
17689.3379	-1
17697.9824	-1
17706.6270	-1
17715.2715	-1
17723.9160	-1
17732.5605	-1
17741.2051	-1
17749.8496	-1
17758.4961	1
17767.1426	1
17775.7891	1
17784.4355	1
17793.0840	-1
17801.7324	-1
17810.3809	-1
17819.0293	-1
17827.6777	-1
17836.3262	-1
17844.9746	-1
17853.6230	-1
17862.2715	-1
17870.9199	-1
17879.5684	-1
17888.2168	-1
17896.8652	-1
17905.5137	-1
17914.1621	-1
17922.8105	-1
17931.4590	-1
17940.1074	-1
17948.7559	-1
17957.4043	-1
17966.0527	-1
17974.7012	-1
17983.3496	-1
17991.9980	-1
18000.6484	1
18009.2988	1
18017.9492	1
18026.5996	1
18035.2500	1
18043.9004	1
18052.5508	1
18061.2012	1
18069.8555	-1
18078.5098	-1
18087.1641	-1
18095.8184	-1
18104.4727	-1
18113.1270	-1
18121.7812	-1
18130.4355	-1
18139.0898	-1
18147.7441	-1
18156.3984	-1
18165.0527	-1
18173.7070	-1
18182.3613	-1
18191.0156	-1
18199.6699	-1
18208.3242	-1
18216.9785	-1
18225.6328	-1
18234.2871	-1
18242.9414	-1
18251.5957	-1
18260.2500	-1
18268.9043	-1
18277.5605	1
18286.2168	1
18294.8730	1
18303.5293	1
18312.1855	-1
18320.8418	-1
18329.4980	-1
18338.1543	-1
18346.8105	-1
18355.4668	-1
18364.1230	-1
18372.7793	-1
18381.4355	-1
18390.0918	-1
18398.7480	-1
18407.4043	-1
18416.0605	-1
18424.7168	-1
18433.3730	-1
18442.0293	-1
18450.6855	-1
18459.3418	-1
18467.9980	1
18476.6543	1
18485.3105	1
18493.9668	1
18502.6250	1
18511.2832	1
18519.9414	1
18528.5996	1
18537.2578	1
18545.9160	1
18554.5742	-1
18563.2324	-1
18571.8906	-1
18580.5488	-1
18589.2070	-1
18597.8652	-1
18606.5273	1
18615.1895	1
18623.8535	-1
18632.5176	-1
18641.1816	-1
18649.8457	-1
18658.5098	-1
18667.1738	-1
18675.8379	-1
18684.5020	-1
18693.1660	-1
18701.8301	-1
18710.4941	-1
18719.1582	-1
18727.8223	-1
18736.4863	-1
18745.1504	-1
18753.8145	-1
18762.4785	-1
18771.1426	-1
18779.8066	-1
18788.4707	-1
18797.1348	-1
18805.7988	-1
18814.4629	-1
18823.1270	-1
18831.7910	-1
18840.4551	-1
18849.1191	-1
18857.7832	-1
18866.4473	-1
18875.1113	-1
18883.7754	-1
18892.4395	-1
18901.1035	-1
18909.7676	-1
18918.4316	-1
18927.0957	-1
18935.7598	-1
18944.4238	-1
18953.0879	-1
18961.7520	-1
18970.4160	-1
18979.0801	-1
18987.7461	1
18996.4121	1
19005.0781	1
19013.7441	1
19022.4102	1
19031.0762	1
19039.7422	1
19048.4082	1
19057.0742	1
19065.7402	1
19074.4062	1
19083.0723	1
19091.7402	1
19100.4082	1
19109.0762	-1
19117.7441	-1
19126.4121	-1
19135.0801	-1
19143.7480	-1
19152.4160	-1
19161.0859	1
19169.7559	-1
19178.4258	-1
19187.0957	-1
19195.7656	-1
19204.4355	-1
19213.1055	-1
19221.7754	-1
19230.4453	-1
19239.1152	-1
19247.7852	-1
19256.4551	-1
19265.1250	-1
19273.7949	-1
19282.4648	-1
19291.1348	-1
19299.8047	-1
19308.4746	-1
19317.1445	-1
19325.8164	-1
19334.4883	-1
19343.1602	-1
19351.8320	-1
19360.5039	-1
19369.1758	-1
19377.8477	-1
19386.5195	-1
19395.1914	-1
19403.8633	-1
19412.5352	-1
19421.2070	-1
19429.8789	-1
19438.5508	-1
19447.2227	-1
19455.8945	-1
19464.5664	-1
19473.2383	-1
19481.9102	-1
19490.5820	-1
19499.2539	-1
19507.9258	-1
19516.5977	-1
19525.2695	-1
19533.9414	-1
19542.6133	-1
19551.2852	-1
19559.9570	-1
19568.6289	-1
19577.3008	-1
19585.9727	1
19594.6465	1
19603.3203	1
19611.9941	1
19620.6680	1
19629.3418	1
19638.0156	1
19646.6895	1
19655.3633	1
19664.0371	1
19672.7109	1
19681.3848	1
19690.0586	1
19698.7324	1
19707.4082	-1
19716.0840	-1
19724.7598	-1
19733.4355	-1
19742.1113	-1
19750.7871	-1
19759.4648	-1
19768.1426	-1
19776.8203	-1
19785.4980	-1
19794.1758	-1
19802.8535	-1
19811.5312	-1
19820.2090	-1
19828.8867	-1
19837.5645	-1
19846.2422	-1
19854.9199	-1
19863.5977	-1
19872.2754	-1
19880.9531	-1
19889.6309	-1
19898.3086	-1
19906.9863	-1
19915.6660	-1
19924.3457	-1
19933.0254	-1
19941.7051	-1
19950.3848	-1
19959.0645	-1
19967.7441	-1
19976.4238	-1
19985.1035	-1
19993.7832	-1
20002.4629	-1
20011.1426	-1
20019.8223	-1
20028.5020	-1
20037.1816	-1
20045.8613	-1
20054.5410	-1
20063.2207	-1
20071.9004	-1
20080.5801	-1
20089.2598	-1
20097.9395	-1
20106.6191	-1
20115.2988	-1
20123.9805	-1
20132.6621	-1
20141.3438	-1
20150.0254	-1
20158.7070	-1
20167.3887	-1
20176.0703	-1
20184.7520	-1
20193.4336	-1
20202.1152	-1
20210.7969	-1
20219.4785	-1
20228.1602	-1
20236.8418	-1
20245.5234	-1
20254.2051	-1
20262.8867	-1
20271.5684	-1
20280.2500	-1
20288.9316	-1
20297.6133	-1
20306.2949	-1
20314.9766	-1
20323.6582	-1
20332.3398	-1
20341.0215	-1
20349.7031	-1
20358.3848	-1
20367.0664	-1
20375.7480	-1
20384.4316	-1
20393.1152	-1
20401.7988	-1
20410.4824	-1
20419.1660	-1
20427.8496	-1
20436.5332	-1
20445.2168	-1
20453.9004	-1
20462.5840	-1
20471.2676	-1
20479.9512	-1
20488.6348	-1
20497.3184	-1
20506.0020	-1
20514.6855	-1
20523.3691	-1
20532.0527	-1
20540.7402	-1
20549.4277	-1
20558.1152	-1
20566.8027	-1
20575.4902	-1
20584.1777	-1
20592.8652	-1
20601.5527	-1
20610.2402	-1
20618.9277	-1
20627.6152	-1
20636.3027	-1
20644.9902	-1
20653.6777	-1
20662.3652	-1
20671.0527	-1
20679.7402	-1
20688.4277	-1
20697.1152	-1
20705.8027	-1
20714.4902	-1
20723.1777	-1
20731.8652	-1
20740.5527	-1
20749.2402	-1
20757.9277	-1
20766.6152	-1
20775.3027	-1
20783.9902	-1
20792.6777	-1
20801.3652	-1
20810.0527	-1
20818.7402	-1
20827.4277	-1
20836.1152	-1
20844.8027	-1
20853.4902	-1
20862.1777	-1
20870.8652	-1
20879.5527	-1
20888.2402	-1
20896.9277	-1
20905.6152	-1
20914.3027	-1
20922.9902	-1
20931.6777	-1
20940.3652	-1
20949.0527	-1
20957.7402	-1
20966.4277	-1
20975.1152	-1
20983.8027	-1
20992.4902	-1
21001.1777	-1
21009.8652	-1
21018.5527	-1
21027.2402	-1
21035.9277	-1
21044.6152	-1
21053.3027	-1
21061.9922	-1
21070.6816	-1
21079.3711	-1
21088.0605	-1
21096.7500	-1
21105.4395	-1
21114.1289	-1
21122.8184	-1
21131.5078	-1
21140.1973	-1
21148.8867	-1
21157.5762	-1
21166.2656	-1
21174.9551	-1
21183.6445	-1
21192.3340	-1
21201.0352	1
21209.7363	-1
21218.4395	1
21227.1426	1
21235.8457	-1
21244.5488	-1
21253.2520	-1
21261.9551	-1
21270.6582	-1
21279.3613	-1
21288.0645	-1
21296.7676	-1
21305.4707	-1
21314.1738	-1
21322.8770	-1
21331.5801	-1
21340.2832	1
21348.9863	1
21357.6914	1
21366.3965	1
21375.1016	-1
21383.8066	-1
21392.5117	-1
21401.2168	-1
21409.9219	-1
21418.6270	-1
21427.3320	-1
21436.0371	-1
21444.7422	-1
21453.4473	-1
21462.1523	-1
21470.8574	-1
21479.5625	-1
21488.2676	-1
21496.9727	-1
21505.6777	-1
21514.3828	-1
21523.0879	-1
21531.7949	-1
21540.5020	-1
21549.2090	-1
21557.9160	-1
21566.6230	-1
21575.3301	-1
21584.0371	1
21592.7441	-1
21601.4512	-1
21610.1582	-1
21618.8652	-1
21627.5840	1
21636.3027	-1
21645.0234	1
21653.7441	1
21662.4648	-1
21671.1855	-1
21679.9062	-1
21688.6367	1
21697.3691	-1
21706.1016	1
21714.8340	1
21723.5684	-1
21732.3027	-1
21741.0469	1
21749.7930	-1
21758.5391	1
21767.2852	1
21776.0332	-1
21784.7812	-1
21793.5293	-1
21802.2773	-1
21811.0254	-1
21819.7734	-1
21828.5215	-1
21837.2695	-1
21846.0176	-1
21854.7656	-1
21863.5137	-1
21872.2617	-1
21881.0098	1
21889.7578	1
21898.5059	1
21907.2539	1
21916.0039	-1
21924.7539	-1
21933.5039	-1
21942.2539	-1
21951.0039	-1
21959.7539	-1
21968.5039	-1
21977.2539	-1
21986.0039	-1
21994.7539	-1
22003.5039	-1
22012.2539	-1
22021.0039	-1
22029.7539	-1
22038.5039	-1
22047.2539	-1
22056.0039	-1
22064.7539	-1
22073.5039	-1
22082.2539	-1
22091.0156	1
22099.7773	-1
22108.5391	1
22117.3008	1
22126.0645	-1
22134.8281	-1
22143.5918	-1
22152.3555	-1
22161.1191	-1
22169.8828	-1
22178.6465	-1
22187.4102	-1
22196.1738	-1
22204.9473	1
22213.7227	-1
22222.4980	1
22231.2734	1
22240.0488	-1
22248.8242	-1
22257.6016	-1
22266.3887	1
22275.1758	-1
22283.9629	1
22292.7500	1
22301.5391	-1
22310.3301	-1
22319.1289	1
22327.9297	-1
22336.7305	1
22345.5312	1
22354.3320	-1
22363.1328	-1
22371.9434	1
22380.7559	-1
22389.5684	1
22398.3809	1
22407.1953	-1
22416.0117	-1
22424.8359	1
22433.6621	-1
22442.4883	1
22451.3145	1
22460.1406	-1
22468.9668	-1
22477.8047	1
22486.6426	-1
22495.4824	1
22504.3223	1
22513.1621	-1
22522.0020	-1
22530.8418	-1
22539.6816	-1
22548.5215	-1
22557.3613	-1
22566.2012	-1
22575.0410	-1
22583.8809	-1
22592.7207	-1
22601.5605	-1
22610.4004	-1
22619.2422	1
22628.0840	1
22636.9258	1
22645.7676	1
22654.6094	-1
22663.4512	-1
22672.2930	-1
22681.1348	-1
22689.9766	-1
22698.8184	-1
22707.6621	1
22716.5059	1
22725.3496	-1
22734.1934	-1
22743.0371	-1
22751.8809	-1
22760.7246	-1
22769.5684	-1
22778.4121	-1
22787.2559	-1
22796.0996	-1
22804.9434	-1
22813.7871	-1
22822.6309	-1
22831.4746	-1
22840.3184	-1
22849.1621	-1
22858.0059	-1
22866.8496	-1
22875.6934	-1
22884.5371	1
22893.3809	1
22902.2246	1
22911.0684	1
22919.9121	1
22928.7578	-1
22937.6035	-1
22946.4492	-1
22955.2949	-1
22964.1406	-1
22972.9863	-1
22981.8320	-1
22990.6777	-1
22999.5234	-1
23008.3691	-1
23017.2148	-1
23026.0605	-1
23034.9062	-1
23043.7520	-1
23052.5977	-1
23061.4434	-1
23070.2891	-1
23079.1348	-1
23087.9824	-1
23096.8301	-1
23105.6777	-1
23114.5254	-1
23123.3730	-1
23132.2207	-1
23141.0684	-1
23149.9160	-1
23158.7637	-1
23167.6113	-1
23176.4590	-1
23185.3066	-1
23194.1543	-1
23203.0020	-1
23211.8496	-1
23220.6973	-1
23229.5449	-1
23238.3926	-1
23247.2402	-1
23256.0879	-1
23264.9355	-1
23273.7930	1
23282.6523	-1
23291.5117	1
23300.3711	1
23309.2324	-1
23318.0938	-1
23326.9648	1
23335.8359	-1
23344.7090	1
23353.5820	1
23362.4551	-1
23371.3281	-1
23380.2012	-1
23389.0742	-1
23397.9473	-1
23406.8203	-1
23415.6934	-1
23424.5664	-1
23433.4395	-1
23442.3125	-1
23451.1855	-1
23460.0586	-1
23468.9316	1
23477.8047	1
23486.6777	1
23495.5508	1
23504.4258	-1
23513.3008	-1
23522.1758	-1
23531.0508	-1
23539.9258	-1
23548.8008	-1
23557.6758	-1
23566.5508	-1
23575.4258	-1
23584.3008	-1
23593.1758	-1
23602.0508	-1
23610.9277	-1
23619.8047	-1
23628.6816	-1
23637.5586	-1
23646.4355	-1
23655.3125	-1
23664.1895	-1
23673.0664	-1
23681.9434	-1
23690.8203	-1
23699.6973	-1
23708.5742	-1
23717.4512	1
23726.3281	1
23735.2051	-1
23744.0820	-1
23752.9590	-1
23761.8359	-1
23770.7129	-1
23779.5898	-1
23788.4668	-1
23797.3555	1
23806.2441	-1
23815.1328	1
23824.0215	1
23832.9121	-1
23841.8027	-1
23850.6934	-1
23859.5840	-1
23868.4746	-1
23877.3652	-1
23886.2559	-1
23895.1465	-1
23904.0371	-1
23912.9277	-1
23921.8184	-1
23930.7090	-1
23939.5996	1
23948.4902	1
23957.3809	1
23966.2715	1
23975.1641	-1
23984.0566	-1
23992.9492	-1
24001.8418	-1
24010.7344	-1
24019.6270	-1
24028.5195	-1
24037.4121	-1
24046.3047	-1
24055.1973	-1
24064.0898	-1
24072.9824	-1
24081.8750	-1
24090.7676	-1
24099.6602	-1
24108.5527	-1
24117.4453	-1
24126.3379	-1
24135.2305	-1
24144.1230	-1
24153.0156	-1
24161.9082	-1
24170.8008	-1
24179.6934	-1
24188.5859	1
24197.4785	1
24206.3711	1
24215.2637	1
24224.1562	1
24233.0488	1
24241.9414	1
24250.8359	1
24259.7305	-1
24268.6250	-1
24277.5195	-1
24286.4141	-1
24295.3086	-1
24304.2031	-1
24313.0996	1
24321.9961	1
24330.8926	-1
24339.7891	-1
24348.6855	-1
24357.5820	-1
24366.4785	-1
24375.3750	-1
24384.2715	-1
24393.1680	-1
24402.0645	-1
24410.9609	-1
24419.8574	-1
24428.7539	-1
24437.6504	-1
24446.5469	-1
24455.4434	-1
24464.3398	-1
24473.2363	-1
24482.1328	-1
24491.0293	-1
24499.9258	-1
24508.8223	-1
24517.7188	-1
24526.6152	-1
24535.5117	-1
24544.4082	-1
24553.3047	-1
24562.2031	-1
24571.1016	-1
24580.0000	-1
24588.8984	-1
24597.7969	-1
24606.6953	-1
24615.5938	-1
24624.4922	-1
24633.3906	-1
24642.2891	-1
24651.1875	-1
24660.0859	-1
24668.9844	-1
24677.8828	-1
24686.7812	-1
24695.6797	-1
24704.5781	1
24713.4766	1
24722.3770	-1
24731.2773	-1
24740.1777	-1
24749.0781	-1
24757.9785	-1
24766.8789	-1
24775.7793	-1
24784.6797	-1
24793.5801	-1
24802.4805	-1
24811.3809	-1
24820.2812	-1
24829.1816	-1
24838.0820	-1
24846.9824	-1
24855.8828	-1
24864.7832	-1
24873.6836	-1
24882.5840	-1
24891.4941	1
24900.4062	-1
24909.3184	1
24918.2305	1
24927.1426	-1
24936.0547	-1
24944.9766	1
24953.9004	-1
24962.8242	1
24971.7480	1
24980.6719	-1
24989.5977	-1
24998.5332	1
25007.4688	-1
25016.4062	1
25025.3438	1
25034.2812	-1
25043.2188	-1
25052.1660	1
25061.1152	-1
25070.0645	1
25079.0137	1
25087.9629	-1
25096.9121	-1
25105.8711	1
25114.8320	-1
25123.7930	1
25132.7539	1
25141.7168	-1
25150.6797	-1
25159.6504	1
25168.6230	-1
25177.5957	1
25186.5684	1
25195.5410	-1
25204.5137	-1
25213.4883	-1
25222.4707	1
25231.4551	-1
25240.4395	1
25249.4238	1
25258.4082	-1
25267.3926	-1
25276.3770	-1
25285.3711	1
25294.3672	-1
25303.3633	1
25312.3594	1
25321.3555	-1
25330.3535	-1
25339.3594	1
25348.3672	-1
25357.3750	1
25366.3828	1
25375.3906	-1
25384.3984	-1
25393.4062	-1
25402.4238	1
25411.4434	-1
25420.4629	1
25429.4824	1
25438.5020	-1
25447.5215	-1
25456.5410	-1
25465.5703	1
25474.6016	-1
25483.6328	1
25492.6641	1
25501.6953	-1
25510.7266	-1
25519.7676	1
25528.8105	-1
25537.8535	1
25546.8965	1
25555.9395	-1
25564.9824	-1
25574.0352	1
25583.0898	-1
25592.1445	1
25601.1992	1
25610.2559	-1
25619.3125	-1
25628.3691	-1
25637.4258	-1
25646.4824	-1
25655.5391	-1
25664.5957	-1
25673.6523	-1
25682.7090	-1
25691.7656	-1
25700.8223	-1
25709.8789	-1
25718.9355	1
25727.9922	1
25737.0488	1
25746.1055	1
25755.1641	-1
25764.2227	-1
25773.2812	-1
25782.3398	-1
25791.3984	-1
25800.4570	-1
25809.5156	-1
25818.5742	-1
25827.6328	-1
25836.6914	-1
25845.7500	-1
25854.8086	-1
25863.8672	-1
25872.9258	-1
25881.9844	-1
25891.0430	-1
25900.1016	-1
25909.1602	-1
25918.2188	-1
25927.2773	-1
25936.3359	-1
25945.3945	-1
25954.4531	-1
25963.5117	-1
25972.5703	1
25981.6289	1
25990.6895	-1
25999.7500	-1
26008.8105	-1
26017.8711	-1
26026.9316	-1
26035.9922	-1
26045.0527	-1
26054.1133	-1
26063.1738	-1
26072.2344	-1
26081.2949	-1
26090.3652	1
26099.4375	-1
26108.5098	1
26117.5820	1
26126.6543	-1
26135.7266	-1
26144.7988	-1
26153.8711	-1
26162.9434	-1
26172.0156	-1
26181.0879	-1
26190.1602	-1
26199.2324	-1
26208.3047	-1
26217.3770	-1
26226.4492	-1
26235.5215	1
26244.5938	1
26253.6660	1
26262.7402	-1
26271.8145	-1
26280.8887	-1
26289.9629	-1
26299.0371	-1
26308.1113	-1
26317.1855	-1
26326.2598	-1
26335.3340	-1
26344.4082	-1
26353.4824	-1
26362.5566	-1
26371.6309	-1
26380.7148	1
26389.7988	-1
26398.8848	1
26407.9707	1
26417.0566	-1
26426.1426	-1
26435.2285	-1
26444.3145	-1
26453.4004	-1
26462.4863	-1
26471.5723	-1
26480.6582	-1
26489.7441	-1
26498.8301	-1
26507.9160	-1
26517.0020	-1
26526.0879	1
26535.1738	1
26544.2598	1
26553.3457	1
26562.4336	-1
26571.5215	-1
26580.6094	-1
26589.6973	-1
26598.7852	-1
26607.8730	-1
26616.9609	1
26626.0488	1
26635.1367	-1
26644.2246	-1
26653.3125	-1
26662.4004	-1
26671.4883	-1
26680.5762	-1
26689.6641	-1
26698.7520	-1
26707.8398	-1
26716.9277	-1
26726.0156	-1
26735.1035	-1
26744.1914	-1
26753.2793	-1
26762.3672	-1
26771.4551	-1
26780.5430	-1
26789.6309	-1
26798.7207	1
26807.8105	1
26816.9004	1
26825.9902	1
26835.0801	1
26844.1699	1
26853.2598	-1
26862.3496	-1
26871.4395	-1
26880.5293	-1
26889.6191	-1
26898.7090	-1
26907.7988	1
26916.8887	1
26925.9805	-1
26935.0723	-1
26944.1641	-1
26953.2559	-1
26962.3477	-1
26971.4395	-1
26980.5312	1
26989.6230	1
26998.7148	-1
27007.8066	-1
27016.8984	-1
27025.9902	-1
27035.0820	-1
27044.1738	-1
27053.2656	1
27062.3574	1
27071.4512	-1
27080.5449	-1
27089.6387	-1
27098.7324	-1
27107.8262	-1
27116.9199	-1
27126.0137	-1
27135.1074	-1
27144.2012	-1
27153.2949	-1
27162.3887	-1
27171.4824	-1
27180.5762	1
27189.6699	1
27198.7637	1
27207.8574	1
27216.9512	-1
27226.0449	-1
27235.1387	-1
27244.2324	-1
27253.3262	-1
27262.4199	-1
27271.5156	-1
27280.6113	-1
27289.7070	-1
27298.8027	-1
27307.8984	-1
27316.9941	-1
27326.0898	-1
27335.1855	-1
27344.2812	-1
27353.3770	-1
27362.4727	-1
27371.5684	-1
27380.6641	1
27389.7598	1
27398.8555	1
27407.9512	1
27417.0469	-1
27426.1426	-1
27435.2383	-1
27444.3340	-1
27453.4297	-1
27462.5254	-1
27471.6211	-1
27480.7168	-1
27489.8125	-1
27498.9082	-1
27508.0039	-1
27517.0996	-1
27526.1953	1
27535.2910	1
27544.3887	1
27553.4863	1
27562.5840	1
27571.6816	1
27580.7812	-1
27589.8809	-1
27598.9805	-1
27608.0801	-1
27617.1797	-1
27626.2793	-1
27635.3789	-1
27644.4785	-1
27653.5781	-1
27662.6777	-1
27671.7773	-1
27680.8770	-1
27689.9766	-1
27699.0762	-1
27708.1758	-1
27717.2754	-1
27726.3750	-1
27735.4746	-1
27744.5742	-1
27753.6738	-1
27762.7734	-1
27771.8730	-1
27780.9727	-1
27790.0723	-1
27799.1719	-1
27808.2715	-1
27817.3711	-1
27826.4707	-1
27835.5703	-1
27844.6699	-1
27853.7695	-1
27862.8711	-1
27871.9727	-1
27881.0742	-1
27890.1758	-1
27899.2773	-1
27908.3789	-1
27917.4805	-1
27926.5820	-1
27935.6836	-1
27944.7852	-1
27953.8867	-1
27962.9883	-1
27972.0898	-1
27981.1914	-1
27990.2930	-1
27999.3945	-1
28008.4961	-1
28017.5977	-1
28026.6992	-1
28035.8008	-1
28044.9023	-1
28054.0039	-1
28063.1055	-1
28072.2070	-1
28081.3086	-1
28090.4102	-1
28099.5117	-1
28108.6133	-1
28117.7148	-1
28126.8184	1
28135.9219	1
28145.0254	1
28154.1289	1
28163.2324	1
28172.3359	1
28181.4395	1
28190.5430	1
28199.6465	1
28208.7500	-1
28217.8535	-1
28226.9570	-1
28236.0605	-1
28245.1641	-1
28254.2676	-1
28263.3711	1
28272.4746	1
28281.5781	1
28290.6816	1
28299.7852	1
28308.8887	1
28317.9922	1
28327.0977	-1
28336.2031	-1
28345.3086	-1
28354.4141	-1
28363.5195	-1
28372.6250	-1
28381.7305	-1
28390.8359	-1
28399.9414	-1
28409.0469	-1
28418.1523	-1
28427.2578	-1
28436.3633	-1
28445.4688	-1
28454.5742	-1
28463.6797	-1
28472.7852	-1
28481.8906	-1
28490.9961	-1
28500.1016	-1
28509.2070	-1
28518.3125	-1
28527.4180	-1
28536.5234	-1
28545.6289	-1
28554.7344	-1
28563.8398	-1
28572.9453	-1
28582.0508	-1
28591.1562	-1
28600.2637	-1
28609.3711	-1
28618.4785	-1
28627.5859	-1
28636.6934	-1
28645.8008	-1
28654.9082	-1
28664.0156	-1
28673.1230	-1
28682.2305	-1
28691.3379	-1
28700.4453	-1
28709.5527	-1
28718.6602	-1
28727.7676	-1
28736.8750	-1
28745.9824	-1
28755.0898	-1
28764.1992	-1
28773.3086	-1
28782.4180	-1
28791.5273	-1
28800.6367	-1
28809.7461	-1
28818.8555	-1
28827.9648	-1
28837.0742	-1
28846.1836	-1
28855.2930	-1
28864.4023	-1
28873.5117	-1
28882.6211	-1
28891.7305	-1
28900.8398	-1
28909.9492	-1
28919.0586	-1
28928.1699	-1
28937.2812	-1
28946.3926	-1
28955.5039	-1
28964.6152	-1
28973.7266	-1
28982.8379	-1
28991.9492	-1
29001.0605	-1
29010.1719	-1
29019.2832	-1
29028.3945	-1
29037.5059	-1
29046.6172	-1
29055.7285	-1
29064.8398	-1
29073.9512	-1
29083.0625	-1
29092.1758	-1
29101.2891	-1
29110.4023	-1
29119.5156	-1
29128.6289	-1
29137.7422	-1
29146.8555	-1
29155.9688	-1
29165.0820	-1
29174.1953	-1
29183.3086	-1
29192.4219	-1
29201.5352	-1
29210.6484	-1
29219.7617	-1
29228.8750	-1
29237.9883	-1
29247.1016	-1
29256.2148	-1
29265.3281	-1
29274.4414	-1
29283.5547	-1
29292.6680	-1
29301.7812	-1
29310.8945	-1
29320.0078	-1
29329.1211	-1
29338.2344	-1
29347.3477	-1
29356.4609	-1
29365.5742	-1
29374.6875	-1
29383.8008	-1
29392.9141	-1
29402.0273	-1
29411.1406	-1
29420.2539	-1
29429.3672	-1
29438.4805	-1
29447.5938	-1
29456.7070	-1
29465.8203	-1
29474.9336	-1
29484.0469	-1
29493.1602	-1
29502.2734	-1
29511.3867	-1
29520.5000	-1
29529.6133	-1
29538.7266	-1
29547.8398	-1
29556.9531	-1
29567.9570	1
29578.9609	-1
