0.0000	0
0.1052	1
0.3888	888
1.0331	888
1.1046	888
1.4145	888
1.4725	888
1.7609	888
1.8063	888
1.9610	888
2.0949	888
2.1183	888
2.5419	888
2.7697	888
2.7933	888
4.2621	888
7.4736	1
14.8437	-1
15.2265	-888
16.4928	-888
17.1818	-888
17.6733	-888
17.7876	-888
18.0208	-888
18.2593	-888
18.2845	-888
18.4675	-888
18.5525	-888
18.6683	-888
18.7514	-888
18.7883	-888
18.8914	-888
19.0393	-888
19.2580	-888
19.3838	-888
19.4458	-888
19.8271	-888
20.2908	-888
20.3433	-888
20.4584	-888
20.4883	-888
20.5494	-888
20.5597	-888
20.6542	-888
20.7211	-888
20.8351	-888
21.1085	-888
21.1397	-888
21.2397	-888
21.2527	-888
21.6192	-888
21.7234	-888
21.8240	-888
21.8860	-888
21.9005	-888
21.9489	-888
22.0480	-888
22.1370	-888
22.2142	1
22.3013	-888
22.3888	-888
22.5370	-888
23.1136	-888
23.4345	-888
23.7381	-888
23.9696	-888
24.2161	-888
24.6211	-888
24.7614	-888
24.9294	-888
25.0170	-888
25.0194	-888
25.0542	-888
25.1264	-888
25.2137	-888
25.2747	-888
25.3509	-888
25.4473	-888
25.8229	-888
26.0481	-888
27.5721	-888
27.7100	-888
27.7538	-888
27.9623	-888
28.0063	-888
29.4542	-888
29.4548	-888
29.5846	1
29.6954	-888
29.8740	-888
29.9054	-888
30.9306	-888
31.6980	-888
32.0902	-888
32.2763	-888
33.5662	-888
34.3879	-888
34.4003	-888
36.9565	-1
44.3283	-1
51.7001	-1
59.0719	-1
66.4438	-1
73.8156	-1
81.1876	-1
88.5595	-1
95.9314	-1
103.3034	-1
110.6753	-1
118.0473	-1
125.4195	1
132.7918	1
140.1642	1
147.5365	1
154.9105	-1
162.2844	-1
169.6584	-1
177.0324	-1
184.4064	-1
191.7803	-1
199.1544	-1
206.5285	-1
213.9026	-1
221.2767	-1
228.6508	-1
236.0248	-1
243.3990	-1
250.7732	-1
258.1474	-1
265.5216	-1
272.8958	-1
280.2701	-1
287.6443	-1
295.0186	-1
302.3929	-1
309.7672	-1
317.1415	-1
324.5158	-1
331.8904	1
339.2649	1
346.6395	1
354.0142	1
361.3890	1
368.7638	1
376.1386	1
383.5134	1
390.8899	-1
398.2663	-1
405.6427	-1
413.0192	-1
420.3956	-1
427.7721	-1
435.1490	-1
442.5258	-1
449.9027	-1
457.2797	-1
464.6566	-1
472.0335	-1
479.4115	1
486.7896	1
494.1677	1
501.5459	1
508.9241	-1
516.3024	-1
523.6807	-1
531.0590	-1
538.4373	-1
545.8156	-1
553.1940	-1
560.5725	-1
567.9510	-1
575.3295	-1
582.7079	-1
590.0864	-1
597.4650	-1
604.8436	-1
612.2222	-1
619.6008	-1
626.9794	-1
634.3580	-1
641.7368	-1
649.1156	-1
656.4944	-1
663.8732	-1
671.2520	-1
678.6307	-1
686.0097	-1
693.3887	-1
700.7676	-1
708.1466	-1
715.5256	-1
722.9045	-1
730.2836	-1
737.6627	-1
745.0418	-1
752.4209	-1
759.8000	-1
767.1791	-1
774.5586	1
781.9387	1
789.3192	1
796.7002	-1
804.0812	-1
811.4623	-1
818.8433	-1
826.2244	-1
833.6054	-1
840.9872	-1
848.3691	-1
855.7509	-1
863.1328	-1
870.5146	-1
877.8964	-1
885.2785	-1
892.6606	-1
900.0427	-1
907.4247	-1
914.8068	-1
922.1889	-1
929.5712	-1
936.9536	-1
944.3359	-1
951.7182	-1
959.1005	-1
966.4828	-1
973.8654	-1
981.2479	-1
988.6305	-1
996.0131	-1
1003.3956	-1
1010.7782	-1
1018.1613	-1
1025.5443	-1
1032.9274	-1
1040.3104	-1
1047.6935	-1
1055.0765	-1
1062.4598	-1
1069.8431	-1
1077.2264	-1
1084.6097	-1
1091.9930	-1
1099.3876	1
1106.7832	-1
1114.1792	1
1121.5752	1
1128.9723	-1
1136.3694	-1
1143.7665	-1
1151.1636	-1
1158.5607	-1
1165.9578	-1
1173.3550	-1
1180.7522	-1
1188.1494	-1
1195.5466	-1
1202.9438	-1
1210.3411	-1
1217.7385	1
1225.1361	1
1232.5337	1
1239.9313	1
1247.3304	-1
1254.7296	-1
1262.1288	-1
1269.5280	-1
1276.9271	-1
1284.3263	-1
1291.7256	-1
1299.1249	-1
1306.5242	-1
1313.9235	-1
1321.3228	-1
1328.7220	-1
1336.1215	-1
1343.5209	-1
1350.9203	-1
1358.3197	-1
1365.7191	-1
1373.1185	-1
1380.5181	-1
1387.9176	-1
1395.3171	-1
1402.7167	-1
1410.1162	-1
1417.5157	-1
1424.9154	1
1432.3152	1
1439.7150	1
1447.1149	1
1454.5148	1
1461.9147	1
1469.3147	1
1476.7147	1
1484.1173	-1
1491.5199	-1
1498.9225	-1
1506.3251	-1
1513.7277	-1
1521.1304	-1
1528.5331	-1
1535.9358	-1
1543.3385	-1
1550.7413	-1
1558.1442	-1
1565.5470	-1
1572.9501	-1
1580.3531	-1
1587.7562	-1
1595.1593	-1
1602.5624	-1
1609.9655	-1
1617.3687	-1
1624.7719	-1
1632.1750	-1
1639.5782	-1
1646.9814	-1
1654.3846	-1
1661.7880	-1
1669.1913	-1
1676.5946	-1
1683.9979	-1
1691.4012	-1
1698.8046	-1
1706.2080	-1
1713.6115	-1
1721.0149	-1
1728.4183	-1
1735.8218	-1
1743.2252	-1
1750.6288	1
1758.0323	-1
1765.4359	-1
1772.8395	-1
1780.2430	-1
1787.6466	-1
1795.0502	-1
1802.4539	-1
1809.8575	-1
1817.2612	-1
1824.6649	-1
1832.0686	-1
1839.4723	-1
1846.8772	-1
1854.2821	-1
1861.6870	-1
1869.1024	1
1876.5189	-1
1883.9358	1
1891.3527	1
1898.7701	-1
1906.1876	-1
1913.6051	-1
1921.0226	-1
1928.4401	-1
1935.8575	-1
1943.2751	-1
1950.6927	-1
1958.1104	-1
1965.5280	-1
1972.9456	-1
1980.3632	-1
1987.7810	1
1995.1989	1
2002.6168	1
2010.0348	1
2017.4534	-1
2024.8719	-1
2032.2905	-1
2039.7091	-1
2047.1277	-1
2054.5461	-1
2061.9648	-1
2069.3835	-1
2076.8022	-1
2084.2209	-1
2091.6396	-1
2099.0583	-1
2106.4771	-1
2113.8958	-1
2121.3145	-1
2128.7332	-1
2136.1519	-1
2143.5706	-1
2150.9895	-1
2158.4084	-1
2165.8274	-1
2173.2463	-1
2180.6653	-1
2188.0842	-1
2195.5034	1
2202.9226	1
2210.3423	-1
2217.7620	-1
2225.1816	-1
2232.6013	-1
2240.0210	-1
2247.4407	-1
2254.8604	-1
2262.2800	-1
2269.6997	-1
2277.1296	1
2284.5608	-1
2291.9922	1
2299.4236	1
2306.8557	-1
2314.2881	-1
2321.7302	1
2329.1736	-1
2336.6172	1
2344.0608	1
2351.5056	-1
2358.9504	-1
2366.3953	-1
2373.8401	-1
2381.2849	-1
2388.7297	-1
2396.1746	-1
2403.6194	-1
2411.0642	-1
2418.5090	-1
2425.9539	-1
2433.3989	-1
2440.8442	1
2448.2896	1
2455.7349	1
2463.1802	1
2470.6270	-1
2478.0737	-1
2485.5205	-1
2492.9673	-1
2500.4141	-1
2507.8608	-1
2515.3079	-1
2522.7549	-1
2530.2019	-1
2537.6489	-1
2545.0959	-1
2552.5430	-1
2559.9905	-1
2567.4380	1
2574.8855	-1
2582.3330	-1
2589.7805	-1
2597.2280	-1
2604.6755	-1
2612.1230	1
2619.5706	1
2627.0183	1
2634.4661	-1
2641.9138	-1
2649.3616	-1
2656.8093	-1
2664.2571	-1
2671.7048	-1
2679.1531	1
2686.6013	1
2694.0496	1
2701.4978	1
2708.9482	-1
2716.3987	-1
2723.8491	-1
2731.2996	-1
2738.7500	-1
2746.2004	-1
2753.6514	-1
2761.1023	-1
2768.5532	-1
2776.0042	-1
2783.4551	-1
2790.9060	-1
2798.3569	-1
2805.8079	-1
2813.2588	-1
2820.7097	-1
2828.1606	-1
2835.6116	-1
2843.0627	-1
2850.5139	-1
2857.9651	-1
2865.4163	-1
2872.8674	-1
2880.3186	-1
2887.7700	1
2895.2217	1
2902.6733	1
2910.1250	1
2917.5769	1
2925.0291	1
2932.4812	-1
2939.9333	-1
2947.3855	-1
2954.8376	-1
2962.2898	-1
2969.7419	-1
2977.1943	-1
2984.6467	-1
2992.0991	-1
2999.5515	-1
3007.0039	-1
3014.4563	-1
3021.9087	-1
3029.3611	-1
3036.8135	-1
3044.2659	-1
3051.7183	-1
3059.1707	-1
3066.6233	-1
3074.0759	-1
3081.5286	-1
3088.9812	-1
3096.4338	-1
3103.8865	-1
3111.3406	-1
3118.7947	-1
3126.2488	-1
3133.7029	-1
3141.1570	-1
3148.6111	-1
3156.0662	-1
3163.5212	-1
3170.9763	-1
3178.4314	-1
3185.8865	-1
3193.3416	-1
3200.7971	-1
3208.2527	-1
3215.7083	-1
3223.1638	-1
3230.6194	-1
3238.0750	-1
3245.5308	-1
3252.9866	-1
3260.4424	-1
3267.8982	-1
3275.3540	-1
3282.8098	-1
3290.2656	-1
3297.7214	-1
3305.1772	-1
3312.6331	-1
3320.0889	-1
3327.5447	-1
3335.0007	-1
3342.4568	-1
3349.9226	1
3357.3896	-1
3364.8569	1
3372.3245	1
3379.7925	-1
3387.2605	-1
3394.7285	-1
3402.1970	-1
3409.6748	1
3417.1536	-1
3424.6328	1
3432.1121	1
3439.5918	-1
3447.0715	-1
3454.5513	-1
3462.0310	-1
3469.5112	-1
3477.0020	1
3484.4939	-1
3491.9863	1
3499.4788	1
3506.9717	-1
3514.4646	-1
3521.9575	-1
3529.4504	-1
3536.9434	-1
3544.4363	-1
3551.9294	-1
3559.4226	-1
3566.9158	-1
3574.4089	-1
3581.9021	-1
3589.3953	-1
3596.8887	1
3604.3821	1
3611.8755	1
3619.3689	1
3626.8630	-1
3634.3572	-1
3641.8513	-1
3649.3455	-1
3656.8396	-1
3664.3337	-1
3671.8279	-1
3679.3220	-1
3686.8162	-1
3694.3103	-1
3701.8044	-1
3709.2986	-1
3716.7930	-1
3724.2874	-1
3731.7817	-1
3739.2761	-1
3746.7705	-1
3754.2649	-1
3761.7595	-1
3769.2542	-1
3776.7488	-1
3784.2434	-1
3791.7380	-1
3799.2327	-1
3806.7275	1
3814.2224	1
3821.7173	1
3829.2122	1
3836.7073	1
3844.2024	1
3851.6975	1
3859.1926	1
3866.6882	-1
3874.1838	-1
3881.6794	-1
3889.1750	-1
3896.6707	-1
3904.1663	-1
3911.6621	-1
3919.1580	-1
3926.6538	-1
3934.1497	-1
3941.6455	-1
3949.1414	-1
3956.6375	1
3964.1338	1
3971.6304	1
3979.1272	1
3986.6243	-1
3994.1213	-1
4001.6184	-1
4009.1155	-1
4016.6125	-1
4024.1096	-1
4031.6069	-1
4039.1042	-1
4046.6016	-1
4054.0989	-1
4061.5962	-1
4069.0935	-1
4076.5913	-1
4084.0891	-1
4091.5869	-1
4099.0845	-1
4106.5820	-1
4114.0796	-1
4121.5776	-1
4129.0757	-1
4136.5737	-1
4144.0718	-1
4151.5698	-1
4159.0679	-1
4166.5659	-1
4174.0640	-1
4181.5620	-1
4189.0601	-1
4196.5581	-1
4204.0562	-1
4211.5542	-1
4219.0522	-1
4226.5503	-1
4234.0483	-1
4241.5464	-1
4249.0444	-1
4256.5430	-1
4264.0415	-1
4271.5400	-1
4279.0386	-1
4286.5371	-1
4294.0356	-1
4301.5342	-1
4309.0332	-1
4316.5322	-1
4324.0312	-1
4331.5303	-1
4339.0293	-1
4346.5283	-1
4354.0273	-1
4361.5264	-1
4369.0254	-1
4376.5244	-1
4384.0234	-1
4391.5225	-1
4399.0215	-1
4406.5205	-1
4414.0293	1
4421.5396	-1
4429.0503	1
4436.5610	1
4444.0728	-1
4451.5845	-1
4459.0962	-1
4466.6079	-1
4474.1196	-1
4481.6313	-1
4489.1436	-1
4496.6558	-1
4504.1680	-1
4511.6802	-1
4519.1924	-1
4526.7046	-1
4534.2168	1
4541.7290	1
4549.2417	1
4556.7544	1
4564.2686	-1
4571.7827	-1
4579.2969	-1
4586.8110	-1
4594.3252	-1
4601.8394	-1
4609.3535	-1
4616.8677	-1
4624.3818	-1
4631.8960	-1
4639.4102	-1
4646.9243	-1
4654.4385	-1
4661.9526	-1
4669.4668	-1
4676.9810	-1
4684.4951	-1
4692.0093	-1
4699.5234	-1
4707.0376	-1
4714.5518	-1
4722.0659	-1
4729.5801	-1
4737.0947	-1
4744.6099	1
4752.1250	1
4759.6401	1
4767.1553	1
4774.6704	1
4782.1855	1
4789.7026	-1
4797.2197	-1
4804.7368	-1
4812.2539	-1
4819.7710	-1
4827.2881	-1
4834.8057	-1
4842.3232	-1
4849.8408	-1
4857.3584	-1
4864.8760	-1
4872.3936	-1
4879.9111	-1
4887.4287	-1
4894.9463	-1
4902.4639	-1
4909.9814	-1
4917.4990	-1
4925.0166	-1
4932.5342	-1
4940.0518	-1
4947.5693	-1
4955.0869	-1
4962.6045	-1
4970.1226	-1
4977.6406	-1
4985.1587	-1
4992.6768	-1
5000.1948	-1
5007.7129	-1
5015.2310	-1
5022.7490	-1
5030.2671	-1
5037.7954	1
5045.3247	-1
5052.8545	1
5060.3843	1
5067.9150	-1
5075.4458	-1
5082.9766	-1
5090.5073	-1
5098.0381	-1
5105.5688	-1
5113.1001	-1
5120.6313	-1
5128.1626	-1
5135.6938	-1
5143.2251	-1
5150.7563	-1
5158.2876	1
5165.8188	1
5173.3501	1
5180.8818	1
5188.4146	-1
5195.9473	-1
5203.4800	-1
5211.0127	-1
5218.5454	-1
5226.0781	-1
5233.6113	1
5241.1445	1
5248.6782	-1
5256.2119	-1
5263.7456	-1
5271.2793	-1
5278.8130	-1
5286.3467	-1
5293.8804	-1
5301.4141	-1
5308.9478	-1
5316.4814	-1
5324.0151	-1
5331.5488	-1
5339.0830	-1
5346.6172	-1
5354.1514	-1
5361.6855	-1
5369.2197	-1
5376.7539	-1
5384.2881	1
5391.8228	1
5399.3574	-1
5406.8926	-1
5414.4277	-1
5421.9629	-1
5429.4980	-1
5437.0332	-1
5444.5684	1
5452.1035	1
5459.6387	1
5467.1738	1
5474.7095	-1
5482.2451	-1
5489.7808	-1
5497.3164	-1
5504.8521	-1
5512.3877	-1
5519.9248	-1
5527.4619	-1
5534.9990	-1
5542.5361	-1
5550.0732	-1
5557.6104	-1
5565.1475	-1
5572.6846	-1
5580.2217	-1
5587.7588	-1
5595.2959	-1
5602.8330	-1
5610.3711	-1
5617.9092	-1
5625.4473	-1
5632.9854	-1
5640.5234	-1
5648.0615	-1
5655.5996	-1
5663.1377	-1
5670.6758	-1
5678.2139	-1
5685.7520	-1
5693.2900	-1
5700.8286	-1
5708.3672	-1
5715.9058	-1
5723.4443	-1
5730.9829	-1
5738.5215	-1
5746.0601	-1
5753.6084	1
5761.1582	-1
5768.7080	1
5776.2583	1
5783.8091	-1
5791.3599	-1
5798.9106	-1
5806.4614	-1
5814.0122	-1
5821.5630	-1
5829.1143	-1
5836.6748	1
5844.2363	-1
5851.7983	1
5859.3604	1
5866.9233	-1
5874.4863	-1
5882.0493	-1
5889.6221	1
5897.1958	-1
5904.7695	1
5912.3438	1
5919.9189	-1
5927.4941	-1
5935.0693	-1
5942.6445	-1
5950.2295	1
5957.8154	-1
5965.4019	1
5972.9883	1
5980.5752	-1
5988.1621	-1
5995.7505	-1
6003.3467	1
6010.9443	-1
6018.5420	1
6026.1401	1
6033.7388	-1
6041.3379	-1
6048.9458	1
6056.5547	-1
6064.1641	1
6071.7734	1
6079.3838	-1
6086.9941	-1
6094.6143	1
6102.2354	-1
6109.8569	1
6117.4785	1
6125.1011	-1
6132.7236	-1
6140.3462	-1
6147.9688	-1
6155.6011	1
6163.2344	-1
6170.8682	1
6178.5020	1
6186.1362	-1
6193.7705	-1
6201.4048	-1
6209.0396	-1
6216.6831	1
6224.3281	-1
6231.9736	1
6239.6191	1
6247.2656	-1
6254.9121	-1
6262.5586	-1
6270.2144	1
6277.8716	-1
6285.5288	1
6293.1860	1
6300.8447	-1
6308.5034	-1
6316.1621	-1
6323.8208	-1
6331.4795	-1
6339.1382	-1
6346.7969	-1
6354.4556	-1
6362.1143	-1
6369.7729	-1
6377.4316	-1
6385.0903	-1
6392.7490	1
6400.4082	1
6408.0684	-1
6415.7285	-1
6423.3887	-1
6431.0488	-1
6438.7090	-1
6446.3691	-1
6454.0293	-1
6461.6987	1
6469.3696	-1
6477.0405	1
6484.7119	1
6492.3833	-1
6500.0557	-1
6507.7373	1
6515.4204	-1
6523.1035	1
6530.7866	1
6538.4702	-1
6546.1538	-1
6553.8384	-1
6561.5322	1
6569.2275	-1
6576.9229	1
6584.6182	1
6592.3140	-1
6600.0098	-1
6607.7056	-1
6615.4014	-1
6623.0972	-1
6630.7930	-1
6638.4893	-1
6646.1855	-1
6653.8818	-1
6661.5879	1
6669.2954	-1
6677.0029	1
6684.7104	1
6692.4185	-1
6700.1265	-1
6707.8345	-1
6715.5425	-1
6723.2505	-1
6730.9585	-1
6738.6670	-1
6746.3755	-1
6754.0840	-1
6761.7925	-1
6769.5010	-1
6777.2095	-1
6784.9180	1
6792.6265	1
6800.3350	1
6808.0439	1
6815.7534	-1
6823.4629	-1
6831.1724	-1
6838.8818	-1
6846.5913	-1
6854.3008	-1
6862.0103	-1
6869.7197	-1
6877.4292	-1
6885.1387	-1
6892.8481	-1
6900.5576	-1
6908.2676	1
6915.9775	1
6923.6875	1
6931.3975	1
6939.1074	-1
6946.8174	-1
6954.5273	-1
6962.2373	-1
6969.9473	-1
6977.6572	-1
6985.3677	-1
6993.0781	-1
7000.7886	-1
7008.4990	-1
7016.2095	-1
7023.9199	-1
7031.6304	-1
7039.3408	-1
7047.0513	-1
7054.7617	-1
7062.4722	-1
7070.1826	-1
7077.8936	1
7085.6050	-1
7093.3164	-1
7101.0278	-1
7108.7393	-1
7116.4507	-1
7124.1621	-1
7131.8735	-1
7139.5850	-1
7147.2964	-1
7155.0078	-1
7162.7192	-1
7170.4307	-1
7178.1421	-1
7185.8535	-1
7193.5649	-1
7201.2764	-1
7208.9878	-1
7216.6992	-1
7224.4111	-1
7232.1230	-1
7239.8350	-1
7247.5469	-1
7255.2588	-1
7262.9707	-1
7270.6924	1
7278.4155	-1
7286.1387	1
7293.8618	1
7301.5864	-1
7309.3110	-1
7317.0356	-1
7324.7603	-1
7332.4849	-1
7340.2095	-1
7347.9341	-1
7355.6587	-1
7363.3833	-1
7371.1079	-1
7378.8325	-1
7386.5571	-1
7394.2822	1
7402.0073	1
7409.7324	1
7417.4575	1
7425.1841	-1
7432.9106	-1
7440.6372	-1
7448.3638	-1
7456.0903	-1
7463.8169	-1
7471.5439	1
7479.2710	1
7486.9980	-1
7494.7251	-1
7502.4521	-1
7510.1792	-1
7517.9062	-1
7525.6333	-1
7533.3604	-1
7541.0874	-1
7548.8145	-1
7556.5415	-1
7564.2686	-1
7571.9956	-1
7579.7231	-1
7587.4507	-1
7595.1782	-1
7602.9058	-1
7610.6333	-1
7618.3608	-1
7626.0894	-1
7633.8179	-1
7641.5464	-1
7649.2749	-1
7657.0034	-1
7664.7319	-1
7672.4604	-1
7680.1890	-1
7687.9277	1
7695.6680	-1
7703.4082	1
7711.1484	1
7718.8901	-1
7726.6318	-1
7734.3735	-1
7742.1152	-1
7749.8569	-1
7757.5986	-1
7765.3403	-1
7773.0820	-1
7780.8237	-1
7788.5654	-1
7796.3071	-1
7804.0488	-1
7811.7910	1
7819.5332	1
7827.2754	1
7835.0176	1
7842.7612	-1
7850.5049	-1
7858.2485	-1
7865.9922	-1
7873.7358	-1
7881.4795	-1
7889.2231	-1
7896.9668	-1
7904.7104	-1
7912.4541	-1
7920.1978	-1
7927.9414	-1
7935.6855	-1
7943.4297	-1
7951.1738	-1
7958.9180	-1
7966.6621	-1
7974.4062	-1
7982.1504	-1
7989.8945	-1
7997.6387	-1
8005.3828	-1
8013.1270	-1
8020.8711	-1
8028.6152	1
8036.3594	1
8044.1035	1
8051.8481	1
8059.5928	1
8067.3374	1
8075.0825	1
8082.8276	1
8090.5747	-1
8098.3218	-1
8106.0688	-1
8113.8159	-1
8121.5630	-1
8129.3101	-1
8137.0576	-1
8144.8052	-1
8152.5527	-1
8160.3003	-1
8168.0479	-1
8175.7954	-1
8183.5430	-1
8191.2905	-1
8199.0381	-1
8206.7852	-1
8214.5322	-1
8222.2793	-1
8230.0273	-1
8237.7754	-1
8245.5234	-1
8253.2715	-1
8261.0195	-1
8268.7676	-1
8276.5156	-1
8284.2637	-1
8292.0117	-1
8299.7598	-1
8307.5078	-1
8315.2559	-1
8323.0039	-1
8330.7520	-1
8338.5000	-1
8346.2480	-1
8353.9961	-1
8361.7441	-1
8369.4922	-1
8377.2402	-1
8384.9883	-1
8392.7363	-1
8400.4844	-1
8408.2324	-1
8415.9805	1
8423.7305	-1
8431.4805	-1
8439.2305	-1
8446.9805	-1
8454.7305	-1
8462.4805	-1
8470.2305	-1
8477.9805	-1
8485.7305	-1
8493.4805	-1
8501.2305	-1
8508.9912	1
8516.7539	-1
8524.5166	1
8532.2793	1
8540.0430	-1
8547.8066	-1
8555.5703	-1
8563.3340	-1
8571.0977	-1
8578.8613	-1
8586.6250	-1
8594.3887	-1
8602.1523	-1
8609.9160	-1
8617.6797	-1
8625.4434	-1
8633.2080	1
8640.9727	1
8648.7373	1
8656.5020	1
8664.2676	-1
8672.0332	-1
8679.7988	-1
8687.5645	-1
8695.3301	-1
8703.0957	-1
8710.8613	-1
8718.6270	-1
8726.3926	-1
8734.1582	-1
8741.9238	-1
8749.6895	-1
8757.4551	-1
8765.2207	-1
8772.9863	-1
8780.7520	-1
8788.5176	-1
8796.2832	-1
8804.0488	-1
8811.8145	-1
8819.5801	-1
8827.3457	-1
8835.1113	-1
8842.8770	-1
8850.6426	1
8858.4082	1
8866.1748	1
8873.9414	1
8881.7080	1
8889.4746	1
8897.2412	-1
8905.0078	-1
8912.7744	-1
8920.5410	-1
8928.3076	-1
8936.0742	-1
8943.8408	1
8951.6074	1
8959.3750	1
8967.1426	1
8974.9102	-1
8982.6777	-1
8990.4453	-1
8998.2129	-1
9005.9805	-1
9013.7480	-1
9021.5156	-1
9029.2832	-1
9037.0508	-1
9044.8184	-1
9052.5859	-1
9060.3535	-1
9068.1211	-1
9075.8887	-1
9083.6562	-1
9091.4238	-1
9099.1914	-1
9106.9590	-1
9114.7275	-1
9122.4961	-1
9130.2646	-1
9138.0332	-1
9145.8018	-1
9153.5703	-1
9161.3389	-1
9169.1074	-1
9176.8760	-1
9184.6445	-1
9192.4131	-1
9200.1816	-1
9207.9512	-1
9215.7207	-1
9223.4902	-1
9231.2598	-1
9239.0293	-1
9246.7988	-1
9254.5684	-1
9262.3379	-1
9270.1074	-1
9277.8770	-1
9285.6465	-1
9293.4160	-1
9301.1855	-1
9308.9551	-1
9316.7246	-1
9324.4941	-1
9332.2637	-1
9340.0332	-1
9347.8027	-1
9355.5723	-1
9363.3516	1
9371.1328	-1
9378.9141	1
9386.6953	1
9394.4775	-1
9402.2598	-1
9410.0420	-1
9417.8242	-1
9425.6064	-1
9433.3887	-1
9441.1709	-1
9448.9531	-1
9456.7354	-1
9464.5176	-1
9472.2998	-1
9480.0820	-1
9487.8652	1
9495.6494	-1
9503.4336	-1
9511.2178	-1
9519.0020	-1
9526.7959	1
9534.5908	-1
9542.3857	1
9550.1807	1
9557.9766	-1
9565.7725	-1
9573.5684	-1
9581.3643	-1
9589.1602	-1
9596.9561	-1
9604.7520	-1
9612.5479	-1
9620.3438	-1
9628.1396	-1
9635.9365	-1
9643.7334	-1
9651.5303	1
9659.3271	1
9667.1250	-1
9674.9229	-1
9682.7207	-1
9690.5186	-1
9698.3164	-1
9706.1143	-1
9713.9121	-1
9721.7100	-1
9729.5176	1
9737.3262	-1
9745.1357	1
9752.9453	1
9760.7549	-1
9768.5645	-1
9776.3740	-1
9784.1836	-1
9791.9932	-1
9799.8027	-1
9807.6123	-1
9815.4219	-1
9823.2314	-1
9831.0410	-1
9838.8506	-1
9846.6602	-1
9854.4707	1
9862.2812	1
9870.0918	1
9877.9023	1
9885.7139	-1
9893.5254	-1
9901.3369	-1
9909.1484	-1
9916.9600	-1
9924.7715	-1
9932.5830	-1
9940.3945	-1
9948.2061	-1
9956.0176	-1
9963.8291	-1
9971.6406	-1
9979.4521	-1
9987.2637	-1
9995.0752	-1
10002.8867	-1
10010.6982	-1
10018.5098	-1
10026.3213	-1
10034.1328	-1
10041.9443	-1
10049.7559	-1
10057.5674	-1
10065.3789	-1
10073.1904	1
10081.0020	1
10088.8135	1
10096.6250	1
10104.4375	1
10112.2500	1
10120.0625	1
10127.8750	1
10135.6875	-1
10143.5000	-1
10151.3125	-1
10159.1250	-1
10166.9375	-1
10174.7500	-1
10182.5635	1
10190.3770	1
10198.1914	-1
10206.0059	-1
10213.8203	-1
10221.6348	-1
10229.4492	-1
10237.2637	-1
10245.0781	-1
10252.8926	-1
10260.7070	-1
10268.5215	-1
10276.3359	-1
10284.1504	-1
10291.9648	-1
10299.7793	-1
10307.5938	-1
10315.4082	-1
10323.2227	-1
10331.0371	-1
10338.8516	-1
10346.6660	-1
10354.4805	-1
10362.2949	-1
10370.1094	-1
10377.9238	-1
10385.7383	-1
10393.5527	-1
10401.3672	-1
10409.1816	-1
10416.9961	-1
10424.8105	-1
10432.6250	-1
10440.4395	-1
10448.2539	-1
10456.0684	-1
10463.8828	-1
10471.6973	-1
10479.5127	-1
10487.3281	-1
10495.1436	-1
10502.9590	-1
10510.7744	-1
10518.5898	-1
10526.4053	-1
10534.2207	-1
10542.0361	-1
10549.8516	-1
10557.6670	-1
10565.4824	-1
10573.2979	-1
10581.1133	-1
10588.9287	-1
10596.7441	-1
10604.5596	-1
10612.3750	-1
10620.1904	1
10628.0059	1
10635.8213	1
10643.6367	1
10651.4521	1
10659.2676	1
10667.0830	1
10674.8984	1
10682.7139	1
10690.5293	1
10698.3457	1
10706.1621	1
10713.9785	1
10721.7949	1
10729.6113	1
10737.4277	-1
10745.2441	-1
10753.0605	-1
10760.8779	-1
10768.6953	-1
10776.5127	-1
10784.3301	-1
10792.1475	-1
10799.9648	-1
10807.7822	-1
10815.5996	-1
10823.4170	-1
10831.2354	-1
10839.0537	-1
10846.8721	-1
10854.6904	-1
10862.5088	-1
10870.3271	-1
10878.1465	-1
10885.9658	-1
10893.7852	-1
10901.6045	-1
10909.4238	-1
10917.2432	-1
10925.0625	-1
10932.8818	-1
10940.7012	-1
10948.5205	-1
10956.3398	-1
10964.1592	-1
10971.9785	-1
10979.7979	-1
10987.6172	-1
10995.4365	-1
11003.2559	-1
11011.0752	-1
11018.8945	-1
11026.7139	-1
11034.5332	-1
11042.3525	-1
11050.1719	-1
11057.9912	-1
11065.8105	-1
11073.6299	-1
11081.4492	-1
11089.2686	-1
11097.0879	-1
11104.9072	-1
11112.7266	-1
11120.5459	-1
11128.3652	-1
11136.1846	-1
11144.0039	-1
11151.8232	-1
11159.6426	-1
11167.4619	-1
11175.2812	-1
11183.1006	-1
11190.9199	-1
11198.7393	-1
11206.5586	-1
11214.3779	-1
11222.1973	-1
11230.0166	-1
11237.8359	-1
11245.6553	-1
11253.4756	-1
11261.2959	-1
11269.1162	-1
11276.9365	-1
11284.7568	-1
11292.5771	-1
11300.3975	-1
11308.2178	-1
11316.0381	-1
11323.8584	-1
11331.6787	-1
11339.4990	-1
11347.3193	-1
11355.1396	-1
11362.9600	-1
11370.7803	-1
11378.6006	-1
11386.4209	-1
11394.2412	-1
11402.0615	-1
11409.8818	-1
11417.7021	-1
11425.5225	-1
11433.3428	-1
11441.1729	1
11449.0049	-1
11456.8369	1
11464.6689	1
11472.5020	-1
11480.3350	-1
11488.1680	-1
11496.0010	-1
11503.8340	-1
11511.6670	-1
11519.5000	-1
11527.3330	-1
11535.1660	-1
11542.9990	-1
11550.8320	-1
11558.6650	-1
11566.4990	1
11574.3330	1
11582.1670	1
11590.0010	1
11597.8359	-1
11605.6709	-1
11613.5059	-1
11621.3408	-1
11629.1758	-1
11637.0107	-1
11644.8467	-1
11652.6826	-1
11660.5186	-1
11668.3545	-1
11676.1904	-1
11684.0264	-1
11691.8623	-1
11699.6982	-1
11707.5342	-1
11715.3701	-1
11723.2061	-1
11731.0420	-1
11738.8779	-1
11746.7139	-1
11754.5498	-1
11762.3857	-1
11770.2217	-1
11778.0576	-1
11785.8936	1
11793.7295	1
11801.5654	1
11809.4014	1
11817.2373	1
11825.0732	1
11832.9092	1
11840.7451	1
11848.5830	-1
11856.4209	-1
11864.2588	-1
11872.0967	-1
11879.9346	-1
11887.7725	-1
11895.6104	1
11903.4492	1
11911.2891	-1
11919.1289	-1
11926.9688	-1
11934.8086	-1
11942.6484	-1
11950.4883	-1
11958.3281	-1
11966.1680	-1
11974.0078	-1
11981.8477	-1
11989.6875	-1
11997.5273	-1
12005.3682	-1
12013.2090	-1
12021.0498	-1
12028.8906	-1
12036.7314	-1
12044.5723	-1
12052.4131	-1
12060.2539	-1
12068.0947	-1
12075.9355	-1
12083.7764	-1
12091.6172	-1
12099.4580	-1
12107.2988	-1
12115.1396	-1
12122.9805	-1
12130.8213	-1
12138.6621	-1
12146.5029	-1
12154.3438	-1
12162.1846	-1
12170.0254	-1
12177.8662	-1
12185.7070	-1
12193.5479	-1
12201.3887	-1
12209.2295	-1
12217.0703	-1
12224.9111	-1
12232.7520	-1
12240.5938	-1
12248.4355	-1
12256.2773	-1
12264.1191	-1
12271.9609	-1
12279.8027	-1
12287.6445	-1
12295.4863	-1
12303.3281	-1
12311.1816	1
12319.0361	-1
12326.8906	1
12334.7451	1
12342.6006	-1
12350.4561	-1
12358.3115	-1
12366.1670	-1
12374.0225	-1
12381.8779	-1
12389.7334	-1
12397.5889	-1
12405.4561	1
12413.3242	-1
12421.1924	1
12429.0605	1
12436.9307	-1
12444.8008	-1
12452.6709	-1
12460.5410	-1
12468.4111	-1
12476.2812	-1
12484.1514	-1
12492.0215	-1
12499.8916	-1
12507.7617	-1
12515.6318	-1
12523.5020	-1
12531.3721	1
12539.2422	1
12547.1123	1
12554.9824	1
12562.8545	-1
12570.7266	-1
12578.5986	-1
12586.4707	-1
12594.3428	-1
12602.2148	-1
12610.0869	-1
12617.9590	-1
12625.8311	-1
12633.7031	-1
12641.5752	-1
12649.4473	-1
12657.3193	1
12665.1914	1
12673.0645	-1
12680.9375	-1
12688.8105	-1
12696.6836	-1
12704.5566	-1
12712.4297	-1
12720.3027	-1
12728.1758	-1
12736.0488	-1
12743.9219	-1
12751.7949	-1
12759.6680	-1
12767.5410	1
12775.4141	1
12783.2871	1
12791.1602	1
12799.0332	1
12806.9062	1
12814.7803	-1
12822.6543	-1
12830.5293	-1
12838.4043	-1
12846.2793	-1
12854.1543	-1
12862.0293	1
12869.9053	1
12877.7822	-1
12885.6592	-1
12893.5361	-1
12901.4131	-1
12909.2900	-1
12917.1670	-1
12925.0439	-1
12932.9209	-1
12940.7979	-1
12948.6748	-1
12956.5518	-1
12964.4287	-1
12972.3057	-1
12980.1826	-1
12988.0596	-1
12995.9365	-1
13003.8135	-1
13011.6904	-1
13019.5674	-1
13027.4443	-1
13035.3213	-1
13043.1982	-1
13051.0752	-1
13058.9521	-1
13066.8291	-1
13074.7061	-1
13082.5830	-1
13090.4600	-1
13098.3369	-1
13106.2139	-1
13114.0908	-1
13121.9678	-1
13129.8447	-1
13137.7217	-1
13145.5986	-1
13153.4756	-1
13161.3535	1
13169.2314	1
13177.1094	1
13184.9873	1
13192.8652	1
13200.7432	1
13208.6211	1
13216.5000	-1
13224.3789	-1
13232.2578	-1
13240.1367	-1
13248.0156	-1
13255.8945	-1
13263.7734	-1
13271.6523	-1
13279.5312	-1
13287.4102	-1
13295.2891	-1
13303.1680	-1
13311.0498	-1
13318.9316	-1
13326.8135	-1
13334.6953	-1
13342.5771	-1
13350.4590	-1
13358.3408	-1
13366.2227	-1
13374.1045	-1
13381.9863	-1
13389.8682	-1
13397.7500	-1
13405.6328	-1
13413.5156	-1
13421.3984	-1
13429.2812	-1
13437.1641	-1
13445.0469	-1
13452.9297	-1
13460.8125	-1
13468.6953	-1
13476.5781	-1
13484.4609	-1
13492.3438	-1
13500.2266	-1
13508.1094	-1
13515.9922	-1
13523.8750	-1
13531.7578	-1
13539.6406	-1
13547.5234	-1
13555.4062	-1
13563.2891	-1
13571.1719	-1
13579.0547	-1
13586.9375	-1
13594.8203	-1
13602.7031	-1
13610.5859	-1
13618.4688	-1
13626.3516	-1
13634.2344	-1
13642.1172	-1
13650.0000	-1
13657.8828	-1
13665.7773	1
13673.6729	-1
13681.5693	1
13689.4658	1
13697.3633	-1
13705.2607	-1
13713.1582	-1
13721.0557	-1
13728.9531	-1
13736.8506	-1
13744.7480	-1
13752.6455	-1
13760.5430	-1
13768.4404	-1
13776.3379	-1
13784.2354	-1
13792.1328	1
13800.0303	1
13807.9287	-1
13815.8271	-1
13823.7256	-1
13831.6240	-1
13839.5225	-1
13847.4209	-1
13855.3193	-1
13863.2188	-1
13871.1279	1
13879.0381	-1
13886.9492	1
13894.8604	1
13902.7715	-1
13910.6826	-1
13918.5938	-1
13926.5049	-1
13934.4160	-1
13942.3271	-1
13950.2383	-1
13958.1494	-1
13966.0605	-1
13973.9717	-1
13981.8828	-1
13989.7939	-1
13997.7061	1
14005.6182	1
14013.5303	-1
14021.4424	-1
14029.3545	-1
14037.2666	-1
14045.1787	-1
14053.0908	-1
14061.0029	-1
14068.9150	-1
14076.8271	-1
14084.7500	1
14092.6738	-1
14100.5977	1
14108.5225	1
14116.4473	-1
14124.3721	-1
14132.2969	-1
14140.2217	-1
14148.1465	-1
14156.0713	-1
14163.9961	-1
14171.9209	-1
14179.8457	-1
14187.7705	-1
14195.6953	-1
14203.6201	-1
14211.5459	1
14219.4717	1
14227.3975	1
14235.3232	1
14243.2500	-1
14251.1768	-1
14259.1035	-1
14267.0303	-1
14274.9570	-1
14282.8838	-1
14290.8105	-1
14298.7373	-1
14306.6641	-1
14314.5908	-1
14322.5176	-1
14330.4443	-1
14338.3711	-1
14346.2979	-1
14354.2246	-1
14362.1514	-1
14370.0781	-1
14378.0049	-1
14385.9316	-1
14393.8584	-1
14401.7852	-1
14409.7119	-1
14417.6387	-1
14425.5654	-1
14433.4922	1
14441.4189	1
14449.3457	1
14457.2725	1
14465.1992	1
14473.1260	1
14481.0527	1
14488.9795	1
14496.9082	-1
14504.8369	-1
14512.7656	-1
14520.6943	-1
14528.6230	-1
14536.5518	-1
14544.4805	-1
14552.4092	-1
14560.3379	-1
14568.2666	-1
14576.1953	-1
14584.1240	-1
14592.0527	-1
14599.9814	-1
14607.9102	-1
14615.8389	-1
14623.7676	-1
14631.6963	-1
14639.6250	-1
14647.5537	-1
14655.4824	-1
14663.4111	-1
14671.3398	-1
14679.2686	-1
14687.1973	1
14695.1270	-1
14703.0566	-1
14710.9863	-1
14718.9160	-1
14726.8457	-1
14734.7754	-1
14742.7051	-1
14750.6348	-1
14758.5645	-1
14766.4941	-1
14774.4238	-1
14782.3535	-1
14790.2832	-1
14798.2129	-1
14806.1426	-1
14814.0723	-1
14822.0020	-1
14829.9316	-1
14837.8613	1
14845.7910	-1
14853.7207	-1
14861.6504	-1
14869.5801	-1
14877.5098	-1
14885.4395	-1
14893.3691	1
14901.2988	1
14909.2285	1
14917.1582	1
14925.0879	1
14933.0176	1
14940.9482	1
14948.8789	1
14956.8096	1
14964.7402	1
14972.6709	1
14980.6016	1
14988.5322	1
14996.4639	1
15004.3975	-1
15012.3311	-1
15020.2646	-1
15028.1982	-1
15036.1318	-1
15044.0654	-1
15051.9990	-1
15059.9326	-1
15067.8662	-1
15075.7998	-1
15083.7334	-1
15091.6670	-1
15099.6006	-1
15107.5342	-1
15115.4678	-1
15123.4014	-1
15131.3350	-1
15139.2686	-1
15147.2021	-1
15155.1357	-1
15163.0693	-1
15171.0029	-1
15178.9365	-1
15186.8701	-1
15194.8037	-1
15202.7373	-1
15210.6709	-1
15218.6045	-1
15226.5381	-1
15234.4717	-1
15242.4053	-1
15250.3389	-1
15258.2725	-1
15266.2061	-1
15274.1396	-1
15282.0732	-1
15290.0068	-1
15297.9404	-1
15305.8740	-1
15313.8076	-1
15321.7412	-1
15329.6748	-1
15337.6094	-1
15345.5439	-1
15353.4785	-1
15361.4131	-1
15369.3477	-1
15377.2822	-1
15385.2168	-1
15393.1514	-1
15401.0859	-1
15409.0205	-1
15416.9551	-1
15424.8896	-1
15432.8242	-1
15440.7588	-1
15448.6934	-1
15456.6279	-1
15464.5625	-1
15472.4971	-1
15480.4316	-1
15488.3662	-1
15496.3008	-1
15504.2354	-1
15512.1699	-1
15520.1045	-1
15528.0391	-1
15535.9736	-1
15543.9082	-1
15551.8428	-1
15559.7773	-1
15567.7119	-1
15575.6465	-1
15583.5811	-1
15591.5156	-1
15599.4502	-1
15607.3848	-1
15615.3193	-1
15623.2539	1
15631.1885	-1
15639.1230	1
15647.0576	-1
15654.9922	-1
15662.9268	-1
15670.8613	-1
15678.7959	-1
15686.7305	1
15694.6650	1
15702.5996	1
15710.5342	-1
15718.4688	-1
15726.4033	-1
15734.3379	-1
15742.2725	-1
15750.2070	-1
15758.1416	1
15766.0762	1
15774.0117	-1
15781.9473	-1
15789.8828	-1
15797.8184	-1
15805.7539	-1
15813.6895	-1
15821.6260	-1
15829.5625	-1
15837.4990	-1
15845.4355	-1
15853.3721	-1
15861.3086	-1
15869.2451	-1
15877.1816	-1
15885.1182	-1
15893.0547	-1
15900.9912	-1
15908.9277	-1
15916.8652	-1
15924.8027	-1
15932.7402	-1
15940.6777	-1
15948.6152	-1
15956.5527	-1
15964.4902	-1
15972.4277	-1
15980.3652	-1
15988.3027	-1
15996.2402	-1
16004.1777	-1
16012.1152	-1
16020.0527	-1
16027.9902	-1
16035.9277	-1
16043.8652	-1
16051.8027	-1
16059.7402	-1
16067.6777	-1
16075.6152	-1
16083.5527	-1
16091.4902	-1
16099.4277	-1
16107.3652	-1
16115.3135	1
16123.2627	-1
16131.2129	1
16139.1631	1
16147.1143	-1
16155.0654	-1
16163.0166	-1
16170.9678	-1
16178.9189	-1
16186.8701	-1
16194.8213	-1
16202.7725	-1
16210.7236	-1
16218.6748	-1
16226.6260	-1
16234.5771	-1
16242.5391	1
16250.5020	-1
16258.4648	1
16266.4277	1
16274.3926	-1
16282.3574	-1
16290.3223	-1
16298.2871	-1
16306.2520	-1
16314.2168	-1
16322.1816	-1
16330.1465	-1
16338.1113	-1
16346.0762	-1
16354.0410	-1
16362.0059	-1
16369.9707	1
16377.9355	1
16385.9004	1
16393.8652	1
16401.8320	-1
16409.7988	-1
16417.7656	-1
16425.7324	-1
16433.6992	-1
16441.6660	-1
16449.6328	-1
16457.5996	-1
16465.5664	-1
16473.5332	-1
16481.5000	-1
16489.4668	-1
16497.4336	-1
16505.4004	-1
16513.3672	-1
16521.3340	-1
16529.3008	-1
16537.2676	-1
16545.2344	1
16553.2012	1
16561.1680	-1
16569.1348	-1
16577.1016	-1
16585.0684	-1
16593.0352	-1
16601.0020	-1
16608.9707	1
16616.9395	1
16624.9082	1
16632.8770	1
16640.8457	1
16648.8145	1
16656.7832	-1
16664.7520	-1
16672.7207	-1
16680.6895	-1
16688.6582	-1
16696.6270	-1
16704.5977	-1
16712.5684	-1
16720.5391	-1
16728.5098	-1
16736.4805	-1
16744.4512	-1
16752.4219	-1
16760.3926	-1
16768.3633	-1
16776.3340	-1
16784.3047	-1
16792.2754	-1
16800.2461	-1
16808.2168	-1
16816.1875	-1
16824.1582	-1
16832.1289	-1
16840.0996	-1
16848.0703	-1
16856.0410	-1
16864.0117	-1
16871.9824	-1
16879.9531	-1
16887.9238	-1
16895.8945	1
16903.8652	1
16911.8359	1
16919.8066	1
16927.7793	-1
16935.7520	-1
16943.7246	-1
16951.6973	-1
16959.6699	-1
16967.6426	-1
16975.6152	1
16983.5879	1
16991.5605	-1
16999.5332	-1
17007.5059	-1
17015.4785	-1
17023.4512	-1
17031.4238	-1
17039.3965	1
17047.3691	1
17055.3418	1
17063.3145	1
17071.2891	1
17079.2637	1
17087.2383	1
17095.2129	-1
17103.1875	-1
17111.1621	-1
17119.1367	-1
17127.1113	-1
17135.0859	-1
17143.0605	1
17151.0352	-1
17159.0098	-1
17166.9844	-1
17174.9590	-1
17182.9336	-1
17190.9082	-1
17198.8828	-1
17206.8574	-1
17214.8320	-1
17222.8066	-1
17230.7812	-1
17238.7559	-1
17246.7324	1
17254.7090	1
17262.6855	1
17270.6621	1
17278.6387	1
17286.6152	1
17294.5918	-1
17302.5684	-1
17310.5449	-1
17318.5215	-1
17326.4980	-1
17334.4746	-1
17342.4512	-1
17350.4277	-1
17358.4043	-1
17366.3809	-1
17374.3574	-1
17382.3340	-1
17390.3105	-1
17398.2871	-1
17406.2637	-1
17414.2402	-1
17422.2168	-1
17430.1934	-1
17438.1719	1
17446.1504	1
17454.1289	1
17462.1074	1
17470.0859	1
17478.0645	1
17486.0449	-1
17494.0254	-1
17502.0059	-1
17509.9863	-1
17517.9668	-1
17525.9473	-1
17533.9297	-1
17541.9121	-1
17549.8945	-1
17557.8770	-1
17565.8594	-1
17573.8418	-1
17581.8242	-1
17589.8066	-1
17597.7891	-1
17605.7715	-1
17613.7539	-1
17621.7363	-1
17629.7188	-1
17637.7012	-1
17645.6836	-1
17653.6660	-1
17661.6484	-1
17669.6309	-1
17677.6133	-1
17685.5957	-1
17693.5781	-1
17701.5605	-1
17709.5430	-1
17717.5254	-1
17725.5078	-1
17733.4902	-1
17741.4727	-1
17749.4551	-1
17757.4375	-1
17765.4199	-1
17773.4023	-1
17781.3848	-1
17789.3672	-1
17797.3496	-1
17805.3320	-1
17813.3145	-1
17821.2969	-1
17829.2793	-1
17837.2617	-1
17845.2441	-1
17853.2266	-1
17861.2090	-1
17869.1914	-1
17877.1738	-1
17885.1562	-1
17893.1387	-1
17901.1211	-1
17909.1035	-1
17917.0859	-1
17925.0684	-1
17933.0508	-1
17941.0332	-1
17949.0156	-1
17956.9980	-1
17964.9824	1
17972.9668	1
17980.9512	1
17988.9355	1
17996.9199	1
18004.9043	1
18012.8887	1
18020.8730	1
18028.8574	1
18036.8418	1
18044.8262	1
18052.8105	1
18060.7949	1
18068.7793	1
18076.7637	1
18084.7480	1
18092.7324	1
18100.7168	1
18108.7012	1
18116.6855	-1
18124.6699	-1
18132.6543	-1
18140.6387	-1
18148.6230	-1
18156.6074	-1
18164.5918	-1
18172.5762	-1
18180.5605	-1
18188.5449	-1
18196.5293	-1
18204.5137	-1
18212.5000	-1
18220.4863	-1
18228.4727	-1
18236.4590	-1
18244.4453	-1
18252.4316	-1
18260.4180	-1
18268.4043	-1
18276.3906	-1
18284.3770	-1
18292.3633	-1
18300.3496	-1
18308.3359	-1
18316.3223	-1
18324.3086	-1
18332.2949	-1
18340.2812	-1
18348.2676	-1
18356.2539	-1
18364.2402	-1
18372.2266	-1
18380.2129	-1
18388.1992	-1
18396.1855	-1
18404.1719	-1
18412.1582	-1
18420.1445	-1
18428.1309	-1
18436.1172	-1
18444.1035	-1
18452.0898	-1
18460.0762	-1
18468.0625	-1
18476.0488	-1
18484.0352	-1
18492.0215	-1
18500.0078	-1
18507.9941	-1
18515.9805	-1
18523.9668	-1
18531.9531	-1
18539.9395	-1
18547.9258	-1
18555.9121	-1
18563.8984	-1
18571.8848	-1
18579.8711	-1
18587.8574	-1
18595.8438	-1
18603.8301	-1
18611.8164	-1
18619.8027	-1
18627.7891	-1
18635.7754	-1
18643.7676	-1
18651.7598	-1
18659.7520	-1
18667.7441	-1
18675.7363	-1
18683.7285	-1
18691.7227	-1
18699.7168	-1
18707.7109	-1
18715.7051	-1
18723.6992	-1
18731.6934	-1
18739.6875	-1
18747.6816	-1
18755.6758	-1
18763.6699	-1
18771.6641	-1
18779.6582	-1
18787.6523	-1
18795.6465	-1
18803.6406	-1
18811.6348	-1
18819.6289	-1
18827.6230	-1
18835.6172	-1
18843.6113	-1
18851.6055	-1
18859.5996	-1
18867.5938	-1
18875.5879	-1
18883.5820	-1
18891.5762	-1
18899.5703	-1
18907.5645	-1
18915.5586	-1
18923.5527	-1
18931.5469	-1
18939.5410	-1
18947.5352	-1
18955.5293	-1
18963.5234	-1
18971.5176	-1
18979.5117	-1
18987.5059	-1
18995.5000	-1
19003.4941	-1
19011.4883	-1
19019.4824	-1
19027.4766	-1
19035.4707	-1
19043.4648	-1
19051.4590	-1
19059.4531	-1
19067.4473	-1
19075.4434	-1
19083.4395	-1
19091.4355	-1
19099.4316	-1
19107.4277	-1
19115.4238	-1
19123.4199	-1
19131.4160	-1
19139.4121	-1
19147.4082	-1
19155.4043	-1
19163.4004	-1
19171.3965	-1
19179.3926	-1
19187.3887	-1
19195.3848	-1
19203.3809	-1
19211.3770	-1
19219.3730	-1
19227.3691	-1
19235.3652	-1
19243.3613	-1
19251.3574	-1
19259.3535	-1
19267.3496	-1
19275.3457	-1
19283.3418	-1
19291.3379	-1
19299.3340	-1
19307.3301	-1
19315.3262	-1
19323.3223	-1
19331.3184	-1
19339.3145	-1
19347.3105	-1
19355.3066	-1
19363.3027	-1
19371.2988	-1
19379.2949	-1
19387.2910	-1
19395.2871	-1
19403.2832	-1
19411.2793	-1
19419.2754	-1
19427.2715	-1
19435.2676	-1
19443.2637	-1
19451.2598	-1
19459.4492	1
19467.6387	1
19475.8281	-1
19484.0176	-1
19492.2070	-1
19500.3965	-1
19508.5859	-1
19516.7754	-1
19524.9648	-1
19533.1543	-1
19541.3438	-1
19549.5332	-1
19557.7344	1
19565.9375	-1
19574.1406	1
19582.3438	1
19590.5488	-1
19598.7539	-1
19606.9590	-1
19615.1641	-1
19623.3691	-1
19631.5742	-1
19639.7793	-1
19647.9844	-1
19656.1895	-1
19664.3945	-1
19672.5996	-1
19680.8047	-1
19689.0098	1
19697.2148	1
19705.4199	1
19713.6250	1
19721.8320	-1
19730.0391	-1
19738.2461	-1
19746.4531	-1
19754.6602	-1
19762.8672	-1
19771.0742	-1
19779.2812	-1
19787.4883	-1
19795.6953	-1
19803.9023	-1
19812.1094	-1
19820.3164	-1
19828.5234	-1
19836.7305	-1
19844.9375	-1
19853.1445	-1
19861.3516	-1
19869.5586	-1
19877.7656	-1
19885.9727	-1
19894.1797	-1
19902.3867	-1
19910.5938	-1
19918.8008	1
19927.0098	-1
19935.2188	-1
19943.4277	-1
19951.6367	-1
19959.8555	1
19968.0762	-1
19976.2969	1
19984.5176	1
19992.7402	-1
20000.9629	-1
20009.1855	-1
20017.4180	1
20025.6504	-1
20033.8848	1
20042.1191	1
20050.3535	-1
20058.5879	-1
20066.8320	1
20075.0781	-1
20083.3242	1
20091.5703	1
20099.8184	-1
20108.0664	-1
20116.3145	-1
20124.5625	-1
20132.8105	-1
20141.0586	-1
20149.3066	-1
20157.5547	-1
20165.8027	-1
20174.0508	-1
20182.2988	-1
20190.5469	-1
20198.7949	1
20207.0430	1
20215.2910	1
20223.5391	1
20231.7891	-1
20240.0391	-1
20248.2891	-1
20256.5391	-1
20264.7891	-1
20273.0391	-1
20281.2891	-1
20289.5391	-1
20297.7891	-1
20306.0391	-1
20314.2891	-1
20322.5391	-1
20330.7891	-1
20339.0391	-1
20347.2891	-1
20355.5391	-1
20363.7891	-1
20372.0391	-1
20380.2891	-1
20388.5391	-1
20396.7988	1
20405.0605	-1
20413.3223	1
20421.5840	1
20429.8457	-1
20438.1074	-1
20446.3691	-1
20454.6309	-1
20462.8926	-1
20471.1543	-1
20479.4180	-1
20487.6816	-1
20495.9453	-1
20504.2168	1
20512.4902	-1
20520.7637	1
20529.0371	1
20537.3125	-1
20545.5879	-1
20553.8633	-1
20562.1484	1
20570.4336	-1
20578.7207	1
20587.0078	1
20595.2949	-1
20603.5820	-1
20611.8789	1
20620.1777	-1
20628.4766	1
20636.7754	1
20645.0742	-1
20653.3730	-1
20661.6816	1
20669.9922	-1
20678.3027	1
20686.6133	1
20694.9238	-1
20703.2344	-1
20711.5547	1
20719.8770	-1
20728.1992	1
20736.5215	1
20744.8438	-1
20753.1680	-1
20761.5020	1
20769.8359	-1
20778.1699	1
20786.5039	1
20794.8398	-1
20803.1758	-1
20811.5117	-1
20819.8477	-1
20828.1836	-1
20836.5195	-1
20844.8555	-1
20853.1914	-1
20861.5273	-1
20869.8633	-1
20878.1992	-1
20886.5352	-1
20894.8711	1
20903.2070	1
20911.5430	1
20919.8789	1
20928.2148	-1
20936.5508	-1
20944.8867	-1
20953.2227	-1
20961.5586	-1
20969.8945	-1
20978.2305	-1
20986.5664	-1
20994.9023	-1
21003.2383	-1
21011.5742	-1
21019.9102	-1
21028.2480	-1
21036.5859	-1
21044.9238	-1
21053.2617	-1
21061.5996	-1
21069.9375	-1
21078.2754	-1
21086.6133	-1
21094.9512	-1
21103.2891	-1
21111.6270	-1
21119.9648	-1
21128.3027	1
21136.6406	1
21144.9785	1
21153.3164	1
21161.6543	1
21169.9922	1
21178.3301	1
21186.6680	-1
21195.0059	-1
21203.3438	-1
21211.6816	-1
21220.0195	-1
21228.3574	-1
21236.6953	-1
21245.0332	-1
21253.3711	-1
21261.7090	-1
21270.0469	-1
21278.3848	-1
21286.7246	-1
21295.0645	-1
21303.4043	-1
21311.7441	-1
21320.0840	-1
21328.4238	-1
21336.7637	-1
21345.1035	-1
21353.4434	-1
21361.7832	-1
21370.1230	-1
21378.4629	-1
21386.8027	-1
21395.1426	-1
21403.4824	-1
21411.8223	-1
21420.1621	-1
21428.5020	-1
21436.8418	-1
21445.1816	-1
21453.5215	-1
21461.8613	-1
21470.2012	-1
21478.5410	-1
21486.8809	-1
21495.2207	-1
21503.5605	-1
21511.9102	1
21520.2617	-1
21528.6133	1
21536.9648	1
21545.3164	-1
21553.6699	-1
21562.0332	1
21570.3965	-1
21578.7598	1
21587.1250	1
21595.4902	-1
21603.8555	-1
21612.2207	-1
21620.5859	-1
21628.9512	-1
21637.3164	-1
21645.6816	-1
21654.0469	-1
21662.4121	-1
21670.7773	-1
21679.1426	-1
21687.5078	-1
21695.8750	1
21704.2422	1
21712.6094	1
21720.9766	1
21729.3438	-1
21737.7109	-1
21746.0781	-1
21754.4453	-1
21762.8125	-1
21771.1797	-1
21779.5469	-1
21787.9141	-1
21796.2812	-1
21804.6484	-1
21813.0156	-1
21821.3828	-1
21829.7500	-1
21838.1172	-1
21846.4844	-1
21854.8516	-1
21863.2188	-1
21871.5859	-1
21879.9551	-1
21888.3242	-1
21896.6934	-1
21905.0625	-1
21913.4316	-1
21921.8008	-1
21930.1699	1
21938.5391	1
21946.9082	-1
21955.2773	-1
21963.6465	-1
21972.0156	-1
21980.3848	-1
21988.7539	-1
21997.1230	-1
22005.5039	1
22013.8848	-1
22022.2656	1
22030.6465	1
22039.0293	-1
22047.4121	-1
22055.7949	-1
22064.1777	-1
22072.5605	-1
22080.9434	-1
22089.3262	-1
22097.7090	-1
22106.0918	-1
22114.4746	-1
22122.8574	-1
22131.2402	-1
22139.6230	1
22148.0059	1
22156.3887	1
22164.7715	1
22173.1562	-1
22181.5410	-1
22189.9258	-1
22198.3105	-1
22206.6953	-1
22215.0801	-1
22223.4648	1
22231.8496	1
22240.2344	-1
22248.6191	-1
22257.0039	-1
22265.3887	-1
22273.7734	-1
22282.1582	-1
22290.5430	1
22298.9277	-1
22307.3125	-1
22315.6973	-1
22324.0820	-1
22332.4668	-1
22340.8516	-1
22349.2363	1
22357.6230	1
22366.0098	1
22374.3965	-1
22382.7832	-1
22391.1699	-1
22399.5566	-1
22407.9434	-1
22416.3301	-1
22424.7168	1
22433.1035	1
22441.4922	-1
22449.8809	-1
22458.2695	-1
22466.6582	-1
22475.0469	-1
22483.4355	-1
22491.8242	-1
22500.2129	-1
22508.6016	-1
22516.9902	-1
22525.3789	-1
22533.7676	-1
22542.1562	1
22550.5449	1
22558.9336	1
22567.3223	1
22575.7109	-1
22584.0996	-1
22592.4883	-1
22600.8770	-1
22609.2656	-1
22617.6543	-1
22626.0449	-1
22634.4355	-1
22642.8262	-1
22651.2168	-1
22659.6074	-1
22667.9980	-1
22676.3887	-1
22684.7793	-1
22693.1699	-1
22701.5605	-1
22709.9512	-1
22718.3418	-1
22726.7324	-1
22735.1230	-1
22743.5137	-1
22751.9043	-1
22760.2949	-1
22768.6855	-1
22777.0762	-1
22785.4668	-1
22793.8574	-1
22802.2480	-1
22810.6387	-1
22819.0293	-1
22827.4199	-1
22835.8105	-1
22844.2012	-1
22852.5918	-1
22860.9824	-1
22869.3730	-1
22877.7656	-1
22886.1582	-1
22894.5508	-1
22902.9434	-1
22911.3359	-1
22919.7285	-1
22928.1211	-1
22936.5137	-1
22944.9062	-1
22953.2988	-1
22961.6914	-1
22970.0840	-1
22978.4766	-1
22986.8691	-1
22995.2617	-1
23003.6543	-1
23012.0469	-1
23020.4395	-1
23028.8320	-1
23037.2363	1
23045.6406	-1
23054.0469	1
23062.4531	1
23070.8594	-1
23079.2656	-1
23087.6816	1
23096.0996	-1
23104.5176	1
23112.9355	1
23121.3555	-1
23129.7754	-1
23138.2070	1
23146.6387	-1
23155.0703	1
23163.5020	1
23171.9355	-1
23180.3691	-1
23188.8145	1
23197.2617	-1
23205.7090	1
23214.1562	1
23222.6035	-1
23231.0508	-1
23239.5098	1
23247.9707	-1
23256.4316	1
23264.8926	1
23273.3535	-1
23281.8145	-1
23290.2871	1
23298.7617	-1
23307.2363	1
23315.7109	1
23324.1855	-1
23332.6602	-1
23341.1348	-1
23349.6211	1
23358.1094	-1
23366.5977	1
23375.0859	1
23383.5742	-1
23392.0625	-1
23400.5508	-1
23409.0508	1
23417.5508	-1
23426.0527	1
23434.5547	1
23443.0566	-1
23451.5586	-1
23460.0703	1
23468.5840	-1
23477.0977	1
23485.6113	1
23494.1270	-1
23502.6426	-1
23511.1582	-1
23519.6836	1
23528.2109	-1
23536.7383	1
23545.2656	1
23553.7949	-1
23562.3242	-1
23570.8535	-1
23579.3926	1
23587.9316	-1
23596.4707	1
23605.0117	1
23613.5527	-1
23622.0938	-1
23630.6445	1
23639.1973	-1
23647.7500	1
23656.3027	1
23664.8555	-1
23673.4082	-1
23681.9707	1
23690.5352	-1
23699.0996	1
23707.6641	1
23716.2285	-1
23724.7949	-1
23733.3613	-1
23741.9277	-1
23750.4941	-1
23759.0605	-1
23767.6270	-1
23776.1934	-1
23784.7598	-1
23793.3262	-1
23801.8926	-1
23810.4590	-1
23819.0254	1
23827.5918	1
23836.1582	1
23844.7246	1
23853.2910	-1
23861.8574	-1
23870.4238	-1
23878.9902	-1
23887.5566	-1
23896.1230	-1
23904.6895	-1
23913.2559	-1
23921.8223	-1
23930.3887	-1
23938.9551	-1
23947.5215	-1
23956.0879	-1
23964.6543	-1
23973.2207	-1
23981.7871	-1
23990.3535	-1
23998.9199	-1
24007.4863	-1
24016.0527	-1
24024.6191	-1
24033.1855	-1
24041.7520	-1
24050.3184	-1
24058.8848	1
24067.4512	1
24076.0195	-1
24084.5879	-1
24093.1562	-1
24101.7246	-1
24110.2930	-1
24118.8613	-1
24127.4297	-1
24135.9980	-1
24144.5664	-1
24153.1348	-1
24161.7031	-1
24170.2812	1
24178.8613	-1
24187.4414	1
24196.0215	1
24204.6016	-1
24213.1816	-1
24221.7617	-1
24230.3418	-1
24238.9219	-1
24247.5020	-1
24256.0840	-1
24264.6660	-1
24273.2480	-1
24281.8301	-1
24290.4121	-1
24298.9941	-1
24307.5762	1
24316.1582	1
24324.7402	1
24333.3223	-1
24341.9043	-1
24350.4863	-1
24359.0684	-1
24367.6504	-1
24376.2324	-1
24384.8145	-1
24393.3965	-1
24401.9785	-1
24410.5605	-1
24419.1426	-1
24427.7246	-1
24436.3066	-1
24444.9004	1
24453.4941	-1
24462.0879	1
24470.6816	1
24479.2773	-1
24487.8730	-1
24496.4688	-1
24505.0645	-1
24513.6602	-1
24522.2559	-1
24530.8516	-1
24539.4473	-1
24548.0430	-1
24556.6387	-1
24565.2344	-1
24573.8301	-1
24582.4258	1
24591.0215	1
24599.6172	1
24608.2129	1
24616.8105	-1
24625.4082	-1
24634.0059	-1
24642.6035	-1
24651.2012	-1
24659.7988	-1
24668.3965	-1
24676.9941	-1
24685.5918	-1
24694.1895	-1
24702.7871	-1
24711.3848	-1
24719.9824	-1
24728.5801	-1
24737.1777	-1
24745.7754	-1
24754.3730	-1
24762.9707	-1
24771.5684	-1
24780.1660	-1
24788.7637	-1
24797.3613	-1
24805.9590	-1
24814.5566	-1
24823.1543	1
24831.7520	1
24840.3496	1
24848.9473	1
24857.5449	1
24866.1426	1
24874.7402	1
24883.3379	1
24891.9355	-1
24900.5332	-1
24909.1309	-1
24917.7285	-1
24926.3262	-1
24934.9238	-1
24943.5234	-1
24952.1230	-1
24960.7227	-1
24969.3223	-1
24977.9219	-1
24986.5215	-1
24995.1211	-1
25003.7207	-1
25012.3203	-1
25020.9199	-1
25029.5195	-1
25038.1191	-1
25046.7188	-1
25055.3184	-1
25063.9180	-1
25072.5176	-1
25081.1172	-1
25089.7168	-1
25098.3164	1
25106.9160	-1
25115.5156	-1
25124.1152	-1
25132.7148	-1
25141.3145	-1
25149.9141	-1
25158.5137	-1
25167.1133	-1
25175.7129	-1
25184.3125	-1
25192.9121	-1
25201.5117	-1
25210.1113	-1
25218.7109	-1
25227.3105	-1
25235.9102	-1
25244.5098	-1
25253.1094	-1
25261.7090	-1
25270.3086	-1
25278.9082	-1
25287.5078	-1
25296.1074	-1
25304.7070	-1
25313.3066	1
25321.9062	1
25330.5059	1
25339.1055	1
25347.7051	1
25356.3047	1
25364.9043	1
25373.5039	1
25382.1035	1
25390.7031	1
25399.3027	1
25407.9043	1
25416.5059	-1
25425.1074	-1
25433.7090	-1
25442.3105	-1
25450.9121	-1
25459.5137	-1
25468.1152	-1
25476.7168	-1
25485.3184	-1
25493.9199	-1
25502.5215	-1
25511.1230	-1
25519.7246	1
25528.3262	1
25536.9277	1
25545.5293	1
25554.1309	1
25562.7324	1
25571.3340	1
25579.9355	-1
25588.5371	-1
25597.1387	-1
25605.7402	-1
25614.3418	-1
25622.9434	-1
25631.5449	-1
25640.1465	-1
25648.7480	-1
25657.3496	-1
25665.9512	-1
25674.5527	-1
25683.1562	-1
25691.7598	-1
25700.3633	-1
25708.9668	-1
25717.5703	-1
25726.1738	-1
25734.7773	-1
25743.3809	-1
25751.9844	-1
25760.5879	-1
25769.1914	-1
25777.7949	-1
25786.3984	-1
25795.0020	-1
25803.6055	-1
25812.2090	-1
25820.8125	-1
25829.4160	-1
25838.0195	1
25846.6230	1
25855.2266	-1
25863.8301	-1
25872.4336	-1
25881.0371	-1
25889.6406	-1
25898.2441	1
25906.8477	-1
25915.4512	1
25924.0566	-1
25932.6621	-1
25941.2676	-1
25949.8730	-1
25958.4785	-1
25967.0840	-1
25975.6895	-1
25984.2949	-1
25992.9004	-1
26001.5059	-1
26010.1113	-1
26018.7168	-1
26027.3223	-1
26035.9277	-1
26044.5332	-1
26053.1387	-1
26061.7441	-1
26070.3496	-1
26078.9570	-1
26087.5645	-1
26096.1719	-1
26104.7793	-1
26113.3867	-1
26121.9941	-1
26130.6016	-1
26139.2090	-1
26147.8164	-1
26156.4238	-1
26165.0312	-1
26173.6387	-1
26182.2461	-1
26190.8535	-1
26199.4609	-1
26208.0684	-1
26216.6758	-1
26225.2832	-1
26233.8906	-1
26242.4980	-1
26251.1055	-1
26259.7129	-1
26268.3203	-1
26276.9277	-1
26285.5352	1
26294.1426	-1
26302.7500	1
26311.3574	-1
26319.9648	-1
26328.5723	-1
26337.1797	-1
26345.7871	-1
26354.3945	1
26363.0020	1
26371.6094	-1
26380.2168	1
26388.8242	-1
26397.4316	-1
26406.0391	-1
26414.6465	-1
26423.2539	-1
26431.8613	1
26440.4688	1
26449.0762	1
26457.6836	-1
26466.2910	-1
26474.8984	-1
26483.5059	-1
26492.1133	-1
26500.7207	-1
26509.3281	-1
26517.9355	-1
26526.5430	-1
26535.1504	-1
26543.7578	-1
26552.3652	-1
26560.9727	-1
26569.5801	-1
26578.1875	-1
26586.7949	-1
26595.4023	-1
26604.0098	-1
26612.6172	-1
26621.2246	-1
26629.8320	-1
26638.4395	-1
26647.0469	-1
26655.6543	-1
26664.2617	-1
26672.8691	-1
26681.4766	-1
26690.0840	-1
26698.6914	-1
26707.2988	-1
26715.9062	-1
26724.5137	-1
26733.1211	-1
26741.7285	-1
26750.3359	-1
26758.9434	-1
26767.5508	-1
26776.1582	-1
26784.7656	-1
26793.3730	-1
26801.9805	-1
26810.5879	-1
26819.1973	1
26827.8066	1
26836.4160	1
26845.0254	1
26853.6348	-1
26862.2441	-1
26870.8535	-1
26879.4629	-1
26888.0723	-1
26896.6816	-1
26905.2930	-1
26913.9043	-1
26922.5156	-1
26931.1270	-1
26939.7383	-1
26948.3496	-1
26956.9609	-1
26965.5723	-1
26974.1836	-1
26982.7949	-1
26991.4062	-1
27000.0176	-1
27008.6289	-1
27017.2402	-1
27025.8516	-1
27034.4629	-1
27043.0742	-1
27051.6855	-1
27060.2969	-1
27068.9082	-1
27077.5195	-1
27086.1309	-1
27094.7422	-1
27103.3535	-1
27111.9648	-1
27120.5762	-1
27129.1875	-1
27137.7988	-1
27146.4102	-1
27155.0215	-1
27163.6328	-1
27172.2441	-1
27180.8555	-1
27189.4668	-1
27198.0781	-1
27206.6895	-1
27215.3008	-1
27223.9121	-1
27232.5234	-1
27241.1348	-1
27249.7461	-1
27258.3574	-1
27266.9688	-1
27275.5801	-1
27284.1914	-1
27292.8027	-1
27301.4141	-1
27310.0254	-1
27318.6367	-1
27327.2500	-1
27335.8633	-1
27344.4766	-1
27353.0898	-1
27361.7031	-1
27370.3164	-1
27378.9297	-1
27387.5430	-1
27396.1562	-1
27404.7695	-1
27413.3828	-1
27421.9961	-1
27430.6094	-1
27439.2227	-1
27447.8359	-1
27457.5977	-1
27467.3594	1
