0.0000	0
0.0489	1
3.9929	-1
4.3613	2
5.3470	-2
5.9034	-2
6.1489	-2
6.6336	-2
6.6441	-2
7.2577	-2
7.5386	-2
7.6396	-2
7.8407	-2
7.9118	-2
7.9375	1
8.1005	-2
8.1773	-2
8.3406	-2
8.6215	-2
9.6232	-2
9.6832	-2
9.7888	-2
9.9613	-2
10.2039	-2
10.3664	-2
10.4446	-2
10.9818	-2
11.3986	-2
11.9126	-2
12.0406	-2
12.1336	-2
12.6220	-2
12.6944	-2
12.7217	-2
12.9559	-2
13.0265	-2
13.1350	-2
13.6710	-2
14.3564	-2
14.4224	-2
15.0031	1
15.2122	-2
15.7118	-2
15.9954	2
16.6786	-2
17.4177	-2
17.5191	-2
17.7089	-2
19.2105	-2
20.3025	-2
22.0703	-1
29.1380	1
36.2057	1
43.2746	-1
50.3436	-1
57.4126	-1
64.4815	-1
71.5505	-1
78.6195	-1
85.6886	-1
92.7577	-1
99.8268	-1
106.8959	-1
113.9650	-1
121.0340	-1
128.1035	1
135.1730	1
142.2425	1
149.3121	1
156.3830	-1
163.4539	-1
170.5247	-1
177.5956	-1
184.6665	-1
191.7374	-1
198.8087	1
205.8801	1
212.9515	-1
220.0229	-1
227.0943	-1
234.1658	-1
241.2372	-1
248.3086	-1
255.3802	-1
262.4518	-1
269.5233	-1
276.5949	-1
283.6665	-1
290.7381	-1
297.8098	-1
304.8816	-1
311.9533	-1
319.0250	-1
326.0967	-1
333.1685	-1
340.2403	1
347.3121	1
354.3843	1
361.4565	1
368.5287	1
375.6010	1
382.6746	-1
389.7482	-1
396.8219	-1
403.8955	-1
410.9691	-1
418.0428	-1
425.1165	-1
432.1903	-1
439.2640	-1
446.3378	-1
453.4116	-1
460.4853	-1
467.5601	1
474.6349	1
481.7098	1
488.7847	1
495.8600	-1
502.9354	-1
510.0107	-1
517.0861	-1
524.1615	-1
531.2369	-1
538.3129	-1
545.3890	-1
552.4650	-1
559.5411	-1
566.6171	-1
573.6932	-1
580.7693	-1
587.8455	-1
594.9217	-1
601.9979	-1
609.0740	-1
616.1502	-1
623.2275	1
630.3048	1
637.3823	1
644.4598	-1
651.5374	-1
658.6150	-1
665.6926	-1
672.7703	-1
679.8479	-1
686.9257	-1
694.0034	-1
701.0812	-1
708.1589	-1
715.2367	-1
722.3145	-1
729.3923	-1
736.4702	-1
743.5482	-1
750.6261	-1
757.7040	-1
764.7820	-1
771.8600	-1
778.9381	-1
786.0162	-1
793.0942	-1
800.1723	-1
807.2504	-1
814.3286	-1
821.4067	-1
828.4849	-1
835.5631	-1
842.6413	-1
849.7195	-1
856.7977	-1
863.8760	-1
870.9542	-1
878.0325	-1
885.1107	-1
892.1890	-1
899.2681	-1
906.3473	-1
913.4265	-1
920.5056	-1
927.5848	-1
934.6639	-1
941.7438	-1
948.8237	-1
955.9036	-1
962.9835	-1
970.0634	-1
977.1433	-1
984.2238	-1
991.3043	-1
998.3848	-1
1005.4653	-1
1012.5458	-1
1019.6263	-1
1026.7072	-1
1033.7880	-1
1040.8688	-1
1047.9496	-1
1055.0304	-1
1062.1227	1
1069.2166	-1
1076.3108	1
1083.4050	1
1090.5005	-1
1097.5959	-1
1104.6914	-1
1111.7869	-1
1118.8823	-1
1125.9778	-1
1133.0734	-1
1140.1689	-1
1147.2645	-1
1154.3601	-1
1161.4557	-1
1168.5513	-1
1175.6472	1
1182.7432	1
1189.8391	1
1196.9351	1
1204.0327	-1
1211.1304	-1
1218.2280	-1
1225.3257	-1
1232.4233	-1
1239.5210	-1
1246.6188	-1
1253.7166	-1
1260.8143	-1
1267.9121	-1
1275.0099	-1
1282.1077	-1
1289.2054	-1
1296.3033	-1
1303.4012	-1
1310.4991	-1
1317.5970	-1
1324.6949	-1
1331.7928	-1
1338.8907	-1
1345.9886	-1
1353.0865	-1
1360.1844	-1
1367.2823	-1
1374.3807	1
1381.4791	1
1388.5776	1
1395.6761	1
1402.7747	1
1409.8732	1
1416.9718	1
1424.0704	1
1431.1711	-1
1438.2719	-1
1445.3726	-1
1452.4733	-1
1459.5740	-1
1466.6747	-1
1473.7761	-1
1480.8776	-1
1487.9790	-1
1495.0804	-1
1502.1819	-1
1509.2833	-1
1516.3849	-1
1523.4865	-1
1530.5880	-1
1537.6896	-1
1544.7911	-1
1551.8927	-1
1558.9944	-1
1566.0961	-1
1573.1978	-1
1580.2994	-1
1587.4011	-1
1594.5028	-1
1601.6045	1
1608.7063	-1
1615.8081	-1
1622.9099	-1
1630.0117	-1
1637.1135	-1
1644.2153	-1
1651.3173	-1
1658.4192	-1
1665.5211	-1
1672.6230	-1
1679.7250	-1
1686.8269	-1
1693.9290	-1
1701.0310	-1
1708.1331	-1
1715.2351	-1
1722.3372	-1
1729.4392	-1
1736.5414	-1
1743.6436	-1
1750.7457	-1
1757.8479	-1
1764.9501	-1
1772.0522	-1
1779.1555	-1
1786.2588	-1
1793.3621	-1
1800.4772	1
1807.5940	-1
1814.7111	1
1821.8282	1
1828.9467	-1
1836.0651	-1
1843.1835	-1
1850.3019	-1
1857.4203	-1
1864.5387	-1
1871.6572	-1
1878.7758	-1
1885.8943	-1
1893.0128	-1
1900.1313	-1
1907.2499	-1
1914.3687	1
1921.4875	1
1928.6064	1
1935.7253	1
1942.8458	-1
1949.9663	-1
1957.0868	-1
1964.2073	-1
1971.3278	-1
1978.4482	-1
1985.5688	-1
1992.6895	-1
1999.8101	-1
2006.9307	-1
2014.0513	-1
2021.1719	-1
2028.2926	-1
2035.4133	-1
2042.5341	-1
2049.6548	-1
2056.7754	-1
2063.8960	-1
2071.0168	-1
2078.1377	-1
2085.2585	-1
2092.3794	-1
2099.5002	-1
2106.6211	-1
2113.7422	1
2120.8633	1
2127.9856	-1
2135.1079	-1
2142.2302	-1
2149.3525	-1
2156.4749	-1
2163.5972	-1
2170.7195	-1
2177.8418	-1
2184.9641	-1
2192.0981	1
2199.2339	-1
2206.3699	1
2213.5059	1
2220.6423	-1
2227.7808	-1
2234.9304	1
2242.0815	-1
2249.2332	1
2256.3848	1
2263.5378	-1
2270.6909	-1
2277.8440	-1
2284.9971	-1
2292.1501	-1
2299.3032	-1
2306.4563	-1
2313.6094	-1
2320.7625	-1
2327.9155	-1
2335.0686	-1
2342.2217	-1
2349.3750	1
2356.5286	1
2363.6821	1
2370.8357	1
2377.9907	-1
2385.1458	-1
2392.3008	-1
2399.4558	-1
2406.6108	-1
2413.7659	-1
2420.9214	-1
2428.0769	-1
2435.2324	-1
2442.3879	-1
2449.5435	-1
2456.6990	-1
2463.8547	-1
2471.0105	-1
2478.1663	-1
2485.3220	-1
2492.4778	-1
2499.6335	1
2506.7893	-1
2513.9451	1
2521.1008	-1
2528.2566	-1
2535.4124	-1
2542.5681	-1
2549.7239	-1
2556.8796	-1
2564.0359	1
2571.1921	1
2578.3486	1
2585.5051	1
2592.6616	1
2599.8181	1
2606.9768	-1
2614.1355	-1
2621.2942	-1
2628.4529	-1
2635.6116	-1
2642.7703	-1
2649.9292	-1
2657.0881	-1
2664.2471	-1
2671.4060	-1
2678.5649	-1
2685.7239	-1
2692.8833	1
2700.0427	1
2707.2024	1
2714.3621	1
2721.5220	-1
2728.6819	-1
2735.8418	-1
2743.0017	-1
2750.1616	-1
2757.3215	-1
2764.4814	-1
2771.6414	-1
2778.8013	-1
2785.9612	-1
2793.1211	-1
2800.2810	-1
2807.4412	-1
2814.6013	-1
2821.7615	-1
2828.9216	-1
2836.0818	-1
2843.2419	-1
2850.4021	-1
2857.5623	-1
2864.7224	-1
2871.8826	-1
2879.0427	-1
2886.2029	-1
2893.3633	-1
2900.5237	-1
2907.6841	-1
2914.8445	-1
2922.0049	-1
2929.1655	-1
2936.3262	-1
2943.4868	-1
2950.6475	-1
2957.8081	-1
2964.9688	-1
2972.1294	-1
2979.2905	1
2986.4519	1
2993.6145	-1
3000.7771	-1
3007.9397	-1
3015.1023	-1
3022.2649	-1
3029.4275	-1
3036.5908	-1
3043.7542	-1
3050.9175	-1
3058.0808	-1
3065.2441	-1
3072.4075	-1
3079.5710	-1
3086.7346	-1
3093.8982	-1
3101.0618	-1
3108.2253	-1
3115.3889	-1
3122.5530	-1
3129.7170	-1
3136.8811	-1
3144.0452	-1
3151.2092	-1
3158.3733	-1
3165.5376	-1
3172.7019	-1
3179.8662	-1
3187.0305	-1
3194.1948	-1
3201.3591	-1
3208.5234	-1
3215.6877	-1
3222.8640	1
3230.0420	-1
3237.2202	1
3244.3984	1
3251.5779	-1
3258.7573	-1
3265.9368	-1
3273.1162	-1
3280.3071	1
3287.4998	-1
3294.6926	1
3301.8857	1
3309.0801	-1
3316.2744	-1
3323.4688	-1
3330.6631	-1
3337.8574	-1
3345.0637	1
3352.2717	-1
3359.4800	1
3366.6885	1
3373.8975	-1
3381.1064	-1
3388.3154	-1
3395.5244	-1
3402.7334	-1
3409.9424	-1
3417.1516	-1
3424.3608	-1
3431.5701	-1
3438.7793	-1
3445.9885	-1
3453.1978	-1
3460.4072	1
3467.6169	1
3474.8267	1
3482.0364	1
3489.2468	-1
3496.4573	-1
3503.6677	-1
3510.8782	-1
3518.0886	-1
3525.2991	-1
3532.5095	-1
3539.7200	-1
3546.9304	-1
3554.1409	-1
3561.3513	-1
3568.5618	-1
3575.7725	-1
3582.9832	-1
3590.1938	-1
3597.4045	-1
3604.6152	-1
3611.8259	-1
3619.0366	-1
3626.2473	-1
3633.4580	-1
3640.6687	-1
3647.8794	-1
3655.0901	-1
3662.3010	1
3669.5120	1
3676.7231	1
3683.9346	1
3691.1462	1
3698.3579	1
3705.5696	1
3712.7812	1
3719.9932	-1
3727.2051	-1
3734.4170	-1
3741.6289	-1
3748.8408	-1
3756.0527	-1
3763.2649	-1
3770.4771	-1
3777.6892	-1
3784.9014	-1
3792.1135	-1
3799.3257	-1
3806.5388	-1
3813.7520	-1
3820.9651	-1
3828.1782	-1
3835.3914	-1
3842.6045	-1
3849.8176	1
3857.0310	1
3864.2444	1
3871.4578	-1
3878.6711	-1
3885.8845	-1
3893.0979	-1
3900.3113	-1
3907.5247	-1
3914.7380	1
3921.9514	-1
3929.1648	-1
3936.3782	-1
3943.5916	-1
3950.8049	-1
3958.0183	-1
3965.2319	-1
3972.4456	-1
3979.6592	-1
3986.8728	-1
3994.0864	-1
4001.3000	-1
4008.5139	-1
4015.7278	-1
4022.9417	-1
4030.1555	-1
4037.3694	-1
4044.5833	-1
4051.7971	-1
4059.0110	-1
4066.2249	-1
4073.4387	-1
4080.6526	-1
4087.8665	-1
4095.0811	-1
4102.2954	-1
4109.5098	-1
4116.7241	-1
4123.9385	-1
4131.1528	-1
4138.3677	-1
4145.5825	-1
4152.7974	-1
4160.0122	-1
4167.2271	-1
4174.4419	-1
4181.6572	-1
4188.8726	-1
4196.0879	-1
4203.3032	-1
4210.5186	-1
4217.7339	-1
4224.9492	-1
4232.1646	-1
4239.3799	-1
4246.6069	1
4253.8354	-1
4261.0645	1
4268.2935	1
4275.5239	-1
4282.7544	-1
4289.9849	-1
4297.2153	-1
4304.4458	-1
4311.6763	-1
4318.9067	-1
4326.1372	-1
4333.3677	-1
4340.5981	-1
4347.8286	-1
4355.0591	-1
4362.2896	1
4369.5205	1
4376.7515	1
4383.9824	1
4391.2148	-1
4398.4473	-1
4405.6797	-1
4412.9121	-1
4420.1445	-1
4427.3770	-1
4434.6094	-1
4441.8418	-1
4449.0742	-1
4456.3066	-1
4463.5391	-1
4470.7715	-1
4478.0044	-1
4485.2373	-1
4492.4702	-1
4499.7031	-1
4506.9360	-1
4514.1689	-1
4521.4019	-1
4528.6348	-1
4535.8677	-1
4543.1006	-1
4550.3335	-1
4557.5664	-1
4564.7998	1
4572.0332	1
4579.2666	1
4586.5000	1
4593.7334	1
4600.9673	1
4608.2031	-1
4615.4390	-1
4622.6748	-1
4629.9106	-1
4637.1465	-1
4644.3823	-1
4651.6182	-1
4658.8540	-1
4666.0898	-1
4673.3257	-1
4680.5615	-1
4687.7974	-1
4695.0332	-1
4702.2690	-1
4709.5049	-1
4716.7407	-1
4723.9766	-1
4731.2124	-1
4738.4487	-1
4745.6851	-1
4752.9214	-1
4760.1577	-1
4767.3940	-1
4774.6304	-1
4781.8667	-1
4789.1030	-1
4796.3394	-1
4803.5757	-1
4810.8120	-1
4818.0483	-1
4825.2847	-1
4832.5210	-1
4839.7573	-1
4847.0059	1
4854.2559	-1
4861.5063	1
4868.7568	1
4876.0078	-1
4883.2588	-1
4890.5098	-1
4897.7607	-1
4905.0117	-1
4912.2627	-1
4919.5142	-1
4926.7656	-1
4934.0171	-1
4941.2686	-1
4948.5200	-1
4955.7715	-1
4963.0229	1
4970.2749	1
4977.5269	1
4984.7788	1
4992.0312	-1
4999.2837	-1
5006.5361	-1
5013.7886	-1
5021.0410	-1
5028.2935	-1
5035.5459	-1
5042.7983	-1
5050.0508	-1
5057.3032	-1
5064.5557	-1
5071.8081	-1
5079.0610	-1
5086.3140	-1
5093.5669	-1
5100.8198	-1
5108.0728	-1
5115.3257	-1
5122.5791	1
5129.8325	-1
5137.0859	-1
5144.3394	1
5151.5928	-1
5158.8462	-1
5166.0996	-1
5173.3530	-1
5180.6064	1
5187.8599	1
5195.1133	1
5202.3667	1
5209.6211	1
5216.8755	1
5224.1299	-1
5231.3843	-1
5238.6387	-1
5245.8931	-1
5253.1475	-1
5260.4019	-1
5267.6567	-1
5274.9116	-1
5282.1665	-1
5289.4214	-1
5296.6763	-1
5303.9312	-1
5311.1870	-1
5318.4429	-1
5325.6987	-1
5332.9546	-1
5340.2104	-1
5347.4663	-1
5354.7222	-1
5361.9780	-1
5369.2339	-1
5376.4897	-1
5383.7456	-1
5391.0015	-1
5398.2573	-1
5405.5132	-1
5412.7690	-1
5420.0249	-1
5427.2808	-1
5434.5366	-1
5441.7930	-1
5449.0493	-1
5456.3057	-1
5463.5620	-1
5470.8184	-1
5478.0747	-1
5485.3315	-1
5492.5884	-1
5499.8452	-1
5507.1021	-1
5514.3589	-1
5521.6157	-1
5528.8726	-1
5536.1411	1
5543.4111	-1
5550.6816	1
5557.9521	1
5565.2241	-1
5572.4961	-1
5579.7681	-1
5587.0400	-1
5594.3120	-1
5601.5840	-1
5608.8560	-1
5616.1401	1
5623.4258	-1
5630.7119	1
5637.9980	1
5645.2847	-1
5652.5713	-1
5659.8584	-1
5667.1567	1
5674.4565	-1
5681.7568	1
5689.0571	1
5696.3589	-1
5703.6606	-1
5710.9624	-1
5718.2642	-1
5725.5781	1
5732.8936	-1
5740.2095	1
5747.5254	1
5754.8423	-1
5762.1592	-1
5769.4761	-1
5776.8047	1
5784.1348	-1
5791.4653	1
5798.7959	1
5806.1274	-1
5813.4590	-1
5820.8018	1
5828.1460	-1
5835.4902	1
5842.8350	1
5850.1802	-1
5857.5259	-1
5864.8818	1
5872.2393	-1
5879.5972	1
5886.9551	1
5894.3135	-1
5901.6719	-1
5909.0303	-1
5916.3892	-1
5923.7588	1
5931.1299	-1
5938.5010	1
5945.8721	1
5953.2446	-1
5960.6172	-1
5967.9897	-1
5975.3623	-1
5982.7456	1
5990.1304	-1
5997.5156	1
6004.9009	1
6012.2871	-1
6019.6733	-1
6027.0596	-1
6034.4565	1
6041.8550	-1
6049.2539	1
6056.6528	1
6064.0527	-1
6071.4526	-1
6078.8525	-1
6086.2524	-1
6093.6523	-1
6101.0522	-1
6108.4521	-1
6115.8521	-1
6123.2520	-1
6130.6519	-1
6138.0518	-1
6145.4517	-1
6152.8521	1
6160.2524	1
6167.6538	-1
6175.0552	-1
6182.4565	-1
6189.8579	-1
6197.2593	-1
6204.6606	-1
6212.0625	-1
6219.4751	1
6226.8892	-1
6234.3037	1
6241.7183	1
6249.1333	-1
6256.5488	-1
6263.9746	1
6271.4019	-1
6278.8291	1
6286.2568	1
6293.6851	-1
6301.1138	-1
6308.5425	-1
6315.9814	1
6323.4219	-1
6330.8628	1
6338.3037	1
6345.7461	-1
6353.1885	-1
6360.6309	-1
6368.0732	-1
6375.5156	-1
6382.9580	-1
6390.4004	-1
6397.8428	-1
6405.2852	-1
6412.7388	1
6420.1938	-1
6427.6494	1
6435.1050	1
6442.5615	-1
6450.0181	-1
6457.4746	-1
6464.9312	-1
6472.3877	-1
6479.8442	-1
6487.3008	-1
6494.7573	-1
6502.2139	-1
6509.6704	-1
6517.1270	-1
6524.5835	-1
6532.0405	1
6539.4976	1
6546.9546	1
6554.4116	1
6561.8701	-1
6569.3286	-1
6576.7871	-1
6584.2456	-1
6591.7041	-1
6599.1626	-1
6606.6216	1
6614.0806	1
6621.5396	-1
6628.9985	-1
6636.4575	-1
6643.9165	-1
6651.3755	-1
6658.8345	-1
6666.2935	-1
6673.7524	-1
6681.2114	-1
6688.6704	-1
6696.1294	-1
6703.5884	-1
6711.0479	-1
6718.5073	-1
6725.9668	-1
6733.4263	-1
6740.8857	-1
6748.3452	-1
6755.8052	1
6763.2651	1
6770.7251	1
6778.1860	-1
6785.6470	-1
6793.1079	-1
6800.5688	-1
6808.0298	-1
6815.4907	-1
6822.9521	-1
6830.4136	-1
6837.8750	-1
6845.3364	-1
6852.7979	-1
6860.2593	-1
6867.7212	-1
6875.1831	-1
6882.6450	-1
6890.1069	-1
6897.5688	-1
6905.0308	-1
6912.4932	-1
6919.9556	-1
6927.4180	-1
6934.8804	-1
6942.3428	-1
6949.8052	-1
6957.2676	-1
6964.7300	-1
6972.1924	-1
6979.6548	-1
6987.1172	-1
6994.5796	-1
7002.0527	1
7009.5273	-1
7017.0020	1
7024.4771	1
7031.9526	-1
7039.4282	-1
7046.9038	-1
7054.3794	-1
7061.8550	-1
7069.3306	-1
7076.8062	-1
7084.2817	-1
7091.7573	-1
7099.2329	-1
7106.7085	-1
7114.1841	-1
7121.6602	1
7129.1362	1
7136.6123	1
7144.0884	1
7151.5649	-1
7159.0415	-1
7166.5181	-1
7173.9946	-1
7181.4712	-1
7188.9478	-1
7196.4243	-1
7203.9009	-1
7211.3774	-1
7218.8540	-1
7226.3306	-1
7233.8071	-1
7241.2837	-1
7248.7603	-1
7256.2368	-1
7263.7134	-1
7271.1899	-1
7278.6665	-1
7286.1436	-1
7293.6206	-1
7301.0977	-1
7308.5747	-1
7316.0518	-1
7323.5288	-1
7331.0059	1
7338.4829	1
7345.9604	-1
7353.4380	-1
7360.9155	-1
7368.3931	-1
7375.8706	-1
7383.3481	-1
7390.8257	-1
7398.3037	-1
7405.7930	1
7413.2837	-1
7420.7744	1
7428.2651	1
7435.7573	-1
7443.2495	-1
7450.7417	-1
7458.2339	-1
7465.7261	-1
7473.2183	-1
7480.7104	-1
7488.2026	-1
7495.6948	-1
7503.1870	-1
7510.6792	-1
7518.1714	-1
7525.6641	1
7533.1567	1
7540.6494	1
7548.1421	1
7555.6362	-1
7563.1304	-1
7570.6245	-1
7578.1187	-1
7585.6128	-1
7593.1069	-1
7600.6011	-1
7608.0952	-1
7615.5894	-1
7623.0835	-1
7630.5776	-1
7638.0718	-1
7645.5664	-1
7653.0610	-1
7660.5557	-1
7668.0503	-1
7675.5449	-1
7683.0396	-1
7690.5342	-1
7698.0288	-1
7705.5234	-1
7713.0181	-1
7720.5127	-1
7728.0073	-1
7735.5020	1
7742.9971	1
7750.4922	1
7757.9873	1
7765.4824	1
7772.9775	1
7780.4727	1
7787.9678	1
7795.4648	-1
7802.9619	-1
7810.4590	-1
7817.9561	-1
7825.4531	-1
7832.9502	-1
7840.4478	-1
7847.9453	-1
7855.4429	-1
7862.9404	-1
7870.4380	-1
7877.9355	-1
7885.4341	-1
7892.9326	-1
7900.4312	-1
7907.9297	-1
7915.4282	-1
7922.9268	-1
7930.4253	1
7937.9238	-1
7945.4224	-1
7952.9209	-1
7960.4194	-1
7967.9180	-1
7975.4165	-1
7982.9150	-1
7990.4136	-1
7997.9121	-1
8005.4106	-1
8012.9092	-1
8020.4077	-1
8027.9067	-1
8035.4058	-1
8042.9048	-1
8050.4038	-1
8057.9028	-1
8065.4019	-1
8072.9009	-1
8080.3999	-1
8087.8989	-1
8095.3979	-1
8102.8970	-1
8110.3960	-1
8117.8950	-1
8125.3940	-1
8132.8931	-1
8140.3921	-1
8147.8911	-1
8155.3901	-1
8162.8906	-1
8170.3911	-1
8177.8916	-1
8185.3921	-1
8192.8926	-1
8200.4043	1
8207.9170	-1
8215.4307	1
8222.9443	1
8230.4590	-1
8237.9736	-1
8245.4883	-1
8253.0029	-1
8260.5176	-1
8268.0322	-1
8275.5469	-1
8283.0615	-1
8290.5762	-1
8298.0908	-1
8305.6055	-1
8313.1201	-1
8320.6348	1
8328.1494	1
8335.6641	1
8343.1787	1
8350.6953	-1
8358.2119	-1
8365.7285	-1
8373.2451	-1
8380.7617	-1
8388.2783	-1
8395.7949	-1
8403.3115	-1
8410.8281	-1
8418.3447	-1
8425.8613	-1
8433.3779	-1
8440.8945	-1
8448.4111	-1
8455.9277	-1
8463.4443	-1
8470.9609	-1
8478.4775	-1
8485.9941	-1
8493.5107	-1
8501.0273	-1
8508.5439	-1
8516.0605	-1
8523.5771	-1
8531.0938	1
8538.6113	1
8546.1289	1
8553.6465	1
8561.1641	1
8568.6816	1
8576.1992	1
8583.7168	1
8591.2363	-1
8598.7559	-1
8606.2754	-1
8613.7949	-1
8621.3145	-1
8628.8340	-1
8636.3535	-1
8643.8730	-1
8651.3926	-1
8658.9121	-1
8666.4316	-1
8673.9512	-1
8681.4707	-1
8688.9902	-1
8696.5098	-1
8704.0293	-1
8711.5488	-1
8719.0684	-1
8726.5879	-1
8734.1074	-1
8741.6270	-1
8749.1465	-1
8756.6660	-1
8764.1855	-1
8771.7061	1
8779.2266	1
8786.7480	-1
8794.2695	-1
8801.7910	-1
8809.3125	-1
8816.8340	-1
8824.3555	-1
8831.8779	-1
8839.4004	-1
8846.9229	-1
8854.4453	-1
8861.9678	-1
8869.4902	-1
8877.0127	-1
8884.5352	-1
8892.0576	-1
8899.5801	-1
8907.1025	-1
8914.6250	-1
8922.1484	-1
8929.6719	-1
8937.1953	-1
8944.7188	-1
8952.2422	-1
8959.7656	-1
8967.2891	-1
8974.8125	-1
8982.3359	-1
8989.8594	-1
8997.3828	-1
9004.9062	-1
9012.4297	-1
9019.9531	-1
9027.4873	1
9035.0225	-1
9042.5586	1
9050.0947	1
9057.6318	-1
9065.1689	-1
9072.7061	-1
9080.2432	-1
9087.7803	-1
9095.3174	-1
9102.8545	-1
9110.3916	-1
9117.9287	-1
9125.4658	-1
9133.0029	-1
9140.5400	-1
9148.0781	1
9155.6172	-1
9163.1562	-1
9170.6953	-1
9178.2344	-1
9185.7842	1
9193.3350	-1
9200.8857	1
9208.4365	1
9215.9883	-1
9223.5400	-1
9231.0918	-1
9238.6436	-1
9246.1953	-1
9253.7471	-1
9261.2998	-1
9268.8525	-1
9276.4053	-1
9283.9580	-1
9291.5107	-1
9299.0635	-1
9306.6162	1
9314.1689	1
9321.7227	-1
9329.2764	-1
9336.8301	-1
9344.3838	-1
9351.9375	-1
9359.4912	-1
9367.0449	-1
9374.5986	-1
9382.1631	1
9389.7285	-1
9397.2939	1
9404.8594	1
9412.4268	-1
9419.9941	-1
9427.5615	-1
9435.1289	-1
9442.6963	-1
9450.2637	-1
9457.8311	-1
9465.3984	-1
9472.9658	-1
9480.5332	-1
9488.1006	-1
9495.6680	-1
9503.2354	1
9510.8027	1
9518.3701	1
9525.9375	1
9533.5068	-1
9541.0762	-1
9548.6455	-1
9556.2148	-1
9563.7842	-1
9571.3535	-1
9578.9229	-1
9586.4922	-1
9594.0615	-1
9601.6309	-1
9609.2002	-1
9616.7695	-1
9624.3398	1
9631.9102	1
9639.4805	1
9647.0508	1
9654.6221	-1
9662.1934	-1
9669.7646	-1
9677.3359	-1
9684.9072	-1
9692.4785	-1
9700.0498	-1
9707.6211	-1
9715.1924	-1
9722.7637	-1
9730.3350	-1
9737.9062	-1
9745.4775	-1
9753.0488	-1
9760.6201	-1
9768.1914	-1
9775.7627	-1
9783.3340	-1
9790.9062	-1
9798.4785	-1
9806.0508	-1
9813.6230	-1
9821.1953	-1
9828.7676	-1
9836.3398	1
9843.9121	1
9851.4854	1
9859.0586	-1
9866.6318	-1
9874.2051	-1
9881.7783	-1
9889.3516	-1
9896.9248	-1
9904.4980	1
9912.0713	1
9919.6445	1
9927.2178	1
9934.7910	1
9942.3643	1
9949.9375	1
9957.5107	-1
9965.0840	-1
9972.6572	-1
9980.2305	-1
9987.8037	-1
9995.3770	-1
10002.9512	1
10010.5254	1
10018.1016	-1
10025.6777	-1
10033.2539	-1
10040.8301	-1
10048.4062	-1
10055.9824	-1
10063.5586	-1
10071.1348	-1
10078.7109	-1
10086.2871	-1
10093.8633	-1
10101.4395	-1
10109.0166	-1
10116.5938	-1
10124.1709	-1
10131.7480	-1
10139.3252	-1
10146.9023	-1
10154.4805	-1
10162.0586	-1
10169.6367	-1
10177.2148	-1
10184.7930	-1
10192.3711	-1
10199.9492	-1
10207.5273	-1
10215.1055	-1
10222.6836	-1
10230.2617	-1
10237.8398	-1
10245.4180	1
10252.9961	1
10260.5742	1
10268.1523	-1
10275.7305	-1
10283.3086	-1
10290.8867	-1
10298.4648	-1
10306.0430	-1
10313.6211	1
10321.2002	1
10328.7793	1
10336.3584	1
10343.9375	1
10351.5166	1
10359.0957	-1
10366.6748	-1
10374.2539	-1
10381.8330	-1
10389.4121	-1
10396.9912	-1
10404.5713	-1
10412.1514	-1
10419.7314	-1
10427.3115	-1
10434.8916	-1
10442.4717	-1
10450.0518	-1
10457.6318	-1
10465.2119	-1
10472.7920	-1
10480.3721	-1
10487.9521	-1
10495.5322	-1
10503.1123	-1
10510.6924	-1
10518.2725	-1
10525.8525	-1
10533.4326	-1
10541.0127	-1
10548.5928	-1
10556.1729	-1
10563.7529	-1
10571.3330	-1
10578.9131	-1
10586.4932	-1
10594.0732	-1
10601.6533	-1
10609.2334	-1
10616.8135	-1
10624.3936	-1
10631.9766	-1
10639.5596	-1
10647.1426	-1
10654.7256	-1
10662.3086	-1
10669.8916	-1
10677.4746	-1
10685.0576	-1
10692.6406	-1
10700.2236	-1
10707.8066	-1
10715.3896	-1
10722.9736	-1
10730.5576	-1
10738.1416	-1
10745.7256	-1
10753.3096	-1
10760.8936	-1
10768.4775	-1
10776.0615	-1
10783.6455	-1
10791.2295	-1
10798.8135	-1
10806.3975	-1
10813.9824	-1
10821.5674	-1
10829.1523	-1
10836.7373	-1
10844.3223	-1
10851.9072	-1
10859.4922	-1
10867.0771	-1
10874.6621	-1
10882.2471	-1
10889.8320	-1
10897.4170	-1
10905.0020	-1
10912.5869	-1
10920.1719	-1
10927.7568	-1
10935.3418	-1
10942.9268	-1
10950.5117	-1
10958.0967	-1
10965.6816	-1
10973.2666	-1
10980.8516	-1
10988.4365	-1
10996.0215	-1
11003.6064	-1
11011.1914	-1
11018.7764	-1
11026.3613	-1
11033.9463	-1
11041.5430	1
11049.1416	-1
11056.7402	1
11064.3389	1
11071.9385	-1
11079.5381	-1
11087.1377	-1
11094.7373	-1
11102.3369	-1
11109.9365	-1
11117.5361	-1
11125.1357	-1
11132.7354	-1
11140.3350	-1
11147.9346	-1
11155.5342	-1
11163.1338	1
11170.7334	1
11178.3330	1
11185.9336	1
11193.5352	-1
11201.1367	-1
11208.7383	-1
11216.3398	-1
11223.9414	-1
11231.5430	-1
11239.1445	-1
11246.7461	-1
11254.3477	-1
11261.9492	-1
11269.5508	-1
11277.1523	-1
11284.7539	-1
11292.3555	-1
11299.9570	-1
11307.5586	-1
11315.1602	-1
11322.7617	-1
11330.3633	-1
11337.9648	-1
11345.5664	-1
11353.1680	-1
11360.7695	-1
11368.3711	-1
11375.9727	1
11383.5742	1
11391.1758	1
11398.7783	1
11406.3809	1
11413.9834	1
11421.5859	1
11429.1885	1
11436.7920	-1
11444.3955	-1
11451.9990	-1
11459.6025	-1
11467.2061	-1
11474.8096	-1
11482.4141	-1
11490.0186	-1
11497.6230	-1
11505.2275	-1
11512.8320	-1
11520.4365	-1
11528.0410	1
11535.6455	-1
11543.2500	-1
11550.8545	-1
11558.4590	-1
11566.0635	-1
11573.6680	-1
11581.2725	1
11588.8770	-1
11596.4814	-1
11604.0859	-1
11611.6904	-1
11619.2949	-1
11626.8994	-1
11634.5039	-1
11642.1084	-1
11649.7129	-1
11657.3174	-1
11664.9219	-1
11672.5264	-1
11680.1309	-1
11687.7354	-1
11695.3398	-1
11702.9443	-1
11710.5488	-1
11718.1533	-1
11725.7588	-1
11733.3643	-1
11740.9697	-1
11748.5752	-1
11756.1807	-1
11763.7861	-1
11771.3916	-1
11778.9971	-1
11786.6025	-1
11794.2080	-1
11801.8135	-1
11809.4189	-1
11817.0254	-1
11824.6318	-1
11832.2383	-1
11839.8447	-1
11847.4512	-1
11855.0576	-1
11862.6641	-1
11870.2705	-1
11877.8770	-1
11885.4951	1
11893.1152	-1
11900.7354	1
11908.3555	1
11915.9766	-1
11923.5977	-1
11931.2188	-1
11938.8398	-1
11946.4609	-1
11954.0820	-1
11961.7031	-1
11969.3242	-1
11976.9570	1
11984.5908	-1
11992.2256	1
11999.8604	1
12007.4961	-1
12015.1318	-1
12022.7676	-1
12030.4033	-1
12038.0391	-1
12045.6748	-1
12053.3105	-1
12060.9463	-1
12068.5820	-1
12076.2178	-1
12083.8535	-1
12091.4893	-1
12099.1250	1
12106.7607	1
12114.3965	1
12122.0322	1
12129.6699	-1
12137.3076	-1
12144.9453	-1
12152.5830	-1
12160.2207	-1
12167.8584	-1
12175.4961	-1
12183.1338	-1
12190.7715	-1
12198.4092	-1
12206.0469	-1
12213.6846	-1
12221.3223	1
12228.9600	1
12236.5977	1
12244.2354	1
12251.8730	-1
12259.5107	-1
12267.1484	-1
12274.7861	-1
12282.4238	-1
12290.0615	-1
12297.7002	-1
12305.3389	-1
12312.9775	-1
12320.6162	-1
12328.2549	-1
12335.8936	-1
12343.5322	1
12351.1709	1
12358.8096	1
12366.4482	1
12374.0889	-1
12381.7295	-1
12389.3701	-1
12397.0107	-1
12404.6514	-1
12412.2920	-1
12419.9336	-1
12427.5752	-1
12435.2168	-1
12442.8584	-1
12450.5000	-1
12458.1416	-1
12465.7842	-1
12473.4268	-1
12481.0693	-1
12488.7119	-1
12496.3545	-1
12503.9971	-1
12511.6396	-1
12519.2822	-1
12526.9248	-1
12534.5674	-1
12542.2100	-1
12549.8525	-1
12557.4951	-1
12565.1377	-1
12572.7803	-1
12580.4229	-1
12588.0654	-1
12595.7080	-1
12603.3506	-1
12610.9932	-1
12618.6357	-1
12626.2783	-1
12633.9209	-1
12641.5635	-1
12649.2061	-1
12656.8486	-1
12664.4912	-1
12672.1338	-1
12679.7764	-1
12687.4189	-1
12695.0615	-1
12702.7041	-1
12710.3467	-1
12717.9893	-1
12725.6318	-1
12733.2744	-1
12740.9180	1
12748.5615	1
12756.2051	1
12763.8486	1
12771.4922	1
12779.1357	1
12786.7793	1
12794.4229	1
12802.0664	1
12809.7119	-1
12817.3574	-1
12825.0029	-1
12832.6484	-1
12840.2939	-1
12847.9395	-1
12855.5850	-1
12863.2305	-1
12870.8760	-1
12878.5215	-1
12886.1670	-1
12893.8125	-1
12901.4580	-1
12909.1035	-1
12916.7490	-1
12924.3945	-1
12932.0400	-1
12939.6855	-1
12947.3320	-1
12954.9785	-1
12962.6250	-1
12970.2715	-1
12977.9180	-1
12985.5645	-1
12993.2119	-1
13000.8594	-1
13008.5068	-1
13016.1543	-1
13023.8018	-1
13031.4492	-1
13039.0977	-1
13046.7461	-1
13054.3945	-1
13062.0430	-1
13069.6914	-1
13077.3398	-1
13084.9893	-1
13092.6387	-1
13100.2881	-1
13107.9375	-1
13115.5869	-1
13123.2363	-1
13130.8857	-1
13138.5352	-1
13146.1846	-1
13153.8340	-1
13161.4834	-1
13169.1328	-1
13176.7822	-1
13184.4316	-1
13192.0811	-1
13199.7422	1
13207.4043	-1
13215.0674	1
13222.7305	1
13230.3945	-1
13238.0586	-1
13245.7227	-1
13253.3867	-1
13261.0508	-1
13268.7148	-1
13276.3789	-1
13284.0430	-1
13291.7070	-1
13299.3711	-1
13307.0352	-1
13314.6992	-1
13322.3643	1
13330.0293	1
13337.6953	-1
13345.3613	-1
13353.0273	-1
13360.6934	-1
13368.3594	-1
13376.0254	-1
13383.6914	-1
13391.3574	-1
13399.0342	1
13406.7129	-1
13414.3916	1
13422.0703	1
13429.7500	-1
13437.4297	-1
13445.1094	-1
13452.7891	-1
13460.4688	-1
13468.1484	-1
13475.8281	-1
13483.5078	-1
13491.1875	-1
13498.8672	-1
13506.5469	-1
13514.2266	-1
13521.9062	1
13529.5859	1
13537.2666	-1
13544.9473	-1
13552.6279	-1
13560.3086	-1
13567.9893	-1
13575.6699	-1
13583.3506	-1
13591.0312	-1
13598.7119	-1
13606.4033	1
13614.0967	-1
13621.7900	1
13629.4834	1
13637.1777	-1
13644.8721	-1
13652.5664	-1
13660.2607	-1
13667.9551	-1
13675.6494	-1
13683.3438	-1
13691.0381	-1
13698.7324	-1
13706.4268	-1
13714.1211	-1
13721.8154	-1
13729.5107	1
13737.2061	1
13744.9014	1
13752.5967	1
13760.2930	-1
13767.9893	-1
13775.6855	-1
13783.3818	-1
13791.0781	-1
13798.7744	-1
13806.4707	-1
13814.1680	-1
13821.8652	-1
13829.5625	-1
13837.2598	-1
13844.9570	-1
13852.6543	-1
13860.3516	-1
13868.0488	-1
13875.7461	-1
13883.4434	-1
13891.1406	-1
13898.8379	-1
13906.5352	-1
13914.2324	-1
13921.9297	1
13929.6270	-1
13937.3242	-1
13945.0215	-1
13952.7188	1
13960.4160	1
13968.1133	1
13975.8115	1
13983.5098	1
13991.2080	1
13998.9062	1
14006.6064	-1
14014.3066	-1
14022.0068	-1
14029.7070	-1
14037.4072	-1
14045.1074	-1
14052.8076	-1
14060.5078	-1
14068.2080	-1
14075.9082	-1
14083.6084	-1
14091.3086	-1
14099.0088	-1
14106.7090	-1
14114.4092	-1
14122.1094	-1
14129.8096	-1
14137.5098	-1
14145.2100	-1
14152.9102	-1
14160.6104	-1
14168.3105	-1
14176.0107	-1
14183.7109	-1
14191.4121	1
14199.1133	1
14206.8145	1
14214.5156	1
14222.2168	1
14229.9180	1
14237.6201	1
14245.3223	1
14253.0254	-1
14260.7285	-1
14268.4316	-1
14276.1348	-1
14283.8379	-1
14291.5410	-1
14299.2441	-1
14306.9473	-1
14314.6504	-1
14322.3535	-1
14330.0566	-1
14337.7598	-1
14345.4629	-1
14353.1660	-1
14360.8691	-1
14368.5723	-1
14376.2754	-1
14383.9785	-1
14391.6816	-1
14399.3848	-1
14407.0879	-1
14414.7910	-1
14422.4941	-1
14430.1973	-1
14437.9014	1
14445.6055	1
14453.3096	1
14461.0137	1
14468.7178	1
14476.4229	1
14484.1279	1
14491.8330	1
14499.5381	-1
14507.2432	-1
14514.9482	-1
14522.6533	-1
14530.3584	-1
14538.0635	-1
14545.7686	-1
14553.4736	-1
14561.1787	-1
14568.8838	-1
14576.5889	-1
14584.2939	-1
14592.0000	1
14599.7061	1
14607.4121	1
14615.1182	1
14622.8262	-1
14630.5342	-1
14638.2422	-1
14645.9502	-1
14653.6582	-1
14661.3662	-1
14669.0752	-1
14676.7842	-1
14684.4932	-1
14692.2021	-1
14699.9111	-1
14707.6201	-1
14715.3291	-1
14723.0381	-1
14730.7471	-1
14738.4561	-1
14746.1650	-1
14753.8740	-1
14761.5830	-1
14769.2920	-1
14777.0010	-1
14784.7100	-1
14792.4189	-1
14800.1279	-1
14807.8369	-1
14815.5459	-1
14823.2549	-1
14830.9639	-1
14838.6729	-1
14846.3818	-1
14854.0908	-1
14861.7998	-1
14869.5088	-1
14877.2178	-1
14884.9268	-1
14892.6357	-1
14900.3447	1
14908.0537	1
14915.7637	-1
14923.4736	-1
14931.1836	-1
14938.8936	-1
14946.6035	-1
14954.3135	-1
14962.0234	-1
14969.7334	-1
14977.4434	-1
14985.1533	-1
14992.8633	-1
15000.5732	-1
15008.2832	-1
15015.9932	-1
15023.7031	-1
15031.4131	-1
15039.1230	-1
15046.8330	-1
15054.5439	1
15062.2568	-1
15069.9697	-1
15077.6826	-1
15085.3955	-1
15093.1084	-1
15100.8213	-1
15108.5342	-1
15116.2471	-1
15123.9600	-1
15131.6729	-1
15139.3857	-1
15147.0986	-1
15154.8125	-1
15162.5264	-1
15170.2402	-1
15177.9541	-1
15185.6680	-1
15193.3818	-1
15201.0967	-1
15208.8115	-1
15216.5264	-1
15224.2412	-1
15231.9561	-1
15239.6709	-1
15247.3857	-1
15255.1006	-1
15262.8154	-1
15270.5303	-1
15278.2451	-1
15285.9600	-1
15293.6748	-1
15301.3896	-1
15309.1045	-1
15316.8193	-1
15324.5342	-1
15332.2490	-1
15339.9639	-1
15347.6787	-1
15355.3936	-1
15363.1084	-1
15370.8232	-1
15378.5381	-1
15386.2539	-1
15393.9697	-1
15401.6855	-1
15409.4014	-1
15417.1172	-1
15424.8330	-1
15432.5488	-1
15440.2646	-1
15447.9805	-1
15455.6963	-1
15463.4121	-1
15471.1279	-1
15478.8438	-1
15486.5596	-1
15494.2754	-1
15501.9912	-1
15509.7070	-1
15517.4229	-1
15525.1387	-1
15532.8545	-1
15540.5703	-1
15548.2861	-1
15556.0020	-1
15563.7178	-1
15571.4336	-1
15579.1611	1
15586.8906	-1
15594.6201	1
15602.3496	1
15610.0811	-1
15617.8125	-1
15625.5439	-1
15633.2754	-1
15641.0068	-1
15648.7383	-1
15656.4697	-1
15664.2012	-1
15671.9326	-1
15679.6641	-1
15687.3955	-1
15695.1270	-1
15702.8701	1
15710.6152	-1
15718.3604	1
15726.1055	1
15733.8516	-1
15741.5977	-1
15749.3438	-1
15757.0898	-1
15764.8359	-1
15772.5820	-1
15780.3291	-1
15788.0762	-1
15795.8232	-1
15803.5703	-1
15811.3174	-1
15819.0645	-1
15826.8115	1
15834.5586	1
15842.3057	1
15850.0527	1
15857.8018	-1
15865.5508	-1
15873.2998	-1
15881.0488	-1
15888.7979	-1
15896.5469	-1
15904.2959	-1
15912.0449	-1
15919.7939	-1
15927.5430	-1
15935.2920	-1
15943.0410	-1
15950.7900	-1
15958.5391	-1
15966.2881	-1
15974.0371	-1
15981.7861	-1
15989.5352	-1
15997.2842	-1
16005.0332	-1
16012.7822	-1
16020.5312	-1
16028.2803	-1
16036.0293	-1
16043.7783	1
16051.5273	1
16059.2773	1
16067.0273	1
16074.7773	1
16082.5273	1
16090.2773	1
16098.0273	1
16105.7793	-1
16113.5312	-1
16121.2832	-1
16129.0352	-1
16136.7871	-1
16144.5391	-1
16152.2910	-1
16160.0430	-1
16167.7949	-1
16175.5469	-1
16183.2988	-1
16191.0508	-1
16198.8037	-1
16206.5566	-1
16214.3096	-1
16222.0625	-1
16229.8154	-1
16237.5684	-1
16245.3213	-1
16253.0742	-1
16260.8271	-1
16268.5801	-1
16276.3330	-1
16284.0859	-1
16291.8389	-1
16299.5918	-1
16307.3447	-1
16315.0977	-1
16322.8506	-1
16330.6035	-1
16338.3574	1
16346.1113	1
16353.8652	1
16361.6191	1
16369.3730	1
16377.1270	1
16384.8809	1
16392.6348	1
16400.3887	1
16408.1426	1
16415.8984	-1
16423.6543	-1
16431.4102	-1
16439.1660	-1
16446.9219	-1
16454.6777	-1
16462.4336	-1
16470.1895	-1
16477.9453	-1
16485.7012	-1
16493.4570	-1
16501.2129	-1
16508.9688	-1
16516.7246	-1
16524.4805	-1
16532.2363	-1
16539.9922	-1
16547.7480	-1
16555.5059	1
16563.2637	1
16571.0215	1
16578.7793	1
16586.5371	1
16594.2949	1
16602.0527	-1
16609.8105	-1
16617.5684	-1
16625.3262	-1
16633.0840	-1
16640.8418	-1
16648.5996	-1
16656.3574	-1
16664.1152	-1
16671.8730	-1
16679.6309	-1
16687.3887	-1
16695.1465	-1
16702.9043	-1
16710.6621	-1
16718.4199	-1
16726.1777	-1
16733.9355	-1
16741.6934	-1
16749.4512	-1
16757.2090	-1
16764.9668	-1
16772.7246	-1
16780.4824	-1
16788.2422	1
16796.0020	-1
16803.7617	-1
16811.5215	-1
16819.2812	-1
16827.0410	-1
16834.8008	-1
16842.5605	1
16850.3203	1
16858.0801	1
16865.8398	-1
16873.5996	-1
16881.3594	-1
16889.1191	-1
16896.8789	-1
16904.6387	-1
16912.3984	-1
16920.1582	-1
16927.9180	-1
16935.6777	-1
16943.4375	-1
16951.1973	-1
16958.9570	-1
16966.7168	-1
16974.4766	-1
16982.2363	-1
16989.9961	-1
16997.7559	-1
17005.5156	-1
17013.2754	-1
17021.0352	-1
17028.7949	-1
17036.5547	-1
17044.3145	-1
17052.0742	1
17059.8340	1
17067.5938	1
17075.3535	1
17083.1133	1
17090.8730	1
17098.6328	1
17106.3926	1
17114.1523	1
17121.9121	1
17129.6719	-1
17137.4316	-1
17145.1914	-1
17152.9512	-1
17160.7109	-1
17168.4707	-1
17176.2305	1
17183.9922	1
17191.7539	1
17199.5156	1
17207.2773	1
17215.0391	1
17222.8066	-1
17230.5742	-1
17238.3418	-1
17246.1094	-1
17253.8770	-1
17261.6445	-1
17269.4121	-1
17277.1797	-1
17284.9473	-1
17292.7148	-1
17300.4824	-1
17308.2500	-1
17316.0176	-1
17323.7852	-1
17331.5527	-1
17339.3203	-1
17347.0879	-1
17354.8555	-1
17362.6230	-1
17370.3906	-1
17378.1582	-1
17385.9258	-1
17393.6934	-1
17401.4609	-1
17409.2285	-1
17416.9961	-1
17424.7637	-1
17432.5312	-1
17440.2988	-1
17448.0664	-1
17455.8340	-1
17463.6016	-1
17471.3691	-1
17479.1367	-1
17486.9043	-1
17494.6719	-1
17502.4395	-1
17510.2070	-1
17517.9746	-1
17525.7422	-1
17533.5117	-1
17541.2812	-1
17549.0508	-1
17556.8203	-1
17564.5898	-1
17572.3594	-1
17580.1289	-1
17587.8984	-1
17595.6680	-1
17603.4375	-1
17611.2070	-1
17618.9766	-1
17626.7461	-1
17634.5156	-1
17642.2852	-1
17650.0547	-1
17657.8242	-1
17665.5938	-1
17673.3633	-1
17681.1328	-1
17688.9023	1
17696.6719	1
17704.4414	1
17712.2129	1
17719.9844	1
17727.7559	-1
17735.5273	-1
17743.2988	-1
17751.0703	-1
17758.8418	-1
17766.6133	-1
17774.3848	1
17782.1562	1
17789.9277	1
17797.6992	1
17805.4707	-1
17813.2422	-1
17821.0137	-1
17828.7852	-1
17836.5566	-1
17844.3281	-1
17852.0996	-1
17859.8711	-1
17867.6426	-1
17875.4141	-1
17883.1855	-1
17890.9570	-1
17898.7285	-1
17906.5000	-1
17914.2715	-1
17922.0430	-1
17929.8145	-1
17937.5859	-1
17945.3574	-1
17953.1289	-1
17960.9004	-1
17968.6719	-1
17976.4434	-1
17984.2148	-1
17991.9863	-1
17999.7578	-1
18007.5293	-1
18015.3008	-1
18023.0723	-1
18030.8438	-1
18038.6152	-1
18046.3867	-1
18054.1582	-1
18061.9297	-1
18069.7012	-1
18077.4727	-1
18085.2441	-1
18093.0156	-1
18100.7871	-1
18108.5586	-1
18116.3301	-1
18124.1016	-1
18131.8730	-1
18139.6445	-1
18147.4160	-1
18155.1875	-1
18162.9590	-1
18170.7305	-1
18178.5020	-1
18186.2734	-1
18194.0449	-1
18201.8164	-1
18209.5879	-1
18217.3594	-1
18225.1328	-1
18232.9062	-1
18240.6797	-1
18248.4531	-1
18256.2266	-1
18264.0000	-1
18271.7754	-1
18279.5508	-1
18287.3262	-1
18295.1016	-1
18302.8770	-1
18310.6523	-1
18318.4277	-1
18326.2031	-1
18333.9785	-1
18341.7539	-1
18349.5293	-1
18357.3047	-1
18365.0801	-1
18372.8555	-1
18380.6309	-1
18388.4062	-1
18396.1816	-1
18403.9570	-1
18411.7324	-1
18419.5078	-1
18427.2832	-1
18435.0586	-1
18442.8340	-1
18450.6094	-1
18458.3848	-1
18466.1602	-1
18473.9355	-1
18481.7109	-1
18489.4863	-1
18497.2617	-1
18505.0371	-1
18512.8125	-1
18520.5879	-1
18528.3633	-1
18536.1387	-1
18543.9141	-1
18551.6895	-1
18559.4648	-1
18567.2402	-1
18575.0156	-1
18582.7910	-1
18590.5664	-1
18598.3418	-1
18606.1172	-1
18613.8926	-1
18621.6680	-1
18629.4434	-1
18637.2188	-1
18644.9941	-1
18652.7695	-1
18660.5449	-1
18668.3203	-1
18676.0957	-1
18683.8711	-1
18691.6465	-1
18699.4238	-1
18707.2012	-1
18714.9785	-1
18722.7559	-1
18730.5332	-1
18738.3105	-1
18746.0879	-1
18753.8652	-1
18761.6426	-1
18769.4199	-1
18777.1973	-1
18784.9746	-1
18792.7520	-1
18800.5293	-1
18808.3066	-1
18816.0840	-1
18823.8613	-1
18831.6406	-1
18839.4199	-1
18847.1992	-1
18854.9785	-1
18862.7578	-1
18870.5371	-1
18878.3164	-1
18886.0957	-1
18893.8750	-1
18901.6543	-1
18909.4453	1
18917.2363	-1
18925.0293	1
18932.8223	1
18940.6152	-1
18948.4082	-1
18956.2012	-1
18963.9941	-1
18971.7871	-1
18979.5801	-1
18987.3730	-1
18995.1660	-1
19002.9590	-1
19010.7520	-1
19018.5449	-1
19026.3379	-1
19034.1309	1
19041.9238	1
19049.7168	1
19057.5117	1
19065.3066	-1
19073.1016	-1
19080.8965	-1
19088.6914	-1
19096.4863	-1
19104.2812	-1
19112.0781	-1
19119.8750	-1
19127.6719	-1
19135.4688	-1
19143.2656	-1
19151.0625	-1
19158.8594	-1
19166.6562	-1
19174.4531	-1
19182.2500	-1
19190.0469	-1
19197.8438	-1
19205.6406	-1
19213.4375	-1
19221.2344	-1
19229.0312	-1
19236.8281	-1
19244.6250	-1
19252.4219	1
19260.2188	-1
19268.0156	-1
19275.8125	-1
19283.6094	-1
19291.4180	1
19299.2266	-1
19307.0371	1
19314.8477	1
19322.6582	-1
19330.4688	-1
19338.2793	-1
19346.1016	1
19353.9238	-1
19361.7461	1
19369.5684	1
19377.3926	-1
19385.2168	-1
19393.0508	1
19400.8867	-1
19408.7227	1
19416.5586	1
19424.3965	-1
19432.2344	-1
19440.0723	-1
19447.9102	-1
19455.7480	-1
19463.5859	-1
19471.4238	-1
19479.2617	-1
19487.0996	-1
19494.9375	-1
19502.7754	-1
19510.6133	-1
19518.4512	1
19526.2891	1
19534.1270	1
19541.9648	1
19549.8047	-1
19557.6445	-1
19565.4844	-1
19573.3242	-1
19581.1641	-1
19589.0039	-1
19596.8438	-1
19604.6836	-1
19612.5234	-1
19620.3633	-1
19628.2031	-1
19636.0430	-1
19643.8828	-1
19651.7227	-1
19659.5625	-1
19667.4023	-1
19675.2422	-1
19683.0820	-1
19690.9219	-1
19698.7617	-1
19706.6113	1
19714.4629	-1
19722.3145	1
19730.1660	1
19738.0195	-1
19745.8730	-1
19753.7266	-1
19761.5801	-1
19769.4336	-1
19777.2871	-1
19785.1406	-1
19792.9941	-1
19800.8477	-1
19808.7129	1
19816.5781	-1
19824.4453	1
19832.3125	1
19840.1797	-1
19848.0469	-1
19855.9141	-1
19863.7930	1
19871.6738	-1
19879.5547	1
19887.4355	1
19895.3164	-1
19903.1973	-1
19911.0898	1
19918.9844	-1
19926.8789	1
19934.7734	1
19942.6680	-1
19950.5625	-1
19958.4688	1
19966.3770	-1
19974.2852	1
19982.1934	1
19990.1035	-1
19998.0137	-1
20005.9355	1
20013.8594	-1
20021.7832	1
20029.7070	1
20037.6309	-1
20045.5566	-1
20053.4922	1
20061.4297	-1
20069.3672	1
20077.3047	1
20085.2422	-1
20093.1797	-1
20101.1172	-1
20109.0547	-1
20116.9922	-1
20124.9297	-1
20132.8672	-1
20140.8047	-1
20148.7422	-1
20156.6797	-1
20164.6172	-1
20172.5547	-1
20180.4941	1
20188.4336	1
20196.3730	1
20204.3125	1
20212.2539	-1
20220.1953	-1
20228.1367	-1
20236.0781	-1
20244.0195	-1
20251.9609	-1
20259.9023	-1
20267.8438	-1
20275.7852	-1
20283.7266	-1
20291.6680	-1
20299.6094	-1
20307.5508	-1
20315.4922	-1
20323.4336	-1
20331.3750	-1
20339.3164	-1
20347.2578	-1
20355.1992	-1
20363.1406	-1
20371.0820	-1
20379.0234	-1
20386.9648	-1
20394.9062	-1
20402.8477	1
20410.7891	1
20418.7305	1
20426.6719	1
20434.6133	1
20442.5547	1
20450.4961	1
20458.4395	-1
20466.3828	-1
20474.3262	-1
20482.2695	-1
20490.2129	-1
20498.1562	-1
20506.0996	-1
20514.0430	-1
20521.9863	-1
20529.9297	-1
20537.8730	-1
20545.8164	-1
20553.7617	-1
20561.7070	-1
20569.6523	-1
20577.5977	-1
20585.5430	-1
20593.4883	-1
20601.4336	-1
20609.3789	-1
20617.3242	-1
20625.2695	-1
20633.2148	-1
20641.1602	-1
20649.1055	-1
20657.0508	-1
20664.9961	-1
20672.9414	-1
20680.8867	-1
20688.8320	-1
20696.7773	-1
20704.7227	-1
20712.6680	-1
20720.6133	-1
20728.5586	-1
20736.5039	-1
20744.4492	-1
20752.3945	-1
20760.3398	-1
20768.2969	1
20776.2559	-1
20784.2148	1
20792.1738	1
20800.1328	-1
20808.0918	-1
20816.0625	1
20824.0352	-1
20832.0078	1
20839.9805	1
20847.9531	-1
20855.9258	-1
20863.8984	-1
20871.8711	-1
20879.8438	-1
20887.8164	-1
20895.7891	-1
20903.7617	-1
20911.7344	-1
20919.7070	-1
20927.6797	-1
20935.6523	-1
20943.6250	1
20951.5977	1
20959.5703	1
20967.5449	1
20975.5195	-1
20983.4941	-1
20991.4688	-1
20999.4434	-1
21007.4180	-1
21015.3926	-1
21023.3672	-1
21031.3418	-1
21039.3164	-1
21047.2910	-1
21055.2656	-1
21063.2402	-1
21071.2148	-1
21079.1895	-1
21087.1641	-1
21095.1387	-1
21103.1133	-1
21111.0879	-1
21119.0625	-1
21127.0371	-1
21135.0117	-1
21142.9863	-1
21150.9609	-1
21158.9355	-1
21166.9102	1
21174.8848	1
21182.8594	-1
21190.8340	-1
21198.8086	-1
21206.7832	-1
21214.7578	-1
21222.7324	-1
21230.7090	-1
21238.6953	1
21246.6836	-1
21254.6719	1
21262.6602	1
21270.6504	-1
21278.6406	-1
21286.6309	-1
21294.6211	-1
21302.6113	-1
21310.6016	-1
21318.5918	-1
21326.5820	-1
21334.5723	-1
21342.5625	-1
21350.5527	-1
21358.5430	-1
21366.5332	1
21374.5234	1
21382.5137	1
21390.5039	1
21398.4961	-1
21406.4883	-1
21414.4805	-1
21422.4727	-1
21430.4648	-1
21438.4570	-1
21446.4492	-1
21454.4414	-1
21462.4336	-1
21470.4258	-1
21478.4180	-1
21486.4102	-1
21494.4023	-1
21502.3945	-1
21510.3867	-1
21518.3789	-1
21526.3711	-1
21534.3633	-1
21542.3555	-1
21550.3477	-1
21558.3398	-1
21566.3320	-1
21574.3242	-1
21582.3164	-1
21590.3086	1
21598.3008	1
21606.2930	1
21614.2852	1
21622.2773	1
21630.2695	1
21638.2617	1
21646.2539	1
21654.2480	-1
21662.2422	-1
21670.2363	-1
21678.2305	-1
21686.2246	-1
21694.2188	-1
21702.2129	1
21710.2070	1
21718.2031	-1
21726.1992	-1
21734.1953	-1
21742.1914	-1
21750.1875	-1
21758.1836	-1
21766.1797	1
21774.1758	1
21782.1719	-1
21790.1680	-1
21798.1641	-1
21806.1602	-1
21814.1562	-1
21822.1523	-1
21830.1504	-1
21838.1484	-1
21846.1465	-1
21854.1445	-1
21862.1426	-1
21870.1406	-1
21878.1387	-1
21886.1367	-1
21894.1348	-1
21902.1328	-1
21910.1309	-1
21918.1289	-1
21926.1270	-1
21934.1250	-1
21942.1230	-1
21950.1211	-1
21958.1191	-1
21966.1172	-1
21974.1152	-1
21982.1133	-1
21990.1113	-1
21998.1094	-1
22006.1074	-1
22014.1055	-1
22022.1035	-1
22030.1016	-1
22038.0996	-1
22046.0977	-1
22054.0957	-1
22062.0938	-1
22070.0938	-1
22078.0938	-1
22086.0938	-1
22094.0938	-1
22102.0938	-1
22110.0938	-1
22118.0938	-1
22126.0938	-1
22134.0938	-1
22142.0938	-1
22150.0938	-1
22158.0938	-1
22166.0938	-1
22174.0938	-1
22182.0938	-1
22190.0938	-1
22198.0938	-1
22206.0938	-1
22214.0938	-1
22222.1055	1
22230.1191	-1
22238.1328	1
22246.1465	1
22254.1602	-1
22262.1738	-1
22270.1992	1
22278.2246	-1
22286.2520	1
22294.2793	1
22302.3066	-1
22310.3340	-1
22318.3730	1
22326.4121	-1
22334.4512	1
22342.4902	1
22350.5312	-1
22358.5723	-1
22366.6230	1
22374.6758	-1
22382.7285	1
22390.7812	1
22398.8359	-1
22406.8906	-1
22414.9551	1
22423.0215	-1
22431.0879	1
22439.1543	1
22447.2207	-1
22455.2891	-1
22463.3672	1
22471.4473	-1
22479.5273	1
22487.6074	1
22495.6895	-1
22503.7715	-1
22511.8535	-1
22519.9453	1
22528.0391	-1
22536.1328	1
22544.2266	1
22552.3223	-1
22560.4180	-1
22568.5137	-1
22576.6211	1
22584.7285	-1
22592.8379	1
22600.9473	1
22609.0566	-1
22617.1660	-1
22625.2871	1
22633.4082	-1
22641.5293	1
22649.6504	1
22657.7734	-1
22665.8965	-1
22674.0195	-1
22682.1543	1
22690.2910	-1
22698.4277	1
22706.5645	1
22714.7012	-1
22722.8379	-1
22730.9746	-1
22739.1230	1
22747.2734	-1
22755.4238	1
22763.5742	1
22771.7246	-1
22779.8750	-1
22788.0352	1
22796.1973	-1
22804.3594	1
22812.5215	1
22820.6855	-1
22828.8496	-1
22837.0234	1
22845.1992	-1
22853.3750	1
22861.5508	1
22869.7285	-1
22877.9062	-1
22886.0840	-1
22894.2617	-1
22902.4395	-1
22910.6172	-1
22918.7949	-1
22926.9727	-1
22935.1504	-1
22943.3281	-1
22951.5059	-1
22959.6836	-1
22967.8613	1
22976.0391	1
22984.2168	1
22992.3945	1
23000.5742	-1
23008.7539	-1
23016.9336	-1
23025.1133	-1
23033.2930	-1
23041.4727	-1
23049.6523	1
23057.8320	1
23066.0117	-1
23074.1914	-1
23082.3711	-1
23090.5508	-1
23098.7305	-1
23106.9102	-1
23115.0898	-1
23123.2695	-1
23131.4492	-1
23139.6289	-1
23147.8086	-1
23155.9883	-1
23164.1680	-1
23172.3477	-1
23180.5273	-1
23188.7070	-1
23196.8867	-1
23205.0664	-1
23213.2480	-1
23221.4297	-1
23229.6113	-1
23237.7930	-1
23245.9746	-1
23254.1562	-1
23262.3379	-1
23270.5195	-1
23278.7012	-1
23286.8828	-1
23295.0645	-1
23303.2559	1
23311.4492	-1
23319.6426	1
23327.8359	1
23336.0312	-1
23344.2266	-1
23352.4219	-1
23360.6172	-1
23368.8125	-1
23377.0078	-1
23385.2031	-1
23393.3984	-1
23401.5938	-1
23409.7891	-1
23417.9844	-1
23426.1797	-1
23434.3750	1
23442.5703	1
23450.7656	1
23458.9609	-1
23467.1562	-1
23475.3516	-1
23483.5469	-1
23491.7422	-1
23499.9375	-1
23508.1328	-1
23516.3281	-1
23524.5234	-1
23532.7188	-1
23540.9141	-1
23549.1094	-1
23557.3047	-1
23565.5117	1
23573.7188	-1
23581.9258	1
23590.1348	1
23598.3438	-1
23606.5527	-1
23614.7617	-1
23622.9707	-1
23631.1797	-1
23639.3887	-1
23647.5977	-1
23655.8066	-1
23664.0156	-1
23672.2246	-1
23680.4336	-1
23688.6426	-1
23696.8516	1
23705.0605	1
23713.2695	1
23721.4785	1
23729.6875	-1
23737.8965	-1
23746.1055	-1
23754.3145	-1
23762.5234	-1
23770.7324	-1
23778.9434	-1
23787.1543	1
23795.3652	-1
23803.5762	-1
23811.7871	-1
23819.9980	-1
23828.2090	-1
23836.4199	1
23844.6309	-1
23852.8418	-1
23861.0527	-1
23869.2637	-1
23877.4746	-1
23885.6855	-1
23893.8965	-1
23902.1074	-1
23910.3184	-1
23918.5293	-1
23926.7402	-1
23934.9512	-1
23943.1621	1
23951.3730	1
23959.5840	1
23967.7949	1
23976.0059	1
23984.2168	1
23992.4277	-1
24000.6387	-1
24008.8496	-1
24017.0605	-1
24025.2715	-1
24033.4824	-1
24041.6934	1
24049.9043	1
24058.1172	-1
24066.3301	-1
24074.5430	-1
24082.7559	-1
24090.9688	-1
24099.1816	-1
24107.3945	-1
24115.6074	-1
24123.8203	-1
24132.0332	-1
24140.2461	-1
24148.4590	-1
24156.6719	-1
24164.8848	-1
24173.0977	-1
24181.3105	-1
24189.5234	-1
24197.7363	-1
24205.9492	-1
24214.1621	-1
24222.3750	-1
24230.5879	-1
24238.8008	-1
24247.0137	-1
24255.2266	-1
24263.4395	-1
24271.6523	-1
24279.8652	-1
24288.0781	-1
24296.2910	-1
24304.5039	-1
24312.7168	-1
24320.9297	-1
24329.1426	-1
24337.3555	-1
24345.5684	-1
24353.7812	-1
24361.9941	-1
24370.2070	-1
24378.4199	-1
24386.6328	-1
24394.8457	-1
24403.0586	-1
24411.2715	-1
24419.4844	-1
24427.6973	-1
24435.9102	-1
24444.1230	1
24452.3359	-1
24460.5488	1
24468.7617	1
24476.9746	1
24485.1895	-1
24493.4043	-1
24501.6191	-1
24509.8340	-1
24518.0488	-1
24526.2637	-1
24534.4785	1
24542.6934	1
24550.9082	1
24559.1230	1
24567.3379	1
24575.5527	1
24583.7676	1
24591.9824	1
24600.1973	1
24608.4121	1
24616.6270	1
24624.8418	1
24633.0566	1
24641.2715	1
24649.4863	-1
24657.7012	-1
24665.9160	-1
24674.1309	-1
24682.3457	-1
24690.5605	-1
24698.7754	-1
24706.9902	-1
24715.2051	-1
24723.4199	-1
24731.6348	-1
24739.8496	-1
24748.0664	-1
24756.2832	-1
24764.5000	-1
24772.7168	-1
24780.9336	-1
24789.1504	-1
24797.3672	-1
24805.5840	-1
24813.8008	-1
24822.0176	-1
24830.2344	-1
24838.4512	-1
24846.6680	-1
24854.8848	-1
24863.1016	-1
24871.3184	-1
24879.5352	-1
24887.7520	-1
24895.9688	-1
24904.1855	-1
24912.4023	-1
24920.6191	-1
24928.8359	-1
24937.0527	-1
24945.2695	-1
24953.4863	-1
24961.7031	-1
24969.9199	-1
24978.1367	-1
24986.3535	-1
24994.5723	1
25002.7910	1
25011.0098	1
25019.2285	1
25027.4473	1
25035.6660	1
25043.8848	1
25052.1035	1
25060.3223	1
25068.5410	1
25076.7598	1
25084.9785	1
25093.1973	1
25101.4160	1
25109.6348	-1
25117.8535	-1
25126.0723	-1
25134.2910	-1
25142.5098	-1
25150.7285	-1
25158.9473	-1
25167.1660	-1
25175.3848	-1
25183.6035	-1
25191.8223	-1
25200.0410	-1
25208.2598	-1
25216.4785	-1
25224.6973	-1
25232.9160	-1
25241.1348	-1
25249.3535	-1
25257.5742	-1
25265.7949	-1
25274.0156	-1
25282.2363	-1
25290.4570	-1
25298.6777	-1
25306.8984	-1
25315.1191	-1
25323.3398	-1
25331.5605	-1
25339.7812	-1
25348.0020	-1
25356.2227	-1
25364.4434	-1
25372.6641	-1
25380.8848	-1
25389.1055	-1
25397.3262	-1
25405.5469	-1
25413.7676	-1
25421.9883	-1
25430.2090	-1
25438.4297	-1
25446.6504	-1
25454.8711	-1
25463.0918	-1
25471.3125	-1
25479.5332	-1
25487.7539	-1
25495.9746	-1
25504.1953	-1
25512.4160	-1
25520.6367	-1
25528.8574	-1
25537.0781	-1
25545.2988	-1
25553.5195	-1
25561.7402	-1
25569.9609	-1
25578.1816	-1
25586.4023	-1
25594.6230	-1
25602.8438	-1
25611.0645	-1
25619.2852	-1
25627.5059	-1
25635.7266	-1
25643.9473	-1
25652.1680	-1
25660.3887	-1
25668.6094	-1
25676.8301	-1
25685.0508	-1
25693.2715	-1
25701.4922	-1
25709.7129	-1
25717.9336	-1
25726.1543	-1
25734.3750	-1
25742.5957	-1
25750.8184	1
25759.0410	1
25767.2637	-1
25775.4863	-1
25783.7090	-1
25791.9316	-1
25800.1543	-1
25808.3770	-1
25816.5996	-1
25824.8223	-1
25833.0449	-1
25841.2676	-1
25849.4902	-1
25857.7129	-1
25865.9375	-1
25874.1621	-1
25882.3867	-1
25890.6113	-1
25898.8359	-1
25907.0605	-1
25915.2852	-1
25923.5098	-1
25931.7344	-1
25939.9590	-1
25948.1836	-1
25956.4082	-1
25964.6328	-1
25972.8574	-1
25981.0820	-1
25989.3066	-1
25997.5312	-1
26005.7559	-1
26013.9805	-1
26022.2051	-1
26030.4297	-1
26038.6543	-1
26046.8789	-1
26055.1035	-1
26063.3281	-1
26071.5527	-1
26079.7773	-1
26088.0020	-1
26096.2266	-1
26104.4512	-1
26112.6758	-1
26120.9004	-1
26129.1250	-1
26137.3496	-1
26145.5742	-1
26153.7988	-1
26162.0234	-1
26170.2480	-1
26178.4727	-1
26186.6973	-1
26194.9219	-1
26203.1465	-1
26211.3711	-1
26219.5957	-1
26227.8203	-1
26236.0449	-1
26244.2695	-1
26252.4941	-1
26260.7188	-1
26268.9434	-1
26277.1680	-1
26285.3926	-1
26293.6172	-1
26301.8418	-1
26310.0664	-1
26318.2910	-1
26326.5156	-1
26334.7402	-1
26342.9648	-1
26351.1895	-1
26359.4160	-1
26367.6426	-1
26375.8691	-1
26384.0957	-1
26392.3223	-1
26400.5488	-1
26408.7754	-1
26417.0020	-1
26425.2285	-1
26433.4551	-1
26445.3027	1
26457.1504	-1
