0.0000	0
0.0876	-1
0.9023	-2
0.9804	-2
1.7053	-2
1.8271	-2
2.0551	-2
2.0621	-2
2.3276	-2
2.3960	-2
2.4440	-2
2.5617	-2
2.5932	-2
2.6872	-2
2.7666	-2
2.7888	-2
2.9250	-2
3.2649	-1
3.3920	-2
3.5988	-2
3.7524	-2
3.7965	-2
3.9575	-2
4.1428	-2
4.1467	-2
4.3800	-2
4.5576	-2
4.8362	-2
5.0574	-2
5.1146	-2
5.1335	-2
5.1914	-2
5.3889	-2
5.6258	-2
5.7434	-2
5.9939	-2
6.0877	-2
6.2189	-2
6.2230	-2
6.3051	-2
6.4429	1
6.4834	2
6.5554	-2
6.5826	-2
6.6295	-2
6.6538	2
6.6605	-2
6.6803	-2
6.8278	-2
6.9448	-2
7.2830	-2
8.1893	-2
8.3752	-2
8.4731	-2
8.6429	-2
8.8319	-2
11.0791	-2
11.4265	-2
11.5894	-2
12.0297	-2
13.2728	1
15.7524	-2
20.1044	-1
26.9362	1
33.7682	1
40.6013	-1
47.4345	-1
54.2677	-1
61.1009	-1
67.9340	-1
74.7672	-1
81.6005	-1
88.4338	-1
95.2670	-1
102.1003	-1
108.9336	-1
115.7669	-1
122.6005	1
129.4341	1
136.2677	1
143.1014	1
149.9369	-1
156.7723	-1
163.6078	-1
170.4433	-1
177.2787	-1
184.1142	-1
190.9498	-1
197.7854	-1
204.6209	-1
211.4565	-1
218.2921	-1
225.1277	-1
231.9635	-1
238.7992	-1
245.6349	-1
252.4707	-1
259.3064	-1
266.1422	-1
272.9780	-1
279.8138	-1
286.6497	-1
293.4855	-1
300.3214	-1
307.1572	-1
313.9933	1
320.8294	1
327.6655	1
334.5018	1
341.3381	1
348.1744	1
355.0108	1
361.8472	1
368.6857	-1
375.5241	-1
382.3625	-1
389.2010	-1
396.0394	-1
402.8779	-1
409.7170	-1
416.5562	-1
423.3953	-1
430.2344	-1
437.0736	-1
443.9127	-1
450.7520	-1
457.5912	-1
464.4304	-1
471.2697	-1
478.1089	-1
484.9481	-1
491.7874	-1
498.6268	-1
505.4662	-1
512.3055	-1
519.1448	-1
525.9842	-1
532.8236	1
539.6631	1
546.5030	-1
553.3430	-1
560.1829	-1
567.0229	-1
573.8629	-1
580.7028	-1
587.5428	-1
594.3829	-1
601.2229	-1
608.0629	-1
614.9030	-1
621.7430	-1
628.5834	-1
635.4238	-1
642.2642	-1
649.1046	-1
655.9449	-1
662.7853	-1
669.6259	-1
676.4664	-1
683.3069	-1
690.1474	-1
696.9879	-1
703.8284	-1
710.6691	1
717.5097	1
724.3504	1
731.1912	1
738.0319	1
744.8744	-1
751.7169	-1
758.5593	-1
765.4018	-1
772.2443	-1
779.0867	-1
785.9302	-1
792.7737	-1
799.6172	-1
806.4608	-1
813.3043	-1
820.1478	-1
826.9914	-1
833.8350	-1
840.6786	-1
847.5223	-1
854.3659	-1
861.2095	-1
868.0533	-1
874.8970	-1
881.7408	-1
888.5845	-1
895.4283	-1
902.2720	-1
909.1159	-1
915.9598	-1
922.8036	-1
929.6475	-1
936.4914	-1
943.3353	-1
950.1792	-1
957.0231	-1
963.8671	-1
970.7110	-1
977.5549	-1
984.3989	-1
991.2430	-1
998.0870	-1
1004.9311	-1
1011.7751	-1
1018.6192	-1
1025.4738	1
1032.3296	-1
1039.1857	1
1046.0419	1
1052.8990	-1
1059.7562	-1
1066.6134	-1
1073.4706	-1
1080.3278	-1
1087.1849	-1
1094.0422	-1
1100.8995	-1
1107.7568	-1
1114.6141	-1
1121.4714	-1
1128.3287	-1
1135.1863	1
1142.0439	1
1148.9016	1
1155.7594	1
1162.6184	-1
1169.4774	-1
1176.3364	-1
1183.1954	-1
1190.0544	-1
1196.9135	-1
1203.7729	1
1210.6324	1
1217.4921	-1
1224.3517	-1
1231.2113	-1
1238.0709	-1
1244.9305	-1
1251.7902	-1
1258.6500	1
1265.5100	1
1272.3700	-1
1279.2301	-1
1286.0902	-1
1292.9503	-1
1299.8104	-1
1306.6705	-1
1313.5309	1
1320.3914	1
1327.2522	-1
1334.1130	-1
1340.9739	-1
1347.8347	-1
1354.6956	-1
1361.5564	-1
1368.4178	1
1375.2793	1
1382.1409	-1
1389.0024	-1
1395.8640	-1
1402.7256	-1
1409.5872	-1
1416.4487	-1
1423.3107	1
1430.1731	-1
1437.0355	-1
1443.8979	-1
1450.7604	-1
1457.6228	-1
1464.4852	-1
1471.3491	-1
1478.2130	-1
1485.0769	-1
1491.9409	-1
1498.8049	-1
1505.6689	-1
1512.5333	-1
1519.3978	-1
1526.2623	-1
1533.1268	-1
1539.9913	-1
1546.8558	-1
1553.7203	-1
1560.5848	-1
1567.4493	-1
1574.3138	-1
1581.1785	-1
1588.0431	-1
1594.9077	-1
1601.7723	-1
1608.6370	-1
1615.5016	-1
1622.3662	-1
1629.2308	-1
1636.0958	-1
1642.9608	-1
1649.8258	-1
1656.6908	-1
1663.5558	-1
1670.4208	-1
1677.2860	-1
1684.1512	-1
1691.0165	-1
1697.8817	-1
1704.7469	-1
1711.6122	-1
1718.4775	-1
1725.3429	-1
1732.2083	-1
1739.0833	1
1745.9596	-1
1752.8362	1
1759.7128	1
1766.5900	-1
1773.4672	-1
1780.3444	-1
1787.2216	-1
1794.0988	-1
1800.9760	-1
1807.8533	-1
1814.7306	-1
1821.6079	-1
1828.4852	-1
1835.3625	-1
1842.2399	-1
1849.1174	1
1855.9951	1
1862.8729	1
1869.7507	1
1876.6293	-1
1883.5078	-1
1890.3864	-1
1897.2649	-1
1904.1434	-1
1911.0220	-1
1917.9008	-1
1924.7795	-1
1931.6583	-1
1938.5371	-1
1945.4159	-1
1952.2947	-1
1959.1736	-1
1966.0525	-1
1972.9314	-1
1979.8103	-1
1986.6892	-1
1993.5681	-1
2000.4470	-1
2007.3259	-1
2014.2048	-1
2021.0837	-1
2027.9626	-1
2034.8416	-1
2041.7207	1
2048.6001	1
2055.4800	-1
2062.3599	-1
2069.2397	-1
2076.1196	-1
2082.9995	-1
2089.8794	-1
2096.7593	-1
2103.6392	-1
2110.5190	-1
2117.4087	1
2124.2993	-1
2131.1904	1
2138.0815	1
2144.9729	-1
2151.8650	-1
2158.7661	1
2165.6685	-1
2172.5710	1
2179.4736	1
2186.3767	-1
2193.2798	-1
2200.1831	-1
2207.0864	-1
2213.9897	-1
2220.8931	-1
2227.7964	-1
2234.6997	-1
2241.6030	-1
2248.5063	-1
2255.4097	-1
2262.3130	-1
2269.2166	1
2276.1201	1
2283.0237	1
2289.9275	1
2296.8318	-1
2303.7361	-1
2310.6404	-1
2317.5447	-1
2324.4490	-1
2331.3533	-1
2338.2578	-1
2345.1624	-1
2352.0669	-1
2358.9714	-1
2365.8760	-1
2372.7805	-1
2379.6851	-1
2386.5896	-1
2393.4941	-1
2400.3987	-1
2407.3032	-1
2414.2078	-1
2421.1125	-1
2428.0173	-1
2434.9221	-1
2441.8269	-1
2448.7317	-1
2455.6365	-1
2462.5415	1
2469.4465	1
2476.3518	1
2483.2571	1
2490.1624	1
2497.0676	1
2503.9729	1
2510.8782	1
2517.7844	-1
2524.6907	-1
2531.5969	-1
2538.5032	-1
2545.4094	-1
2552.3157	-1
2559.2222	-1
2566.1287	-1
2573.0352	-1
2579.9417	-1
2586.8481	-1
2593.7546	-1
2600.6611	-1
2607.5676	-1
2614.4741	-1
2621.3806	-1
2628.2871	-1
2635.1936	-1
2642.1008	-1
2649.0081	-1
2655.9153	-1
2662.8225	-1
2669.7297	-1
2676.6370	-1
2683.5442	-1
2690.4514	-1
2697.3586	-1
2704.2659	-1
2711.1731	-1
2718.0806	-1
2724.9880	-1
2731.8955	-1
2738.8030	-1
2745.7104	-1
2752.6179	-1
2759.5254	-1
2766.4329	1
2773.3403	-1
2780.2478	-1
2787.1553	-1
2794.0627	-1
2800.9702	-1
2807.8777	-1
2814.7852	1
2821.6929	1
2828.6006	1
2835.5083	-1
2842.4160	-1
2849.3237	-1
2856.2314	-1
2863.1392	-1
2870.0469	-1
2876.9546	1
2883.8623	1
2890.7715	-1
2897.6807	-1
2904.5898	-1
2911.4990	-1
2918.4082	-1
2925.3174	-1
2932.2266	-1
2939.1357	-1
2946.0449	-1
2952.9541	-1
2959.8633	-1
2966.7727	-1
2973.6821	-1
2980.5916	-1
2987.5010	-1
2994.4104	-1
3001.3198	-1
3008.2292	-1
3015.1387	-1
3022.0481	-1
3028.9575	-1
3035.8669	-1
3042.7764	-1
3049.6858	-1
3056.5955	-1
3063.5051	-1
3070.4148	-1
3077.3245	-1
3084.2341	-1
3091.1438	-1
3098.0535	-1
3104.9631	-1
3111.8826	1
3118.8032	-1
3125.7244	1
3132.6455	1
3139.5676	-1
3146.4897	-1
3153.4119	-1
3160.3340	-1
3167.2659	1
3174.1987	-1
3181.1318	1
3188.0649	1
3194.9988	-1
3201.9326	-1
3208.8665	-1
3215.8003	-1
3222.7346	-1
3229.6780	1
3236.6223	-1
3243.5671	1
3250.5120	1
3257.4578	-1
3264.4036	-1
3271.3494	-1
3278.2952	-1
3285.2410	-1
3292.1868	-1
3299.1328	-1
3306.0789	-1
3313.0249	-1
3319.9709	-1
3326.9170	-1
3333.8630	-1
3340.8093	1
3347.7556	1
3354.7019	1
3361.6482	1
3368.5959	-1
3375.5437	-1
3382.4915	-1
3389.4392	-1
3396.3870	-1
3403.3347	-1
3410.2827	-1
3417.2307	-1
3424.1787	-1
3431.1267	-1
3438.0747	-1
3445.0227	-1
3451.9707	-1
3458.9187	-1
3465.8667	-1
3472.8147	-1
3479.7627	-1
3486.7107	-1
3493.6589	-1
3500.6072	-1
3507.5554	-1
3514.5037	-1
3521.4519	-1
3528.4001	-1
3535.3484	1
3542.2969	1
3549.2454	1
3556.1941	1
3563.1428	1
3570.0916	1
3577.0403	1
3583.9890	1
3590.9399	-1
3597.8909	-1
3604.8418	-1
3611.7927	-1
3618.7437	-1
3625.6946	-1
3632.6455	-1
3639.5964	-1
3646.5474	-1
3653.4983	-1
3660.4492	-1
3667.4001	-1
3674.3513	-1
3681.3025	-1
3688.2537	-1
3695.2048	-1
3702.1560	-1
3709.1072	-1
3716.0583	-1
3723.0095	-1
3729.9607	-1
3736.9119	-1
3743.8630	-1
3750.8142	-1
3757.7659	-1
3764.7175	-1
3771.6692	-1
3778.6208	-1
3785.5725	-1
3792.5244	-1
3799.4768	-1
3806.4292	-1
3813.3816	-1
3820.3340	-1
3827.2864	-1
3834.2388	-1
3841.1912	-1
3848.1436	-1
3855.0959	-1
3862.0483	-1
3869.0007	-1
3875.9531	-1
3882.9055	1
3889.8579	-1
3896.8103	-1
3903.7627	-1
3910.7151	-1
3917.6675	1
3924.6199	-1
3931.5723	-1
3938.5249	1
3945.4775	1
3952.4319	-1
3959.3862	-1
3966.3406	-1
3973.2949	-1
3980.2493	-1
3987.2036	-1
3994.1582	-1
4001.1128	-1
4008.0674	-1
4015.0220	-1
4021.9766	-1
4028.9312	-1
4035.8857	-1
4042.8403	-1
4049.7949	-1
4056.7495	-1
4063.7041	-1
4070.6587	-1
4077.6135	-1
4084.5684	-1
4091.5232	-1
4098.4878	1
4105.4536	-1
4112.4194	1
4119.3857	1
4126.3530	-1
4133.3203	-1
4140.2876	-1
4147.2549	-1
4154.2222	-1
4161.1895	-1
4168.1567	-1
4175.1240	-1
4182.0913	-1
4189.0586	-1
4196.0259	-1
4202.9932	-1
4209.9609	1
4216.9287	1
4223.8965	1
4230.8643	1
4237.8335	-1
4244.8027	-1
4251.7720	-1
4258.7412	-1
4265.7104	-1
4272.6797	-1
4279.6489	-1
4286.6182	-1
4293.5874	-1
4300.5566	-1
4307.5259	-1
4314.4951	-1
4321.4648	-1
4328.4346	-1
4335.4043	-1
4342.3740	-1
4349.3438	-1
4356.3135	-1
4363.2832	-1
4370.2529	-1
4377.2227	-1
4384.1924	-1
4391.1621	-1
4398.1318	-1
4405.1021	1
4412.0723	1
4419.0425	1
4426.0127	1
4432.9829	1
4439.9531	1
4446.9253	-1
4453.8975	-1
4460.8696	-1
4467.8418	-1
4474.8140	-1
4481.7861	-1
4488.7588	-1
4495.7314	-1
4502.7041	-1
4509.6768	-1
4516.6494	-1
4523.6221	-1
4530.5947	-1
4537.5674	-1
4544.5400	-1
4551.5127	-1
4558.4854	-1
4565.4580	-1
4572.4307	-1
4579.4038	-1
4586.3770	-1
4593.3501	-1
4600.3232	-1
4607.2964	-1
4614.2695	-1
4621.2427	-1
4628.2158	-1
4635.1890	-1
4642.1621	-1
4649.1353	-1
4656.1084	-1
4663.0815	-1
4670.0547	-1
4677.0376	1
4684.0220	-1
4691.0063	1
4697.9907	1
4704.9761	-1
4711.9614	-1
4718.9468	-1
4725.9321	-1
4732.9175	-1
4739.9028	-1
4746.8882	-1
4753.8735	-1
4760.8589	-1
4767.8442	-1
4774.8296	-1
4781.8149	-1
4788.8003	1
4795.7861	1
4802.7720	1
4809.7578	1
4816.7441	-1
4823.7305	-1
4830.7168	-1
4837.7031	-1
4844.6895	-1
4851.6758	-1
4858.6621	-1
4865.6484	-1
4872.6348	-1
4879.6211	-1
4886.6074	-1
4893.5938	-1
4900.5806	-1
4907.5674	-1
4914.5542	-1
4921.5410	-1
4928.5278	-1
4935.5146	-1
4942.5015	-1
4949.4883	-1
4956.4751	-1
4963.4619	-1
4970.4487	-1
4977.4355	-1
4984.4224	1
4991.4097	1
4998.3970	1
5005.3843	1
5012.3721	1
5019.3599	1
5026.3477	1
5033.3354	1
5040.3232	-1
5047.3110	-1
5054.2988	-1
5061.2866	-1
5068.2744	-1
5075.2622	-1
5082.2510	-1
5089.2397	-1
5096.2285	-1
5103.2173	-1
5110.2061	-1
5117.1948	-1
5124.1836	-1
5131.1724	-1
5138.1611	-1
5145.1499	-1
5152.1387	-1
5159.1274	-1
5166.1167	-1
5173.1060	-1
5180.0952	-1
5187.0845	-1
5194.0737	-1
5201.0630	-1
5208.0522	-1
5215.0415	-1
5222.0308	-1
5229.0200	-1
5236.0093	-1
5242.9985	-1
5249.9878	-1
5256.9771	-1
5263.9663	-1
5270.9556	-1
5277.9448	-1
5284.9341	-1
5291.9238	-1
5298.9136	-1
5305.9033	-1
5312.8931	-1
5319.8828	-1
5326.8726	-1
5333.8623	-1
5340.8623	1
5347.8633	-1
5354.8647	1
5361.8662	1
5368.8687	-1
5375.8711	-1
5382.8735	-1
5389.8760	-1
5396.8784	-1
5403.8809	-1
5410.8833	-1
5417.8950	1
5424.9082	-1
5431.9219	1
5438.9355	1
5445.9497	-1
5452.9639	-1
5459.9785	-1
5467.0020	1
5474.0269	-1
5481.0518	1
5488.0767	1
5495.1025	-1
5502.1284	-1
5509.1543	-1
5516.1802	-1
5523.2153	1
5530.2520	-1
5537.2886	1
5544.3252	1
5551.3628	-1
5558.4004	-1
5565.4385	-1
5572.4858	1
5579.5342	-1
5586.5830	1
5593.6318	1
5600.6816	-1
5607.7314	-1
5614.7905	1
5621.8506	-1
5628.9111	1
5635.9717	1
5643.0332	-1
5650.0947	-1
5657.1655	1
5664.2373	-1
5671.3096	1
5678.3818	1
5685.4551	-1
5692.5283	-1
5699.6016	-1
5706.6748	-1
5713.7578	1
5720.8418	-1
5727.9263	1
5735.0107	1
5742.0962	-1
5749.1816	-1
5756.2671	-1
5763.3525	-1
5770.4473	1
5777.5430	-1
5784.6392	1
5791.7354	1
5798.8325	-1
5805.9297	-1
5813.0269	-1
5820.1333	1
5827.2407	-1
5834.3486	1
5841.4565	1
5848.5654	-1
5855.6743	-1
5862.7832	-1
5869.8921	-1
5877.0010	-1
5884.1099	-1
5891.2192	-1
5898.3286	-1
5905.4380	-1
5912.5474	-1
5919.6567	-1
5926.7661	-1
5933.8755	1
5940.9849	1
5948.0957	-1
5955.2065	-1
5962.3174	-1
5969.4282	-1
5976.5391	-1
5983.6499	-1
5990.7607	-1
5997.8809	1
6005.0020	-1
6012.1235	1
6019.2451	1
6026.3672	-1
6033.4897	-1
6040.6211	1
6047.7539	-1
6054.8867	1
6062.0195	1
6069.1533	-1
6076.2871	-1
6083.4214	-1
6090.5645	1
6097.7085	-1
6104.8530	1
6111.9976	1
6119.1431	-1
6126.2886	-1
6133.4341	-1
6140.5796	-1
6147.7251	-1
6154.8706	-1
6162.0166	-1
6169.1626	-1
6176.3086	-1
6183.4639	1
6190.6201	-1
6197.7769	1
6204.9336	1
6212.0908	-1
6219.2480	-1
6226.4053	-1
6233.5625	-1
6240.7197	-1
6247.8770	-1
6255.0342	-1
6262.1914	-1
6269.3486	-1
6276.5059	-1
6283.6631	-1
6290.8203	-1
6297.9780	1
6305.1357	1
6312.2935	1
6319.4512	1
6326.6094	-1
6333.7676	-1
6340.9258	-1
6348.0840	-1
6355.2422	-1
6362.4004	-1
6369.5591	-1
6376.7178	-1
6383.8765	-1
6391.0352	-1
6398.1938	-1
6405.3525	-1
6412.5112	1
6419.6699	1
6426.8286	-1
6433.9873	-1
6441.1460	-1
6448.3047	-1
6455.4639	-1
6462.6230	-1
6469.7822	-1
6476.9414	-1
6484.1006	-1
6491.2598	-1
6498.4189	-1
6505.5781	-1
6512.7373	1
6519.8965	1
6527.0557	1
6534.2158	-1
6541.3760	-1
6548.5361	-1
6555.6963	-1
6562.8564	-1
6570.0166	-1
6577.1772	-1
6584.3379	-1
6591.4985	-1
6598.6592	-1
6605.8198	-1
6612.9805	-1
6620.1411	-1
6627.3018	-1
6634.4624	-1
6641.6230	-1
6648.7837	-1
6655.9443	-1
6663.1050	-1
6670.2656	-1
6677.4263	-1
6684.5869	-1
6691.7476	-1
6698.9082	-1
6706.0688	-1
6713.2295	-1
6720.3901	-1
6727.5508	-1
6734.7114	-1
6741.8721	-1
6749.0420	1
6756.2129	-1
6763.3843	1
6770.5557	1
6777.7275	-1
6784.8994	-1
6792.0713	-1
6799.2432	-1
6806.4150	-1
6813.5869	-1
6820.7588	-1
6827.9307	-1
6835.1025	-1
6842.2744	-1
6849.4463	-1
6856.6182	-1
6863.7905	1
6870.9629	1
6878.1353	1
6885.3076	1
6892.4805	-1
6899.6533	-1
6906.8262	-1
6913.9990	-1
6921.1719	-1
6928.3447	-1
6935.5181	-1
6942.6914	-1
6949.8647	-1
6957.0381	-1
6964.2114	-1
6971.3848	-1
6978.5581	-1
6985.7314	-1
6992.9048	-1
7000.0781	-1
7007.2515	-1
7014.4248	-1
7021.5981	-1
7028.7715	-1
7035.9448	-1
7043.1182	-1
7050.2915	-1
7057.4648	-1
7064.6387	1
7071.8125	1
7078.9868	-1
7086.1611	-1
7093.3354	-1
7100.5098	-1
7107.6841	-1
7114.8584	-1
7122.0327	-1
7129.2070	-1
7136.3906	1
7143.5757	-1
7150.7607	1
7157.9458	1
7165.1323	-1
7172.3188	-1
7179.5054	-1
7186.6919	-1
7193.8784	-1
7201.0649	-1
7208.2515	-1
7215.4380	-1
7222.6245	-1
7229.8110	-1
7236.9976	-1
7244.1841	-1
7251.3706	1
7258.5576	1
7265.7446	1
7272.9316	1
7280.1196	-1
7287.3076	-1
7294.4956	-1
7301.6836	-1
7308.8716	-1
7316.0596	-1
7323.2480	1
7330.4370	-1
7337.6260	-1
7344.8149	-1
7352.0039	-1
7359.1929	-1
7366.3818	-1
7373.5708	-1
7380.7598	-1
7387.9487	-1
7395.1377	-1
7402.3267	-1
7409.5156	-1
7416.7046	-1
7423.8936	-1
7431.0825	-1
7438.2715	-1
7445.4604	-1
7452.6494	-1
7459.8384	1
7467.0278	1
7474.2173	1
7481.4067	1
7488.5962	1
7495.7856	1
7502.9751	1
7510.1655	-1
7517.3560	-1
7524.5464	-1
7531.7368	-1
7538.9272	-1
7546.1177	-1
7553.3091	-1
7560.5005	-1
7567.6919	-1
7574.8833	-1
7582.0747	-1
7589.2661	-1
7596.4575	1
7603.6504	-1
7610.8433	-1
7618.0361	-1
7625.2290	-1
7632.4219	-1
7639.6147	-1
7646.8076	-1
7654.0005	-1
7661.1934	-1
7668.3862	-1
7675.5791	-1
7682.7720	-1
7689.9658	-1
7697.1597	-1
7704.3535	-1
7711.5474	-1
7718.7412	-1
7725.9351	-1
7733.1294	-1
7740.3237	-1
7747.5181	-1
7754.7124	-1
7761.9067	-1
7769.1011	-1
7776.2954	-1
7783.4897	-1
7790.6841	-1
7797.8784	-1
7805.0728	-1
7812.2671	-1
7819.4619	-1
7826.6567	-1
7833.8516	-1
7841.0464	-1
7848.2412	-1
7855.4360	-1
7862.6309	-1
7869.8257	-1
7877.0205	-1
7884.2153	-1
7891.4102	-1
7898.6143	1
7905.8193	-1
7913.0249	1
7920.2305	1
7927.4370	-1
7934.6436	-1
7941.8501	-1
7949.0566	-1
7956.2632	-1
7963.4697	-1
7970.6763	-1
7977.8828	-1
7985.0894	-1
7992.2959	-1
7999.5024	-1
8006.7090	-1
8013.9160	1
8021.1230	1
8028.3301	1
8035.5371	1
8042.7456	-1
8049.9541	-1
8057.1626	-1
8064.3711	-1
8071.5796	-1
8078.7881	-1
8085.9971	-1
8093.2061	-1
8100.4150	-1
8107.6240	-1
8114.8330	-1
8122.0420	-1
8129.2510	-1
8136.4600	-1
8143.6689	-1
8150.8779	-1
8158.0869	-1
8165.2959	-1
8172.5049	-1
8179.7139	-1
8186.9229	-1
8194.1318	-1
8201.3408	-1
8208.5498	-1
8215.7588	1
8222.9678	1
8230.1768	1
8237.3857	1
8244.5957	1
8251.8057	1
8259.0156	1
8266.2256	1
8273.4375	-1
8280.6494	-1
8287.8613	-1
8295.0732	-1
8302.2852	-1
8309.4971	-1
8316.7100	-1
8323.9229	-1
8331.1357	1
8338.3486	-1
8345.5615	-1
8352.7744	-1
8359.9873	-1
8367.2002	1
8374.4131	-1
8381.6260	-1
8388.8389	-1
8396.0518	-1
8403.2646	-1
8410.4775	-1
8417.6904	-1
8424.9033	-1
8432.1162	-1
8439.3291	-1
8446.5420	-1
8453.7549	-1
8460.9678	-1
8468.1807	-1
8475.3936	-1
8482.6064	-1
8489.8193	-1
8497.0322	-1
8504.2461	-1
8511.4600	-1
8518.6738	-1
8525.8877	-1
8533.1016	-1
8540.3154	-1
8547.5293	-1
8554.7432	-1
8561.9570	-1
8569.1709	-1
8576.3848	-1
8583.5986	-1
8590.8125	-1
8598.0264	-1
8605.2402	-1
8612.4541	-1
8619.6680	-1
8626.8818	-1
8634.0967	-1
8641.3115	-1
8648.5264	-1
8655.7412	-1
8662.9561	-1
8670.1709	-1
8677.3857	-1
8684.6006	-1
8691.8242	1
8699.0498	-1
8706.2754	1
8713.5010	1
8720.7275	-1
8727.9541	-1
8735.1807	-1
8742.4072	-1
8749.6338	-1
8756.8604	-1
8764.0869	-1
8771.3135	-1
8778.5400	-1
8785.7666	-1
8792.9932	-1
8800.2197	-1
8807.4463	1
8814.6738	-1
8821.9014	-1
8829.1289	-1
8836.3564	-1
8843.5938	1
8850.8320	-1
8858.0703	1
8865.3086	1
8872.5488	-1
8879.7891	-1
8887.0293	-1
8894.2695	-1
8901.5098	-1
8908.7500	-1
8915.9902	-1
8923.2305	-1
8930.4707	-1
8937.7109	-1
8944.9512	-1
8952.1914	-1
8959.4316	1
8966.6719	1
8973.9131	-1
8981.1543	-1
8988.3955	-1
8995.6367	-1
9002.8779	-1
9010.1191	-1
9017.3604	-1
9024.6016	-1
9031.8525	1
9039.1045	-1
9046.3574	1
9053.6104	1
9060.8643	-1
9068.1182	-1
9075.3721	-1
9082.6260	-1
9089.8799	-1
9097.1338	-1
9104.3877	-1
9111.6416	-1
9118.8955	-1
9126.1494	-1
9133.4033	-1
9140.6572	-1
9147.9111	1
9155.1650	1
9162.4189	1
9169.6738	1
9176.9297	-1
9184.1855	-1
9191.4414	-1
9198.6973	-1
9205.9531	-1
9213.2090	-1
9220.4648	-1
9227.7207	-1
9234.9766	-1
9242.2324	-1
9249.4883	-1
9256.7441	-1
9264.0000	-1
9271.2559	-1
9278.5117	-1
9285.7676	-1
9293.0234	-1
9300.2793	-1
9307.5352	-1
9314.7910	-1
9322.0469	-1
9329.3027	-1
9336.5586	-1
9343.8145	-1
9351.0713	1
9358.3281	1
9365.5850	1
9372.8418	1
9380.0986	1
9387.3555	1
9394.6123	1
9401.8691	1
9409.1279	-1
9416.3867	-1
9423.6455	-1
9430.9043	-1
9438.1631	-1
9445.4219	-1
9452.6816	-1
9459.9414	-1
9467.2012	-1
9474.4609	-1
9481.7207	-1
9488.9805	-1
9496.2402	1
9503.5000	1
9510.7607	1
9518.0215	1
9525.2822	-1
9532.5430	-1
9539.8037	-1
9547.0645	-1
9554.3252	-1
9561.5859	-1
9568.8467	-1
9576.1074	-1
9583.3682	-1
9590.6289	-1
9597.8896	-1
9605.1504	-1
9612.4121	-1
9619.6738	-1
9626.9355	-1
9634.1973	-1
9641.4590	-1
9648.7207	-1
9655.9824	-1
9663.2441	-1
9670.5059	-1
9677.7676	-1
9685.0293	-1
9692.2910	-1
9699.5527	-1
9706.8145	-1
9714.0762	-1
9721.3379	-1
9728.5996	-1
9735.8613	-1
9743.1230	-1
9750.3848	-1
9757.6465	-1
9764.9082	-1
9772.1699	-1
9779.4316	-1
9786.6943	1
9793.9570	1
9801.2197	1
9808.4824	1
9815.7451	1
9823.0078	1
9830.2705	1
9837.5332	1
9844.7959	1
9852.0586	1
9859.3213	1
9866.5840	1
9873.8467	-1
9881.1094	-1
9888.3721	-1
9895.6348	-1
9902.8975	-1
9910.1602	-1
9917.4238	-1
9924.6875	-1
9931.9512	-1
9939.2148	-1
9946.4785	-1
9953.7422	-1
9961.0059	1
9968.2705	-1
9975.5352	-1
9982.7998	-1
9990.0645	-1
9997.3291	-1
10004.5938	-1
10011.8584	-1
10019.1230	-1
10026.3877	-1
10033.6523	-1
10040.9170	-1
10048.1816	-1
10055.4473	-1
10062.7129	-1
10069.9785	-1
10077.2441	-1
10084.5098	-1
10091.7754	-1
10099.0430	-1
10106.3105	-1
10113.5781	-1
10120.8457	-1
10128.1133	-1
10135.3809	-1
10142.6494	-1
10149.9180	-1
10157.1865	-1
10164.4551	-1
10171.7236	-1
10178.9922	-1
10186.2607	-1
10193.5293	-1
10200.7979	-1
10208.0664	-1
10215.3350	-1
10222.6035	-1
10229.8730	-1
10237.1426	-1
10244.4121	-1
10251.6816	-1
10258.9512	-1
10266.2207	-1
10273.4902	-1
10280.7598	-1
10288.0293	-1
10295.2988	-1
10302.5684	-1
10309.8379	-1
10317.1074	-1
10324.3770	-1
10331.6465	-1
10338.9160	-1
10346.1855	-1
10353.4551	-1
10360.7246	-1
10367.9941	-1
10375.2637	-1
10382.5332	-1
10389.8027	-1
10397.0723	-1
10404.3418	-1
10411.6113	-1
10418.8809	-1
10426.1504	-1
10433.4199	-1
10440.6895	-1
10447.9590	-1
10455.2285	-1
10462.4980	-1
10469.7676	-1
10477.0371	-1
10484.3066	-1
10491.5771	-1
10498.8477	-1
10506.1182	-1
10513.3887	-1
10520.6592	-1
10527.9297	-1
10535.2002	-1
10542.4707	-1
10549.7412	-1
10557.0117	-1
10564.2822	-1
10571.5527	-1
10578.8232	-1
10586.0938	-1
10593.3643	-1
10600.6348	-1
10607.9053	-1
10615.1758	-1
10622.4561	1
10629.7373	-1
10637.0186	1
10644.2998	1
10651.5820	-1
10658.8643	-1
10666.1465	-1
10673.4287	-1
10680.7109	-1
10687.9932	-1
10695.2754	-1
10702.5576	-1
10709.8398	-1
10717.1221	-1
10724.4043	-1
10731.6865	-1
10738.9697	1
10746.2529	1
10753.5361	1
10760.8193	1
10768.1035	-1
10775.3877	-1
10782.6719	-1
10789.9561	-1
10797.2402	-1
10804.5244	-1
10811.8096	-1
10819.0947	-1
10826.3799	-1
10833.6650	-1
10840.9502	-1
10848.2354	-1
10855.5205	1
10862.8057	1
10870.0908	-1
10877.3760	-1
10884.6611	-1
10891.9463	-1
10899.2314	-1
10906.5166	-1
10913.8018	-1
10921.0869	-1
10928.3721	-1
10935.6572	-1
10942.9424	-1
10950.2275	-1
10957.5127	1
10964.7979	1
10972.0840	1
10979.3701	1
10986.6562	1
10993.9424	1
11001.2295	-1
11008.5166	-1
11015.8037	-1
11023.0908	-1
11030.3779	-1
11037.6650	-1
11044.9531	-1
11052.2412	-1
11059.5293	-1
11066.8174	-1
11074.1055	-1
11081.3936	-1
11088.6816	1
11095.9697	1
11103.2588	-1
11110.5479	-1
11117.8369	-1
11125.1260	-1
11132.4150	-1
11139.7041	-1
11146.9932	-1
11154.2822	-1
11161.5713	-1
11168.8604	-1
11176.1494	-1
11183.4385	-1
11190.7275	-1
11198.0166	-1
11205.3057	-1
11212.5947	-1
11219.8838	-1
11227.1729	-1
11234.4619	-1
11241.7510	-1
11249.0400	-1
11256.3291	-1
11263.6182	-1
11270.9072	-1
11278.1973	-1
11285.4873	-1
11292.7773	-1
11300.0674	-1
11307.3574	-1
11314.6475	-1
11321.9375	-1
11329.2275	-1
11336.5176	-1
11343.8076	-1
11351.0977	-1
11358.3877	-1
11365.6787	-1
11372.9697	-1
11380.2607	-1
11387.5518	-1
11394.8428	-1
11402.1338	-1
11409.4248	-1
11416.7158	-1
11424.0068	-1
11431.3076	1
11438.6094	-1
11445.9111	1
11453.2129	1
11460.5156	-1
11467.8184	-1
11475.1211	-1
11482.4238	-1
11489.7266	-1
11497.0293	-1
11504.3330	-1
11511.6367	-1
11518.9492	1
11526.2637	-1
11533.5781	1
11540.8926	1
11548.2080	-1
11555.5234	-1
11562.8389	-1
11570.1543	-1
11577.4697	-1
11584.7852	-1
11592.1006	-1
11599.4160	-1
11606.7314	-1
11614.0469	-1
11621.3623	-1
11628.6777	-1
11635.9932	1
11643.3086	1
11650.6250	1
11657.9414	1
11665.2588	-1
11672.5762	-1
11679.8936	-1
11687.2109	-1
11694.5283	-1
11701.8457	-1
11709.1631	1
11716.4805	1
11723.7979	-1
11731.1152	-1
11738.4326	-1
11745.7500	-1
11753.0674	-1
11760.3848	-1
11767.7031	1
11775.0215	1
11782.3398	-1
11789.6582	-1
11796.9766	-1
11804.2949	-1
11811.6133	-1
11818.9316	-1
11826.2500	1
11833.5684	1
11840.8877	-1
11848.2070	-1
11855.5264	-1
11862.8457	-1
11870.1650	-1
11877.4844	-1
11884.8037	1
11892.1240	1
11899.4453	-1
11906.7666	-1
11914.0879	-1
11921.4092	-1
11928.7305	-1
11936.0518	-1
11943.3730	-1
11950.6943	-1
11958.0156	-1
11965.3369	-1
11972.6582	-1
11979.9795	-1
11987.3008	-1
11994.6221	-1
12001.9434	-1
12009.2646	-1
12016.5859	-1
12023.9072	-1
12031.2285	1
12038.5498	1
12045.8721	-1
12053.1943	-1
12060.5166	-1
12067.8389	-1
12075.1611	-1
12082.4834	-1
12089.8057	1
12097.1279	-1
12104.4502	-1
12111.7725	-1
12119.0947	-1
12126.4170	-1
12133.7393	-1
12141.0615	1
12148.3838	1
12155.7061	1
12163.0293	1
12170.3525	1
12177.6758	1
12184.9990	-1
12192.3223	-1
12199.6455	-1
12206.9688	-1
12214.2920	-1
12221.6152	-1
12228.9385	-1
12236.2617	-1
12243.5850	-1
12250.9082	-1
12258.2314	-1
12265.5547	-1
12272.8789	-1
12280.2031	-1
12287.5273	-1
12294.8516	-1
12302.1758	-1
12309.5000	-1
12316.8262	-1
12324.1523	-1
12331.4785	-1
12338.8047	-1
12346.1309	-1
12353.4570	-1
12360.7832	-1
12368.1094	-1
12375.4355	-1
12382.7617	-1
12390.0879	-1
12397.4141	-1
12404.7402	-1
12412.0664	-1
12419.3926	-1
12426.7188	-1
12434.0449	-1
12441.3711	-1
12448.6982	-1
12456.0254	-1
12463.3525	-1
12470.6797	-1
12478.0068	-1
12485.3340	-1
12492.6621	-1
12499.9902	-1
12507.3184	-1
12514.6465	-1
12521.9746	-1
12529.3027	-1
12536.6309	-1
12543.9590	-1
12551.2871	-1
12558.6152	-1
12565.9434	-1
12573.2715	-1
12580.5996	-1
12587.9277	-1
12595.2559	-1
12602.5840	-1
12609.9121	-1
12617.2402	-1
12624.5684	-1
12631.8965	-1
12639.2246	-1
12646.5527	-1
12653.8809	-1
12661.2090	-1
12668.5381	-1
12675.8672	-1
12683.1963	-1
12690.5342	1
12697.8740	-1
12705.2139	1
12712.5537	1
12719.8945	-1
12727.2354	-1
12734.5762	-1
12741.9170	-1
12749.2578	-1
12756.5986	-1
12763.9395	-1
12771.2803	-1
12778.6211	-1
12785.9619	-1
12793.3027	-1
12800.6436	-1
12807.9854	1
12815.3271	1
12822.6699	-1
12830.0127	-1
12837.3555	-1
12844.6982	-1
12852.0410	-1
12859.3838	-1
12866.7266	-1
12874.0693	-1
12881.4219	1
12888.7754	-1
12896.1289	1
12903.4824	1
12910.8369	-1
12918.1914	-1
12925.5459	-1
12932.9004	-1
12940.2549	-1
12947.6094	-1
12954.9639	-1
12962.3184	-1
12969.6729	-1
12977.0273	-1
12984.3818	-1
12991.7363	-1
12999.0918	1
13006.4473	1
13013.8037	-1
13021.1602	-1
13028.5166	-1
13035.8730	-1
13043.2295	-1
13050.5859	-1
13057.9424	-1
13065.2988	-1
13072.6553	-1
13080.0215	1
13087.3887	-1
13094.7559	1
13102.1240	1
13109.4922	-1
13116.8604	-1
13124.2285	-1
13131.5967	-1
13138.9648	-1
13146.3330	-1
13153.7012	-1
13161.0693	-1
13168.4375	-1
13175.8057	-1
13183.1738	-1
13190.5420	-1
13197.9111	1
13205.2803	1
13212.6494	1
13220.0186	1
13227.3877	-1
13234.7568	-1
13242.1260	-1
13249.4951	-1
13256.8643	-1
13264.2334	-1
13271.6025	-1
13278.9717	-1
13286.3408	-1
13293.7100	-1
13301.0791	-1
13308.4482	-1
13315.8184	-1
13323.1885	-1
13330.5586	-1
13337.9287	-1
13345.2988	-1
13352.6689	-1
13360.0391	1
13367.4092	-1
13374.7793	1
13382.1494	-1
13389.5195	-1
13396.8896	-1
13404.2598	-1
13411.6299	-1
13419.0000	1
13426.3701	1
13433.7402	1
13441.1104	1
13448.4814	1
13455.8525	1
13463.2236	-1
13470.5947	-1
13477.9658	-1
13485.3369	-1
13492.7080	-1
13500.0791	-1
13507.4512	1
13514.8232	-1
13522.1953	-1
13529.5674	-1
13536.9395	-1
13544.3115	-1
13551.6836	-1
13559.0557	1
13566.4277	-1
13573.7998	-1
13581.1719	-1
13588.5439	-1
13595.9160	-1
13603.2881	-1
13610.6602	-1
13618.0322	-1
13625.4043	-1
13632.7764	-1
13640.1484	-1
13647.5205	-1
13654.8936	1
13662.2666	1
13669.6396	-1
13677.0127	-1
13684.3857	-1
13691.7588	-1
13699.1318	-1
13706.5049	-1
13713.8779	-1
13721.2510	-1
13728.6240	-1
13735.9971	-1
13743.3701	-1
13750.7432	-1
13758.1162	-1
13765.4893	-1
13772.8623	-1
13780.2354	-1
13787.6084	-1
13794.9814	-1
13802.3545	-1
13809.7275	-1
13817.1006	-1
13824.4736	-1
13831.8467	-1
13839.2197	-1
13846.5928	1
13853.9658	1
13861.3389	1
13868.7119	1
13876.0850	1
13883.4590	1
13890.8330	1
13898.2070	1
13905.5811	1
13912.9551	1
13920.3291	1
13927.7031	1
13935.0801	-1
13942.4570	-1
13949.8340	-1
13957.2109	-1
13964.5879	-1
13971.9648	-1
13979.3418	-1
13986.7188	-1
13994.0957	-1
14001.4727	-1
14008.8496	-1
14016.2266	-1
14023.6035	-1
14030.9805	-1
14038.3574	-1
14045.7344	-1
14053.1113	-1
14060.4883	-1
14067.8652	1
14075.2422	1
14082.6191	-1
14089.9961	-1
14097.3730	-1
14104.7500	-1
14112.1270	-1
14119.5039	-1
14126.8809	1
14134.2578	1
14141.6348	-1
14149.0117	-1
14156.3887	-1
14163.7656	-1
14171.1426	-1
14178.5195	-1
14185.8965	-1
14193.2734	-1
14200.6504	-1
14208.0273	-1
14215.4043	-1
14222.7812	-1
14230.1582	-1
14237.5352	-1
14244.9121	-1
14252.2891	-1
14259.6660	-1
14267.0439	-1
14274.4219	-1
14281.7998	-1
14289.1777	-1
14296.5557	-1
14303.9336	-1
14311.3115	-1
14318.6895	-1
14326.0674	-1
14333.4453	-1
14340.8232	-1
14348.2012	-1
14355.5791	-1
14362.9570	1
14370.3350	1
14377.7129	-1
14385.0908	-1
14392.4688	-1
14399.8467	-1
14407.2246	-1
14414.6025	-1
14421.9805	1
14429.3584	-1
14436.7363	-1
14444.1143	-1
14451.4922	-1
14458.8701	-1
14466.2480	-1
14473.6260	-1
14481.0039	-1
14488.3818	-1
14495.7598	-1
14503.1377	-1
14510.5156	-1
14517.8936	-1
14525.2715	-1
14532.6494	-1
14540.0273	-1
14547.4053	-1
14554.7832	-1
14562.1621	-1
14569.5410	-1
14576.9199	-1
14584.2988	-1
14591.6777	-1
14599.0566	-1
14606.4355	-1
14613.8145	-1
14621.1934	-1
14628.5723	-1
14635.9512	-1
14643.3301	-1
14650.7100	-1
14658.0898	-1
14665.4697	-1
14672.8496	-1
14680.2295	-1
14687.6094	-1
14694.9893	-1
14702.3691	-1
14709.7490	-1
14717.1289	-1
14724.5088	-1
14731.8887	-1
14739.2686	-1
14746.6484	-1
14754.0283	-1
14761.4082	-1
14768.7881	-1
14776.1680	-1
14783.5479	-1
14790.9277	-1
14798.3076	-1
14805.6875	-1
14813.0674	-1
14820.4473	-1
14827.8271	-1
14835.2070	-1
14842.5869	-1
14849.9668	-1
14857.3467	-1
14864.7266	-1
14872.1074	-1
14879.4883	-1
14886.8691	-1
14894.2500	-1
14901.6309	-1
14909.0117	-1
14916.3926	-1
14923.7734	-1
14931.1543	-1
14938.5352	-1
14945.9160	-1
14953.2969	-1
14960.6777	-1
14968.0684	1
14975.4600	-1
14982.8516	1
14990.2432	1
14997.6357	-1
15005.0283	-1
15012.4209	-1
15019.8135	-1
15027.2061	-1
15034.5986	-1
15041.9912	-1
15049.3838	-1
15056.7764	-1
15064.1689	-1
15071.5615	-1
15078.9541	-1
15086.3564	1
15093.7598	-1
15101.1631	1
15108.5664	1
15115.9707	-1
15123.3750	-1
15130.7793	-1
15138.1836	-1
15145.5879	-1
15152.9922	-1
15160.3975	-1
15167.8027	-1
15175.2080	-1
15182.6133	-1
15190.0186	-1
15197.4238	-1
15204.8291	1
15212.2344	1
15219.6396	1
15227.0449	1
15234.4521	-1
15241.8594	-1
15249.2666	-1
15256.6738	-1
15264.0811	-1
15271.4883	-1
15278.8955	-1
15286.3027	-1
15293.7100	-1
15301.1172	-1
15308.5244	-1
15315.9316	-1
15323.3389	-1
15330.7461	-1
15338.1533	-1
15345.5605	-1
15352.9678	-1
15360.3750	-1
15367.7822	-1
15375.1895	-1
15382.5967	-1
15390.0039	-1
15397.4111	-1
15404.8184	-1
15412.2266	1
15419.6348	1
15427.0430	1
15434.4512	1
15441.8594	1
15449.2676	1
15456.6758	1
15464.0840	1
15471.4941	-1
15478.9043	-1
15486.3145	-1
15493.7246	-1
15501.1348	-1
15508.5449	-1
15515.9551	-1
15523.3652	-1
15530.7754	-1
15538.1855	-1
15545.5957	-1
15553.0059	-1
15560.4180	-1
15567.8301	-1
15575.2422	-1
15582.6543	-1
15590.0664	-1
15597.4785	-1
15604.8906	-1
15612.3027	-1
15619.7148	-1
15627.1270	-1
15634.5391	-1
15641.9512	-1
15649.3633	1
15656.7754	-1
15664.1875	-1
15671.5996	-1
15679.0117	-1
15686.4238	-1
15693.8359	-1
15701.2480	1
15708.6602	1
15716.0723	1
15723.4844	-1
15730.8965	-1
15738.3086	-1
15745.7207	-1
15753.1328	-1
15760.5449	-1
15767.9570	-1
15775.3691	-1
15782.7812	-1
15790.1934	-1
15797.6055	-1
15805.0176	-1
15812.4297	-1
15819.8418	-1
15827.2539	-1
15834.6660	-1
15842.0781	-1
15849.4902	-1
15856.9033	1
15864.3164	1
15871.7295	1
15879.1426	1
15886.5557	1
15893.9688	1
15901.3818	1
15908.7949	1
15916.2080	1
15923.6211	1
15931.0342	1
15938.4473	1
15945.8652	-1
15953.2832	-1
15960.7012	-1
15968.1191	-1
15975.5371	-1
15982.9551	-1
15990.3730	-1
15997.7910	-1
16005.2090	-1
16012.6270	-1
16020.0449	-1
16027.4629	-1
16034.8809	-1
16042.2988	-1
16049.7168	-1
16057.1348	-1
16064.5527	-1
16071.9707	-1
16079.3887	-1
16086.8066	-1
16094.2246	-1
16101.6426	-1
16109.0605	-1
16116.4785	-1
16123.8965	-1
16131.3145	-1
16138.7324	-1
16146.1504	-1
16153.5684	-1
16160.9863	-1
16168.4043	-1
16175.8223	-1
16183.2402	-1
16190.6582	-1
16198.0762	-1
16205.4941	-1
16212.9131	1
16220.3320	1
16227.7510	1
16235.1699	1
16242.5889	-1
16250.0078	-1
16257.4268	-1
16264.8457	-1
16272.2646	-1
16279.6836	-1
16287.1025	1
16294.5215	1
16301.9414	1
16309.3613	1
16316.7812	1
16324.2012	1
16331.6211	1
16339.0410	1
16346.4609	1
16353.8809	1
16361.3008	-1
16368.7207	-1
16376.1406	-1
16383.5605	-1
16390.9805	-1
16398.4004	-1
16405.8203	-1
16413.2402	-1
16420.6602	-1
16428.0801	-1
16435.5000	-1
16442.9199	-1
16450.3398	-1
16457.7598	-1
16465.1797	-1
16472.5996	-1
16480.0195	-1
16487.4395	-1
16494.8594	-1
16502.2793	-1
16509.6992	-1
16517.1191	-1
16524.5391	-1
16531.9590	-1
16539.3828	1
16546.8066	1
16554.2305	-1
16561.6543	-1
16569.0781	-1
16576.5020	-1
16583.9258	-1
16591.3496	-1
16598.7734	-1
16606.1973	-1
16613.6211	-1
16621.0449	-1
16628.4688	-1
16635.8926	-1
16643.3164	1
16650.7402	1
16658.1641	-1
16665.5879	-1
16673.0117	-1
16680.4355	-1
16687.8594	-1
16695.2832	-1
16702.7070	1
16710.1309	1
16717.5547	-1
16724.9785	-1
16732.4023	-1
16739.8262	-1
16747.2500	-1
16754.6738	-1
16762.0977	1
16769.5215	-1
16776.9453	-1
16784.3691	1
16791.7930	-1
16799.2168	-1
16806.6406	-1
16814.0645	-1
16821.4902	1
16828.9180	1
16836.3457	1
16843.7734	1
16851.2012	1
16858.6289	1
16866.0566	1
16873.4844	-1
16880.9121	-1
16888.3398	-1
16895.7676	-1
16903.1953	-1
16910.6230	-1
16918.0508	-1
16925.4785	-1
16932.9062	-1
16940.3340	-1
16947.7617	-1
16955.1895	-1
16962.6172	-1
16970.0449	-1
16977.4727	-1
16984.9004	-1
16992.3281	-1
16999.7559	-1
17007.1836	-1
17014.6113	-1
17022.0391	-1
17029.4668	-1
17036.8945	-1
17044.3223	-1
17051.7500	-1
17059.1777	-1
17066.6055	-1
17074.0332	-1
17081.4609	-1
17088.8887	-1
17096.3164	-1
17103.7441	-1
17111.1719	-1
17118.5996	-1
17126.0273	-1
17133.4551	-1
17140.8848	-1
17148.3145	-1
17155.7441	-1
17163.1738	-1
17170.6035	-1
17178.0332	-1
17185.4629	-1
17192.8926	-1
17200.3223	-1
17207.7520	-1
17215.1816	-1
17222.6113	-1
17230.0410	-1
17237.4707	-1
17244.9004	-1
17252.3301	-1
17259.7598	-1
17267.1895	-1
17274.6191	-1
17282.0488	-1
17289.4785	-1
17296.9082	-1
17304.3379	-1
17311.7676	-1
17319.1973	-1
17326.6270	-1
17334.0566	-1
17341.4863	-1
17348.9160	-1
17356.3457	-1
17363.7754	-1
17371.2051	-1
17378.6348	-1
17386.0645	-1
17393.4941	-1
17400.9238	-1
17408.3555	-1
17415.7891	-1
17423.2227	-1
17430.6562	-1
17438.0898	-1
17445.5234	-1
17452.9570	-1
17460.3906	-1
17467.8242	-1
17475.2578	-1
17482.6914	-1
17490.1250	-1
17497.5586	-1
17504.9922	-1
17512.4258	-1
17519.8594	-1
17527.2930	-1
17534.7266	-1
17542.1602	-1
17549.5938	-1
17557.0273	-1
17564.4609	-1
17571.8945	-1
17579.3281	-1
17586.7617	-1
17594.1953	-1
17601.6289	-1
17609.0625	-1
17616.4961	-1
17623.9297	-1
17631.3633	-1
17638.7969	-1
17646.2305	-1
17653.6641	-1
17661.0977	-1
17668.5312	-1
17675.9648	-1
17683.3984	-1
17690.8320	-1
17698.2656	-1
17705.6992	-1
17713.1328	-1
17720.5664	-1
17728.0000	-1
17735.4336	-1
17742.8672	-1
17750.3008	-1
17757.7344	-1
17765.1680	-1
17772.6016	-1
17780.0352	-1
17787.4688	-1
17794.9023	-1
17802.3359	-1
17809.7695	-1
17817.2031	-1
17824.6367	-1
17832.0703	-1
17839.5039	-1
17846.9375	-1
17854.3730	-1
17861.8086	-1
17869.2441	-1
17876.6797	-1
17884.1152	-1
17891.5508	-1
17898.9863	-1
17906.4219	-1
17913.8574	-1
17921.2930	-1
17928.7285	-1
17936.1641	-1
17943.5996	-1
17951.0352	-1
17958.4707	-1
17965.9062	-1
17973.3418	-1
17980.7773	-1
17988.2129	-1
17995.6484	-1
18003.0840	-1
18010.5195	-1
18017.9551	-1
18025.3906	-1
18032.8262	-1
18040.2617	-1
18047.6973	-1
18055.1328	-1
18062.5684	-1
18070.0039	-1
18077.4395	-1
18084.8750	-1
18092.3105	-1
18099.7461	-1
18107.1816	-1
18114.6172	-1
18122.0527	-1
18129.4883	-1
18136.9238	-1
18144.3594	-1
18151.8066	1
18159.2539	-1
18166.7012	1
18174.1484	1
18181.5977	-1
18189.0469	-1
18196.4961	-1
18203.9453	-1
18211.3945	-1
18218.8438	-1
18226.2930	-1
18233.7422	-1
18241.1914	-1
18248.6406	-1
18256.0898	-1
18263.5391	-1
18270.9883	1
18278.4375	1
18285.8867	1
18293.3359	1
18300.7871	-1
18308.2383	-1
18315.6895	-1
18323.1406	-1
18330.5918	-1
18338.0430	-1
18345.4941	-1
18352.9453	-1
18360.3965	-1
18367.8477	-1
18375.2988	-1
18382.7500	-1
18390.2012	-1
18397.6523	-1
18405.1035	-1
18412.5547	-1
18420.0059	-1
18427.4570	-1
18434.9082	-1
18442.3594	-1
18449.8105	-1
18457.2617	-1
18464.7129	-1
18472.1641	-1
18479.6172	1
18487.0703	-1
18494.5234	-1
18501.9766	-1
18509.4297	-1
18516.8926	1
18524.3574	-1
18531.8223	1
18539.2871	1
18546.7520	-1
18554.2168	-1
18561.6836	-1
18569.1582	1
18576.6348	-1
18584.1113	1
18591.5879	1
18599.0664	-1
18606.5449	-1
18614.0312	1
18621.5195	-1
18629.0078	1
18636.4961	1
18643.9844	-1
18651.4727	-1
18658.9609	-1
18666.4492	-1
18673.9375	-1
18681.4258	-1
18688.9160	-1
18696.4062	-1
18703.8965	-1
18711.3867	-1
18718.8770	-1
18726.3672	-1
18733.8574	1
18741.3477	1
18748.8379	1
18756.3281	1
18763.8184	-1
18771.3086	-1
18778.7988	-1
18786.2891	-1
18793.7793	-1
18801.2695	-1
18808.7598	-1
18816.2500	-1
18823.7402	-1
18831.2305	-1
18838.7207	-1
18846.2109	-1
18853.7012	-1
18861.1914	-1
18868.6816	-1
18876.1719	-1
18883.6621	-1
18891.1523	-1
18898.6426	-1
18906.1328	-1
18913.6328	1
18921.1348	-1
18928.6367	1
18936.1387	1
18943.6406	-1
18951.1426	-1
18958.6445	-1
18966.1465	-1
18973.6484	-1
18981.1504	-1
18988.6523	-1
18996.1543	-1
19003.6562	-1
19011.1680	1
19018.6816	-1
19026.1953	1
19033.7090	1
19041.2227	-1
19048.7363	-1
19056.2520	-1
19063.7754	1
19071.3008	-1
19078.8262	1
19086.3516	1
19093.8770	-1
19101.4023	-1
19108.9375	1
19116.4746	-1
19124.0117	1
19131.5488	1
19139.0859	-1
19146.6230	-1
19154.1699	1
19161.7188	-1
19169.2676	1
19176.8164	1
19184.3652	-1
19191.9141	-1
19199.4727	1
19207.0312	-1
19214.5918	1
19222.1523	1
19229.7129	-1
19237.2734	-1
19244.8438	1
19252.4141	-1
19259.9844	1
19267.5566	1
19275.1289	-1
19282.7012	-1
19290.2734	-1
19297.8457	-1
19305.4180	-1
19312.9902	-1
19320.5625	-1
19328.1348	-1
19335.7070	-1
19343.2793	-1
19350.8516	-1
19358.4238	-1
19365.9961	1
19373.5684	1
19381.1406	1
19388.7129	1
19396.2871	-1
19403.8613	-1
19411.4355	-1
19419.0098	-1
19426.5840	-1
19434.1582	-1
19441.7324	-1
19449.3066	-1
19456.8809	-1
19464.4551	-1
19472.0293	-1
19479.6035	-1
19487.1777	1
19494.7520	1
19502.3262	1
19509.9004	1
19517.4766	-1
19525.0527	-1
19532.6289	-1
19540.2051	-1
19547.7812	-1
19555.3574	-1
19562.9336	-1
19570.5098	-1
19578.0859	-1
19585.6621	-1
19593.2383	-1
19600.8145	-1
19608.3906	-1
19615.9668	-1
19623.5430	-1
19631.1191	-1
19638.6953	-1
19646.2715	-1
19653.8477	1
19661.4238	1
19669.0000	1
19676.5781	-1
19684.1562	-1
19691.7344	-1
19699.3125	-1
19706.8906	-1
19714.4688	-1
19722.0469	-1
19729.6250	-1
19737.2031	-1
19744.7812	-1
19752.3594	-1
19759.9375	-1
19767.5156	-1
19775.0938	-1
19782.6719	-1
19790.2500	-1
19797.8281	-1
19805.4062	-1
19812.9863	-1
19820.5664	-1
19828.1465	-1
19835.7266	-1
19843.3066	-1
19850.8867	-1
19858.4668	-1
19866.0469	-1
19873.6270	-1
19881.2070	-1
19888.7871	-1
19896.3672	-1
19903.9473	-1
19911.5273	-1
19919.1074	-1
19926.6973	1
19934.2871	-1
19941.8770	1
19949.4668	1
19957.0586	-1
19964.6504	-1
19972.2500	1
19979.8516	-1
19987.4531	1
19995.0547	1
20002.6582	-1
20010.2617	-1
20017.8652	-1
20025.4688	-1
20033.0723	-1
20040.6758	-1
20048.2793	-1
20055.8828	-1
20063.4863	-1
20071.0898	-1
20078.6934	-1
20086.2969	-1
20093.9004	1
20101.5039	1
20109.1074	1
20116.7109	1
20124.3145	-1
20131.9180	-1
20139.5215	-1
20147.1250	-1
20154.7285	-1
20162.3320	-1
20169.9355	-1
20177.5391	-1
20185.1426	-1
20192.7461	-1
20200.3496	-1
20207.9531	-1
20215.5566	-1
20223.1602	-1
20230.7637	-1
20238.3672	-1
20245.9707	-1
20253.5742	-1
20261.1777	-1
20268.7812	-1
20276.3848	-1
20283.9883	-1
20291.5918	-1
20299.1953	-1
20306.8008	1
20314.4062	1
20322.0117	-1
20329.6172	-1
20337.2227	-1
20344.8281	-1
20352.4336	-1
20360.0391	-1
20367.6445	-1
20375.2598	1
20382.8750	-1
20390.4902	1
20398.1055	1
20405.7227	-1
20413.3398	-1
20420.9570	-1
20428.5742	-1
20436.1914	-1
20443.8086	-1
20451.4258	-1
20459.0430	-1
20466.6602	-1
20474.2773	-1
20481.8945	-1
20489.5117	-1
20497.1289	1
20504.7461	1
20512.3633	1
20519.9805	1
20527.5996	-1
20535.2188	-1
20542.8379	-1
20550.4570	-1
20558.0762	-1
20565.6953	-1
20573.3145	-1
20580.9336	-1
20588.5527	-1
20596.1719	-1
20603.7910	-1
20611.4102	-1
20619.0293	-1
20626.6484	-1
20634.2676	-1
20641.8867	-1
20649.5059	-1
20657.1250	-1
20664.7441	-1
20672.3633	-1
20679.9824	-1
20687.6016	-1
20695.2207	-1
20702.8398	-1
20710.4590	1
20718.0781	1
20725.6973	1
20733.3184	1
20740.9395	1
20748.5605	1
20756.1816	1
20763.8027	1
20771.4258	-1
20779.0488	-1
20786.6719	-1
20794.2949	-1
20801.9180	-1
20809.5410	-1
20817.1641	1
20824.7871	1
20832.4102	-1
20840.0332	-1
20847.6562	-1
20855.2793	-1
20862.9023	-1
20870.5254	-1
20878.1484	-1
20885.7715	-1
20893.3945	-1
20901.0176	-1
20908.6406	-1
20916.2637	-1
20923.8867	-1
20931.5098	-1
20939.1328	-1
20946.7559	-1
20954.3789	-1
20962.0020	-1
20969.6270	1
20977.2520	-1
20984.8770	-1
20992.5020	-1
21000.1270	-1
21007.7520	-1
21015.3770	-1
21023.0020	1
21030.6270	-1
21038.2520	-1
21045.8770	-1
21053.5020	-1
21061.1270	-1
21068.7520	-1
21076.3770	-1
21084.0020	-1
21091.6270	-1
21099.2520	-1
21106.8770	-1
21114.5020	-1
21122.1270	-1
21129.7520	-1
21137.3770	-1
21145.0020	-1
21152.6270	-1
21160.2520	-1
21167.8770	-1
21175.5020	-1
21183.1270	-1
21190.7520	-1
21198.3770	-1
21206.0020	-1
21213.6289	-1
21221.2559	-1
21228.8828	-1
21236.5098	-1
21244.1367	-1
21251.7637	-1
21259.3906	-1
21267.0176	-1
21274.6445	-1
21282.2715	-1
21289.8984	-1
21297.5254	-1
21305.1523	-1
21312.7891	1
21320.4258	-1
21328.0625	1
21335.6992	1
21343.3379	-1
21350.9766	-1
21358.6250	1
21366.2734	-1
21373.9219	1
21381.5703	1
21389.2207	-1
21396.8711	-1
21404.5293	1
21412.1895	-1
21419.8496	1
21427.5098	1
21435.1719	-1
21442.8340	-1
21450.5039	1
21458.1758	-1
21465.8477	1
21473.5195	1
21481.1934	-1
21488.8672	-1
21496.5488	1
21504.2324	-1
21511.9160	1
21519.5996	1
21527.2852	-1
21534.9707	-1
21542.6641	1
21550.3594	-1
21558.0547	1
21565.7500	1
21573.4473	-1
21581.1445	-1
21588.8418	-1
21596.5469	1
21604.2539	-1
21611.9609	1
21619.6680	1
21627.3750	-1
21635.0820	-1
21642.7910	-1
21650.5078	1
21658.2266	-1
21665.9453	1
21673.6641	1
21681.3828	-1
21689.1016	-1
21696.8301	1
21704.5605	-1
21712.2910	1
21720.0215	1
21727.7520	-1
21735.4824	-1
21743.2129	-1
21750.9531	1
21758.6953	-1
21766.4375	1
21774.1797	1
21781.9219	-1
21789.6641	-1
21797.4062	-1
21805.1582	1
21812.9121	-1
21820.6660	1
21828.4199	1
21836.1738	-1
21843.9297	-1
21851.6934	1
21859.4590	-1
21867.2246	1
21874.9902	1
21882.7559	-1
21890.5215	-1
21898.2969	1
21906.0742	-1
21913.8516	1
21921.6289	1
21929.4062	-1
21937.1836	-1
21944.9609	-1
21952.7383	-1
21960.5156	-1
21968.2930	-1
21976.0723	-1
21983.8516	-1
21991.6309	-1
21999.4102	-1
22007.1895	-1
22014.9688	-1
22022.7480	1
22030.5273	1
22038.3066	1
22046.0859	1
22053.8652	-1
22061.6445	-1
22069.4238	-1
22077.2031	-1
22084.9824	-1
22092.7617	-1
22100.5430	1
22108.3242	1
22116.1055	-1
22123.8867	-1
22131.6680	-1
22139.4492	-1
22147.2305	-1
22155.0117	-1
22162.7930	-1
22170.5742	-1
22178.3555	-1
22186.1367	-1
22193.9180	-1
22201.6992	-1
22209.4805	-1
22217.2617	-1
22225.0430	-1
22232.8242	-1
22240.6055	-1
22248.3867	-1
22256.1699	-1
22263.9531	-1
22271.7363	-1
22279.5195	-1
22287.3027	-1
22295.0859	-1
22302.8691	-1
22310.6523	-1
22318.4355	-1
22326.2188	-1
22334.0020	-1
22341.7930	1
22349.5859	-1
22357.3789	1
22365.1719	1
22372.9648	-1
22380.7578	-1
22388.5508	-1
22396.3438	-1
22404.1367	-1
22411.9297	-1
22419.7227	-1
22427.5156	-1
22435.3086	-1
22443.1016	-1
22450.8945	-1
22458.6875	-1
22466.4824	1
22474.2773	1
22482.0723	1
22489.8672	-1
22497.6621	-1
22505.4570	-1
22513.2520	-1
22521.0469	-1
22528.8418	-1
22536.6367	-1
22544.4316	-1
22552.2266	-1
22560.0215	-1
22567.8164	-1
22575.6113	-1
22583.4062	-1
22591.2109	1
22599.0156	-1
22606.8223	1
22614.6289	1
22622.4355	-1
22630.2422	-1
22638.0488	-1
22645.8555	-1
22653.6621	-1
22661.4688	-1
22669.2754	-1
22677.0820	-1
22684.8887	-1
22692.6953	-1
22700.5020	-1
22708.3086	-1
22716.1152	1
22723.9219	1
22731.7285	1
22739.5352	1
22747.3418	-1
22755.1484	-1
22762.9551	-1
22770.7617	-1
22778.5684	-1
22786.3750	-1
22794.1816	-1
22801.9883	-1
22809.7949	-1
22817.6016	-1
22825.4102	-1
22833.2188	-1
22841.0273	-1
22848.8359	-1
22856.6445	-1
22864.4531	-1
22872.2617	-1
22880.0703	-1
22887.8789	1
22895.6875	1
22903.4961	-1
22911.3047	-1
22919.1133	-1
22926.9219	-1
22934.7305	1
22942.5391	-1
22950.3477	-1
22958.1562	1
22965.9648	1
22973.7734	1
22981.5820	1
22989.3906	1
22997.2012	-1
23005.0117	-1
23012.8223	-1
23020.6328	-1
23028.4434	-1
23036.2539	-1
23044.0645	-1
23051.8750	-1
23059.6855	-1
23067.4961	-1
23075.3066	-1
23083.1172	-1
23090.9277	-1
23098.7383	-1
23106.5488	-1
23114.3594	-1
23122.1699	-1
23129.9805	-1
23137.7910	-1
23145.6016	-1
23153.4121	-1
23161.2227	-1
23169.0332	-1
23176.8438	-1
23184.6543	-1
23192.4648	-1
23200.2754	-1
23208.0859	-1
23215.8965	-1
23223.7070	-1
23231.5176	-1
23239.3281	-1
23247.1387	-1
23254.9492	-1
23262.7598	-1
23270.5703	-1
23278.3809	-1
23286.1914	-1
23294.0020	-1
23301.8125	-1
23309.6230	-1
23317.4336	-1
23325.2441	1
23333.0547	-1
23340.8652	-1
23348.6758	-1
23356.4863	-1
23364.2969	-1
23372.1074	-1
23379.9180	1
23387.7285	-1
23395.5391	-1
23403.3496	-1
23411.1602	-1
23418.9707	-1
23426.7812	-1
23434.5938	1
23442.4062	1
23450.2188	1
23458.0312	1
23465.8438	1
23473.6562	1
23481.4688	1
23489.2812	1
23497.0938	1
23504.9062	1
23512.7188	-1
23520.5312	-1
23528.3438	-1
23536.1562	-1
23543.9688	-1
23551.7812	-1
23559.5938	1
23567.4062	1
23575.2188	1
23583.0312	1
23590.8438	1
23598.6562	1
23606.4688	1
23614.2812	1
23622.0957	-1
23629.9102	-1
23637.7246	-1
23645.5391	-1
23653.3535	-1
23661.1680	-1
23668.9824	-1
23676.7969	-1
23684.6113	-1
23692.4258	-1
23700.2402	-1
23708.0547	-1
23715.8691	-1
23723.6836	-1
23731.4980	-1
23739.3125	-1
23747.1270	-1
23754.9414	-1
23762.7559	-1
23770.5703	-1
23778.3848	-1
23786.1992	-1
23794.0137	-1
23801.8281	-1
23809.6426	-1
23817.4570	-1
23825.2715	-1
23833.0859	-1
23840.9004	-1
23848.7148	-1
23856.5312	-1
23864.3477	-1
23872.1641	-1
23879.9805	-1
23887.7969	-1
23895.6133	-1
23903.4297	-1
23911.2461	-1
23919.0625	-1
23926.8789	-1
23934.6953	-1
23942.5117	-1
23950.3281	-1
23958.1445	-1
23965.9609	-1
23973.7773	-1
23981.5938	-1
23989.4102	-1
23997.2266	-1
24005.0430	-1
24012.8594	-1
24020.6758	-1
24028.4922	-1
24036.3086	-1
24044.1250	-1
24051.9414	-1
24059.7578	-1
24067.5742	-1
24075.3906	-1
24083.2070	-1
24091.0234	-1
24098.8398	-1
24106.6562	-1
24114.4727	-1
24122.2891	-1
24130.1055	-1
24137.9219	-1
24145.7383	-1
24153.5547	-1
24161.3711	-1
24169.1875	-1
24177.0039	-1
24184.8203	1
24192.6367	1
24200.4531	1
24208.2695	1
24216.0859	1
24223.9023	1
24231.7188	1
24239.5352	1
24247.3516	1
24255.1680	1
24262.9844	1
24270.8008	1
24278.6172	1
24286.4336	1
24294.2520	1
24302.0703	1
24309.8887	-1
24317.7070	-1
24325.5254	-1
24333.3438	-1
24341.1621	-1
24348.9805	-1
24356.7988	-1
24364.6172	-1
24372.4355	-1
24380.2539	-1
24388.0723	-1
24395.8906	-1
24403.7090	-1
24411.5273	-1
24419.3457	-1
24427.1641	-1
24434.9824	-1
24442.8008	-1
24450.6211	-1
24458.4414	-1
24466.2617	-1
24474.0820	-1
24481.9023	-1
24489.7227	-1
24497.5430	-1
24505.3633	-1
24513.1836	-1
24521.0039	-1
24528.8242	-1
24536.6445	-1
24544.4648	-1
24552.2852	-1
24560.1055	-1
24567.9258	-1
24575.7461	-1
24583.5664	-1
24591.3867	-1
24599.2070	-1
24607.0273	-1
24614.8477	-1
24622.6680	-1
24630.4883	-1
24638.3086	-1
24646.1289	-1
24653.9492	-1
24661.7695	-1
24669.5898	-1
24677.4102	-1
24685.2305	-1
24693.0508	-1
24700.8711	-1
24708.6914	-1
24716.5117	-1
24724.3320	-1
24732.1523	-1
24739.9727	-1
24747.7930	-1
24755.6133	-1
24763.4336	-1
24771.2539	-1
24779.0742	-1
24786.8945	-1
24794.7148	-1
24802.5352	-1
24810.3555	-1
24818.1758	-1
24825.9980	-1
24833.8203	-1
24841.6426	-1
24849.4648	-1
24857.2871	-1
24865.1094	-1
24872.9316	-1
24880.7539	-1
24888.5762	-1
24896.3984	-1
24904.2207	-1
24912.0430	-1
24919.8652	-1
24927.6875	-1
24935.5098	-1
24943.3320	-1
24951.1543	-1
24958.9766	-1
24966.7988	-1
24974.6211	-1
24982.4434	-1
24990.2656	-1
24998.0879	-1
25005.9102	-1
25013.7324	-1
25021.5547	-1
25029.3770	-1
25037.1992	-1
25045.0215	-1
25052.8438	-1
25060.6660	-1
25068.4883	-1
25076.3105	-1
25084.1328	-1
25091.9551	-1
25099.7773	-1
25107.5996	-1
25115.4219	-1
25123.2441	-1
25131.0664	-1
25138.8887	-1
25146.7109	-1
25154.5332	-1
25162.3555	-1
25170.1777	-1
25178.0000	-1
25185.8223	-1
25193.6445	-1
25201.4668	-1
25209.2891	-1
25217.1113	-1
25224.9336	-1
25232.7559	-1
25240.5781	-1
25248.4004	-1
25256.2227	-1
25264.0449	-1
25271.8672	-1
25279.6895	-1
25287.5117	-1
25295.3359	-1
25303.1602	-1
25310.9844	-1
25318.8086	-1
25333.9941	1
25349.1816	-1
