0.0000	0
0.0828	1
3.3661	2
5.5634	-1
5.9427	-2
6.0260	-2
6.1568	-2
6.4160	-2
6.4667	-2
6.5715	-2
6.6003	-2
7.1076	-2
7.1319	-2
7.2018	-2
7.2382	-2
7.2712	-2
7.3061	-2
7.3151	-2
7.3637	-2
7.3640	-2
7.3745	-2
7.4035	-2
7.4473	-2
7.4607	-2
7.4742	-2
7.5378	-2
7.5643	-2
7.6101	-2
7.6577	-2
7.6879	-2
7.6937	-2
7.7160	-2
7.7303	-2
7.7540	2
7.7675	-2
7.8598	-2
7.9270	-2
7.9359	-2
8.0220	-2
8.0654	-2
8.1904	-2
8.2125	-2
8.2519	-2
8.3208	-2
8.3419	-2
8.4008	-2
8.4026	-2
8.4063	-2
8.5006	-2
8.5115	-2
8.5338	-2
8.6107	-2
8.6319	-2
8.6870	-2
8.7114	-2
8.7457	-2
8.8224	-2
8.8634	-2
8.9513	-2
8.9699	-2
9.0014	-2
9.2006	-2
9.3546	-2
9.5152	-2
9.7239	-2
9.8027	-2
9.8819	-2
9.9030	-2
9.9035	-2
9.9875	-2
10.0434	-2
10.3229	-2
10.3393	-2
10.3514	-2
10.4296	-2
10.4907	-2
10.7202	-2
10.8692	-2
10.9425	-2
11.0446	1
11.0895	-2
11.5172	-2
11.8686	-2
12.1058	-2
12.4220	-2
13.1526	-2
14.6232	-2
18.3367	1
25.6304	-1
32.9244	1
40.2185	1
47.5138	-1
54.8091	-1
62.1044	-1
69.3997	-1
76.6951	-1
83.9904	-1
91.2858	-1
98.5812	-1
105.8766	-1
113.1721	-1
120.4675	-1
127.7629	-1
135.0587	1
142.3545	1
149.6503	1
156.9462	1
164.2436	-1
171.5410	-1
178.8384	-1
186.1358	-1
193.4332	-1
200.7306	-1
208.0281	-1
215.3256	-1
222.6231	-1
229.9207	-1
237.2182	-1
244.5157	-1
251.8134	-1
259.1110	-1
266.4086	-1
273.7063	-1
281.0039	-1
288.3015	-1
295.5993	-1
302.8970	-1
310.1947	-1
317.4925	-1
324.7902	-1
332.0879	-1
339.3859	1
346.6840	1
353.9822	1
361.2804	1
368.5787	1
375.8770	1
383.1754	1
390.4737	1
397.7735	-1
405.0733	-1
412.3732	-1
419.6730	-1
426.9728	-1
434.2727	-1
441.5726	-1
448.8725	-1
456.1725	-1
463.4724	-1
470.7724	-1
478.0723	-1
485.3729	-1
492.6736	-1
499.9742	-1
507.2748	-1
514.5754	-1
521.8761	-1
529.1772	1
536.4783	1
543.7794	1
551.0806	1
558.3818	1
565.6830	1
572.9846	-1
580.2863	-1
587.5879	-1
594.8895	-1
602.1912	-1
609.4928	-1
616.7946	-1
624.0964	-1
631.3983	-1
638.7001	-1
646.0019	-1
653.3037	-1
660.6064	-1
667.9092	-1
675.2119	-1
682.5146	-1
689.8174	-1
697.1201	-1
704.4230	-1
711.7258	-1
719.0287	-1
726.3315	-1
733.6344	-1
740.9373	-1
748.2402	-1
755.5432	-1
762.8462	-1
770.1492	-1
777.4521	-1
784.7551	-1
792.0583	1
799.3627	-1
806.6670	-1
813.9713	-1
821.2756	-1
828.5800	-1
835.8843	-1
843.1889	-1
850.4935	-1
857.7982	-1
865.1028	-1
872.4074	-1
879.7120	-1
887.0177	-1
894.3234	-1
901.6290	-1
908.9347	-1
916.2404	-1
923.5460	-1
930.8518	-1
938.1576	-1
945.4634	-1
952.7692	-1
960.0750	-1
967.3807	-1
974.6866	-1
981.9924	-1
989.2983	-1
996.6042	-1
1003.9102	-1
1011.2161	-1
1018.5220	-1
1025.8280	-1
1033.1340	-1
1040.4401	-1
1047.7461	-1
1055.0521	-1
1062.3582	-1
1069.6642	-1
1076.9702	-1
1084.2762	-1
1091.5823	-1
1098.8994	1
1106.2177	-1
1113.5363	1
1120.8549	1
1128.1741	-1
1135.4933	-1
1142.8125	-1
1150.1317	-1
1157.4509	-1
1164.7701	-1
1172.0895	-1
1179.4088	-1
1186.7281	-1
1194.0475	-1
1201.3668	-1
1208.6862	-1
1216.0059	1
1223.3256	1
1230.6453	1
1237.9651	1
1245.2856	-1
1252.6062	-1
1259.9268	-1
1267.2473	-1
1274.5679	-1
1281.8884	-1
1289.2091	-1
1296.5298	-1
1303.8505	-1
1311.1711	-1
1318.4918	-1
1325.8125	-1
1333.1333	-1
1340.4541	-1
1347.7749	-1
1355.0957	-1
1362.4165	-1
1369.7373	-1
1377.0582	-1
1384.3792	-1
1391.7001	-1
1399.0210	-1
1406.3419	-1
1413.6628	-1
1420.9840	1
1428.3052	1
1435.6263	1
1442.9475	1
1450.2688	1
1457.5902	1
1464.9117	1
1472.2334	1
1479.5555	-1
1486.8777	-1
1494.1998	-1
1501.5220	-1
1508.8441	-1
1516.1663	-1
1523.4886	-1
1530.8110	-1
1538.1334	-1
1545.4558	-1
1552.7782	-1
1560.1006	-1
1567.4237	-1
1574.7468	-1
1582.0699	-1
1589.3931	-1
1596.7162	-1
1604.0393	-1
1611.3625	-1
1618.6858	-1
1626.0090	-1
1633.3323	-1
1640.6555	-1
1647.9788	-1
1655.3020	1
1662.6256	-1
1669.9492	-1
1677.2728	-1
1684.5964	-1
1691.9200	-1
1699.2438	-1
1706.5675	-1
1713.8912	-1
1721.2150	-1
1728.5387	-1
1735.8624	-1
1743.1863	-1
1750.5104	-1
1757.8345	-1
1765.1586	-1
1772.4827	-1
1779.8068	-1
1787.1309	-1
1794.4551	-1
1801.7793	-1
1809.1035	-1
1816.4277	-1
1823.7520	-1
1831.0762	-1
1838.4008	-1
1845.7253	-1
1853.0499	-1
1860.3846	1
1867.7207	-1
1875.0571	1
1882.3936	1
1889.7306	-1
1897.0676	-1
1904.4047	-1
1911.7417	-1
1919.0787	-1
1926.4158	-1
1933.7529	-1
1941.0901	-1
1948.4272	-1
1955.7644	-1
1963.1016	-1
1970.4387	-1
1977.7761	1
1985.1136	1
1992.4512	1
1999.7887	1
2007.1268	-1
2014.4650	-1
2021.8031	-1
2029.1412	-1
2036.4794	-1
2043.8175	-1
2051.1558	-1
2058.4941	-1
2065.8325	-1
2073.1709	-1
2080.5093	-1
2087.8477	-1
2095.1860	-1
2102.5244	-1
2109.8628	-1
2117.2012	-1
2124.5396	-1
2131.8779	-1
2139.2166	1
2146.5554	1
2153.8943	-1
2161.2332	-1
2168.5720	-1
2175.9109	-1
2183.2498	-1
2190.5886	-1
2197.9282	-1
2205.2678	-1
2212.6074	-1
2219.9470	-1
2227.2866	-1
2234.6262	-1
2241.9658	-1
2249.3054	-1
2256.6450	-1
2263.9946	1
2271.3455	-1
2278.6965	1
2286.0479	1
2293.3999	-1
2300.7520	-1
2308.1133	1
2315.4758	-1
2322.8386	1
2330.2014	1
2337.5654	-1
2344.9294	-1
2352.2935	-1
2359.6575	-1
2367.0215	-1
2374.3855	-1
2381.7498	-1
2389.1140	-1
2396.4783	-1
2403.8425	-1
2411.2068	-1
2418.5710	-1
2425.9355	1
2433.3000	1
2440.6646	1
2448.0293	1
2455.3955	-1
2462.7617	-1
2470.1279	-1
2477.4941	-1
2484.8604	-1
2492.2266	-1
2499.5928	-1
2506.9590	-1
2514.3252	-1
2521.6914	-1
2529.0576	-1
2536.4238	-1
2543.7903	-1
2551.1567	-1
2558.5232	-1
2565.8896	-1
2573.2561	-1
2580.6226	-1
2587.9890	-1
2595.3555	-1
2602.7219	-1
2610.0884	-1
2617.4548	-1
2624.8213	-1
2632.1880	1
2639.5547	1
2646.9216	1
2654.2886	1
2661.6555	1
2669.0225	1
2676.3894	1
2683.7563	1
2691.1257	-1
2698.4951	-1
2705.8645	-1
2713.2339	-1
2720.6033	-1
2727.9727	-1
2735.3423	-1
2742.7119	-1
2750.0815	-1
2757.4512	-1
2764.8208	-1
2772.1904	-1
2779.5601	-1
2786.9297	-1
2794.2993	-1
2801.6689	-1
2809.0386	-1
2816.4082	-1
2823.7781	-1
2831.1479	-1
2838.5178	-1
2845.8877	-1
2853.2576	-1
2860.6274	-1
2867.9980	-1
2875.3687	-1
2882.7393	-1
2890.1099	-1
2897.4805	-1
2904.8511	-1
2912.2217	-1
2919.5923	-1
2926.9629	-1
2934.3335	-1
2941.7041	-1
2949.0747	-1
2956.4456	-1
2963.8164	-1
2971.1873	-1
2978.5581	-1
2985.9290	-1
2993.2998	-1
3000.6707	1
3008.0415	-1
3015.4124	-1
3022.7832	-1
3030.1541	-1
3037.5249	-1
3044.8958	-1
3052.2666	1
3059.6375	1
3067.0085	1
3074.3796	1
3081.7507	1
3089.1238	-1
3096.4968	-1
3103.8699	-1
3111.2429	-1
3118.6160	-1
3125.9890	-1
3133.3628	-1
3140.7366	-1
3148.1104	-1
3155.4841	-1
3162.8579	-1
3170.2317	-1
3177.6055	-1
3184.9792	-1
3192.3530	-1
3199.7268	-1
3207.1006	-1
3214.4744	-1
3221.8481	-1
3229.2219	-1
3236.5957	-1
3243.9695	-1
3251.3433	-1
3258.7170	-1
3266.0911	-1
3273.4651	-1
3280.8391	-1
3288.2131	-1
3295.5872	-1
3302.9612	-1
3310.3352	-1
3317.7092	-1
3325.0930	1
3332.4780	-1
3339.8633	1
3347.2485	1
3354.6343	-1
3362.0200	-1
3369.4058	-1
3376.7922	-1
3384.1875	1
3391.5840	-1
3398.9807	1
3406.3774	1
3413.7754	-1
3421.1733	-1
3428.5713	-1
3435.9692	-1
3443.3672	-1
3450.7747	1
3458.1833	-1
3465.5923	1
3473.0012	1
3480.4114	-1
3487.8215	-1
3495.2317	-1
3502.6418	-1
3510.0520	-1
3517.4622	-1
3524.8723	-1
3532.2827	-1
3539.6931	-1
3547.1035	-1
3554.5139	-1
3561.9243	-1
3569.3350	1
3576.7456	1
3584.1562	1
3591.5669	1
3598.9790	-1
3606.3911	-1
3613.8032	-1
3621.2153	-1
3628.6274	-1
3636.0396	-1
3643.4519	-1
3650.8643	-1
3658.2766	-1
3665.6890	-1
3673.1013	-1
3680.5137	-1
3687.9260	-1
3695.3384	-1
3702.7507	-1
3710.1631	-1
3717.5754	-1
3724.9878	-1
3732.4001	-1
3739.8125	-1
3747.2249	-1
3754.6372	-1
3762.0498	-1
3769.4624	-1
3776.8750	1
3784.2878	1
3791.7007	1
3799.1138	1
3806.5269	1
3813.9399	1
3821.3530	1
3828.7661	1
3836.1809	-1
3843.5957	-1
3851.0105	-1
3858.4253	-1
3865.8401	-1
3873.2549	-1
3880.6699	-1
3888.0850	-1
3895.5000	-1
3902.9150	-1
3910.3301	-1
3917.7451	-1
3925.1609	-1
3932.5767	-1
3939.9924	-1
3947.4082	-1
3954.8240	-1
3962.2397	-1
3969.6555	-1
3977.0713	-1
3984.4871	-1
3991.9028	-1
3999.3186	-1
4006.7344	-1
4014.1509	1
4021.5674	1
4028.9839	1
4036.4004	1
4043.8171	-1
4051.2339	-1
4058.6506	-1
4066.0674	-1
4073.4841	-1
4080.9009	-1
4088.3176	-1
4095.7344	-1
4103.1514	-1
4110.5684	-1
4117.9854	-1
4125.4023	-1
4132.8193	-1
4140.2363	-1
4147.6533	-1
4155.0703	-1
4162.4873	-1
4169.9043	-1
4177.3213	-1
4184.7383	-1
4192.1553	-1
4199.5723	-1
4206.9893	-1
4214.4062	-1
4221.8252	-1
4229.2441	-1
4236.6631	-1
4244.0820	-1
4251.5010	-1
4258.9199	-1
4266.3389	-1
4273.7578	-1
4281.1768	-1
4288.5957	-1
4296.0146	-1
4303.4336	-1
4310.8525	-1
4318.2715	-1
4325.6904	-1
4333.1094	-1
4340.5283	-1
4347.9473	-1
4355.3667	-1
4362.7861	-1
4370.2056	-1
4377.6357	1
4385.0674	-1
4392.4990	1
4399.9307	1
4407.3628	-1
4414.7949	-1
4422.2275	-1
4429.6602	-1
4437.0928	-1
4444.5254	-1
4451.9580	-1
4459.3906	-1
4466.8232	-1
4474.2559	-1
4481.6885	-1
4489.1211	-1
4496.5537	1
4503.9868	1
4511.4199	1
4518.8530	1
4526.2866	-1
4533.7202	-1
4541.1538	-1
4548.5874	-1
4556.0210	-1
4563.4546	-1
4570.8882	-1
4578.3218	-1
4585.7554	-1
4593.1890	-1
4600.6226	-1
4608.0562	-1
4615.4897	-1
4622.9233	-1
4630.3569	-1
4637.7905	-1
4645.2241	-1
4652.6577	-1
4660.0913	-1
4667.5249	-1
4674.9590	-1
4682.3931	-1
4689.8271	-1
4697.2612	-1
4704.6953	1
4712.1294	1
4719.5640	1
4726.9985	1
4734.4331	1
4741.8677	1
4749.3027	-1
4756.7378	-1
4764.1729	-1
4771.6079	-1
4779.0430	-1
4786.4780	-1
4793.9136	-1
4801.3491	-1
4808.7847	-1
4816.2202	-1
4823.6558	-1
4831.0913	-1
4838.5269	-1
4845.9624	-1
4853.3979	-1
4860.8335	-1
4868.2690	-1
4875.7046	-1
4883.1401	-1
4890.5757	-1
4898.0112	-1
4905.4468	-1
4912.8823	-1
4920.3179	-1
4927.7534	-1
4935.1890	-1
4942.6245	-1
4950.0601	-1
4957.4956	-1
4964.9316	-1
4972.3677	-1
4979.8037	-1
4987.2397	-1
4994.6855	1
5002.1323	-1
5009.5796	1
5017.0269	1
5024.4751	-1
5031.9233	-1
5039.3716	-1
5046.8198	-1
5054.2681	-1
5061.7163	-1
5069.1646	-1
5076.6128	-1
5084.0610	-1
5091.5093	-1
5098.9575	-1
5106.4058	-1
5113.8545	1
5121.3032	1
5128.7520	1
5136.2007	1
5143.6509	-1
5151.1011	-1
5158.5513	-1
5166.0015	-1
5173.4517	-1
5180.9019	-1
5188.3525	-1
5195.8032	-1
5203.2539	-1
5210.7046	-1
5218.1553	-1
5225.6060	-1
5233.0566	-1
5240.5073	-1
5247.9580	-1
5255.4087	-1
5262.8594	-1
5270.3101	-1
5277.7607	-1
5285.2114	-1
5292.6621	-1
5300.1128	-1
5307.5635	-1
5315.0142	-1
5322.4648	1
5329.9160	1
5337.3672	1
5344.8184	1
5352.2695	1
5359.7207	1
5367.1719	1
5374.6230	1
5382.0762	-1
5389.5293	-1
5396.9824	-1
5404.4355	-1
5411.8887	-1
5419.3418	-1
5426.7954	-1
5434.2490	-1
5441.7026	-1
5449.1562	-1
5456.6099	-1
5464.0635	-1
5471.5171	-1
5478.9707	-1
5486.4243	-1
5493.8779	-1
5501.3315	-1
5508.7852	-1
5516.2388	-1
5523.6924	-1
5531.1460	-1
5538.5996	-1
5546.0532	-1
5553.5068	-1
5560.9614	-1
5568.4160	-1
5575.8706	-1
5583.3252	-1
5590.7798	-1
5598.2344	-1
5605.6895	-1
5613.1445	-1
5620.5996	-1
5628.0547	-1
5635.5098	-1
5642.9648	-1
5650.4204	-1
5657.8760	-1
5665.3315	-1
5672.7871	-1
5680.2427	-1
5687.6982	-1
5695.1538	-1
5702.6191	1
5710.0859	-1
5717.5527	1
5725.0200	1
5732.4883	-1
5739.9565	-1
5747.4248	-1
5754.8931	-1
5762.3613	-1
5769.8296	-1
5777.2979	-1
5784.7759	1
5792.2549	-1
5799.7344	1
5807.2139	1
5814.6943	-1
5822.1748	-1
5829.6553	-1
5837.1450	1
5844.6357	-1
5852.1270	1
5859.6182	1
5867.1099	-1
5874.6016	-1
5882.0933	-1
5889.5854	-1
5897.0864	1
5904.5889	-1
5912.0913	1
5919.5938	1
5927.0972	-1
5934.6006	-1
5942.1040	-1
5949.6167	1
5957.1309	-1
5964.6450	1
5972.1592	1
5979.6738	-1
5987.1890	-1
5994.7134	1
6002.2393	-1
6009.7651	1
6017.2910	1
6024.8179	-1
6032.3447	-1
6039.8809	1
6047.4185	-1
6054.9561	1
6062.4941	1
6070.0327	-1
6077.5713	-1
6085.1099	-1
6092.6489	-1
6100.1978	1
6107.7476	-1
6115.2979	1
6122.8481	1
6130.3994	-1
6137.9507	-1
6145.5020	-1
6153.0532	-1
6160.6138	1
6168.1758	-1
6175.7378	1
6183.2998	1
6190.8628	-1
6198.4258	-1
6205.9888	-1
6213.5610	1
6221.1348	-1
6228.7085	1
6236.2822	1
6243.8569	-1
6251.4316	-1
6259.0063	-1
6266.5811	-1
6274.1558	-1
6281.7305	-1
6289.3052	-1
6296.8799	-1
6304.4546	-1
6312.0293	-1
6319.6040	-1
6327.1787	-1
6334.7534	1
6342.3286	1
6349.9043	-1
6357.4800	-1
6365.0557	-1
6372.6313	-1
6380.2070	-1
6387.7827	-1
6395.3584	-1
6402.9429	1
6410.5288	-1
6418.1152	1
6425.7017	1
6433.2891	-1
6440.8765	-1
6448.4727	1
6456.0703	-1
6463.6685	1
6471.2666	1
6478.8652	-1
6486.4644	-1
6494.0635	-1
6501.6714	1
6509.2808	-1
6516.8901	1
6524.4995	1
6532.1099	-1
6539.7202	-1
6547.3306	-1
6554.9409	-1
6562.5513	-1
6570.1616	-1
6577.7720	-1
6585.3823	-1
6592.9927	-1
6600.6128	1
6608.2344	-1
6615.8564	1
6623.4785	1
6631.1016	-1
6638.7246	-1
6646.3477	-1
6653.9707	-1
6661.5938	-1
6669.2168	-1
6676.8403	-1
6684.4639	-1
6692.0874	-1
6699.7109	-1
6707.3345	-1
6714.9580	-1
6722.5820	1
6730.2061	1
6737.8301	1
6745.4541	1
6753.0796	-1
6760.7051	-1
6768.3306	-1
6775.9561	-1
6783.5815	-1
6791.2070	-1
6798.8325	-1
6806.4580	-1
6814.0835	-1
6821.7090	-1
6829.3345	-1
6836.9600	-1
6844.5854	-1
6852.2109	-1
6859.8364	-1
6867.4619	-1
6875.0874	-1
6882.7129	-1
6890.3389	-1
6897.9648	-1
6905.5908	-1
6913.2168	-1
6920.8428	-1
6928.4688	-1
6936.0947	1
6943.7207	1
6951.3472	1
6958.9736	1
6966.6001	1
6974.2275	-1
6981.8550	-1
6989.4824	-1
6997.1099	-1
7004.7373	-1
7012.3647	-1
7019.9932	-1
7027.6216	-1
7035.2500	-1
7042.8784	-1
7050.5068	-1
7058.1353	-1
7065.7642	-1
7073.3931	-1
7081.0220	-1
7088.6509	-1
7096.2798	-1
7103.9087	-1
7111.5376	-1
7119.1665	-1
7126.7954	-1
7134.4243	-1
7142.0532	-1
7149.6821	-1
7157.3110	-1
7164.9399	-1
7172.5688	-1
7180.1978	-1
7187.8267	-1
7195.4556	-1
7203.0947	1
7210.7354	-1
7218.3760	1
7226.0171	1
7233.6587	-1
7241.3003	-1
7248.9419	-1
7256.5835	-1
7264.2251	-1
7271.8667	-1
7279.5083	-1
7287.1499	-1
7294.7915	-1
7302.4331	-1
7310.0747	-1
7317.7163	-1
7325.3584	1
7333.0005	1
7340.6426	1
7348.2847	1
7355.9272	-1
7363.5698	-1
7371.2124	-1
7378.8550	-1
7386.4976	-1
7394.1401	-1
7401.7827	-1
7409.4253	-1
7417.0679	-1
7424.7104	-1
7432.3530	-1
7439.9956	-1
7447.6387	-1
7455.2817	-1
7462.9248	-1
7470.5679	-1
7478.2109	-1
7485.8540	-1
7493.4971	-1
7501.1401	-1
7508.7832	-1
7516.4263	-1
7524.0693	-1
7531.7124	-1
7539.3560	1
7546.9995	1
7554.6436	-1
7562.2876	-1
7569.9316	-1
7577.5757	-1
7585.2197	-1
7592.8638	-1
7600.5078	-1
7608.1519	-1
7615.8057	1
7623.4604	-1
7631.1157	1
7638.7710	1
7646.4272	-1
7654.0835	-1
7661.7397	-1
7669.3960	-1
7677.0522	-1
7684.7085	-1
7692.3647	-1
7700.0210	-1
7707.6772	-1
7715.3335	-1
7722.9897	-1
7730.6460	-1
7738.3027	1
7745.9595	1
7753.6162	1
7761.2729	1
7768.9312	-1
7776.5894	-1
7784.2476	-1
7791.9062	-1
7799.5649	-1
7807.2236	-1
7814.8828	-1
7822.5420	-1
7830.2012	-1
7837.8604	-1
7845.5195	1
7853.1787	-1
7860.8379	-1
7868.4971	1
7876.1562	-1
7883.8154	-1
7891.4746	-1
7899.1338	-1
7906.7930	-1
7914.4521	-1
7922.1118	-1
7929.7715	-1
7937.4312	-1
7945.0908	-1
7952.7505	-1
7960.4102	-1
7968.0698	1
7975.7295	1
7983.3892	1
7991.0488	1
7998.7090	1
8006.3691	1
8014.0308	-1
8021.6924	-1
8029.3540	-1
8037.0156	-1
8044.6772	-1
8052.3389	-1
8060.0015	-1
8067.6641	-1
8075.3267	-1
8082.9893	-1
8090.6519	-1
8098.3145	-1
8105.9775	1
8113.6406	-1
8121.3037	-1
8128.9668	-1
8136.6299	-1
8144.2930	-1
8151.9561	-1
8159.6191	-1
8167.2822	-1
8174.9453	-1
8182.6089	-1
8190.2725	-1
8197.9355	-1
8205.5986	-1
8213.2617	-1
8220.9248	-1
8228.5879	-1
8236.2510	-1
8243.9141	-1
8251.5781	-1
8259.2422	-1
8266.9062	-1
8274.5703	-1
8282.2344	-1
8289.8984	-1
8297.5645	-1
8305.2305	-1
8312.8965	-1
8320.5625	-1
8328.2285	-1
8335.8945	-1
8343.5605	-1
8351.2266	-1
8358.8926	-1
8366.5586	-1
8374.2246	-1
8381.8906	-1
8389.5566	-1
8397.2227	-1
8404.8887	-1
8412.5547	-1
8420.2207	-1
8427.8965	1
8435.5732	-1
8443.2500	1
8450.9268	1
8458.6045	-1
8466.2832	-1
8473.9619	-1
8481.6406	-1
8489.3193	-1
8496.9980	-1
8504.6768	-1
8512.3555	-1
8520.0342	-1
8527.7129	-1
8535.3916	-1
8543.0703	-1
8550.7490	1
8558.4277	1
8566.1064	1
8573.7852	1
8581.4658	-1
8589.1465	-1
8596.8271	-1
8604.5078	-1
8612.1885	-1
8619.8691	-1
8627.5498	-1
8635.2305	-1
8642.9111	-1
8650.5918	-1
8658.2725	-1
8665.9531	-1
8673.6338	-1
8681.3145	-1
8688.9951	-1
8696.6758	-1
8704.3564	-1
8712.0371	-1
8719.7178	-1
8727.3984	-1
8735.0791	-1
8742.7598	-1
8750.4404	-1
8758.1211	-1
8765.8027	1
8773.4844	1
8781.1660	1
8788.8477	1
8796.5293	1
8804.2109	1
8811.8926	1
8819.5742	1
8827.2588	-1
8834.9434	-1
8842.6279	-1
8850.3125	-1
8857.9971	-1
8865.6816	-1
8873.3662	-1
8881.0508	-1
8888.7354	-1
8896.4199	-1
8904.1045	-1
8911.7891	-1
8919.4736	-1
8927.1582	-1
8934.8428	-1
8942.5273	-1
8950.2119	-1
8957.8965	-1
8965.5811	-1
8973.2656	-1
8980.9502	-1
8988.6348	-1
8996.3193	-1
9004.0039	-1
9011.6885	-1
9019.3730	-1
9027.0576	-1
9034.7422	-1
9042.4268	-1
9050.1113	-1
9057.7959	-1
9065.4805	-1
9073.1650	-1
9080.8496	-1
9088.5342	-1
9096.2188	-1
9103.9033	-1
9111.5879	-1
9119.2725	-1
9126.9570	-1
9134.6416	-1
9142.3262	-1
9150.0117	1
9157.6973	1
9165.3828	-1
9173.0684	-1
9180.7539	-1
9188.4395	-1
9196.1250	-1
9203.8105	-1
9211.4971	-1
9219.1836	-1
9226.8701	-1
9234.5566	-1
9242.2432	-1
9249.9297	-1
9257.6162	-1
9265.3027	-1
9273.0000	1
9280.6982	-1
9288.3975	1
9296.0967	1
9303.7969	-1
9311.4971	-1
9319.1973	-1
9326.8975	-1
9334.5977	-1
9342.2979	-1
9349.9980	-1
9357.6982	-1
9365.3984	-1
9373.0986	-1
9380.7988	-1
9388.4990	-1
9396.1992	1
9403.9004	-1
9411.6016	-1
9419.3027	-1
9427.0039	-1
9434.7148	1
9442.4268	-1
9450.1396	1
9457.8525	1
9465.5654	-1
9473.2783	-1
9480.9912	-1
9488.7041	-1
9496.4170	-1
9504.1299	-1
9511.8438	-1
9519.5576	-1
9527.2715	-1
9534.9854	-1
9542.6992	-1
9550.4131	-1
9558.1270	1
9565.8408	1
9573.5557	-1
9581.2705	-1
9588.9854	-1
9596.7002	-1
9604.4150	-1
9612.1299	-1
9619.8447	-1
9627.5596	-1
9635.2842	1
9643.0107	-1
9650.7373	1
9658.4639	1
9666.1914	-1
9673.9189	-1
9681.6465	-1
9689.3740	-1
9697.1016	-1
9704.8291	-1
9712.5566	-1
9720.2842	-1
9728.0117	-1
9735.7393	-1
9743.4668	-1
9751.1943	-1
9758.9229	1
9766.6514	1
9774.3799	1
9782.1084	1
9789.8389	-1
9797.5693	-1
9805.2998	-1
9813.0303	-1
9820.7607	-1
9828.4912	-1
9836.2217	-1
9843.9521	-1
9851.6826	-1
9859.4131	-1
9867.1436	-1
9874.8740	-1
9882.6045	-1
9890.3350	-1
9898.0654	-1
9905.7959	-1
9913.5264	-1
9921.2568	-1
9928.9873	1
9936.7178	1
9944.4482	1
9952.1787	1
9959.9092	-1
9967.6396	1
9975.3701	-1
9983.1006	-1
9990.8311	-1
9998.5615	-1
10006.2920	-1
10014.0225	1
10021.7539	1
10029.4854	1
10037.2178	-1
10044.9502	-1
10052.6826	-1
10060.4150	-1
10068.1475	-1
10075.8799	-1
10083.6143	1
10091.3486	1
10099.0830	-1
10106.8174	-1
10114.5518	-1
10122.2861	-1
10130.0205	-1
10137.7549	-1
10145.4893	-1
10153.2236	-1
10160.9580	-1
10168.6924	-1
10176.4268	-1
10184.1611	-1
10191.8955	-1
10199.6299	-1
10207.3643	-1
10215.0986	-1
10222.8330	-1
10230.5674	-1
10238.3018	-1
10246.0361	-1
10253.7705	-1
10261.5049	-1
10269.2393	-1
10276.9736	-1
10284.7090	-1
10292.4443	-1
10300.1797	-1
10307.9150	-1
10315.6504	-1
10323.3857	-1
10331.1211	-1
10338.8564	-1
10346.5918	-1
10354.3271	-1
10362.0625	-1
10369.7979	-1
10377.5332	-1
10385.2686	-1
10393.0039	-1
10400.7393	-1
10408.4746	-1
10416.2100	-1
10423.9463	1
10431.6826	1
10439.4189	1
10447.1553	1
10454.8916	1
10462.6279	1
10470.3643	1
10478.1006	1
10485.8369	1
10493.5732	1
10501.3096	1
10509.0459	1
10516.7822	-1
10524.5186	-1
10532.2549	-1
10539.9912	1
10547.7275	-1
10555.4639	-1
10563.2002	-1
10570.9365	1
10578.6738	1
10586.4111	-1
10594.1484	-1
10601.8857	-1
10609.6230	-1
10617.3604	-1
10625.0977	-1
10632.8379	-1
10640.5781	-1
10648.3184	-1
10656.0586	-1
10663.7988	-1
10671.5391	-1
10679.2793	-1
10687.0195	-1
10694.7598	-1
10702.5000	-1
10710.2402	-1
10717.9805	-1
10725.7207	-1
10733.4609	-1
10741.2012	-1
10748.9414	-1
10756.6816	-1
10764.4219	-1
10772.1621	-1
10779.9023	-1
10787.6426	-1
10795.3828	-1
10803.1230	-1
10810.8633	-1
10818.6064	-1
10826.3496	-1
10834.0928	-1
10841.8359	-1
10849.5791	-1
10857.3223	-1
10865.0654	-1
10872.8086	-1
10880.5518	-1
10888.2949	-1
10896.0381	-1
10903.7812	-1
10911.5244	-1
10919.2676	-1
10927.0107	-1
10934.7539	-1
10942.4971	-1
10950.2402	-1
10957.9844	-1
10965.7285	-1
10973.4727	-1
10981.2168	-1
10988.9609	-1
10996.7051	-1
11004.4492	-1
11012.1934	-1
11019.9375	-1
11027.6816	-1
11035.4258	-1
11043.1699	-1
11050.9141	-1
11058.6582	-1
11066.4023	-1
11074.1465	-1
11081.8906	-1
11089.6348	-1
11097.3789	-1
11105.1230	-1
11112.8672	-1
11120.6113	-1
11128.3555	-1
11136.0996	-1
11143.8447	-1
11151.5898	-1
11159.3350	-1
11167.0801	-1
11174.8252	-1
11182.5703	-1
11190.3154	-1
11198.0605	-1
11205.8057	-1
11213.5508	-1
11221.2959	-1
11229.0410	-1
11236.7861	-1
11244.5312	-1
11252.2764	-1
11260.0215	-1
11267.7666	-1
11275.5117	-1
11283.2578	-1
11291.0039	-1
11298.7500	-1
11306.4961	-1
11314.2422	-1
11321.9883	-1
11329.7441	1
11337.5010	-1
11345.2588	1
11353.0166	1
11360.7754	-1
11368.5342	-1
11376.2930	-1
11384.0518	-1
11391.8105	-1
11399.5693	-1
11407.3281	-1
11415.0869	-1
11422.8457	-1
11430.6045	-1
11438.3633	-1
11446.1221	-1
11453.8809	1
11461.6396	1
11469.3984	1
11477.1572	1
11484.9180	-1
11492.6787	-1
11500.4395	-1
11508.2002	-1
11515.9609	-1
11523.7217	-1
11531.4824	-1
11539.2432	-1
11547.0039	-1
11554.7646	-1
11562.5254	-1
11570.2861	-1
11578.0469	-1
11585.8076	-1
11593.5684	-1
11601.3291	-1
11609.0898	-1
11616.8506	-1
11624.6113	-1
11632.3721	1
11640.1328	-1
11647.8936	-1
11655.6543	-1
11663.4150	-1
11671.1758	-1
11678.9375	1
11686.6992	1
11694.4609	1
11702.2227	1
11709.9844	1
11717.7461	1
11725.5078	1
11733.2705	-1
11741.0332	-1
11748.7959	-1
11756.5586	-1
11764.3213	-1
11772.0840	-1
11779.8477	-1
11787.6113	-1
11795.3750	-1
11803.1387	-1
11810.9023	-1
11818.6660	-1
11826.4297	1
11834.1934	1
11841.9580	-1
11849.7227	-1
11857.4873	-1
11865.2520	-1
11873.0166	-1
11880.7812	-1
11888.5459	-1
11896.3105	-1
11904.0752	-1
11911.8398	-1
11919.6045	-1
11927.3691	-1
11935.1348	-1
11942.9004	-1
11950.6660	-1
11958.4316	-1
11966.1973	-1
11973.9629	-1
11981.7295	-1
11989.4961	-1
11997.2627	-1
12005.0293	-1
12012.7959	-1
12020.5625	-1
12028.3291	-1
12036.0957	-1
12043.8623	-1
12051.6289	-1
12059.3955	-1
12067.1621	-1
12074.9287	-1
12082.6953	-1
12090.4619	-1
12098.2285	-1
12105.9951	-1
12113.7617	-1
12121.5293	-1
12129.2969	-1
12137.0645	-1
12144.8320	-1
12152.5996	-1
12160.3672	-1
12168.1348	-1
12175.9023	-1
12183.6699	-1
12191.4492	1
12199.2295	-1
12207.0098	1
12214.7900	1
12222.5713	-1
12230.3525	-1
12238.1338	-1
12245.9150	-1
12253.6963	-1
12261.4775	-1
12269.2588	-1
12277.0410	-1
12284.8320	1
12292.6240	-1
12300.4160	1
12308.2090	1
12316.0029	-1
12323.7969	-1
12331.5908	-1
12339.3848	-1
12347.1787	-1
12354.9727	-1
12362.7666	-1
12370.5605	-1
12378.3545	-1
12386.1484	-1
12393.9424	-1
12401.7363	-1
12409.5303	1
12417.3242	1
12425.1182	1
12432.9121	1
12440.7080	-1
12448.5039	-1
12456.2998	-1
12464.0957	-1
12471.8916	-1
12479.6875	-1
12487.4834	-1
12495.2793	-1
12503.0752	-1
12510.8711	-1
12518.6670	-1
12526.4629	-1
12534.2588	-1
12542.0547	-1
12549.8506	-1
12557.6465	-1
12565.4424	-1
12573.2383	-1
12581.0342	-1
12588.8301	-1
12596.6260	-1
12604.4219	-1
12612.2178	-1
12620.0137	-1
12627.8105	1
12635.6074	1
12643.4043	1
12651.2012	1
12658.9980	1
12666.7949	1
12674.5918	1
12682.3887	1
12690.1875	-1
12697.9863	-1
12705.7852	-1
12713.5840	-1
12721.3838	-1
12729.1836	-1
12736.9834	-1
12744.7832	-1
12752.5830	-1
12760.3828	-1
12768.1826	-1
12775.9824	-1
12783.7832	1
12791.5840	1
12799.3848	1
12807.1855	1
12814.9863	-1
12822.7871	-1
12830.5879	-1
12838.3887	-1
12846.1895	-1
12853.9902	-1
12861.7910	-1
12869.5918	-1
12877.3926	-1
12885.1934	-1
12892.9941	-1
12900.7949	-1
12908.5957	-1
12916.3965	-1
12924.1973	-1
12931.9980	-1
12939.7988	-1
12947.5996	-1
12955.4004	-1
12963.2012	-1
12971.0020	-1
12978.8027	-1
12986.6035	-1
12994.4043	-1
13002.2061	-1
13010.0078	-1
13017.8096	-1
13025.6113	-1
13033.4131	-1
13041.2148	-1
13049.0166	-1
13056.8184	-1
13064.6201	-1
13072.4219	-1
13080.2236	-1
13088.0254	-1
13095.8271	1
13103.6289	1
13111.4307	1
13119.2324	1
13127.0352	1
13134.8389	-1
13142.6426	-1
13150.4463	-1
13158.2500	-1
13166.0537	-1
13173.8574	-1
13181.6621	-1
13189.4668	-1
13197.2715	-1
13205.0762	-1
13212.8809	-1
13220.6855	-1
13228.4902	-1
13236.2949	-1
13244.0996	-1
13251.9043	-1
13259.7090	-1
13267.5137	-1
13275.3193	-1
13283.1250	-1
13290.9307	-1
13298.7363	-1
13306.5420	-1
13314.3477	-1
13322.1533	-1
13329.9590	-1
13337.7646	-1
13345.5703	-1
13353.3760	-1
13361.1816	-1
13368.9873	-1
13376.7930	-1
13384.5986	-1
13392.4043	-1
13400.2100	-1
13408.0156	-1
13415.8223	-1
13423.6289	-1
13431.4355	-1
13439.2422	-1
13447.0488	-1
13454.8555	-1
13462.6621	-1
13470.4688	-1
13478.2754	-1
13486.0820	-1
13493.8887	-1
13501.6953	-1
13509.5020	-1
13517.3086	-1
13525.1152	-1
13532.9316	1
13540.7490	-1
13548.5674	1
13556.3857	1
13564.2051	-1
13572.0244	-1
13579.8438	-1
13587.6631	-1
13595.4824	-1
13603.3018	-1
13611.1211	-1
13618.9404	-1
13626.7598	-1
13634.5791	-1
13642.3984	-1
13650.2178	-1
13658.0371	1
13665.8564	1
13673.6777	-1
13681.4990	-1
13689.3203	-1
13697.1416	-1
13704.9629	-1
13712.7842	-1
13720.6055	-1
13728.4268	-1
13736.2578	1
13744.0898	-1
13751.9219	1
13759.7539	1
13767.5879	-1
13775.4219	-1
13783.2559	-1
13791.0898	-1
13798.9238	-1
13806.7578	-1
13814.5918	-1
13822.4258	-1
13830.2598	-1
13838.0938	-1
13845.9277	-1
13853.7617	-1
13861.5957	1
13869.4297	1
13877.2656	-1
13885.1016	-1
13892.9375	-1
13900.7734	-1
13908.6094	-1
13916.4453	-1
13924.2812	-1
13932.1172	-1
13939.9531	-1
13947.7988	1
13955.6455	-1
13963.4932	1
13971.3408	1
13979.1895	-1
13987.0381	-1
13994.8867	-1
14002.7354	-1
14010.5840	-1
14018.4326	-1
14026.2812	-1
14034.1299	-1
14041.9785	-1
14049.8271	-1
14057.6758	-1
14065.5244	-1
14073.3730	1
14081.2227	1
14089.0723	1
14096.9219	1
14104.7734	-1
14112.6250	-1
14120.4766	-1
14128.3281	-1
14136.1797	-1
14144.0312	-1
14151.8828	-1
14159.7344	-1
14167.5859	-1
14175.4375	-1
14183.2891	-1
14191.1406	-1
14198.9922	-1
14206.8438	-1
14214.6953	-1
14222.5469	-1
14230.3984	-1
14238.2500	-1
14246.1016	1
14253.9531	1
14261.8047	1
14269.6562	1
14277.5078	1
14285.3594	-1
14293.2109	1
14301.0625	-1
14308.9141	-1
14316.7656	-1
14324.6172	-1
14332.4688	-1
14340.3213	1
14348.1738	1
14356.0283	-1
14363.8828	-1
14371.7373	-1
14379.5918	-1
14387.4463	-1
14395.3008	-1
14403.1562	-1
14411.0117	-1
14418.8672	-1
14426.7227	-1
14434.5781	-1
14442.4336	-1
14450.2891	-1
14458.1445	-1
14466.0000	-1
14473.8555	-1
14481.7109	-1
14489.5664	-1
14497.4219	-1
14505.2783	-1
14513.1348	-1
14520.9912	-1
14528.8477	-1
14536.7041	-1
14544.5605	-1
14552.4170	-1
14560.2734	-1
14568.1299	-1
14575.9863	-1
14583.8428	-1
14591.6992	-1
14599.5557	-1
14607.4121	-1
14615.2686	-1
14623.1250	-1
14630.9814	-1
14638.8379	-1
14646.6943	-1
14654.5508	-1
14662.4072	-1
14670.2637	-1
14678.1201	-1
14685.9766	-1
14693.8330	-1
14701.6895	-1
14709.5459	-1
14717.4023	-1
14725.2588	-1
14733.1152	1
14740.9717	1
14748.8281	1
14756.6846	1
14764.5410	1
14772.3984	1
14780.2559	1
14788.1133	1
14795.9707	1
14803.8281	1
14811.6855	1
14819.5430	1
14827.4004	1
14835.2578	1
14843.1152	1
14850.9727	1
14858.8350	-1
14866.6973	-1
14874.5596	-1
14882.4219	-1
14890.2842	-1
14898.1465	-1
14906.0088	-1
14913.8711	-1
14921.7334	-1
14929.5957	-1
14937.4580	-1
14945.3203	-1
14953.1826	-1
14961.0449	-1
14968.9072	-1
14976.7695	-1
14984.6318	-1
14992.4941	-1
15000.3564	-1
15008.2188	-1
15016.0811	-1
15023.9434	-1
15031.8057	-1
15039.6680	-1
15047.5303	-1
15055.3926	-1
15063.2549	-1
15071.1172	-1
15078.9795	-1
15086.8418	-1
15094.7041	-1
15102.5664	-1
15110.4297	-1
15118.2930	-1
15126.1562	-1
15134.0195	-1
15141.8828	-1
15149.7461	-1
15157.6094	-1
15165.4727	-1
15173.3359	-1
15181.1992	-1
15189.0625	-1
15196.9258	-1
15204.7891	-1
15212.6523	-1
15220.5156	-1
15228.3789	-1
15236.2422	-1
15244.1055	-1
15251.9688	-1
15259.8320	-1
15267.6953	-1
15275.5586	-1
15283.4229	-1
15291.2871	-1
15299.1514	-1
15307.0156	-1
15314.8799	-1
15322.7441	-1
15330.6084	-1
15338.4727	-1
15346.3369	-1
15354.2012	-1
15362.0654	-1
15369.9297	-1
15377.7949	-1
15385.6602	-1
15393.5254	-1
15401.3906	-1
15409.2559	-1
15417.1211	-1
15424.9863	-1
15432.8516	-1
15440.7168	-1
15448.5820	-1
15456.4473	-1
15464.3125	-1
15472.1777	-1
15480.0430	-1
15487.9082	-1
15495.7734	-1
15503.6387	-1
15511.5039	-1
15519.3701	-1
15527.2363	-1
15535.1025	-1
15542.9688	-1
15550.8350	-1
15558.7012	-1
15566.5674	1
15574.4336	-1
15582.2998	-1
15590.1660	-1
15598.0322	-1
15605.8984	1
15613.7646	-1
15621.6309	-1
15629.4971	1
15637.3633	1
15645.2295	1
15653.0957	1
15660.9619	1
15668.8311	-1
15676.7002	-1
15684.5693	-1
15692.4385	-1
15700.3076	-1
15708.1768	-1
15716.0459	-1
15723.9150	-1
15731.7842	-1
15739.6533	-1
15747.5225	-1
15755.3916	-1
15763.2617	-1
15771.1318	-1
15779.0020	-1
15786.8721	-1
15794.7422	-1
15802.6123	-1
15810.4824	-1
15818.3525	-1
15826.2227	-1
15834.0928	-1
15841.9629	-1
15849.8330	-1
15857.7031	-1
15865.5732	-1
15873.4434	-1
15881.3135	-1
15889.1836	-1
15897.0537	-1
15904.9248	-1
15912.7959	-1
15920.6670	-1
15928.5381	-1
15936.4092	-1
15944.2803	-1
15952.1514	-1
15960.0352	1
15967.9199	-1
15975.8047	1
15983.6895	1
15991.5752	-1
15999.4609	-1
16007.3467	-1
16015.2324	-1
16023.1182	-1
16031.0039	-1
16038.8896	-1
16046.7764	-1
16054.6631	-1
16062.5498	-1
16070.4365	-1
16078.3232	-1
16086.2188	1
16094.1162	-1
16102.0137	1
16109.9111	1
16117.8096	-1
16125.7080	-1
16133.6064	-1
16141.5049	-1
16149.4033	-1
16157.3018	-1
16165.2002	-1
16173.0986	-1
16180.9971	-1
16188.8955	-1
16196.7939	-1
16204.6924	-1
16212.5918	1
16220.4912	1
16228.3906	1
16236.2900	1
16244.1904	-1
16252.0908	-1
16259.9912	-1
16267.8916	-1
16275.7920	-1
16283.6924	-1
16291.5938	-1
16299.4951	-1
16307.3965	-1
16315.2979	-1
16323.1992	-1
16331.1006	-1
16339.0020	1
16346.9033	-1
16354.8047	-1
16362.7061	-1
16370.6074	-1
16378.5088	-1
16386.4102	-1
16394.3105	1
16402.2109	-1
16410.1113	-1
16418.0117	-1
16425.9121	-1
16433.8125	-1
16441.7129	-1
16449.6152	1
16457.5176	1
16465.4199	1
16473.3223	1
16481.2246	1
16489.1270	1
16497.0312	-1
16504.9355	-1
16512.8398	-1
16520.7441	-1
16528.6484	-1
16536.5527	-1
16544.4570	-1
16552.3613	-1
16560.2656	-1
16568.1699	-1
16576.0742	-1
16583.9785	-1
16591.8828	-1
16599.7871	-1
16607.6914	-1
16615.5957	-1
16623.5000	-1
16631.4043	-1
16639.3086	1
16647.2129	1
16655.1172	1
16663.0215	1
16670.9258	1
16678.8301	1
16686.7363	-1
16694.6426	-1
16702.5488	-1
16710.4551	-1
16718.3613	-1
16726.2676	-1
16734.1738	-1
16742.0801	-1
16749.9863	-1
16757.8926	-1
16765.7988	-1
16773.7051	-1
16781.6113	-1
16789.5176	-1
16797.4238	-1
16805.3301	-1
16813.2363	-1
16821.1426	-1
16829.0488	-1
16836.9551	-1
16844.8613	-1
16852.7676	-1
16860.6738	-1
16868.5801	-1
16876.4863	-1
16884.3926	-1
16892.2988	-1
16900.2051	-1
16908.1113	-1
16916.0176	-1
16923.9258	1
16931.8340	1
16939.7422	1
16947.6504	1
16955.5586	1
16963.4668	1
16971.3750	1
16979.2832	1
16987.1914	1
16995.0996	1
17003.0078	-1
17010.9160	-1
17018.8242	-1
17026.7324	-1
17034.6406	-1
17042.5488	-1
17050.4570	-1
17058.3652	-1
17066.2734	-1
17074.1816	-1
17082.0898	-1
17089.9980	-1
17097.9082	-1
17105.8184	-1
17113.7285	-1
17121.6387	-1
17129.5488	-1
17137.4590	-1
17145.3691	-1
17153.2793	-1
17161.1895	-1
17169.0996	-1
17177.0098	-1
17184.9199	-1
17192.8301	-1
17200.7402	-1
17208.6504	-1
17216.5605	-1
17224.4707	-1
17232.3809	-1
17240.2910	-1
17248.2012	-1
17256.1113	-1
17264.0215	-1
17271.9316	-1
17279.8418	-1
17287.7520	1
17295.6621	1
17303.5723	1
17311.4824	1
17319.3945	1
17327.3066	1
17335.2188	1
17343.1309	1
17351.0430	1
17358.9551	1
17366.8672	1
17374.7793	1
17382.6953	-1
17390.6113	-1
17398.5273	-1
17406.4434	-1
17414.3594	-1
17422.2754	-1
17430.1914	-1
17438.1074	-1
17446.0234	-1
17453.9395	-1
17461.8555	-1
17469.7715	-1
17477.6875	-1
17485.6035	-1
17493.5195	-1
17501.4355	-1
17509.3535	-1
17517.2715	-1
17525.1895	-1
17533.1074	-1
17541.0254	-1
17548.9434	-1
17556.8613	-1
17564.7793	-1
17572.6973	-1
17580.6152	-1
17588.5332	-1
17596.4512	-1
17604.3691	-1
17612.2871	-1
17620.2051	-1
17628.1230	-1
17636.0410	-1
17643.9590	-1
17651.8770	-1
17659.7949	-1
17667.7129	-1
17675.6309	-1
17683.5488	-1
17691.4668	-1
17699.3848	-1
17707.3027	-1
17715.2207	-1
17723.1387	-1
17731.0566	-1
17738.9746	-1
17746.8926	-1
17754.8105	-1
17762.7285	-1
17770.6465	-1
17778.5645	-1
17786.4824	-1
17794.4004	-1
17802.3184	-1
17810.2363	-1
17818.1543	-1
17826.0723	-1
17833.9902	-1
17841.9082	-1
17849.8262	-1
17857.7441	-1
17865.6621	-1
17873.5801	-1
17881.4980	-1
17889.4160	-1
17897.3340	-1
17905.2520	-1
17913.1699	-1
17921.0879	-1
17929.0059	-1
17936.9238	-1
17944.8418	-1
17952.7598	-1
17960.6777	-1
17968.5957	-1
17976.5137	-1
17984.4316	-1
17992.3496	-1
18000.2676	-1
18008.1855	-1
18016.1035	-1
18024.0215	-1
18031.9395	-1
18039.8574	-1
18047.7754	-1
18055.6953	-1
18063.6152	-1
18071.5352	-1
18079.4551	-1
18087.3750	-1
18095.2949	-1
18103.2148	-1
18111.1348	-1
18119.0547	-1
18126.9746	-1
18134.8945	-1
18142.8145	-1
18150.7344	-1
18158.6543	-1
18166.5742	-1
18174.4941	-1
18182.4141	-1
18190.3340	1
18198.2539	1
18206.1738	1
18214.0938	1
18222.0137	1
18229.9336	1
18237.8535	1
18245.7734	1
18253.6934	1
18261.6133	1
18269.5332	1
18277.4531	1
18285.3730	1
18293.2930	1
18301.2129	1
18309.1348	1
18317.0566	1
18324.9805	-1
18332.9043	-1
18340.8281	-1
18348.7520	-1
18356.6758	-1
18364.5996	-1
18372.5234	-1
18380.4473	-1
18388.3711	-1
18396.2949	-1
18404.2188	-1
18412.1426	-1
18420.0664	-1
18427.9902	-1
18435.9141	-1
18443.8379	-1
18451.7617	-1
18459.6855	-1
18467.6094	-1
18475.5332	-1
18483.4570	-1
18491.3809	-1
18499.3047	-1
18507.2285	-1
18515.1543	-1
18523.0801	-1
18531.0059	-1
18538.9316	-1
18546.8574	-1
18554.7832	-1
18562.7090	-1
18570.6348	-1
18578.5605	-1
18586.4863	-1
18594.4121	-1
18602.3379	-1
18610.2637	-1
18618.1895	-1
18626.1152	-1
18634.0410	-1
18641.9668	-1
18649.8926	-1
18657.8184	-1
18665.7441	-1
18673.6699	-1
18681.5957	-1
18689.5215	-1
18697.4473	-1
18705.3730	-1
18713.2988	-1
18721.2246	-1
18729.1504	-1
18737.0762	-1
18745.0020	-1
18752.9297	-1
18760.8574	-1
18768.7852	-1
18776.7129	-1
18784.6406	-1
18792.5684	-1
18800.4961	-1
18808.4238	-1
18816.3516	-1
18824.2793	-1
18832.2070	-1
18840.1348	-1
18848.0645	-1
18855.9941	-1
18863.9238	-1
18871.8535	-1
18879.7832	-1
18887.7129	-1
18895.6426	-1
18903.5723	-1
18911.5020	-1
18919.4316	-1
18927.3613	-1
18935.2910	-1
18943.2207	-1
18951.1504	-1
18959.0801	-1
18967.0098	-1
18974.9395	-1
18982.8691	-1
18990.7988	-1
18998.7285	-1
19006.6582	-1
19014.5879	-1
19022.5176	-1
19030.4473	-1
19038.3770	-1
19046.3066	-1
19054.2363	-1
19062.1660	-1
19070.0957	-1
19078.0254	-1
19085.9551	-1
19093.8848	-1
19101.8145	-1
19109.7441	-1
19117.6738	-1
19125.6035	-1
19133.5332	-1
19141.4629	-1
19149.3926	-1
19157.3223	-1
19165.4414	1
19173.5605	1
19181.6797	1
19189.7988	1
19197.9199	-1
19206.0410	-1
19214.1621	-1
19222.2832	-1
19230.4043	-1
19238.5254	-1
19246.6465	-1
19254.7676	-1
19262.8887	-1
19271.0098	-1
19279.1309	-1
19287.2520	-1
19295.3730	-1
19303.4941	-1
19311.6152	-1
19319.7363	-1
19327.8574	-1
19335.9785	-1
19344.0996	-1
19352.2207	-1
19360.3418	-1
19368.4629	-1
19376.5840	-1
19384.7051	-1
19392.8379	1
19400.9727	-1
19409.1074	1
19417.2422	1
19425.3789	-1
19433.5156	-1
19441.6523	-1
19449.7891	-1
19457.9258	-1
19466.0625	-1
19474.1992	-1
19482.3359	-1
19490.4727	-1
19498.6094	-1
19506.7461	-1
19514.8828	-1
19523.0195	1
19531.1562	1
19539.2930	1
19547.4297	1
19555.5684	-1
19563.7070	-1
19571.8457	-1
19579.9844	-1
19588.1230	-1
19596.2617	-1
19604.4004	-1
19612.5391	-1
19620.6777	-1
19628.8164	-1
19636.9551	-1
19645.0938	-1
19653.2324	-1
19661.3711	-1
19669.5098	-1
19677.6484	-1
19685.7871	-1
19693.9258	-1
19702.0645	-1
19710.2031	-1
19718.3418	-1
19726.4805	-1
19734.6191	-1
19742.7578	-1
19750.8965	1
19759.0371	-1
19767.1777	-1
19775.3184	-1
19783.4590	-1
19791.6094	1
19799.7617	-1
19807.9141	1
19816.0664	1
19824.2188	-1
19832.3711	-1
19840.5234	-1
19848.6855	1
19856.8496	-1
19865.0137	1
19873.1777	1
19881.3418	-1
19889.5078	-1
19897.6836	1
19905.8594	-1
19914.0352	1
19922.2109	1
19930.3887	-1
19938.5664	-1
19946.7441	-1
19954.9219	-1
19963.0996	-1
19971.2773	-1
19979.4551	-1
19987.6328	-1
19995.8105	-1
20003.9883	-1
20012.1660	-1
20020.3438	-1
20028.5215	1
20036.6992	1
20044.8770	1
20053.0547	1
20061.2324	-1
20069.4102	-1
20077.5879	-1
20085.7656	-1
20093.9434	-1
20102.1211	-1
20110.2988	-1
20118.4766	-1
20126.6543	-1
20134.8320	-1
20143.0098	-1
20151.1875	-1
20159.3672	-1
20167.5469	-1
20175.7266	-1
20183.9062	-1
20192.0859	-1
20200.2656	-1
20208.4453	-1
20216.6250	-1
20224.8145	1
20233.0039	-1
20241.1953	1
20249.3867	1
20257.5781	-1
20265.7695	-1
20273.9609	-1
20282.1523	-1
20290.3438	-1
20298.5352	-1
20306.7266	-1
20314.9180	-1
20323.1094	-1
20331.3105	1
20339.5137	-1
20347.7168	1
20355.9199	1
20364.1230	-1
20372.3262	-1
20380.5293	-1
20388.7422	1
20396.9570	-1
20405.1719	1
20413.3867	1
20421.6035	-1
20429.8203	-1
20438.0449	1
20446.2715	-1
20454.4980	1
20462.7246	1
20470.9531	-1
20479.1816	-1
20487.4199	1
20495.6582	-1
20503.8965	1
20512.1348	1
20520.3750	-1
20528.6152	-1
20536.8652	1
20545.1152	-1
20553.3652	1
20561.6152	1
20569.8672	-1
20578.1191	-1
20586.3809	1
20594.6426	-1
20602.9062	1
20611.1699	1
20619.4336	-1
20627.6973	-1
20635.9609	-1
20644.2246	-1
20652.4883	-1
20660.7520	-1
20669.0156	-1
20677.2793	-1
20685.5430	-1
20693.8066	-1
20702.0703	-1
20710.3340	-1
20718.5977	1
20726.8613	1
20735.1250	1
20743.3887	1
20751.6543	-1
20759.9219	-1
20768.1895	-1
20776.4570	-1
20784.7246	-1
20792.9922	-1
20801.2598	-1
20809.5273	-1
20817.7949	-1
20826.0625	-1
20834.3301	-1
20842.5977	-1
20850.8652	-1
20859.1328	-1
20867.4004	-1
20875.6680	-1
20883.9355	-1
20892.2031	-1
20900.4707	-1
20908.7383	-1
20917.0059	-1
20925.2734	-1
20933.5410	-1
20941.8086	-1
20950.0762	1
20958.3438	1
20966.6113	1
20974.8789	1
20983.1465	1
20991.4141	1
20999.6816	1
21007.9512	-1
21016.2207	-1
21024.4902	-1
21032.7598	-1
21041.0293	-1
21049.2988	-1
21057.5684	-1
21065.8379	-1
21074.1074	-1
21082.3770	-1
21090.6465	-1
21098.9160	-1
21107.1855	-1
21115.4551	-1
21123.7246	-1
21131.9941	-1
21140.2637	-1
21148.5332	-1
21156.8027	-1
21165.0723	-1
21173.3418	-1
21181.6113	-1
21189.8809	-1
21198.1504	-1
21206.4219	-1
21214.6934	-1
21222.9648	-1
21231.2363	-1
21239.5078	-1
21247.7793	-1
21256.0508	-1
21264.3223	-1
21272.5938	-1
21280.8652	-1
21289.1367	-1
21297.4082	-1
21305.6797	-1
21313.9512	-1
21322.2227	-1
21330.5039	1
21338.7852	-1
21347.0664	1
21355.3496	1
21363.6328	-1
21371.9160	-1
21380.2090	1
21388.5039	-1
21396.7988	1
21405.0938	1
21413.3887	-1
21421.6836	-1
21429.9785	-1
21438.2734	-1
21446.5684	-1
21454.8633	-1
21463.1582	-1
21471.4531	-1
21479.7480	-1
21488.0430	-1
21496.3379	-1
21504.6328	-1
21512.9277	1
21521.2227	1
21529.5176	1
21537.8125	1
21546.1094	-1
21554.4062	-1
21562.7031	-1
21571.0000	-1
21579.2969	-1
21587.5938	-1
21595.8906	-1
21604.1875	-1
21612.4844	-1
21620.7812	-1
21629.0781	-1
21637.3750	-1
21645.6719	-1
21653.9688	-1
21662.2656	-1
21670.5625	-1
21678.8594	-1
21687.1562	-1
21695.4531	-1
21703.7500	-1
21712.0469	-1
21720.3438	-1
21728.6406	-1
21736.9375	-1
21745.2344	1
21753.5312	1
21761.8281	-1
21770.1250	-1
21778.4219	-1
21786.7188	-1
21795.0156	-1
21803.3125	-1
21811.6094	-1
21819.9180	1
21828.2266	-1
21836.5352	1
21844.8438	1
21853.1543	-1
21861.4648	-1
21869.7754	-1
21878.0859	-1
21886.3965	-1
21894.7070	-1
21903.0176	-1
21911.3281	-1
21919.6387	-1
21927.9492	-1
21936.2598	-1
21944.5703	-1
21952.8809	1
21961.1914	1
21969.5020	1
21977.8125	1
21986.1230	-1
21994.4336	-1
22002.7441	-1
22011.0547	-1
22019.3652	-1
22027.6758	-1
22035.9863	-1
22044.2969	-1
22052.6074	-1
22060.9180	-1
22069.2285	-1
22077.5391	-1
22085.8516	1
22094.1641	1
22102.4766	1
22110.7891	1
22119.1016	-1
22127.4141	-1
22135.7266	-1
22144.0391	-1
22152.3516	-1
22160.6641	-1
22168.9766	-1
22177.2891	-1
22185.6016	-1
22193.9141	-1
22202.2266	-1
22210.5391	-1
22218.8516	1
22227.1641	1
22235.4766	1
22243.7891	1
22252.1016	-1
22260.4141	-1
22268.7266	-1
22277.0391	-1
22285.3516	-1
22293.6641	-1
22301.9766	-1
22310.2891	-1
22318.6016	-1
22326.9141	-1
22335.2266	-1
22343.5391	-1
22351.8516	-1
22360.1641	-1
22368.4766	-1
22376.7891	-1
22385.1016	-1
22393.4141	-1
22401.7266	-1
22410.0391	-1
22418.3516	-1
22426.6641	-1
22434.9766	-1
22443.2891	-1
22451.6035	1
22459.9180	1
22468.2324	1
22476.5469	1
22484.8613	-1
22493.1758	-1
22501.4902	-1
22509.8047	-1
22518.1191	-1
22526.4336	-1
22534.7480	-1
22543.0625	-1
22551.3770	-1
22559.6914	-1
22568.0059	-1
22576.3203	-1
22584.6348	-1
22592.9492	-1
22601.2637	-1
22609.5781	-1
22617.8926	-1
22626.2070	-1
22634.5234	-1
22642.8398	-1
22651.1562	-1
22659.4727	-1
22667.7891	-1
22676.1055	-1
22684.4219	-1
22692.7383	-1
22701.0547	-1
22709.3711	-1
22717.6875	-1
22726.0039	-1
22734.3203	-1
22742.6367	-1
22750.9531	-1
22759.2695	-1
22767.5859	-1
22775.9023	-1
22784.2188	-1
22792.5352	-1
22800.8516	-1
22809.1680	-1
22817.4844	-1
22825.8008	-1
22834.1172	-1
22842.4434	1
22850.7715	-1
22859.0996	1
22867.4277	1
22875.7559	-1
22884.0840	-1
22892.4238	1
22900.7637	-1
22909.1035	1
22917.4434	1
22925.7852	-1
22934.1270	-1
22942.4785	1
22950.8320	-1
22959.1855	1
22967.5391	1
22975.8926	-1
22984.2461	-1
22992.6094	1
23000.9746	-1
23009.3398	1
23017.7051	1
23026.0723	-1
23034.4395	-1
23042.8164	1
23051.1934	-1
23059.5703	1
23067.9473	1
23076.3262	-1
23084.7051	-1
23093.0938	1
23101.4844	-1
23109.8750	1
23118.2656	1
23126.6562	-1
23135.0469	-1
23143.4375	-1
23151.8379	1
23160.2402	-1
23168.6426	1
23177.0449	1
23185.4473	-1
23193.8496	-1
23202.2539	-1
23210.6660	1
23219.0801	-1
23227.4941	1
23235.9082	1
23244.3242	-1
23252.7402	-1
23261.1660	1
23269.5918	-1
23278.0176	1
23286.4434	1
23294.8711	-1
23303.2988	-1
23311.7266	-1
23320.1641	1
23328.6016	-1
23337.0391	1
23345.4766	1
23353.9160	-1
23362.3555	-1
23370.7949	-1
23379.2441	1
23387.6934	-1
23396.1445	1
23404.5957	1
23413.0469	-1
23421.4980	-1
23429.9590	1
23438.4199	-1
23446.8828	1
23455.3457	1
23463.8086	-1
23472.2715	-1
23480.7441	1
23489.2168	-1
23497.6914	1
23506.1660	1
23514.6406	-1
23523.1152	-1
23531.5898	-1
23540.0645	-1
23548.5391	-1
23557.0137	-1
23565.4883	-1
23573.9629	-1
23582.4375	-1
23590.9121	-1
23599.3867	-1
23607.8613	-1
23616.3359	1
23624.8105	1
23633.2852	1
23641.7598	1
23650.2363	-1
23658.7129	-1
23667.1895	-1
23675.6660	-1
23684.1426	-1
23692.6191	-1
23701.0957	-1
23709.5723	-1
23718.0488	-1
23726.5254	-1
23735.0020	-1
23743.4785	-1
23751.9551	1
23760.4316	1
23768.9082	-1
23777.3848	-1
23785.8613	-1
23794.3379	-1
23802.8145	-1
23811.2910	-1
23819.7676	-1
23828.2441	-1
23836.7207	-1
23845.1973	-1
23853.6738	-1
23862.1504	-1
23870.6270	-1
23879.1035	-1
23887.5801	-1
23896.0566	-1
23904.5332	-1
23913.0098	-1
23921.4863	-1
23929.9629	-1
23938.4395	-1
23946.9160	-1
23955.3926	-1
23963.8789	1
23972.3672	-1
23980.8555	1
23989.3438	1
23997.8340	-1
24006.3242	-1
24014.8145	-1
24023.3047	-1
24031.7949	-1
24040.2852	-1
24048.7754	-1
24057.2656	-1
24065.7559	-1
24074.2461	-1
24082.7363	-1
24091.2266	-1
24099.7168	1
24108.2070	1
24116.6973	1
24125.1875	-1
24133.6777	-1
24142.1680	-1
24150.6582	-1
24159.1484	-1
24167.6387	-1
24176.1289	-1
24184.6191	-1
24193.1094	-1
24201.5996	-1
24210.0898	-1
24218.5801	-1
24227.0703	-1
24235.5703	1
24244.0723	-1
24252.5742	1
24261.0762	1
24269.5781	-1
24278.0801	-1
24286.5820	-1
24295.0840	-1
24303.5859	-1
24312.0879	-1
24320.5898	-1
24329.0918	-1
24337.5938	-1
24346.0957	-1
24354.5977	-1
24363.0996	-1
24371.6035	1
24380.1074	1
24388.6113	1
24397.1152	1
24405.6191	-1
24414.1230	-1
24422.6270	-1
24431.1309	-1
24439.6348	-1
24448.1387	-1
24456.6426	-1
24465.1465	-1
24473.6504	-1
24482.1543	-1
24490.6582	-1
24499.1621	-1
24507.6660	-1
24516.1699	-1
24524.6738	-1
24533.1777	-1
24541.6816	-1
24550.1855	-1
24558.6895	-1
24567.1934	-1
24575.6973	-1
24584.2012	-1
24592.7051	-1
24601.2090	-1
24609.7129	1
24618.2168	1
24626.7207	1
24635.2246	1
24643.7285	1
24652.2324	1
24660.7363	1
24669.2402	1
24677.7461	-1
24686.2520	-1
24694.7578	-1
24703.2637	-1
24711.7695	-1
24720.2754	-1
24728.7812	-1
24737.2871	-1
24745.7930	-1
24754.2988	-1
24762.8047	-1
24771.3105	-1
24779.8164	1
24788.3223	1
24796.8281	1
24805.3340	1
24813.8398	-1
24822.3457	-1
24830.8516	-1
24839.3574	-1
24847.8633	-1
24856.3691	-1
24864.8750	-1
24873.3809	-1
24881.8867	-1
24890.3926	-1
24898.8984	-1
24907.4043	-1
24915.9102	-1
24924.4160	-1
24932.9219	-1
24941.4277	-1
24949.9336	-1
24958.4395	-1
24966.9453	-1
24975.4512	-1
24983.9570	-1
24992.4629	-1
25000.9688	-1
25009.4746	-1
25017.9824	1
25026.4902	1
25034.9980	1
25043.5059	1
25052.0137	1
25060.5215	1
25069.0293	1
25077.5371	1
25086.0449	-1
25094.5527	-1
25103.0605	-1
25111.5684	-1
25120.0762	-1
25128.5840	-1
25137.0918	-1
25145.5996	-1
25154.1074	-1
25162.6152	-1
25171.1230	-1
25179.6309	-1
25188.1387	-1
25196.6465	-1
25205.1543	-1
25213.6621	-1
25222.1699	-1
25230.6777	-1
25239.1855	-1
25247.6934	-1
25256.2012	-1
25264.7090	-1
25273.2168	-1
25281.7246	-1
25290.2324	-1
25298.7402	-1
25307.2480	-1
25315.7559	-1
25324.2637	-1
25332.7715	-1
25341.2793	-1
25349.7871	-1
25358.2949	-1
25366.8027	-1
25375.3105	-1
25383.8184	-1
25392.3262	-1
25400.8340	-1
25409.3418	1
25417.8496	-1
25426.3574	-1
25434.8652	-1
25443.3730	-1
25451.8828	1
25460.3926	1
25468.9023	1
25477.4121	-1
25485.9219	-1
25494.4316	-1
25502.9414	-1
25511.4512	1
25519.9609	-1
25528.4707	-1
25536.9805	1
25545.4902	1
25554.0000	-1
25562.5098	-1
25571.0195	-1
25579.5293	1
25588.0391	-1
25596.5488	-1
25605.0586	-1
25613.5684	1
25622.0781	1
25630.5879	1
25639.0977	1
25647.6074	1
25656.1172	1
25664.6270	1
25673.1367	1
25681.6465	1
25690.1562	1
25698.6680	-1
25707.1797	-1
25715.6914	-1
25724.2031	-1
25732.7148	-1
25741.2266	-1
25749.7383	-1
25758.2500	-1
25766.7617	-1
25775.2734	-1
25783.7852	-1
25792.2969	-1
25800.8086	-1
25809.3203	-1
25817.8320	-1
25826.3438	-1
25834.8555	-1
25843.3672	-1
25851.8789	-1
25860.3906	-1
25868.9023	-1
25877.4141	-1
25885.9258	-1
25894.4375	-1
25902.9492	-1
25911.4609	-1
25919.9727	-1
25928.4844	-1
25936.9961	-1
25945.5078	-1
25954.0195	-1
25962.5312	-1
25971.0430	-1
25979.5547	-1
25988.0664	-1
25996.5781	-1
26005.0898	-1
26013.6016	-1
26022.1133	-1
26030.6250	-1
26039.1367	-1
26047.6484	-1
26056.1602	-1
26064.6719	-1
26073.1836	-1
26081.6953	-1
26090.2070	-1
26098.7188	-1
26107.2305	-1
26115.7422	-1
26124.2539	-1
26132.7656	-1
26141.2773	-1
26149.7891	-1
26158.3008	-1
26166.8125	-1
26175.3242	-1
26183.8359	-1
26192.3477	-1
26200.8594	-1
26209.3730	1
26217.8867	1
26226.4004	1
26234.9141	1
26243.4277	1
26251.9414	1
26260.4570	-1
26268.9727	-1
26277.4883	-1
26286.0039	-1
26294.5195	-1
26303.0352	-1
26311.5508	-1
26320.0664	-1
26328.5820	-1
26337.0977	-1
26345.6133	-1
26354.1289	-1
26362.6445	-1
26371.1602	-1
26379.6758	-1
26388.1914	-1
26396.7070	-1
26405.2227	-1
26413.7383	-1
26422.2539	-1
26430.7695	-1
26439.2852	-1
26447.8008	-1
26456.3164	-1
26464.8320	-1
26473.3477	-1
26481.8633	-1
26490.3789	-1
26498.8945	-1
26507.4102	-1
26515.9258	-1
26524.4414	-1
26532.9570	-1
26541.4727	-1
26549.9883	-1
26558.5039	-1
26567.0195	-1
26575.5352	-1
26584.0508	-1
26592.5664	-1
26601.0820	-1
26609.5977	-1
26618.1133	-1
26626.6289	-1
26635.1445	-1
26643.6602	-1
26652.1758	-1
26660.6914	-1
26669.2070	-1
26677.7227	-1
26686.2383	-1
26694.7539	-1
26703.2695	-1
26711.7852	-1
26720.3008	-1
26728.8164	-1
26737.3320	-1
26745.8477	-1
26754.3633	-1
26762.8789	-1
26771.3945	-1
26779.9102	-1
26788.4258	-1
26796.9414	-1
26805.4570	-1
26813.9727	-1
26822.4883	-1
26831.0039	-1
26839.5195	-1
26848.0352	-1
26856.5508	-1
26865.0664	-1
26873.5820	-1
26882.0977	-1
26890.6133	-1
26899.1289	-1
26907.6445	-1
26916.1602	-1
26924.6758	-1
26933.1914	-1
26941.7070	-1
26950.2227	-1
26958.7383	-1
26967.2539	-1
26975.7715	-1
26984.2891	-1
26992.8066	-1
27001.3242	-1
27009.8418	-1
27018.3594	-1
27026.8770	-1
27035.3945	-1
27043.9121	-1
27052.4297	-1
27060.9473	-1
27069.4648	-1
27077.9824	-1
27086.5000	-1
27095.0176	-1
27103.5352	-1
27112.0527	-1
27120.5703	-1
27129.0879	-1
27137.6055	-1
27146.1230	-1
27154.6406	-1
27163.1582	-1
27171.6758	-1
27180.1934	-1
27188.7109	-1
27197.2285	-1
27205.7461	-1
27222.3750	1
27239.0039	-1
