0.0000	0
0.1865	-1
2.2188	-2
2.4302	-2
2.4783	-2
2.5429	2
2.6218	-2
2.6773	-2
2.7206	-2
2.7348	-2
2.9448	-2
2.9937	-2
3.0055	-2
3.1815	-2
3.2844	-2
3.3977	-2
3.5059	-2
3.6603	-2
3.7510	-2
3.9097	-2
4.0347	-2
4.0733	-2
4.0911	-2
4.2804	-2
4.4269	-2
4.4419	-2
4.4563	-2
4.4979	-2
4.5866	-2
4.6177	-2
5.1492	-2
5.1495	-2
5.2317	-2
5.3440	-2
5.3518	-2
5.5053	-2
5.5806	-2
5.6160	-2
5.6455	-2
5.6692	-2
5.7541	-2
5.8592	-2
5.8900	-2
6.0299	-2
6.1966	-2
6.2564	-2
6.4081	-2
6.4725	-2
6.5099	-2
6.5217	-1
6.6072	-2
6.6720	-2
6.7544	-2
6.8827	-2
6.9680	-2
7.0112	-2
7.0799	-2
7.2208	-2
7.2418	-2
7.2462	-2
7.4796	-2
7.4812	-2
7.5869	-2
7.9692	-2
8.3587	-2
8.3665	-2
8.4682	-2
8.4969	-2
8.5956	-2
8.6731	-2
8.8157	-2
8.8937	-2
8.9781	-2
8.9862	-2
9.0925	-2
9.1724	-2
9.3108	-2
9.4212	-2
9.5358	-2
9.6901	-2
9.7177	-2
9.8170	-2
10.0421	-2
10.2948	-2
10.5485	-2
10.5874	-2
10.8099	-2
11.4787	-2
11.5965	-2
12.3802	-2
12.6309	-2
12.6796	2
12.8576	1
13.0882	-2
14.3002	2
16.0181	-2
16.6901	-2
20.1217	1
27.3874	-1
34.6534	1
41.9195	1
49.1870	-1
56.4544	-1
63.7218	-1
70.9893	-1
78.2567	-1
85.5242	-1
92.7917	-1
100.0593	-1
107.3268	-1
114.5944	-1
121.8620	-1
129.1295	-1
136.3975	1
143.6656	1
150.9338	1
158.2020	1
165.4715	-1
172.7411	-1
180.0107	-1
187.2803	-1
194.5499	-1
201.8195	-1
209.0895	-1
216.3595	-1
223.6296	-1
230.8996	-1
238.1696	-1
245.4397	-1
252.7101	1
259.9806	1
267.2511	1
274.5216	1
281.7923	-1
289.0631	-1
296.3338	-1
303.6046	-1
310.8753	-1
318.1461	-1
325.4170	-1
332.6879	-1
339.9588	-1
347.2297	-1
354.5006	-1
361.7715	-1
369.0431	1
376.3148	1
383.5865	1
390.8582	1
398.1315	-1
405.4049	-1
412.6783	-1
419.9516	-1
427.2250	-1
434.4984	-1
441.7719	-1
449.0453	-1
456.3188	-1
463.5923	-1
470.8657	-1
478.1392	-1
485.4128	-1
492.6864	-1
499.9600	-1
507.2336	-1
514.5071	-1
521.7808	-1
529.0544	-1
536.3281	-1
543.6018	-1
550.8755	-1
558.1492	-1
565.4229	-1
572.6975	1
579.9722	1
587.2469	1
594.5217	1
601.7965	1
609.0713	1
616.3461	1
623.6215	-1
630.8969	-1
638.1723	-1
645.4477	-1
652.7231	-1
659.9985	-1
667.2742	-1
674.5500	-1
681.8259	-1
689.1017	-1
696.3775	-1
703.6533	-1
710.9293	-1
718.2052	-1
725.4811	-1
732.7571	-1
740.0330	-1
747.3090	-1
754.5851	-1
761.8612	-1
769.1373	-1
776.4135	-1
783.6896	-1
790.9657	-1
798.2427	-1
805.5197	-1
812.7966	-1
820.0737	-1
827.3507	-1
834.6277	-1
841.9062	-1
849.1848	-1
856.4633	-1
863.7418	-1
871.0203	-1
878.2988	-1
885.5774	-1
892.8560	-1
900.1346	-1
907.4133	-1
914.6919	-1
921.9705	-1
929.2498	-1
936.5291	-1
943.8084	-1
951.0877	-1
958.3670	-1
965.6463	-1
972.9257	-1
980.2050	-1
987.4844	-1
994.7639	-1
1002.0433	-1
1009.3227	-1
1016.6022	-1
1023.8817	-1
1031.1611	-1
1038.4407	-1
1045.7202	-1
1052.9998	-1
1060.2793	-1
1067.5588	-1
1074.8384	-1
1082.1179	-1
1089.3975	-1
1096.6875	1
1103.9788	-1
1111.2703	1
1118.5618	1
1125.8540	-1
1133.1462	-1
1140.4385	-1
1147.7307	-1
1155.0229	-1
1162.3152	-1
1169.6075	-1
1176.8999	-1
1184.1923	-1
1191.4846	-1
1198.7770	-1
1206.0693	-1
1213.3621	1
1220.6549	1
1227.9479	1
1235.2408	1
1242.5344	-1
1249.8280	-1
1257.1216	-1
1264.4152	-1
1271.7087	-1
1279.0023	-1
1286.2961	-1
1293.5900	-1
1300.8838	-1
1308.1776	-1
1315.4714	-1
1322.7653	-1
1330.0592	-1
1337.3531	-1
1344.6471	-1
1351.9410	-1
1359.2350	-1
1366.5289	-1
1373.8230	1
1381.1172	1
1388.4116	1
1395.7061	-1
1403.0005	-1
1410.2949	-1
1417.5894	-1
1424.8838	-1
1432.1782	-1
1439.4727	1
1446.7671	1
1454.0615	1
1461.3566	1
1468.6516	1
1475.9471	-1
1483.2427	-1
1490.5382	-1
1497.8337	-1
1505.1293	-1
1512.4248	-1
1519.7205	-1
1527.0161	-1
1534.3118	-1
1541.6074	-1
1548.9031	-1
1556.1989	-1
1563.4946	-1
1570.7904	-1
1578.0862	-1
1585.3820	-1
1592.6777	-1
1599.9735	-1
1607.2699	-1
1614.5664	-1
1621.8629	-1
1629.1594	-1
1636.4559	-1
1643.7524	-1
1651.0491	1
1658.3459	-1
1665.6428	-1
1672.9397	-1
1680.2366	-1
1687.5334	-1
1694.8303	-1
1702.1273	-1
1709.4243	-1
1716.7213	-1
1724.0183	-1
1731.3153	-1
1738.6123	-1
1745.9097	-1
1753.2070	-1
1760.5044	-1
1767.8018	-1
1775.0991	-1
1782.3965	-1
1789.6942	-1
1796.9919	-1
1804.2897	-1
1811.5874	-1
1818.8851	-1
1826.1829	-1
1833.4807	-1
1840.7786	-1
1848.0764	-1
1855.3846	1
1862.6941	-1
1870.0038	1
1877.3136	1
1884.6239	-1
1891.9343	-1
1899.2448	-1
1906.5552	-1
1913.8656	-1
1921.1760	-1
1928.4865	-1
1935.7969	-1
1943.1073	-1
1950.4177	-1
1957.7281	-1
1965.0386	-1
1972.3494	1
1979.6602	1
1986.9709	1
1994.2817	1
2001.5931	-1
2008.9045	-1
2016.2159	-1
2023.5273	-1
2030.8387	-1
2038.1501	-1
2045.4617	-1
2052.7732	-1
2060.0847	-1
2067.3962	-1
2074.7078	-1
2082.0193	-1
2089.3311	1
2096.6428	1
2103.9548	-1
2111.2668	-1
2118.5789	-1
2125.8909	-1
2133.2029	-1
2140.5149	-1
2147.8271	-1
2155.1394	-1
2162.4517	-1
2169.7639	-1
2177.0762	-1
2184.3884	-1
2191.7012	-1
2199.0139	-1
2206.3267	-1
2213.6394	-1
2220.9521	-1
2228.2649	-1
2235.5776	-1
2242.8904	-1
2250.2031	-1
2257.5261	1
2264.8503	-1
2272.1748	1
2279.4995	1
2286.8245	-1
2294.1501	-1
2301.4856	1
2308.8223	-1
2316.1594	1
2323.4966	1
2330.8347	-1
2338.1729	-1
2345.5112	-1
2352.8496	-1
2360.1880	-1
2367.5264	-1
2374.8647	-1
2382.2031	-1
2389.5415	-1
2396.8799	-1
2404.2183	-1
2411.5566	-1
2418.8953	1
2426.2339	1
2433.5725	1
2440.9114	1
2448.2512	-1
2455.5911	-1
2462.9309	-1
2470.2708	-1
2477.6106	-1
2484.9504	-1
2492.2908	1
2499.6311	1
2506.9717	-1
2514.3123	-1
2521.6528	-1
2528.9934	-1
2536.3340	-1
2543.6746	-1
2551.0154	-1
2558.3562	-1
2565.6970	-1
2573.0378	-1
2580.3787	-1
2587.7195	-1
2595.0603	-1
2602.4011	-1
2609.7419	-1
2617.0828	-1
2624.4236	-1
2631.7644	-1
2639.1055	1
2646.4465	1
2653.7881	1
2661.1296	1
2668.4712	1
2675.8127	1
2683.1560	-1
2690.4993	-1
2697.8425	-1
2705.1858	-1
2712.5291	-1
2719.8723	-1
2727.2161	-1
2734.5598	-1
2741.9036	-1
2749.2473	-1
2756.5911	-1
2763.9348	-1
2771.2786	-1
2778.6223	-1
2785.9661	-1
2793.3098	-1
2800.6536	-1
2807.9973	-1
2815.3413	-1
2822.6853	-1
2830.0293	-1
2837.3733	-1
2844.7173	-1
2852.0613	-1
2859.4053	1
2866.7495	1
2874.0942	1
2881.4390	1
2888.7837	1
2896.1284	1
2903.4741	-1
2910.8201	-1
2918.1660	-1
2925.5120	-1
2932.8579	-1
2940.2039	-1
2947.5498	-1
2954.8958	-1
2962.2417	-1
2969.5876	-1
2976.9336	-1
2984.2795	-1
2991.6255	-1
2998.9714	-1
3006.3174	-1
3013.6633	-1
3021.0093	-1
3028.3552	-1
3035.7014	-1
3043.0476	-1
3050.3938	-1
3057.7400	-1
3065.0862	-1
3072.4324	-1
3079.7803	-1
3087.1282	-1
3094.4761	-1
3101.8240	-1
3109.1719	-1
3116.5198	-1
3123.8677	-1
3131.2156	-1
3138.5635	-1
3145.9114	-1
3153.2593	-1
3160.6072	-1
3167.9553	-1
3175.3035	-1
3182.6516	-1
3189.9998	-1
3197.3479	-1
3204.6960	-1
3212.0442	-1
3219.3923	-1
3226.7405	-1
3234.0886	-1
3241.4368	-1
3248.7849	-1
3256.1335	-1
3263.4822	-1
3270.8308	-1
3278.1794	-1
3285.5281	-1
3292.8767	-1
3300.2253	-1
3307.5740	-1
3314.9338	1
3322.2949	-1
3329.6562	1
3337.0178	1
3344.3796	-1
3351.7415	-1
3359.1033	-1
3366.4658	-1
3373.8376	1
3381.2107	-1
3388.5840	1
3395.9575	1
3403.3315	-1
3410.7056	-1
3418.0796	-1
3425.4536	-1
3432.8281	-1
3440.2124	1
3447.5981	-1
3454.9841	1
3462.3704	1
3469.7576	-1
3477.1448	-1
3484.5320	-1
3491.9192	-1
3499.3064	-1
3506.6936	-1
3514.0811	-1
3521.4685	-1
3528.8560	-1
3536.2434	-1
3543.6309	-1
3551.0183	-1
3558.4060	1
3565.7937	1
3573.1814	1
3580.5693	1
3587.9583	-1
3595.3472	-1
3602.7361	-1
3610.1250	-1
3617.5139	-1
3624.9028	-1
3632.2920	1
3639.6812	1
3647.0708	-1
3654.4604	-1
3661.8503	-1
3669.2402	-1
3676.6301	-1
3684.0200	-1
3691.4104	-1
3698.8008	1
3706.1912	-1
3713.5815	-1
3720.9719	-1
3728.3623	-1
3735.7527	-1
3743.1431	1
3750.5337	1
3757.9243	1
3765.3162	-1
3772.7080	-1
3780.0999	-1
3787.4917	-1
3794.8835	-1
3802.2754	-1
3809.6680	-1
3817.0605	-1
3824.4531	-1
3831.8457	-1
3839.2383	-1
3846.6309	-1
3854.0237	-1
3861.4165	-1
3868.8093	-1
3876.2021	-1
3883.5950	-1
3890.9878	-1
3898.3806	-1
3905.7734	-1
3913.1663	-1
3920.5591	-1
3927.9519	-1
3935.3447	-1
3942.7378	-1
3950.1309	-1
3957.5239	-1
3964.9170	-1
3972.3101	-1
3979.7031	-1
3987.0967	1
3994.4902	1
4001.8845	-1
4009.2788	-1
4016.6731	-1
4024.0674	-1
4031.4617	-1
4038.8560	-1
4046.2505	1
4053.6450	1
4061.0396	-1
4068.4341	1
4075.8286	-1
4083.2231	-1
4090.6177	-1
4098.0122	-1
4105.4067	-1
4112.8013	1
4120.1982	-1
4127.5952	-1
4134.9922	-1
4142.3892	-1
4149.7861	-1
4157.1831	-1
4164.5806	-1
4171.9780	-1
4179.3755	-1
4186.7729	-1
4194.1704	-1
4201.5679	-1
4208.9653	-1
4216.3628	-1
4223.7603	-1
4231.1577	-1
4238.5552	-1
4245.9526	-1
4253.3501	-1
4260.7476	-1
4268.1450	-1
4275.5425	-1
4282.9399	-1
4290.3374	-1
4297.7354	-1
4305.1333	-1
4312.5312	-1
4319.9292	-1
4327.3271	-1
4334.7251	-1
4342.1230	-1
4349.5210	-1
4356.9189	-1
4364.3271	1
4371.7363	-1
4379.1460	1
4386.5557	1
4393.9658	-1
4401.3760	-1
4408.7861	-1
4416.1963	-1
4423.6064	-1
4431.0166	-1
4438.4268	-1
4445.8369	-1
4453.2471	-1
4460.6572	-1
4468.0674	-1
4475.4775	-1
4482.8882	1
4490.2988	1
4497.7095	1
4505.1201	1
4512.5317	-1
4519.9434	-1
4527.3550	-1
4534.7666	-1
4542.1782	-1
4549.5898	-1
4557.0015	-1
4564.4131	-1
4571.8247	-1
4579.2363	-1
4586.6479	-1
4594.0596	-1
4601.4712	-1
4608.8828	-1
4616.2944	-1
4623.7061	-1
4631.1177	-1
4638.5293	-1
4645.9409	-1
4653.3525	-1
4660.7642	-1
4668.1758	-1
4675.5879	-1
4683.0000	-1
4690.4121	1
4697.8242	1
4705.2363	1
4712.6484	1
4720.0605	1
4727.4727	1
4734.8857	-1
4742.2988	-1
4749.7119	-1
4757.1250	-1
4764.5381	-1
4771.9512	-1
4779.3647	-1
4786.7783	-1
4794.1919	-1
4801.6055	-1
4809.0190	-1
4816.4326	-1
4823.8467	-1
4831.2607	-1
4838.6748	-1
4846.0889	-1
4853.5029	-1
4860.9170	-1
4868.3311	-1
4875.7451	-1
4883.1592	-1
4890.5732	-1
4897.9873	-1
4905.4014	-1
4912.8154	-1
4920.2295	-1
4927.6436	-1
4935.0576	-1
4942.4717	-1
4949.8857	-1
4957.2998	-1
4964.7139	-1
4972.1279	-1
4979.5522	1
4986.9775	-1
4994.4033	1
5001.8291	1
5009.2559	-1
5016.6826	-1
5024.1094	-1
5031.5361	-1
5038.9629	-1
5046.3896	-1
5053.8164	-1
5061.2432	-1
5068.6699	-1
5076.0967	-1
5083.5234	-1
5090.9502	-1
5098.3774	1
5105.8047	1
5113.2319	1
5120.6592	1
5128.0884	-1
5135.5176	-1
5142.9468	-1
5150.3760	-1
5157.8052	-1
5165.2344	-1
5172.6636	-1
5180.0928	-1
5187.5220	-1
5194.9512	-1
5202.3804	-1
5209.8096	-1
5217.2388	-1
5224.6680	-1
5232.0972	-1
5239.5264	-1
5246.9556	-1
5254.3848	-1
5261.8140	-1
5269.2432	-1
5276.6724	-1
5284.1016	-1
5291.5308	-1
5298.9600	-1
5306.3896	1
5313.8193	1
5321.2490	1
5328.6787	1
5336.1089	1
5343.5391	1
5350.9692	1
5358.3994	1
5365.8306	-1
5373.2617	-1
5380.6929	-1
5388.1240	-1
5395.5552	-1
5402.9863	-1
5410.4185	-1
5417.8506	-1
5425.2827	-1
5432.7148	-1
5440.1470	-1
5447.5791	-1
5455.0122	-1
5462.4453	-1
5469.8784	-1
5477.3115	-1
5484.7446	-1
5492.1777	-1
5499.6108	-1
5507.0439	-1
5514.4771	-1
5521.9102	-1
5529.3433	-1
5536.7764	-1
5544.2095	-1
5551.6426	-1
5559.0757	-1
5566.5088	-1
5573.9419	-1
5581.3750	-1
5588.8086	-1
5596.2422	-1
5603.6758	-1
5611.1094	-1
5618.5430	-1
5625.9766	-1
5633.4102	-1
5640.8438	-1
5648.2773	-1
5655.7109	-1
5663.1445	-1
5670.5781	-1
5678.0117	-1
5685.4551	1
5692.8994	-1
5700.3442	1
5707.7891	1
5715.2349	-1
5722.6807	-1
5730.1265	-1
5737.5723	-1
5745.0181	-1
5752.4639	-1
5759.9097	-1
5767.3652	1
5774.8223	-1
5782.2793	1
5789.7363	1
5797.1943	-1
5804.6523	-1
5812.1104	-1
5819.5776	1
5827.0459	-1
5834.5146	1
5841.9834	1
5849.4526	-1
5856.9219	-1
5864.3911	-1
5871.8608	-1
5879.3394	1
5886.8188	-1
5894.2988	1
5901.7788	1
5909.2593	-1
5916.7397	-1
5924.2207	-1
5931.7104	1
5939.2012	-1
5946.6924	1
5954.1836	1
5961.6758	-1
5969.1680	-1
5976.6694	1
5984.1719	-1
5991.6743	1
5999.1772	1
6006.6807	-1
6014.1841	-1
6021.6968	1
6029.2109	-1
6036.7251	1
6044.2397	1
6051.7554	-1
6059.2710	-1
6066.7866	-1
6074.3022	-1
6081.8271	1
6089.3530	-1
6096.8794	1
6104.4058	1
6111.9331	-1
6119.4604	-1
6126.9878	-1
6134.5151	-1
6142.0518	1
6149.5894	-1
6157.1274	1
6164.6655	1
6172.2041	-1
6179.7427	-1
6187.2817	-1
6194.8296	1
6202.3789	-1
6209.9282	1
6217.4775	1
6225.0283	-1
6232.5791	-1
6240.1299	-1
6247.6807	-1
6255.2314	-1
6262.7822	-1
6270.3330	-1
6277.8838	-1
6285.4346	-1
6292.9854	-1
6300.5361	-1
6308.0869	-1
6315.6382	1
6323.1895	1
6330.7417	-1
6338.2939	-1
6345.8462	-1
6353.3984	-1
6360.9507	-1
6368.5029	-1
6376.0552	-1
6383.6167	1
6391.1792	-1
6398.7422	1
6406.3052	1
6413.8691	-1
6421.4331	-1
6429.0059	1
6436.5801	-1
6444.1543	1
6451.7290	1
6459.3042	-1
6466.8794	-1
6474.4546	-1
6482.0391	1
6489.6245	-1
6497.2100	1
6504.7959	1
6512.3828	-1
6519.9697	-1
6527.5566	-1
6535.1436	-1
6542.7305	-1
6550.3174	-1
6557.9043	-1
6565.4912	-1
6573.0781	-1
6580.6743	1
6588.2715	-1
6595.8691	1
6603.4668	1
6611.0649	-1
6618.6631	-1
6626.2612	-1
6633.8594	-1
6641.4575	-1
6649.0557	-1
6656.6538	-1
6664.2520	-1
6671.8501	-1
6679.4482	-1
6687.0464	-1
6694.6445	-1
6702.2432	1
6709.8418	1
6717.4404	1
6725.0391	1
6732.6387	-1
6740.2383	-1
6747.8379	-1
6755.4375	-1
6763.0371	-1
6770.6367	-1
6778.2363	-1
6785.8359	-1
6793.4355	-1
6801.0352	-1
6808.6348	-1
6816.2344	-1
6823.8340	-1
6831.4336	-1
6839.0332	-1
6846.6328	-1
6854.2324	-1
6861.8320	-1
6869.4316	-1
6877.0312	-1
6884.6309	-1
6892.2305	-1
6899.8301	-1
6907.4297	-1
6915.0298	1
6922.6299	1
6930.2300	1
6937.8301	1
6945.4302	1
6953.0312	-1
6960.6323	-1
6968.2334	-1
6975.8345	-1
6983.4355	-1
6991.0366	-1
6998.6377	-1
7006.2388	-1
7013.8398	-1
7021.4409	-1
7029.0420	-1
7036.6431	-1
7044.2446	-1
7051.8462	-1
7059.4478	-1
7067.0493	-1
7074.6509	-1
7082.2524	-1
7089.8540	-1
7097.4556	-1
7105.0571	-1
7112.6587	-1
7120.2603	-1
7127.8618	-1
7135.4634	-1
7143.0649	-1
7150.6665	-1
7158.2681	-1
7165.8696	-1
7173.4712	-1
7181.0820	1
7188.6938	-1
7196.3062	1
7203.9185	1
7211.5317	-1
7219.1450	-1
7226.7583	-1
7234.3716	-1
7241.9849	-1
7249.5981	-1
7257.2114	-1
7264.8247	-1
7272.4380	-1
7280.0513	-1
7287.6646	-1
7295.2778	-1
7302.8916	1
7310.5054	1
7318.1191	1
7325.7329	1
7333.3481	-1
7340.9634	-1
7348.5786	-1
7356.1938	-1
7363.8091	-1
7371.4243	-1
7379.0400	-1
7386.6558	-1
7394.2715	-1
7401.8872	-1
7409.5029	-1
7417.1187	-1
7424.7344	-1
7432.3501	-1
7439.9658	-1
7447.5815	-1
7455.1973	-1
7462.8130	-1
7470.4287	-1
7478.0444	-1
7485.6602	-1
7493.2759	-1
7500.8916	-1
7508.5073	-1
7516.1230	1
7523.7388	1
7531.3560	-1
7538.9731	-1
7546.5903	-1
7554.2075	-1
7561.8247	-1
7569.4419	-1
7577.0591	-1
7584.6763	-1
7592.3027	1
7599.9302	-1
7607.5581	1
7615.1860	1
7622.8149	-1
7630.4438	-1
7638.0728	-1
7645.7017	-1
7653.3306	-1
7660.9595	-1
7668.5884	-1
7676.2173	-1
7683.8462	-1
7691.4751	-1
7699.1040	-1
7706.7329	-1
7714.3623	1
7721.9917	1
7729.6211	1
7737.2505	1
7744.8813	-1
7752.5122	-1
7760.1431	-1
7767.7739	-1
7775.4048	-1
7783.0356	-1
7790.6670	-1
7798.2983	-1
7805.9297	-1
7813.5610	-1
7821.1924	-1
7828.8237	-1
7836.4551	-1
7844.0864	-1
7851.7178	-1
7859.3491	-1
7866.9805	-1
7874.6118	-1
7882.2432	-1
7889.8745	-1
7897.5059	-1
7905.1372	-1
7912.7686	-1
7920.3999	-1
7928.0312	1
7935.6631	1
7943.2949	1
7950.9268	1
7958.5586	1
7966.1904	1
7973.8228	1
7981.4551	1
7989.0889	-1
7996.7227	-1
8004.3564	-1
8011.9902	-1
8019.6240	-1
8027.2578	-1
8034.8921	1
8042.5269	-1
8050.1616	-1
8057.7964	-1
8065.4312	-1
8073.0659	-1
8080.7007	-1
8088.3359	-1
8095.9712	-1
8103.6064	-1
8111.2417	-1
8118.8770	-1
8126.5122	-1
8134.1479	-1
8141.7837	-1
8149.4194	-1
8157.0552	-1
8164.6909	-1
8172.3267	-1
8179.9624	-1
8187.5981	-1
8195.2344	-1
8202.8701	-1
8210.5059	-1
8218.1416	-1
8225.7773	-1
8233.4131	-1
8241.0488	-1
8248.6846	-1
8256.3203	-1
8263.9561	-1
8271.5918	-1
8279.2275	-1
8286.8633	-1
8294.4990	-1
8302.1348	-1
8309.7705	-1
8317.4062	-1
8325.0420	-1
8332.6777	-1
8340.3135	-1
8347.9492	-1
8355.5850	-1
8363.2217	-1
8370.8584	-1
8378.4951	-1
8386.1318	-1
8393.7686	-1
8401.4150	1
8409.0625	-1
8416.7100	1
8424.3574	1
8432.0059	-1
8439.6543	-1
8447.3027	-1
8454.9512	-1
8462.5996	-1
8470.2480	-1
8477.8965	-1
8485.5449	-1
8493.1934	-1
8500.8418	-1
8508.4902	-1
8516.1387	-1
8523.7881	1
8531.4375	1
8539.0869	1
8546.7363	1
8554.3867	-1
8562.0371	-1
8569.6875	-1
8577.3379	-1
8584.9883	-1
8592.6387	-1
8600.2891	-1
8607.9395	-1
8615.5898	-1
8623.2402	-1
8630.8906	-1
8638.5410	-1
8646.1924	-1
8653.8438	-1
8661.4951	-1
8669.1465	-1
8676.7979	-1
8684.4492	-1
8692.1006	-1
8699.7520	-1
8707.4033	-1
8715.0547	-1
8722.7061	-1
8730.3574	-1
8738.0088	1
8745.6602	1
8753.3115	1
8760.9629	1
8768.6143	1
8776.2656	1
8783.9170	1
8791.5684	1
8799.2217	-1
8806.8750	-1
8814.5283	-1
8822.1816	-1
8829.8350	-1
8837.4883	-1
8845.1416	-1
8852.7949	-1
8860.4482	-1
8868.1016	-1
8875.7549	-1
8883.4082	-1
8891.0615	-1
8898.7148	-1
8906.3682	-1
8914.0215	-1
8921.6748	-1
8929.3281	-1
8936.9814	-1
8944.6348	-1
8952.2881	-1
8959.9414	-1
8967.5947	-1
8975.2480	-1
8982.9023	1
8990.5566	1
8998.2119	-1
9005.8672	-1
9013.5225	-1
9021.1777	-1
9028.8330	-1
9036.4883	-1
9044.1436	-1
9051.7988	-1
9059.4541	-1
9067.1094	-1
9074.7646	-1
9082.4199	-1
9090.0762	-1
9097.7324	-1
9105.3887	-1
9113.0449	-1
9120.7012	-1
9128.3574	-1
9136.0137	-1
9143.6699	-1
9151.3262	-1
9158.9824	-1
9166.6387	-1
9174.2949	-1
9181.9512	-1
9189.6074	-1
9197.2637	-1
9204.9199	-1
9212.5762	-1
9220.2324	-1
9227.8896	-1
9235.5469	-1
9243.2129	1
9250.8809	-1
9258.5488	1
9266.2168	1
9273.8848	-1
9281.5527	-1
9289.2207	-1
9296.8887	-1
9304.5566	-1
9312.2246	-1
9319.8936	-1
9327.5625	-1
9335.2314	-1
9342.9004	-1
9350.5693	-1
9358.2383	-1
9365.9072	1
9373.5762	-1
9381.2451	-1
9388.9141	-1
9396.5830	-1
9404.2617	1
9411.9414	-1
9419.6211	1
9427.3008	1
9434.9814	-1
9442.6621	-1
9450.3428	-1
9458.0234	-1
9465.7041	-1
9473.3848	-1
9481.0664	-1
9488.7480	-1
9496.4297	-1
9504.1113	-1
9511.7930	-1
9519.4746	-1
9527.1562	1
9534.8379	1
9542.5205	-1
9550.2031	-1
9557.8857	-1
9565.5684	-1
9573.2510	-1
9580.9336	-1
9588.6162	-1
9596.2988	-1
9603.9902	1
9611.6836	-1
9619.3770	1
9627.0703	1
9634.7646	-1
9642.4590	-1
9650.1533	-1
9657.8477	-1
9665.5420	-1
9673.2363	-1
9680.9307	-1
9688.6250	-1
9696.3193	-1
9704.0137	-1
9711.7080	-1
9719.4023	-1
9727.0967	1
9734.7910	1
9742.4854	1
9750.1807	1
9757.8760	-1
9765.5713	-1
9773.2666	-1
9780.9619	-1
9788.6572	-1
9796.3525	-1
9804.0488	-1
9811.7451	-1
9819.4414	-1
9827.1377	-1
9834.8340	-1
9842.5303	-1
9850.2266	-1
9857.9229	-1
9865.6191	-1
9873.3154	-1
9881.0117	-1
9888.7080	-1
9896.4043	1
9904.1006	1
9911.7969	-1
9919.4932	-1
9927.1895	-1
9934.8857	-1
9942.5820	-1
9950.2783	-1
9957.9756	1
9965.6729	1
9973.3701	1
9981.0674	1
9988.7646	1
9996.4619	1
10004.1592	-1
10011.8564	-1
10019.5537	-1
10027.2510	-1
10034.9482	-1
10042.6455	-1
10050.3428	-1
10058.0400	-1
10065.7373	-1
10073.4346	-1
10081.1318	-1
10088.8291	-1
10096.5273	1
10104.2256	1
10111.9238	1
10119.6221	1
10127.3203	-1
10135.0186	-1
10142.7168	-1
10150.4150	-1
10158.1133	-1
10165.8115	-1
10173.5098	1
10181.2090	1
10188.9082	-1
10196.6074	-1
10204.3066	-1
10212.0059	-1
10219.7051	-1
10227.4043	-1
10235.1035	-1
10242.8027	-1
10250.5020	-1
10258.2012	-1
10265.9004	-1
10273.5996	-1
10281.2988	-1
10288.9980	-1
10296.6973	-1
10304.3965	-1
10312.0957	-1
10319.7949	-1
10327.4941	-1
10335.1934	-1
10342.8926	-1
10350.5918	-1
10358.2910	-1
10365.9902	-1
10373.6895	-1
10381.3887	-1
10389.0879	-1
10396.7871	-1
10404.4863	-1
10412.1855	-1
10419.8857	1
10427.5859	1
10435.2861	1
10442.9863	1
10450.6865	1
10458.3867	1
10466.0879	1
10473.7891	1
10481.4902	1
10489.1914	1
10496.8926	-1
10504.5938	-1
10512.2949	-1
10519.9961	-1
10527.6973	-1
10535.3984	-1
10543.0996	-1
10550.8008	-1
10558.5020	-1
10566.2031	-1
10573.9043	-1
10581.6055	-1
10589.3066	-1
10597.0078	-1
10604.7090	-1
10612.4102	-1
10620.1113	-1
10627.8125	-1
10635.5137	-1
10643.2148	-1
10650.9160	-1
10658.6172	-1
10666.3184	-1
10674.0195	-1
10681.7207	-1
10689.4219	-1
10697.1230	-1
10704.8242	-1
10712.5254	-1
10720.2266	-1
10727.9287	-1
10735.6309	-1
10743.3330	-1
10751.0352	-1
10758.7373	-1
10766.4395	-1
10774.1416	-1
10781.8438	-1
10789.5459	-1
10797.2480	-1
10804.9502	-1
10812.6523	-1
10820.3545	-1
10828.0566	-1
10835.7588	-1
10843.4609	-1
10851.1631	-1
10858.8652	-1
10866.5684	1
10874.2715	-1
10881.9746	-1
10889.6777	-1
10897.3809	-1
10905.0840	-1
10912.7871	-1
10920.4912	-1
10928.1953	-1
10935.8994	-1
10943.6035	-1
10951.3076	-1
10959.0117	-1
10966.7158	-1
10974.4199	-1
10982.1240	-1
10989.8281	-1
10997.5322	-1
11005.2363	-1
11012.9404	-1
11020.6445	-1
11028.3486	-1
11036.0527	-1
11043.7568	-1
11051.4609	-1
11059.1660	-1
11066.8711	-1
11074.5762	-1
11082.2812	-1
11089.9863	-1
11097.6914	-1
11105.3965	-1
11113.1016	-1
11120.8066	-1
11128.5117	-1
11136.2168	-1
11143.9219	-1
11151.6270	-1
11159.3320	-1
11167.0371	-1
11174.7422	-1
11182.4473	-1
11190.1523	-1
11197.8574	-1
11205.5625	-1
11213.2676	-1
11220.9727	-1
11228.6777	-1
11236.3828	-1
11244.0879	-1
11251.7930	-1
11259.4980	-1
11267.2031	-1
11274.9082	-1
11282.6133	-1
11290.3281	1
11298.0439	-1
11305.7607	1
11313.4775	1
11321.1953	-1
11328.9131	-1
11336.6309	-1
11344.3486	-1
11352.0664	-1
11359.7842	-1
11367.5020	-1
11375.2197	-1
11382.9375	-1
11390.6553	-1
11398.3730	-1
11406.0908	-1
11413.8086	1
11421.5264	1
11429.2441	1
11436.9619	1
11444.6816	-1
11452.4014	-1
11460.1211	-1
11467.8408	-1
11475.5605	-1
11483.2803	-1
11491.0000	1
11498.7197	1
11506.4404	-1
11514.1611	-1
11521.8818	-1
11529.6025	-1
11537.3232	-1
11545.0439	-1
11552.7646	1
11560.4854	1
11568.2061	-1
11575.9268	-1
11583.6475	-1
11591.3682	-1
11599.0889	-1
11606.8096	-1
11614.5303	-1
11622.2510	-1
11629.9717	-1
11637.6924	-1
11645.4131	-1
11653.1338	-1
11660.8555	1
11668.5771	1
11676.2988	1
11684.0205	1
11691.7441	-1
11699.4678	-1
11707.1914	-1
11714.9150	-1
11722.6387	-1
11730.3623	-1
11738.0859	-1
11745.8096	-1
11753.5332	-1
11761.2568	-1
11768.9805	-1
11776.7041	-1
11784.4287	-1
11792.1533	-1
11799.8779	-1
11807.6025	-1
11815.3271	-1
11823.0518	-1
11830.7764	-1
11838.5010	-1
11846.2256	-1
11853.9502	-1
11861.6748	-1
11869.3994	-1
11877.1240	-1
11884.8486	-1
11892.5732	-1
11900.2979	-1
11908.0225	-1
11915.7471	-1
11923.4717	1
11931.1963	1
11938.9219	-1
11946.6475	-1
11954.3730	-1
11962.0986	-1
11969.8242	-1
11977.5498	-1
11985.2754	-1
11993.0010	-1
12000.7266	-1
12008.4521	-1
12016.1777	-1
12023.9033	-1
12031.6299	-1
12039.3564	-1
12047.0830	-1
12054.8096	-1
12062.5361	-1
12070.2627	-1
12077.9893	-1
12085.7158	-1
12093.4424	-1
12101.1689	-1
12108.8955	-1
12116.6221	-1
12124.3496	-1
12132.0771	-1
12139.8047	-1
12147.5410	1
12155.2783	-1
12163.0166	1
12170.7549	1
12178.4941	-1
12186.2334	-1
12193.9727	-1
12201.7119	-1
12209.4512	-1
12217.1904	-1
12224.9297	-1
12232.6689	-1
12240.4180	1
12248.1680	-1
12255.9180	1
12263.6680	1
12271.4199	-1
12279.1719	-1
12286.9238	-1
12294.6758	-1
12302.4277	-1
12310.1797	-1
12317.9316	-1
12325.6836	-1
12333.4355	-1
12341.1875	-1
12348.9395	-1
12356.6914	-1
12364.4434	1
12372.1953	1
12379.9482	1
12387.7012	1
12395.4551	-1
12403.2090	-1
12410.9629	-1
12418.7168	-1
12426.4707	-1
12434.2246	-1
12441.9785	-1
12449.7324	-1
12457.4863	-1
12465.2402	-1
12472.9941	-1
12480.7480	-1
12488.5029	-1
12496.2578	-1
12504.0127	-1
12511.7676	-1
12519.5225	-1
12527.2773	-1
12535.0322	-1
12542.7871	-1
12550.5420	-1
12558.2969	-1
12566.0518	-1
12573.8066	-1
12581.5615	1
12589.3164	1
12597.0713	1
12604.8262	1
12612.5820	1
12620.3379	1
12628.0938	1
12635.8496	1
12643.6084	-1
12651.3672	-1
12659.1260	-1
12666.8848	-1
12674.6436	-1
12682.4023	-1
12690.1611	-1
12697.9199	-1
12705.6787	-1
12713.4375	-1
12721.1963	-1
12728.9551	-1
12736.7139	-1
12744.4727	-1
12752.2314	-1
12759.9902	-1
12767.7490	-1
12775.5078	-1
12783.2666	-1
12791.0254	-1
12798.7842	-1
12806.5430	-1
12814.3018	-1
12822.0605	-1
12829.8193	-1
12837.5781	-1
12845.3369	-1
12853.0957	-1
12860.8545	-1
12868.6133	-1
12876.3721	-1
12884.1309	-1
12891.8906	-1
12899.6504	-1
12907.4102	-1
12915.1699	-1
12922.9297	-1
12930.6895	-1
12938.4492	-1
12946.2090	-1
12953.9688	-1
12961.7285	-1
12969.4883	-1
12977.2480	-1
12985.0078	-1
12992.7676	-1
13000.5273	-1
13008.2871	-1
13016.0479	1
13023.8086	1
13031.5693	1
13039.3301	1
13047.0908	1
13054.8525	1
13062.6143	1
13070.3760	1
13078.1377	1
13085.9023	-1
13093.6670	-1
13101.4316	-1
13109.1963	-1
13116.9609	-1
13124.7256	-1
13132.4912	-1
13140.2568	-1
13148.0225	-1
13155.7881	-1
13163.5537	-1
13171.3193	-1
13179.0850	-1
13186.8506	-1
13194.6162	-1
13202.3818	-1
13210.1475	-1
13217.9131	-1
13225.6797	-1
13233.4463	-1
13241.2129	-1
13248.9795	-1
13256.7461	-1
13264.5127	-1
13272.2793	-1
13280.0459	-1
13287.8125	-1
13295.5791	-1
13303.3457	-1
13311.1123	-1
13318.8789	-1
13326.6455	-1
13334.4121	-1
13342.1787	-1
13349.9453	-1
13357.7119	-1
13365.4785	-1
13373.2451	-1
13381.0117	-1
13388.7783	-1
13396.5449	-1
13404.3115	-1
13412.0781	-1
13419.8447	-1
13427.6113	-1
13435.3779	-1
13443.1445	-1
13450.9111	-1
13458.6777	-1
13466.4443	-1
13474.2109	-1
13481.9883	1
13489.7666	-1
13497.5449	1
13505.3232	1
13513.1025	-1
13520.8818	-1
13528.6611	-1
13536.4404	-1
13544.2197	-1
13551.9990	-1
13559.7783	-1
13567.5576	-1
13575.3369	-1
13583.1162	-1
13590.8955	-1
13598.6748	-1
13606.4541	1
13614.2334	1
13622.0137	-1
13629.7939	-1
13637.5742	-1
13645.3545	-1
13653.1348	-1
13660.9150	-1
13668.6953	-1
13676.4756	-1
13684.2656	1
13692.0566	-1
13699.8477	1
13707.6387	1
13715.4316	-1
13723.2246	-1
13731.0176	-1
13738.8105	-1
13746.6035	-1
13754.3965	-1
13762.1895	-1
13769.9824	-1
13777.7754	-1
13785.5684	-1
13793.3613	-1
13801.1543	-1
13808.9473	1
13816.7402	1
13824.5342	-1
13832.3281	-1
13840.1221	-1
13847.9160	-1
13855.7100	-1
13863.5039	-1
13871.2979	-1
13879.0918	-1
13886.8857	-1
13894.6895	1
13902.4951	-1
13910.3008	1
13918.1064	1
13925.9131	-1
13933.7197	-1
13941.5264	-1
13949.3330	-1
13957.1396	-1
13964.9463	-1
13972.7529	-1
13980.5596	-1
13988.3662	-1
13996.1729	-1
14003.9795	-1
14011.7861	-1
14019.5928	1
14027.3994	1
14035.2061	1
14043.0127	1
14050.8203	-1
14058.6279	-1
14066.4355	-1
14074.2432	-1
14082.0508	-1
14089.8584	-1
14097.6660	-1
14105.4736	1
14113.2812	-1
14121.0889	-1
14128.8965	-1
14136.7041	-1
14144.5117	-1
14152.3193	1
14160.1270	-1
14167.9346	-1
14175.7422	-1
14183.5498	-1
14191.3574	-1
14199.1650	-1
14206.9736	-1
14214.7822	-1
14222.5908	-1
14230.3994	-1
14238.2080	-1
14246.0166	-1
14253.8252	1
14261.6338	1
14269.4424	1
14277.2510	1
14285.0596	1
14292.8682	1
14300.6777	-1
14308.4873	-1
14316.2969	-1
14324.1064	-1
14331.9160	-1
14339.7256	-1
14347.5352	-1
14355.3447	-1
14363.1543	-1
14370.9639	-1
14378.7734	-1
14386.5830	-1
14394.3926	-1
14402.2031	-1
14410.0137	-1
14417.8242	-1
14425.6348	-1
14433.4453	-1
14441.2559	-1
14449.0664	-1
14456.8770	-1
14464.6875	-1
14472.4980	-1
14480.3086	-1
14488.1191	-1
14495.9297	-1
14503.7402	-1
14511.5508	-1
14519.3613	-1
14527.1719	-1
14534.9824	-1
14542.7930	-1
14550.6035	-1
14558.4141	-1
14566.2246	-1
14574.0352	-1
14581.8457	1
14589.6562	1
14597.4668	1
14605.2773	1
14613.0879	-1
14620.8984	-1
14628.7090	-1
14636.5195	-1
14644.3301	-1
14652.1406	-1
14659.9512	-1
14667.7617	-1
14675.5723	-1
14683.3828	-1
14691.1934	-1
14699.0039	-1
14706.8154	1
14714.6270	1
14722.4385	1
14730.2500	1
14738.0615	1
14745.8730	-1
14753.6846	-1
14761.4971	-1
14769.3096	1
14777.1221	-1
14784.9346	-1
14792.7471	-1
14800.5596	1
14808.3721	1
14816.1846	1
14823.9971	1
14831.8096	1
14839.6221	1
14847.4346	1
14855.2471	1
14863.0596	-1
14870.8721	-1
14878.6846	-1
14886.4971	-1
14894.3096	-1
14902.1221	-1
14909.9355	-1
14917.7490	-1
14925.5625	-1
14933.3760	-1
14941.1895	-1
14949.0029	-1
14956.8164	-1
14964.6299	-1
14972.4434	-1
14980.2568	-1
14988.0703	-1
14995.8838	-1
15003.6973	1
15011.5117	1
15019.3262	1
15027.1406	1
15034.9551	1
15042.7695	-1
15050.5840	-1
15058.3984	-1
15066.2129	-1
15074.0273	-1
15081.8418	-1
15089.6562	-1
15097.4717	-1
15105.2871	-1
15113.1025	-1
15120.9180	-1
15128.7334	-1
15136.5488	-1
15144.3643	-1
15152.1797	-1
15159.9951	-1
15167.8105	-1
15175.6260	-1
15183.4414	-1
15191.2568	-1
15199.0723	-1
15206.8877	-1
15214.7031	-1
15222.5186	-1
15230.3340	-1
15238.1494	-1
15245.9648	-1
15253.7803	-1
15261.5957	-1
15269.4111	-1
15277.2266	-1
15285.0420	-1
15292.8574	-1
15300.6729	-1
15308.4883	-1
15316.3037	-1
15324.1211	-1
15331.9385	-1
15339.7559	-1
15347.5732	-1
15355.3906	-1
15363.2080	-1
15371.0254	-1
15378.8428	-1
15386.6602	-1
15394.4775	-1
15402.2949	-1
15410.1123	-1
15417.9297	-1
15425.7471	-1
15433.5645	-1
15441.3818	-1
15449.1992	-1
15457.0166	-1
15464.8340	-1
15472.6514	-1
15480.4688	-1
15488.2861	-1
15496.1035	-1
15503.9209	-1
15511.7383	-1
15519.5557	-1
15527.3730	-1
15535.1904	-1
15543.0078	-1
15550.8252	-1
15558.6426	-1
15566.4600	-1
15574.2773	-1
15582.0947	-1
15589.9121	-1
15597.7295	-1
15605.5469	-1
15613.3643	-1
15621.1816	-1
15628.9990	-1
15636.8164	-1
15644.6338	-1
15652.4512	-1
15660.2686	-1
15668.0859	-1
15675.9033	-1
15683.7207	-1
15691.5381	-1
15699.3555	-1
15707.1729	-1
15714.9902	-1
15722.8076	-1
15730.6250	-1
15738.4424	-1
15746.2607	-1
15754.0791	-1
15761.8975	-1
15769.7158	-1
15777.5342	-1
15785.3525	-1
15793.1709	-1
15800.9893	-1
15808.8076	-1
15816.6260	-1
15824.4443	-1
15832.2627	-1
15840.0811	-1
15847.8994	-1
15855.7178	-1
15863.5361	-1
15871.3545	-1
15879.1729	-1
15886.9912	-1
15894.8203	1
15902.6504	-1
15910.4814	1
15918.3125	1
15926.1436	-1
15933.9746	-1
15941.8057	-1
15949.6367	-1
15957.4678	-1
15965.2988	-1
15973.1299	-1
15980.9609	-1
15988.7920	-1
15996.6230	-1
16004.4541	-1
16012.2852	-1
16020.1270	1
16027.9697	-1
16035.8125	1
16043.6562	1
16051.5010	-1
16059.3457	-1
16067.1904	-1
16075.0352	-1
16082.8799	-1
16090.7246	-1
16098.5693	-1
16106.4141	-1
16114.2588	-1
16122.1035	-1
16129.9482	-1
16137.7930	-1
16145.6377	1
16153.4824	1
16161.3271	1
16169.1719	1
16177.0186	-1
16184.8652	-1
16192.7119	-1
16200.5586	-1
16208.4053	-1
16216.2520	-1
16224.0986	1
16231.9453	1
16239.7920	-1
16247.6387	-1
16255.4854	-1
16263.3320	-1
16271.1787	-1
16279.0254	-1
16286.8730	1
16294.7207	1
16302.5684	-1
16310.4160	-1
16318.2637	-1
16326.1113	-1
16333.9590	-1
16341.8066	-1
16349.6543	-1
16357.5020	-1
16365.3496	-1
16373.1973	-1
16381.0449	-1
16388.8926	-1
16396.7402	1
16404.5879	1
16412.4355	1
16420.2832	1
16428.1328	-1
16435.9824	-1
16443.8320	-1
16451.6816	-1
16459.5312	-1
16467.3809	-1
16475.2305	-1
16483.0801	-1
16490.9297	-1
16498.7793	-1
16506.6289	-1
16514.4785	-1
16522.3281	-1
16530.1777	-1
16538.0273	-1
16545.8770	-1
16553.7266	-1
16561.5781	-1
16569.4297	1
16577.2812	1
16585.1328	1
16592.9844	1
16600.8359	1
16608.6875	1
16616.5391	-1
16624.3906	-1
16632.2422	-1
16640.0938	-1
16647.9453	-1
16655.7969	-1
16663.6484	-1
16671.5000	-1
16679.3516	-1
16687.2031	-1
16695.0547	-1
16702.9062	-1
16710.7578	-1
16718.6094	-1
16726.4609	-1
16734.3125	-1
16742.1641	-1
16750.0156	-1
16757.8672	-1
16765.7188	-1
16773.5703	-1
16781.4219	-1
16789.2734	-1
16797.1250	-1
16804.9785	-1
16812.8320	-1
16820.6855	-1
16828.5391	-1
16836.3926	-1
16844.2461	-1
16852.0996	1
16859.9531	1
16867.8066	1
16875.6602	1
16883.5137	1
16891.3672	1
16899.2207	1
16907.0742	1
16914.9277	1
16922.7812	1
16930.6387	-1
16938.4961	-1
16946.3535	-1
16954.2109	-1
16962.0684	-1
16969.9258	-1
16977.7832	-1
16985.6406	-1
16993.4980	-1
17001.3555	-1
17009.2129	-1
17017.0703	-1
17024.9277	-1
17032.7852	-1
17040.6426	-1
17048.5000	-1
17056.3574	-1
17064.2148	-1
17072.0723	-1
17079.9297	-1
17087.7871	-1
17095.6445	-1
17103.5020	-1
17111.3594	-1
17119.2188	-1
17127.0781	-1
17134.9375	-1
17142.7969	-1
17150.6562	-1
17158.5156	-1
17166.3750	-1
17174.2344	-1
17182.0938	-1
17189.9531	-1
17197.8125	-1
17205.6719	-1
17213.5312	-1
17221.3906	-1
17229.2500	-1
17237.1094	-1
17244.9688	-1
17252.8281	-1
17260.6875	-1
17268.5469	-1
17276.4062	-1
17284.2656	-1
17292.1250	-1
17299.9844	-1
17307.8438	-1
17315.7031	-1
17323.5625	-1
17331.4219	-1
17339.2812	-1
17347.1406	-1
17355.0020	1
17362.8633	1
17370.7246	1
17378.5859	1
17386.4473	1
17394.3086	1
17402.1699	1
17410.0312	-1
17417.8926	-1
17425.7539	-1
17433.6152	-1
17441.4766	-1
17449.3379	-1
17457.1992	-1
17465.0605	-1
17472.9219	-1
17480.7832	-1
17488.6445	-1
17496.5059	-1
17504.3672	-1
17512.2285	-1
17520.0898	-1
17527.9512	-1
17535.8125	-1
17543.6738	-1
17551.5352	-1
17559.3965	-1
17567.2578	-1
17575.1191	-1
17582.9805	-1
17590.8418	-1
17598.7031	-1
17606.5645	-1
17614.4258	-1
17622.2871	-1
17630.1484	-1
17638.0098	-1
17645.8730	1
17653.7363	1
17661.5996	1
17669.4629	1
17677.3262	1
17685.1895	1
17693.0527	1
17700.9160	1
17708.7793	1
17716.6426	1
17724.5059	1
17732.3691	-1
17740.2324	-1
17748.0957	-1
17755.9590	-1
17763.8223	-1
17771.6855	-1
17779.5488	-1
17787.4121	-1
17795.2754	-1
17803.1387	-1
17811.0020	-1
17818.8652	-1
17826.7305	1
17834.5957	1
17842.4609	1
17850.3262	1
17858.1914	1
17866.0566	1
17873.9219	1
17881.7871	1
17889.6543	1
17897.5215	1
17905.3887	1
17913.2559	-1
17921.1230	-1
17928.9902	-1
17936.8574	-1
17944.7246	-1
17952.5918	-1
17960.4590	-1
17968.3262	-1
17976.1934	-1
17984.0605	-1
17991.9277	-1
17999.7949	-1
18007.6621	-1
18015.5293	-1
18023.3965	-1
18031.2637	-1
18039.1309	-1
18046.9980	-1
18054.8691	-1
18062.7402	-1
18070.6113	-1
18078.4824	-1
18086.3535	-1
18094.2246	-1
18102.0957	-1
18109.9668	-1
18117.8379	-1
18125.7090	-1
18133.5801	-1
18141.4512	-1
18149.3242	-1
18157.1973	-1
18165.0703	-1
18172.9434	-1
18180.8164	-1
18188.6895	-1
18196.5625	-1
18204.4355	-1
18212.3086	-1
18220.1816	-1
18228.0547	-1
18235.9277	-1
18243.8027	-1
18251.6777	-1
18259.5527	-1
18267.4277	-1
18275.3027	-1
18283.1777	-1
18291.0527	-1
18298.9277	-1
18306.8027	-1
18314.6777	-1
18322.5527	-1
18330.4277	-1
18338.3027	-1
18346.1777	-1
18354.0527	-1
18361.9277	-1
18369.8027	-1
18377.6777	-1
18385.5527	-1
18393.4277	-1
18401.3027	-1
18409.1777	-1
18417.0527	-1
18424.9277	-1
18432.8027	-1
18440.6777	-1
18448.5527	-1
18456.4277	-1
18464.3027	-1
18472.1777	-1
18480.0527	-1
18487.9277	-1
18495.8027	-1
18503.6777	-1
18511.5527	-1
18519.4277	-1
18527.3027	-1
18535.1777	-1
18543.0527	-1
18550.9277	-1
18558.8027	-1
18566.6777	-1
18574.5527	-1
18582.4277	-1
18590.3027	-1
18598.1777	-1
18606.0527	-1
18613.9277	-1
18621.8027	-1
18629.6777	-1
18637.5527	-1
18645.4277	-1
18653.3027	-1
18661.1777	-1
18669.0527	-1
18676.9277	-1
18684.8027	-1
18692.6777	-1
18700.5527	-1
18708.4277	-1
18716.3027	-1
18724.1777	-1
18732.0527	-1
18739.9277	-1
18747.8027	-1
18755.6777	-1
18763.5527	-1
18771.4277	-1
18779.3027	-1
18787.1777	-1
18795.0527	-1
18802.9277	-1
18810.8027	-1
18818.6777	-1
18826.5527	-1
18834.4277	-1
18842.3027	-1
18850.1777	-1
18858.0527	-1
18865.9277	-1
18873.8027	-1
18881.6777	-1
18889.5527	-1
18897.4277	-1
18905.3047	-1
18913.1816	-1
18921.0586	-1
18928.9355	-1
18936.8125	-1
18944.6895	-1
18952.5664	-1
18960.4434	-1
18968.3203	-1
18976.1973	-1
18984.0742	-1
18991.9512	-1
18999.8281	-1
19007.7051	-1
19015.5820	-1
19023.4590	-1
19031.3359	-1
19039.2129	-1
19047.0898	-1
19054.9668	-1
19062.8438	-1
19070.7207	-1
19078.5977	-1
19086.4746	-1
19094.3516	-1
19102.2285	-1
19110.1055	-1
19117.9824	-1
19125.8594	-1
19133.7363	-1
19141.6152	-1
19149.4941	-1
19157.3730	-1
19165.2520	-1
19173.1309	-1
19181.0098	-1
19188.8887	-1
19196.7676	-1
19204.6465	-1
19212.5254	-1
19220.5898	1
19228.6543	1
19236.7188	1
19244.7832	-1
19252.8477	-1
19260.9121	-1
19268.9766	-1
19277.0410	-1
19285.1055	-1
19293.1699	-1
19301.2344	-1
19309.2988	-1
19317.3633	-1
19325.4277	-1
19333.4922	-1
19341.5586	-1
19349.6250	-1
19357.6914	-1
19365.7578	-1
19373.8242	-1
19381.8906	-1
19389.9688	1
19398.0488	-1
19406.1289	1
19414.2090	1
19422.2891	-1
19430.3691	-1
19438.4492	-1
19446.5293	-1
19454.6094	-1
19462.6895	-1
19470.7695	-1
19478.8496	-1
19486.9297	-1
19495.0098	-1
19503.0898	-1
19511.1699	-1
19519.2500	1
19527.3301	1
19535.4102	1
19543.4902	1
19551.5723	-1
19559.6543	-1
19567.7363	-1
19575.8184	-1
19583.9004	-1
19591.9824	-1
19600.0645	-1
19608.1465	-1
19616.2285	-1
19624.3105	-1
19632.3926	-1
19640.4746	-1
19648.5566	-1
19656.6387	-1
19664.7207	-1
19672.8027	-1
19680.8848	-1
19688.9668	-1
19697.0488	-1
19705.1309	-1
19713.2129	-1
19721.2949	-1
19729.3770	-1
19737.4590	-1
19745.5410	1
19753.6230	-1
19761.7051	-1
19769.7871	-1
19777.8691	-1
19785.9609	1
19794.0547	-1
19802.1484	1
19810.2422	1
19818.3359	-1
19826.4297	-1
19834.5254	-1
19842.6309	1
19850.7363	-1
19858.8418	1
19866.9473	1
19875.0527	-1
19883.1602	-1
19891.2754	1
19899.3926	-1
19907.5098	1
19915.6270	1
19923.7441	-1
19931.8613	-1
19939.9785	-1
19948.0957	-1
19956.2129	-1
19964.3301	-1
19972.4473	-1
19980.5645	-1
19988.6816	-1
19996.7988	-1
20004.9160	-1
20013.0332	-1
20021.1523	1
20029.2715	1
20037.3906	1
20045.5098	1
20053.6289	-1
20061.7480	-1
20069.8672	-1
20077.9863	-1
20086.1055	-1
20094.2246	-1
20102.3438	-1
20110.4629	-1
20118.5820	-1
20126.7012	-1
20134.8203	-1
20142.9395	-1
20151.0586	-1
20159.1777	-1
20167.2969	-1
20175.4160	-1
20183.5352	-1
20191.6543	-1
20199.7734	-1
20207.8926	-1
20216.0234	1
20224.1543	-1
20232.2852	1
20240.4160	1
20248.5488	-1
20256.6816	-1
20264.8145	-1
20272.9473	-1
20281.0801	-1
20289.2129	-1
20297.3457	-1
20305.4785	-1
20313.6113	-1
20321.7520	1
20329.8945	-1
20338.0371	1
20346.1797	1
20354.3242	-1
20362.4688	-1
20370.6133	-1
20378.7676	1
20386.9219	-1
20395.0781	1
20403.2344	1
20411.3906	-1
20419.5469	-1
20427.7129	1
20435.8809	-1
20444.0488	1
20452.2168	1
20460.3848	-1
20468.5527	-1
20476.7305	1
20484.9082	-1
20493.0879	1
20501.2676	1
20509.4473	-1
20517.6270	-1
20525.8164	1
20534.0078	-1
20542.1992	1
20550.3906	1
20558.5820	-1
20566.7734	-1
20574.9746	1
20583.1758	-1
20591.3789	1
20599.5820	1
20607.7852	-1
20615.9883	-1
20624.1914	-1
20632.3945	-1
20640.5977	-1
20648.8008	-1
20657.0039	-1
20665.2070	-1
20673.4102	-1
20681.6133	-1
20689.8164	-1
20698.0195	-1
20706.2227	1
20714.4258	1
20722.6289	1
20730.8320	1
20739.0371	-1
20747.2422	-1
20755.4473	-1
20763.6523	-1
20771.8574	-1
20780.0625	-1
20788.2676	-1
20796.4727	-1
20804.6777	-1
20812.8828	-1
20821.0879	-1
20829.2930	-1
20837.4980	-1
20845.7031	-1
20853.9082	-1
20862.1133	-1
20870.3184	-1
20878.5234	-1
20886.7305	1
20894.9375	1
20903.1445	1
20911.3516	1
20919.5586	-1
20927.7656	-1
20935.9727	-1
20944.1797	-1
20952.3867	-1
20960.5938	-1
20968.8008	1
20977.0078	1
20985.2148	1
20993.4238	-1
21001.6328	-1
21009.8418	-1
21018.0508	-1
21026.2598	-1
21034.4688	-1
21042.6777	-1
21050.8867	-1
21059.0957	-1
21067.3047	-1
21075.5137	-1
21083.7227	-1
21091.9316	-1
21100.1406	-1
21108.3496	-1
21116.5586	-1
21124.7676	-1
21132.9766	-1
21141.1855	-1
21149.3945	-1
21157.6035	-1
21165.8125	-1
21174.0215	-1
21182.2305	-1
21190.4395	-1
21198.6484	-1
21206.8574	-1
21215.0664	-1
21223.2754	-1
21231.4844	-1
21239.6934	-1
21247.9023	-1
21256.1113	-1
21264.3203	-1
21272.5293	-1
21280.7383	-1
21288.9492	-1
21297.1602	-1
21305.3711	-1
21313.5898	1
21321.8105	-1
21330.0312	1
21338.2520	1
21346.4746	-1
21354.6973	-1
21362.9277	1
21371.1602	-1
21379.3926	1
21387.6250	1
21395.8574	-1
21404.0898	-1
21412.3223	-1
21420.5547	-1
21428.7871	-1
21437.0195	-1
21445.2520	-1
21453.4844	-1
21461.7168	-1
21469.9492	-1
21478.1816	-1
21486.4141	-1
21494.6465	1
21502.8789	1
21511.1133	1
21519.3477	1
21527.5820	-1
21535.8164	-1
21544.0508	-1
21552.2852	-1
21560.5195	-1
21568.7539	-1
21576.9883	1
21585.2227	-1
21593.4570	-1
21601.6914	-1
21609.9258	-1
21618.1602	-1
21626.3945	-1
21634.6289	1
21642.8633	-1
21651.0977	-1
21659.3320	-1
21667.5664	-1
21675.8008	-1
21684.0352	-1
21692.2695	-1
21700.5039	-1
21708.7383	-1
21716.9727	-1
21725.2070	-1
21733.4414	-1
21741.6758	-1
21749.9102	-1
21758.1445	-1
21766.3789	-1
21774.6133	-1
21782.8477	-1
21791.0840	-1
21799.3281	1
21807.5742	-1
21815.8203	1
21824.0664	1
21832.3125	-1
21840.5586	-1
21848.8047	-1
21857.0508	-1
21865.2969	-1
21873.5430	-1
21881.7891	-1
21890.0352	-1
21898.2812	-1
21906.5273	-1
21914.7734	-1
21923.0195	-1
21931.2656	1
21939.5137	1
21947.7617	1
21956.0098	1
21964.2578	-1
21972.5059	-1
21980.7539	-1
21989.0020	-1
21997.2500	-1
22005.4980	-1
22013.7461	-1
22021.9941	-1
22030.2422	-1
22038.4902	-1
22046.7383	-1
22054.9863	-1
22063.2344	-1
22071.4824	-1
22079.7305	-1
22087.9785	-1
22096.2266	-1
22104.4746	-1
22112.7227	-1
22120.9707	-1
22129.2188	-1
22137.4668	-1
22145.7148	-1
22153.9629	-1
22162.2109	1
22170.4590	1
22178.7070	1
22186.9551	1
22195.2031	1
22203.4512	1
22211.6992	1
22219.9473	1
22228.1973	-1
22236.4473	-1
22244.6973	-1
22252.9473	-1
22261.1973	-1
22269.4473	-1
22277.6973	-1
22285.9473	-1
22294.1973	-1
22302.4473	-1
22310.6973	-1
22318.9473	-1
22327.1973	-1
22335.4473	-1
22343.6973	-1
22351.9473	-1
22360.1973	-1
22368.4473	-1
22376.6973	1
22384.9473	1
22393.1973	1
22401.4473	1
22409.6992	-1
22417.9512	-1
22426.2031	-1
22434.4551	-1
22442.7070	-1
22450.9590	-1
22459.2109	-1
22467.4629	-1
22475.7148	-1
22483.9668	-1
22492.2188	-1
22500.4707	-1
22508.7227	-1
22516.9746	-1
22525.2266	-1
22533.4785	-1
22541.7305	-1
22549.9824	-1
22558.2344	-1
22566.4863	-1
22574.7383	-1
22582.9902	-1
22591.2422	-1
22599.4941	-1
22607.7461	-1
22615.9980	-1
22624.2500	-1
22632.5020	-1
22640.7539	-1
22649.0059	-1
22657.2578	-1
22665.5098	-1
22673.7617	-1
22682.0137	-1
22690.2656	-1
22698.5176	-1
22706.7695	-1
22715.0215	-1
22723.2734	-1
22731.5254	-1
22739.7773	-1
22748.0293	-1
22756.2812	-1
22764.5332	-1
22772.7852	-1
22781.0371	-1
22789.2891	-1
22797.5410	-1
22805.7930	-1
22814.0547	1
22822.3184	-1
22830.5820	1
22838.8457	1
22847.1094	-1
22855.3730	-1
22863.6465	1
22871.9199	-1
22880.1953	1
22888.4707	1
22896.7461	-1
22905.0215	-1
22913.3066	1
22921.5918	-1
22929.8789	1
22938.1660	1
22946.4531	-1
22954.7402	-1
22963.0371	1
22971.3340	-1
22979.6309	1
22987.9277	1
22996.2266	-1
23004.5254	-1
23012.8340	1
23021.1426	-1
23029.4512	1
23037.7598	1
23046.0703	-1
23054.3809	-1
23062.6992	1
23071.0195	-1
23079.3398	1
23087.6602	1
23095.9824	-1
23104.3047	-1
23112.6270	-1
23120.9570	1
23129.2891	-1
23137.6211	1
23145.9531	1
23154.2871	-1
23162.6211	-1
23170.9551	-1
23179.2988	1
23187.6426	-1
23195.9883	1
23204.3340	1
23212.6797	-1
23221.0254	-1
23229.3809	1
23237.7383	-1
23246.0957	1
23254.4531	1
23262.8105	-1
23271.1680	-1
23279.5254	-1
23287.8926	1
23296.2617	-1
23304.6309	1
23313.0000	1
23321.3711	-1
23329.7422	-1
23338.1133	-1
23346.4941	1
23354.8750	-1
23363.2578	1
23371.6406	1
23380.0234	-1
23388.4062	-1
23396.7988	1
23405.1914	-1
23413.5840	1
23421.9785	1
23430.3730	-1
23438.7676	-1
23447.1719	1
23455.5762	-1
23463.9805	1
23472.3848	1
23480.7910	-1
23489.1973	-1
23497.6035	-1
23506.0098	-1
23514.4160	-1
23522.8223	-1
23531.2285	-1
23539.6348	-1
23548.0410	-1
23556.4473	-1
23564.8535	-1
23573.2598	-1
23581.6660	1
23590.0723	1
23598.4785	1
23606.8848	1
23615.2930	-1
23623.7012	-1
23632.1094	-1
23640.5176	-1
23648.9258	-1
23657.3340	-1
23665.7422	-1
23674.1504	-1
23682.5586	-1
23690.9668	-1
23699.3750	-1
23707.7832	-1
23716.1914	-1
23724.5996	-1
23733.0078	-1
23741.4160	-1
23749.8242	-1
23758.2324	-1
23766.6406	-1
23775.0488	-1
23783.4570	-1
23791.8652	-1
23800.2734	-1
23808.6816	-1
23817.0898	1
23825.4980	1
23833.9082	-1
23842.3184	-1
23850.7285	-1
23859.1387	-1
23867.5488	-1
23875.9590	-1
23884.3691	-1
23892.7793	-1
23901.1895	-1
23909.5996	-1
23918.0098	-1
23926.4297	1
23934.8496	-1
23943.2715	1
23951.6934	1
23960.1152	-1
23968.5371	-1
23976.9590	-1
23985.3809	-1
23993.8027	-1
24002.2246	-1
24010.6465	-1
24019.0684	-1
24027.4902	-1
24035.9121	-1
24044.3340	-1
24052.7559	-1
24061.1777	1
24069.5996	1
24078.0215	1
24086.4434	-1
24094.8652	-1
24103.2871	-1
24111.7090	-1
24120.1328	-1
24128.5566	-1
24136.9805	-1
24145.4043	-1
24153.8281	-1
24162.2520	-1
24170.6758	-1
24179.0996	-1
24187.5234	-1
24195.9570	1
24204.3906	-1
24212.8242	1
24221.2578	1
24229.6934	-1
24238.1289	-1
24246.5645	-1
24255.0000	-1
24263.4355	-1
24271.8711	-1
24280.3066	-1
24288.7422	-1
24297.1777	-1
24305.6133	-1
24314.0488	-1
24322.4844	-1
24330.9199	1
24339.3555	1
24347.7910	1
24356.2266	1
24364.6621	-1
24373.0977	-1
24381.5332	-1
24389.9688	-1
24398.4043	-1
24406.8398	-1
24415.2754	-1
24423.7109	-1
24432.1465	-1
24440.5820	-1
24449.0176	-1
24457.4531	-1
24465.8887	-1
24474.3242	-1
24482.7598	-1
24491.1953	-1
24499.6309	-1
24508.0664	-1
24516.5039	-1
24524.9414	-1
24533.3789	-1
24541.8164	-1
24550.2539	-1
24558.6914	-1
24567.1289	1
24575.5664	1
24584.0039	1
24592.4414	1
24600.8789	1
24609.3164	1
24617.7539	1
24626.1914	1
24634.6309	-1
24643.0703	-1
24651.5098	-1
24659.9492	-1
24668.3887	-1
24676.8281	-1
24685.2676	-1
24693.7070	-1
24702.1465	-1
24710.5859	-1
24719.0254	-1
24727.4648	-1
24735.9043	-1
24744.3438	-1
24752.7832	-1
24761.2227	-1
24769.6621	-1
24778.1016	-1
24786.5410	-1
24794.9805	-1
24803.4199	-1
24811.8594	-1
24820.2988	-1
24828.7383	-1
24837.1777	-1
24845.6172	-1
24854.0566	-1
24862.4961	-1
24870.9355	-1
24879.3750	-1
24887.8145	-1
24896.2539	-1
24904.6934	-1
24913.1328	-1
24921.5723	-1
24930.0117	-1
24938.4512	-1
24946.8906	-1
24955.3301	-1
24963.7695	-1
24972.2090	-1
24980.6484	-1
24989.0879	1
24997.5273	-1
25005.9668	-1
25014.4062	-1
25022.8457	1
25031.2852	-1
25039.7246	-1
25048.1641	-1
25056.6035	1
25065.0430	1
25073.4824	1
25081.9219	1
25090.3613	1
25098.8008	1
25107.2402	1
25115.6797	1
25124.1191	1
25132.5586	1
25141.0000	1
25149.4414	1
25157.8828	1
25166.3242	1
25174.7656	-1
25183.2070	-1
25191.6484	-1
25200.0898	-1
25208.5312	-1
25216.9727	-1
25225.4141	1
25233.8555	1
25242.2969	-1
25250.7383	-1
25259.1797	-1
25267.6211	-1
25276.0625	-1
25284.5039	-1
25292.9453	-1
25301.3867	-1
25309.8281	-1
25318.2695	-1
25326.7109	-1
25335.1523	-1
25343.5938	-1
25352.0352	-1
25360.4766	-1
25368.9180	-1
25377.3594	-1
25385.8008	-1
25394.2441	-1
25402.6875	-1
25411.1309	-1
25419.5742	-1
25428.0176	-1
25436.4609	-1
25444.9043	-1
25453.3477	-1
25461.7910	-1
25470.2344	-1
25478.6777	-1
25487.1211	-1
25495.5645	1
25504.0078	1
25512.4512	1
25520.8945	1
25529.3379	1
25537.7812	1
25546.2246	1
25554.6680	1
25563.1113	1
25571.5547	1
25579.9980	-1
25588.4414	-1
25596.8848	-1
25605.3281	-1
25613.7715	-1
25622.2148	-1
25630.6582	-1
25639.1016	-1
25647.5449	-1
25655.9883	-1
25664.4316	-1
25672.8750	-1
25681.3203	-1
25689.7656	-1
25698.2109	-1
25706.6562	-1
25715.1016	-1
25723.5469	-1
25731.9922	-1
25740.4375	-1
25748.8828	-1
25757.3281	-1
25765.7734	-1
25774.2188	-1
25782.6641	-1
25791.1094	-1
25799.5547	-1
25808.0000	-1
25816.4453	-1
25824.8906	-1
25833.3359	-1
25841.7812	-1
25850.2266	-1
25858.6719	-1
25867.1172	-1
25875.5625	-1
25884.0078	-1
25892.4531	-1
25900.8984	-1
25909.3438	-1
25917.7891	-1
25926.2344	-1
25934.6797	-1
25943.1250	-1
25951.5703	-1
25960.0156	-1
25968.4609	-1
25976.9062	-1
25985.3516	-1
25993.7969	-1
26002.2422	-1
26010.6875	-1
26019.1328	-1
26027.5781	-1
26036.0234	-1
26044.4688	-1
26052.9141	-1
26061.3594	-1
26069.8047	-1
26078.2500	-1
26086.6973	1
26095.1445	1
26103.5918	1
26112.0391	1
26120.4863	1
26128.9336	1
26137.3809	1
26145.8281	1
26154.2754	-1
26162.7227	-1
26171.1699	-1
26179.6172	-1
26188.0645	-1
26196.5117	-1
26204.9590	-1
26213.4062	-1
26221.8535	-1
26230.3008	-1
26238.7480	-1
26247.1953	-1
26255.6426	-1
26264.0898	-1
26272.5371	-1
26280.9844	-1
26289.4316	-1
26297.8789	-1
26306.3262	-1
26314.7734	-1
26323.2207	-1
26331.6680	-1
26340.1152	-1
26348.5625	-1
26357.0098	-1
26365.4570	-1
26373.9043	-1
26382.3516	-1
26390.7988	-1
26399.2461	-1
26407.6934	-1
26416.1406	-1
26424.5879	-1
26433.0352	-1
26441.4824	-1
26449.9297	-1
26458.3770	-1
26466.8242	-1
26475.2715	-1
26483.7188	-1
26492.1660	-1
26500.6133	-1
26509.0625	-1
26517.5117	-1
26525.9609	-1
26534.4102	-1
26542.8594	-1
26551.3086	-1
26559.7578	-1
26568.2070	-1
26576.6562	-1
26585.1055	-1
26593.5547	-1
26602.0039	-1
26610.4531	-1
26618.9023	-1
26627.3516	-1
26635.8008	-1
26644.2500	-1
26652.6992	-1
26661.1484	-1
26669.5977	-1
26678.0469	-1
26686.4961	-1
26694.9453	-1
26703.3945	-1
26711.8438	-1
26720.2930	-1
26728.7422	-1
26737.1914	-1
26745.6406	-1
26754.0898	-1
26762.5410	-1
26770.9922	-1
26779.4434	-1
26787.8945	-1
26796.3457	-1
26804.7969	-1
26813.2480	-1
26821.6992	-1
26830.1504	-1
26838.6016	-1
26847.0527	-1
26855.5039	-1
26863.9551	-1
26872.4062	-1
26880.8574	-1
26889.3086	-1
26897.7598	-1
26906.2109	-1
26914.6621	-1
26923.1133	-1
26931.5645	-1
26940.0156	-1
26948.4668	-1
26956.9180	-1
26965.3691	-1
26973.8203	-1
26982.2715	-1
26990.7227	-1
26999.1738	-1
27007.6250	-1
27016.0762	-1
27024.5273	-1
27032.9785	-1
27041.4297	-1
27049.8809	-1
27058.3320	-1
27066.7832	-1
27075.2344	-1
27083.6855	-1
27092.1367	-1
27100.5879	-1
27109.0391	-1
27117.4902	-1
27125.9414	-1
27134.3926	-1
27142.8438	-1
