0.0000	0
0.0006	-1
3.8288	1
7.7615	-1
11.9876	1
16.2152	-1
20.4433	1
24.6714	1
28.9005	-1
33.1296	-1
37.3588	-1
41.6002	1
45.8432	-1
50.0864	1
54.3298	1
58.5743	-1
62.8188	-1
67.0634	-1
71.3079	-1
75.5524	-1
79.7970	-1
84.0416	-1
88.2863	-1
92.5310	-1
96.7881	1
101.0468	-1
105.3058	1
109.5650	1
113.8252	-1
118.0855	-1
122.3458	-1
126.6060	-1
130.8663	-1
135.1266	-1
139.3870	-1
143.6474	-1
147.9078	-1
152.1682	-1
156.4286	-1
160.6890	-1
164.9498	1
169.2106	1
173.4724	-1
177.7343	-1
181.9961	-1
186.2579	-1
190.5198	-1
194.7816	-1
199.0436	-1
203.3055	-1
207.5675	-1
211.8295	-1
216.0914	-1
220.3658	1
224.6415	-1
228.9177	1
233.1939	1
237.4708	-1
241.7478	-1
246.0247	-1
250.3016	-1
254.5786	-1
258.8560	-1
263.1454	1
267.4363	-1
271.7276	1
276.0190	1
280.3111	-1
284.6031	-1
288.8952	-1
293.1873	-1
297.4794	-1
301.7715	-1
306.0637	-1
310.3560	-1
314.6482	-1
318.9404	-1
323.2327	-1
327.5249	-1
331.8175	1
336.1101	1
340.4028	1
344.6955	1
348.9890	-1
353.2825	-1
357.5760	-1
361.8695	-1
366.1630	-1
370.4565	-1
374.7502	-1
379.0438	-1
383.3374	-1
387.6311	-1
391.9247	-1
396.2184	-1
400.5123	-1
404.8063	-1
409.1003	-1
413.3943	-1
417.6883	-1
421.9823	-1
426.2764	-1
430.5705	-1
434.8646	-1
439.1587	-1
443.4528	-1
447.7469	-1
452.0413	1
456.3358	1
460.6303	1
464.9249	1
469.2203	-1
473.5157	-1
477.8111	-1
482.1065	-1
486.4019	-1
490.6974	-1
494.9929	-1
499.2884	-1
503.5840	-1
507.8795	-1
512.1750	-1
516.4706	-1
520.7662	-1
525.0619	-1
529.3575	-1
533.6532	-1
537.9489	-1
542.2445	-1
546.5405	-1
550.8365	-1
555.1326	-1
559.4286	-1
563.7370	1
568.0469	-1
572.3572	1
576.6676	1
580.9791	-1
585.2906	-1
589.6022	-1
593.9137	-1
598.2252	-1
602.5368	-1
606.8484	-1
611.1601	-1
615.4717	-1
619.7834	-1
624.1075	1
628.4330	-1
632.7589	1
637.0849	1
641.4115	-1
645.7381	-1
650.0647	-1
654.3913	-1
658.7179	-1
663.0449	-1
667.3846	1
671.7257	-1
676.0672	1
680.4088	1
684.7510	-1
689.0932	-1
693.4354	-1
697.7776	-1
702.1199	-1
706.4621	-1
710.8045	-1
715.1469	-1
719.4893	-1
723.8317	-1
728.1741	-1
732.5165	-1
736.8593	1
741.2021	1
745.5450	1
749.8879	1
754.2314	-1
758.5750	-1
762.9186	-1
767.2621	-1
771.6057	-1
775.9493	-1
780.2930	-1
784.6367	-1
788.9803	-1
793.3240	-1
797.6677	-1
802.0114	-1
806.3552	-1
810.6990	-1
815.0428	-1
819.3867	-1
823.7305	-1
828.0743	-1
832.4184	1
836.7626	1
841.1068	1
845.4510	1
849.7952	-1
854.1395	-1
858.4837	-1
862.8280	-1
867.1723	-1
871.5166	-1
875.8609	1
880.2052	1
884.5499	1
888.8945	1
893.2397	-1
897.5850	-1
901.9303	-1
906.2756	-1
910.6208	-1
914.9661	-1
919.3115	-1
923.6569	-1
928.0023	-1
932.3477	-1
936.6931	-1
941.0385	-1
945.3844	1
949.7304	1
954.0765	1
958.4225	1
962.7689	-1
967.1154	-1
971.4618	-1
975.8082	-1
980.1547	-1
984.5011	-1
988.8478	-1
993.1945	-1
997.5411	-1
1001.8878	-1
1006.2345	-1
1010.5812	-1
1014.9283	1
1019.2755	1
1023.6227	-1
1027.9698	-1
1032.3170	-1
1036.6642	-1
1041.0114	-1
1045.3586	-1
1049.7061	-1
1054.0535	-1
1058.4009	-1
1062.7483	-1
1067.0957	-1
1071.4431	-1
1075.7906	-1
1080.1382	-1
1084.4857	-1
1088.8333	-1
1093.1808	-1
1097.5283	-1
1101.8760	-1
1106.2236	-1
1110.5713	-1
1114.9189	-1
1119.2666	-1
1123.6143	-1
1127.9620	-1
1132.3098	-1
1136.6576	-1
1141.0054	-1
1145.3531	-1
1149.7009	-1
1154.0500	-1
1158.3992	-1
1162.7483	-1
1167.0974	-1
1171.4465	-1
1175.7957	-1
1180.1449	-1
1184.4941	-1
1188.8434	-1
1193.1926	-1
1197.5419	-1
1201.8911	-1
1206.2405	-1
1210.5898	-1
1214.9392	-1
1219.2886	-1
1223.6379	-1
1227.9873	-1
1232.3368	-1
1236.6863	-1
1241.0358	-1
1245.3853	-1
1249.7347	-1
1254.0842	-1
1258.4338	-1
1262.7834	-1
1267.1331	-1
1271.4827	-1
1275.8323	-1
1280.1819	-1
1284.5316	1
1288.8813	1
1293.2311	1
1297.5809	1
1301.9308	1
1306.2806	1
1310.6306	1
1314.9806	1
1319.3306	1
1323.6807	1
1328.0308	1
1332.3809	1
1336.7317	1
1341.0830	1
1345.4343	1
1349.7858	1
1354.1372	1
1358.4886	1
1362.8402	1
1367.1918	1
1371.5433	1
1375.8950	1
1380.2472	-1
1384.5994	-1
1388.9515	-1
1393.3037	-1
1397.6559	-1
1402.0081	-1
1406.3604	-1
1410.7126	-1
1415.0649	-1
1419.4172	-1
1423.7695	-1
1428.1219	-1
1432.4747	-1
1436.8275	-1
1441.1803	-1
1445.5331	-1
1449.8859	-1
1454.2386	-1
1458.5923	-1
1462.9459	-1
1467.2996	-1
1471.6532	-1
1476.0068	-1
1480.3605	-1
1484.7142	-1
1489.0680	-1
1493.4219	-1
1497.7758	-1
1502.1296	-1
1506.4835	-1
1510.8374	-1
1515.1913	-1
1519.5452	-1
1523.8990	-1
1528.2529	-1
1532.6069	-1
1536.9609	-1
1541.3149	-1
1545.6689	-1
1550.0229	-1
1554.3771	-1
1558.7312	-1
1563.0853	-1
1567.4395	-1
1571.7937	-1
1576.1479	-1
1580.5022	-1
1584.8564	-1
1589.2107	-1
1593.5649	-1
1597.9192	-1
1602.2734	-1
1606.6277	-1
1610.9821	-1
1615.3364	-1
1619.6908	-1
1624.0452	-1
1628.3995	-1
1632.7539	-1
1637.1083	-1
1641.4628	-1
1645.8173	-1
1650.1718	-1
1654.5262	-1
1658.8807	-1
1663.2352	-1
1667.5898	-1
1671.9445	-1
1676.2991	-1
1680.6537	-1
1685.0083	-1
1689.3629	-1
1693.7177	1
1698.0725	1
1702.4274	1
1706.7822	1
1711.1372	1
1715.4922	1
1719.8490	-1
1724.2058	-1
1728.5626	-1
1732.9194	1
1737.2762	-1
1741.6331	-1
1745.9899	-1
1750.3468	1
1754.7037	1
1759.0607	1
1763.4177	1
1767.7748	-1
1772.1318	-1
1776.4889	-1
1780.8459	-1
1785.2030	-1
1789.5601	-1
1793.9171	1
1798.2742	1
1802.6313	1
1806.9885	1
1811.3457	-1
1815.7029	-1
1820.0601	-1
1824.4172	-1
1828.7744	-1
1833.1316	-1
1837.4888	1
1841.8461	1
1846.2034	1
1850.5607	1
1854.9180	-1
1859.2753	-1
1863.6326	-1
1867.9899	-1
1872.3472	-1
1876.7046	-1
1881.0620	1
1885.4194	1
1889.7769	1
1894.1344	1
1898.4919	-1
1902.8495	-1
1907.2070	-1
1911.5646	-1
1915.9221	-1
1920.2797	-1
1924.6372	1
1928.9949	-1
1933.3525	-1
1937.7102	-1
1942.0679	-1
1946.4255	-1
1950.7832	-1
1955.1411	-1
1959.4990	-1
1963.8569	-1
1968.2148	-1
1972.5728	-1
1976.9307	-1
1981.2887	-1
1985.6467	-1
1990.0048	-1
1994.3628	-1
1998.7208	-1
2003.0789	-1
2007.4370	-1
2011.7952	-1
2016.1533	-1
2020.5115	-1
2024.8698	-1
2029.2280	-1
2033.5864	-1
2037.9448	-1
2042.3032	-1
2046.6616	-1
2051.0200	-1
2055.3784	-1
2059.7383	1
2064.0981	1
2068.4580	1
2072.8179	1
2077.1780	1
2081.5381	1
2085.8982	1
2090.2583	1
2094.6184	1
2098.9785	1
2103.3389	1
2107.6992	1
2112.0596	1
2116.4199	1
2120.7803	1
2125.1421	-1
2129.5039	-1
2133.8657	-1
2138.2275	-1
2142.5894	-1
2146.9514	-1
2151.3137	-1
2155.6760	-1
2160.0383	-1
2164.4006	-1
2168.7629	-1
2173.1252	-1
2177.4878	-1
2181.8503	-1
2186.2129	-1
2190.5754	-1
2194.9380	-1
2199.3005	-1
2203.6631	-1
2208.0256	-1
2212.3882	-1
2216.7507	-1
2221.1133	-1
2225.4758	-1
2229.8386	-1
2234.2014	-1
2238.5642	-1
2242.9270	-1
2247.2898	-1
2251.6526	-1
2256.0156	-1
2260.3787	-1
2264.7417	-1
2269.1047	-1
2273.4678	-1
2277.8308	-1
2282.1941	-1
2286.5574	-1
2290.9207	-1
2295.2839	-1
2299.6472	-1
2304.0105	-1
2308.3738	-1
2312.7371	-1
2317.1003	-1
2321.4636	-1
2325.8269	-1
2330.1902	-1
2334.5537	-1
2338.9172	-1
2343.2808	-1
2347.6443	-1
2352.0078	-1
2356.3713	-1
2360.7351	-1
2365.0989	-1
2369.4626	-1
2373.8264	-1
2378.1902	-1
2382.5540	-1
2386.9199	-1
2391.2859	-1
2395.6519	-1
2400.0178	-1
2404.3838	-1
2408.7498	-1
2413.1160	-1
2417.4822	-1
2421.8484	-1
2426.2146	-1
2430.5808	-1
2434.9470	-1
2439.3132	-1
2443.6794	-1
2448.0457	-1
2452.4119	-1
2456.7781	-1
2461.1443	-1
2465.5107	-1
2469.8772	-1
2474.2437	-1
2478.6104	-1
2482.9771	-1
2487.3438	-1
2491.7107	-1
2496.0776	-1
2500.4446	-1
2504.8115	-1
2509.1785	-1
2513.5454	-1
2517.9131	-1
2522.2808	-1
2526.6484	-1
2531.0161	-1
2535.3838	-1
2539.7515	-1
2544.1194	-1
2548.4873	-1
2552.8552	-1
2557.2231	-1
2561.5911	-1
2565.9590	-1
2570.3271	-1
2574.6953	-1
2579.0635	-1
2583.4316	-1
2587.7998	-1
2592.1680	-1
2596.5364	-1
2600.9048	-1
2605.2732	-1
2609.6416	-1
2614.0100	-1
2618.3784	-1
2622.7468	-1
2627.1152	-1
2631.4836	-1
2635.8521	-1
2640.2205	-1
2644.5889	-1
2648.9575	-1
2653.3262	-1
2657.6948	-1
2662.0635	-1
2666.4321	-1
2670.8008	-1
2675.1694	-1
2679.5381	-1
2683.9067	-1
2688.2754	-1
2692.6440	-1
2697.0127	-1
2701.3816	-1
2705.7505	-1
2710.1194	-1
2714.4883	-1
2718.8572	-1
2723.2261	-1
2727.5950	-1
2731.9639	-1
2736.3328	-1
2740.7017	-1
2745.0706	-1
2749.4395	-1
2753.8086	-1
2758.1777	-1
2762.5469	-1
2766.9160	-1
2771.2852	-1
2775.6543	-1
2780.0244	-1
2784.3945	-1
2788.7646	-1
2793.1348	-1
2797.5049	-1
2801.8750	-1
2806.2451	-1
2810.6152	-1
2814.9854	-1
2819.3555	-1
2823.7256	-1
2828.0957	-1
2832.4661	-1
2836.8364	-1
2841.2068	-1
2845.5771	-1
2849.9475	-1
2854.3179	-1
2858.6882	-1
2863.0586	-1
2867.4290	-1
2871.7993	-1
2876.1697	-1
2880.5400	-1
2884.9106	-1
2889.2812	-1
2893.6519	-1
2898.0225	-1
2902.3931	-1
2906.7637	-1
2911.1343	-1
2915.5049	-1
2919.8755	-1
2924.2461	-1
2928.6167	-1
2932.9873	-1
2937.3582	-1
2941.7290	-1
2946.0999	-1
2950.4707	-1
2954.8416	-1
2959.2124	-1
2963.5835	-1
2967.9546	-1
2972.3257	-1
2976.6968	-1
2981.0679	-1
2985.4390	-1
2989.8101	-1
2994.1812	-1
2998.5522	-1
3002.9233	-1
3007.2944	-1
3011.6655	-1
3016.0369	-1
3020.4082	-1
3024.7795	-1
3029.1509	-1
3033.7173	1
3038.2837	1
3042.8501	1
3047.4165	1
3051.9834	-1
3056.5503	-1
3061.1172	-1
3065.6841	-1
3070.2510	-1
3074.8179	-1
3079.3850	-1
3083.9521	-1
3088.5193	-1
3093.0864	-1
3097.6536	-1
3102.2207	-1
3106.7881	-1
3111.3555	-1
3115.9229	-1
3120.4902	-1
3125.0576	-1
3129.6250	-1
3134.1924	-1
3138.7598	-1
3143.3271	-1
3147.8945	-1
3152.4619	-1
3157.0293	-1
3161.6096	1
3166.1917	-1
3170.7739	1
3175.3562	1
3179.9397	-1
3184.5232	-1
3189.1067	-1
3193.6902	-1
3198.2737	-1
3202.8572	-1
3207.4407	-1
3212.0242	-1
3216.6077	-1
3221.1912	-1
3225.7747	-1
3230.3582	-1
3234.9421	1
3239.5261	1
3244.1101	1
3248.6943	1
3253.2795	-1
3257.8647	-1
3262.4500	-1
3267.0352	-1
3271.6204	-1
3276.2056	-1
3280.7910	-1
3285.3765	-1
3289.9619	-1
3294.5474	-1
3299.1328	-1
3303.7183	-1
3308.3042	1
3312.8904	1
3317.4766	1
3322.0627	1
3326.6492	-1
3331.2356	-1
3335.8220	-1
3340.4084	-1
3344.9949	-1
3349.5813	-1
3354.1677	-1
3358.7542	-1
3363.3406	-1
3367.9270	-1
3372.5137	-1
3377.1003	-1
3381.6875	1
3386.2747	1
3390.8621	1
3395.4495	1
3400.0374	-1
3404.6252	-1
3409.2131	-1
3413.8010	-1
3418.3889	-1
3422.9768	-1
3427.5659	1
3432.1550	1
3436.7444	-1
3441.3337	-1
3445.9231	-1
3450.5125	-1
3455.1018	-1
3459.6912	-1
3464.2808	-1
3468.8704	-1
3473.4600	-1
3478.0496	-1
3482.6392	-1
3487.2288	-1
3491.8186	-1
3496.4084	-1
3500.9983	-1
3505.5881	-1
3510.1780	-1
3514.7678	-1
3519.3579	-1
3523.9480	-1
3528.5381	-1
3533.1282	-1
3537.7183	-1
3542.3083	-1
3546.8984	-1
3551.4885	-1
3556.0786	-1
3560.6687	-1
3565.2588	-1
3569.8489	-1
3574.4395	1
3579.0300	1
3583.6206	1
3588.2112	1
3592.8022	1
3597.3938	1
3601.9854	1
3606.5769	1
3611.1685	1
3615.7600	1
3620.3518	-1
3624.9436	-1
3629.5354	-1
3634.1272	-1
3638.7190	-1
3643.3108	-1
3647.9028	-1
3652.4949	-1
3657.0869	-1
3661.6790	-1
3666.2710	-1
3670.8630	-1
3675.4553	-1
3680.0476	-1
3684.6399	-1
3689.2322	-1
3693.8245	-1
3698.4167	-1
3703.0093	-1
3707.6018	-1
3712.1943	-1
3716.7869	-1
3721.3794	-1
3725.9719	-1
3730.5654	1
3735.1589	1
3739.7527	1
3744.3464	1
3748.9402	1
3753.5339	1
3758.1277	1
3762.7214	1
3767.3181	-1
3771.9148	-1
3776.5115	-1
3781.1084	-1
3785.7053	-1
3790.3022	-1
3794.8994	-1
3799.4966	-1
3804.0938	-1
3808.6909	-1
3813.2881	-1
3817.8853	-1
3822.4824	-1
3827.0796	-1
3831.6768	-1
3836.2739	-1
3840.8711	-1
3845.4683	-1
3850.0657	-1
3854.6631	-1
3859.2605	-1
3863.8579	-1
3868.4553	-1
3873.0527	-1
3877.6501	-1
3882.2476	-1
3886.8450	-1
3891.4424	-1
3896.0398	-1
3900.6372	-1
3905.2349	-1
3909.8325	-1
3914.4302	-1
3919.0278	-1
3923.6255	-1
3928.2231	-1
3932.8208	-1
3937.4185	-1
3942.0161	-1
3946.6138	-1
3951.2114	-1
3955.8091	-1
3960.4070	-1
3965.0049	-1
3969.6028	-1
3974.2007	-1
3978.7986	-1
3983.3965	-1
3987.9946	1
3992.5930	1
3997.1926	1
4001.7922	1
4006.3918	1
4010.9917	1
4015.5916	1
4020.1914	1
4024.7913	1
4029.3911	1
4033.9912	1
4038.5916	-1
4043.1919	-1
4047.7922	-1
4052.3926	-1
4056.9929	-1
4061.5933	-1
4066.1936	-1
4070.7942	-1
4075.3948	-1
4079.9954	-1
4084.5959	-1
4089.1965	-1
4093.7971	-1
4098.3979	-1
4102.9985	-1
4107.5991	-1
4112.1997	-1
4116.8003	-1
4121.4009	-1
4126.0020	-1
4130.6030	-1
4135.2041	-1
4139.8052	-1
4144.4062	-1
4149.0073	-1
4153.6084	-1
4158.2095	-1
4162.8105	-1
4167.4116	-1
4172.0127	-1
4176.6138	-1
4181.2148	-1
4185.8159	-1
4190.4170	-1
4195.0181	-1
4199.6191	-1
4204.2207	-1
4208.8223	-1
4213.4238	-1
4218.0254	-1
4222.6270	-1
4227.2285	-1
4231.8301	-1
4236.4316	-1
4241.0332	-1
4245.6348	-1
4250.2363	-1
4254.8379	-1
4259.4395	-1
4264.0410	-1
4268.6426	-1
4273.2441	-1
4277.8457	-1
4282.4473	-1
4287.0513	-1
4291.6553	-1
4296.2593	-1
4300.8633	-1
4305.4673	-1
4310.0713	-1
4314.6758	-1
4319.2803	-1
4323.8848	-1
4328.4893	-1
4333.0938	-1
4337.6982	-1
4342.3027	-1
4346.9072	-1
4351.5117	-1
4356.1162	-1
4360.7207	-1
4365.3252	-1
4369.9316	-1
4374.5381	-1
4379.1445	-1
4383.7510	-1
4388.3574	-1
4392.9639	-1
4397.5703	-1
4402.1768	-1
4406.7832	-1
4411.3896	-1
4415.9961	-1
4420.6025	-1
4425.2095	-1
4429.8164	-1
4434.4233	-1
4439.0303	-1
4443.6372	-1
4448.2441	-1
4452.8511	-1
4457.4580	-1
4462.0649	-1
4466.6719	-1
4471.2788	-1
4475.8857	-1
4480.4927	-1
4485.0996	-1
4489.7065	-1
4494.3135	-1
4498.9204	-1
4503.5273	-1
4508.1343	-1
4512.7412	-1
4517.3481	-1
4521.9551	-1
4526.5620	-1
4531.1689	-1
4535.7764	-1
4540.3838	-1
4544.9912	-1
4549.5986	-1
4554.2061	-1
4558.8135	-1
4563.4209	-1
4568.0283	-1
4572.6357	-1
4577.2432	-1
4581.8506	-1
4586.4580	-1
4591.0654	-1
4595.6729	-1
4600.2803	-1
4604.8877	-1
4609.5088	1
4614.1313	-1
4618.7544	1
4623.3774	1
4628.0010	-1
4632.6245	-1
4637.2480	-1
4641.8716	-1
4646.4951	-1
4651.1187	-1
4655.7427	-1
4660.3667	-1
4665.0029	1
4669.6406	-1
4674.2783	1
4678.9165	1
4683.5557	-1
4688.1948	-1
4692.8340	-1
4697.4731	-1
4702.1123	-1
4706.7515	-1
4711.3906	-1
4716.0298	-1
4720.6689	-1
4725.3081	-1
4729.9473	-1
4734.5864	-1
4739.2261	1
4743.8667	-1
4748.5073	-1
4753.1479	-1
4757.7886	-1
4762.4292	-1
4767.0698	-1
4771.7236	1
4776.3789	-1
4781.0347	1
4785.6904	1
4790.3472	-1
4795.0039	-1
4799.6606	-1
4804.3174	-1
4808.9741	-1
4813.6309	-1
4818.2876	-1
4822.9443	-1
4827.6011	-1
4832.2578	-1
4836.9146	-1
4841.5835	1
4846.2534	-1
4850.9238	1
4855.5942	1
4860.2656	-1
4864.9370	-1
4869.6084	-1
4874.2798	-1
4878.9512	-1
4883.6226	-1
4888.2939	-1
4892.9653	-1
4897.6367	-1
4902.3081	-1
4906.9795	-1
4911.6509	-1
4916.3228	1
4920.9946	1
4925.6665	1
4930.3384	1
4935.0107	-1
4939.6831	-1
4944.3555	-1
4949.0278	-1
4953.7002	-1
4958.3726	-1
4963.0454	-1
4967.7183	-1
4972.3911	-1
4977.0640	-1
4981.7368	-1
4986.4097	-1
4991.0825	1
4995.7554	1
5000.4287	-1
5005.1021	-1
5009.7754	-1
5014.4487	-1
5019.1221	-1
5023.7954	-1
5028.4688	-1
5033.1421	-1
5037.8154	-1
5042.4888	-1
5047.1621	-1
5051.8354	-1
5056.5093	1
5061.1831	1
5065.8574	-1
5070.5317	1
5075.2061	-1
5079.8804	-1
5084.5547	-1
5089.2290	-1
5093.9033	-1
5098.5776	1
5103.2520	1
5107.9263	1
5112.6006	-1
5117.2749	-1
5121.9492	-1
5126.6235	-1
5131.2979	-1
5135.9722	-1
5140.6470	1
5145.3218	1
5149.9966	1
5154.6714	1
5159.3472	-1
5164.0229	-1
5168.6987	-1
5173.3745	-1
5178.0503	-1
5182.7261	-1
5187.4019	-1
5192.0776	-1
5196.7534	-1
5201.4292	-1
5206.1050	-1
5210.7808	-1
5215.4570	-1
5220.1333	-1
5224.8096	-1
5229.4858	-1
5234.1621	-1
5238.8384	-1
5243.5146	-1
5248.1909	-1
5252.8672	-1
5257.5435	-1
5262.2197	-1
5266.8960	-1
5271.5723	-1
5276.2485	-1
5280.9248	-1
5285.6011	-1
5290.2773	-1
5294.9536	-1
5299.6299	-1
5304.3062	-1
5308.9824	-1
5313.6587	-1
5318.3350	-1
5323.0112	-1
5327.6880	-1
5332.3647	-1
5337.0415	-1
5341.7183	-1
5346.3950	-1
5351.0718	-1
5355.7485	-1
5360.4253	-1
5365.1021	-1
5369.7788	-1
5374.4556	-1
5379.1323	-1
5383.8096	1
5388.4868	1
5393.1646	1
5397.8423	1
5402.5200	-1
5407.1978	-1
5411.8755	-1
5416.5532	-1
5421.2310	-1
5425.9087	-1
5430.5864	1
5435.2642	1
5439.9419	1
5444.6196	1
5449.2974	1
5453.9751	1
5458.6533	1
5463.3315	1
5468.0098	-1
5472.6880	-1
5477.3662	-1
5482.0444	-1
5486.7227	-1
5491.4009	-1
5496.0791	1
5500.7573	1
5505.4355	1
5510.1143	1
5514.7935	-1
5519.4727	-1
5524.1519	-1
5528.8311	-1
5533.5103	-1
5538.1895	-1
5542.8691	-1
5547.5488	-1
5552.2285	-1
5556.9082	-1
5561.5879	-1
5566.2676	-1
5570.9478	-1
5575.6279	-1
5580.3081	-1
5584.9883	-1
5589.6685	-1
5594.3486	-1
5599.0303	-1
5603.7119	-1
5608.3936	-1
5613.0752	-1
5617.7568	-1
5622.4385	-1
5627.1201	-1
5631.8018	-1
5636.4834	-1
5641.1650	-1
5645.8467	-1
5650.5283	-1
5655.2100	-1
5659.8916	-1
5664.5732	-1
5669.2549	-1
5673.9365	-1
5678.6182	-1
5683.3003	-1
5687.9824	-1
5692.6646	-1
5697.3467	-1
5702.0288	-1
5706.7109	-1
5711.3931	-1
5716.0752	-1
5720.7573	-1
5725.4395	-1
5730.1216	-1
5734.8037	-1
5739.4858	-1
5744.1680	-1
5748.8501	-1
5753.5322	-1
5758.2144	-1
5762.8965	-1
5767.5786	-1
5772.2607	-1
5776.9429	-1
5781.6250	-1
5786.3071	-1
5790.9893	-1
5795.6724	-1
5800.3555	-1
5805.0386	-1
5809.7217	-1
5814.4048	-1
5819.0879	-1
5823.7715	-1
5828.4551	-1
5833.1387	-1
5837.8223	-1
5842.5059	-1
5847.1895	-1
5851.8730	-1
5856.5566	-1
5861.2402	-1
5865.9238	-1
5870.6074	-1
5875.2910	-1
5879.9751	-1
5884.6592	-1
5889.3433	-1
5894.0273	-1
5898.7114	-1
5903.3955	-1
5908.0796	-1
5912.7637	-1
5917.4478	-1
5922.1318	-1
5926.8159	-1
5931.5000	-1
5936.1841	-1
5940.8682	-1
5945.5649	1
5950.2632	-1
5954.9619	1
5959.6606	1
5964.3604	-1
5969.0601	-1
5973.7598	-1
5978.4717	1
5983.1851	-1
5987.8989	1
5992.6128	1
5997.3276	-1
6002.0425	-1
6006.7573	-1
6011.4722	-1
6016.1870	-1
6020.9141	1
6025.6426	-1
6030.3716	1
6035.1006	1
6039.8306	-1
6044.5605	-1
6049.2905	-1
6054.0205	-1
6058.7505	-1
6063.4805	-1
6068.2104	-1
6072.9404	-1
6077.6704	-1
6082.4004	-1
6087.1304	-1
6091.8604	-1
6096.5908	1
6101.3213	1
6106.0527	-1
6110.7842	-1
6115.5156	-1
6120.2471	-1
6124.9785	-1
6129.7100	-1
6134.4419	-1
6139.1738	-1
6143.9185	1
6148.6646	-1
6153.4111	1
6158.1577	1
6162.9048	-1
6167.6523	-1
6172.3999	-1
6177.1475	-1
6181.8950	-1
6186.6426	-1
6191.3901	-1
6196.1377	-1
6200.8853	-1
6205.6328	-1
6210.3804	-1
6215.1279	-1
6219.8760	1
6224.6240	1
6229.3721	1
6234.1201	1
6238.8687	-1
6243.6172	-1
6248.3657	-1
6253.1143	-1
6257.8628	-1
6262.6113	-1
6267.3604	-1
6272.1094	-1
6276.8584	-1
6281.6074	-1
6286.3564	-1
6291.1055	-1
6295.8545	-1
6300.6040	-1
6305.3535	-1
6310.1030	-1
6314.8525	-1
6319.6021	-1
6324.3516	-1
6329.1011	-1
6333.8506	-1
6338.6001	-1
6343.3496	-1
6348.0991	-1
6352.8486	1
6357.5981	1
6362.3477	1
6367.0972	1
6371.8472	1
6376.5972	1
6381.3472	1
6386.0972	1
6390.8472	-1
6395.5972	-1
6400.3472	-1
6405.0972	-1
6409.8472	-1
6414.5972	-1
6419.3477	1
6424.0981	1
6428.8496	-1
6433.6011	-1
6438.3525	-1
6443.1040	-1
6447.8555	-1
6452.6069	-1
6457.3584	-1
6462.1099	-1
6466.8613	-1
6471.6128	-1
6476.3643	-1
6481.1157	-1
6485.8677	-1
6490.6196	-1
6495.3716	-1
6500.1235	-1
6504.8755	-1
6509.6274	-1
6514.3799	-1
6519.1323	-1
6523.8848	-1
6528.6372	-1
6533.3896	-1
6538.1421	-1
6542.8950	-1
6547.6479	-1
6552.4009	-1
6557.1538	-1
6561.9067	-1
6566.6597	-1
6571.4126	-1
6576.1655	-1
6580.9185	-1
6585.6714	-1
6590.4243	-1
6595.1772	-1
6599.9302	1
6604.6831	1
6609.4360	-1
6614.1890	-1
6618.9419	-1
6623.6948	-1
6628.4478	-1
6633.2007	-1
6637.9536	1
6642.7065	1
6647.4600	1
6652.2134	1
6656.9668	-1
6661.7202	-1
6666.4736	-1
6671.2271	-1
6675.9805	-1
6680.7339	-1
6685.4873	-1
6690.2407	-1
6694.9941	-1
6699.7476	-1
6704.5010	-1
6709.2544	-1
6714.0093	1
6718.7642	1
6723.5195	-1
6728.2749	-1
6733.0303	-1
6737.7856	-1
6742.5410	-1
6747.2964	-1
6752.0522	-1
6756.8081	-1
6761.5640	-1
6766.3198	-1
6771.0757	-1
6775.8315	-1
6780.5879	-1
6785.3442	-1
6790.1006	-1
6794.8569	-1
6799.6133	-1
6804.3696	-1
6809.1260	-1
6813.8823	-1
6818.6387	-1
6823.3950	-1
6828.1514	-1
6832.9077	-1
6837.6646	-1
6842.4214	-1
6847.1782	-1
6851.9351	-1
6856.6919	-1
6861.4487	-1
6866.2056	-1
6870.9624	-1
6875.7192	-1
6880.4761	-1
6885.2329	-1
6889.9897	-1
6894.7466	-1
6899.5034	-1
6904.2603	-1
6909.0171	-1
6913.7739	-1
6918.5308	-1
6923.2876	-1
6928.0444	-1
6932.8013	-1
6937.5708	1
6942.3413	-1
6947.1123	1
6951.8833	1
6956.6558	-1
6961.4282	-1
6966.2007	-1
6970.9731	-1
6975.7456	-1
6980.5181	-1
6985.2905	-1
6990.0630	-1
6994.8477	1
6999.6338	-1
7004.4204	1
7009.2070	1
7013.9946	-1
7018.7822	-1
7023.5698	-1
7028.3574	-1
7033.1450	-1
7037.9326	-1
7042.7202	-1
7047.5210	1
7052.3232	-1
7057.1260	1
7061.9287	1
7066.7319	-1
7071.5352	-1
7076.3384	-1
7081.1416	-1
7085.9453	-1
7090.7607	1
7095.5776	-1
7100.3950	1
7105.2124	1
7110.0308	-1
7114.8491	-1
7119.6675	-1
7124.4858	-1
7129.3042	-1
7134.1226	-1
7138.9409	-1
7143.7593	-1
7148.5776	-1
7153.3960	-1
7158.2144	-1
7163.0327	-1
7167.8516	1
7172.6704	1
7177.4893	1
7182.3081	1
7187.1284	-1
7191.9487	-1
7196.7690	-1
7201.5894	-1
7206.4097	-1
7211.2305	-1
7216.0513	-1
7220.8721	-1
7225.6929	-1
7230.5137	-1
7235.3345	-1
7240.1553	-1
7244.9761	-1
7249.7969	-1
7254.6177	-1
7259.4385	-1
7264.2593	-1
7269.0801	-1
7273.9009	-1
7278.7217	-1
7283.5425	-1
7288.3633	-1
7293.1841	-1
7298.0049	-1
7302.8262	1
7307.6475	1
7312.4688	1
7317.2900	1
7322.1113	1
7326.9331	1
7331.7549	1
7336.5767	1
7341.4014	-1
7346.2261	-1
7351.0508	-1
7355.8755	-1
7360.7002	-1
7365.5249	-1
7370.3496	-1
7375.1743	-1
7379.9990	-1
7384.8237	-1
7389.6484	-1
7394.4731	-1
7399.2979	-1
7404.1226	-1
7408.9473	-1
7413.7720	-1
7418.5967	-1
7423.4214	-1
7428.2461	-1
7433.0708	-1
7437.8955	-1
7442.7202	-1
7447.5449	-1
7452.3696	-1
7457.1948	-1
7462.0200	-1
7466.8452	-1
7471.6704	-1
7476.4956	-1
7481.3208	-1
7486.1460	-1
7490.9712	-1
7495.7964	-1
7500.6216	-1
7505.4468	-1
7510.2720	-1
7515.0972	-1
7519.9224	-1
7524.7476	-1
7529.5728	-1
7534.3979	-1
7539.2231	-1
7544.0483	-1
7548.8735	-1
7553.6987	-1
7558.5239	-1
7563.3491	-1
7568.1743	-1
7573.0000	1
7577.8257	1
7582.6514	1
7587.4771	1
7592.3032	1
7597.1294	1
7601.9556	1
7606.7837	-1
7611.6118	-1
7616.4399	-1
7621.2681	-1
7626.0962	-1
7630.9243	-1
7635.7524	-1
7640.5806	-1
7645.4087	-1
7650.2368	-1
7655.0649	-1
7659.8931	-1
7664.7212	-1
7669.5493	-1
7674.3779	-1
7679.2065	-1
7684.0352	-1
7688.8638	-1
7693.6934	-1
7698.5229	-1
7703.3525	-1
7708.1821	-1
7713.0117	-1
7717.8413	-1
7722.6709	-1
7727.5005	-1
7732.3301	-1
7737.1597	-1
7741.9893	-1
7746.8188	-1
7751.6489	-1
7756.4790	-1
7761.3091	-1
7766.1392	-1
7770.9692	-1
7775.7993	-1
7780.6294	-1
7785.4595	-1
7790.2896	-1
7795.1196	-1
7799.9497	-1
7804.7925	1
7809.6367	-1
7814.4810	1
7819.3252	1
7824.1704	-1
7829.0156	-1
7833.8608	-1
7838.7061	-1
7843.5513	-1
7848.3965	-1
7853.2417	-1
7858.0869	-1
7862.9321	-1
7867.7773	-1
7872.6226	-1
7877.4678	-1
7882.3135	1
7887.1592	1
7892.0054	1
7896.8516	1
7901.6982	-1
7906.5449	-1
7911.3916	-1
7916.2383	-1
7921.0850	-1
7925.9316	-1
7930.7788	-1
7935.6260	-1
7940.4731	-1
7945.3203	-1
7950.1675	-1
7955.0146	-1
7959.8618	-1
7964.7090	-1
7969.5562	-1
7974.4033	-1
7979.2505	-1
7984.0977	-1
7988.9448	-1
7993.7920	-1
7998.6392	-1
8003.4863	-1
8008.3335	-1
8013.1807	-1
8018.0283	1
8022.8760	1
8027.7236	1
8032.5718	1
8037.4204	1
8042.2690	1
8047.1177	1
8051.9663	1
8056.8149	-1
8061.6636	-1
8066.5122	-1
8071.3608	-1
8076.2095	-1
8081.0581	-1
8085.9072	-1
8090.7563	-1
8095.6055	-1
8100.4546	-1
8105.3037	-1
8110.1528	-1
8115.0020	1
8119.8516	1
8124.7012	1
8129.5508	1
8134.4009	-1
8139.2510	-1
8144.1011	-1
8148.9512	-1
8153.8013	-1
8158.6514	-1
8163.5029	1
8168.3545	-1
8173.2061	1
8178.0576	-1
8182.9092	-1
8187.7607	-1
8192.6123	-1
8197.4639	-1
8202.3154	-1
8207.1670	-1
8212.0186	-1
8216.8701	-1
8221.7217	-1
8226.5732	-1
8231.4248	-1
8236.2764	-1
8241.1279	-1
8245.9795	-1
8250.8311	-1
8255.6826	-1
8260.5342	-1
8265.3857	-1
8270.2373	-1
8275.0889	-1
8279.9404	-1
8284.7920	-1
8289.6445	-1
8294.4971	-1
8299.3496	-1
8304.2021	-1
8309.0547	-1
8313.9072	-1
8318.7598	-1
8323.6123	-1
8328.4648	-1
8333.3174	-1
8338.1699	-1
8343.0225	-1
8347.8750	-1
8352.7275	-1
8357.5801	-1
8362.4326	-1
8367.2852	-1
8372.1377	-1
8376.9902	-1
8381.8428	-1
8386.6953	-1
8391.5479	-1
8396.4004	-1
8401.2529	-1
8406.1055	-1
8410.9580	-1
8415.8105	-1
8420.6631	-1
8425.5156	-1
8430.3682	-1
8435.2207	-1
8440.0732	-1
8444.9258	-1
8449.7783	-1
8454.6309	-1
8459.4834	-1
8464.3359	-1
8469.1885	-1
8474.0410	-1
8478.8936	-1
8483.7461	-1
8488.5986	-1
8493.4512	1
8498.3047	1
8503.1582	1
8508.0127	-1
8512.8672	-1
8517.7217	-1
8522.5762	-1
8527.4307	-1
8532.2852	-1
8537.1396	-1
8541.9941	-1
8546.8486	-1
8551.7031	-1
8556.5576	-1
8561.4121	-1
8566.2666	-1
8571.1211	-1
8575.9756	-1
8580.8301	-1
8585.6973	1
8590.5664	-1
8595.4355	1
8600.3047	1
8605.1748	-1
8610.0449	-1
8614.9150	-1
8619.7852	-1
8624.6553	-1
8629.5254	-1
8634.3955	-1
8639.2656	-1
8644.1357	-1
8649.0059	-1
8653.8760	-1
8658.7461	-1
8663.6162	1
8668.4873	1
8673.3584	1
8678.2295	1
8683.1006	-1
8687.9717	-1
8692.8428	-1
8697.7139	-1
8702.5850	-1
8707.4561	-1
8712.3281	1
8717.2002	-1
8722.0723	-1
8726.9443	-1
8731.8164	-1
8736.6885	-1
8741.5605	-1
8746.4326	1
8751.3047	-1
8756.1768	-1
8761.0488	-1
8765.9209	-1
8770.7930	-1
8775.6650	-1
8780.5371	-1
8785.4092	-1
8790.2812	-1
8795.1533	-1
8800.0254	-1
8804.8975	-1
8809.7705	1
8814.6436	1
8819.5166	1
8824.3896	1
8829.2627	1
8834.1357	1
8839.0088	-1
8843.8818	-1
8848.7549	-1
8853.6279	-1
8858.5010	-1
8863.3740	-1
8868.2471	-1
8873.1201	-1
8877.9932	-1
8882.8672	-1
8887.7412	-1
8892.6152	-1
8897.4893	-1
8902.3633	-1
8907.2373	-1
8912.1113	-1
8916.9854	-1
8921.8594	-1
8926.7334	1
8931.6074	1
8936.4824	-1
8941.3574	-1
8946.2324	-1
8951.1074	-1
8955.9824	-1
8960.8574	-1
8965.7324	-1
8970.6074	-1
8975.4824	-1
8980.3574	-1
8985.2324	-1
8990.1074	-1
8994.9824	-1
8999.8574	-1
9004.7324	-1
9009.6074	-1
9014.4824	-1
9019.3574	-1
9024.2324	1
9029.1074	1
9033.9824	-1
9038.8574	-1
9043.7324	-1
9048.6074	-1
9053.4824	-1
9058.3574	-1
9063.2324	1
9068.1074	1
9072.9834	1
9077.8594	1
9082.7354	1
9087.6113	1
9092.4873	1
9097.3643	1
9102.2412	1
9107.1182	1
9111.9951	-1
9116.8721	-1
9121.7490	-1
9126.6260	-1
9131.5029	-1
9136.3799	-1
9141.2568	-1
9146.1338	-1
9151.0107	-1
9155.8877	-1
9160.7646	-1
9165.6416	-1
9170.5186	-1
9175.3955	-1
9180.2725	-1
9185.1494	-1
9190.0264	-1
9194.9033	-1
9199.7812	1
9204.6592	1
9209.5371	1
9214.4160	1
9219.2949	1
9224.1738	1
9229.0527	-1
9233.9316	-1
9238.8105	-1
9243.6895	-1
9248.5684	-1
9253.4473	-1
9258.3262	1
9263.2061	1
9268.0859	-1
9272.9658	-1
9277.8457	-1
9282.7256	-1
9287.6055	-1
9292.4854	-1
9297.3652	-1
9302.2451	-1
9307.1250	-1
9312.0049	-1
9316.8848	-1
9321.7646	-1
9326.6465	-1
9331.5283	-1
9336.4102	-1
9341.2920	-1
9346.1738	-1
9351.0557	-1
9355.9375	-1
9360.8193	-1
9365.7012	-1
9370.5830	-1
9375.4648	-1
9380.3467	-1
9385.2285	-1
9390.1104	-1
9394.9922	-1
9399.8740	-1
9404.7559	-1
9409.6377	-1
9414.5205	-1
9419.4033	-1
9424.2861	-1
9429.1689	-1
9434.0518	-1
9438.9346	-1
9443.8174	-1
9448.7002	-1
9453.5830	-1
9458.4658	-1
9463.3486	-1
9468.2314	-1
9473.1143	-1
9477.9971	-1
9482.8799	-1
9487.7627	-1
9492.6455	-1
9497.5283	-1
9502.4111	1
9507.2939	1
9512.1768	-1
9517.0596	-1
9521.9424	-1
9526.8252	-1
9531.7080	-1
9536.5908	-1
9541.4736	1
9546.3564	1
9551.2393	-1
9556.1221	-1
9561.0049	-1
9565.8877	-1
9570.7705	-1
9575.6533	-1
9580.5361	-1
9585.4189	-1
9590.3018	-1
9595.1846	-1
9600.0674	-1
9604.9502	-1
9609.8340	-1
9614.7178	-1
9619.6016	-1
9624.4854	-1
9629.3691	-1
9634.2529	-1
9639.1367	-1
9644.0205	-1
9648.9043	-1
9653.7881	-1
9658.6719	-1
9663.5557	-1
9668.4404	-1
9673.3252	-1
9678.2100	-1
9683.0947	-1
9687.9795	-1
9692.8643	-1
9697.7490	-1
9702.6338	-1
9707.5186	-1
9712.4033	-1
9717.2881	-1
9722.1729	-1
9727.0576	-1
9731.9424	-1
9736.8271	-1
9741.7119	-1
9746.5967	-1
9751.4814	-1
9756.3662	-1
9761.2510	-1
9766.1357	-1
9771.0205	-1
9775.9053	-1
9780.7900	-1
9785.6758	-1
9790.5615	-1
9795.4473	-1
9800.3330	-1
9805.2188	-1
9810.1045	-1
9814.9902	-1
9819.8760	-1
9824.7617	-1
9829.6475	-1
9834.5332	-1
9839.4189	-1
9844.3047	-1
9849.1904	-1
9854.0762	-1
9858.9619	-1
9863.8477	-1
9868.7334	-1
9873.6201	1
9878.5068	1
9883.3936	1
9888.2803	1
9893.1670	1
9898.0537	1
9902.9404	1
9907.8271	1
9912.7139	1
9917.6006	1
9922.4873	1
9927.3740	1
9932.2607	1
9937.1475	1
9942.0342	-1
9946.9209	-1
9951.8076	-1
9956.6943	-1
9961.5811	-1
9966.4678	-1
9971.3545	1
9976.2412	1
9981.1279	1
9986.0146	1
9990.9014	1
9995.7891	1
10000.6768	1
10005.5645	1
10010.4521	-1
10015.3398	-1
10020.2275	-1
10025.1152	-1
10030.0029	-1
10034.8906	-1
10039.7793	-1
10044.6680	-1
10049.5566	-1
10054.4453	-1
10059.3340	-1
10064.2227	-1
10069.1113	1
10074.0000	1
10078.8887	-1
10083.7773	-1
10088.6660	-1
10093.5547	-1
10098.4434	-1
10103.3320	-1
10108.2217	-1
10113.1113	-1
10118.0010	-1
10122.8906	-1
10127.7803	-1
10132.6699	-1
10137.5596	1
10142.4502	1
10147.3408	1
10152.2314	1
10157.1221	1
10162.0127	1
10166.9033	1
10171.7939	1
10176.6846	1
10181.5752	1
10186.4658	1
10191.3564	1
10196.2471	1
10201.1377	1
10206.0283	1
10210.9189	1
10215.8096	1
10220.7002	1
10225.5918	1
10230.4834	1
10235.3750	1
10240.2666	1
10245.1582	-1
10250.0498	-1
10254.9414	-1
10259.8330	-1
10264.7246	-1
10269.6162	-1
10274.5088	-1
10279.4014	-1
10284.2939	-1
10289.1865	-1
10294.0791	-1
10298.9717	-1
10303.8643	-1
10308.7568	-1
10313.6494	-1
10318.5420	-1
10323.4346	-1
10328.3271	-1
10333.2197	-1
10338.1123	-1
10343.0049	-1
10347.8975	-1
10352.7900	-1
10357.6826	-1
10362.5752	-1
10367.4678	-1
10372.3604	-1
10377.2529	-1
10382.1455	-1
10387.0381	-1
10391.9316	-1
10396.8252	-1
10401.7188	-1
10406.6123	-1
10411.5059	-1
10416.3994	-1
10421.2930	-1
10426.1865	-1
10431.0801	-1
10435.9736	-1
10440.8672	-1
10445.7607	-1
10450.6543	-1
10455.5479	-1
10460.4414	-1
10465.3350	-1
10470.2285	-1
10475.1221	-1
10480.0156	-1
10484.9092	-1
10489.8027	-1
10494.6963	-1
10499.5898	-1
10504.4834	-1
10509.3799	1
10514.2764	1
10519.1729	1
10524.0693	1
10528.9658	1
10533.8623	1
10538.7588	1
10543.6553	1
10548.5518	1
10553.4482	1
10558.3447	1
10563.2412	1
10568.1377	1
10573.0342	1
10577.9307	1
10582.8271	1
10587.7236	1
10592.6201	1
10597.5176	-1
10602.4150	-1
10607.3125	-1
10612.2100	-1
10617.1074	-1
10622.0049	-1
10626.9023	-1
10631.7998	-1
10636.6973	-1
10641.5947	-1
10646.4922	-1
10651.3896	-1
10656.2871	-1
10661.1846	-1
10666.0820	-1
10670.9795	-1
10675.8770	-1
10680.7744	-1
10685.6719	-1
10690.5693	-1
10695.4668	-1
10700.3643	-1
10705.2617	-1
10710.1592	-1
10715.0576	-1
10719.9561	-1
10724.8545	-1
10729.7529	-1
10734.6514	-1
10739.5498	-1
10744.4492	-1
10749.3486	-1
10754.2480	-1
10759.1475	-1
10764.0469	-1
10768.9463	-1
10773.8457	-1
10778.7451	-1
10783.6445	-1
10788.5439	-1
10793.4434	-1
10798.3428	-1
10803.2422	-1
10808.1416	-1
10813.0410	-1
10817.9404	-1
10822.8398	-1
10827.7393	-1
10832.6396	1
10837.5400	1
10842.4404	1
10847.3408	1
10852.2412	1
10857.1416	1
10862.0420	1
10866.9434	-1
10871.8447	-1
10876.7461	-1
10881.6475	-1
10886.5488	-1
10891.4502	-1
10896.3516	-1
10901.2529	-1
10906.1543	-1
10911.0557	-1
10915.9570	-1
10920.8584	-1
10925.7598	-1
10930.6611	-1
10935.5625	-1
10940.4639	-1
10945.3652	-1
10950.2666	-1
10955.1680	-1
10960.0693	-1
10964.9707	-1
10969.8721	-1
10974.7734	-1
10979.6748	-1
10984.5762	-1
10989.4775	-1
10994.3789	-1
10999.2803	-1
11004.1816	-1
11009.0830	-1
11013.9854	-1
11018.8877	-1
11023.7900	-1
11028.6924	-1
11033.5947	-1
11038.4971	-1
11043.3994	-1
11048.3018	-1
11053.2041	-1
11058.1064	-1
11063.0088	-1
11067.9111	-1
11072.8135	-1
11077.7158	-1
11082.6182	-1
11087.5205	-1
11092.4229	-1
11097.3252	-1
11102.2275	-1
11107.1299	-1
11112.0322	-1
11116.9346	-1
11121.8369	-1
11126.7393	-1
11131.6416	-1
11136.5439	-1
11141.4463	-1
11146.3486	-1
11151.2510	-1
11156.1533	-1
11161.0576	-1
11165.9619	-1
11170.8662	-1
11175.7705	-1
11180.6748	-1
11185.5791	-1
11190.4834	-1
11195.3877	-1
11200.2920	-1
11205.1963	-1
11210.1006	-1
11215.0049	-1
11219.9092	-1
11224.8135	-1
11229.7178	-1
11234.6221	-1
11239.5264	-1
11244.4307	-1
11249.3359	-1
11254.2412	-1
11259.1465	-1
11264.0518	-1
11268.9570	-1
11273.8623	-1
11278.7676	-1
11283.6729	-1
11288.5781	-1
11293.4834	-1
11298.3887	-1
11303.2939	-1
11308.1992	-1
11313.1045	-1
11318.0098	-1
11322.9150	-1
11327.8203	-1
11332.7256	-1
11337.6309	-1
11342.5361	-1
11347.4414	-1
11352.3467	-1
11357.2520	-1
11362.1572	-1
11367.0645	-1
11371.9717	-1
11376.8789	-1
11381.7861	-1
11386.6934	-1
11391.6006	-1
11396.5078	-1
11401.4150	-1
11406.3223	-1
11411.2295	-1
11416.1367	-1
11421.0439	-1
11425.9521	-1
11430.8604	-1
11435.7686	-1
11440.6768	-1
11445.5850	-1
11450.4932	-1
11455.4014	-1
11460.3096	-1
11465.2178	-1
11470.1260	-1
11475.0342	-1
11479.9424	-1
11484.8506	-1
11489.7588	-1
11494.6670	-1
11499.5752	-1
11504.4834	-1
11509.3916	-1
11514.3008	-1
11519.2100	-1
11524.1191	-1
11529.0283	-1
11533.9375	-1
11538.8467	-1
11543.7559	-1
11548.6650	-1
11553.5742	-1
11558.4834	-1
11563.3926	-1
11568.3018	-1
11573.2109	-1
11578.1201	-1
11583.0293	-1
11587.9385	-1
11592.8477	-1
11597.7568	-1
11602.6660	-1
11607.5752	-1
11612.4844	-1
11617.3936	-1
11622.3027	-1
11627.2119	-1
11632.1211	-1
11637.0303	-1
11641.9395	-1
11646.8486	-1
11651.7578	-1
11656.6670	-1
11661.5791	-1
11666.4912	-1
11671.4033	-1
11676.3154	-1
11681.2275	-1
11686.1396	-1
11691.0518	-1
11695.9639	-1
11700.8760	-1
11705.7881	-1
11710.7002	-1
11715.6123	-1
11720.5244	-1
11725.4365	-1
11730.3486	-1
11735.2607	-1
11740.1729	-1
11745.0850	-1
11749.9971	-1
11754.9092	-1
11759.8213	-1
11764.7334	-1
11769.6455	-1
11774.5576	-1
11779.4697	-1
11784.3818	-1
11789.2939	-1
11794.2061	-1
11799.1182	-1
11804.0303	-1
11808.9434	-1
11813.8564	-1
11818.7695	-1
11823.6826	-1
11828.5957	-1
11833.5088	-1
11838.4219	-1
11843.3350	-1
11848.2480	-1
11853.1611	-1
11858.0742	-1
11862.9873	-1
11867.9004	-1
11872.8135	-1
11877.7266	-1
11882.6396	-1
11887.5527	-1
11892.4658	-1
11897.3789	-1
11902.2920	-1
11907.2051	-1
11912.1182	-1
11917.0312	-1
11921.9443	-1
11926.8574	-1
11931.7705	-1
11936.6836	-1
11941.5967	-1
11946.5098	-1
11951.4229	-1
11956.3379	-1
11961.2529	-1
11966.1680	-1
11971.0830	-1
11975.9980	-1
11980.9131	-1
11985.8281	-1
11990.7432	-1
11995.6582	-1
12000.5732	-1
12005.4883	-1
12010.4033	-1
12015.3193	-1
12020.2354	-1
12025.1514	-1
12030.0674	-1
12034.9834	-1
12039.8994	-1
12044.8154	-1
12049.7314	-1
12054.6475	-1
12059.5635	-1
12064.4795	-1
12069.3955	-1
12074.3115	-1
12079.2275	-1
12084.1436	-1
12089.0596	-1
12093.9756	-1
12098.8916	-1
12103.8076	-1
12108.7236	-1
12113.6396	-1
12118.5557	-1
12123.4717	-1
12128.3877	-1
12133.3037	-1
12138.2197	-1
12143.1357	-1
12148.0518	-1
12152.9678	-1
12157.8838	-1
12162.7998	-1
12167.7158	-1
12172.6318	-1
12177.5479	-1
12182.4639	-1
12187.3799	-1
12192.2959	-1
12197.2119	-1
12202.1279	-1
12207.0439	-1
12211.9600	-1
12216.8760	-1
12221.7920	-1
12226.7080	-1
12231.6240	-1
12236.5400	-1
12241.4561	-1
12246.3721	-1
12251.2891	-1
12256.2061	-1
12261.1230	-1
12266.0400	-1
12270.9570	-1
12275.8740	-1
12280.7920	-1
12285.7100	-1
12290.6279	-1
12295.5459	-1
12300.4639	-1
12305.3818	-1
12310.2998	-1
12315.2178	-1
12320.1357	-1
12325.0537	-1
12329.9717	-1
12334.8896	-1
12339.8076	-1
12344.7256	-1
12349.6436	-1
12354.5615	-1
12359.4795	-1
12364.3975	-1
12369.3154	-1
12374.2334	-1
12379.1514	-1
12384.0840	1
12389.0176	-1
12393.9521	1
12398.8867	1
12403.8223	-1
12408.7578	-1
12413.6934	-1
12418.6289	-1
12423.5645	-1
12428.5000	-1
12433.4355	-1
12438.3711	-1
12443.3066	-1
12448.2422	-1
12453.1777	-1
12458.1133	-1
12463.0488	1
12467.9844	1
12472.9199	1
12477.8555	1
12482.7920	-1
12487.7285	-1
12492.6650	-1
12497.6016	-1
12502.5381	-1
12507.4746	-1
12512.4121	-1
12517.3496	-1
12522.2871	-1
12527.2246	-1
12532.1621	-1
12537.0996	-1
12542.0371	-1
12546.9746	-1
12551.9121	-1
12556.8496	-1
12561.7871	-1
12566.7246	-1
12571.6621	-1
12576.5996	-1
12581.5371	-1
12586.4746	-1
12591.4121	-1
12596.3496	-1
12601.2871	1
12606.2246	1
12611.1621	1
12616.1006	1
12621.0391	1
12625.9775	1
12630.9160	1
12635.8545	1
12640.7939	-1
12645.7334	-1
12650.6729	-1
12655.6123	-1
12660.5518	-1
12665.4912	-1
12670.4307	-1
12675.3701	-1
12680.3096	-1
12685.2490	-1
12690.1885	-1
12695.1279	-1
12700.0684	-1
12705.0088	-1
12709.9492	-1
12714.8896	-1
12719.8301	-1
12724.7705	-1
12729.7109	-1
12734.6514	-1
12739.5918	-1
12744.5322	-1
12749.4727	-1
12754.4131	-1
12759.3535	-1
12764.2939	-1
12769.2344	-1
12774.1748	-1
12779.1152	-1
12784.0557	-1
12788.9971	1
12793.9385	1
12798.8799	1
12803.8213	1
12808.7627	-1
12813.7041	1
12818.6455	-1
12823.5869	-1
12828.5283	-1
12833.4697	-1
12838.4111	-1
12843.3525	1
12848.2939	1
12853.2354	1
12858.1768	1
12863.1182	-1
12868.0596	-1
12873.0010	-1
12877.9424	-1
12882.8838	-1
12887.8252	-1
12892.7666	1
12897.7080	-1
12902.6494	-1
12907.5908	-1
12912.5322	-1
12917.4736	-1
12922.4150	-1
12927.3574	1
12932.2998	1
12937.2422	1
12942.1846	1
12947.1270	1
12952.0693	1
12957.0127	-1
12961.9561	-1
12966.8994	-1
12971.8428	-1
12976.7861	-1
12981.7295	-1
12986.6729	-1
12991.6162	-1
12996.5596	-1
13001.5029	-1
13006.4463	-1
13011.3896	-1
13016.3330	-1
13021.2764	-1
13026.2197	-1
13031.1631	-1
13036.1064	-1
13041.0498	-1
13045.9951	-1
13050.9404	-1
13055.8857	-1
13060.8311	-1
13065.7764	-1
13070.7217	-1
13075.6670	1
13080.6123	1
13085.5576	-1
13090.5029	-1
13095.4482	-1
13100.3936	-1
13105.3389	-1
13110.2842	-1
13115.2295	1
13120.1748	1
13125.1201	1
13130.0654	-1
13135.0107	-1
13139.9561	-1
13144.9014	-1
13149.8467	-1
13154.7920	-1
13159.7373	1
13164.6826	-1
13169.6279	-1
13174.5732	-1
13179.5186	-1
13184.4639	-1
13189.4092	-1
13194.3555	-1
13199.3018	-1
13204.2480	-1
13209.1943	-1
13214.1406	-1
13219.0869	-1
13224.0332	-1
13228.9795	-1
13233.9258	-1
13238.8721	-1
13243.8184	-1
13248.7646	-1
13253.7109	-1
13258.6572	-1
13263.6035	-1
13268.5498	-1
13273.4961	-1
13278.4424	-1
13283.3887	-1
13288.3350	-1
13293.2812	-1
13298.2275	-1
13303.1738	-1
13308.1201	-1
13313.0664	-1
13318.0127	-1
13322.9590	-1
13327.9053	-1
13332.8516	-1
13337.7979	-1
13342.7451	-1
13347.6924	-1
13352.6396	-1
13357.5869	-1
13362.5342	-1
13367.4814	-1
13372.4287	-1
13377.3760	-1
13382.3232	-1
13387.2705	-1
13392.2178	-1
13397.1650	-1
13402.1133	-1
13407.0615	-1
13412.0098	-1
13416.9580	-1
13421.9062	-1
13426.8545	-1
13431.8027	-1
13436.7510	-1
13441.6992	-1
13446.6475	-1
13451.5957	-1
13456.5439	-1
13461.4932	1
13466.4424	1
13471.3916	1
13476.3408	-1
13481.2900	-1
13486.2393	-1
13491.1885	-1
13496.1377	-1
13501.0869	-1
13506.0361	1
13510.9854	1
13515.9346	1
13520.8838	-1
13525.8330	-1
13530.7822	-1
13535.7314	-1
13540.6807	-1
13545.6299	-1
13550.5791	1
13555.5283	1
13560.4775	1
13565.4268	1
13570.3760	1
13575.3252	-1
13580.2744	-1
13585.2236	-1
13590.1729	-1
13595.1221	-1
13600.0713	-1
13605.0205	1
13609.9697	1
13614.9189	1
13619.8682	-1
13624.8174	-1
13629.7666	-1
13634.7158	-1
13639.6650	-1
13644.6143	-1
13649.5645	-1
13654.5146	-1
13659.4648	-1
13664.4150	-1
13669.3652	-1
13674.3154	-1
13679.2656	-1
13684.2158	-1
13689.1660	-1
13694.1162	-1
13699.0664	-1
13704.0166	-1
13708.9688	1
13713.9209	1
13718.8730	1
13723.8252	1
13728.7783	1
13733.7314	1
13738.6846	1
13743.6377	1
13748.5908	1
13753.5439	1
13758.4971	1
13763.4502	1
13768.4043	-1
13773.3584	-1
13778.3125	-1
13783.2666	-1
13788.2207	-1
13793.1748	-1
13798.1289	-1
13803.0830	-1
13808.0371	-1
13812.9912	-1
13817.9453	-1
13822.8994	-1
13827.8535	-1
13832.8076	-1
13837.7617	-1
13842.7158	-1
13847.6699	-1
13852.6240	-1
13857.5791	-1
13862.5342	-1
13867.4893	-1
13872.4443	-1
13877.3994	-1
13882.3545	-1
13887.3105	-1
13892.2666	-1
13897.2227	-1
13902.1787	-1
13907.1348	-1
13912.0908	-1
13917.0479	-1
13922.0049	-1
13926.9619	-1
13931.9189	-1
13936.8760	-1
13941.8330	-1
13946.7910	-1
13951.7490	-1
13956.7070	-1
13961.6650	-1
13966.6230	-1
13971.5811	-1
13976.5391	-1
13981.4971	-1
13986.4551	-1
13991.4131	-1
13996.3711	-1
14001.3291	-1
14006.2881	-1
14011.2471	-1
14016.2061	-1
14021.1650	-1
14026.1240	-1
14031.0830	-1
14036.0420	-1
14041.0010	-1
14045.9600	-1
14050.9189	-1
14055.8779	-1
14060.8369	-1
14065.7969	-1
14070.7568	-1
14075.7168	-1
14080.6768	-1
14085.6367	-1
14090.5967	-1
14095.5566	-1
14100.5166	-1
14105.4766	-1
14110.4365	-1
14115.3965	-1
14120.3564	-1
14125.3174	-1
14130.2783	-1
14135.2393	-1
14140.2002	-1
14145.1611	-1
14150.1221	-1
14155.0840	-1
14160.0459	-1
14165.0078	-1
14169.9697	-1
14174.9316	-1
14179.8936	-1
14184.8555	-1
14189.8174	-1
14194.7793	-1
14199.7412	-1
14204.7031	-1
14209.6650	-1
14214.6279	-1
14219.5908	-1
14224.5537	-1
14229.5166	-1
14234.4795	-1
14239.4424	-1
14244.4053	-1
14249.3682	-1
14254.3311	-1
14259.2939	-1
14264.2568	-1
14269.2197	-1
14274.1836	-1
14279.1475	-1
14284.1113	-1
14289.0752	-1
14294.0391	-1
14299.0029	-1
14303.9668	-1
14308.9307	-1
14313.8945	-1
14318.8584	-1
14323.8223	-1
14328.7861	-1
14333.7510	-1
14338.7158	-1
14343.6807	-1
14348.6455	-1
14353.6104	-1
14358.5752	-1
14363.5400	-1
14368.5049	-1
14373.4697	-1
14378.4346	-1
14383.3994	-1
14388.3643	-1
14393.3291	-1
14398.2939	-1
14403.2588	-1
14408.2236	-1
14413.1885	-1
14418.1533	-1
14423.1182	-1
14428.0830	-1
14433.0479	-1
14438.0127	-1
14442.9775	-1
14447.9424	-1
14452.9072	-1
14457.8721	-1
14462.8369	-1
14467.8018	-1
14472.7666	-1
14477.7314	-1
14482.6973	-1
14487.6631	-1
14492.6289	-1
14497.5947	-1
14502.5605	-1
14507.5264	-1
14512.4922	-1
14517.4580	-1
14522.4238	-1
14527.4062	1
14532.3906	-1
14537.3750	1
14542.3594	1
14547.3447	-1
14552.3301	-1
14557.3154	-1
14562.3008	-1
14567.2861	-1
14572.2715	-1
14577.2568	-1
14582.2422	-1
14587.2275	-1
14592.2129	-1
14597.1982	-1
14602.1836	-1
14607.1699	1
14612.1562	1
14617.1426	1
14622.1289	1
14627.1162	-1
14632.1035	-1
14637.0908	-1
14642.0781	-1
14647.0654	-1
14652.0527	-1
14657.0400	-1
14662.0273	-1
14667.0146	-1
14672.0020	-1
14676.9893	-1
14681.9766	-1
14686.9648	-1
14691.9531	-1
14696.9414	-1
14701.9297	-1
14706.9180	-1
14711.9062	-1
14716.8945	-1
14721.8828	-1
14726.8711	-1
14731.8594	-1
14736.8477	-1
14741.8359	-1
14746.8242	1
14751.8125	1
14756.8018	1
14761.7910	1
14766.7803	1
14771.7695	1
14776.7588	1
14781.7480	1
14786.7373	-1
14791.7266	-1
14796.7158	-1
14801.7051	-1
14806.6943	-1
14811.6836	-1
14816.6729	-1
14821.6621	-1
14826.6514	-1
14831.6406	-1
14836.6299	-1
14841.6191	-1
14846.6094	1
14851.5996	1
14856.5898	1
14861.5801	1
14866.5723	-1
14871.5645	-1
14876.5566	-1
14881.5488	-1
14886.5410	-1
14891.5332	-1
14896.5254	-1
14901.5176	-1
14906.5098	-1
14911.5020	-1
14916.4941	-1
14921.4863	-1
14926.4785	-1
14931.4707	-1
14936.4629	-1
14941.4551	-1
14946.4473	-1
14951.4395	-1
14956.4316	-1
14961.4238	-1
14966.4160	-1
14971.4082	-1
14976.4004	-1
14981.3926	-1
14986.3848	-1
14991.3770	-1
14996.3691	-1
15001.3613	-1
15006.3535	-1
15011.3457	-1
15016.3379	-1
15021.3301	-1
15026.3223	-1
15031.3145	-1
15036.3066	-1
15041.2988	-1
15046.2920	-1
15051.2852	-1
15056.2783	-1
15061.2715	-1
15066.2646	-1
15071.2578	-1
15076.2510	-1
15081.2441	-1
15086.2373	-1
15091.2305	-1
15096.2236	-1
15101.2168	-1
15106.2100	-1
15111.2031	-1
15116.1963	-1
15121.1895	-1
15126.1826	-1
15131.1758	-1
15136.1699	-1
15141.1641	-1
15146.1582	-1
15151.1523	-1
15156.1465	-1
15161.1406	-1
15166.1348	1
15171.1289	1
15176.1230	1
15181.1172	1
15186.1113	1
15191.1055	1
15196.0996	1
15201.0938	1
15206.0879	1
15211.0830	1
15216.0781	1
15221.0732	1
15226.0684	1
15231.0635	1
15236.0586	1
15241.0537	1
15246.0488	1
15251.0439	1
15256.0391	1
15261.0342	1
15266.0322	-1
15271.0303	-1
15276.0283	-1
15281.0264	-1
15286.0244	-1
15291.0225	-1
15296.0205	-1
15301.0186	-1
15306.0166	-1
15311.0146	-1
15316.0127	-1
15321.0107	-1
15326.0098	-1
15331.0088	-1
15336.0078	-1
15341.0068	-1
15346.0059	-1
15351.0049	-1
15356.0039	-1
15361.0029	-1
15366.0020	-1
15371.0010	-1
15376.0000	-1
15380.9990	-1
15385.9980	-1
15390.9971	-1
15395.9961	-1
15400.9951	-1
15405.9941	-1
15410.9932	-1
15415.9922	-1
15420.9912	-1
15425.9902	-1
15430.9893	-1
15435.9883	-1
15440.9873	-1
15445.9873	-1
15450.9873	-1
15455.9873	-1
15460.9873	-1
15465.9873	-1
15470.9873	-1
15475.9873	-1
15480.9873	-1
15485.9873	-1
15490.9873	-1
15495.9873	-1
15500.9873	-1
15505.9883	1
15510.9893	1
15515.9902	1
15520.9912	1
15525.9922	-1
15530.9932	-1
15535.9941	-1
15540.9951	-1
15545.9961	-1
15550.9971	-1
15555.9980	1
15561.0000	-1
15566.0020	-1
15571.0039	-1
15576.0059	-1
15581.0078	-1
15586.0098	-1
15591.0117	1
15596.0137	1
15601.0156	1
15606.0176	-1
15611.0195	-1
15616.0215	-1
15621.0234	-1
15626.0254	-1
15631.0273	-1
15636.0293	1
15641.0312	1
15646.0332	1
15651.0352	1
15656.0371	-1
15661.0391	-1
15666.0410	-1
15671.0430	-1
15676.0449	-1
15681.0469	-1
15686.0488	-1
15691.0508	-1
15696.0527	-1
15701.0547	-1
15706.0566	-1
15711.0586	-1
15716.0605	-1
15721.0625	-1
15726.0645	-1
15731.0664	-1
15736.0684	-1
15741.0703	-1
15746.0732	-1
15751.0762	-1
15756.0791	-1
15761.0820	-1
15766.0850	-1
15771.0879	-1
15776.0908	-1
15781.0938	-1
15786.0967	-1
15791.0996	-1
15796.1025	-1
15801.1055	-1
15806.1084	1
15811.1113	1
15816.1152	1
15821.1191	1
15826.1230	1
15831.1270	1
15836.1309	-1
15841.1348	-1
15846.1387	-1
15851.1426	-1
15856.1465	-1
15861.1504	-1
15866.1553	-1
15871.1602	-1
15876.1650	-1
15881.1699	-1
15886.1748	-1
15891.1797	-1
15896.1846	-1
15901.1895	-1
15906.1943	-1
15911.1992	-1
15916.2041	-1
15921.2090	-1
15926.2139	-1
15931.2188	-1
15936.2236	-1
15941.2285	-1
15946.2334	-1
15951.2383	-1
15956.2471	-1
15961.2559	-1
15966.2646	-1
15971.2734	-1
15976.2822	-1
15981.2910	-1
15986.2998	-1
15991.3096	-1
15996.3193	-1
16001.3291	-1
16006.3389	-1
16011.3486	-1
16016.3584	-1
16021.3682	-1
16026.3779	-1
16031.3877	-1
16036.3975	-1
16041.4072	-1
16046.4170	-1
16051.4268	-1
16056.4365	-1
16061.4463	-1
16066.4561	-1
16071.4658	-1
16076.4756	-1
16081.4854	-1
16086.4951	-1
16091.5049	-1
16096.5146	-1
16101.5244	-1
16106.5342	-1
16111.5449	-1
16116.5557	-1
16121.5664	-1
16126.5771	-1
16131.5879	-1
16136.5986	-1
16141.6094	-1
16146.6201	-1
16151.6309	-1
16156.6416	-1
16161.6523	-1
16166.6631	-1
16171.6738	-1
16176.6846	-1
16181.6953	-1
16186.7061	-1
16191.7168	-1
16196.7275	-1
16201.7383	-1
16206.7490	-1
16211.7598	-1
16216.7705	-1
16221.7812	-1
16226.7920	-1
16231.8027	-1
16236.8135	-1
16241.8242	-1
16246.8350	-1
16251.8457	-1
16256.8574	-1
16261.8691	-1
16266.8809	-1
16271.8926	-1
16276.9043	-1
16281.9160	-1
16286.9277	-1
16291.9395	-1
16296.9512	-1
16301.9629	-1
16306.9746	-1
16311.9863	-1
16316.9980	-1
16322.0098	-1
16327.0215	-1
16332.0332	-1
16337.0449	-1
16342.0566	-1
16347.0684	-1
16352.0801	-1
16357.0918	-1
16362.1035	-1
16367.1152	-1
16372.1270	-1
16377.1387	-1
16382.1504	-1
16387.1621	-1
16392.1738	-1
16397.1855	-1
16402.1973	-1
16407.2090	-1
16412.2207	-1
16417.2324	-1
16422.2441	-1
16427.2559	-1
16432.2676	-1
16437.2793	-1
16442.2910	-1
16447.3027	-1
16452.3145	-1
16457.3262	-1
16462.3379	-1
16467.3496	-1
16472.3613	-1
16477.3730	-1
16482.4023	1
16487.4336	-1
16492.4668	1
16497.5000	1
16502.5332	-1
16507.5664	-1
16512.5996	-1
16517.6328	-1
16522.6660	-1
16527.6992	-1
16532.7344	-1
16537.7695	-1
16542.8047	-1
16547.8398	-1
16552.8750	-1
16557.9102	-1
16562.9453	1
16567.9805	1
16573.0156	1
16578.0508	1
16583.0879	-1
16588.1250	-1
16593.1621	-1
16598.1992	-1
16603.2363	-1
16608.2734	-1
16613.3105	-1
16618.3477	-1
16623.3848	-1
16628.4219	-1
16633.4590	-1
16638.4961	-1
16643.5332	-1
16648.5703	-1
16653.6074	-1
16658.6445	-1
16663.6816	-1
16668.7188	-1
16673.7559	-1
16678.7930	-1
16683.8301	-1
16688.8672	-1
16693.9043	-1
16698.9414	-1
16703.9785	1
16709.0156	1
16714.0527	1
16719.0898	1
16724.1289	1
16729.1680	1
16734.2070	1
16739.2461	1
16744.2871	-1
16749.3281	-1
16754.3691	-1
16759.4102	-1
16764.4512	-1
16769.4922	-1
16774.5332	-1
16779.5742	-1
16784.6152	-1
16789.6562	-1
16794.6973	-1
16799.7383	-1
16804.7793	-1
16809.8203	-1
16814.8613	-1
16819.9023	-1
16824.9434	-1
16829.9844	-1
16835.0254	-1
16840.0664	-1
16845.1074	-1
16850.1484	-1
16855.1895	-1
16860.2305	-1
16865.2715	-1
16870.3125	-1
16875.3535	-1
16880.3945	-1
16885.4355	-1
16890.4766	-1
16895.5195	1
16900.5625	1
16905.6055	1
16910.6484	1
16915.6914	-1
16920.7344	-1
16925.7773	-1
16930.8203	-1
16935.8633	-1
16940.9062	-1
16945.9492	1
16950.9922	1
16956.0352	1
16961.0781	-1
16966.1211	-1
16971.1641	-1
16976.2070	-1
16981.2500	-1
16986.2930	-1
16991.3359	1
16996.3789	1
17001.4219	1
17006.4648	-1
17011.5078	-1
17016.5508	-1
17021.5938	-1
17026.6367	-1
17031.6797	-1
17036.7246	1
17041.7695	1
17046.8145	1
17051.8594	1
17056.9043	1
17061.9492	1
17066.9961	-1
17072.0430	-1
17077.0898	-1
17082.1367	-1
17087.1836	-1
17092.2305	-1
17097.2773	1
17102.3242	1
17107.3750	-1
17112.4258	-1
17117.4766	-1
17122.5273	-1
17127.5781	-1
17132.6289	-1
17137.6797	-1
17142.7305	-1
17147.7812	-1
17152.8320	-1
17157.8828	-1
17162.9336	-1
17167.9844	-1
17173.0352	-1
17178.0859	-1
17183.1367	-1
17188.1875	-1
17193.2402	-1
17198.2930	-1
17203.3457	-1
17208.3984	-1
17213.4512	-1
17218.5039	-1
17223.5566	-1
17228.6094	-1
17233.6621	-1
17238.7148	-1
17243.7676	-1
17248.8203	-1
17253.8730	-1
17258.9258	-1
17263.9785	-1
17269.0312	-1
17274.0840	-1
17279.1367	-1
17284.1895	-1
17289.2422	-1
17294.2949	-1
17299.3477	-1
17304.4004	-1
17309.4531	-1
17314.5059	-1
17319.5586	-1
17324.6113	-1
17329.6641	-1
17334.7168	-1
17339.7695	-1
17344.8223	-1
17349.8750	-1
17354.9277	-1
17359.9805	-1
17365.0332	-1
17370.0859	-1
17375.1387	-1
17380.1934	-1
17385.2480	-1
17390.3027	-1
17395.3574	-1
17400.4121	-1
17405.4668	-1
17410.5215	1
17415.5762	1
17420.6309	1
17425.6855	1
17430.7402	-1
17435.7949	-1
17440.8496	-1
17445.9043	-1
17450.9590	-1
17456.0137	-1
17461.0684	1
17466.1230	1
17471.1777	1
17476.2324	1
17481.2871	-1
17486.3418	-1
17491.3965	-1
17496.4512	-1
17501.5059	-1
17506.5605	-1
17511.6152	1
17516.6699	1
17521.7246	1
17526.7793	1
17531.8340	1
17536.8887	1
17541.9434	1
17546.9980	-1
17552.0527	-1
17557.1074	-1
17562.1621	-1
17567.2168	-1
17572.2715	-1
17577.3262	1
17582.3809	1
17587.4355	1
17592.4922	-1
17597.5488	-1
17602.6055	-1
17607.6621	-1
17612.7188	-1
17617.7754	-1
17622.8320	-1
17627.8887	-1
17632.9453	-1
17638.0020	-1
17643.0586	-1
17648.1152	-1
17653.1719	-1
17658.2285	-1
17663.2852	-1
17668.3418	-1
17673.3984	-1
17678.4551	-1
17683.5117	-1
17688.5684	-1
17693.6250	-1
17698.6816	-1
17703.7383	-1
17708.7949	-1
17713.8555	1
17718.9160	1
17723.9766	1
17729.0371	1
17734.0977	1
17739.1582	1
17744.2188	1
17749.2793	1
17754.3398	1
17759.4004	1
17764.4609	1
17769.5215	1
17774.5840	1
17779.6465	-1
17784.7090	-1
17789.7715	-1
17794.8340	-1
17799.8965	-1
17804.9590	-1
17810.0215	-1
17815.0840	-1
17820.1465	-1
17825.2090	-1
17830.2715	-1
17835.3340	-1
17840.3965	-1
17845.4590	-1
17850.5215	-1
17855.5840	-1
17860.6465	-1
17865.7090	-1
17870.7734	1
17875.8379	1
17880.9023	1
17885.9688	-1
17891.0352	-1
17896.1016	-1
17901.1680	-1
17906.2344	-1
17911.3008	-1
17916.3672	-1
17921.4336	-1
17926.5000	-1
17931.5664	-1
17936.6328	-1
17941.6992	-1
17946.7656	-1
17951.8320	-1
17956.8984	-1
17961.9648	-1
17967.0312	-1
17972.0977	-1
17977.1641	-1
17982.2305	-1
17987.2969	-1
17992.3633	-1
17997.4297	-1
18002.4961	-1
18007.5645	-1
18012.6328	-1
18017.7012	-1
18022.7695	-1
18027.8379	-1
18032.9062	-1
18037.9746	1
18043.0430	1
18048.1113	1
18053.1797	1
18058.2480	1
18063.3203	-1
18068.3926	-1
18073.4648	-1
18078.5371	-1
18083.6094	-1
18088.6816	-1
18093.7539	-1
18098.8262	-1
18103.8984	-1
18108.9707	-1
18114.0430	-1
18119.1152	-1
18124.1875	-1
18129.2598	-1
18134.3320	-1
18139.4043	-1
18144.4766	-1
18149.5488	-1
18154.6211	-1
18159.6934	-1
18164.7656	-1
18169.8379	-1
18174.9102	-1
18179.9824	-1
18185.0547	-1
18190.1270	-1
18195.1992	-1
18200.2715	-1
18205.3438	-1
18210.4160	-1
18215.4883	-1
18220.5605	-1
18225.6328	-1
18230.7051	-1
18235.7773	-1
18240.8496	-1
18245.9238	-1
18250.9980	-1
18256.0723	-1
18261.1465	-1
18266.2207	-1
18271.2949	-1
18276.3691	-1
18281.4434	-1
18286.5176	-1
18291.5918	-1
18296.6660	-1
18301.7402	-1
18306.8145	-1
18311.8887	-1
18316.9629	-1
18322.0371	-1
18327.1113	-1
18332.1855	-1
18337.2637	-1
18342.3418	-1
18347.4199	-1
18352.4980	-1
18357.5762	-1
18362.6543	-1
18367.7324	-1
18372.8105	-1
18377.8887	-1
18382.9668	-1
18388.0449	-1
18393.1230	-1
18398.2012	-1
18403.2793	-1
18408.3574	-1
18413.4355	-1
18418.5137	-1
18423.5918	-1
18428.6699	-1
18433.7480	-1
18438.8262	-1
18443.9043	-1
18448.9824	-1
18454.0605	-1
18459.1426	-1
18464.2246	-1
18469.3066	-1
18474.3887	-1
18479.4707	-1
18484.5527	-1
18489.6348	-1
18494.7168	-1
18499.7988	-1
18504.8809	-1
18509.9629	-1
18515.0449	-1
18520.1270	-1
18525.2090	-1
18530.2910	-1
18535.3730	-1
18540.4551	-1
18545.5371	-1
18550.6191	-1
18555.7012	-1
18560.7832	-1
18565.8652	-1
18570.9473	-1
18576.0293	-1
18581.1113	-1
18586.1934	-1
18591.2754	-1
18596.3574	-1
18601.4395	-1
18606.5215	-1
18611.6035	-1
18616.6855	-1
18621.7676	-1
18626.8496	-1
18631.9316	-1
18637.0137	-1
18642.0977	-1
18647.1816	-1
18652.2656	-1
18657.3496	-1
18662.4336	-1
18667.5176	-1
18672.6016	-1
18677.6855	-1
18682.7695	-1
18687.8535	-1
18692.9375	-1
18698.0215	-1
18703.1055	-1
18708.1895	-1
18713.2734	-1
18718.3574	-1
18723.4414	-1
18728.5254	-1
18733.6094	-1
18738.6934	-1
18743.7773	-1
18748.8613	-1
18753.9453	-1
18759.0293	-1
18764.1133	-1
18769.1973	-1
18774.2812	-1
18779.3652	-1
18784.4492	-1
18789.5332	-1
18794.6191	-1
18799.7051	-1
18804.7910	-1
18809.8770	-1
18814.9629	-1
18820.0488	-1
18825.1348	-1
18830.2207	-1
18835.3066	-1
18840.3926	-1
18845.4785	-1
18850.5645	-1
18855.6504	-1
18860.7363	-1
18865.8223	-1
18870.9082	-1
18875.9941	-1
18881.0801	-1
18886.1680	-1
18891.2559	-1
18896.3438	-1
18901.4316	-1
18906.5195	-1
18911.6074	-1
18916.6953	-1
18921.7832	-1
18926.8711	-1
18931.9590	-1
18937.0469	-1
18942.1348	-1
18947.2227	-1
18952.3105	-1
18957.3984	-1
18962.4863	-1
18967.5742	-1
18972.6621	-1
18977.7500	-1
18982.8516	1
18987.9551	-1
18993.0586	1
18998.1621	1
19003.2656	-1
19008.3691	-1
19013.4727	-1
19018.5762	-1
19023.6797	-1
19028.7832	-1
19033.8867	-1
19038.9902	-1
19044.0938	-1
19049.1973	-1
19054.3008	-1
19059.4043	-1
19064.5098	1
19069.6152	1
19074.7207	1
19079.8262	1
19084.9316	-1
19090.0371	-1
19095.1426	-1
19100.2480	-1
19105.3535	-1
19110.4590	-1
19115.5645	-1
19120.6699	-1
19125.7754	-1
19130.8809	-1
19135.9863	-1
19141.0918	-1
19146.1973	-1
19151.3027	-1
19156.4082	-1
19161.5137	-1
19166.6191	-1
19171.7246	-1
19176.8301	-1
19181.9355	-1
19187.0410	-1
19192.1465	-1
19197.2520	-1
19202.3750	1
19207.5000	-1
19212.6250	1
19217.7500	1
19222.8770	-1
19228.0039	-1
19233.1309	-1
19238.2578	-1
19243.3848	-1
19248.5117	-1
19253.6387	-1
19258.7656	-1
19263.8926	-1
19269.0195	-1
19274.1465	-1
19279.2734	-1
19284.4004	1
19289.5273	1
19294.6543	1
19299.7812	1
19304.9102	-1
19310.0391	-1
19315.1680	-1
19320.2969	-1
19325.4258	-1
19330.5547	-1
19335.6836	-1
19340.8125	-1
19345.9414	-1
19351.0703	-1
19356.1992	-1
19361.3281	-1
19366.4570	-1
19371.5879	-1
19376.7188	-1
19381.8496	-1
19386.9805	-1
19392.1113	-1
19397.2422	-1
19402.3730	-1
19407.5039	-1
19412.6348	-1
19417.7656	-1
19422.8965	-1
19428.0273	1
19433.1582	1
19438.2891	1
19443.4199	1
19448.5508	1
19453.6816	1
19458.8125	1
19463.9434	1
19469.0762	-1
19474.2090	-1
19479.3418	-1
19484.4746	-1
19489.6074	-1
19494.7402	-1
19499.8750	-1
19505.0098	-1
19510.1445	-1
19515.2793	-1
19520.4141	-1
19525.5488	-1
19530.6836	-1
19535.8184	-1
19540.9531	-1
19546.0879	-1
19551.2227	-1
19556.3574	-1
19561.4922	-1
19566.6270	-1
19571.7617	-1
19576.8965	-1
19582.0312	-1
19587.1660	-1
19592.3008	-1
19597.4355	-1
19602.5703	-1
19607.7051	-1
19612.8398	-1
19617.9746	-1
19623.1113	-1
19628.2480	-1
19633.3848	-1
19638.5215	-1
19643.6582	-1
19648.7949	-1
19653.9316	-1
19659.0684	-1
19664.2051	-1
19669.3418	-1
19674.4785	-1
19679.6152	-1
19684.7520	-1
19689.8887	-1
19695.0254	-1
19700.1758	1
19705.3281	-1
19710.4805	1
19715.6328	1
19720.7871	-1
19725.9414	-1
19731.0957	-1
19736.2500	-1
19741.4043	-1
19746.5586	-1
19751.7129	-1
19756.8672	-1
19762.0215	-1
19767.1758	-1
19772.3301	-1
19777.4844	-1
19782.6387	1
19787.7930	1
19792.9473	1
19798.1016	1
19803.2559	-1
19808.4102	-1
19813.5645	-1
19818.7188	-1
19823.8730	-1
19829.0273	-1
19834.1836	-1
19839.3398	-1
19844.4961	-1
19849.6523	-1
19854.8086	-1
19859.9648	-1
19865.1211	-1
19870.2773	-1
19875.4336	-1
19880.5898	-1
19885.7461	-1
19890.9023	-1
19896.0586	-1
19901.2148	-1
19906.3711	-1
19911.5273	-1
19916.6836	-1
19921.8398	-1
19926.9961	1
19932.1523	1
19937.3086	1
19942.4648	1
19947.6211	1
19952.7773	1
19957.9336	1
19963.0898	1
19968.2480	-1
19973.4062	-1
19978.5645	-1
19983.7227	-1
19988.8809	-1
19994.0391	-1
19999.1973	-1
20004.3555	-1
20009.5137	-1
20014.6719	-1
20019.8301	-1
20024.9883	-1
20030.1465	-1
20035.3047	-1
20040.4629	-1
20045.6211	-1
20050.7793	-1
20055.9375	-1
20061.0957	-1
20066.2539	-1
20071.4121	-1
20076.5703	-1
20081.7285	-1
20086.8867	-1
20092.0449	-1
20097.2031	-1
20102.3613	-1
20107.5195	-1
20112.6777	-1
20117.8359	-1
20122.9941	-1
20128.1523	-1
20133.3105	-1
20138.4688	-1
20143.6270	-1
20148.7852	-1
20153.9453	-1
20159.1055	-1
20164.2656	-1
20169.4258	-1
20174.5859	-1
20179.7461	-1
20184.9062	-1
20190.0664	-1
20195.2266	-1
20200.3867	-1
20205.5469	-1
20210.7070	-1
20215.8672	1
20221.0273	1
20226.1875	1
20231.3477	1
20236.5078	1
20241.6680	1
20246.8281	1
20251.9883	1
20257.1504	-1
20262.3125	-1
20267.4746	-1
20272.6367	-1
20277.7988	-1
20282.9609	-1
20288.1230	1
20293.2852	1
20298.4473	1
20303.6094	1
20308.7715	1
20313.9336	1
20319.0957	-1
20324.2578	-1
20329.4199	-1
20334.5820	-1
20339.7441	-1
20344.9062	-1
20350.0684	1
20355.2305	1
20360.3926	-1
20365.5547	-1
20370.7168	-1
20375.8789	-1
20381.0410	-1
20386.2031	-1
20391.3672	-1
20396.5312	-1
20401.6953	-1
20406.8594	-1
20412.0234	-1
20417.1875	-1
20422.3516	-1
20427.5156	-1
20432.6797	-1
20437.8438	-1
20443.0078	-1
20448.1719	-1
20453.3359	-1
20458.5000	-1
20463.6641	-1
20468.8281	-1
20473.9922	-1
20479.1562	-1
20484.3203	-1
20489.4844	-1
20494.6484	-1
20499.8125	-1
20504.9766	-1
20510.1406	-1
20515.3047	-1
20520.4688	-1
20525.6328	-1
20530.7969	-1
20535.9609	-1
20541.1250	-1
20546.2910	1
20551.4570	1
20556.6230	1
20561.7891	1
20566.9551	1
20572.1211	1
20577.2871	1
20582.4531	1
20587.6191	1
20592.7852	1
20597.9512	1
20603.1172	1
20608.2832	1
20613.4492	1
20618.6152	1
20623.7812	1
20628.9492	-1
20634.1172	-1
20639.2852	-1
20644.4531	-1
20649.6211	-1
20654.7891	-1
20659.9570	-1
20665.1250	-1
20670.2930	-1
20675.4609	-1
20680.6289	-1
20685.7969	-1
20690.9648	-1
20696.1328	-1
20701.3008	-1
20706.4688	-1
20711.6367	-1
20716.8047	-1
20721.9727	-1
20727.1406	-1
20732.3086	-1
20737.4766	-1
20742.6445	-1
20747.8125	-1
20752.9805	1
20758.1484	1
20763.3164	1
20768.4844	1
20773.6543	1
20778.8242	1
20783.9941	-1
20789.1641	1
20794.3340	-1
20799.5039	-1
20804.6738	-1
20809.8438	-1
20815.0137	-1
20820.1836	1
20825.3535	1
20830.5234	1
20835.6934	-1
20840.8633	-1
20846.0332	-1
20851.2031	-1
20856.3730	-1
20861.5430	-1
20866.7148	-1
20871.8867	-1
20877.0586	-1
20882.2305	-1
20887.4023	-1
20892.5742	-1
20897.7461	-1
20902.9180	-1
20908.0898	-1
20913.2617	-1
20918.4336	-1
20923.6055	-1
20928.7773	-1
20933.9492	-1
20939.1211	-1
20944.2930	-1
20949.4648	-1
20954.6367	-1
20959.8086	-1
20964.9805	-1
20970.1523	-1
20975.3242	-1
20980.4961	-1
20985.6680	-1
20990.8398	-1
20996.0117	-1
21001.1836	-1
21006.3555	-1
21011.5273	-1
21016.6992	-1
21021.8711	-1
21027.0430	-1
21032.2148	-1
21037.3867	-1
21042.5586	-1
21047.7305	-1
21052.9043	1
21058.0781	1
21063.2520	1
21068.4258	1
21073.5996	1
21078.7734	1
21083.9473	1
21089.1211	-1
21094.2949	-1
21099.4688	-1
21104.6426	-1
21109.8164	-1
21114.9902	-1
21120.1641	1
21125.3379	1
21130.5117	1
21135.6855	1
21140.8594	1
21146.0332	1
21151.2070	-1
21156.3809	-1
21161.5547	-1
21166.7285	-1
21171.9023	-1
21177.0762	-1
21182.2500	1
21187.4238	-1
21192.5977	-1
21197.7715	-1
21202.9453	-1
21208.1191	-1
21213.2930	-1
21218.4688	1
21223.6445	1
21228.8203	1
21233.9961	1
21239.1719	1
21244.3477	1
21249.5234	-1
21254.6992	-1
21259.8750	-1
21265.0508	-1
21270.2266	-1
21275.4023	-1
21280.5781	-1
21285.7539	-1
21290.9297	-1
21296.1055	-1
21301.2812	-1
21306.4570	-1
21311.6328	-1
21316.8086	-1
21321.9844	-1
21327.1602	-1
21332.3359	-1
21337.5117	-1
21342.6895	-1
21347.8672	-1
21353.0449	-1
21358.2227	-1
21363.4004	-1
21368.5781	-1
21373.7559	-1
21378.9336	-1
21384.1113	-1
21389.2891	-1
21394.4668	-1
21399.6445	-1
21404.8262	1
21410.0078	-1
21415.1895	-1
21420.3711	-1
21425.5527	-1
21430.7344	-1
21435.9160	-1
21441.0996	-1
21446.2832	-1
21451.4668	-1
21456.6504	-1
21461.8340	-1
21467.0176	-1
21472.2012	-1
21477.3848	-1
21482.5684	-1
21487.7520	-1
21492.9355	-1
21498.1191	-1
21503.3027	-1
21508.4863	-1
21513.6699	-1
21518.8535	-1
21524.0371	-1
21529.2207	-1
21534.4043	-1
21539.5879	-1
21544.7715	-1
21549.9551	-1
21555.1387	-1
21560.3223	-1
21565.5059	-1
21570.6895	-1
21575.8730	-1
21581.0566	-1
21586.2402	-1
21591.4238	-1
21596.6094	-1
21601.7949	-1
21606.9805	-1
21612.1660	-1
21617.3516	-1
21622.5371	-1
21627.7227	-1
21632.9082	-1
21638.0938	-1
21643.2793	-1
21648.4648	-1
21653.6504	-1
21658.8359	-1
21664.0215	-1
21669.2070	-1
21674.3926	-1
21679.5781	-1
21684.7637	-1
21689.9492	-1
21695.1348	-1
21700.3203	-1
21705.5059	-1
21710.6914	-1
21715.8770	-1
21721.0645	-1
21726.2520	-1
21731.4395	-1
21736.6270	-1
21741.8145	-1
21747.0020	-1
21752.1895	-1
21757.3770	-1
21762.5645	-1
21767.7520	-1
21772.9395	-1
21778.1270	-1
21783.3145	-1
21788.5020	-1
21793.6895	-1
21798.8770	-1
21804.0645	-1
21809.2520	-1
21814.4395	-1
21819.6270	-1
21824.8145	-1
21830.0020	-1
21835.1895	-1
21840.3770	-1
21845.5645	-1
21850.7520	-1
21855.9395	-1
21861.1270	-1
21866.3145	-1
21871.5020	-1
21876.6895	-1
21881.8770	-1
21887.0645	-1
21892.2520	-1
21897.4395	-1
21902.6270	-1
21907.8184	-1
21913.0098	-1
21918.2012	-1
21923.3926	-1
21928.5840	-1
21933.7754	-1
21938.9668	-1
21944.1582	-1
21949.3496	-1
21954.5410	-1
21959.7324	-1
21964.9238	-1
21970.1152	-1
21975.3066	-1
21980.4980	-1
21985.6895	-1
21990.8809	-1
21996.0723	-1
22001.2637	-1
22006.4551	-1
22011.6465	-1
22016.8379	-1
22022.0293	-1
22027.2207	-1
22032.4121	-1
22037.6035	-1
22042.7949	-1
22047.9863	-1
22053.1777	-1
22058.3691	-1
22063.5605	-1
22068.7520	-1
22073.9434	-1
22079.1348	-1
22084.3262	-1
22089.5176	-1
22094.7090	-1
22099.9004	-1
22105.0918	-1
22110.2832	-1
22115.4746	-1
22120.6660	-1
22125.8574	-1
22131.0488	-1
22136.2402	-1
22141.4316	-1
22146.6230	-1
22151.8145	-1
22157.0059	-1
22162.1973	-1
22167.3887	-1
22172.5801	-1
22177.7715	-1
22182.9629	-1
22188.1543	-1
22193.3457	-1
22198.5371	-1
22203.7285	-1
22208.9199	-1
22214.1113	-1
22219.3047	-1
22224.4980	-1
22229.6914	-1
22234.8848	-1
22240.0781	-1
22245.2715	-1
22250.4648	-1
22255.6582	-1
22260.8516	-1
22266.0449	-1
22271.2383	-1
22276.4316	-1
22281.6250	-1
22286.8184	-1
22292.0117	-1
22297.2051	-1
22302.3984	-1
22307.5918	-1
22312.9688	1
22318.3457	1
22323.7227	1
22329.0996	1
22334.4766	1
22339.8535	1
22345.2324	-1
22350.6113	-1
22355.9902	-1
22361.3691	-1
22366.7480	-1
22372.1270	-1
22377.5059	-1
22382.8848	-1
22388.2637	-1
22393.6426	-1
22399.0215	-1
22404.4004	-1
22409.7793	-1
22415.1582	-1
22420.5371	-1
22425.9160	-1
22431.2949	-1
22436.6738	-1
22442.0527	-1
22447.4316	-1
22452.8105	-1
22458.1895	-1
22463.5684	-1
22468.9473	-1
22474.3262	-1
22479.7051	-1
22485.0840	-1
22490.4629	-1
22495.8418	-1
22501.2207	-1
22506.5996	-1
22511.9785	-1
22517.3574	-1
22522.7363	-1
22528.1152	-1
22533.4941	-1
22538.8906	1
22544.2891	-1
22549.6875	1
22555.0859	1
22560.4863	-1
22565.8867	-1
22571.2871	-1
22576.6875	-1
22582.0879	-1
22587.4883	-1
22592.8887	-1
22598.2891	-1
22603.6895	-1
22609.0898	-1
22614.5039	1
22619.9199	-1
22625.3359	1
22630.7520	1
22636.1699	-1
22641.5879	-1
22647.0059	-1
22652.4238	-1
22657.8418	-1
22663.2598	-1
22668.6777	-1
22674.0957	-1
22679.5137	-1
22684.9316	-1
22690.3613	1
22695.7930	-1
22701.2246	1
22706.6562	1
22712.0898	-1
22717.5234	-1
22722.9570	-1
22728.3906	-1
22733.8242	-1
22739.2578	-1
22744.6914	-1
22750.1250	-1
22755.5586	-1
22760.9922	-1
22766.4258	-1
22771.8594	-1
22777.2930	1
22782.7266	1
22788.1602	1
22793.5938	1
22799.0293	-1
22804.4648	-1
22809.9004	-1
22815.3359	-1
22820.7715	-1
22826.2070	-1
22831.6426	-1
22837.0781	-1
22842.5137	-1
22847.9492	-1
22853.3848	-1
22858.8203	-1
22864.2559	-1
22869.6914	-1
22875.1270	-1
22880.5625	-1
22885.9980	-1
22891.4336	-1
22896.8711	1
22902.3086	-1
22907.7461	-1
22913.1836	-1
22918.6211	-1
22924.0586	-1
22929.4961	-1
22934.9336	1
22940.3711	1
22945.8086	1
22951.2461	1
22956.6836	1
22962.1211	-1
22967.5586	-1
22972.9961	-1
22978.4336	-1
22983.8711	-1
22989.3086	-1
22994.7461	1
23000.1836	1
23005.6230	1
23011.0625	1
23016.5020	-1
23021.9414	-1
23027.3809	-1
23032.8203	-1
23038.2598	-1
23043.6992	-1
23049.1387	-1
23054.5781	-1
23060.0176	-1
23065.4570	-1
23070.8965	-1
23076.3359	-1
23081.7754	1
23087.2148	1
23092.6562	1
23098.0977	1
23103.5391	-1
23108.9805	-1
23114.4219	-1
23119.8633	-1
23125.3047	-1
23130.7461	-1
23136.1875	-1
23141.6289	-1
23147.0703	-1
23152.5117	-1
23157.9531	-1
23163.3945	-1
23168.8359	-1
23174.2773	-1
23179.7188	-1
23185.1602	-1
23190.6016	-1
23196.0430	-1
23201.4863	-1
23206.9297	-1
23212.3730	-1
23217.8164	-1
23223.2598	-1
23228.7031	-1
23234.1465	-1
23239.5898	-1
23245.0332	-1
23250.4766	-1
23255.9199	-1
23261.3633	-1
23266.8066	-1
23272.2500	-1
23277.6934	-1
23283.1367	-1
23288.5801	-1
23294.0234	-1
23299.4668	-1
23304.9102	-1
23310.3535	-1
23315.7969	-1
23321.2402	-1
23326.6836	-1
23332.1289	-1
23337.5742	-1
23343.0195	-1
23348.4648	-1
23353.9102	-1
23359.3555	-1
23364.8008	-1
23370.2461	-1
23375.6914	-1
23381.1367	-1
23386.5820	-1
23392.0273	-1
23397.4727	-1
23402.9180	-1
23408.3633	-1
23413.8086	-1
23419.2539	-1
23424.6992	-1
23430.1445	-1
23435.5898	-1
23441.0508	1
23446.5137	-1
23451.9766	1
23457.4395	1
23462.9043	-1
23468.3691	-1
23473.8340	-1
23479.3105	1
23484.7891	-1
23490.2676	1
23495.7461	1
23501.2266	-1
23506.7070	-1
23512.1875	-1
23517.6680	-1
23523.1484	-1
23528.6289	-1
23534.1094	-1
23539.5898	-1
23545.0703	-1
23550.5508	-1
23556.0312	-1
23561.5117	-1
23566.9922	1
23572.4727	1
23577.9531	1
23583.4336	1
23588.9141	-1
23594.3945	-1
23599.8750	-1
23605.3555	-1
23610.8359	-1
23616.3164	-1
23621.7988	-1
23627.2812	-1
23632.7637	-1
23638.2461	-1
23643.7285	-1
23649.2109	-1
23654.6934	-1
23660.1758	-1
23665.6582	-1
23671.1406	-1
23676.6230	-1
23682.1055	-1
23687.5879	-1
23693.0703	-1
23698.5527	-1
23704.0352	-1
23709.5176	-1
23715.0117	1
23720.5078	-1
23726.0039	1
23731.5000	1
23736.9961	-1
23742.4922	-1
23747.9883	-1
23753.4844	-1
23758.9941	1
23764.5059	-1
23770.0176	1
23775.5293	1
23781.0430	-1
23786.5566	-1
23792.0703	-1
23797.5840	-1
23803.0977	-1
23808.6113	-1
23814.1250	-1
23819.6387	-1
23825.1523	-1
23830.6660	-1
23836.1797	-1
23841.6934	-1
23847.2070	1
23852.7207	1
23858.2344	1
23863.7480	1
23869.2637	-1
23874.7793	-1
23880.2949	-1
23885.8105	-1
23891.3262	-1
23896.8418	-1
23902.3574	-1
23907.8730	-1
23913.3887	-1
23918.9043	-1
23924.4199	-1
23929.9355	-1
23935.4512	-1
23940.9668	-1
23946.4824	-1
23951.9980	-1
23957.5137	-1
23963.0293	-1
23968.5449	-1
23974.0605	-1
23979.5762	-1
23985.0918	-1
23990.6074	-1
23996.1230	-1
24001.6387	1
24007.1562	1
24012.6738	1
24018.1914	-1
24023.7090	-1
24029.2266	-1
24034.7441	-1
24040.2617	-1
24045.7793	-1
24051.2969	-1
24056.8145	-1
24062.3320	-1
24067.8496	-1
24073.3672	-1
24078.8848	-1
24084.4023	-1
24089.9375	1
24095.4746	-1
24101.0117	1
24106.5488	1
24112.0859	-1
24117.6230	-1
24123.1602	-1
24128.6973	-1
24134.2344	-1
24139.7715	-1
24145.3086	-1
24150.8457	-1
24156.3828	-1
24161.9199	-1
24167.4570	-1
24172.9941	-1
24178.5332	1
24184.0723	1
24189.6113	1
24195.1504	1
24200.6895	-1
24206.2285	-1
24211.7676	-1
24217.3066	-1
24222.8457	-1
24228.3848	-1
24233.9258	-1
24239.4668	-1
24245.0078	-1
24250.5488	-1
24256.0898	-1
24261.6309	-1
24267.1719	-1
24272.7129	-1
24278.2539	-1
24283.7949	-1
24289.3359	-1
24294.8770	-1
24300.4180	-1
24305.9746	1
24311.5312	-1
24317.0898	1
24322.6484	1
24328.2070	-1
24333.7656	-1
24341.7363	-1
24349.7090	1
