0.0000	0
0.4317	-1
0.6398	2
0.8494	-2
0.9425	-2
1.0194	-2
1.1450	-2
1.1453	-2
1.2301	-2
1.2882	-2
1.4336	-2
1.4515	-2
1.4997	-2
1.5065	-2
1.5289	-2
1.5357	-2
1.6214	-2
1.6296	-2
1.7101	-2
1.7316	-2
1.7552	-2
1.7716	-2
1.7761	-2
1.9845	-2
1.9934	-2
2.1074	-2
2.2884	-2
2.2891	-2
2.3064	-2
2.3205	-2
2.4049	-2
2.4649	-2
2.5506	-2
2.5991	-2
2.7176	-2
2.7281	-2
2.8105	-2
2.8193	-2
2.8621	-2
2.8912	-2
2.9653	-2
3.2197	-2
3.2264	-2
3.2376	-2
3.2497	-2
3.3534	-2
3.3717	-2
3.5041	-2
3.5268	-2
3.5971	-2
3.6653	-2
3.7685	-2
3.8637	-2
3.8656	-2
3.9490	-2
3.9793	-2
3.9812	2
4.0921	-2
4.2206	2
4.3742	-2
4.3891	-2
4.4443	-2
4.4696	-2
4.4907	-2
4.5493	-1
4.6269	-2
4.6455	-2
4.6686	-2
4.7228	-2
4.7708	-2
4.9439	-2
5.0168	-2
5.0930	-2
5.1652	-2
5.3244	-2
5.3728	-2
5.5589	-2
5.6603	-2
6.1596	-2
6.4901	-2
6.6736	-2
7.2272	-2
7.3507	-2
7.3823	-2
7.7927	-2
7.9917	-2
8.5290	-2
8.6675	1
11.7391	-2
16.1695	1
23.6730	-1
31.1769	1
38.6808	1
46.1859	-1
53.6911	-1
61.1963	-1
68.7014	-1
76.2066	-1
83.7118	-1
91.2171	-1
98.7224	-1
106.2276	-1
113.7329	-1
121.2382	-1
128.7435	-1
136.2491	1
143.7549	1
151.2607	1
158.7665	1
166.2737	-1
173.7810	-1
181.2883	-1
188.7955	-1
196.3028	-1
203.8101	-1
211.3177	-1
218.8254	-1
226.3331	-1
233.8407	-1
241.3484	-1
248.8561	-1
256.3640	1
263.8720	1
271.3800	1
278.8880	1
286.3963	-1
293.9046	-1
301.4130	-1
308.9213	-1
316.4296	-1
323.9380	-1
331.4464	-1
338.9549	-1
346.4634	-1
353.9719	-1
361.4804	-1
368.9889	-1
376.4979	1
384.0072	1
391.5166	1
399.0260	1
406.5363	-1
414.0467	-1
421.5571	-1
429.0675	-1
436.5779	-1
444.0882	-1
451.5987	-1
459.1092	-1
466.6196	-1
474.1301	-1
481.6406	-1
489.1511	-1
496.6630	-1
504.1748	-1
511.6867	-1
519.1986	-1
526.7105	-1
534.2224	-1
541.7344	1
549.2464	1
556.7584	1
564.2704	1
571.7828	-1
579.2951	-1
586.8074	-1
594.3198	-1
601.8321	-1
609.3444	-1
616.8569	-1
624.3693	-1
631.8818	-1
639.3943	-1
646.9068	-1
654.4193	-1
661.9319	-1
669.4446	-1
676.9572	-1
684.4698	-1
691.9825	-1
699.4951	-1
707.0079	-1
714.5206	-1
722.0334	-1
729.5461	-1
737.0589	-1
744.5717	-1
752.0846	-1
759.5975	-1
767.1105	-1
774.6234	-1
782.1364	-1
789.6493	-1
797.1627	1
804.6761	1
812.1896	1
819.7038	-1
827.2180	-1
834.7322	-1
842.2465	-1
849.7607	-1
857.2749	-1
864.7902	-1
872.3055	-1
879.8209	-1
887.3362	-1
894.8515	-1
902.3668	-1
909.8826	-1
917.3984	-1
924.9142	-1
932.4301	-1
939.9459	-1
947.4617	-1
954.9781	-1
962.4946	-1
970.0111	-1
977.5276	-1
985.0441	-1
992.5605	-1
1000.0771	-1
1007.5938	-1
1015.1104	-1
1022.6270	-1
1030.1436	-1
1037.6602	-1
1045.1770	-1
1052.6938	-1
1060.2108	-1
1067.7278	-1
1075.2448	-1
1082.7617	-1
1090.2792	-1
1097.7966	-1
1105.3141	-1
1112.8315	-1
1120.3490	-1
1127.8773	1
1135.4067	-1
1142.9365	1
1150.4663	1
1157.9972	-1
1165.5281	-1
1173.0590	-1
1180.5898	-1
1188.1207	-1
1195.6516	-1
1203.1826	-1
1210.7136	-1
1218.2446	-1
1225.7756	-1
1233.3066	-1
1240.8376	-1
1248.3689	1
1255.9003	1
1263.4316	1
1270.9630	1
1278.4956	-1
1286.0282	-1
1293.5608	-1
1301.0934	-1
1308.6260	-1
1316.1586	-1
1323.6915	-1
1331.2245	-1
1338.7574	-1
1346.2904	-1
1353.8234	-1
1361.3563	-1
1368.8896	1
1376.4231	1
1383.9565	-1
1391.4900	-1
1399.0234	-1
1406.5569	-1
1414.0903	-1
1421.6238	-1
1429.1573	1
1436.6909	1
1444.2245	-1
1451.7581	-1
1459.2916	-1
1466.8253	-1
1474.3590	-1
1481.8927	-1
1489.4268	1
1496.9608	1
1504.4950	1
1512.0292	1
1519.5652	-1
1527.1012	-1
1534.6372	-1
1542.1732	-1
1549.7092	-1
1557.2452	-1
1564.7817	-1
1572.3182	-1
1579.8547	-1
1587.3912	-1
1594.9277	-1
1602.4642	-1
1610.0009	-1
1617.5375	-1
1625.0741	-1
1632.6107	-1
1640.1473	-1
1647.6840	-1
1655.2207	-1
1662.7574	-1
1670.2942	-1
1677.8309	-1
1685.3677	-1
1692.9044	-1
1700.4421	1
1707.9800	-1
1715.5178	-1
1723.0557	-1
1730.5935	-1
1738.1313	-1
1745.6692	-1
1753.2073	-1
1760.7454	-1
1768.2834	-1
1775.8215	-1
1783.3596	-1
1790.8977	-1
1798.4360	-1
1805.9744	-1
1813.5127	-1
1821.0510	-1
1828.5894	-1
1836.1277	-1
1843.6661	-1
1851.2046	-1
1858.7430	-1
1866.2815	-1
1873.8199	-1
1881.3584	-1
1888.8976	-1
1896.4368	-1
1903.9760	-1
1911.5248	1
1919.0748	-1
1926.6251	1
1934.1755	1
1941.7269	-1
1949.2783	-1
1956.8297	-1
1964.3811	-1
1971.9325	-1
1979.4839	-1
1987.0354	-1
1994.5869	-1
2002.1384	-1
2009.6899	-1
2017.2415	-1
2024.7930	-1
2032.3447	1
2039.8966	1
2047.4485	1
2055.0005	1
2062.5542	-1
2070.1079	-1
2077.6616	-1
2085.2153	-1
2092.7690	-1
2100.3228	-1
2107.8767	-1
2115.4307	-1
2122.9846	-1
2130.5386	-1
2138.0925	-1
2145.6465	-1
2153.2004	-1
2160.7544	-1
2168.3083	-1
2175.8623	-1
2183.4163	-1
2190.9702	-1
2198.5244	-1
2206.0786	-1
2213.6328	-1
2221.1870	-1
2228.7412	-1
2236.2954	-1
2243.8499	1
2251.4043	1
2258.9597	-1
2266.5151	-1
2274.0706	-1
2281.6260	-1
2289.1814	-1
2296.7368	-1
2304.2925	-1
2311.8481	-1
2319.4038	-1
2326.9700	1
2334.5376	-1
2342.1055	1
2349.6736	1
2357.2419	-1
2364.8118	-1
2372.3914	1
2379.9722	-1
2387.5532	1
2395.1345	1
2402.7168	-1
2410.2991	-1
2417.8813	-1
2425.4636	-1
2433.0459	-1
2440.6282	-1
2448.2104	-1
2455.7930	-1
2463.3755	-1
2470.9580	-1
2478.5405	-1
2486.1230	-1
2493.7058	1
2501.2886	1
2508.8713	1
2516.4541	1
2524.0386	-1
2531.6230	-1
2539.2075	-1
2546.7920	-1
2554.3765	-1
2561.9609	-1
2569.5454	-1
2577.1299	-1
2584.7144	-1
2592.2988	-1
2599.8833	-1
2607.4678	-1
2615.0525	-1
2622.6372	-1
2630.2219	-1
2637.8066	-1
2645.3914	-1
2652.9761	-1
2660.5608	-1
2668.1455	-1
2675.7302	-1
2683.3149	-1
2690.8997	-1
2698.4844	-1
2706.0693	1
2713.6543	1
2721.2395	1
2728.8247	1
2736.4099	1
2743.9951	1
2751.5803	1
2759.1658	1
2766.7542	-1
2774.3425	-1
2781.9309	-1
2789.5193	-1
2797.1077	-1
2804.6960	-1
2812.2847	-1
2819.8733	-1
2827.4619	-1
2835.0505	-1
2842.6392	-1
2850.2278	-1
2857.8164	-1
2865.4050	-1
2872.9937	-1
2880.5823	-1
2888.1709	-1
2895.7595	-1
2903.3484	-1
2910.9373	-1
2918.5261	-1
2926.1150	-1
2933.7039	-1
2941.2927	-1
2948.8816	-1
2956.4705	-1
2964.0593	-1
2971.6482	-1
2979.2371	-1
2986.8259	-1
2994.4150	-1
3002.0042	-1
3009.5933	-1
3017.1824	-1
3024.7715	-1
3032.3606	-1
3039.9497	-1
3047.5388	-1
3055.1279	-1
3062.7170	-1
3070.3062	-1
3077.8953	-1
3085.4844	-1
3093.0735	-1
3100.6626	-1
3108.2517	-1
3115.8408	-1
3123.4299	-1
3131.0195	1
3138.6091	1
3146.1990	1
3153.7888	1
3161.3787	1
3168.9685	1
3176.5598	-1
3184.1511	-1
3191.7424	-1
3199.3337	-1
3206.9250	-1
3214.5164	-1
3222.1079	-1
3229.6995	-1
3237.2910	-1
3244.8826	-1
3252.4741	-1
3260.0657	-1
3267.6584	-1
3275.2512	-1
3282.8440	-1
3290.4368	-1
3298.0295	-1
3305.6223	-1
3313.2153	-1
3320.8083	-1
3328.4014	-1
3335.9944	-1
3343.5874	-1
3351.1804	-1
3358.7734	-1
3366.3665	-1
3373.9595	-1
3381.5525	-1
3389.1455	-1
3396.7385	-1
3404.3318	-1
3411.9250	-1
3419.5286	1
3427.1331	-1
3434.7378	1
3442.3425	1
3449.9478	-1
3457.5532	-1
3465.1587	-1
3472.7646	-1
3480.3796	1
3487.9956	-1
3495.6118	1
3503.2280	1
3510.8447	-1
3518.4614	-1
3526.0781	-1
3533.6948	-1
3541.3125	-1
3548.9392	1
3556.5669	-1
3564.1948	1
3571.8228	1
3579.4519	-1
3587.0811	-1
3594.7102	-1
3602.3394	-1
3609.9685	-1
3617.5977	-1
3625.2268	-1
3632.8560	-1
3640.4851	-1
3648.1143	-1
3655.7434	-1
3663.3726	-1
3671.0020	1
3678.6313	1
3686.2610	1
3693.8906	1
3701.5217	-1
3709.1528	-1
3716.7839	-1
3724.4150	-1
3732.0461	-1
3739.6772	-1
3747.3086	-1
3754.9399	-1
3762.5713	-1
3770.2026	-1
3777.8340	-1
3785.4653	-1
3793.0967	-1
3800.7280	-1
3808.3594	-1
3815.9907	-1
3823.6221	-1
3831.2534	-1
3838.8850	-1
3846.5166	-1
3854.1482	-1
3861.7798	-1
3869.4114	-1
3877.0430	-1
3884.6746	1
3892.3064	1
3899.9382	1
3907.5701	1
3915.2024	1
3922.8347	1
3930.4670	1
3938.0994	1
3945.7329	-1
3953.3665	-1
3961.0000	-1
3968.6335	-1
3976.2671	-1
3983.9006	-1
3991.5347	1
3999.1687	1
4006.8037	-1
4014.4387	-1
4022.0737	-1
4029.7087	-1
4037.3438	-1
4044.9788	-1
4052.6140	-1
4060.2493	-1
4067.8845	-1
4075.5198	-1
4083.1550	-1
4090.7903	-1
4098.4258	-1
4106.0610	-1
4113.6963	-1
4121.3315	-1
4128.9668	-1
4136.6021	-1
4144.2373	-1
4151.8726	-1
4159.5078	-1
4167.1431	-1
4174.7783	-1
4182.4136	-1
4190.0498	1
4197.6860	1
4205.3228	-1
4212.9595	-1
4220.5962	-1
4228.2329	-1
4235.8696	-1
4243.5063	-1
4251.1431	-1
4258.7798	-1
4266.4165	-1
4274.0532	-1
4281.6899	-1
4289.3267	-1
4296.9634	-1
4304.6001	-1
4312.2368	-1
4319.8735	-1
4327.5103	-1
4335.1470	-1
4342.7847	-1
4350.4224	-1
4358.0601	-1
4365.6978	-1
4373.3354	-1
4380.9731	-1
4388.6108	-1
4396.2485	-1
4403.8862	-1
4411.5239	-1
4419.1616	-1
4426.7993	-1
4434.4380	-1
4442.0767	-1
4449.7153	-1
4457.3540	-1
4464.9927	-1
4472.6313	-1
4480.2700	-1
4487.9087	-1
4495.5474	-1
4503.1953	1
4510.8447	-1
4518.4941	1
4526.1436	1
4533.7944	-1
4541.4453	-1
4549.0962	-1
4556.7471	-1
4564.3979	-1
4572.0488	-1
4579.6997	-1
4587.3506	-1
4595.0015	-1
4602.6523	-1
4610.3032	-1
4617.9541	-1
4625.6050	1
4633.2563	1
4640.9077	1
4648.5591	1
4656.2114	-1
4663.8638	-1
4671.5161	-1
4679.1685	-1
4686.8208	-1
4694.4731	-1
4702.1260	-1
4709.7788	-1
4717.4316	-1
4725.0845	-1
4732.7373	-1
4740.3901	-1
4748.0430	1
4755.6958	1
4763.3491	1
4771.0024	1
4778.6562	-1
4786.3101	-1
4793.9639	-1
4801.6177	-1
4809.2715	-1
4816.9253	-1
4824.5796	-1
4832.2339	-1
4839.8882	-1
4847.5425	-1
4855.1968	-1
4862.8511	-1
4870.5063	1
4878.1616	1
4885.8169	-1
4893.4722	-1
4901.1274	-1
4908.7827	-1
4916.4380	-1
4924.0933	-1
4931.7490	-1
4939.4048	-1
4947.0605	-1
4954.7163	-1
4962.3721	-1
4970.0278	-1
4977.6846	-1
4985.3413	-1
4992.9980	-1
5000.6548	-1
5008.3115	-1
5015.9683	-1
5023.6250	-1
5031.2817	-1
5038.9385	-1
5046.5952	-1
5054.2520	-1
5061.9087	-1
5069.5659	-1
5077.2231	-1
5084.8804	-1
5092.5376	-1
5100.1948	-1
5107.8521	-1
5115.5093	-1
5123.1665	-1
5130.8237	-1
5138.4907	1
5146.1592	-1
5153.8276	1
5161.4966	1
5169.1665	-1
5176.8364	-1
5184.5063	-1
5192.1763	-1
5199.8462	-1
5207.5161	-1
5215.1860	-1
5222.8560	-1
5230.5259	-1
5238.1958	-1
5245.8657	-1
5253.5356	-1
5261.2061	1
5268.8765	1
5276.5469	1
5284.2173	1
5291.8892	-1
5299.5610	-1
5307.2329	-1
5314.9048	-1
5322.5767	-1
5330.2485	-1
5337.9209	-1
5345.5933	-1
5353.2656	-1
5360.9380	-1
5368.6104	-1
5376.2827	-1
5383.9551	-1
5391.6274	-1
5399.2998	-1
5406.9722	-1
5414.6445	-1
5422.3169	-1
5429.9893	-1
5437.6616	-1
5445.3340	-1
5453.0063	-1
5460.6787	-1
5468.3511	-1
5476.0239	1
5483.6968	1
5491.3696	1
5499.0425	1
5506.7153	1
5514.3882	1
5522.0610	1
5529.7339	1
5537.4092	-1
5545.0845	-1
5552.7598	-1
5560.4351	-1
5568.1104	-1
5575.7856	-1
5583.4609	-1
5591.1362	-1
5598.8115	-1
5606.4868	-1
5614.1621	-1
5621.8374	-1
5629.5132	-1
5637.1890	-1
5644.8647	-1
5652.5405	-1
5660.2163	-1
5667.8921	-1
5675.5679	-1
5683.2437	-1
5690.9194	-1
5698.5952	-1
5706.2710	-1
5713.9468	-1
5721.6230	-1
5729.2993	-1
5736.9756	-1
5744.6519	-1
5752.3281	-1
5760.0044	-1
5767.6807	-1
5775.3569	-1
5783.0332	-1
5790.7095	-1
5798.3857	-1
5806.0620	-1
5813.7383	-1
5821.4146	-1
5829.0908	-1
5836.7671	-1
5844.4434	-1
5852.1196	-1
5859.7959	-1
5867.4824	1
5875.1704	-1
5882.8584	1
5890.5464	1
5898.2354	-1
5905.9243	-1
5913.6133	-1
5921.3022	-1
5928.9912	-1
5936.6802	-1
5944.3696	-1
5952.0684	1
5959.7681	-1
5967.4683	1
5975.1685	1
5982.8696	-1
5990.5708	-1
5998.2720	-1
6005.9829	1
6013.6948	-1
6021.4072	1
6029.1196	1
6036.8325	-1
6044.5454	-1
6052.2583	-1
6059.9717	-1
6067.6943	1
6075.4180	-1
6083.1421	1
6090.8662	1
6098.5908	-1
6106.3154	-1
6114.0405	-1
6121.7744	1
6129.5093	-1
6137.2446	1
6144.9800	1
6152.7163	-1
6160.4526	-1
6168.1982	1
6175.9448	-1
6183.6919	1
6191.4390	1
6199.1865	-1
6206.9346	-1
6214.6914	1
6222.4497	-1
6230.2080	1
6237.9668	1
6245.7266	-1
6253.4863	-1
6261.2461	-1
6269.0059	-1
6276.7749	1
6284.5449	-1
6292.3154	1
6300.0859	1
6307.8574	-1
6315.6289	-1
6323.4004	-1
6331.1719	-1
6338.9526	1
6346.7344	-1
6354.5166	1
6362.2988	1
6370.0815	-1
6377.8643	-1
6385.6475	-1
6393.4395	1
6401.2324	-1
6409.0259	1
6416.8193	1
6424.6133	-1
6432.4072	-1
6440.2012	-1
6447.9951	-1
6455.7891	-1
6463.5830	-1
6471.3770	-1
6479.1709	-1
6486.9648	-1
6494.7588	-1
6502.5527	-1
6510.3467	-1
6518.1411	1
6525.9355	1
6533.7305	-1
6541.5254	-1
6549.3203	-1
6557.1152	-1
6564.9102	-1
6572.7051	-1
6580.5000	-1
6588.3042	1
6596.1094	-1
6603.9150	1
6611.7207	1
6619.5269	-1
6627.3335	-1
6635.1489	1
6642.9658	-1
6650.7827	1
6658.5996	1
6666.4170	-1
6674.2344	-1
6682.0522	-1
6689.8794	1
6697.7080	-1
6705.5366	1
6713.3652	1
6721.1953	-1
6729.0254	-1
6736.8555	-1
6744.6855	-1
6752.5156	-1
6760.3457	-1
6768.1758	-1
6776.0059	-1
6783.8359	-1
6791.6758	1
6799.5166	-1
6807.3579	1
6815.1992	1
6823.0410	-1
6830.8828	-1
6838.7246	-1
6846.5664	-1
6854.4082	-1
6862.2500	-1
6870.0918	-1
6877.9336	-1
6885.7754	-1
6893.6172	-1
6901.4590	-1
6909.3008	-1
6917.1431	1
6924.9854	1
6932.8276	1
6940.6699	1
6948.5127	-1
6956.3555	-1
6964.1982	-1
6972.0410	-1
6979.8838	-1
6987.7266	-1
6995.5693	-1
7003.4121	-1
7011.2549	-1
7019.0977	-1
7026.9404	-1
7034.7832	-1
7042.6265	-1
7050.4697	-1
7058.3130	-1
7066.1562	-1
7073.9995	-1
7081.8428	-1
7089.6860	-1
7097.5293	-1
7105.3726	-1
7113.2158	-1
7121.0591	-1
7128.9023	-1
7136.7461	1
7144.5898	1
7152.4336	1
7160.2773	1
7168.1211	1
7175.9658	-1
7183.8105	-1
7191.6553	-1
7199.5000	-1
7207.3447	-1
7215.1895	-1
7223.0342	-1
7230.8789	-1
7238.7236	-1
7246.5684	-1
7254.4131	-1
7262.2578	-1
7270.1025	-1
7277.9473	-1
7285.7920	-1
7293.6367	-1
7301.4814	-1
7309.3262	-1
7317.1714	-1
7325.0166	-1
7332.8618	-1
7340.7070	-1
7348.5522	-1
7356.3975	-1
7364.2427	-1
7372.0879	-1
7379.9331	-1
7387.7783	-1
7395.6235	-1
7403.4688	-1
7411.3237	1
7419.1797	-1
7427.0361	1
7434.8926	1
7442.7500	-1
7450.6074	-1
7458.4648	-1
7466.3223	-1
7474.1797	-1
7482.0371	-1
7489.8950	1
7497.7529	-1
7505.6108	-1
7513.4688	-1
7521.3267	1
7529.1846	-1
7537.0425	-1
7544.9004	-1
7552.7588	1
7560.6177	1
7568.4771	-1
7576.3364	-1
7584.1958	-1
7592.0552	-1
7599.9146	-1
7607.7739	-1
7615.6338	-1
7623.4937	-1
7631.3535	-1
7639.2134	-1
7647.0732	-1
7654.9331	-1
7662.7930	1
7670.6533	1
7678.5137	-1
7686.3740	-1
7694.2344	-1
7702.0947	-1
7709.9551	-1
7717.8154	-1
7725.6763	-1
7733.5371	-1
7741.3979	-1
7749.2588	-1
7757.1196	-1
7764.9805	-1
7772.8423	-1
7780.7041	-1
7788.5659	-1
7796.4277	-1
7804.2896	-1
7812.1514	-1
7820.0132	-1
7827.8750	-1
7835.7461	1
7843.6182	-1
7851.4907	1
7859.3633	1
7867.2363	-1
7875.1094	-1
7882.9824	-1
7890.8555	-1
7898.7285	-1
7906.6016	-1
7914.4746	-1
7922.3477	-1
7930.2207	-1
7938.0938	-1
7945.9668	-1
7953.8398	-1
7961.7134	1
7969.5869	1
7977.4604	1
7985.3340	1
7993.2080	-1
8001.0820	-1
8008.9561	-1
8016.8301	-1
8024.7041	-1
8032.5781	-1
8040.4521	-1
8048.3262	-1
8056.2002	-1
8064.0742	-1
8071.9482	-1
8079.8223	-1
8087.6968	-1
8095.5713	-1
8103.4458	-1
8111.3203	-1
8119.1948	-1
8127.0693	-1
8134.9438	-1
8142.8184	-1
8150.6929	-1
8158.5674	-1
8166.4419	-1
8174.3164	-1
8182.1914	1
8190.0664	1
8197.9414	1
8205.8164	1
8213.6914	1
8221.5664	1
8229.4414	1
8237.3164	1
8245.1924	-1
8253.0684	-1
8260.9443	-1
8268.8203	-1
8276.6963	-1
8284.5723	-1
8292.4482	1
8300.3242	-1
8308.2002	-1
8316.0762	-1
8323.9521	-1
8331.8281	-1
8339.7041	-1
8347.5811	-1
8355.4580	-1
8363.3350	-1
8371.2119	-1
8379.0889	-1
8386.9658	-1
8394.8428	-1
8402.7197	-1
8410.5967	-1
8418.4736	-1
8426.3506	-1
8434.2275	-1
8442.1045	-1
8449.9814	-1
8457.8584	-1
8465.7354	-1
8473.6123	-1
8481.4893	-1
8489.3672	-1
8497.2451	-1
8505.1230	-1
8513.0010	-1
8520.8789	-1
8528.7568	-1
8536.6348	-1
8544.5127	-1
8552.3906	-1
8560.2686	-1
8568.1465	-1
8576.0244	-1
8583.9023	-1
8591.7803	-1
8599.6582	-1
8607.5361	-1
8615.4141	-1
8623.2920	-1
8631.1699	-1
8639.0479	-1
8646.9258	-1
8654.8037	-1
8662.6816	-1
8670.5693	1
8678.4580	-1
8686.3467	1
8694.2354	1
8702.1250	-1
8710.0146	-1
8717.9043	-1
8725.7939	-1
8733.6836	-1
8741.5732	-1
8749.4629	-1
8757.3525	-1
8765.2422	-1
8773.1318	-1
8781.0215	-1
8788.9111	-1
8796.8008	1
8804.6914	1
8812.5820	1
8820.4727	1
8828.3633	-1
8836.2539	-1
8844.1445	-1
8852.0352	-1
8859.9258	-1
8867.8164	-1
8875.7070	-1
8883.5977	-1
8891.4883	-1
8899.3789	-1
8907.2695	-1
8915.1602	-1
8923.0518	-1
8930.9434	-1
8938.8350	-1
8946.7266	-1
8954.6182	-1
8962.5098	-1
8970.4014	-1
8978.2930	-1
8986.1846	-1
8994.0762	-1
9001.9678	-1
9009.8594	-1
9017.7510	1
9025.6426	1
9033.5342	1
9041.4258	1
9049.3174	1
9057.2090	1
9065.1006	1
9072.9922	1
9080.8848	-1
9088.7773	-1
9096.6699	-1
9104.5625	-1
9112.4551	-1
9120.3477	-1
9128.2402	-1
9136.1328	-1
9144.0254	-1
9151.9180	-1
9159.8105	-1
9167.7031	-1
9175.5957	-1
9183.4883	-1
9191.3809	-1
9199.2734	-1
9207.1660	-1
9215.0586	-1
9222.9521	1
9230.8457	-1
9238.7393	-1
9246.6328	-1
9254.5264	-1
9262.4199	-1
9270.3135	-1
9278.2070	1
9286.1006	-1
9293.9941	-1
9301.8877	-1
9309.7812	-1
9317.6748	-1
9325.5684	-1
9333.4629	-1
9341.3574	-1
9349.2520	-1
9357.1465	-1
9365.0410	-1
9372.9355	-1
9380.8301	-1
9388.7246	-1
9396.6191	-1
9404.5137	-1
9412.4082	-1
9420.3027	-1
9428.1973	-1
9436.0918	-1
9443.9863	-1
9451.8809	-1
9459.7754	-1
9467.6699	-1
9475.5645	-1
9483.4590	-1
9491.3535	-1
9499.2480	-1
9507.1426	-1
9515.0371	-1
9522.9316	-1
9530.8262	-1
9538.7305	1
9546.6357	-1
9554.5420	1
9562.4482	1
9570.3555	-1
9578.2627	-1
9586.1699	-1
9594.0771	-1
9601.9844	-1
9609.8916	-1
9617.7988	-1
9625.7061	-1
9633.6133	-1
9641.5205	-1
9649.4277	-1
9657.3350	-1
9665.2432	1
9673.1523	-1
9681.0615	-1
9688.9707	-1
9696.8799	-1
9704.7979	1
9712.7168	-1
9720.6367	1
9728.5566	1
9736.4775	-1
9744.3984	-1
9752.3193	-1
9760.2402	-1
9768.1611	-1
9776.0820	-1
9784.0029	-1
9791.9238	-1
9799.8447	-1
9807.7656	-1
9815.6865	-1
9823.6074	-1
9831.5283	1
9839.4492	1
9847.3711	-1
9855.2930	-1
9863.2148	-1
9871.1367	-1
9879.0586	-1
9886.9805	-1
9894.9023	-1
9902.8242	-1
9910.7559	1
9918.6885	-1
9926.6211	1
9934.5547	1
9942.4893	-1
9950.4238	-1
9958.3584	-1
9966.2930	-1
9974.2275	-1
9982.1621	-1
9990.0967	-1
9998.0312	-1
10005.9658	-1
10013.9004	-1
10021.8350	-1
10029.7695	-1
10037.7041	1
10045.6387	1
10053.5742	1
10061.5098	1
10069.4463	-1
10077.3828	-1
10085.3193	-1
10093.2559	-1
10101.1924	-1
10109.1289	-1
10117.0654	-1
10125.0020	-1
10132.9385	-1
10140.8750	-1
10148.8115	-1
10156.7480	-1
10164.6846	-1
10172.6211	-1
10180.5576	-1
10188.4941	-1
10196.4307	-1
10204.3672	-1
10212.3047	1
10220.2422	-1
10228.1797	-1
10236.1172	-1
10244.0547	-1
10251.9922	-1
10259.9297	-1
10267.8672	1
10275.8047	1
10283.7422	1
10291.6797	1
10299.6172	1
10307.5547	1
10315.4922	1
10323.4326	-1
10331.3730	-1
10339.3135	-1
10347.2539	-1
10355.1943	-1
10363.1348	-1
10371.0752	-1
10379.0156	-1
10386.9561	-1
10394.8965	-1
10402.8369	-1
10410.7773	-1
10418.7178	-1
10426.6582	-1
10434.5986	-1
10442.5391	-1
10450.4795	-1
10458.4199	-1
10466.3604	-1
10474.3008	-1
10482.2412	-1
10490.1816	-1
10498.1221	-1
10506.0625	-1
10514.0029	-1
10521.9434	-1
10529.8848	-1
10537.8262	-1
10545.7676	-1
10553.7090	-1
10561.6504	-1
10569.5918	-1
10577.5332	-1
10585.4746	-1
10593.4160	-1
10601.3574	-1
10609.2988	1
10617.2402	1
10625.1816	1
10633.1230	1
10641.0654	1
10649.0078	1
10656.9502	1
10664.8926	1
10672.8350	1
10680.7773	1
10688.7197	1
10696.6621	1
10704.6064	-1
10712.5508	-1
10720.4951	-1
10728.4395	-1
10736.3838	-1
10744.3281	-1
10752.2725	-1
10760.2168	-1
10768.1611	-1
10776.1055	-1
10784.0498	-1
10791.9941	-1
10799.9385	-1
10807.8828	-1
10815.8271	-1
10823.7715	-1
10831.7158	-1
10839.6602	-1
10847.6064	1
10855.5527	1
10863.4990	1
10871.4453	1
10879.3916	1
10887.3379	-1
10895.2842	-1
10903.2305	-1
10911.1768	-1
10919.1230	-1
10927.0693	-1
10935.0166	-1
10942.9639	-1
10950.9111	-1
10958.8584	-1
10966.8057	-1
10974.7529	-1
10982.7002	-1
10990.6475	-1
10998.5947	-1
11006.5420	-1
11014.4893	-1
11022.4365	-1
11030.3838	-1
11038.3311	-1
11046.2783	-1
11054.2256	-1
11062.1729	-1
11070.1201	-1
11078.0674	-1
11086.0146	-1
11093.9619	-1
11101.9092	-1
11109.8564	-1
11117.8037	-1
11125.7510	-1
11133.6982	-1
11141.6455	-1
11149.5928	-1
11157.5400	-1
11165.4873	-1
11173.4355	-1
11181.3838	-1
11189.3320	-1
11197.2803	-1
11205.2285	-1
11213.1768	-1
11221.1250	-1
11229.0732	-1
11237.0215	-1
11244.9697	-1
11252.9180	-1
11260.8662	-1
11268.8154	-1
11276.7646	-1
11284.7139	-1
11292.6631	-1
11300.6123	-1
11308.5615	-1
11316.5107	-1
11324.4600	-1
11332.4092	-1
11340.3584	-1
11348.3076	-1
11356.2568	-1
11364.2061	-1
11372.1553	-1
11380.1045	-1
11388.0537	-1
11396.0029	-1
11403.9521	-1
11411.9033	-1
11419.8545	-1
11427.8057	-1
11435.7568	-1
11443.7080	-1
11451.6592	-1
11459.6104	-1
11467.5615	-1
11475.5127	-1
11483.4639	-1
11491.4150	-1
11499.3662	-1
11507.3174	-1
11515.2686	-1
11523.2197	-1
11531.1709	-1
11539.1221	-1
11547.0732	-1
11555.0244	-1
11562.9756	-1
11570.9268	-1
11578.8779	-1
11586.8291	-1
11594.7803	-1
11602.7314	-1
11610.6826	-1
11618.6338	-1
11626.5850	-1
11634.5361	-1
11642.4873	-1
11650.4482	1
11658.4102	-1
11666.3730	1
11674.3359	1
11682.2988	-1
11690.2617	-1
11698.2246	-1
11706.1875	-1
11714.1504	-1
11722.1133	-1
11730.0762	-1
11738.0391	-1
11746.0020	-1
11753.9648	-1
11761.9277	-1
11769.8906	-1
11777.8545	1
11785.8184	1
11793.7822	1
11801.7461	1
11809.7100	-1
11817.6738	-1
11825.6377	-1
11833.6016	-1
11841.5654	-1
11849.5293	-1
11857.4932	-1
11865.4570	-1
11873.4209	-1
11881.3848	-1
11889.3486	-1
11897.3125	-1
11905.2773	1
11913.2422	1
11921.2070	-1
11929.1719	-1
11937.1367	-1
11945.1016	-1
11953.0664	-1
11961.0312	-1
11968.9961	-1
11976.9609	-1
11984.9258	-1
11992.8906	-1
12000.8555	-1
12008.8203	-1
12016.7852	1
12024.7500	1
12032.7158	1
12040.6816	1
12048.6475	1
12056.6133	1
12064.5791	-1
12072.5449	-1
12080.5107	-1
12088.4766	-1
12096.4424	-1
12104.4082	-1
12112.3740	1
12120.3398	1
12128.3066	-1
12136.2734	-1
12144.2402	-1
12152.2070	-1
12160.1738	-1
12168.1406	-1
12176.1084	-1
12184.0762	-1
12192.0439	-1
12200.0117	-1
12207.9795	-1
12215.9473	-1
12223.9150	-1
12231.8828	-1
12239.8506	-1
12247.8184	-1
12255.7861	-1
12263.7539	-1
12271.7217	-1
12279.6895	-1
12287.6572	-1
12295.6250	-1
12303.5928	-1
12311.5605	-1
12319.5283	-1
12327.4961	-1
12335.4639	-1
12343.4316	-1
12351.3994	-1
12359.3672	-1
12367.3350	-1
12375.3027	-1
12383.2705	-1
12391.2383	-1
12399.2061	-1
12407.1738	-1
12415.1416	-1
12423.1094	-1
12431.0771	-1
12439.0449	-1
12447.0127	-1
12454.9805	-1
12462.9482	-1
12470.9160	-1
12478.8838	-1
12486.8516	-1
12494.8193	-1
12502.7871	-1
12510.7549	-1
12518.7227	-1
12526.6904	-1
12534.6680	1
12542.6465	-1
12550.6250	1
12558.6035	1
12566.5830	-1
12574.5625	-1
12582.5420	-1
12590.5215	-1
12598.5010	-1
12606.4805	-1
12614.4609	-1
12622.4414	-1
12630.4307	1
12638.4209	-1
12646.4121	1
12654.4033	1
12662.3955	-1
12670.3877	-1
12678.3799	-1
12686.3721	-1
12694.3643	-1
12702.3564	-1
12710.3486	-1
12718.3408	-1
12726.3330	-1
12734.3252	-1
12742.3174	-1
12750.3096	-1
12758.3018	1
12766.2939	1
12774.2861	1
12782.2783	1
12790.2725	-1
12798.2666	-1
12806.2607	-1
12814.2549	-1
12822.2490	-1
12830.2432	-1
12838.2373	-1
12846.2314	-1
12854.2256	-1
12862.2197	-1
12870.2139	-1
12878.2080	-1
12886.2021	-1
12894.1963	-1
12902.1904	-1
12910.1846	-1
12918.1787	-1
12926.1729	-1
12934.1670	-1
12942.1611	-1
12950.1553	-1
12958.1494	-1
12966.1436	-1
12974.1377	-1
12982.1318	1
12990.1260	1
12998.1201	1
13006.1143	1
13014.1084	1
13022.1025	1
13030.0977	1
13038.0928	1
13046.0898	-1
13054.0869	-1
13062.0840	-1
13070.0811	-1
13078.0781	-1
13086.0752	-1
13094.0723	-1
13102.0693	-1
13110.0664	-1
13118.0635	-1
13126.0605	-1
13134.0576	-1
13142.0547	-1
13150.0518	-1
13158.0488	-1
13166.0459	-1
13174.0430	-1
13182.0400	-1
13190.0381	1
13198.0361	1
13206.0342	-1
13214.0322	-1
13222.0303	-1
13230.0283	-1
13238.0264	-1
13246.0244	-1
13254.0225	1
13262.0205	1
13270.0186	-1
13278.0166	-1
13286.0146	-1
13294.0127	-1
13302.0107	-1
13310.0088	-1
13318.0068	1
13326.0049	1
13334.0029	-1
13342.0010	-1
13349.9990	-1
13357.9971	-1
13365.9961	-1
13373.9951	-1
13381.9941	-1
13389.9932	-1
13397.9922	-1
13405.9912	-1
13413.9902	-1
13421.9893	-1
13429.9883	-1
13437.9873	-1
13445.9863	-1
13453.9854	-1
13461.9844	-1
13469.9834	-1
13477.9824	1
13485.9814	1
13493.9805	1
13501.9824	-1
13509.9844	-1
13517.9863	-1
13525.9883	-1
13533.9902	-1
13541.9922	-1
13549.9951	-1
13557.9980	-1
13566.0010	-1
13574.0039	-1
13582.0068	-1
13590.0098	-1
13598.0127	-1
13606.0156	-1
13614.0186	-1
13622.0215	-1
13630.0244	-1
13638.0273	-1
13646.0303	-1
13654.0332	-1
13662.0361	-1
13670.0391	-1
13678.0420	-1
13686.0449	-1
13694.0479	-1
13702.0508	-1
13710.0537	-1
13718.0566	-1
13726.0596	-1
13734.0625	-1
13742.0654	-1
13750.0684	-1
13758.0713	-1
13766.0742	-1
13774.0771	-1
13782.0801	-1
13790.0830	-1
13798.0869	-1
13806.0908	-1
13814.0947	-1
13822.0986	-1
13830.1025	-1
13838.1064	-1
13846.1104	-1
13854.1143	-1
13862.1182	-1
13870.1221	-1
13878.1260	-1
13886.1299	-1
13894.1338	-1
13902.1377	-1
13910.1514	1
13918.1660	-1
13926.1807	1
13934.1953	1
13942.2119	-1
13950.2285	-1
13958.2451	-1
13966.2617	-1
13974.2783	-1
13982.2949	-1
13990.3115	-1
13998.3281	-1
14006.3447	-1
14014.3613	-1
14022.3779	-1
14030.3945	-1
14038.4111	1
14046.4277	1
14054.4453	-1
14062.4629	-1
14070.4805	-1
14078.4980	-1
14086.5156	-1
14094.5332	-1
14102.5508	-1
14110.5684	-1
14118.5957	1
14126.6240	-1
14134.6523	1
14142.6807	1
14150.7100	-1
14158.7393	-1
14166.7686	-1
14174.7979	-1
14182.8271	-1
14190.8564	-1
14198.8867	-1
14206.9170	-1
14214.9473	-1
14222.9775	-1
14231.0078	-1
14239.0381	-1
14247.0684	1
14255.0986	1
14263.1299	-1
14271.1611	-1
14279.1924	-1
14287.2236	-1
14295.2549	-1
14303.2861	-1
14311.3174	-1
14319.3486	-1
14327.3799	-1
14335.4199	1
14343.4619	-1
14351.5039	1
14359.5459	1
14367.5889	-1
14375.6318	-1
14383.6748	-1
14391.7178	-1
14399.7607	-1
14407.8037	-1
14415.8467	-1
14423.8896	-1
14431.9326	-1
14439.9756	-1
14448.0186	-1
14456.0615	-1
14464.1045	1
14472.1484	1
14480.1924	1
14488.2363	1
14496.2812	-1
14504.3262	-1
14512.3711	-1
14520.4160	-1
14528.4609	-1
14536.5059	-1
14544.5518	1
14552.5977	1
14560.6436	-1
14568.6895	-1
14576.7354	-1
14584.7812	-1
14592.8271	-1
14600.8730	-1
14608.9189	-1
14616.9648	-1
14625.0107	-1
14633.0566	-1
14641.1025	-1
14649.1484	-1
14657.1943	-1
14665.2402	-1
14673.2861	-1
14681.3320	-1
14689.3779	-1
14697.4238	-1
14705.4697	1
14713.5156	1
14721.5625	1
14729.6094	1
14737.6562	1
14745.7031	1
14753.7500	-1
14761.7969	-1
14769.8438	-1
14777.8906	-1
14785.9375	-1
14793.9844	-1
14802.0322	1
14810.0801	1
14818.1279	-1
14826.1758	-1
14834.2236	-1
14842.2715	-1
14850.3193	-1
14858.3672	-1
14866.4160	1
14874.4648	1
14882.5146	-1
14890.5645	-1
14898.6143	-1
14906.6641	-1
14914.7139	-1
14922.7637	-1
14930.8145	-1
14938.8652	-1
14946.9160	-1
14954.9668	-1
14963.0176	-1
14971.0684	-1
14979.1191	-1
14987.1699	-1
14995.2207	-1
15003.2715	-1
15011.3223	-1
15019.3730	-1
15027.4238	-1
15035.4756	-1
15043.5273	-1
15051.5791	-1
15059.6309	-1
15067.6826	-1
15075.7344	-1
15083.7861	-1
15091.8379	-1
15099.8896	-1
15107.9414	-1
15115.9932	-1
15124.0449	-1
15132.0967	-1
15140.1484	-1
15148.2002	-1
15156.2520	-1
15164.3037	-1
15172.3555	-1
15180.4072	-1
15188.4590	-1
15196.5107	-1
15204.5625	-1
15212.6143	-1
15220.6660	1
15228.7178	1
15236.7695	1
15244.8213	1
15252.8730	1
15260.9248	1
15268.9775	-1
15277.0303	-1
15285.0830	-1
15293.1357	-1
15301.1885	-1
15309.2412	-1
15317.2939	1
15325.3477	1
15333.4014	1
15341.4551	1
15349.5088	1
15357.5625	1
15365.6162	1
15373.6699	1
15381.7236	-1
15389.7773	-1
15397.8311	-1
15405.8848	-1
15413.9385	-1
15421.9922	-1
15430.0469	1
15438.1016	1
15446.1562	-1
15454.2109	-1
15462.2656	-1
15470.3203	-1
15478.3750	-1
15486.4297	-1
15494.4854	1
15502.5410	1
15510.5967	1
15518.6533	-1
15526.7100	-1
15534.7666	-1
15542.8232	-1
15550.8799	-1
15558.9365	-1
15566.9932	-1
15575.0498	-1
15583.1064	-1
15591.1631	-1
15599.2197	-1
15607.2764	-1
15615.3330	-1
15623.3896	-1
15631.4463	-1
15639.5029	-1
15647.5596	-1
15655.6162	-1
15663.6748	-1
15671.7334	-1
15679.7920	-1
15687.8506	-1
15695.9092	-1
15703.9678	-1
15712.0273	-1
15720.0869	-1
15728.1465	-1
15736.2061	-1
15744.2656	-1
15752.3252	-1
15760.3848	-1
15768.4443	-1
15776.5039	-1
15784.5635	-1
15792.6230	-1
15800.6826	-1
15808.7441	-1
15816.8057	-1
15824.8672	-1
15832.9287	-1
15840.9902	-1
15849.0518	-1
15857.1133	-1
15865.1748	-1
15873.2363	-1
15881.2979	-1
15889.3594	-1
15897.4209	-1
15905.4824	-1
15913.5439	-1
15921.6055	-1
15929.6670	-1
15937.7285	-1
15945.7900	-1
15953.8516	-1
15961.9131	-1
15969.9746	-1
15978.0361	-1
15986.0977	-1
15994.1592	-1
16002.2217	-1
16010.2842	-1
16018.3467	-1
16026.4092	-1
16034.4717	-1
16042.5342	-1
16050.5967	-1
16058.6592	-1
16066.7217	-1
16074.7842	-1
16082.8467	-1
16090.9092	-1
16098.9717	-1
16107.0342	-1
16115.0967	-1
16123.1592	-1
16131.2217	-1
16139.2842	-1
16147.3467	-1
16155.4092	-1
16163.4717	-1
16171.5342	-1
16179.5967	-1
16187.6592	-1
16195.7217	-1
16203.7842	-1
16211.8467	-1
16219.9092	-1
16227.9717	-1
16236.0342	-1
16244.0967	-1
16252.1592	-1
16260.2217	-1
16268.2842	-1
16276.3467	-1
16284.4092	-1
16292.4717	-1
16300.5342	-1
16308.5967	-1
16316.6592	-1
16324.7217	-1
16332.7842	-1
16340.8467	-1
16348.9092	-1
16356.9717	-1
16365.0342	-1
16373.0967	-1
16381.1592	-1
16389.2227	-1
16397.2949	1
16405.3691	-1
16413.4434	1
16421.5176	1
16429.5918	-1
16437.6660	-1
16445.7402	-1
16453.8145	-1
16461.8887	-1
16469.9629	-1
16478.0371	-1
16486.1113	-1
16494.1855	-1
16502.2598	-1
16510.3340	-1
16518.4082	-1
16526.4922	1
16534.5781	-1
16542.6641	1
16550.7500	1
16558.8359	-1
16566.9219	-1
16575.0078	-1
16583.0938	-1
16591.1797	-1
16599.2656	-1
16607.3516	-1
16615.4375	-1
16623.5234	-1
16631.6094	-1
16639.6953	-1
16647.7812	-1
16655.8672	1
16663.9531	1
16672.0391	1
16680.1250	1
16688.2129	-1
16696.3008	-1
16704.3887	-1
16712.4766	-1
16720.5645	-1
16728.6523	-1
16736.7402	-1
16744.8281	-1
16752.9160	-1
16761.0039	-1
16769.0918	-1
16777.1797	-1
16785.2676	-1
16793.3555	-1
16801.4434	-1
16809.5312	-1
16817.6191	-1
16825.7070	-1
16833.7949	-1
16841.8828	-1
16849.9707	-1
16858.0586	-1
16866.1465	-1
16874.2344	-1
16882.3223	1
16890.4102	1
16898.4980	1
16906.5859	1
16914.6738	1
16922.7617	1
16930.8496	1
16938.9375	1
16947.0273	-1
16955.1172	-1
16963.2070	-1
16971.2969	-1
16979.3867	-1
16987.4766	-1
16995.5664	-1
17003.6562	-1
17011.7461	-1
17019.8359	-1
17027.9258	-1
17036.0156	-1
17044.1055	-1
17052.1953	-1
17060.2852	-1
17068.3750	-1
17076.4648	-1
17084.5547	-1
17092.6445	1
17100.7344	1
17108.8242	1
17116.9141	1
17125.0039	1
17133.0938	1
17141.1836	-1
17149.2734	-1
17157.3633	-1
17165.4531	-1
17173.5430	-1
17181.6328	-1
17189.7227	-1
17197.8125	-1
17205.9023	-1
17213.9922	-1
17222.0820	-1
17230.1719	-1
17238.2637	-1
17246.3555	-1
17254.4473	-1
17262.5391	-1
17270.6309	-1
17278.7227	-1
17286.8145	-1
17294.9062	-1
17302.9980	-1
17311.0898	-1
17319.1816	-1
17327.2734	-1
17335.3652	-1
17343.4570	-1
17351.5488	-1
17359.6406	-1
17367.7324	-1
17375.8242	-1
17383.9160	1
17392.0078	1
17400.0996	1
17408.1914	1
17416.2832	1
17424.3750	1
17432.4668	1
17440.5586	1
17448.6504	1
17456.7422	1
17464.8340	-1
17472.9258	-1
17481.0176	-1
17489.1094	-1
17497.2012	-1
17505.2930	-1
17513.3848	-1
17521.4766	-1
17529.5703	-1
17537.6641	-1
17545.7578	-1
17553.8516	-1
17561.9453	-1
17570.0391	-1
17578.1328	-1
17586.2266	-1
17594.3203	-1
17602.4141	-1
17610.5078	-1
17618.6016	-1
17626.6953	-1
17634.7891	-1
17642.8828	-1
17650.9766	-1
17659.0703	-1
17667.1641	-1
17675.2578	-1
17683.3516	-1
17691.4453	-1
17699.5391	-1
17707.6328	-1
17715.7266	-1
17723.8203	-1
17731.9141	-1
17740.0078	-1
17748.1016	-1
17756.1953	-1
17764.2891	-1
17772.3828	-1
17780.4766	-1
17788.5703	-1
17796.6641	-1
17804.7578	-1
17812.8516	-1
17820.9453	-1
17829.0391	-1
17837.1328	-1
17845.2266	-1
17853.3203	-1
17861.4141	-1
17869.5078	-1
17877.6016	-1
17885.6953	-1
17893.7891	-1
17901.8828	1
17909.9766	1
17918.0703	1
17926.1641	1
17934.2598	1
17942.3555	1
17950.4512	1
17958.5469	1
17966.6426	1
17974.7383	1
17982.8340	1
17990.9297	1
17999.0254	1
18007.1211	1
18015.2168	1
18023.3125	1
18031.4082	1
18039.5039	1
18047.5996	-1
18055.6953	-1
18063.7910	-1
18071.8867	-1
18079.9824	-1
18088.0781	-1
18096.1738	-1
18104.2695	-1
18112.3652	-1
18120.4609	-1
18128.5566	-1
18136.6523	-1
18144.7480	-1
18152.8438	-1
18160.9395	-1
18169.0352	-1
18177.1309	-1
18185.2266	-1
18193.3223	-1
18201.4180	-1
18209.5137	-1
18217.6094	-1
18225.7051	-1
18233.8008	-1
18241.8984	-1
18249.9961	-1
18258.0938	-1
18266.1914	-1
18274.2891	-1
18282.3867	-1
18290.4844	-1
18298.5820	-1
18306.6797	-1
18314.7773	-1
18322.8750	-1
18330.9727	-1
18339.0703	-1
18347.1680	-1
18355.2656	-1
18363.3633	-1
18371.4609	-1
18379.5586	-1
18387.6562	-1
18395.7539	-1
18403.8516	-1
18411.9492	-1
18420.0469	-1
18428.1445	-1
18436.2422	-1
18444.3398	-1
18452.4375	-1
18460.5352	-1
18468.6328	-1
18476.7305	-1
18484.8281	-1
18492.9258	-1
18501.0234	-1
18509.1211	-1
18517.2188	-1
18525.3164	-1
18533.4160	-1
18541.5156	-1
18549.6152	-1
18557.7148	-1
18565.8145	-1
18573.9141	-1
18582.0137	1
18590.1133	1
18598.2129	-1
18606.3125	1
18614.4121	-1
18622.5117	-1
18630.6113	-1
18638.7109	-1
18646.8105	-1
18654.9102	1
18663.0098	1
18671.1094	1
18679.2090	1
18687.3086	-1
18695.4082	-1
18703.5078	-1
18711.6074	-1
18719.7070	1
18727.8066	-1
18735.9062	-1
18744.0059	1
18752.1055	1
18760.2051	1
18768.3047	-1
18776.4043	-1
18784.5039	-1
18792.6035	-1
18800.7031	-1
18808.8027	-1
18816.9023	-1
18825.0020	-1
18833.1016	-1
18841.2012	-1
18849.3008	-1
18857.4004	-1
18865.5000	-1
18873.5996	-1
18881.6992	-1
18889.7988	-1
18897.8984	-1
18905.9980	-1
18914.0977	-1
18922.1973	-1
18930.2969	-1
18938.3965	-1
18946.4961	-1
18954.5957	-1
18962.6973	-1
18970.7988	-1
18978.9004	-1
18987.0020	-1
18995.1035	-1
19003.2051	-1
19011.3066	-1
19019.4082	-1
19027.5098	-1
19035.6113	-1
19043.7129	-1
19051.8145	-1
19059.9160	-1
19068.0176	-1
19076.1191	-1
19084.2207	-1
19092.3223	-1
19100.4238	-1
19108.5254	-1
19116.6270	-1
19124.7285	-1
19132.8301	-1
19140.9316	-1
19149.0332	-1
19157.1348	-1
19165.2363	-1
19173.3379	-1
19181.4395	-1
19189.5410	-1
19197.6426	-1
19205.7461	-1
19213.8496	-1
19221.9531	-1
19230.0566	-1
19238.1602	-1
19246.2637	-1
19254.3672	-1
19262.4707	-1
19270.5742	-1
19278.6777	-1
19286.7812	-1
19294.8848	-1
19302.9883	-1
19311.0918	-1
19319.1953	-1
19327.2988	-1
19335.4023	-1
19343.5059	-1
19351.6094	-1
19359.7129	-1
19367.8164	-1
19375.9199	-1
19384.0234	-1
19392.1270	-1
19400.2305	-1
19408.3340	-1
19416.4375	-1
19424.5410	-1
19432.6445	-1
19440.7480	-1
19448.8535	-1
19456.9590	-1
19465.0645	-1
19473.1699	-1
19481.2754	-1
19489.3809	-1
19497.4863	-1
19505.5918	-1
19513.6973	-1
19521.8027	-1
19529.9082	-1
19538.0137	-1
19546.1191	-1
19554.2246	-1
19562.3301	-1
19570.4355	-1
19578.5410	-1
19586.6465	-1
19594.7520	-1
19602.8574	-1
19610.9629	-1
19619.0684	-1
19627.1738	-1
19635.2793	-1
19643.3848	-1
19651.4902	-1
19659.5957	-1
19667.7012	-1
19675.8066	-1
19683.9121	-1
19692.0176	-1
19700.1230	-1
19708.2285	-1
19716.3340	-1
19724.4395	-1
19732.5449	-1
19740.6504	-1
19748.7559	-1
19756.8613	-1
19764.9668	-1
19773.0723	-1
19781.1777	-1
19789.2832	-1
19797.3887	-1
19805.4941	-1
19813.5996	-1
19821.7051	-1
19829.8105	-1
19837.9160	-1
19846.0215	-1
19854.1270	-1
19862.2324	-1
19870.3477	1
19878.4648	-1
19886.5820	1
19894.6992	1
19902.8164	-1
19910.9336	-1
19919.0508	-1
19927.1680	-1
19935.2852	-1
19943.4023	-1
19951.5195	-1
19959.6367	-1
19967.7539	-1
19975.8711	-1
19983.9883	-1
19992.1055	-1
20000.2246	1
20008.3438	1
20016.4629	1
20024.5820	1
20032.7012	-1
20040.8203	-1
20048.9395	-1
20057.0586	-1
20065.1777	-1
20073.2969	-1
20081.4160	-1
20089.5352	-1
20097.6543	-1
20105.7734	-1
20113.8926	-1
20122.0117	-1
20130.1309	-1
20138.2500	-1
20146.3691	-1
20154.4883	-1
20162.6074	-1
20170.7266	-1
20178.8457	-1
20186.9648	-1
20195.0840	-1
20203.2031	-1
20211.3223	-1
20219.4414	-1
20227.5605	1
20235.6797	-1
20243.7988	-1
20251.9180	-1
20260.0371	-1
20268.1660	1
20276.2969	-1
20284.4277	1
20292.5586	1
20300.6914	-1
20308.8242	-1
20316.9570	-1
20325.0977	1
20333.2402	-1
20341.3828	1
20349.5254	1
20357.6680	-1
20365.8125	-1
20373.9648	1
20382.1191	-1
20390.2734	1
20398.4277	1
20406.5840	-1
20414.7402	-1
20422.8965	-1
20431.0527	-1
20439.2090	-1
20447.3652	-1
20455.5215	-1
20463.6777	-1
20471.8340	-1
20479.9902	-1
20488.1465	-1
20496.3027	-1
20504.4590	1
20512.6152	1
20520.7715	1
20528.9277	1
20537.0859	-1
20545.2441	-1
20553.4023	-1
20561.5605	-1
20569.7188	-1
20577.8770	-1
20586.0352	-1
20594.1934	-1
20602.3516	-1
20610.5098	-1
20618.6680	-1
20626.8262	-1
20634.9844	-1
20643.1426	-1
20651.3008	-1
20659.4590	-1
20667.6172	-1
20675.7754	-1
20683.9336	-1
20692.0918	-1
20700.2598	1
20708.4277	-1
20716.5957	1
20724.7637	1
20732.9336	-1
20741.1035	-1
20749.2734	-1
20757.4434	-1
20765.6133	-1
20773.7832	-1
20781.9531	-1
20790.1230	-1
20798.2930	-1
20806.4707	1
20814.6504	-1
20822.8301	1
20831.0098	1
20839.1914	-1
20847.3730	-1
20855.5547	-1
20863.7441	1
20871.9355	-1
20880.1270	1
20888.3184	1
20896.5098	-1
20904.7012	-1
20912.9023	1
20921.1055	-1
20929.3086	1
20937.5117	1
20945.7148	-1
20953.9180	-1
20962.1309	1
20970.3457	-1
20978.5605	1
20986.7754	1
20994.9902	-1
21003.2051	-1
21011.4297	1
21019.6543	-1
21027.8809	1
21036.1074	1
21044.3340	-1
21052.5605	-1
21060.7969	1
21069.0352	-1
21077.2734	1
21085.5117	1
21093.7500	-1
21101.9883	-1
21110.2266	-1
21118.4648	-1
21126.7031	-1
21134.9414	-1
21143.1797	-1
21151.4180	-1
21159.6562	-1
21167.8945	-1
21176.1328	-1
21184.3711	-1
21192.6094	1
21200.8477	1
21209.0859	1
21217.3242	1
21225.5645	-1
21233.8047	-1
21242.0449	-1
21250.2852	-1
21258.5254	-1
21266.7656	-1
21275.0059	-1
21283.2461	-1
21291.4863	-1
21299.7266	-1
21307.9668	-1
21316.2070	-1
21324.4473	-1
21332.6875	-1
21340.9277	-1
21349.1680	-1
21357.4082	-1
21365.6484	-1
21373.8887	-1
21382.1289	-1
21390.3691	-1
21398.6094	-1
21406.8496	-1
21415.0898	-1
21423.3301	1
21431.5703	1
21439.8105	1
21448.0508	1
21456.2910	1
21464.5312	1
21472.7715	1
21481.0137	-1
21489.2559	-1
21497.4980	-1
21505.7402	-1
21513.9824	-1
21522.2246	-1
21530.4668	-1
21538.7090	-1
21546.9512	-1
21555.1934	-1
21563.4355	-1
21571.6777	-1
21579.9199	-1
21588.1621	-1
21596.4043	-1
21604.6465	-1
21612.8887	-1
21621.1309	-1
21629.3730	-1
21637.6152	-1
21645.8574	-1
21654.0996	-1
21662.3418	-1
21670.5840	-1
21678.8262	-1
21687.0684	-1
21695.3105	-1
21703.5527	-1
21711.7949	-1
21720.0371	-1
21728.2793	-1
21736.5215	-1
21744.7637	-1
21753.0059	-1
21761.2480	-1
21769.4902	-1
21777.7324	-1
21785.9746	-1
21794.2168	-1
21802.4688	1
21810.7227	-1
21818.9766	1
21827.2305	1
21835.4844	-1
21843.7383	-1
21852.0020	1
21860.2676	-1
21868.5332	1
21876.7988	1
21885.0645	-1
21893.3301	-1
21901.5957	-1
21909.8613	-1
21918.1270	-1
21926.3926	-1
21934.6582	-1
21942.9238	-1
21951.1895	-1
21959.4551	-1
21967.7207	-1
21975.9863	-1
21984.2520	1
21992.5195	1
22000.7871	1
22009.0547	1
22017.3223	-1
22025.5898	-1
22033.8574	-1
22042.1250	-1
22050.3926	-1
22058.6602	-1
22066.9277	1
22075.1953	1
22083.4629	-1
22091.7305	-1
22100.0000	-1
22108.2695	-1
22116.5391	-1
22124.8086	-1
22133.0781	-1
22141.3477	-1
22149.6172	-1
22157.8867	-1
22166.1562	-1
22174.4258	-1
22182.6953	-1
22190.9648	-1
22199.2344	-1
22207.5039	-1
22215.7734	-1
22224.0430	-1
22232.3125	-1
22240.5820	-1
22248.8516	-1
22257.1211	-1
22265.3906	-1
22273.6602	-1
22281.9297	-1
22290.2090	1
22298.4883	-1
22306.7695	1
22315.0508	1
22323.3320	-1
22331.6133	-1
22339.8945	-1
22348.1758	-1
22356.4570	-1
22364.7383	-1
22373.0195	-1
22381.3008	-1
22389.5820	-1
22397.8633	-1
22406.1445	-1
22414.4258	-1
22422.7070	1
22430.9883	1
22439.2695	1
22447.5508	1
22455.8320	-1
22464.1133	-1
22472.3945	-1
22480.6758	-1
22488.9570	-1
22497.2383	-1
22505.5215	-1
22513.8047	-1
22522.0879	-1
22530.3711	-1
22538.6543	-1
22546.9375	-1
22555.2207	-1
22563.5039	-1
22571.7871	-1
22580.0703	-1
22588.3535	-1
22596.6367	-1
22604.9199	1
22613.2031	1
22621.4863	-1
22629.7695	-1
22638.0527	-1
22646.3359	-1
22654.6191	-1
22662.9023	-1
22671.1855	1
22679.4688	1
22687.7520	1
22696.0352	1
22704.3184	1
22712.6016	1
22720.8867	-1
22729.1719	-1
22737.4570	-1
22745.7422	-1
22754.0273	-1
22762.3125	-1
22770.5977	-1
22778.8828	-1
22787.1680	-1
22795.4531	-1
22803.7383	-1
22812.0234	-1
22820.3086	-1
22828.5938	-1
22836.8789	-1
22845.1641	-1
22853.4492	-1
22861.7344	-1
22870.0195	-1
22878.3047	-1
22886.5898	-1
22894.8750	-1
22903.1602	-1
22911.4453	-1
22919.7305	-1
22928.0156	-1
22936.3008	-1
22944.5859	-1
22952.8711	-1
22961.1562	-1
22969.4414	-1
22977.7266	-1
22986.0117	-1
22994.2969	-1
23002.5820	-1
23010.8672	-1
23019.1523	1
23027.4375	1
23035.7227	-1
23044.0078	-1
23052.2930	-1
23060.5781	-1
23068.8633	-1
23077.1484	-1
23085.4336	1
23093.7188	1
23102.0039	-1
23110.2891	-1
23118.5742	-1
23126.8594	-1
23135.1445	-1
23143.4297	-1
23151.7168	-1
23160.0039	-1
23168.2910	-1
23176.5781	-1
23184.8652	-1
23193.1523	-1
23201.4395	-1
23209.7266	-1
23218.0137	-1
23226.3008	-1
23234.5879	-1
23242.8750	-1
23251.1621	-1
23259.4492	-1
23267.7363	-1
23276.0234	-1
23284.3105	-1
23292.5977	-1
23300.8848	-1
23309.1816	1
23317.4785	-1
23325.7754	1
23334.0723	1
23342.3711	-1
23350.6699	-1
23358.9766	1
23367.2852	-1
23375.5938	1
23383.9023	1
23392.2129	-1
23400.5234	-1
23408.8418	1
23417.1621	-1
23425.4824	1
23433.8027	1
23442.1230	-1
23450.4453	-1
23458.7773	1
23467.1094	-1
23475.4414	1
23483.7734	1
23492.1074	-1
23500.4414	-1
23508.7832	1
23517.1270	-1
23525.4707	1
23533.8145	1
23542.1602	-1
23550.5059	-1
23558.8594	1
23567.2148	-1
23575.5703	1
23583.9258	1
23592.2812	-1
23600.6367	-1
23608.9941	-1
23617.3594	1
23625.7266	-1
23634.0938	1
23642.4609	1
23650.8281	-1
23659.1953	-1
23667.5625	-1
23675.9395	1
23684.3184	-1
23692.6973	1
23701.0762	1
23709.4551	-1
23717.8340	-1
23726.2227	1
23734.6133	-1
23743.0039	1
23751.3945	1
23759.7852	-1
23768.1758	-1
23776.5664	-1
23784.9668	1
23793.3672	-1
23801.7695	1
23810.1719	1
23818.5742	-1
23826.9766	-1
23835.3789	-1
23843.7910	1
23852.2031	-1
23860.6152	1
23869.0273	1
23877.4414	-1
23885.8555	-1
23894.2793	1
23902.7031	-1
23911.1270	1
23919.5508	1
23927.9766	-1
23936.4023	-1
23944.8359	1
23953.2715	-1
23961.7070	1
23970.1426	1
23978.5801	-1
23987.0176	-1
23995.4551	-1
24003.8926	-1
24012.3301	-1
24020.7676	-1
24029.2051	-1
24037.6426	-1
24046.0801	-1
24054.5176	-1
24062.9551	-1
24071.3926	-1
24079.8301	1
24088.2676	1
24096.7051	1
24105.1426	1
24113.5801	-1
24122.0176	-1
24130.4551	-1
24138.8926	-1
24147.3301	-1
24155.7676	-1
24164.2070	-1
24172.6465	-1
24181.0859	-1
24189.5254	-1
24197.9648	-1
24206.4043	-1
24214.8438	-1
24223.2832	-1
24231.7227	-1
24240.1621	-1
24248.6016	-1
24257.0410	-1
24265.4805	1
24273.9199	1
24282.3594	-1
24290.7988	-1
24299.2383	-1
24307.6777	-1
24316.1172	-1
24324.5566	-1
24332.9961	-1
24341.4355	-1
24349.8750	-1
24358.3145	-1
24366.7539	-1
24375.1934	-1
24383.6328	-1
24392.0723	-1
24400.5117	-1
24408.9512	-1
24417.3906	-1
24425.8398	1
24434.2910	-1
24442.7422	1
24451.1934	1
24459.6445	-1
24468.0957	-1
24476.5469	-1
24484.9980	-1
24493.4492	-1
24501.9004	-1
24510.3516	-1
24518.8027	-1
24527.2539	-1
24535.7051	-1
24544.1562	-1
24552.6074	-1
24561.0586	1
24569.5098	1
24577.9609	1
24586.4141	-1
24594.8672	-1
24603.3203	-1
24611.7734	-1
24620.2266	-1
24628.6797	-1
24637.1328	-1
24645.5859	-1
24654.0391	-1
24662.4922	-1
24670.9453	-1
24679.3984	-1
24687.8516	-1
24696.3125	1
24704.7754	-1
24713.2383	1
24721.7012	1
24730.1660	-1
24738.6309	-1
24747.0957	-1
24755.5605	-1
24764.0254	-1
24772.4902	-1
24780.9551	-1
24789.4199	-1
24797.8848	-1
24806.3496	-1
24814.8145	-1
24823.2793	-1
24831.7441	1
24840.2090	1
24848.6738	1
24857.1387	1
24865.6055	-1
24874.0723	-1
24882.5391	-1
24891.0059	-1
24899.4727	-1
24907.9395	-1
24916.4062	-1
24924.8730	-1
24933.3398	-1
24941.8066	-1
24950.2734	-1
24958.7402	-1
24967.2070	-1
24975.6738	-1
24984.1406	-1
24992.6074	-1
25001.0742	-1
25009.5410	-1
25018.0078	-1
25026.4746	-1
25034.9414	-1
25043.4082	-1
25051.8750	-1
25060.3418	-1
25068.8086	1
25077.2754	1
25085.7422	1
25094.2109	1
25102.6797	1
25111.1484	1
25119.6172	1
25128.0859	1
25136.5547	-1
25145.0234	-1
25153.4922	-1
25161.9609	-1
25170.4297	-1
25178.8984	-1
25187.3672	-1
25195.8359	-1
25204.3047	-1
25212.7734	-1
25221.2422	-1
25229.7109	-1
25238.1816	1
25246.6523	1
25255.1230	1
25263.5938	1
25272.0645	-1
25280.5352	-1
25289.0059	-1
25297.4766	-1
25305.9473	-1
25314.4180	-1
25322.8887	-1
25331.3594	-1
25339.8301	-1
25348.3008	-1
25356.7715	-1
25365.2422	-1
25373.7129	-1
25382.1836	-1
25390.6543	-1
25399.1250	-1
25407.5957	-1
25416.0664	-1
25424.5371	-1
25433.0078	-1
25441.4785	-1
25449.9512	-1
25458.4238	-1
25466.8965	-1
25475.3691	-1
25483.8418	-1
25492.3145	-1
25500.7871	-1
25509.2598	-1
25517.7324	-1
25526.2051	-1
25534.6777	-1
25543.1504	-1
25551.6230	-1
25560.0957	-1
25568.5684	-1
25577.0410	1
25585.5137	1
25593.9863	1
25602.4590	1
25610.9316	1
25619.4043	1
25627.8770	1
25636.3496	1
25644.8223	1
25653.2949	1
25661.7676	1
25670.2402	1
25678.7168	-1
25687.1934	-1
25695.6699	-1
25704.1465	-1
25712.6230	-1
25721.0996	-1
25729.5762	-1
25738.0527	-1
25746.5293	-1
25755.0059	-1
25763.4824	-1
25771.9590	-1
25780.4355	-1
25788.9121	-1
25797.3887	-1
25805.8652	-1
25814.3418	-1
25822.8184	-1
25831.2949	-1
25839.7715	-1
25848.2480	-1
25856.7246	-1
25865.2012	-1
25873.6777	-1
25882.1543	-1
25890.6309	-1
25899.1074	-1
25907.5840	-1
25916.0605	-1
25924.5371	-1
25933.0137	-1
25941.4902	-1
25949.9668	-1
25958.4434	-1
25966.9199	-1
25975.3965	-1
25983.8750	-1
25992.3535	-1
26000.8320	-1
26009.3105	-1
26017.7891	-1
26026.2676	-1
26034.7461	-1
26043.2246	-1
26051.7031	1
26060.1816	-1
26068.6602	-1
26077.1387	-1
26085.6172	-1
26094.0957	1
26102.5742	1
26111.0527	1
26119.5312	1
26128.0098	1
26136.4883	1
26144.9668	1
26153.4453	1
26161.9238	1
26170.4023	1
26178.8809	1
26187.3613	1
26195.8418	1
26204.3223	1
26212.8027	1
26221.2832	-1
26229.7637	-1
26238.2441	-1
26246.7246	-1
26255.2051	-1
26263.6855	-1
26272.1660	-1
26280.6465	-1
26289.1270	-1
26297.6074	-1
26306.0879	-1
26314.5684	-1
26323.0488	-1
26331.5293	-1
26340.0098	-1
26348.4902	-1
26356.9707	-1
26365.4512	-1
26373.9316	-1
26382.4121	-1
26390.8926	-1
26399.3730	-1
26407.8535	-1
26416.3340	-1
26424.8145	-1
26433.2949	-1
26441.7754	-1
26450.2559	-1
26458.7363	-1
26467.2168	-1
26475.6973	-1
26484.1777	-1
26492.6582	-1
26501.1387	-1
26509.6191	-1
26518.0996	-1
26526.5820	-1
26535.0645	-1
26543.5469	-1
26552.0293	-1
26560.5117	-1
26568.9941	-1
26577.4766	-1
26585.9590	-1
26594.4414	-1
26602.9238	-1
26611.4062	-1
26619.8887	-1
26628.3711	1
26636.8535	1
26645.3359	1
26653.8184	1
26662.3066	-1
26670.7949	-1
26679.2832	-1
26687.7715	-1
26696.2598	-1
26704.7480	-1
26713.2363	-1
26721.7246	-1
26730.2129	-1
26738.7012	-1
26747.1895	-1
26755.6777	-1
26764.1660	-1
26772.6543	-1
26781.1426	-1
26789.6309	-1
26798.1191	-1
26806.6074	-1
26815.0957	-1
26823.5840	-1
26832.0723	-1
26840.5605	-1
26849.0488	-1
26857.5371	-1
26866.0254	-1
26874.5137	-1
26883.0020	-1
26891.4902	-1
26899.9785	-1
26908.4668	-1
26916.9551	-1
26925.4434	-1
26933.9316	-1
26942.4199	-1
26950.9082	-1
26959.3965	-1
26967.8848	-1
26976.3730	-1
26984.8613	-1
26993.3496	-1
27001.8379	-1
27010.3262	-1
27018.8145	-1
27027.3027	-1
27035.7910	-1
27044.2793	-1
27052.7676	-1
27061.2559	-1
27069.7441	-1
27078.2324	-1
27086.7207	-1
27095.2090	-1
27103.6973	-1
27112.1855	-1
27120.6758	-1
27129.1660	-1
27137.6562	-1
27146.1465	-1
27154.6367	-1
27163.1270	-1
27171.6172	-1
27180.1074	-1
27188.5977	-1
27197.0879	-1
27205.5781	-1
27214.0684	-1
27222.5586	-1
27231.0488	-1
27239.5391	-1
27248.0293	-1
27256.5195	-1
27265.0098	-1
27273.5000	-1
27281.9902	-1
27290.4805	-1
27298.9707	-1
27307.4609	-1
27315.9512	-1
27324.4414	-1
27332.9316	-1
27341.4219	-1
27349.9121	-1
27358.4023	-1
27366.8926	-1
27375.3828	-1
27383.8730	-1
27392.3633	-1
27400.8535	-1
27409.3438	-1
27417.8340	-1
27426.3242	-1
27434.8145	-1
27443.3047	-1
27451.7949	-1
27460.2852	-1
27468.7754	-1
27477.2656	-1
27485.7559	-1
27494.2461	-1
27502.7363	-1
27511.2266	-1
27519.7168	-1
27528.2090	-1
27536.7012	-1
27545.1934	-1
27553.6855	-1
27562.1777	-1
27570.6699	-1
27579.1621	-1
27587.6543	-1
27596.1465	-1
27604.6387	-1
27613.1309	-1
27621.6230	-1
27630.1152	-1
27638.6074	-1
27647.0996	-1
27655.5918	-1
