0.0000	0
0.0009	-1
0.6041	-2
0.6554	-2
0.9234	-2
0.9391	-2
0.9716	-2
1.0036	-2
1.2063	-2
1.2246	-2
1.3504	-2
1.3612	-2
1.4503	-2
1.4925	-2
1.5712	-2
1.5992	-2
1.6981	-2
1.7683	-2
1.7985	-2
1.7987	-2
1.8325	-2
1.8462	-2
1.9132	-2
1.9267	-2
1.9302	-2
1.9573	-2
2.0677	-2
2.1477	-2
2.1748	-2
2.2091	-2
2.3856	-2
2.4671	-2
2.4755	-2
2.4810	-2
2.5157	-2
2.5549	-2
2.5907	-2
2.8152	-2
2.8873	-2
3.0265	-2
3.0612	-2
3.3477	-2
3.3550	-2
3.6668	-2
3.9281	-2
4.0300	-2
8.3308	-1
15.6106	2
17.0331	1
25.9200	1
34.8085	-1
43.6974	1
52.5863	1
61.4763	-1
70.3663	-1
79.2564	-1
88.1603	1
97.0660	-1
105.9721	1
114.8782	1
123.7857	-1
132.6933	-1
141.6008	-1
150.5083	-1
159.4158	-1
168.3234	-1
177.2310	-1
186.1387	-1
195.0463	-1
203.9671	1
212.8893	-1
221.8120	1
230.7348	1
239.6585	-1
248.5823	-1
257.5060	-1
266.4297	-1
275.3535	-1
284.2772	-1
293.2013	-1
302.1253	-1
311.0493	-1
319.9734	-1
328.8974	-1
337.8215	-1
346.7459	1
355.6705	1
364.5957	-1
373.5209	-1
382.4461	-1
391.3713	-1
400.2965	-1
409.2217	-1
418.1470	-1
427.0723	-1
435.9977	-1
444.9230	-1
453.8483	-1
462.7861	1
471.7254	-1
480.6651	1
489.6049	1
498.5460	-1
507.4870	-1
516.4281	-1
525.3692	-1
534.3103	-1
543.2515	-1
552.2053	1
561.1606	-1
570.1163	1
579.0721	1
588.0294	-1
596.9866	-1
605.9439	-1
614.9012	-1
623.8585	-1
632.8157	-1
641.7731	-1
650.7305	-1
659.6879	-1
668.6453	-1
677.6027	-1
686.5601	-1
695.5179	1
704.4758	1
713.4338	1
722.3918	1
731.3510	-1
740.3102	-1
749.2695	-1
758.2287	-1
767.1879	-1
776.1472	-1
785.1069	1
794.0666	-1
803.0263	-1
811.9860	-1
820.9458	-1
829.9056	-1
838.8654	-1
847.8251	1
856.7852	1
865.7454	1
874.7057	-1
883.6661	-1
892.6265	-1
901.5869	-1
910.5473	-1
919.5077	-1
928.4683	-1
937.4290	-1
946.3896	-1
955.3502	-1
964.3109	-1
973.2715	-1
982.2333	-1
991.1951	-1
1000.1569	-1
1009.1187	-1
1018.0804	-1
1027.0422	-1
1036.0048	-1
1044.9673	-1
1053.9298	-1
1062.8923	-1
1071.8549	-1
1080.8174	-1
1089.7800	-1
1098.7427	-1
1107.7053	-1
1116.6680	-1
1125.6307	-1
1134.5935	-1
1143.5563	-1
1152.5190	-1
1161.4818	-1
1170.4446	-1
1179.4211	1
1188.3993	-1
1197.3779	1
1206.3566	1
1215.3363	-1
1224.3160	-1
1233.2958	-1
1242.2755	-1
1251.2552	-1
1260.2350	-1
1269.2148	-1
1278.1947	-1
1287.1746	-1
1296.1544	-1
1305.1471	1
1314.1414	-1
1323.1361	1
1332.1310	1
1341.1271	-1
1350.1232	-1
1359.1194	-1
1368.1156	-1
1377.1118	-1
1386.1080	-1
1395.1172	1
1404.1281	-1
1413.1395	1
1422.1511	1
1431.1644	-1
1440.1777	-1
1449.1910	-1
1458.2043	-1
1467.2177	-1
1476.2310	-1
1485.2444	-1
1494.2578	-1
1503.2712	-1
1512.2847	-1
1521.2981	-1
1530.3116	-1
1539.3257	1
1548.3397	1
1557.3539	1
1566.3680	1
1575.3840	-1
1584.4000	-1
1593.4160	-1
1602.4320	-1
1611.4480	-1
1620.4640	-1
1629.4801	-1
1638.4962	-1
1647.5123	-1
1656.5284	-1
1665.5446	-1
1674.5607	-1
1683.5769	-1
1692.5931	-1
1701.6094	-1
1710.6256	-1
1719.6418	-1
1728.6581	-1
1737.6744	-1
1746.6908	-1
1755.7072	-1
1764.7235	-1
1773.7399	-1
1782.7562	-1
1791.7728	1
1800.7896	1
1809.8064	1
1818.8232	1
1827.8401	1
1836.8571	1
1845.8740	1
1854.8910	1
1863.9093	-1
1872.9276	-1
1881.9459	-1
1890.9642	-1
1899.9825	-1
1909.0009	-1
1918.0199	-1
1927.0389	-1
1936.0580	-1
1945.0771	-1
1954.0963	-1
1963.1155	-1
1972.1346	1
1981.1539	1
1990.1738	-1
1999.1937	-1
2008.2136	-1
2017.2335	-1
2026.2534	-1
2035.2733	-1
2044.2946	1
2053.3159	1
2062.3374	-1
2071.3589	-1
2080.3804	-1
2089.4019	-1
2098.4233	-1
2107.4448	-1
2116.4666	-1
2125.4883	-1
2134.5100	-1
2143.5317	-1
2152.5535	-1
2161.5752	-1
2170.5969	-1
2179.6187	-1
2188.6404	-1
2197.6621	-1
2206.6838	-1
2215.7056	-1
2224.7275	-1
2233.7495	-1
2242.7715	-1
2251.7935	-1
2260.8154	-1
2269.8374	-1
2278.8594	-1
2287.8813	-1
2296.9033	-1
2305.9253	-1
2314.9473	-1
2323.9692	-1
2332.9915	-1
2342.0137	-1
2351.0359	-1
2360.0581	-1
2369.0803	-1
2378.1025	-1
2387.1248	-1
2396.1470	-1
2405.1692	-1
2414.1914	-1
2423.2139	-1
2432.2363	-1
2441.2595	1
2450.2827	1
2459.3064	1
2468.3301	1
2477.3540	1
2486.3779	1
2495.4019	1
2504.4260	1
2513.4502	1
2522.4744	1
2531.4985	1
2540.5227	1
2549.5469	1
2558.5713	1
2567.5957	1
2576.6201	1
2585.6448	-1
2594.6694	-1
2603.6941	-1
2612.7188	-1
2621.7434	-1
2630.7681	-1
2639.7927	-1
2648.8174	-1
2657.8420	-1
2666.8667	-1
2675.8914	-1
2684.9160	-1
2693.9419	1
2702.9680	1
2711.9941	1
2721.0210	-1
2730.0479	-1
2739.0747	-1
2748.1016	-1
2757.1284	-1
2766.1555	-1
2775.1826	-1
2784.2097	-1
2793.2368	-1
2802.2639	-1
2811.2910	-1
2820.3181	-1
2829.3452	1
2838.3733	1
2847.4016	1
2856.4304	1
2865.4597	1
2874.4900	-1
2883.5203	-1
2892.5505	-1
2901.5808	-1
2910.6111	-1
2919.6414	-1
2928.6743	1
2937.7073	1
2946.7402	-1
2955.7732	-1
2964.8062	-1
2973.8394	-1
2982.8726	-1
2991.9058	-1
3000.9392	1
3009.9727	1
3019.0071	-1
3028.0415	-1
3037.0759	-1
3046.1104	-1
3055.1448	-1
3064.1792	-1
3073.2139	-1
3082.2485	-1
3091.2832	-1
3100.3179	-1
3109.3525	-1
3118.3872	-1
3127.4226	-1
3136.4580	-1
3145.4934	-1
3154.5288	-1
3163.5642	-1
3172.5996	-1
3181.6353	-1
3190.6709	-1
3199.7065	-1
3208.7422	-1
3217.7778	-1
3226.8135	-1
3235.8494	-1
3244.8853	-1
3253.9211	-1
3262.9570	-1
3271.9929	-1
3281.0288	-1
3290.0647	-1
3299.1006	-1
3308.1365	-1
3317.1724	-1
3326.2083	-1
3335.2441	-1
3344.2803	-1
3353.3164	-1
3362.3525	-1
3371.3887	-1
3380.4248	-1
3389.4609	-1
3398.4971	-1
3407.5332	-1
3416.5693	-1
3425.6055	-1
3434.6416	-1
3443.6777	-1
3452.7141	-1
3461.7505	-1
3470.7869	-1
3479.8232	-1
3488.8596	-1
3497.8960	-1
3506.9324	-1
3515.9688	-1
3525.0051	-1
3534.0415	-1
3543.0779	-1
3552.1143	-1
3561.1509	-1
3570.1875	-1
3579.2241	-1
3588.2607	-1
3597.2974	-1
3606.3340	-1
3615.3706	-1
3624.4072	-1
3633.4438	-1
3642.4805	-1
3651.5171	-1
3660.5537	-1
3669.5906	-1
3678.6274	-1
3687.6643	-1
3696.7012	-1
3705.7380	-1
3714.7749	-1
3723.8118	-1
3732.8486	-1
3741.8855	-1
3750.9224	-1
3759.9592	-1
3768.9961	-1
3778.0332	-1
3787.0703	-1
3796.1074	-1
3805.1445	-1
3814.1816	-1
3823.2188	-1
3832.2559	-1
3841.2930	-1
3850.3301	-1
3859.3672	-1
3868.4043	-1
3877.4414	-1
3886.4788	1
3895.5164	1
3904.5540	1
3913.5916	1
3922.6301	-1
3931.6689	-1
3940.7078	-1
3949.7466	-1
3958.7854	-1
3967.8242	-1
3976.8630	-1
3985.9019	-1
3994.9407	-1
4003.9795	-1
4013.0183	-1
4022.0571	-1
4031.0964	1
4040.1362	1
4049.1760	1
4058.2158	1
4067.2559	1
4076.2959	1
4085.3359	1
4094.3760	1
4103.4160	1
4112.4561	1
4121.4961	1
4130.5361	1
4139.5762	1
4148.6167	1
4157.6572	1
4166.6978	-1
4175.7383	-1
4184.7788	-1
4193.8193	-1
4202.8599	-1
4211.9004	-1
4220.9409	-1
4229.9814	-1
4239.0220	-1
4248.0625	-1
4257.1030	-1
4266.1436	-1
4275.1846	-1
4284.2256	-1
4293.2666	-1
4302.3076	-1
4311.3486	-1
4320.3896	-1
4329.4307	-1
4338.4717	-1
4347.5127	-1
4356.5537	-1
4365.5947	-1
4374.6357	-1
4383.6768	-1
4392.7178	-1
4401.7588	-1
4410.7998	-1
4419.8408	-1
4428.8818	-1
4437.9233	-1
4446.9648	-1
4456.0063	-1
4465.0479	-1
4474.0894	-1
4483.1309	-1
4492.1738	1
4501.2168	1
4510.2598	1
4519.3027	1
4528.3462	1
4537.3896	1
4546.4331	1
4555.4766	1
4564.5200	1
4573.5635	1
4582.6069	1
4591.6504	1
4600.6938	1
4609.7373	1
4618.7808	1
4627.8247	1
4636.8696	-1
4645.9146	-1
4654.9595	-1
4664.0044	-1
4673.0493	-1
4682.0942	-1
4691.1406	-1
4700.1870	-1
4709.2334	-1
4718.2798	-1
4727.3262	-1
4736.3726	-1
4745.4199	-1
4754.4673	-1
4763.5146	-1
4772.5620	-1
4781.6094	-1
4790.6567	-1
4799.7046	-1
4808.7524	-1
4817.8003	-1
4826.8481	-1
4835.8960	-1
4844.9438	-1
4853.9937	-1
4863.0435	-1
4872.0933	-1
4881.1431	-1
4890.1929	-1
4899.2427	-1
4908.2925	-1
4917.3423	-1
4926.3921	-1
4935.4419	-1
4944.4917	-1
4953.5415	-1
4962.5913	-1
4971.6411	-1
4980.6909	-1
4989.7407	-1
4998.7905	-1
5007.8403	-1
5016.8901	-1
5025.9399	-1
5034.9897	-1
5044.0396	-1
5053.0894	-1
5062.1392	-1
5071.1895	-1
5080.2397	-1
5089.2900	-1
5098.3403	-1
5107.3906	-1
5116.4409	-1
5125.4912	-1
5134.5415	-1
5143.5918	-1
5152.6421	-1
5161.6924	-1
5170.7427	-1
5179.7930	-1
5188.8433	-1
5197.8936	-1
5206.9438	-1
5215.9941	-1
5225.0444	-1
5234.0981	-1
5243.1519	-1
5252.2056	-1
5261.2593	-1
5270.3130	-1
5279.3667	-1
5288.4204	-1
5297.4741	-1
5306.5278	-1
5315.5815	-1
5324.6353	-1
5333.6890	-1
5342.7427	-1
5351.7964	-1
5360.8501	-1
5369.9038	-1
5378.9575	-1
5388.0112	-1
5397.0649	-1
5406.1187	-1
5415.1724	-1
5424.2261	-1
5433.2798	-1
5442.3335	-1
5451.3877	-1
5460.4419	-1
5469.4961	-1
5478.5503	-1
5487.6045	-1
5496.6587	-1
5505.7129	-1
5514.7671	-1
5523.8213	-1
5532.8755	-1
5541.9297	-1
5550.9839	-1
5560.0381	-1
5569.0923	-1
5578.1465	-1
5587.2007	-1
5596.2549	-1
5605.3091	-1
5614.3633	-1
5623.4175	-1
5632.4717	-1
5641.5259	-1
5650.5801	-1
5659.6343	-1
5668.6890	-1
5677.7437	-1
5686.7983	-1
5695.8530	-1
5704.9077	-1
5713.9624	-1
5723.0171	-1
5732.0718	-1
5741.1265	-1
5750.1812	-1
5759.2358	-1
5768.2905	-1
5777.3452	-1
5786.3999	-1
5795.4546	-1
5804.5093	-1
5813.5640	-1
5822.6187	-1
5831.6763	-1
5840.7339	-1
5849.7915	-1
5858.8491	-1
5867.9067	-1
5876.9644	-1
5886.0225	-1
5895.0806	-1
5904.1387	-1
5913.1968	-1
5922.2549	-1
5931.3130	-1
5940.3711	-1
5949.4292	-1
5958.4873	-1
5967.5454	-1
5976.6035	-1
5985.6616	-1
5994.7197	-1
6003.7778	-1
6012.8359	-1
6021.8940	-1
6030.9521	-1
6040.0103	-1
6049.0684	-1
6058.1265	-1
6067.1846	-1
6076.2427	-1
6085.3008	-1
6094.3589	-1
6103.4175	-1
6112.4761	-1
6121.5347	-1
6130.5933	-1
6139.6519	-1
6148.7104	-1
6157.7690	-1
6166.8276	-1
6175.8862	-1
6184.9448	-1
6194.0034	-1
6203.0620	-1
6212.1206	-1
6221.1792	-1
6230.2378	-1
6239.2964	-1
6248.3550	-1
6257.4136	-1
6266.4727	-1
6275.5317	-1
6284.5908	-1
6293.6499	-1
6302.7090	-1
6311.7681	-1
6320.8271	-1
6329.8862	-1
6338.9453	-1
6348.0044	-1
6357.0635	-1
6366.1226	-1
6375.1816	-1
6384.2407	-1
6393.2998	-1
6402.3589	-1
6411.4180	-1
6420.4771	-1
6429.5361	-1
6438.5952	-1
6447.6543	-1
6456.7134	-1
6465.7725	-1
6474.8315	-1
6483.8911	-1
6492.9507	-1
6502.0103	-1
6511.0698	-1
6520.1436	1
6529.2188	-1
6538.2944	1
6547.3701	1
6556.4473	-1
6565.5244	-1
6574.6016	-1
6583.6787	-1
6592.7559	-1
6601.8330	-1
6610.9102	-1
6619.9873	-1
6629.0645	-1
6638.1416	-1
6647.2188	-1
6656.2959	-1
6665.3735	1
6674.4512	1
6683.5288	1
6692.6064	1
6701.6855	-1
6710.7646	-1
6719.8438	-1
6728.9229	-1
6738.0020	-1
6747.0811	-1
6756.1602	-1
6765.2393	-1
6774.3184	-1
6783.3975	-1
6792.4766	-1
6801.5557	-1
6810.6353	-1
6819.7148	-1
6828.7944	-1
6837.8740	-1
6846.9536	-1
6856.0332	-1
6865.1128	-1
6874.1924	-1
6883.2720	-1
6892.3516	-1
6901.4312	-1
6910.5107	-1
6919.5908	1
6928.6709	1
6937.7510	1
6946.8311	1
6955.9111	1
6964.9912	1
6974.0713	1
6983.1514	1
6992.2339	-1
7001.3164	-1
7010.3989	-1
7019.4814	-1
7028.5640	-1
7037.6465	-1
7046.7290	-1
7055.8115	-1
7064.8940	-1
7073.9766	-1
7083.0591	-1
7092.1416	-1
7101.2246	-1
7110.3076	-1
7119.3906	-1
7128.4736	-1
7137.5566	-1
7146.6396	-1
7155.7227	-1
7164.8057	-1
7173.8887	-1
7182.9717	-1
7192.0547	-1
7201.1377	-1
7210.2207	-1
7219.3037	-1
7228.3867	-1
7237.4697	-1
7246.5527	-1
7255.6357	-1
7264.7188	-1
7273.8018	-1
7282.8848	-1
7291.9678	-1
7301.0513	-1
7310.1348	-1
7319.2183	-1
7328.3018	-1
7337.3853	-1
7346.4688	-1
7355.5522	-1
7364.6357	-1
7373.7192	-1
7382.8027	-1
7391.8862	-1
7400.9697	-1
7410.0532	-1
7419.1367	-1
7428.2207	1
7437.3047	1
7446.3887	1
7455.4731	1
7464.5576	1
7473.6421	1
7482.7266	1
7491.8110	1
7500.8955	1
7509.9800	1
7519.0645	1
7528.1489	1
7537.2339	1
7546.3188	1
7555.4038	1
7564.4888	1
7573.5762	-1
7582.6641	-1
7591.7520	-1
7600.8398	-1
7609.9277	-1
7619.0156	-1
7628.1035	-1
7637.1914	-1
7646.2793	-1
7655.3672	-1
7664.4551	-1
7673.5430	-1
7682.6313	-1
7691.7197	-1
7700.8081	-1
7709.8965	-1
7718.9849	-1
7728.0732	-1
7737.1616	-1
7746.2500	-1
7755.3384	-1
7764.4268	-1
7773.5151	-1
7782.6035	-1
7791.6924	1
7800.7812	1
7809.8701	1
7818.9595	1
7828.0488	1
7837.1382	1
7846.2275	1
7855.3169	1
7864.4082	-1
7873.4995	-1
7882.5908	-1
7891.6821	-1
7900.7734	-1
7909.8647	-1
7918.9561	-1
7928.0474	-1
7937.1387	-1
7946.2300	-1
7955.3213	-1
7964.4126	-1
7973.5039	-1
7982.5952	-1
7991.6865	-1
8000.7778	-1
8009.8696	-1
8018.9614	-1
8028.0532	-1
8037.1450	-1
8046.2368	-1
8055.3286	-1
8064.4204	-1
8073.5122	-1
8082.6040	-1
8091.6958	-1
8100.7876	-1
8109.8794	-1
8118.9712	-1
8128.0630	-1
8137.1553	-1
8146.2476	-1
8155.3398	-1
8164.4321	-1
8173.5244	-1
8182.6167	-1
8191.7095	-1
8200.8018	-1
8209.8945	-1
8218.9873	-1
8228.0801	-1
8237.1729	-1
8246.2666	-1
8255.3604	-1
8264.4541	-1
8273.5479	-1
8282.6416	-1
8291.7354	-1
8300.8291	-1
8309.9229	-1
8319.0166	-1
8328.1104	-1
8337.2041	-1
8346.2979	-1
8355.3916	-1
8364.4854	-1
8373.5791	-1
8382.6729	-1
8391.7666	-1
8400.8604	-1
8409.9541	-1
8419.0479	-1
8428.1416	-1
8437.2354	-1
8446.3291	-1
8455.4229	-1
8464.5166	-1
8473.6104	-1
8482.7041	-1
8491.7979	-1
8500.8916	-1
8509.9854	-1
8519.0801	1
8528.1748	1
8537.2695	1
8546.3643	1
8555.4590	1
8564.5537	1
8573.6484	1
8582.7461	-1
8591.8438	-1
8600.9414	-1
8610.0391	-1
8619.1367	-1
8628.2344	-1
8637.3320	-1
8646.4307	-1
8655.5293	-1
8664.6279	-1
8673.7266	-1
8682.8252	-1
8691.9238	-1
8701.0225	-1
8710.1211	-1
8719.2197	-1
8728.3184	-1
8737.4170	-1
8746.5156	-1
8755.6143	-1
8764.7129	-1
8773.8115	-1
8782.9102	-1
8792.0088	-1
8801.1074	-1
8810.2061	-1
8819.3047	-1
8828.4033	-1
8837.5020	-1
8846.6006	-1
8855.6992	-1
8864.7979	-1
8873.8965	-1
8882.9951	-1
8892.0938	-1
8901.1924	-1
8910.2910	-1
8919.3896	-1
8928.4883	-1
8937.5869	-1
8946.6855	-1
8955.7842	-1
8964.8828	-1
8973.9814	-1
8983.0801	-1
8992.1787	-1
9001.2773	-1
9010.3760	-1
9019.4766	-1
9028.5771	-1
9037.6777	-1
9046.7783	-1
9055.8789	-1
9064.9795	-1
9074.0801	-1
9083.1807	-1
9092.2812	-1
9101.3818	-1
9110.4824	-1
9119.5830	-1
9128.6846	-1
9137.7861	-1
9146.8877	-1
9155.9893	-1
9165.0908	-1
9174.1924	-1
9183.2939	-1
9192.3955	-1
9201.4971	-1
9210.5986	-1
9219.7002	-1
9228.8018	-1
9237.9033	-1
9247.0049	-1
9256.1064	-1
9265.2080	-1
9274.3096	-1
9283.4111	-1
9292.5127	-1
9301.6143	-1
9310.7158	-1
9319.8174	-1
9328.9189	-1
9338.0205	-1
9347.1221	-1
9356.2236	-1
9365.3252	-1
9374.4268	-1
9383.5420	1
9392.6592	-1
9401.7764	1
9410.8945	1
9420.0137	-1
9429.1328	-1
9438.2520	-1
9447.3711	-1
9456.4902	-1
9465.6094	-1
9474.7285	-1
9483.8477	-1
9492.9795	1
9502.1133	-1
9511.2471	1
9520.3809	1
9529.5156	-1
9538.6504	-1
9547.7852	-1
9556.9199	-1
9566.0547	-1
9575.1895	-1
9584.3242	-1
9593.4590	-1
9602.5938	-1
9611.7285	-1
9620.8633	-1
9629.9980	-1
9639.1338	1
9648.2695	-1
9657.4053	-1
9666.5410	-1
9675.6768	-1
9684.8125	-1
9693.9482	-1
9703.0977	1
9712.2490	-1
9721.4014	1
9730.5537	1
9739.7061	-1
9748.8584	-1
9758.0107	-1
9767.1631	-1
9776.3154	-1
9785.4678	-1
9794.6211	-1
9803.7744	-1
9812.9277	-1
9822.0811	-1
9831.2344	-1
9840.4023	1
9849.5713	-1
9858.7412	1
9867.9111	1
9877.0820	-1
9886.2529	-1
9895.4238	-1
9904.5947	-1
9913.7656	-1
9922.9365	-1
9932.1074	-1
9941.2783	-1
9950.4492	-1
9959.6201	-1
9968.7910	-1
9977.9619	-1
9987.1328	1
9996.3037	1
10005.4756	1
10014.6475	1
10023.8193	-1
10032.9912	-1
10042.1631	-1
10051.3350	-1
10060.5068	-1
10069.6787	-1
10078.8506	-1
10088.0225	-1
10097.1943	-1
10106.3662	-1
10115.5381	-1
10124.7100	-1
10133.8828	1
10143.0557	1
10152.2285	1
10161.4014	1
10170.5742	-1
10179.7471	-1
10188.9199	-1
10198.0928	-1
10207.2656	-1
10216.4385	-1
10225.6123	-1
10234.7861	-1
10243.9600	-1
10253.1338	-1
10262.3076	-1
10271.4814	-1
10280.6553	1
10289.8291	1
10299.0029	1
10308.1768	1
10317.3516	-1
10326.5264	-1
10335.7012	-1
10344.8760	-1
10354.0508	-1
10363.2256	-1
10372.4014	-1
10381.5771	-1
10390.7529	-1
10399.9287	-1
10409.1045	-1
10418.2803	-1
10427.4561	-1
10436.6318	-1
10445.8076	-1
10454.9834	-1
10464.1592	-1
10473.3350	-1
10482.5107	-1
10491.6865	-1
10500.8623	-1
10510.0381	-1
10519.2139	-1
10528.3896	-1
10537.5674	-1
10546.7451	-1
10555.9229	-1
10565.1006	-1
10574.2783	-1
10583.4561	-1
10592.6338	-1
10601.8115	-1
10610.9893	-1
10620.1670	-1
10629.3447	-1
10638.5225	-1
10647.7002	1
10656.8779	1
10666.0557	-1
10675.2334	-1
10684.4111	-1
10693.5889	-1
10702.7666	-1
10711.9443	-1
10721.1230	-1
10730.3018	-1
10739.4805	-1
10748.6592	-1
10757.8379	-1
10767.0166	-1
10776.1953	1
10785.3740	1
10794.5527	1
10803.7314	1
10812.9102	1
10822.0889	1
10831.2686	-1
10840.4482	-1
10849.6279	-1
10858.8076	-1
10867.9873	-1
10877.1670	-1
10886.3467	-1
10895.5264	-1
10904.7061	-1
10913.8857	-1
10923.0654	-1
10932.2451	-1
10941.4248	1
10950.6045	1
10959.7852	1
10968.9658	1
10978.1465	1
10987.3271	1
10996.5078	1
11005.6885	1
11014.8691	1
11024.0498	1
11033.2305	1
11042.4111	1
11051.5918	-1
11060.7725	-1
11069.9531	-1
11079.1338	-1
11088.3145	-1
11097.4951	-1
11106.6777	-1
11115.8604	-1
11125.0430	-1
11134.2256	-1
11143.4082	-1
11152.5908	-1
11161.7744	-1
11170.9580	-1
11180.1416	-1
11189.3252	-1
11198.5088	-1
11207.6924	-1
11216.8770	-1
11226.0615	-1
11235.2461	-1
11244.4307	-1
11253.6152	-1
11262.7998	-1
11271.9844	-1
11281.1689	-1
11290.3535	-1
11299.5381	-1
11308.7227	-1
11317.9072	-1
11327.0918	-1
11336.2764	-1
11345.4609	-1
11354.6455	-1
11363.8301	-1
11373.0146	-1
11382.1992	-1
11391.3838	-1
11400.5684	-1
11409.7529	-1
11418.9375	-1
11428.1221	-1
11437.3066	-1
11446.4912	-1
11455.6758	-1
11464.8604	-1
11474.0449	-1
11483.2295	-1
11492.4141	-1
11501.5986	-1
11510.7832	-1
11519.9678	-1
11529.1523	-1
11538.3369	-1
11547.5215	-1
11556.7061	-1
11565.8906	-1
11575.0752	-1
11584.2598	-1
11593.4443	-1
11602.6299	-1
11611.8154	-1
11621.0010	-1
11630.1865	-1
11639.3721	-1
11648.5576	-1
11657.7432	-1
11666.9287	-1
11676.1143	-1
11685.2998	-1
11694.4854	-1
11703.6709	-1
11712.8574	-1
11722.0439	-1
11731.2305	-1
11740.4170	-1
11749.6035	-1
11758.7900	-1
11767.9766	-1
11777.1631	-1
11786.3496	-1
11795.5361	-1
11804.7227	-1
11813.9092	-1
11823.0957	-1
11832.2822	-1
11841.4688	-1
11850.6553	-1
11859.8418	-1
11869.0283	-1
11878.2148	-1
11887.4014	-1
11896.5879	-1
11905.7744	-1
11914.9609	-1
11924.1475	-1
11933.3350	-1
11942.5225	-1
11951.7100	-1
11960.8975	-1
11970.0850	-1
11979.2725	-1
11988.4600	-1
11997.6475	-1
12006.8496	1
12016.0537	-1
12025.2578	1
12034.4619	1
12043.6670	-1
12052.8721	-1
12062.0791	-1
12071.2969	1
12080.5166	-1
12089.7373	1
12098.9580	1
12108.1787	-1
12117.3994	-1
12126.6201	-1
12135.8408	-1
12145.0625	-1
12154.2969	1
12163.5322	-1
12172.7686	1
12182.0049	1
12191.2412	-1
12200.4775	-1
12209.7139	-1
12218.9502	-1
12228.1865	-1
12237.4229	-1
12246.6602	-1
12255.8975	-1
12265.1348	-1
12274.3721	-1
12283.6094	-1
12292.8467	-1
12302.0840	1
12311.3213	1
12320.5596	-1
12329.7979	-1
12339.0361	-1
12348.2744	-1
12357.5127	-1
12366.7510	-1
12375.9893	-1
12385.2275	-1
12394.4785	1
12403.7314	-1
12412.9844	1
12422.2373	1
12431.4912	-1
12440.7451	-1
12449.9990	-1
12459.2529	-1
12468.5068	-1
12477.7607	-1
12487.0146	-1
12496.2686	-1
12505.5225	-1
12514.7764	-1
12524.0303	-1
12533.2842	-1
12542.5381	1
12551.7920	1
12561.0469	1
12570.3018	1
12579.5576	-1
12588.8135	-1
12598.0693	-1
12607.3252	-1
12616.5811	-1
12625.8369	-1
12635.0928	-1
12644.3486	-1
12653.6045	-1
12662.8604	-1
12672.1162	-1
12681.3721	-1
12690.6279	-1
12699.8838	-1
12709.1396	-1
12718.3955	-1
12727.6514	-1
12736.9072	-1
12746.1631	-1
12755.4189	-1
12764.6748	-1
12773.9307	-1
12783.1865	-1
12792.4424	-1
12801.6982	1
12810.9541	1
12820.2100	1
12829.4658	1
12838.7227	1
12847.9795	1
12857.2363	1
12866.4932	1
12875.7510	-1
12885.0088	-1
12894.2666	-1
12903.5244	-1
12912.7822	-1
12922.0400	-1
12931.2988	-1
12940.5576	-1
12949.8164	-1
12959.0752	-1
12968.3340	-1
12977.5928	-1
12986.8516	-1
12996.1104	-1
13005.3691	-1
13014.6279	-1
13023.8867	-1
13033.1455	-1
13042.4043	-1
13051.6631	-1
13060.9219	-1
13070.1807	-1
13079.4395	-1
13088.6982	-1
13097.9570	-1
13107.2158	-1
13116.4746	-1
13125.7334	-1
13134.9922	-1
13144.2510	-1
13153.5098	-1
13162.7686	-1
13172.0273	-1
13181.2861	-1
13190.5449	-1
13199.8037	-1
13209.0625	-1
13218.3213	-1
13227.5801	-1
13236.8389	-1
13246.0977	-1
13255.3564	-1
13264.6152	-1
13273.8740	-1
13283.1328	-1
13292.3916	-1
13301.6504	-1
13310.9092	-1
13320.1689	1
13329.4287	1
13338.6885	1
13347.9482	1
13357.2080	1
13366.4678	1
13375.7275	1
13384.9873	1
13394.2471	1
13403.5068	1
13412.7686	-1
13422.0303	-1
13431.2920	-1
13440.5537	-1
13449.8164	-1
13459.0791	-1
13468.3418	-1
13477.6045	-1
13486.8672	-1
13496.1299	-1
13505.3926	-1
13514.6553	-1
13523.9180	-1
13533.1807	-1
13542.4434	-1
13551.7061	-1
13560.9688	-1
13570.2314	-1
13579.4941	-1
13588.7568	-1
13598.0195	-1
13607.2822	-1
13616.5449	-1
13625.8076	-1
13635.0713	-1
13644.3350	-1
13653.5986	-1
13662.8623	-1
13672.1260	-1
13681.3896	-1
13690.6533	-1
13699.9170	-1
13709.1807	-1
13718.4443	-1
13727.7080	-1
13736.9717	-1
13746.2354	-1
13755.4990	-1
13764.7627	-1
13774.0264	-1
13783.2900	-1
13792.5537	-1
13801.8174	-1
13811.0811	-1
13820.3447	-1
13829.6084	-1
13838.8721	-1
13848.1357	-1
13857.3994	-1
13866.6631	-1
13875.9268	-1
13885.1904	-1
13894.4541	-1
13903.7178	-1
13912.9824	-1
13922.2471	-1
13931.5117	-1
13940.7891	1
13950.0684	-1
13959.3477	1
13968.6270	1
13977.9072	-1
13987.1875	-1
13996.4678	-1
14005.7480	-1
14015.0283	-1
14024.3086	-1
14033.5889	-1
14042.8691	-1
14052.1621	1
14061.4570	-1
14070.7520	1
14080.0469	1
14089.3438	-1
14098.6406	-1
14107.9375	-1
14117.2344	-1
14126.5312	-1
14135.8281	-1
14145.1250	-1
14154.4346	1
14163.7461	-1
14173.0576	1
14182.3691	1
14191.6816	-1
14200.9941	-1
14210.3066	-1
14219.6191	-1
14228.9326	-1
14238.2588	1
14247.5859	-1
14256.9141	1
14266.2422	1
14275.5713	-1
14284.9004	-1
14294.2295	-1
14303.5586	-1
14312.8877	-1
14322.2168	-1
14331.5459	-1
14340.8750	-1
14350.2041	-1
14359.5332	-1
14368.8623	-1
14378.1914	-1
14387.5215	1
14396.8516	1
14406.1816	1
14415.5117	1
14424.8428	-1
14434.1738	-1
14443.5049	-1
14452.8359	-1
14462.1670	-1
14471.4980	-1
14480.8291	-1
14490.1602	-1
14499.4912	-1
14508.8223	-1
14518.1533	-1
14527.4844	-1
14536.8164	-1
14546.1484	-1
14555.4805	-1
14564.8125	-1
14574.1445	-1
14583.4766	-1
14592.8086	-1
14602.1406	-1
14611.4727	1
14620.8047	-1
14630.1367	-1
14639.4688	-1
14648.8008	-1
14658.1328	1
14667.4648	1
14676.7969	1
14686.1299	1
14695.4629	1
14704.7959	1
14714.1289	1
14723.4629	-1
14732.7969	-1
14742.1309	-1
14751.4648	-1
14760.7988	-1
14770.1328	-1
14779.4678	-1
14788.8027	-1
14798.1377	-1
14807.4727	-1
14816.8076	-1
14826.1426	-1
14835.4775	1
14844.8125	1
14854.1475	1
14863.4824	1
14872.8184	-1
14882.1543	-1
14891.4902	-1
14900.8262	-1
14910.1621	-1
14919.4980	-1
14928.8340	-1
14938.1699	-1
14947.5059	-1
14956.8418	-1
14966.1777	-1
14975.5137	-1
14984.8506	-1
14994.1875	-1
15003.5244	-1
15012.8613	-1
15022.1982	-1
15031.5352	-1
15040.8721	-1
15050.2090	-1
15059.5459	-1
15068.8828	-1
15078.2197	-1
15087.5566	-1
15096.8936	-1
15106.2305	-1
15115.5674	-1
15124.9043	-1
15134.2412	-1
15143.5781	-1
15152.9150	-1
15162.2520	-1
15171.5889	-1
15180.9258	-1
15190.2627	-1
15199.5996	-1
15208.9375	1
15218.2754	1
15227.6133	1
15236.9531	-1
15246.2930	-1
15255.6328	-1
15264.9727	-1
15274.3125	-1
15283.6523	-1
15292.9932	-1
15302.3340	-1
15311.6748	-1
15321.0156	-1
15330.3564	-1
15339.6973	-1
15349.0381	-1
15358.3789	-1
15367.7197	-1
15377.0605	-1
15386.4014	-1
15395.7422	-1
15405.0830	-1
15414.4238	-1
15423.7646	-1
15433.1055	-1
15442.4463	-1
15451.7871	-1
15461.1279	-1
15470.4688	-1
15479.8096	-1
15489.1504	-1
15498.4912	-1
15507.8320	-1
15517.1738	-1
15526.5156	-1
15535.8574	-1
15545.1992	-1
15554.5410	-1
15563.8828	-1
15573.2246	-1
15582.5664	-1
15591.9082	-1
15601.2500	-1
15610.5918	-1
15619.9473	1
15629.3037	-1
15638.6611	1
15648.0186	1
15657.3770	-1
15666.7354	-1
15676.0938	-1
15685.4521	-1
15694.8105	-1
15704.1689	-1
15713.5283	-1
15722.8877	-1
15732.2471	-1
15741.6064	-1
15750.9658	-1
15760.3252	-1
15769.6846	1
15779.0439	1
15788.4033	1
15797.7627	1
15807.1240	-1
15816.4854	-1
15825.8467	-1
15835.2080	-1
15844.5693	-1
15853.9307	-1
15863.2920	-1
15872.6533	-1
15882.0146	-1
15891.3760	-1
15900.7373	-1
15910.0986	-1
15919.4600	-1
15928.8213	-1
15938.1826	-1
15947.5439	-1
15956.9053	-1
15966.2666	-1
15975.6279	-1
15984.9893	-1
15994.3506	-1
16003.7119	-1
16013.0732	-1
16022.4346	-1
16031.7959	1
16041.1572	1
16050.5186	1
16059.8809	1
16069.2432	1
16078.6055	1
16087.9678	1
16097.3301	1
16106.6943	-1
16116.0586	-1
16125.4229	-1
16134.7871	-1
16144.1514	-1
16153.5156	-1
16162.8809	-1
16172.2461	-1
16181.6113	-1
16190.9766	-1
16200.3418	-1
16209.7070	-1
16219.0723	-1
16228.4375	-1
16237.8027	-1
16247.1680	-1
16256.5332	-1
16265.8984	-1
16275.2637	-1
16284.6289	-1
16293.9941	-1
16303.3594	-1
16312.7246	-1
16322.0898	-1
16331.4551	-1
16340.8203	-1
16350.1855	-1
16359.5508	-1
16368.9160	-1
16378.2812	-1
16387.6465	-1
16397.0117	-1
16406.3770	-1
16415.7422	-1
16425.1074	-1
16434.4727	-1
16443.8379	-1
16453.2031	-1
16462.5684	-1
16471.9336	-1
16481.2988	-1
16490.6641	-1
16500.0293	-1
16509.3945	-1
16518.7598	-1
16528.1250	-1
16537.4902	-1
16546.8555	-1
16556.2207	1
16565.5859	1
16574.9512	1
16584.3184	1
16593.6855	1
16603.0527	1
16612.4199	1
16621.7871	1
16631.1543	1
16640.5234	-1
16649.8926	-1
16659.2617	-1
16668.6309	-1
16678.0000	-1
16687.3691	-1
16696.7383	-1
16706.1074	-1
16715.4766	-1
16724.8457	-1
16734.2148	-1
16743.5840	-1
16752.9531	-1
16762.3223	-1
16771.6914	-1
16781.0605	-1
16790.4297	-1
16799.7988	-1
16809.1680	-1
16818.5371	-1
16827.9062	-1
16837.2754	-1
16846.6445	-1
16856.0137	-1
16865.3828	-1
16874.7520	-1
16884.1211	-1
16893.4902	-1
16902.8594	-1
16912.2285	-1
16921.5996	-1
16930.9707	-1
16940.3418	-1
16949.7129	-1
16959.0840	-1
16968.4551	-1
16977.8262	-1
16987.1973	-1
16996.5684	-1
17005.9395	-1
17015.3105	-1
17024.6816	-1
17034.0527	-1
17043.4238	-1
17052.7949	-1
17062.1660	-1
17071.5371	-1
17080.9082	-1
17090.2793	-1
17099.6504	-1
17109.0215	-1
17118.3926	-1
17127.7773	1
17137.1641	-1
17146.5508	1
17155.9395	1
17165.3281	-1
17174.7168	-1
17184.1055	-1
17193.4941	-1
17202.8828	-1
17212.2715	-1
17221.6602	-1
17231.0488	-1
17240.4375	-1
17249.8262	-1
17259.2148	-1
17268.6035	-1
17277.9922	1
17287.3809	1
17296.7695	1
17306.1582	1
17315.5488	-1
17324.9395	-1
17334.3301	-1
17343.7207	-1
17353.1113	-1
17362.5020	-1
17371.8926	-1
17381.2832	-1
17390.6738	-1
17400.0645	-1
17409.4551	-1
17418.8457	-1
17428.2363	-1
17437.6270	-1
17447.0176	-1
17456.4082	-1
17465.7988	-1
17475.1895	-1
17484.5801	-1
17493.9707	-1
17503.3613	-1
17512.7520	-1
17522.1426	-1
17531.5332	-1
17540.9238	1
17550.3145	1
17559.7051	1
17569.0957	1
17578.4863	1
17587.8770	1
17597.2676	1
17606.6602	1
17616.0527	-1
17625.4453	-1
17634.8379	-1
17644.2305	-1
17653.6230	-1
17663.0156	-1
17672.4082	-1
17681.8008	-1
17691.1934	-1
17700.5859	-1
17709.9785	-1
17719.3711	-1
17728.7637	-1
17738.1582	-1
17747.5527	-1
17756.9473	-1
17766.3418	-1
17775.7363	-1
17785.1309	-1
17794.5254	-1
17803.9199	-1
17813.3145	-1
17822.7090	-1
17832.1035	-1
17841.4980	1
17850.8926	1
17860.2871	-1
17869.6816	-1
17879.0762	-1
17888.4707	-1
17897.8652	-1
17907.2598	-1
17916.6543	1
17926.0488	1
17935.4434	-1
17944.8379	-1
17954.2324	-1
17963.6270	-1
17973.0215	-1
17982.4160	-1
17991.8105	-1
18001.2051	-1
18010.5996	-1
18019.9941	-1
18029.3887	-1
18038.7832	-1
18048.1777	-1
18057.5723	-1
18066.9668	-1
18076.3613	-1
18085.7559	-1
18095.1504	-1
18104.5449	1
18113.9395	1
18123.3340	1
18132.7285	1
18142.1230	1
18151.5176	1
18160.9121	1
18170.3066	1
18179.7012	1
18189.0957	1
18198.4922	1
18207.8887	1
18217.2852	-1
18226.6816	-1
18236.0781	-1
18245.4746	-1
18254.8711	-1
18264.2676	-1
18273.6641	-1
18283.0605	-1
18292.4570	-1
18301.8535	-1
18311.2500	-1
18320.6465	-1
18330.0430	-1
18339.4395	-1
18348.8359	-1
18358.2324	-1
18367.6289	-1
18377.0254	-1
18386.4219	-1
18395.8184	-1
18405.2148	-1
18414.6113	-1
18424.0078	-1
18433.4043	-1
18442.8008	-1
18452.1992	-1
18461.5977	-1
18470.9961	-1
18480.3945	-1
18489.7930	-1
18499.1914	-1
18508.5898	-1
18517.9883	-1
18527.3867	-1
18536.7852	-1
18546.1836	-1
18555.5820	-1
18564.9805	-1
18574.3789	-1
18583.7773	-1
18593.1758	-1
18602.5742	-1
18611.9727	-1
18621.3711	-1
18630.7695	-1
18640.1680	-1
18649.5664	-1
18658.9648	-1
18668.3633	-1
18677.7617	-1
18687.1602	-1
18696.5586	-1
18705.9570	-1
18715.3555	-1
18724.7539	1
18734.1523	1
18743.5508	-1
18752.9492	-1
18762.3477	-1
18771.7461	-1
18781.1445	-1
18790.5430	-1
18799.9414	1
18809.3418	1
18818.7422	-1
18828.1426	1
18837.5430	-1
18846.9434	-1
18856.3438	-1
18865.7441	-1
18875.1445	-1
18884.5449	1
18893.9453	1
18903.3457	1
18912.7461	1
18922.1465	-1
18931.5469	-1
18940.9473	-1
18950.3477	-1
18959.7480	-1
18969.1484	-1
18978.5488	1
18987.9492	1
18997.3496	1
19006.7500	1
19016.1504	-1
19025.5508	-1
19034.9512	-1
19044.3516	-1
19053.7520	-1
19063.1523	-1
19072.5527	1
19081.9531	1
19091.3535	1
19100.7539	1
19110.1543	-1
19119.5547	-1
19128.9551	-1
19138.3555	-1
19147.7559	-1
19157.1562	-1
19166.5566	1
19175.9570	1
19185.3574	1
19194.7578	1
19204.1582	1
19213.5605	1
19222.9629	1
19232.3652	1
19241.7676	-1
19251.1699	1
19260.5723	-1
19269.9746	-1
19279.3770	-1
19288.7793	-1
19298.1816	-1
19307.5840	1
19316.9863	1
19326.3887	-1
19335.7910	-1
19345.1934	-1
19354.5957	-1
19363.9980	-1
19373.4004	-1
19382.8027	1
19392.2051	1
19401.6074	1
19411.0098	1
19420.4121	-1
19429.8145	-1
19439.2168	-1
19448.6191	-1
19458.0215	-1
19467.4238	-1
19476.8262	-1
19486.2285	-1
19495.6309	-1
19505.0332	-1
19514.4355	-1
19523.8379	-1
19533.2402	-1
19542.6426	-1
19552.0449	-1
19561.4473	-1
19570.8496	-1
19580.2520	-1
19589.6562	-1
19599.0605	-1
19608.4648	-1
19617.8691	-1
19627.2734	-1
19636.6777	-1
19646.0840	1
19655.4902	1
19664.8965	1
19674.3027	1
19683.7090	1
19693.1152	1
19702.5215	1
19711.9277	-1
19721.3340	-1
19730.7402	-1
19740.1465	-1
19749.5527	1
19758.9590	-1
19768.3652	-1
19777.7715	-1
19787.1777	-1
19796.5840	-1
19805.9902	-1
19815.3965	-1
19824.8027	-1
19834.2090	1
19843.6152	1
19853.0234	-1
19862.4316	-1
19871.8398	-1
19881.2480	-1
19890.6562	-1
19900.0645	-1
19909.4727	-1
19918.8809	-1
19928.2891	-1
19937.6973	-1
19947.1055	-1
19956.5137	-1
19965.9219	-1
19975.3301	-1
19984.7383	-1
19994.1465	-1
20003.5547	-1
20012.9629	-1
20022.3711	-1
20031.7793	-1
20041.1875	-1
20050.5957	-1
20060.0039	-1
20069.4121	-1
20078.8203	-1
20088.2285	-1
20097.6367	-1
20107.0449	-1
20116.4531	-1
20125.8613	-1
20135.2695	-1
20144.6777	-1
20154.0859	-1
20163.4941	-1
20172.9023	-1
20182.3105	-1
20191.7188	-1
20201.1270	-1
20210.5352	-1
20219.9434	-1
20229.3516	-1
20238.7598	-1
20248.1680	-1
20257.5762	-1
20266.9844	-1
20276.3926	-1
20285.8008	-1
20295.2090	-1
20304.6172	-1
20314.0254	-1
20323.4336	-1
20332.8418	-1
20342.2500	-1
20351.6582	-1
20361.0664	-1
20370.4746	-1
20379.8828	-1
20389.2910	-1
20398.6992	-1
20408.1074	-1
20417.5156	-1
20426.9238	-1
20436.3320	-1
20445.7402	-1
20455.1484	-1
20464.5566	-1
20473.9668	1
20483.3770	1
20492.7871	1
20502.1973	1
20511.6074	1
20521.0176	1
20530.4277	1
20539.8398	1
20549.2520	1
20558.6641	1
20568.0762	1
20577.4883	1
20586.9004	1
20596.3125	1
20605.7246	1
20615.1367	1
20624.5488	1
20633.9609	1
20643.3730	1
20652.7852	1
20662.1973	1
20671.6094	1
20681.0215	1
20690.4336	1
20699.8457	-1
20709.2578	-1
20718.6699	-1
20728.0820	-1
20737.4941	-1
20746.9062	-1
20756.3184	-1
20765.7305	-1
20775.1426	-1
20784.5547	-1
20793.9668	-1
20803.3789	-1
20812.7910	-1
20822.2031	-1
20831.6152	-1
20841.0273	-1
20850.4395	-1
20859.8516	-1
20869.2637	-1
20878.6758	-1
20888.0879	-1
20897.5000	-1
20906.9121	-1
20916.3242	-1
20925.7363	-1
20935.1484	-1
20944.5605	-1
20953.9727	-1
20963.3848	-1
20972.7969	-1
20982.2090	-1
20991.6211	-1
21001.0332	-1
21010.4453	-1
21019.8574	-1
21029.2695	-1
21038.6836	-1
21048.0977	-1
21057.5117	-1
21066.9258	-1
21076.3398	-1
21085.7539	-1
21095.1680	-1
21104.5820	-1
21113.9961	-1
21123.4102	-1
21132.8242	-1
21142.2383	-1
21151.6523	-1
21161.0664	-1
21170.4805	-1
21179.8945	-1
21189.3086	-1
21198.7227	-1
21208.1367	-1
21217.5508	-1
21226.9648	-1
21236.3789	-1
21245.7930	-1
21255.2070	-1
21264.6211	-1
21274.0352	-1
21283.4492	-1
21292.8633	-1
21302.2773	-1
21311.6914	-1
21321.1055	-1
21330.5195	-1
21339.9336	-1
21349.3477	-1
21358.7617	-1
21368.1758	-1
21377.5918	-1
21387.0078	-1
21396.4238	-1
21405.8398	-1
21415.2559	-1
21424.6719	-1
21434.0879	-1
21443.5039	-1
21452.9199	-1
21462.3359	-1
21471.7520	-1
21481.1680	-1
21490.5840	-1
21500.0000	-1
21509.4160	-1
21518.8320	-1
21528.2480	-1
21537.6641	-1
21547.0801	-1
21556.4961	-1
21565.9121	-1
21575.3281	-1
21584.7441	-1
21594.1602	-1
21603.5762	-1
21612.9922	-1
21622.4082	-1
21631.8242	-1
21641.2402	-1
21650.6562	-1
21660.0723	-1
21669.4883	-1
21678.9043	-1
21688.3203	-1
21697.7363	-1
21707.1523	-1
21716.5684	-1
21725.9844	-1
21735.4004	-1
21744.8164	-1
21754.2324	-1
21763.6484	-1
21773.0664	-1
21782.4844	-1
21791.9023	-1
21801.3203	-1
21810.7383	-1
21820.1562	-1
21829.5742	-1
21838.9922	-1
21848.4102	-1
21857.8281	-1
21867.2461	-1
21876.6641	-1
21886.0820	-1
21895.5000	-1
21904.9180	-1
21914.3359	-1
21923.7539	-1
21933.1719	-1
21942.5898	-1
21952.0078	-1
21961.4258	-1
21970.8438	-1
21980.2617	-1
21989.6797	-1
21999.0977	1
22008.5156	1
22017.9336	1
22027.3516	-1
22036.7695	-1
22046.1875	1
22055.6055	-1
22065.0234	-1
22074.4414	-1
22083.8594	-1
22093.2773	1
22102.6953	1
22112.1133	1
22121.5312	1
22130.9492	1
22140.3672	1
22149.7852	1
22159.2031	1
22168.6211	1
22178.0391	1
22187.4570	1
22196.8770	-1
22206.2969	-1
22215.7168	-1
22225.1367	-1
22234.5566	-1
22243.9766	-1
22253.3984	-1
22262.8203	-1
22272.2422	-1
22281.6641	-1
22291.0859	-1
22300.5078	-1
22309.9297	-1
22319.3516	-1
22328.7734	-1
22338.1953	-1
22347.6172	-1
22357.0391	-1
22366.4609	-1
22375.8828	-1
22385.3047	-1
22394.7266	-1
22404.1484	-1
22413.5703	-1
22422.9922	-1
22432.4141	-1
22441.8359	-1
22451.2578	-1
22460.6797	-1
22470.1016	-1
22479.5234	-1
22488.9453	-1
22498.3672	-1
22507.7891	-1
22517.2109	-1
22526.6328	-1
22536.0547	-1
22545.4766	-1
22554.8984	-1
22564.3203	-1
22573.7422	-1
22583.1641	-1
22592.5859	-1
22602.0078	-1
22611.4297	-1
22620.8516	-1
22630.2734	-1
22639.6953	-1
22649.1172	-1
22658.5391	-1
22667.9609	-1
22677.3828	-1
22686.8047	-1
22696.2266	-1
22705.6484	-1
22715.0703	-1
22724.4922	-1
22733.9141	-1
22743.3359	-1
22752.7578	-1
22762.1816	-1
22771.6055	-1
22781.0293	-1
22790.4531	-1
22799.8770	-1
22809.3008	-1
22818.7246	-1
22828.1484	-1
22837.5723	-1
22846.9961	-1
22856.4199	-1
22865.8438	-1
22875.2676	-1
22884.6914	-1
22894.1152	-1
22903.5391	-1
22912.9629	-1
22922.3867	-1
22931.8105	-1
22941.2344	-1
22950.6582	-1
22960.0820	-1
22969.5059	-1
22978.9297	-1
22988.3535	-1
22997.7773	-1
23007.2012	-1
23016.6250	-1
23026.0488	-1
23035.4727	-1
23044.8965	-1
23054.3203	-1
23063.7441	-1
23073.1680	-1
23082.5918	-1
23092.0156	-1
23101.4395	-1
23110.8633	-1
23120.2871	-1
23129.7109	-1
23139.1348	-1
23148.5586	-1
23157.9844	-1
23167.4102	-1
23176.8359	-1
23186.2617	-1
23195.6875	-1
23205.1133	-1
23214.5391	-1
23223.9648	-1
23233.3906	-1
23242.8164	-1
23252.2422	-1
23261.6680	-1
23271.0938	-1
23280.5195	-1
23289.9453	-1
23299.3711	-1
23308.7969	-1
23318.2227	-1
23327.6484	-1
23337.0742	-1
23346.5000	-1
23355.9258	-1
23365.3516	-1
23374.7773	-1
23384.2051	-1
23393.6328	-1
23403.0605	-1
23412.4883	-1
23421.9160	-1
23431.3438	-1
23440.7715	-1
23450.1992	-1
23459.6270	-1
23469.0547	-1
23478.4824	-1
23487.9102	-1
23497.3379	-1
23506.7656	-1
23516.1934	-1
23525.6211	-1
23535.0488	-1
23544.4766	-1
23553.9043	-1
23563.3320	-1
23572.7598	-1
23582.1875	-1
23591.6152	-1
23601.0430	-1
23610.4707	-1
23619.8984	-1
23629.3262	-1
23638.7539	-1
23648.1816	-1
23657.6094	-1
23667.0371	-1
23676.4648	-1
23685.8926	-1
23695.3203	-1
23704.7480	-1
23714.1758	-1
23723.6035	-1
23733.0312	-1
23742.4590	-1
23751.8867	-1
23761.3145	-1
23770.7422	-1
23780.1699	-1
23789.5977	-1
23799.0254	-1
23808.4531	-1
23817.8809	-1
23827.3086	-1
23836.7363	-1
23846.1641	-1
23855.5918	-1
23865.0195	-1
23874.4473	-1
23883.8750	-1
23893.3027	-1
23902.7305	-1
23912.1582	-1
23921.5859	-1
23931.0137	-1
23940.4414	-1
23949.8691	-1
23959.2969	-1
23968.7246	-1
23978.1523	-1
23987.5801	-1
23997.0078	-1
24006.4355	-1
24015.8633	-1
24025.2910	-1
24034.8926	1
24044.4941	1
24054.0957	1
24063.6992	-1
24073.3027	-1
24082.9062	-1
24092.5098	-1
24102.1133	-1
24111.7168	-1
24121.3203	-1
24130.9238	-1
24140.5273	-1
24150.1309	-1
24159.7344	-1
24169.3379	-1
24178.9414	-1
24188.5449	-1
24198.1484	-1
24207.7520	-1
24217.3555	-1
24226.9590	-1
24236.5703	1
24246.1816	1
24255.7930	1
24265.4043	1
24275.0176	-1
24284.6309	-1
24294.2441	-1
24303.8574	-1
24313.4707	-1
24323.0840	-1
24332.6973	-1
24342.3105	-1
24351.9238	-1
24361.5371	-1
24371.1504	-1
24380.7637	-1
24390.3770	-1
24399.9902	-1
24409.6035	-1
24419.2168	-1
24428.8301	-1
24438.4434	-1
24448.0566	-1
24457.6699	-1
24467.2832	-1
24476.8965	-1
24486.5098	-1
24496.1230	-1
24505.7500	1
24515.3789	-1
24525.0078	1
24534.6367	1
24544.2676	-1
24553.8984	-1
24563.5293	-1
24573.1602	-1
24582.7910	-1
24592.4219	-1
24602.0527	-1
24611.6836	-1
24621.3145	-1
24630.9453	-1
24640.5762	-1
24650.2070	-1
24659.8379	1
24669.4688	1
24679.0996	1
24688.7305	1
24698.3613	-1
24707.9922	-1
24717.6230	-1
24727.2539	-1
24736.8848	-1
24746.5156	-1
24756.1484	-1
24765.7812	-1
24775.4141	-1
24785.0469	-1
24794.6797	-1
24804.3125	-1
24813.9453	-1
24823.5781	-1
24833.2109	-1
24842.8438	-1
24852.4766	-1
24862.1094	-1
24871.7422	-1
24881.3750	-1
24891.0078	-1
24900.6406	-1
24910.2734	-1
24919.9062	-1
24929.5391	1
24939.1719	1
24948.8047	1
24958.4375	1
24968.0703	1
24977.7031	1
24987.3359	1
24996.9688	1
25006.6035	-1
25016.2383	-1
25025.8730	-1
25035.5078	-1
25045.1426	-1
25054.7773	-1
25064.4121	-1
25074.0469	-1
25083.6816	-1
25093.3164	-1
25102.9512	-1
25112.5859	-1
25122.2207	-1
25131.8555	-1
25141.4902	-1
25151.1250	-1
25160.7598	-1
25170.3945	-1
25180.0293	-1
25189.6641	-1
25199.2988	-1
25208.9336	-1
25218.5684	-1
25228.2031	-1
25237.8379	-1
25247.4727	-1
25257.1074	-1
25266.7422	-1
25276.3770	-1
25286.0117	-1
25295.6465	-1
25305.2812	-1
25314.9160	-1
25324.5508	-1
25334.1855	-1
25343.8203	-1
25353.4551	-1
25363.0898	-1
25372.7266	-1
25382.3633	-1
25392.0000	-1
25401.6367	-1
25411.2734	-1
25420.9102	-1
25430.5469	-1
25440.1836	-1
25449.8203	-1
25459.4570	-1
25469.0938	1
25478.7305	1
25488.3672	1
25498.0039	1
25507.6406	1
25517.2773	1
25526.9141	1
25536.5508	1
25546.1875	1
25555.8242	1
25565.4609	1
25575.0977	1
25584.7344	1
25594.3711	1
25604.0078	1
25613.6445	1
25623.2832	-1
25632.9219	-1
25642.5605	-1
25652.1992	-1
25661.8379	-1
25671.4766	-1
25681.1152	1
25690.7539	1
25700.3926	-1
25710.0312	-1
25719.6699	-1
25729.3086	-1
25738.9473	-1
25748.5859	-1
25758.2246	-1
25767.8633	-1
25777.5020	-1
25787.1406	-1
25796.7793	-1
25806.4180	-1
25816.0586	-1
25825.6992	-1
25835.3398	-1
25844.9805	-1
25854.6211	-1
25864.2617	-1
25873.9023	-1
25883.5430	-1
25893.1836	-1
25902.8242	-1
25912.4648	-1
25922.1055	-1
25931.7461	-1
25941.3867	-1
25951.0273	-1
25960.6680	-1
25970.3086	-1
25979.9492	-1
25989.5898	-1
25999.2305	-1
26008.8711	-1
26018.5117	-1
26028.1523	-1
26037.7930	-1
26047.4336	1
26057.0742	1
26066.7148	1
26076.3555	-1
26085.9961	-1
26095.6367	-1
26105.2773	-1
26114.9180	-1
26124.5586	-1
26134.1992	1
26143.8398	-1
26153.4805	-1
26163.1211	-1
26172.7617	-1
26182.4023	-1
26192.0430	-1
26201.6836	-1
26211.3242	-1
26220.9648	-1
26230.6055	-1
26240.2461	-1
26249.8867	-1
26259.5273	-1
26269.1680	-1
26278.8086	-1
26288.4492	-1
26298.0898	-1
26307.7305	-1
26317.3730	-1
26327.0156	-1
26336.6582	-1
26346.3008	-1
26355.9434	-1
26365.5859	-1
26375.2285	1
26384.8711	1
26394.5137	1
26404.1562	1
26413.7988	1
26423.4414	1
26433.0840	1
26442.7266	1
26452.3691	1
26462.0117	1
26471.6543	1
26481.2969	1
26490.9395	1
26500.5840	1
26510.2285	1
26519.8730	1
26529.5176	1
26539.1621	1
26548.8066	-1
26558.4512	-1
26568.0957	-1
26577.7402	-1
26587.3848	-1
26597.0293	-1
26606.6738	-1
26616.3184	-1
26625.9629	-1
26635.6074	-1
26645.2520	-1
26654.8965	-1
26664.5410	-1
26674.1855	-1
26683.8301	-1
26693.4746	-1
26703.1191	-1
26712.7637	-1
26722.4082	-1
26732.0527	-1
26741.6973	-1
26751.3418	-1
26760.9863	-1
26770.6309	-1
26780.2754	-1
26789.9199	-1
26799.5645	-1
26809.2090	-1
26818.8535	-1
26828.4980	-1
26838.1426	-1
26847.7871	-1
26857.4316	-1
26867.0762	-1
26876.7207	-1
26886.3652	-1
26896.0098	-1
26905.6543	-1
26915.2988	-1
26924.9434	-1
26934.5879	-1
26944.2324	-1
26953.8770	-1
26963.5215	-1
26973.1660	-1
26982.8105	-1
26992.4551	-1
27002.0996	-1
27011.7480	-1
27021.3965	-1
27031.0449	-1
27040.6934	-1
27050.3418	-1
27059.9902	-1
27069.6387	-1
27079.2871	-1
27088.9355	-1
27098.5840	-1
27108.2324	-1
27117.8809	-1
27127.5293	-1
27137.1777	-1
27146.8262	-1
27156.4746	-1
27166.1230	-1
27175.7715	-1
27185.4199	-1
27195.0684	-1
27204.7168	-1
27214.3652	-1
27224.0137	-1
27233.6621	-1
27243.3105	-1
27252.9590	-1
27262.6074	-1
27272.2559	-1
27281.9043	-1
27291.5527	-1
27301.2012	-1
27310.8496	-1
27320.4980	-1
27330.1465	-1
27339.7949	-1
27349.4434	-1
27359.0918	-1
27368.7402	-1
27378.3887	-1
27388.0371	-1
27397.6855	-1
27407.3340	-1
27416.9824	-1
27426.6309	-1
27436.2793	-1
27445.9277	-1
27455.5762	-1
27465.2246	-1
27474.8730	-1
27484.5215	-1
27494.1699	-1
27503.8184	-1
27513.4668	-1
27523.1152	-1
27532.7637	-1
27542.4121	-1
27552.0605	-1
27561.7090	-1
27571.3574	-1
27581.0059	-1
27590.6543	-1
27600.3027	-1
27609.9512	-1
27619.5996	-1
27629.2480	-1
27638.8965	-1
27648.5449	1
27658.1953	1
27667.8457	1
27677.4961	1
27687.1465	1
27696.7969	1
27706.4473	1
27716.0977	1
27725.7500	-1
27735.4023	-1
27745.0547	-1
27754.7070	-1
27764.3594	-1
27774.0117	-1
27783.6641	-1
27793.3164	-1
27802.9688	-1
27812.6211	-1
27822.2734	-1
27831.9258	-1
27841.5781	-1
27851.2305	-1
27860.8828	-1
27870.5352	-1
27880.1875	-1
27889.8398	-1
27899.4922	-1
27909.1445	-1
27918.7969	-1
27928.4492	-1
27938.1016	-1
27947.7539	-1
27957.4062	-1
27967.0586	-1
27976.7109	-1
27986.3633	-1
27996.0156	-1
28005.6680	-1
28015.3203	-1
28024.9727	-1
28034.6250	-1
28044.2773	-1
28053.9297	-1
28063.5820	-1
28073.2344	-1
28082.8867	-1
28092.5391	-1
28102.1914	-1
28111.8438	-1
28121.4961	-1
28131.1484	-1
28140.8008	-1
28150.4531	-1
28160.1055	-1
28169.7578	-1
28179.4102	-1
28189.0625	-1
28198.7148	-1
28208.3672	-1
28218.0195	-1
28227.6719	-1
28237.3242	-1
28246.9766	-1
28256.6289	-1
28266.2812	-1
28275.9336	-1
28285.5859	-1
28295.2383	-1
28304.8926	-1
28314.5469	-1
28324.2012	-1
28333.8555	-1
28343.5098	-1
28353.1641	-1
28362.8184	-1
28372.4727	-1
28382.1270	-1
28391.7812	-1
28401.4355	-1
28411.0898	-1
28420.7441	-1
28430.3984	-1
28440.0527	-1
28449.7070	-1
28459.3613	-1
28469.0156	-1
28478.6699	-1
28488.3242	-1
28497.9785	-1
28507.6328	-1
28517.2871	-1
28526.9414	-1
28536.5977	-1
28546.2539	-1
28555.9102	-1
28565.5664	-1
28575.2227	-1
28584.8789	-1
28594.5352	-1
28604.1914	-1
28613.8477	-1
28623.5039	-1
28633.1602	-1
28642.8164	-1
28652.4727	-1
28662.1289	-1
28671.7852	-1
28681.4551	1
28691.1270	-1
28700.7988	1
28710.4707	1
28720.1426	-1
28729.8145	-1
28739.4863	-1
28749.1582	-1
28758.8301	-1
28768.5020	-1
28778.1738	-1
28787.8457	-1
28797.5176	-1
28807.1895	-1
28816.8613	-1
28826.5332	-1
28836.2070	1
28845.8809	1
28855.5547	1
28865.2285	1
28874.9023	-1
28884.5762	-1
28894.2500	-1
28903.9238	-1
28913.5977	-1
28923.2715	-1
28932.9453	-1
28942.6191	-1
28952.2930	-1
28961.9668	-1
28971.6406	-1
28981.3145	-1
28990.9883	1
29000.6621	1
29010.3359	-1
29020.0098	-1
29029.6836	-1
29039.3574	-1
29049.0312	1
29058.7051	-1
29068.3789	-1
29078.0527	1
29087.7266	-1
29097.4004	-1
29107.0742	-1
29116.7480	-1
29126.4219	-1
29136.0957	-1
29145.7715	1
29155.4473	1
29165.1230	1
29174.7988	1
29184.4746	-1
29194.1504	-1
29203.8262	-1
29213.5020	-1
29223.1777	-1
29232.8535	-1
29242.5293	1
29252.2051	1
29261.8809	-1
29271.5566	-1
29281.2324	-1
29290.9082	-1
29300.5840	-1
29310.2598	-1
29319.9355	-1
29329.6113	-1
29339.2871	-1
29348.9629	-1
29358.6387	-1
29368.3145	-1
29377.9922	-1
29387.6699	-1
29397.3477	-1
29407.0254	-1
29416.7031	-1
29426.3809	-1
29436.0586	1
29445.7363	1
29455.4141	1
29465.0918	1
29474.7695	1
29484.4473	1
29494.1250	-1
29503.8027	-1
29513.4805	-1
29523.1582	-1
29532.8359	-1
29542.5137	-1
29552.1914	-1
29561.8691	-1
29571.5469	-1
29581.2246	-1
29590.9023	-1
29600.5801	-1
29610.2578	-1
29619.9355	-1
29629.6133	-1
29639.2910	-1
29648.9688	-1
29658.6465	-1
29668.3262	-1
29678.0059	-1
29687.6855	-1
29697.3652	-1
29707.0449	-1
29716.7246	-1
29726.4043	-1
29736.0840	-1
29745.7637	-1
29755.4434	-1
29765.1230	-1
29774.8027	-1
29784.4824	-1
29794.1621	-1
29803.8418	-1
29813.5215	-1
29823.2012	-1
29832.8809	-1
29842.5605	-1
29852.2402	-1
29861.9199	-1
29871.5996	-1
29881.2793	-1
29890.9590	-1
29900.6387	1
29910.3184	1
29919.9980	1
29929.6777	1
29939.3574	1
29949.0371	1
29958.7168	1
29968.3965	1
29978.0762	1
29987.7559	1
29997.4355	1
30007.1172	1
30016.7988	1
30026.4805	1
30036.1621	-1
30045.8438	-1
30055.5254	-1
30065.2070	-1
30074.8887	-1
30084.5703	-1
30094.2520	-1
30103.9336	-1
30113.6152	-1
30123.2969	-1
30132.9785	-1
30142.6602	-1
30152.3418	-1
30162.0234	-1
30171.7051	-1
30181.3867	-1
30191.0684	-1
30200.7500	-1
30210.4316	-1
30220.1133	-1
30229.7949	-1
30239.4766	-1
30249.1582	-1
30258.8398	-1
30268.5215	-1
30278.2031	-1
30287.8848	-1
30297.5664	-1
30307.2480	-1
30316.9297	-1
30326.6113	1
30336.2930	1
30345.9766	1
30355.6602	1
30365.3438	1
30375.0273	1
30384.7109	1
30394.3945	1
30404.0781	1
30413.7617	1
30423.4473	-1
30433.1328	-1
30442.8184	-1
30452.5039	-1
30462.1895	-1
30471.8750	-1
30481.5605	-1
30491.2461	-1
30500.9316	-1
30510.6172	-1
30520.3027	-1
30529.9883	-1
30539.6738	-1
30549.3594	-1
30559.0449	-1
30568.7305	-1
30578.4160	-1
30588.1016	-1
30597.7871	-1
30607.4727	-1
30617.1582	-1
30626.8438	-1
30636.5293	-1
30646.2148	-1
30655.9004	-1
30665.5859	-1
30675.2715	-1
30684.9570	-1
30694.6426	-1
30704.3281	-1
30714.0137	-1
30723.6992	-1
30733.3848	-1
30743.0703	-1
30752.7559	-1
30762.4414	-1
30772.1270	-1
30781.8125	-1
30791.4980	-1
30801.1836	-1
30810.8691	-1
30820.5547	-1
30830.2402	-1
30839.9258	-1
30849.6113	-1
30859.2969	-1
30868.9824	-1
30878.6680	-1
30888.3555	-1
30898.0430	-1
30907.7305	-1
30917.4180	-1
30927.1055	-1
30936.7930	-1
30946.4805	-1
30956.1680	-1
30965.8555	-1
30975.5430	-1
30985.2305	-1
30994.9180	-1
31004.6055	-1
31014.2930	-1
31023.9805	-1
31033.6680	-1
31043.3555	-1
31053.0430	-1
31062.7305	-1
31072.4180	-1
31082.1055	-1
31091.7930	-1
31101.4805	-1
31111.1680	-1
31120.8555	-1
31130.5430	-1
31140.2305	-1
31149.9180	-1
31159.6055	-1
31169.2930	-1
31178.9805	-1
31188.6680	-1
31198.3555	-1
31208.0430	-1
31217.7305	-1
31227.4180	-1
31237.1055	-1
31246.7930	-1
31256.4805	-1
31266.1680	-1
31275.8555	-1
31285.5430	-1
31295.2324	1
31304.9219	1
31314.6113	1
31324.3008	1
31333.9902	1
31343.6797	1
31353.3691	1
31363.0586	1
31372.7480	1
31382.4375	1
31392.1270	-1
31401.8164	-1
31411.5059	-1
31421.1953	-1
31430.8848	-1
31440.5742	-1
31450.2637	-1
31459.9551	-1
31469.6465	-1
31479.3379	-1
31489.0293	-1
31498.7207	-1
31508.4121	-1
31518.1035	-1
31527.7949	-1
31537.4863	-1
31547.1777	-1
31556.8691	-1
31566.5605	-1
31576.2520	-1
31585.9434	-1
31595.6348	-1
31605.3262	-1
31615.0176	-1
31624.7090	-1
31634.4004	-1
31644.0918	-1
31653.7832	-1
31663.4746	-1
31673.1660	-1
31682.8574	-1
31692.5488	-1
31702.2402	-1
31711.9316	-1
31721.6230	-1
31731.3145	-1
31741.0059	-1
31750.6973	-1
31760.3887	-1
31770.0801	-1
31779.7715	-1
31789.4629	-1
31799.1543	-1
31808.8457	-1
31818.5371	-1
31828.2285	-1
31837.9199	-1
31847.6113	-1
31857.3027	-1
31866.9941	-1
31876.6855	-1
31886.3770	-1
31896.0684	-1
31905.7598	-1
31915.4531	-1
31925.1465	-1
31934.8398	-1
31944.5332	-1
31954.2266	-1
31963.9199	-1
31973.6133	-1
31983.3066	-1
31993.0000	-1
32002.6934	-1
32012.3867	-1
32022.0801	-1
32031.7734	-1
32041.4668	-1
32051.1602	-1
32060.8535	-1
32070.5469	-1
32080.2402	-1
32089.9336	-1
32099.6270	-1
32109.3203	-1
32119.0137	-1
32128.7070	-1
32138.4004	-1
32148.0938	-1
32157.7871	-1
32167.4805	-1
32177.1738	-1
32186.8672	-1
32196.5605	-1
32206.2559	-1
32215.9512	-1
32225.6465	-1
32235.3418	-1
32245.0371	-1
32254.7324	-1
32264.4277	-1
32274.1230	-1
32283.8184	-1
32293.5137	-1
32303.2090	-1
32312.9043	-1
32322.5996	-1
32332.2949	-1
32341.9902	-1
32351.6855	-1
32361.3809	-1
32371.0762	-1
32380.7715	-1
32390.4668	-1
32400.1621	-1
32409.8574	-1
32419.5527	-1
32429.2480	-1
32438.9434	-1
32448.6387	-1
32458.3340	-1
32468.0430	1
32477.7539	-1
32487.4648	1
32497.1758	1
32506.8887	-1
32516.6016	-1
32526.3145	-1
32536.0273	-1
32545.7402	-1
32555.4531	-1
32565.1660	-1
32574.8789	-1
32584.5918	-1
32594.3047	-1
32604.0176	-1
32613.7305	-1
32623.4434	1
32633.1562	1
32642.8711	1
32652.5859	1
32662.3008	-1
32672.0156	-1
32681.7305	-1
32691.4453	-1
32701.1602	-1
32710.8750	-1
32720.5898	-1
32730.3047	-1
32740.0195	-1
32749.7344	-1
32759.4492	-1
32769.1641	-1
32778.8789	-1
32788.5938	-1
32798.3086	-1
32808.0234	-1
32817.7383	-1
32827.4531	-1
32837.1680	-1
32846.8828	-1
32856.5977	-1
32866.3125	-1
32876.0273	-1
32885.7422	-1
32895.4570	1
32905.1719	1
32914.8867	1
32924.6016	1
32934.3164	1
32944.0312	1
32953.7461	1
32963.4609	1
32973.1797	-1
32982.8984	-1
32992.6172	-1
33002.3359	-1
33012.0547	-1
33021.7734	-1
33031.4922	-1
33041.2109	-1
33050.9297	-1
33060.6484	-1
33070.3672	-1
33080.0859	-1
33089.8047	-1
33099.5234	-1
33109.2422	-1
33118.9609	-1
33128.6797	-1
33138.3984	-1
33148.1172	-1
33157.8359	-1
33167.5547	-1
33177.2734	-1
33186.9922	-1
33196.7109	-1
33206.4297	-1
33216.1484	-1
33225.8672	-1
33235.5859	-1
33245.3047	-1
33255.0234	-1
33264.7422	-1
33274.4609	-1
33284.1797	-1
33293.8984	-1
33303.6172	-1
33313.3359	-1
33323.0547	-1
33332.7734	-1
33342.4922	-1
33352.2109	-1
33361.9297	-1
33371.6484	-1
33381.3711	1
33391.0938	1
33400.8164	1
33410.5391	1
33420.2617	1
33429.9844	1
33439.7070	1
33449.4297	1
33459.1523	1
33468.8750	1
33478.5977	1
33488.3203	1
33498.0430	1
33507.7656	1
33517.4883	-1
33527.2109	-1
33536.9336	-1
33546.6562	-1
33556.3789	-1
33566.1016	-1
33575.8242	1
33585.5469	1
33595.2695	-1
33604.9922	-1
33614.7148	-1
33624.4375	-1
33634.1602	-1
33643.8828	-1
33653.6094	-1
33663.3359	-1
33673.0625	-1
33682.7891	-1
33692.5156	-1
33702.2422	-1
33711.9688	-1
33721.6953	-1
33731.4219	-1
33741.1484	-1
33750.8750	-1
33760.6016	-1
33770.3281	-1
33780.0547	-1
33789.7812	-1
33799.5078	-1
33809.2344	-1
33818.9609	-1
33828.6875	1
33838.4141	-1
33848.1406	-1
33857.8672	-1
33867.5938	-1
33877.3203	-1
33887.0469	-1
33896.7734	-1
33906.5000	-1
33916.2266	-1
33925.9531	-1
33935.6797	-1
33945.4062	-1
33955.1328	-1
33964.8633	-1
33974.5938	-1
33984.3242	-1
33994.0547	-1
34003.7852	-1
34013.5156	-1
34023.2461	-1
34032.9766	-1
34042.7070	-1
34052.4375	-1
34062.1680	-1
34071.8984	-1
34081.6289	-1
34091.3594	-1
34101.0898	-1
34110.8203	-1
34120.5508	-1
34130.2812	-1
34140.0117	-1
34149.7422	-1
34159.4727	-1
34169.2031	-1
34178.9336	-1
34188.6641	-1
34198.3945	-1
34208.1250	-1
34217.8555	-1
34227.5859	-1
34237.3164	-1
34247.0469	-1
34256.7773	-1
34266.5078	-1
34276.2383	-1
34285.9688	-1
34295.6992	-1
34305.4297	-1
34315.1602	-1
34324.8906	-1
34334.6211	-1
34344.3516	-1
34354.0820	-1
34363.8125	-1
34373.5430	-1
34383.2734	-1
34393.0039	-1
34402.7344	-1
34412.4648	-1
34422.1953	-1
34431.9258	-1
34441.6562	-1
34451.3867	-1
34461.1172	-1
34470.8477	-1
34480.5781	-1
34490.3086	-1
34500.0391	-1
34509.7695	-1
34519.5000	-1
34529.2305	-1
34538.9609	1
34548.6914	1
34558.4219	1
34568.1523	1
34577.8828	1
34587.6133	1
34597.3438	1
34607.0742	1
34616.8047	1
34626.5352	1
34636.2656	1
34645.9961	1
34655.7266	1
34665.4570	1
34675.1875	1
34684.9180	1
34694.6484	1
34704.3789	1
34714.1094	1
34723.8398	1
34733.5703	1
34743.3008	1
34753.0312	1
34762.7656	1
34772.5000	1
34782.2344	1
34791.9688	1
34801.7031	1
34811.4375	1
34821.1719	1
34830.9062	1
34840.6406	-1
34850.3750	-1
34860.1094	-1
34869.8438	-1
34879.5781	-1
34889.3125	-1
34899.0508	1
34908.7891	1
34918.5273	-1
34928.2656	-1
34938.0039	-1
34947.7422	-1
34957.4805	-1
34967.2188	-1
34976.9570	-1
34986.6953	-1
34996.4336	-1
35006.1719	-1
35015.9102	-1
35025.6484	-1
35035.3867	-1
35045.1250	-1
35054.8633	-1
35064.6016	-1
35074.3398	-1
35084.0781	-1
35093.8164	-1
35103.5547	-1
35113.2930	-1
35123.0312	-1
35132.7695	-1
35142.5078	-1
35152.2461	1
35161.9844	1
35171.7227	1
35181.4609	1
35191.2031	1
35200.9453	1
35210.6875	1
35220.4297	-1
35230.1719	-1
35239.9141	-1
35249.6562	-1
35259.3984	-1
35269.1406	-1
35278.8828	-1
35288.6250	-1
35298.3672	-1
35308.1094	-1
35317.8516	-1
35327.5938	-1
35337.3359	-1
35347.0781	-1
35356.8203	-1
35366.5625	-1
35376.3047	-1
35386.0469	-1
35395.7891	-1
35405.5312	-1
35415.2734	-1
35425.0156	-1
35434.7578	-1
35444.5000	-1
35454.2422	-1
35463.9844	-1
35473.7266	-1
35483.4688	-1
35493.2109	-1
35502.9531	-1
35512.6953	-1
35522.4375	-1
35532.1797	-1
35541.9219	-1
35551.6641	-1
35561.4062	-1
35571.1484	-1
35580.8906	-1
35590.6328	-1
35600.3750	-1
35610.1172	-1
35619.8594	-1
35629.6055	-1
35639.3516	-1
35649.0977	-1
35658.8438	-1
35668.5898	-1
35678.3359	-1
35688.0859	-1
35697.8359	-1
35707.5859	-1
35717.3359	-1
35727.0859	-1
35736.8359	-1
35746.5859	-1
35756.3359	-1
35766.0859	-1
35775.8359	-1
35785.5859	-1
35795.3359	-1
35805.0859	-1
35814.8359	-1
35824.5859	-1
35834.3359	-1
35844.0859	-1
35853.8359	-1
35863.5859	-1
35873.3359	-1
35883.0859	-1
35892.8359	-1
35902.5859	-1
35912.3359	-1
35922.0859	-1
35931.8359	-1
35941.5859	-1
35951.3359	-1
35961.0859	-1
35970.8359	-1
35980.5859	-1
35990.3359	-1
36000.0859	-1
36009.8359	-1
36019.5859	-1
36029.3359	-1
36039.0859	-1
36048.8359	-1
36058.5859	-1
36068.3359	-1
36078.0859	-1
36087.8359	-1
36097.5859	-1
36107.3359	-1
36117.0859	-1
36126.8359	-1
36136.5859	-1
36146.3359	-1
36156.0859	-1
36165.8359	-1
36175.5859	-1
36185.3359	-1
36195.0859	-1
36204.8359	-1
36214.5859	-1
36224.3359	-1
36234.0859	-1
36243.8359	-1
36253.5859	-1
36263.3359	-1
36273.0859	-1
36282.8359	-1
36292.5859	-1
36302.3359	-1
36312.0859	-1
36321.8359	-1
36331.5859	-1
36341.3359	-1
36351.0859	-1
36360.8359	-1
36370.5859	-1
36380.3359	-1
36390.0859	-1
36399.8359	-1
36409.5859	-1
36419.3359	-1
36429.0859	-1
36438.8359	-1
36448.5859	-1
36458.3359	-1
36468.0859	-1
36477.8359	-1
36487.5859	-1
36497.3359	-1
36507.0859	-1
36516.8359	-1
36526.5859	-1
36536.3359	-1
36546.0859	-1
36555.8359	-1
36565.5859	-1
36575.3359	-1
36585.0859	-1
36594.8359	-1
36604.5859	-1
36614.3359	-1
36624.0859	-1
36633.8359	-1
36643.5859	-1
36653.3359	-1
36663.0859	-1
36672.8359	-1
36682.5859	-1
36692.3359	-1
36702.0859	-1
36711.8359	-1
36721.5859	-1
36731.3359	-1
36741.0859	-1
36750.8359	-1
36760.5859	-1
36770.3359	-1
36780.0859	-1
36789.8359	-1
36799.5859	-1
36809.3359	-1
36819.0859	-1
36828.8359	-1
36838.5859	-1
36848.3359	-1
36858.0859	-1
36867.8359	-1
36877.5859	-1
36887.3359	-1
36897.0859	-1
36906.8359	-1
36916.5859	-1
36926.3359	-1
36936.0859	-1
36945.8359	-1
36955.5859	-1
36965.3359	-1
36975.0898	-1
36985.0234	1
36994.9570	1
37004.8945	1
37014.8320	-1
37024.7695	-1
37034.7070	-1
37044.6445	-1
37054.5820	-1
37064.5195	-1
37074.4570	-1
37084.3945	-1
37094.3320	-1
37104.2695	-1
37114.2070	-1
37124.1445	-1
37134.0820	-1
37144.0195	-1
37153.9570	-1
37163.8945	-1
37173.8320	-1
37183.7695	-1
37193.7148	1
37203.6602	1
37213.6055	-1
37223.5508	-1
37233.4961	-1
37243.4414	-1
37253.3867	-1
37263.3320	-1
37273.2773	-1
37283.2227	-1
37293.1680	-1
37303.1133	-1
37313.0586	-1
37323.0039	-1
37332.9609	1
37342.9219	-1
37352.8828	1
37362.8438	1
37372.8047	-1
37382.7656	-1
37392.7266	-1
37402.6875	-1
37412.6484	-1
37422.6094	-1
37432.5703	-1
37442.5312	-1
37452.4922	-1
37462.4531	-1
37472.4141	-1
37482.3750	-1
37492.3359	1
37502.3008	1
37512.2656	1
37522.2305	1
37532.1953	-1
37542.1602	-1
37552.1250	-1
37562.0898	-1
37572.0547	-1
37582.0195	-1
37591.9844	-1
37601.9492	-1
37611.9141	-1
37621.8789	-1
37631.8438	-1
37641.8086	-1
37651.7734	-1
37661.7383	-1
37671.7031	-1
37681.6680	-1
37691.6328	-1
37701.5977	-1
37711.5625	-1
37721.5273	-1
37731.4922	-1
37741.4570	-1
37751.4219	-1
37761.4023	1
37771.3828	-1
37781.3633	1
37791.3438	1
37801.3281	-1
37811.3125	-1
37821.2969	-1
37831.2812	-1
37841.2656	-1
37851.2500	-1
37861.2344	-1
37871.2188	-1
37881.2031	-1
37891.1875	-1
37901.1719	-1
37911.1562	-1
37921.1406	1
37931.1250	1
37941.1094	1
37951.0938	1
37961.0781	-1
37971.0625	-1
37981.0469	-1
37991.0312	-1
38001.0156	-1
38011.0000	-1
38020.9844	-1
38030.9688	-1
38040.9531	-1
38050.9375	-1
38060.9219	-1
38070.9062	-1
38080.8906	-1
38090.8750	1
38100.8594	-1
38110.8438	-1
38120.8281	-1
38130.8125	-1
38140.7969	-1
38150.7812	1
38160.7656	-1
38170.7500	-1
38180.7344	-1
38190.7188	-1
38200.7031	-1
38210.6875	-1
38220.6758	1
38230.6641	1
38240.6523	1
38250.6406	1
38260.6289	1
38270.6172	1
38280.6055	-1
38290.5938	-1
38300.5820	-1
38310.5703	-1
38320.5586	-1
38330.5469	-1
38340.5352	-1
38350.5234	-1
38360.5117	-1
38370.5000	-1
38380.4883	-1
38390.4766	-1
38400.4648	-1
38410.4531	-1
38420.4414	-1
38430.4297	-1
38440.4180	-1
38450.4062	-1
38460.3945	-1
38470.3828	-1
38480.3711	-1
38490.3594	-1
38500.3477	-1
38510.3359	-1
38520.3242	-1
38530.3125	-1
38540.3008	-1
38550.2891	-1
38560.2773	-1
38570.2656	-1
38580.2539	-1
38590.2422	-1
38600.2305	-1
38610.2188	-1
38620.2070	-1
38630.1953	-1
38640.1836	-1
38650.1719	-1
38660.1602	-1
38670.1484	-1
38680.1367	-1
38690.1250	-1
38700.1172	-1
38710.1094	-1
38720.1016	-1
38730.1055	1
38740.1133	-1
38750.1211	1
38760.1289	1
38770.1367	-1
38780.1445	-1
38790.1523	-1
38800.1602	-1
38810.1680	-1
38820.1758	-1
38830.1836	-1
38840.1914	-1
38850.1992	-1
38860.2070	-1
38870.2148	-1
38880.2227	-1
38890.2305	1
38900.2383	1
38910.2461	1
38920.2539	1
38930.2656	-1
38940.2773	-1
38950.2891	-1
38960.3008	-1
38970.3125	-1
38980.3242	-1
38990.3359	-1
39000.3477	-1
39010.3594	-1
39020.3711	-1
39030.3828	-1
39040.3945	-1
39050.4062	1
39060.4180	1
39070.4297	-1
39080.4414	-1
39090.4531	-1
39100.4648	-1
39110.4766	-1
39120.4883	-1
39130.5000	1
39140.5117	1
39150.5234	-1
39160.5352	-1
39170.5469	-1
39180.5586	-1
39190.5703	-1
39200.5820	-1
39210.5938	1
39220.6055	1
39230.6172	1
39240.6289	1
39250.6406	-1
39260.6523	-1
39270.6641	-1
39280.6758	-1
39290.6875	-1
39300.6992	-1
39310.7109	-1
39320.7227	-1
39330.7344	-1
39340.7461	-1
39350.7578	-1
39360.7695	-1
39370.7812	-1
39380.7930	-1
39390.8047	-1
39400.8164	-1
39410.8281	-1
39420.8398	-1
39430.8555	-1
39440.8711	-1
39450.8867	-1
39460.9023	-1
39470.9180	-1
39480.9336	-1
39490.9492	-1
39500.9648	-1
39510.9805	-1
39520.9961	-1
39531.0117	-1
39541.0273	-1
39551.0430	-1
39561.0586	-1
39571.0742	-1
39581.0898	-1
39591.1055	-1
39601.1211	-1
39611.1367	-1
39621.1523	-1
39631.1680	-1
39641.1836	-1
39651.1992	-1
39661.2148	-1
39671.2305	-1
39681.2461	-1
39691.2617	-1
39701.2773	-1
39711.2930	-1
39721.3086	-1
39731.3242	1
39741.3398	1
39751.3555	1
39761.3711	1
39771.3867	1
39781.4023	1
39791.4180	1
39801.4336	1
39811.4492	1
39821.4648	1
39831.4805	1
39841.4961	1
39851.5117	1
39861.5273	1
39871.5430	1
39881.5586	1
39891.5742	-1
39901.5898	-1
39911.6055	-1
39921.6211	-1
39931.6367	-1
39941.6523	-1
39951.6680	-1
39961.6836	-1
39971.6992	-1
39981.7148	-1
39991.7305	-1
40001.7461	-1
40011.7656	-1
40021.7852	-1
40031.8047	-1
40041.8242	-1
40051.8438	-1
40061.8633	-1
40071.8828	-1
40081.9023	-1
40091.9219	-1
40101.9414	-1
40111.9609	-1
40121.9805	-1
40132.0000	-1
40142.0195	-1
40152.0391	-1
40162.0586	-1
40172.0781	-1
40182.0977	-1
40192.1172	-1
40202.1367	-1
40212.1562	-1
40222.1758	-1
40232.1953	-1
40242.2148	-1
40252.2344	-1
40262.2539	-1
40272.2734	-1
40282.2930	-1
40292.3125	-1
40302.3320	-1
40312.3516	-1
40322.3711	-1
40332.3906	-1
40342.4102	-1
40352.4297	-1
40362.4492	-1
40372.4688	-1
40382.4883	-1
40392.5078	-1
40402.5273	-1
40412.5469	-1
40422.5664	-1
40432.5859	-1
40442.6055	-1
40452.6250	-1
40462.6445	-1
40472.6641	-1
40482.6836	-1
40492.7031	1
40502.7227	1
40512.7422	1
40522.7617	1
40532.7812	1
40542.8008	1
40552.8203	1
40562.8398	1
40572.8594	1
40582.8789	1
40592.8984	1
40602.9180	1
40612.9375	1
40622.9570	1
40632.9766	1
40642.9961	1
40653.0156	1
40663.0352	1
40673.0547	1
40683.0742	1
40693.0938	-1
40703.1133	-1
40713.1328	-1
40723.1523	-1
40733.1719	-1
40743.1914	-1
40753.2148	-1
40763.2383	-1
40773.2617	-1
40783.2852	-1
40793.3086	-1
40803.3320	-1
40813.3555	-1
40823.3789	-1
40833.4023	-1
40843.4258	-1
40853.4492	-1
40863.4727	-1
40873.4961	-1
40883.5195	-1
40893.5430	-1
40903.5664	-1
40913.5898	-1
40923.6133	-1
40933.6367	-1
40943.6602	-1
40953.6836	-1
40963.7070	-1
40973.7305	-1
40983.7539	-1
40993.7773	-1
41003.8008	-1
41013.8242	-1
41023.8477	-1
41033.8711	-1
41043.8945	-1
41053.9180	-1
41063.9414	-1
41073.9648	-1
41083.9883	-1
41094.0117	-1
41104.0352	-1
41114.0586	-1
41124.0820	-1
41134.1055	-1
41144.1289	-1
41154.1523	-1
41164.1758	-1
41174.1992	-1
41184.2227	-1
41194.2461	-1
41204.2695	-1
41214.2930	-1
41224.3164	-1
41234.3398	1
41244.3633	1
41254.3867	1
41264.4102	1
41274.4336	1
41284.4570	1
41294.4805	1
41304.5039	1
41314.5273	1
41324.5508	1
41334.5742	1
41344.5977	1
41354.6211	1
41364.6445	1
41374.6719	-1
41384.6992	-1
41394.7266	-1
41404.7539	-1
41414.7812	-1
41424.8086	-1
41434.8359	-1
41444.8633	-1
41454.8906	-1
41464.9180	-1
41474.9453	-1
41484.9727	-1
41495.0000	-1
41505.0273	-1
41515.0547	-1
41525.0820	-1
41535.1094	-1
41545.1367	-1
41555.1641	-1
41565.1914	-1
41575.2188	-1
41585.2461	-1
41595.2734	-1
41605.3008	-1
41615.3281	-1
41625.3555	-1
41635.3828	-1
41645.4102	-1
41655.4375	-1
41665.4648	-1
41675.4922	-1
41685.5195	-1
41695.5469	-1
41705.5742	-1
41715.6016	-1
41725.6289	-1
41735.6562	-1
41745.6836	-1
41755.7109	-1
41765.7383	-1
41775.7656	-1
41785.7930	-1
41795.8203	-1
41805.8477	-1
41815.8750	-1
41825.9023	-1
41835.9297	-1
41845.9570	-1
41855.9844	-1
41866.0117	-1
41876.0391	-1
41886.0664	-1
41896.0938	-1
41906.1211	-1
41916.1484	-1
41926.1797	-1
41936.2109	-1
41946.2422	-1
41956.2734	-1
41966.3047	-1
41976.3359	-1
41986.3672	-1
41996.3984	-1
42006.4297	-1
42016.4609	-1
42026.4922	-1
42036.5234	-1
42046.5547	-1
42056.5859	-1
42066.6172	-1
42076.6484	-1
42086.6797	-1
42096.7109	-1
42106.7422	-1
42116.7734	-1
42126.8047	-1
42136.8359	-1
42146.8672	-1
42156.8984	-1
42166.9297	-1
42176.9609	-1
42186.9922	-1
42197.0234	-1
42207.0547	-1
42217.0859	-1
42227.1172	-1
42237.1484	-1
42247.1797	-1
42257.2109	-1
42267.2422	-1
42277.2734	1
42287.3047	1
42297.3359	1
42307.3672	1
42317.3984	1
42327.4297	1
42337.4609	1
42347.4922	1
42357.5234	1
42367.5547	1
42377.5859	1
42387.6172	1
42397.6484	1
42407.6797	-1
42417.7109	-1
42427.7422	-1
42437.7734	-1
42447.8047	-1
42457.8359	-1
42467.8672	-1
42477.8984	-1
42487.9297	-1
42497.9609	-1
42507.9922	-1
42518.0234	-1
42528.0547	-1
42538.0859	-1
42548.1172	-1
42558.1484	-1
42568.1797	-1
42578.2109	-1
42588.2422	-1
42598.2734	-1
42608.3047	-1
42618.3359	-1
42628.3672	-1
42638.3984	-1
42648.4297	-1
42658.4609	-1
42668.4922	-1
42678.5234	-1
42688.5547	-1
42698.5859	-1
42708.6172	-1
42718.6484	-1
42728.6797	-1
42738.7109	-1
42748.7422	-1
42758.7734	-1
42768.8086	-1
42778.8438	-1
42788.8789	-1
42798.9141	-1
42808.9492	-1
42818.9844	-1
42829.0195	-1
42839.0547	-1
42849.0898	-1
42859.1250	-1
42869.1602	-1
42879.1953	-1
42889.2305	-1
42899.2656	-1
42909.3008	-1
42919.3359	-1
42929.3711	-1
42939.4062	-1
42949.4414	-1
42959.4766	-1
42969.5117	-1
42979.5469	-1
42989.5820	-1
42999.6172	-1
43009.6523	-1
43019.6875	-1
43029.7227	-1
43039.7578	-1
43049.7930	-1
43059.8281	-1
43069.8633	-1
43079.8984	-1
43089.9336	-1
43099.9688	-1
43110.0039	-1
43120.0391	-1
43130.0742	-1
43140.1094	-1
43150.1445	-1
43160.1797	-1
43170.2148	-1
43180.2500	-1
43190.2852	-1
43200.3203	-1
43210.3555	-1
43220.3906	-1
43230.4258	-1
43240.4609	-1
43250.5000	-1
43260.5391	-1
43270.5781	-1
43280.6172	-1
43290.6562	-1
43300.6953	-1
43310.7344	-1
43320.7734	-1
43330.8125	-1
43340.8516	-1
43350.8906	-1
43360.9297	-1
43370.9688	-1
43381.0078	-1
43391.0469	-1
43401.0859	-1
43411.1250	-1
43421.1641	-1
43431.2031	-1
43441.2422	-1
43451.2812	-1
43461.3203	-1
43471.3594	-1
43481.3984	-1
43491.4375	-1
43501.4766	-1
43511.5156	-1
43521.5547	-1
43531.5938	-1
43541.6328	-1
43551.6719	-1
43561.7109	-1
43571.7500	-1
43581.7891	-1
43591.8281	-1
43601.8672	-1
43611.9062	-1
43621.9453	-1
43631.9844	-1
43642.0234	-1
43652.0625	-1
43662.1016	-1
43672.1406	-1
43682.1797	-1
43692.2188	-1
43702.2578	-1
43712.2969	-1
43722.3359	-1
43732.3750	-1
43742.4141	-1
43752.4531	-1
43762.4922	-1
43772.5312	-1
43782.5703	-1
43792.6094	-1
43802.6484	-1
43812.6875	-1
43822.7266	-1
43832.7656	-1
43842.8047	-1
43852.8438	-1
43862.8828	-1
43872.9219	-1
43882.9609	-1
43893.0000	-1
43903.0391	-1
43913.0781	-1
43923.1172	-1
43933.1562	-1
43943.1953	-1
43953.2344	-1
43963.2734	-1
43973.3125	-1
43983.3516	-1
43993.3906	-1
44003.4297	-1
44013.4688	-1
44023.5078	-1
44033.5469	-1
44043.5859	-1
44053.6250	-1
44063.6641	-1
44073.7031	-1
44083.7422	-1
44093.7812	-1
44103.8203	-1
44113.8594	-1
44123.8984	-1
44133.9375	-1
44143.9766	-1
44154.0312	1
44164.0859	-1
44174.1406	1
44184.1953	1
44194.2539	-1
44204.3125	-1
44214.3711	-1
44224.4297	-1
44234.4883	-1
44244.5469	-1
44254.6055	-1
44264.6641	-1
44274.7227	-1
44284.7812	-1
44294.8516	1
44304.9219	-1
44314.9922	1
44325.0625	1
44335.1367	-1
44345.2109	-1
44355.2852	-1
44365.3594	-1
44375.4336	-1
44385.5078	-1
44395.5820	-1
44405.6562	-1
44415.7305	-1
44425.8047	-1
44435.8906	1
44445.9805	-1
44456.0703	1
44466.1602	1
44476.2500	-1
44486.3398	-1
44496.4297	-1
44506.5195	-1
44516.6094	-1
44526.6992	-1
44536.7891	-1
44546.8789	-1
44556.9688	-1
44567.0586	-1
44577.1484	-1
44587.2383	-1
44597.3281	1
44607.4180	1
44617.5078	1
44627.5977	1
44637.6914	-1
44647.7852	-1
44657.8789	-1
44667.9727	-1
44678.0664	-1
44688.1602	-1
44698.2539	-1
44708.3477	-1
44718.4414	-1
44728.5352	-1
44738.6289	-1
44748.7227	-1
44758.8164	1
44768.9102	1
44779.0039	1
44789.0977	-1
44799.1914	-1
44809.2852	-1
44819.3789	-1
44829.4727	-1
44839.5664	1
44849.6602	-1
44859.7539	-1
44869.8477	-1
44879.9414	-1
44890.0352	-1
44900.1289	-1
44910.2227	-1
44920.3164	1
44930.4102	1
44940.5039	1
44950.5977	1
44960.6953	-1
44970.7930	-1
44980.8906	-1
44990.9883	-1
45001.0859	-1
45011.1836	-1
45021.2812	-1
45031.3789	-1
45041.4766	-1
45051.5742	-1
45061.6719	-1
45071.7695	-1
45081.8672	-1
45091.9648	-1
45102.0625	-1
45112.1602	-1
45122.2578	-1
45132.3555	-1
45142.4531	-1
45152.5508	-1
45162.6484	-1
45172.7461	-1
45182.8438	-1
45192.9414	-1
45203.0391	1
45213.1367	1
45223.2344	1
45233.3320	1
45243.4297	1
45253.5273	1
45263.6250	-1
45273.7227	-1
45283.8203	-1
45293.9180	-1
45304.0156	-1
45314.1133	-1
45324.2148	-1
45334.3164	-1
45344.4180	-1
45354.5195	-1
45364.6211	-1
45374.7227	-1
45384.8242	-1
45394.9258	-1
45405.0273	-1
45415.1289	-1
45425.2305	-1
45435.3320	-1
45445.4336	-1
45455.5352	-1
45465.6367	-1
45475.7383	-1
45485.8398	-1
45495.9414	-1
45506.0430	-1
45516.1445	-1
45526.2461	-1
45536.3477	-1
45546.4492	-1
45556.5508	-1
45566.6523	-1
45576.7539	-1
45586.8555	-1
45596.9570	-1
45607.0586	-1
45617.1602	-1
45627.2617	-1
45637.3633	-1
45647.4648	-1
45657.5664	-1
45667.6680	-1
45677.7695	-1
45687.8711	-1
45697.9727	-1
45708.0742	-1
45718.1758	-1
45728.2773	-1
45738.3789	-1
45748.4805	-1
45758.5820	-1
45768.6836	-1
45778.7852	-1
45788.8867	-1
45798.9883	-1
45809.0898	-1
45819.1914	-1
45829.3047	1
45839.4219	-1
45849.5391	1
45859.6562	1
45869.7734	-1
45879.8906	-1
45890.0078	-1
45900.1367	1
45910.2695	-1
45920.4023	1
45930.5352	1
45940.6680	-1
45950.8008	-1
45960.9336	-1
45971.0664	-1
45981.1992	-1
45991.3320	-1
46001.4648	-1
46011.5977	-1
46021.7305	-1
46031.8633	-1
46041.9961	-1
46052.1289	-1
46062.2617	1
46072.3945	1
46082.5273	1
46092.6602	1
46102.7969	-1
46112.9336	-1
46123.0703	-1
46133.2070	-1
46143.3438	-1
46153.4805	-1
46163.6172	-1
46173.7539	-1
46183.8906	-1
46194.0273	-1
46204.1641	-1
46214.3008	-1
46224.4375	-1
46234.5742	-1
46244.7109	-1
46254.8477	-1
46264.9844	-1
46275.1211	-1
46285.2578	-1
46295.3945	-1
46305.5312	-1
46315.6680	-1
46325.8047	-1
46335.9531	1
46346.1055	-1
46356.2578	1
46366.4102	1
46376.5625	-1
46386.7148	-1
46396.8672	-1
46407.0195	-1
46417.1836	1
46427.3516	-1
46437.5195	1
46447.6875	1
46457.8555	-1
46468.0234	-1
46478.1914	-1
46488.3594	-1
46498.5273	-1
46508.6953	-1
46518.8633	-1
46529.0312	-1
46539.1992	-1
46549.3672	-1
46559.5352	-1
46569.7031	-1
46579.8711	1
46590.0391	1
46600.2070	1
46610.3750	1
46620.5469	-1
46630.7188	-1
46640.8906	-1
46651.0625	-1
46661.2344	-1
46671.4062	-1
46681.5781	-1
46691.7500	-1
46701.9219	-1
46712.0938	-1
46722.2656	-1
46732.4375	-1
46742.6094	-1
46752.7812	-1
46762.9531	-1
46773.1250	-1
46783.2969	-1
46793.4688	-1
46803.6406	-1
46813.8125	-1
46823.9844	-1
46834.1562	-1
46844.3281	-1
46854.5000	-1
46864.6719	1
46874.8438	1
46885.0156	1
46895.1914	-1
46905.3672	-1
46915.5430	-1
46925.7188	-1
46935.8945	-1
46946.0703	-1
46956.2461	-1
46966.4219	-1
46976.5977	-1
46986.7734	-1
46996.9492	-1
47007.1250	-1
47017.3008	-1
47027.4883	1
47037.6758	-1
47047.8633	1
47058.0508	1
47068.2422	-1
47078.4336	-1
47088.6250	-1
47098.8164	-1
47109.0078	-1
47119.1992	-1
47129.3906	-1
47139.5820	-1
47149.7734	-1
47159.9648	-1
47170.1562	-1
47180.3477	-1
47190.5391	1
47200.7305	1
47210.9219	1
47221.1133	1
47231.3047	-1
47241.4961	-1
47251.6875	-1
47261.8789	-1
47272.0703	-1
47282.2617	-1
47292.4531	-1
47302.6445	-1
47312.8359	-1
47323.0273	-1
47333.2188	-1
47343.4102	-1
47353.6016	-1
47363.7930	-1
47373.9844	-1
47384.1758	-1
47394.3672	-1
47404.5586	-1
47414.7500	-1
47424.9531	1
47435.1602	-1
47445.3672	1
47455.5742	1
47465.7812	-1
47475.9883	-1
47490.4727	-1
47504.9609	1
