0.0000	0
0.0006	1
2.2903	-1
2.5475	-2
2.5791	-2
2.6834	-2
2.7348	-2
2.8108	-2
2.8794	-2
2.9302	-2
3.0327	-2
3.0716	-2
3.0902	-2
3.1668	-2
3.3856	-2
3.4431	-2
3.4492	-2
3.5398	-2
3.6379	-2
3.6464	-2
3.7036	-2
3.7055	-2
3.8529	-2
3.8549	-2
3.8726	-2
3.8782	-2
4.0437	-2
4.0446	-2
4.1277	-2
4.3656	-2
4.3878	-2
4.4891	-2
4.7532	-2
4.7808	1
5.1793	-2
5.3621	-2
5.6621	-2
7.0627	2
14.4036	1
24.0281	-1
33.6529	1
43.2777	1
52.9038	-1
62.5300	-1
72.1561	-1
81.7822	-1
91.4084	-1
101.0345	-1
110.6607	-1
120.2870	-1
129.9132	-1
139.5394	-1
149.1657	-1
158.7919	-1
168.4185	1
178.0451	1
187.6718	1
197.2984	1
206.9263	-1
216.5542	-1
226.1821	-1
235.8100	-1
245.4379	-1
255.0658	-1
264.6942	1
274.3227	-1
283.9511	-1
293.5796	-1
303.2080	-1
312.8365	-1
322.4649	-1
332.0934	1
341.7221	1
351.3510	1
360.9800	-1
370.6091	-1
380.2382	-1
389.8673	-1
399.4964	-1
409.1255	-1
418.7547	-1
428.3839	-1
438.0132	-1
447.6424	-1
457.2717	-1
466.9009	-1
476.5307	1
486.1608	1
495.7908	1
505.4209	1
515.0516	-1
524.6822	-1
534.3128	-1
543.9435	-1
553.5742	-1
563.2048	-1
572.8358	1
582.4669	1
592.0985	-1
601.7302	-1
611.3618	-1
620.9935	-1
630.6251	-1
640.2568	-1
649.8885	-1
659.5202	-1
669.1519	-1
678.7836	-1
688.4153	-1
698.0471	-1
707.6793	1
717.3115	1
726.9437	1
736.5760	1
746.2097	-1
755.8433	-1
765.4770	-1
775.1107	-1
784.7443	-1
794.3780	-1
804.0122	-1
813.6464	-1
823.2806	-1
832.9149	-1
842.5491	-1
852.1833	-1
861.8176	-1
871.4520	-1
881.0863	-1
890.7206	-1
900.3550	-1
909.9893	-1
919.6238	-1
929.2582	-1
938.8927	-1
948.5272	-1
958.1616	-1
967.7961	-1
977.4308	1
987.0662	-1
996.7016	-1
1006.3370	-1
1015.9724	-1
1025.6078	-1
1035.2432	-1
1044.8792	-1
1054.5151	-1
1064.1511	-1
1073.7871	-1
1083.4231	-1
1093.0591	-1
1102.6952	-1
1112.3313	-1
1121.9674	-1
1131.6035	-1
1141.2396	-1
1150.8757	-1
1160.5127	-1
1170.1497	-1
1179.7866	-1
1189.4236	-1
1199.0605	-1
1208.6975	-1
1218.3346	-1
1227.9717	-1
1237.6088	-1
1247.2458	-1
1256.8829	-1
1266.5200	-1
1276.1571	-1
1285.7942	-1
1295.4313	-1
1305.0684	-1
1314.7054	-1
1324.3427	-1
1333.9799	-1
1343.6171	-1
1353.2543	-1
1362.8915	-1
1372.5287	-1
1382.1659	-1
1391.8032	-1
1401.4406	-1
1411.0779	-1
1420.7152	-1
1430.3525	-1
1440.0007	1
1449.6501	-1
1459.2999	1
1468.9497	1
1478.6006	-1
1488.2515	-1
1497.9023	-1
1507.5532	-1
1517.2041	-1
1526.8550	-1
1536.5060	-1
1546.1570	-1
1555.8080	-1
1565.4590	-1
1575.1100	-1
1584.7610	-1
1594.4122	1
1604.0636	1
1613.7150	1
1623.3663	1
1633.0193	-1
1642.6722	-1
1652.3252	-1
1661.9781	-1
1671.6311	-1
1681.2841	-1
1690.9371	-1
1700.5902	-1
1710.2433	-1
1719.8964	-1
1729.5494	-1
1739.2025	-1
1748.8557	-1
1758.5089	-1
1768.1621	-1
1777.8153	-1
1787.4685	-1
1797.1217	-1
1806.7750	-1
1816.4283	-1
1826.0817	-1
1835.7350	-1
1845.3883	-1
1855.0416	-1
1864.6952	1
1874.3488	1
1884.0023	1
1893.6560	1
1903.3098	1
1912.9636	1
1922.6176	1
1932.2715	1
1941.9275	-1
1951.5835	-1
1961.2395	-1
1970.8955	-1
1980.5515	-1
1990.2075	-1
1999.8638	-1
2009.5200	-1
2019.1763	-1
2028.8325	-1
2038.4888	-1
2048.1450	-1
2057.8018	1
2067.4587	-1
2077.1157	-1
2086.7727	-1
2096.4297	-1
2106.0867	-1
2115.7437	-1
2125.4009	-1
2135.0581	-1
2144.7153	-1
2154.3726	-1
2164.0298	-1
2173.6870	-1
2183.3442	-1
2193.0017	-1
2202.6592	-1
2212.3167	-1
2221.9741	-1
2231.6316	-1
2241.2891	-1
2250.9465	-1
2260.6040	-1
2270.2615	-1
2279.9189	-1
2289.5764	-1
2299.2344	-1
2308.8923	-1
2318.5503	-1
2328.2083	-1
2337.8665	-1
2347.5247	-1
2357.1829	-1
2366.8411	-1
2376.4993	-1
2386.1575	-1
2395.8157	-1
2405.4739	-1
2415.1323	-1
2424.7908	-1
2434.4492	-1
2444.1189	1
2453.7898	-1
2463.4612	1
2473.1326	1
2482.8044	-1
2492.4763	-1
2502.1482	-1
2511.8201	-1
2521.4919	-1
2531.1638	-1
2540.8359	-1
2550.5081	-1
2560.1802	-1
2569.8523	-1
2579.5244	-1
2589.1965	-1
2598.8689	1
2608.5413	1
2618.2136	1
2627.8860	1
2637.5588	-1
2647.2317	-1
2656.9045	-1
2666.5774	-1
2676.2502	-1
2685.9231	-1
2695.5962	-1
2705.2693	-1
2714.9424	-1
2724.6155	-1
2734.2886	-1
2743.9617	-1
2753.6350	-1
2763.3083	-1
2772.9817	-1
2782.6550	-1
2792.3284	-1
2802.0017	-1
2811.6750	-1
2821.3484	-1
2831.0217	-1
2840.6951	-1
2850.3684	-1
2860.0417	-1
2869.7153	1
2879.3889	1
2889.0632	-1
2898.7375	-1
2908.4119	-1
2918.0862	-1
2927.7605	-1
2937.4348	-1
2947.1094	-1
2956.7839	-1
2966.4585	-1
2976.1443	1
2985.8313	-1
2995.5186	1
3005.2058	1
3014.8940	-1
3024.5823	-1
3034.2810	1
3043.9810	-1
3053.6814	1
3063.3818	1
3073.0835	-1
3082.7852	-1
3092.4868	-1
3102.1885	-1
3111.8901	-1
3121.5918	-1
3131.2935	-1
3140.9954	-1
3150.6973	-1
3160.3992	-1
3170.1011	-1
3179.8030	-1
3189.5051	1
3199.2073	1
3208.9097	1
3218.6121	1
3228.3162	-1
3238.0203	-1
3247.7244	-1
3257.4285	-1
3267.1326	-1
3276.8367	-1
3286.5408	-1
3296.2449	-1
3305.9490	-1
3315.6531	-1
3325.3572	-1
3335.0613	-1
3344.7656	-1
3354.4700	-1
3364.1743	-1
3373.8787	-1
3383.5830	-1
3393.2874	-1
3402.9917	-1
3412.6960	-1
3422.4004	-1
3432.1047	-1
3441.8091	-1
3451.5134	-1
3461.2180	1
3470.9226	1
3480.6272	1
3490.3318	1
3500.0366	1
3509.7415	1
3519.4468	1
3529.1523	1
3538.8594	-1
3548.5664	-1
3558.2734	-1
3567.9805	-1
3577.6875	-1
3587.3945	-1
3597.1016	-1
3606.8086	-1
3616.5156	-1
3626.2227	-1
3635.9297	-1
3645.6367	-1
3655.3447	1
3665.0527	1
3674.7607	1
3684.4688	1
3694.1770	-1
3703.8853	-1
3713.5935	-1
3723.3018	-1
3733.0100	-1
3742.7183	-1
3752.4265	-1
3762.1348	-1
3771.8430	-1
3781.5513	-1
3791.2598	-1
3800.9683	-1
3810.6768	-1
3820.3853	-1
3830.0938	-1
3839.8022	-1
3849.5107	-1
3859.2192	-1
3868.9280	-1
3878.6367	-1
3888.3455	-1
3898.0542	-1
3907.7629	-1
3917.4717	-1
3927.1809	1
3936.8901	1
3946.6011	-1
3956.3120	-1
3966.0229	-1
3975.7339	-1
3985.4448	-1
3995.1558	-1
4004.8669	-1
4014.5781	-1
4024.2893	-1
4034.0005	-1
4043.7117	-1
4053.4229	-1
4063.1355	-1
4072.8481	-1
4082.5608	-1
4092.2734	-1
4101.9858	-1
4111.6982	-1
4121.4111	-1
4131.1240	-1
4140.8369	-1
4150.5498	-1
4160.2627	-1
4169.9756	-1
4179.6885	-1
4189.4014	-1
4199.1143	-1
4208.8271	-1
4218.5400	-1
4228.2529	-1
4237.9658	-1
4247.6787	-1
4257.3916	-1
4267.1045	-1
4276.8174	-1
4286.5303	-1
4296.2441	-1
4305.9580	-1
4315.6719	-1
4325.3857	-1
4335.0996	-1
4344.8135	-1
4354.5273	-1
4364.2412	-1
4373.9658	1
4383.6919	-1
4393.4180	1
4403.1445	1
4412.8716	-1
4422.5986	-1
4432.3257	-1
4442.0542	-1
4451.7935	1
4461.5342	-1
4471.2749	1
4481.0156	1
4490.7578	-1
4500.5000	-1
4510.2422	-1
4519.9844	-1
4529.7266	-1
4539.4814	1
4549.2373	-1
4558.9937	1
4568.7500	1
4578.5068	-1
4588.2637	-1
4598.0205	-1
4607.7773	-1
4617.5342	-1
4627.2910	-1
4637.0483	-1
4646.8057	-1
4656.5630	-1
4666.3203	-1
4676.0776	-1
4685.8350	-1
4695.5923	1
4705.3496	1
4715.1069	1
4724.8643	1
4734.6226	-1
4744.3809	-1
4754.1392	-1
4763.8975	-1
4773.6558	-1
4783.4141	-1
4793.1724	-1
4802.9307	-1
4812.6890	-1
4822.4473	-1
4832.2056	-1
4841.9639	-1
4851.7227	-1
4861.4814	-1
4871.2402	-1
4880.9990	-1
4890.7578	-1
4900.5166	-1
4910.2754	-1
4920.0342	-1
4929.7930	-1
4939.5518	-1
4949.3105	-1
4959.0693	-1
4968.8281	1
4978.5869	1
4988.3457	1
4998.1050	1
5007.8643	1
5017.6235	1
5027.3828	1
5037.1421	1
5046.9019	-1
5056.6616	-1
5066.4214	-1
5076.1812	-1
5085.9409	-1
5095.7007	-1
5105.4604	-1
5115.2202	-1
5124.9800	-1
5134.7397	-1
5144.4995	-1
5154.2593	-1
5164.0205	1
5173.7817	1
5183.5430	1
5193.3042	1
5203.0654	-1
5212.8267	-1
5222.5879	-1
5232.3491	-1
5242.1104	-1
5251.8716	-1
5261.6328	-1
5271.3940	-1
5281.1553	-1
5290.9165	-1
5300.6777	-1
5310.4390	-1
5320.2007	-1
5329.9624	-1
5339.7241	-1
5349.4858	-1
5359.2476	-1
5369.0093	-1
5378.7710	-1
5388.5327	-1
5398.2944	-1
5408.0562	-1
5417.8179	-1
5427.5796	-1
5437.3413	-1
5447.1030	-1
5456.8647	-1
5466.6265	-1
5476.3882	-1
5486.1499	-1
5495.9121	-1
5505.6743	-1
5515.4365	-1
5525.1987	-1
5534.9609	-1
5544.7231	-1
5554.4854	-1
5564.2476	-1
5574.0098	-1
5583.7720	-1
5593.5342	-1
5603.2964	-1
5613.0591	-1
5622.8218	-1
5632.5845	-1
5642.3472	-1
5652.1099	-1
5661.8726	-1
5671.6357	-1
5681.3989	-1
5691.1621	-1
5700.9253	-1
5710.6885	-1
5720.4517	-1
5730.2148	-1
5739.9780	-1
5749.7412	-1
5759.5151	1
5769.2905	-1
5779.0659	1
5788.8413	1
5798.6182	-1
5808.3950	-1
5818.1719	-1
5827.9487	-1
5837.7256	-1
5847.5024	-1
5857.2793	-1
5867.0562	-1
5876.8330	-1
5886.6099	-1
5896.3867	-1
5906.1636	-1
5915.9409	1
5925.7183	1
5935.4956	1
5945.2729	1
5955.0518	-1
5964.8306	-1
5974.6094	-1
5984.3882	-1
5994.1670	-1
6003.9458	-1
6013.7246	-1
6023.5034	-1
6033.2822	-1
6043.0610	-1
6052.8398	-1
6062.6187	-1
6072.3979	-1
6082.1772	-1
6091.9565	-1
6101.7358	-1
6111.5151	-1
6121.2944	-1
6131.0737	-1
6140.8530	-1
6150.6323	-1
6160.4116	-1
6170.1909	-1
6179.9702	-1
6189.7495	1
6199.5293	1
6209.3091	1
6219.0889	1
6228.8691	1
6238.6494	1
6248.4312	-1
6258.2129	-1
6267.9946	-1
6277.7764	-1
6287.5581	-1
6297.3398	-1
6307.1221	-1
6316.9043	-1
6326.6865	-1
6336.4688	-1
6346.2510	-1
6356.0332	-1
6365.8159	-1
6375.5986	-1
6385.3813	-1
6395.1641	-1
6404.9468	-1
6414.7295	-1
6424.5122	-1
6434.2949	-1
6444.0776	-1
6453.8604	-1
6463.6431	-1
6473.4258	-1
6483.2085	-1
6492.9912	-1
6502.7739	-1
6512.5566	-1
6522.3394	-1
6532.1221	-1
6541.9048	-1
6551.6875	-1
6561.4702	-1
6571.2632	1
6581.0576	-1
6590.8521	1
6600.6465	1
6610.4419	-1
6620.2373	-1
6630.0327	-1
6639.8281	-1
6649.6235	-1
6659.4189	-1
6669.2144	-1
6679.0098	-1
6688.8052	-1
6698.6006	-1
6708.3960	-1
6718.1914	-1
6727.9868	1
6737.7822	1
6747.5781	1
6757.3740	1
6767.1704	-1
6776.9668	-1
6786.7632	-1
6796.5596	-1
6806.3560	-1
6816.1523	-1
6825.9492	-1
6835.7461	-1
6845.5430	-1
6855.3398	-1
6865.1367	-1
6874.9336	-1
6884.7305	-1
6894.5273	-1
6904.3242	-1
6914.1211	-1
6923.9180	-1
6933.7148	-1
6943.5117	-1
6953.3086	-1
6963.1055	-1
6972.9023	-1
6982.6992	-1
6992.4961	-1
7002.2930	1
7012.0898	1
7021.8872	1
7031.6846	1
7041.4819	1
7051.2793	1
7061.0767	1
7070.8740	1
7080.6724	-1
7090.4707	-1
7100.2690	-1
7110.0674	-1
7119.8657	-1
7129.6641	-1
7139.4624	-1
7149.2607	-1
7159.0591	-1
7168.8574	-1
7178.6558	-1
7188.4541	-1
7198.2529	-1
7208.0518	-1
7217.8506	-1
7227.6494	-1
7237.4482	-1
7247.2471	-1
7257.0459	-1
7266.8447	-1
7276.6436	-1
7286.4424	-1
7296.2412	-1
7306.0400	-1
7315.8389	-1
7325.6377	-1
7335.4365	-1
7345.2354	-1
7355.0342	-1
7364.8330	-1
7374.6323	-1
7384.4316	-1
7394.2310	-1
7404.0303	-1
7413.8296	-1
7423.6289	-1
7433.4282	-1
7443.2275	-1
7453.0269	-1
7462.8262	-1
7472.6255	-1
7482.4248	-1
7492.2241	-1
7502.0337	1
7511.8442	-1
7521.6553	1
7531.4663	1
7541.2778	-1
7551.0894	-1
7560.9009	-1
7570.7124	-1
7580.5239	-1
7590.3354	-1
7600.1475	-1
7609.9692	1
7619.7920	-1
7629.6152	1
7639.4385	1
7649.2627	-1
7659.0869	-1
7668.9111	-1
7678.7451	1
7688.5801	-1
7698.4155	1
7708.2510	1
7718.0874	-1
7727.9238	-1
7737.7603	-1
7747.5967	-1
7757.4434	1
7767.2910	-1
7777.1392	1
7786.9873	1
7796.8359	-1
7806.6846	-1
7816.5342	-1
7826.3931	1
7836.2534	-1
7846.1138	1
7855.9741	1
7865.8350	-1
7875.6968	-1
7885.5674	1
7895.4390	-1
7905.3110	1
7915.1831	1
7925.0557	-1
7934.9287	-1
7944.8115	1
7954.6953	-1
7964.5791	1
7974.4634	1
7984.3481	-1
7994.2329	-1
8004.1177	-1
8014.0029	-1
8023.8970	1
8033.7920	-1
8043.6875	1
8053.5830	1
8063.4790	-1
8073.3750	-1
8083.2710	-1
8093.1675	-1
8103.0737	1
8112.9810	-1
8122.8887	1
8132.7964	1
8142.7046	-1
8152.6128	-1
8162.5215	-1
8172.4390	1
8182.3574	-1
8192.2764	1
8202.1953	1
8212.1152	-1
8222.0352	-1
8231.9551	-1
8241.8750	-1
8251.7949	-1
8261.7148	-1
8271.6348	-1
8281.5547	-1
8291.4746	-1
8301.3945	-1
8311.3145	-1
8321.2344	-1
8331.1553	1
8341.0762	1
8350.9980	-1
8360.9199	-1
8370.8418	-1
8380.7637	-1
8390.6855	-1
8400.6074	-1
8410.5293	-1
8420.4609	1
8430.3936	-1
8440.3262	1
8450.2598	1
8460.1934	-1
8470.1270	-1
8480.0723	1
8490.0195	-1
8499.9668	1
8509.9141	1
8519.8623	-1
8529.8105	-1
8539.7588	-1
8549.7188	1
8559.6797	-1
8569.6416	1
8579.6035	1
8589.5664	-1
8599.5293	-1
8609.4922	-1
8619.4551	-1
8629.4180	-1
8639.3809	-1
8649.3438	-1
8659.3066	-1
8669.2695	-1
8679.2432	1
8689.2188	-1
8699.1943	1
8709.1699	1
8719.1465	-1
8729.1230	-1
8739.0996	-1
8749.0762	-1
8759.0527	-1
8769.0293	-1
8779.0059	-1
8788.9824	-1
8798.9590	-1
8808.9355	-1
8818.9121	-1
8828.8887	-1
8838.8652	1
8848.8428	1
8858.8203	1
8868.7979	1
8878.7764	-1
8888.7549	-1
8898.7334	-1
8908.7119	-1
8918.6904	-1
8928.6689	-1
8938.6475	-1
8948.6260	-1
8958.6045	-1
8968.5830	-1
8978.5615	-1
8988.5400	-1
8998.5195	-1
9008.4990	-1
9018.4785	-1
9028.4580	-1
9038.4375	-1
9048.4170	-1
9058.3965	1
9068.3760	1
9078.3555	-1
9088.3350	1
9098.3145	-1
9108.2939	-1
9118.2734	-1
9128.2529	-1
9138.2324	-1
9148.2119	1
9158.1914	1
9168.1719	-1
9178.1523	-1
9188.1328	-1
9198.1133	-1
9208.0938	-1
9218.0742	-1
9228.0557	-1
9238.0371	-1
9248.0186	-1
9258.0000	-1
9267.9814	-1
9277.9629	-1
9287.9453	-1
9297.9277	-1
9307.9102	-1
9317.8926	-1
9327.8750	-1
9337.8574	-1
9347.8398	-1
9357.8223	-1
9367.8047	-1
9377.7871	-1
9387.7695	-1
9397.7520	-1
9407.7344	-1
9417.7168	-1
9427.6992	-1
9437.6816	-1
9447.6641	-1
9457.6465	-1
9467.6396	1
9477.6348	-1
9487.6299	1
9497.6250	1
9507.6211	-1
9517.6172	-1
9527.6133	-1
9537.6094	-1
9547.6055	-1
9557.6016	-1
9567.5977	-1
9577.5938	-1
9587.5898	-1
9597.5859	-1
9607.5820	-1
9617.5781	-1
9627.5742	1
9637.5703	1
9647.5664	1
9657.5625	1
9667.5596	-1
9677.5566	-1
9687.5537	-1
9697.5508	-1
9707.5479	-1
9717.5449	-1
9727.5420	-1
9737.5391	-1
9747.5361	-1
9757.5332	-1
9767.5303	-1
9777.5273	-1
9787.5244	-1
9797.5215	-1
9807.5186	-1
9817.5156	-1
9827.5127	-1
9837.5098	-1
9847.5078	-1
9857.5059	-1
9867.5039	-1
9877.5020	-1
9887.5000	-1
9897.4980	-1
9907.4961	1
9917.4941	1
9927.4922	-1
9937.4902	-1
9947.4883	-1
9957.4863	-1
9967.4844	-1
9977.4824	-1
9987.4814	-1
9997.4805	-1
10007.4893	1
10017.5000	-1
10027.5107	1
10037.5215	1
10047.5332	-1
10057.5449	-1
10067.5566	-1
10077.5684	-1
10087.5801	-1
10097.5918	-1
10107.6035	-1
10117.6152	-1
10127.6270	-1
10137.6387	-1
10147.6504	-1
10157.6621	-1
10167.6748	1
10177.6875	1
10187.7002	1
10197.7129	1
10207.7275	-1
10217.7422	-1
10227.7568	-1
10237.7715	-1
10247.7861	-1
10257.8008	-1
10267.8154	-1
10277.8301	-1
10287.8447	-1
10297.8594	-1
10307.8740	-1
10317.8887	-1
10327.9033	-1
10337.9180	-1
10347.9326	-1
10357.9473	-1
10367.9619	-1
10377.9766	-1
10387.9912	-1
10398.0059	-1
10408.0205	-1
10418.0352	-1
10428.0498	-1
10438.0645	-1
10448.0801	1
10458.0957	1
10468.1113	1
10478.1270	1
10488.1426	1
10498.1582	1
10508.1738	1
10518.1895	1
10528.2070	-1
10538.2246	-1
10548.2422	-1
10558.2598	-1
10568.2773	-1
10578.2949	-1
10588.3135	1
10598.3320	-1
10608.3516	-1
10618.3711	-1
10628.3906	-1
10638.4102	-1
10648.4297	-1
10658.4492	-1
10668.4688	-1
10678.4883	-1
10688.5078	-1
10698.5273	-1
10708.5469	-1
10718.5674	-1
10728.5879	-1
10738.6084	-1
10748.6289	-1
10758.6494	-1
10768.6699	-1
10778.6904	-1
10788.7109	-1
10798.7314	-1
10808.7520	-1
10818.7725	-1
10828.7930	-1
10838.8135	-1
10848.8340	-1
10858.8545	-1
10868.8750	-1
10878.8955	-1
10888.9160	-1
10898.9365	-1
10908.9570	-1
10918.9775	-1
10928.9980	-1
10939.0186	-1
10949.0391	-1
10959.0596	-1
10969.0801	-1
10979.1006	-1
10989.1211	-1
10999.1416	-1
11009.1621	-1
11019.1836	-1
11029.2051	-1
11039.2266	-1
11049.2480	-1
11059.2695	-1
11069.3027	1
11079.3379	-1
11089.3730	1
11099.4082	1
11109.4443	-1
11119.4805	-1
11129.5166	-1
11139.5527	-1
11149.5889	-1
11159.6250	-1
11169.6611	-1
11179.6973	-1
11189.7334	-1
11199.7695	-1
11209.8057	-1
11219.8418	-1
11229.8779	1
11239.9141	1
11249.9502	1
11259.9863	1
11270.0234	-1
11280.0605	-1
11290.0977	-1
11300.1348	-1
11310.1719	-1
11320.2090	-1
11330.2461	-1
11340.2832	-1
11350.3203	-1
11360.3574	-1
11370.3945	-1
11380.4316	-1
11390.4688	-1
11400.5059	-1
11410.5430	-1
11420.5801	-1
11430.6172	-1
11440.6543	-1
11450.6914	-1
11460.7285	-1
11470.7656	-1
11480.8027	-1
11490.8398	-1
11500.8770	-1
11510.9150	1
11520.9531	1
11530.9912	1
11541.0293	1
11551.0684	1
11561.1074	-1
11571.1465	-1
11581.1855	-1
11591.2246	-1
11601.2637	-1
11611.3027	-1
11621.3418	1
11631.3809	1
11641.4199	1
11651.4590	-1
11661.4980	-1
11671.5371	-1
11681.5762	-1
11691.6152	-1
11701.6543	-1
11711.6934	-1
11721.7324	-1
11731.7715	-1
11741.8105	-1
11751.8496	-1
11761.8887	-1
11771.9277	1
11781.9668	1
11792.0059	-1
11802.0449	-1
11812.0840	-1
11822.1230	-1
11832.1621	-1
11842.2012	-1
11852.2412	-1
11862.2812	-1
11872.3213	-1
11882.3613	-1
11892.4014	-1
11902.4414	-1
11912.4814	-1
11922.5215	-1
11932.5615	-1
11942.6016	-1
11952.6416	-1
11962.6816	-1
11972.7227	-1
11982.7637	-1
11992.8047	-1
12002.8457	-1
12012.8867	-1
12022.9277	-1
12032.9688	-1
12043.0098	-1
12053.0508	-1
12063.0918	-1
12073.1328	-1
12083.1738	-1
12093.2148	-1
12103.2559	-1
12113.2969	-1
12123.3379	-1
12133.3789	-1
12143.4199	-1
12153.4609	-1
12163.5020	-1
12173.5537	1
12183.6064	-1
12193.6602	1
12203.7139	1
12213.7676	-1
12223.8213	-1
12233.8750	-1
12243.9287	-1
12253.9824	-1
12264.0361	-1
12274.0898	-1
12284.1436	-1
12294.1973	-1
12304.2510	-1
12314.3047	-1
12324.3584	-1
12334.4131	1
12344.4678	-1
12354.5225	-1
12364.5771	-1
12374.6318	-1
12384.6973	1
12394.7637	-1
12404.8301	1
12414.8965	1
12424.9639	-1
12435.0312	-1
12445.0986	-1
12455.1660	-1
12465.2334	-1
12475.3008	-1
12485.3682	-1
12495.4355	-1
12505.5029	-1
12515.5703	-1
12525.6377	-1
12535.7051	-1
12545.7725	1
12555.8398	1
12565.9082	-1
12575.9766	-1
12586.0449	-1
12596.1133	-1
12606.1816	-1
12616.2500	-1
12626.3184	-1
12636.3867	-1
12646.4658	1
12656.5459	-1
12666.6270	1
12676.7080	1
12686.7891	-1
12696.8701	-1
12706.9512	-1
12717.0322	-1
12727.1133	-1
12737.1943	-1
12747.2754	-1
12757.3564	-1
12767.4375	-1
12777.5186	-1
12787.5996	-1
12797.6807	-1
12807.7627	1
12817.8447	1
12827.9268	1
12838.0088	1
12848.0918	-1
12858.1748	-1
12868.2578	-1
12878.3408	-1
12888.4238	-1
12898.5068	-1
12908.5898	-1
12918.6729	-1
12928.7559	-1
12938.8389	-1
12948.9219	-1
12959.0049	-1
12969.0879	-1
12979.1709	-1
12989.2539	-1
12999.3369	-1
13009.4199	-1
13019.5029	-1
13029.5859	-1
13039.6689	-1
13049.7520	-1
13059.8350	-1
13069.9180	-1
13080.0010	-1
13090.0840	1
13100.1670	1
13110.2500	1
13120.3340	1
13130.4180	1
13140.5020	1
13150.5859	1
13160.6699	1
13170.7539	-1
13180.8379	-1
13190.9219	-1
13201.0059	-1
13211.0898	-1
13221.1738	-1
13231.2588	-1
13241.3438	-1
13251.4287	-1
13261.5137	-1
13271.5986	-1
13281.6836	-1
13291.7686	-1
13301.8535	-1
13311.9385	-1
13322.0234	-1
13332.1084	-1
13342.1934	-1
13352.2783	-1
13362.3633	-1
13372.4482	-1
13382.5332	-1
13392.6182	-1
13402.7031	-1
13412.7891	1
13422.8750	1
13432.9609	-1
13443.0469	-1
13453.1328	-1
13463.2188	-1
13473.3047	-1
13483.3906	-1
13493.4766	1
13503.5625	1
13513.6484	-1
13523.7344	-1
13533.8203	-1
13543.9062	-1
13553.9922	-1
13564.0781	-1
13574.1641	-1
13584.2500	-1
13594.3359	-1
13604.4219	-1
13614.5078	-1
13624.5938	-1
13634.6797	-1
13644.7656	-1
13654.8516	-1
13664.9375	-1
13675.0234	-1
13685.1094	-1
13695.1953	1
13705.2812	1
13715.3682	1
13725.4551	1
13735.5420	1
13745.6289	1
13755.7158	1
13765.8027	1
13775.8896	1
13785.9766	1
13796.0635	1
13806.1504	1
13816.2383	-1
13826.3262	-1
13836.4141	-1
13846.5020	-1
13856.5898	-1
13866.6777	-1
13876.7656	-1
13886.8535	-1
13896.9414	-1
13907.0293	-1
13917.1172	-1
13927.2051	-1
13937.2930	-1
13947.3809	-1
13957.4688	-1
13967.5566	-1
13977.6445	-1
13987.7324	-1
13997.8203	1
14007.9092	-1
14017.9980	-1
14028.0869	-1
14038.1758	-1
14048.2646	-1
14058.3535	-1
14068.4424	-1
14078.5312	-1
14088.6201	-1
14098.7090	-1
14108.7979	-1
14118.8867	-1
14128.9756	-1
14139.0645	-1
14149.1533	-1
14159.2422	-1
14169.3311	-1
14179.4199	-1
14189.5088	-1
14199.5977	-1
14209.6865	-1
14219.7754	-1
14229.8643	-1
14239.9531	-1
14250.0430	-1
14260.1328	-1
14270.2227	-1
14280.3125	-1
14290.4023	-1
14300.4922	-1
14310.5830	-1
14320.6738	-1
14330.7646	-1
14340.8555	-1
14350.9463	-1
14361.0371	-1
14371.1279	-1
14381.2188	-1
14391.3096	-1
14401.4004	-1
14411.4912	-1
14421.5820	-1
14431.6729	-1
14441.7637	-1
14451.8545	-1
14461.9453	-1
14472.0361	-1
14482.1270	-1
14492.2178	-1
14502.3086	-1
14512.3994	-1
14522.4902	-1
14532.5811	-1
14542.6719	-1
14552.7627	-1
14562.8535	-1
14572.9443	-1
14583.0352	-1
14593.1260	-1
14603.2168	-1
14613.3076	-1
14623.3984	-1
14633.4893	-1
14643.5801	-1
14653.6709	-1
14663.7617	-1
14673.8535	-1
14683.9453	-1
14694.0371	-1
14704.1289	-1
14714.2207	-1
14724.3125	-1
14734.4043	-1
14744.4961	-1
14754.5879	-1
14764.6797	-1
14774.7715	-1
14784.8633	-1
14794.9551	-1
14805.0469	-1
14815.1387	-1
14825.2305	-1
14835.3223	-1
14845.4141	-1
14855.5166	1
14865.6211	-1
14875.7256	1
14885.8301	1
14895.9355	-1
14906.0410	-1
14916.1465	-1
14926.2520	-1
14936.3574	-1
14946.4629	-1
14956.5693	-1
14966.6758	-1
14976.7822	-1
14986.8887	-1
14996.9951	-1
15007.1016	-1
15017.2080	1
15027.3145	1
15037.4219	1
15047.5293	1
15057.6377	-1
15067.7461	-1
15077.8545	-1
15087.9629	-1
15098.0713	-1
15108.1797	-1
15118.2891	-1
15128.3984	-1
15138.5078	-1
15148.6172	-1
15158.7266	-1
15168.8359	-1
15178.9453	1
15189.0547	1
15199.1641	-1
15209.2734	-1
15219.3828	-1
15229.4922	-1
15239.6016	-1
15249.7109	-1
15259.8203	1
15269.9297	1
15280.0391	-1
15290.1484	-1
15300.2578	-1
15310.3672	-1
15320.4766	-1
15330.5859	-1
15340.6963	1
15350.8066	1
15360.9170	1
15371.0273	1
15381.1396	-1
15391.2520	-1
15401.3643	-1
15411.4766	-1
15421.5889	-1
15431.7012	-1
15441.8135	-1
15451.9258	-1
15462.0381	-1
15472.1504	-1
15482.2627	-1
15492.3750	-1
15502.4873	-1
15512.5996	-1
15522.7119	-1
15532.8242	-1
15542.9365	-1
15553.0488	-1
15563.1621	-1
15573.2754	-1
15583.3887	-1
15593.5020	-1
15603.6152	-1
15613.7285	-1
15623.8418	-1
15633.9551	-1
15644.0684	-1
15654.1816	-1
15664.2949	-1
15674.4082	-1
15684.5215	1
15694.6348	1
15704.7500	-1
15714.8652	-1
15724.9805	-1
15735.0957	-1
15745.2109	-1
15755.3262	-1
15765.4414	-1
15775.5566	-1
15785.6719	-1
15795.7871	-1
15805.9023	-1
15816.0176	-1
15826.1328	-1
15836.2480	-1
15846.3633	-1
15856.4785	-1
15866.5938	-1
15876.7090	-1
15886.8252	-1
15896.9414	-1
15907.0576	-1
15917.1738	-1
15927.2900	-1
15937.4062	-1
15947.5225	-1
15957.6387	-1
15967.7549	-1
15977.8838	1
15988.0137	-1
15998.1436	1
16008.2734	1
16018.4053	-1
16028.5371	-1
16038.6689	-1
16048.8008	-1
16058.9326	-1
16069.0645	-1
16079.1963	-1
16089.3281	-1
16099.4707	1
16109.6143	-1
16119.7578	1
16129.9014	1
16140.0459	-1
16150.1904	-1
16160.3350	-1
16170.4795	-1
16180.6240	-1
16190.7686	-1
16200.9141	-1
16211.0596	-1
16221.2051	-1
16231.3506	-1
16241.4961	-1
16251.6416	-1
16261.7871	1
16271.9326	1
16282.0781	1
16292.2236	1
16302.3711	-1
16312.5186	-1
16322.6660	-1
16332.8135	-1
16342.9609	-1
16353.1084	-1
16363.2559	-1
16373.4033	-1
16383.5508	-1
16393.6973	-1
16403.8438	-1
16413.9902	-1
16424.1367	-1
16434.2832	-1
16444.4297	-1
16454.5762	-1
16464.7227	-1
16474.8691	-1
16485.0176	-1
16495.1660	-1
16505.3145	-1
16515.4629	-1
16525.6113	-1
16535.7598	-1
16545.9082	1
16556.0566	1
16566.2051	1
16576.3535	1
16586.5020	1
16596.6504	1
16606.7988	1
16616.9473	1
16627.0977	-1
16637.2480	-1
16647.3984	-1
16657.5488	-1
16667.6992	-1
16677.8496	-1
16688.0000	-1
16698.1504	-1
16708.3008	-1
16718.4512	-1
16728.6016	-1
16738.7520	-1
16748.9023	-1
16759.0527	-1
16769.2031	-1
16779.3535	-1
16789.5039	-1
16799.6543	-1
16809.8066	-1
16819.9590	-1
16830.1113	-1
16840.2637	-1
16850.4160	-1
16860.5684	-1
16870.7207	-1
16880.8730	-1
16891.0254	-1
16901.1777	-1
16911.3301	-1
16921.4824	-1
16931.6348	-1
16941.7871	-1
16951.9395	-1
16962.0918	-1
16972.2441	-1
16982.3965	-1
16992.5488	-1
17002.7012	-1
17012.8535	-1
17023.0059	-1
17033.1582	-1
17043.3105	-1
17053.4629	-1
17063.6152	-1
17073.7676	-1
17083.9199	-1
17094.0723	-1
17104.2246	-1
17114.3770	1
17124.5293	1
17134.6816	1
17144.8340	1
17154.9863	1
17165.1387	1
17175.2910	1
17185.4434	1
17195.5957	1
17205.7500	-1
17215.9043	-1
17226.0586	-1
17236.2129	-1
17246.3672	-1
17256.5215	-1
17266.6777	-1
17276.8340	-1
17286.9902	-1
17297.1465	-1
17307.3027	-1
17317.4590	-1
17327.6152	-1
17337.7715	-1
17347.9277	-1
17358.0840	-1
17368.2402	-1
17378.3965	-1
17388.5527	-1
17398.7090	-1
17408.8652	-1
17419.0215	-1
17429.1777	-1
17439.3340	-1
17449.4922	-1
17459.6504	-1
17469.8086	-1
17479.9668	-1
17490.1250	-1
17500.2832	-1
17510.4414	-1
17520.5996	-1
17530.7578	-1
17540.9160	-1
17551.0742	-1
17561.2324	-1
17571.3906	-1
17581.5488	-1
17591.7070	-1
17601.8652	-1
17612.0234	-1
17622.1816	-1
17632.3398	-1
17642.4980	-1
17652.6562	-1
17662.8145	-1
17672.9727	-1
17683.1309	-1
17693.2891	-1
17703.4473	-1
17713.6055	-1
17723.7754	1
17733.9453	-1
17744.1172	1
17754.2891	1
17764.4609	-1
17774.6328	-1
17784.8047	-1
17794.9766	-1
17805.1484	-1
17815.3203	-1
17825.4922	-1
17835.6641	-1
17845.8359	-1
17856.0078	-1
17866.1797	-1
17876.3516	-1
17886.5234	1
17896.6953	1
17906.8691	-1
17917.0430	-1
17927.2168	-1
17937.3906	-1
17947.5645	-1
17957.7383	-1
17967.9121	-1
17978.0859	-1
17988.2695	1
17998.4551	-1
18008.6406	1
18018.8262	1
18029.0117	-1
18039.1973	-1
18049.3828	-1
18059.5684	-1
18069.7539	-1
18079.9395	-1
18090.1250	-1
18100.3105	-1
18110.4961	-1
18120.6816	-1
18130.8672	-1
18141.0527	-1
18151.2402	1
18161.4277	1
18171.6152	-1
18181.8027	-1
18191.9902	-1
18202.1777	-1
18212.3652	-1
18222.5527	-1
18232.7402	-1
18242.9277	-1
18253.1152	-1
18263.3145	1
18273.5137	-1
18283.7148	1
18293.9160	1
18304.1172	-1
18314.3184	-1
18324.5195	-1
18334.7207	-1
18344.9219	-1
18355.1230	-1
18365.3242	-1
18375.5254	-1
18385.7266	-1
18395.9277	-1
18406.1289	-1
18416.3301	-1
18426.5312	1
18436.7324	1
18446.9336	1
18457.1348	1
18467.3379	-1
18477.5410	-1
18487.7441	-1
18497.9473	-1
18508.1504	-1
18518.3535	-1
18528.5566	-1
18538.7598	-1
18548.9629	-1
18559.1660	-1
18569.3691	-1
18579.5723	-1
18589.7754	-1
18599.9785	-1
18610.1816	-1
18620.3848	-1
18630.5879	-1
18640.7910	-1
18650.9961	1
18661.2012	1
18671.4062	1
18681.6113	1
18691.8164	1
18702.0215	-1
18712.2266	1
18722.4316	-1
18732.6367	-1
18742.8418	-1
18753.0469	-1
18763.2520	-1
18773.4570	1
18783.6621	1
18793.8691	-1
18804.0762	-1
18814.2832	-1
18824.4902	-1
18834.6973	-1
18844.9043	-1
18855.1113	-1
18865.3184	-1
18875.5254	-1
18885.7324	-1
18895.9395	-1
18906.1465	-1
18916.3535	1
18926.5605	1
18936.7676	1
18946.9746	1
18957.1836	-1
18967.3926	-1
18977.6016	-1
18987.8105	-1
18998.0195	-1
19008.2285	-1
19018.4375	-1
19028.6465	-1
19038.8555	-1
19049.0645	-1
19059.2734	-1
19069.4824	-1
19079.6914	-1
19089.9004	-1
19100.1094	-1
19110.3184	-1
19120.5273	-1
19130.7363	-1
19140.9453	-1
19151.1543	-1
19161.3633	-1
19171.5723	-1
19181.7812	-1
19191.9902	-1
19202.1992	-1
19212.4082	-1
19222.6172	-1
19232.8262	-1
19243.0352	-1
19253.2441	-1
19263.4531	-1
19273.6621	-1
19283.8711	-1
19294.0801	-1
19304.2891	-1
19314.4980	-1
19324.7090	1
19334.9199	1
19345.1309	1
19355.3418	1
19365.5527	1
19375.7637	1
19385.9746	1
19396.1855	1
19406.3965	1
19416.6074	1
19426.8184	1
19437.0293	1
19447.2402	-1
19457.4512	-1
19467.6621	-1
19477.8730	-1
19488.0840	-1
19498.2949	-1
19508.5078	1
19518.7207	1
19528.9336	-1
19539.1465	-1
19549.3594	-1
19559.5723	-1
19569.7852	-1
19579.9980	-1
19590.2109	1
19600.4238	-1
19610.6367	-1
19620.8496	1
19631.0625	-1
19641.2754	-1
19651.4883	-1
19661.7012	-1
19671.9160	-1
19682.1309	-1
19692.3457	-1
19702.5605	-1
19712.7754	-1
19722.9902	-1
19733.2051	-1
19743.4199	-1
19753.6348	-1
19763.8496	-1
19774.0645	-1
19784.2793	-1
19794.4941	1
19804.7090	1
19814.9258	-1
19825.1426	-1
19835.3594	-1
19845.5762	-1
19855.7930	-1
19866.0098	-1
19876.2266	-1
19886.4434	-1
19896.6602	-1
19906.8770	-1
19917.0938	-1
19927.3105	-1
19937.5273	1
19947.7461	-1
19957.9648	-1
19968.1836	-1
19978.4023	-1
19988.6211	-1
19998.8398	-1
20009.0586	-1
20019.2773	-1
20029.4961	-1
20039.7148	-1
20049.9336	-1
20060.1523	-1
20070.3711	-1
20080.5898	-1
20090.8086	-1
20101.0273	-1
20111.2461	-1
20121.4648	-1
20131.6836	-1
20141.9023	-1
20152.1211	-1
20162.3398	-1
20172.5586	-1
20182.7773	-1
20192.9961	-1
20203.2148	-1
20213.4336	-1
20223.6523	-1
20233.8711	-1
20244.0898	-1
20254.3086	-1
20264.5273	-1
20274.7461	-1
20284.9648	-1
20295.1836	-1
20305.4023	-1
20315.6211	-1
20325.8398	-1
20336.0586	-1
20346.2773	-1
20356.4961	-1
20366.7148	-1
20376.9336	-1
20387.1523	-1
20397.3711	-1
20407.5898	-1
20417.8086	-1
20428.0273	-1
20438.2461	-1
20448.4648	-1
20458.6836	-1
20468.9023	-1
20479.1211	-1
20489.3398	-1
20499.5586	-1
20509.7773	-1
20519.9961	-1
20530.2148	-1
20540.4336	-1
20550.6523	-1
20560.8711	-1
20571.0898	-1
20581.3086	-1
20591.5273	-1
20601.7461	-1
20611.9648	-1
20622.1875	-1
20632.4102	-1
20642.6328	-1
20652.8555	-1
20663.0781	-1
20673.3008	-1
20683.5234	-1
20693.7461	-1
20703.9688	-1
20714.1914	-1
20724.4141	-1
20734.6367	-1
20744.8594	-1
20755.0820	-1
20765.3047	-1
20775.5273	-1
20785.7500	-1
20795.9727	-1
20806.1953	-1
20816.4180	-1
20826.6406	-1
20836.8633	-1
20847.0859	-1
20857.3086	-1
20867.5312	-1
20877.7656	1
20888.0020	-1
20898.2383	1
20908.4746	1
20918.7109	-1
20928.9473	-1
20939.1836	-1
20949.4199	-1
20959.6562	-1
20969.8926	-1
20980.1289	-1
20990.3652	-1
21000.6016	-1
21010.8379	-1
21021.0742	-1
21031.3105	-1
21041.5586	1
21051.8066	-1
21062.0566	1
21072.3066	1
21082.5566	-1
21092.8066	-1
21103.0566	-1
21113.3066	-1
21123.5566	-1
21133.8066	-1
21144.0566	-1
21154.3066	-1
21164.5566	-1
21174.8066	-1
21185.0566	-1
21195.3066	-1
21205.5586	1
21215.8105	1
21226.0625	1
21236.3145	1
21246.5684	-1
21256.8223	-1
21267.0762	-1
21277.3301	-1
21287.5840	-1
21297.8379	-1
21308.0918	-1
21318.3457	-1
21328.5996	-1
21338.8535	-1
21349.1074	-1
21359.3613	-1
21369.6152	-1
21379.8691	-1
21390.1230	-1
21400.3770	-1
21410.6309	-1
21420.8848	-1
21431.1387	-1
21441.3926	-1
21451.6465	-1
21461.9004	-1
21472.1543	-1
21482.4082	-1
21492.6621	1
21502.9160	1
21513.1699	1
21523.4238	1
21533.6777	1
21543.9316	1
21554.1855	1
21564.4395	1
21574.6973	-1
21584.9551	-1
21595.2129	-1
21605.4707	-1
21615.7285	-1
21625.9863	-1
21636.2441	-1
21646.5020	-1
21656.7598	-1
21667.0176	-1
21677.2754	-1
21687.5332	-1
21697.7910	-1
21708.0488	-1
21718.3066	-1
21728.5645	-1
21738.8223	-1
21749.0801	-1
21759.3379	-1
21769.5957	-1
21779.8535	-1
21790.1113	-1
21800.3691	-1
21810.6270	-1
21820.8848	-1
21831.1426	-1
21841.4004	-1
21851.6582	-1
21861.9160	-1
21872.1738	-1
21882.4316	-1
21892.6895	-1
21902.9473	-1
21913.2051	-1
21923.4629	-1
21933.7207	-1
21943.9785	-1
21954.2363	-1
21964.4941	-1
21974.7520	-1
21985.0098	-1
21995.2676	-1
22005.5254	-1
22015.7832	-1
22026.0410	-1
22036.2988	-1
22046.5566	-1
22056.8145	-1
22067.0723	1
22077.3301	1
22087.5898	1
22097.8496	1
22108.1094	1
22118.3691	1
22128.6289	1
22138.8887	1
22149.1484	1
22159.4082	1
22169.6680	1
22179.9277	1
22190.1875	1
22200.4473	1
22210.7070	1
22220.9668	1
22231.2266	-1
22241.4863	-1
22251.7461	-1
22262.0059	-1
22272.2656	-1
22282.5254	-1
22292.7871	-1
22303.0488	-1
22313.3105	-1
22323.5723	-1
22333.8340	-1
22344.0957	-1
22354.3574	1
22364.6191	1
22374.8828	1
22385.1465	1
22395.4141	-1
22405.6816	-1
22415.9492	-1
22426.2168	-1
22436.4844	-1
22446.7520	-1
22457.0195	-1
22467.2871	-1
22477.5547	-1
22487.8223	-1
22498.0898	-1
22508.3574	-1
22518.6250	-1
22528.8926	-1
22539.1602	-1
22549.4277	-1
22559.6953	-1
22569.9629	-1
22580.2305	-1
22590.4980	-1
22600.7656	-1
22611.0332	-1
22621.3008	-1
22631.5684	-1
22641.8359	-1
22652.1035	-1
22662.3711	-1
22672.6387	-1
22682.9062	-1
22693.1738	-1
22703.4414	-1
22713.7090	-1
22723.9766	-1
22734.2441	-1
22744.5117	-1
22754.7793	-1
22765.0469	-1
22775.3145	-1
22785.5820	-1
22795.8496	-1
22806.1172	-1
22816.3848	-1
22826.6523	-1
22836.9199	-1
22847.1875	-1
22857.4551	-1
22867.7227	-1
22877.9902	-1
22888.2598	-1
22898.5293	-1
22908.7988	-1
22919.0684	-1
22929.3379	-1
22939.6074	-1
22949.8770	-1
22960.1465	-1
22970.4160	-1
22980.6855	-1
22990.9551	-1
23001.2246	-1
23011.4941	-1
23021.7637	-1
23032.0332	-1
23042.3027	-1
23052.5723	-1
23062.8418	1
23073.1113	-1
23083.3809	1
23093.6504	-1
23103.9199	-1
23114.1895	-1
23124.4590	-1
23134.7285	-1
23144.9980	-1
23155.2676	-1
23165.5371	-1
23175.8066	-1
23186.0762	-1
23196.3457	-1
23206.6152	-1
23216.8848	-1
23227.1543	-1
23237.4238	-1
23247.6934	-1
23257.9629	-1
23268.2324	-1
23278.5020	-1
23288.7715	-1
23299.0410	-1
23309.3105	-1
23319.5801	-1
23329.8496	-1
23340.1191	-1
23350.3887	-1
23360.6582	-1
23370.9277	-1
23381.1973	-1
23391.4668	-1
23401.7383	-1
23412.0098	-1
23422.2812	-1
23432.5527	-1
23442.8242	-1
23453.0957	-1
23463.3672	-1
23473.6387	-1
23483.9102	-1
23494.1816	-1
23504.4531	-1
23514.7246	-1
23524.9961	1
23535.2676	1
23545.5391	1
23555.8105	1
23566.0820	1
23576.3535	1
23586.6250	1
23596.8965	1
23607.1680	1
23617.4395	1
23627.7109	1
23637.9824	1
23648.2539	1
23658.5254	1
23668.7969	1
23679.0684	1
23689.3398	1
23699.6113	1
23709.8828	1
23720.1543	1
23730.4258	1
23740.6973	1
23750.9688	1
23761.2422	-1
23771.5156	-1
23781.7891	-1
23792.0625	-1
23802.3359	-1
23812.6094	-1
23822.8828	-1
23833.1562	-1
23843.4297	-1
23853.7031	-1
23863.9766	-1
23874.2500	-1
23884.5254	-1
23894.8008	-1
23905.0762	-1
23915.3516	-1
23925.6270	-1
23935.9023	-1
23946.1816	-1
23956.4609	-1
23966.7402	-1
23977.0195	-1
23987.2988	-1
23997.5781	-1
24007.8574	-1
24018.1367	-1
24028.4160	-1
24038.6953	-1
24048.9746	-1
24059.2539	-1
24069.5352	-1
24079.8164	-1
24090.0977	-1
24100.3789	-1
24110.6602	-1
24120.9414	-1
24131.2227	-1
24141.5039	-1
24151.7852	-1
24162.0664	-1
24172.3477	-1
24182.6289	-1
24192.9102	-1
24203.1914	-1
24213.4727	-1
24223.7539	-1
24234.0352	-1
24244.3164	-1
24254.5977	-1
24264.8789	-1
24275.1602	-1
24285.4414	-1
24295.7227	-1
24306.0039	-1
24316.2852	-1
24326.5664	-1
24336.8477	-1
24347.1289	-1
24357.4102	-1
24367.6914	-1
24377.9727	-1
24388.2539	-1
24398.5352	-1
24408.8164	-1
24419.0977	-1
24429.3789	-1
24439.6621	-1
24449.9453	-1
24460.2285	-1
24470.5117	-1
24480.7949	-1
24491.0781	-1
24501.3613	-1
24511.6445	-1
24521.9277	-1
24532.2109	-1
24542.4941	-1
24552.7773	-1
24563.0605	-1
24573.3438	-1
24583.6270	-1
24593.9102	-1
24604.1934	-1
24614.4766	-1
24624.7598	-1
24635.0430	-1
24645.3262	-1
24655.6094	-1
24665.8926	-1
24676.1758	-1
24686.4590	-1
24696.7422	-1
24707.0254	-1
24717.3086	-1
24727.5918	-1
24737.8750	-1
24748.1582	-1
24758.4414	-1
24768.7246	-1
24779.0078	-1
24789.2910	-1
24799.5742	-1
24809.8574	-1
24820.1406	-1
24830.4238	-1
24840.7070	-1
24850.9902	-1
24861.2734	-1
24871.5566	-1
24881.8398	-1
24892.1230	-1
24902.4062	-1
24912.6895	-1
24922.9727	-1
24933.2559	-1
24943.5391	-1
24953.8223	-1
24964.1055	-1
24974.3887	-1
24984.6719	-1
24994.9551	-1
25005.2383	-1
25015.5215	-1
25025.8047	-1
25036.2754	1
25046.7461	1
25057.2168	1
25067.6875	1
25078.1602	-1
25088.6328	-1
25099.1055	-1
25109.5781	-1
25120.0508	-1
25130.5234	-1
25140.9961	-1
25151.4688	-1
25161.9414	-1
25172.4141	-1
25182.8867	-1
25193.3594	-1
25203.8320	-1
25214.3047	-1
25224.7773	-1
25235.2500	-1
25245.7227	-1
25256.1953	-1
25266.6680	-1
25277.1406	-1
25287.6133	-1
25298.0859	-1
25308.5586	-1
25319.0312	-1
25329.5156	1
25340.0020	-1
25350.4883	1
25360.9746	1
25371.4609	-1
25381.9473	-1
25392.4336	-1
25402.9199	-1
25413.4062	-1
25423.8926	-1
25434.3789	-1
25444.8652	-1
25455.3516	-1
25465.8379	-1
25476.3242	-1
25486.8105	-1
25497.2969	1
25507.7832	1
25518.2695	1
25528.7559	1
25539.2441	-1
25549.7324	-1
25560.2207	-1
25570.7090	-1
25581.1973	-1
25591.6855	-1
25602.1738	-1
25612.6621	-1
25623.1504	-1
25633.6387	-1
25644.1270	-1
25654.6152	-1
25665.1035	-1
25675.5918	-1
25686.0801	-1
25696.5684	-1
25707.0566	-1
25717.5449	-1
25728.0332	-1
25738.5215	-1
25749.0098	-1
25759.4980	-1
25769.9863	-1
25780.4746	-1
25790.9629	1
25801.4531	-1
25811.9434	-1
25822.4336	-1
25832.9238	-1
25843.4238	1
25853.9258	-1
25864.4277	1
25874.9297	1
25885.4316	-1
25895.9336	-1
25906.4375	-1
25916.9492	1
25927.4629	-1
25937.9766	1
25948.4902	1
25959.0059	-1
25969.5215	-1
25980.0469	1
25990.5742	-1
26001.1016	1
26011.6289	1
26022.1562	-1
26032.6836	-1
26043.2109	-1
26053.7383	-1
26064.2656	-1
26074.7930	-1
26085.3203	-1
26095.8477	-1
26106.3750	-1
26116.9023	-1
26127.4297	-1
26137.9570	-1
26148.4863	1
26159.0156	1
26169.5449	1
26180.0742	1
26190.6035	-1
26201.1328	-1
26211.6621	-1
26222.1914	-1
26232.7207	-1
26243.2500	-1
26253.7812	-1
26264.3125	-1
26274.8438	-1
26285.3750	-1
26295.9062	-1
26306.4375	-1
26316.9688	-1
26327.5000	-1
26338.0312	-1
26348.5625	-1
26359.0938	-1
26369.6250	-1
26380.1562	-1
26390.6875	-1
26401.2285	1
26411.7695	-1
26422.3125	1
26432.8555	1
26443.3984	-1
26453.9414	-1
26464.4844	-1
26475.0273	-1
26485.5703	-1
26496.1133	-1
26506.6562	-1
26517.1992	-1
26527.7422	-1
26538.2949	1
26548.8496	-1
26559.4043	1
26569.9590	1
26580.5137	-1
26591.0684	-1
26601.6230	-1
26612.1875	1
26622.7539	-1
26633.3203	1
26643.8867	1
26654.4551	-1
26665.0234	-1
26675.6016	1
26686.1816	-1
26696.7617	1
26707.3418	1
26717.9238	-1
26728.5059	-1
26739.0977	1
26749.6914	-1
26760.2852	1
26770.8789	1
26781.4727	-1
26792.0664	-1
26802.6719	1
26813.2773	-1
26823.8848	1
26834.4922	1
26845.0996	-1
26855.7070	-1
26866.3242	1
26876.9434	-1
26887.5625	1
26898.1816	1
26908.8027	-1
26919.4238	-1
26930.0449	-1
26940.6660	-1
26951.2871	-1
26961.9082	-1
26972.5293	-1
26983.1504	-1
26993.7715	-1
27004.3926	-1
27015.0137	-1
27025.6348	-1
27036.2559	1
27046.8770	1
27057.4980	1
27068.1191	1
27078.7422	-1
27089.3652	-1
27099.9883	-1
27110.6113	-1
27121.2344	-1
27131.8574	-1
27142.4805	-1
27153.1035	-1
27163.7266	-1
27174.3496	-1
27184.9727	-1
27195.5957	-1
27206.2188	-1
27216.8418	-1
27227.4648	-1
27238.0879	-1
27248.7109	-1
27259.3340	-1
27269.9570	-1
27280.5801	-1
27291.2031	-1
27301.8262	-1
27312.4492	-1
27323.0723	-1
27333.6973	1
27344.3223	1
27354.9473	1
27365.5723	1
27376.1973	1
27386.8223	1
27397.4473	1
27408.0742	-1
27418.7012	-1
27429.3281	-1
27439.9551	-1
27450.5820	-1
27461.2090	-1
27471.8359	-1
27482.4629	-1
27493.0898	-1
27503.7168	-1
27514.3438	-1
27524.9707	-1
27535.5977	-1
27546.2246	-1
27556.8516	-1
27567.4785	-1
27578.1055	-1
27588.7324	-1
27599.3594	-1
27609.9863	-1
27620.6133	-1
27631.2402	-1
27641.8672	-1
27652.4941	-1
27663.1211	-1
27673.7480	-1
27684.3750	-1
27695.0020	-1
27705.6289	-1
27716.2559	-1
27726.8828	-1
27737.5098	-1
27748.1367	-1
27758.7637	-1
27769.3906	-1
27780.0176	-1
27790.6465	-1
27801.2754	-1
27811.9043	-1
27822.5430	1
27833.1836	-1
27843.8242	1
27854.4648	1
27865.1074	-1
27875.7500	-1
27886.4023	1
27897.0566	-1
27907.7109	1
27918.3652	1
27929.0215	-1
27939.6777	-1
27950.3340	-1
27960.9902	-1
27971.6465	-1
27982.3027	-1
27992.9590	-1
28003.6152	-1
28014.2715	-1
28024.9277	-1
28035.5840	-1
28046.2402	-1
28056.8965	1
28067.5527	1
28078.2090	1
28088.8652	1
28099.5234	-1
28110.1816	-1
28120.8398	-1
28131.4980	-1
28142.1562	-1
28152.8145	-1
28163.4727	-1
28174.1309	-1
28184.7891	-1
28195.4473	-1
28206.1055	-1
28216.7637	-1
28227.4219	-1
28238.0801	1
28248.7383	-1
28259.3965	-1
28270.0547	-1
28280.7129	-1
28291.3711	-1
28302.0293	1
28312.6875	-1
28323.3457	-1
28334.0039	-1
28344.6621	-1
28355.3203	-1
28365.9785	-1
28376.6387	-1
28387.2988	-1
28397.9590	-1
28408.6191	-1
28419.2793	-1
28429.9395	-1
28440.5996	-1
28451.2715	1
28461.9434	-1
28472.6172	1
28483.2910	1
28493.9648	-1
28504.6387	-1
28515.3125	-1
28525.9863	-1
28536.6602	-1
28547.3340	-1
28558.0078	-1
28568.6816	-1
28579.3555	-1
28590.0293	-1
28600.7031	-1
28611.3770	-1
28622.0508	1
28632.7246	1
28643.3984	1
28654.0723	1
28664.7480	-1
28675.4238	-1
28686.0996	-1
28696.7754	-1
28707.4512	-1
28718.1270	-1
28728.8027	-1
28739.4785	-1
28750.1543	-1
28760.8301	-1
28771.5059	-1
28782.1816	-1
28792.8574	1
28803.5332	1
28814.2090	1
28824.8848	1
28835.5605	-1
28846.2363	-1
28856.9121	-1
28867.5879	-1
28878.2637	-1
28888.9395	-1
28899.6152	-1
28910.2910	-1
28920.9668	-1
28931.6426	-1
28942.3184	-1
28952.9941	-1
28963.6699	1
28974.3457	1
28985.0215	1
28995.6973	1
29006.3730	-1
29017.0488	-1
29027.7246	-1
29038.4004	-1
29049.0781	-1
29059.7559	-1
29070.4336	1
29081.1113	1
29091.7891	-1
29102.4668	-1
29113.1445	-1
29123.8223	-1
29134.5000	-1
29145.1777	-1
29155.8555	-1
29166.5332	-1
29177.2109	-1
29187.8887	-1
29198.5664	-1
29209.2441	-1
29219.9219	-1
29230.5996	-1
29241.2773	-1
29251.9551	-1
29262.6328	-1
29273.3105	-1
29283.9883	1
29294.6660	1
29305.3438	-1
29316.0215	-1
29326.6992	-1
29337.3770	-1
29348.0547	-1
29358.7324	-1
29369.4102	-1
29380.0879	-1
29390.7656	-1
29401.4434	-1
29412.1211	-1
29422.7988	-1
29433.4766	-1
29444.1562	-1
29454.8359	-1
29465.5156	-1
29476.1953	-1
29486.8750	-1
29497.5547	-1
29508.2344	-1
29518.9141	-1
29529.5938	-1
29540.2734	-1
29550.9531	-1
29561.6328	-1
29572.3125	-1
29582.9922	-1
29593.6719	-1
29604.3516	-1
29615.0312	-1
29625.7109	-1
29636.3906	-1
29647.0703	-1
29657.7500	-1
29668.4297	-1
29679.1094	-1
29689.7891	-1
29700.4688	-1
29711.1484	-1
29721.8281	-1
29732.5078	-1
29743.1875	-1
29753.8672	-1
29764.5586	1
29775.2500	-1
29785.9434	1
29796.6367	1
29807.3301	-1
29818.0234	-1
29828.7285	1
29839.4336	-1
29850.1406	1
29860.8477	1
29871.5547	-1
29882.2617	-1
29892.9805	1
29903.6992	-1
29914.4199	1
29925.1406	1
29935.8613	-1
29946.5820	-1
29957.3125	1
29968.0449	-1
29978.7773	1
29989.5098	1
30000.2422	-1
30010.9766	-1
30021.7207	1
30032.4648	-1
30043.2090	1
30053.9531	1
30064.6992	-1
30075.4453	-1
30086.2012	1
30096.9590	-1
30107.7168	1
30118.4746	1
30129.2324	-1
30139.9902	-1
30150.7480	-1
30161.5156	1
30172.2852	-1
30183.0547	1
30193.8242	1
30204.5938	-1
30215.3633	-1
30226.1348	-1
30236.9141	1
30247.6953	-1
30258.4766	1
30269.2578	1
30280.0410	-1
30290.8242	-1
30301.6172	1
30312.4102	-1
30323.2031	1
30333.9961	1
30344.7910	-1
30355.5859	-1
30366.3809	-1
30377.1855	1
30387.9922	-1
30398.7988	1
30409.6055	1
30420.4121	-1
30431.2188	-1
30442.0254	-1
30452.8418	1
30463.6602	-1
30474.4785	1
30485.2969	1
30496.1172	-1
30506.9375	-1
30517.7656	1
30528.5957	-1
30539.4258	1
30550.2559	1
30561.0859	-1
30571.9180	-1
30582.7578	1
30593.5996	-1
30604.4414	1
30615.2832	1
30626.1270	-1
30636.9707	-1
30647.8145	-1
30658.6582	-1
30669.5020	-1
30680.3457	-1
30691.1895	-1
30702.0332	-1
30712.8770	-1
30723.7207	-1
30734.5645	-1
30745.4082	-1
30756.2520	1
30767.0957	1
30777.9395	1
30788.7832	1
30799.6289	-1
30810.4746	-1
30821.3203	-1
30832.1660	-1
30843.0117	-1
30853.8574	-1
30864.7031	-1
30875.5488	-1
30886.3945	-1
30897.2402	-1
30908.0859	-1
30918.9316	-1
30929.7773	-1
30940.6230	-1
30951.4688	-1
30962.3145	-1
30973.1602	-1
30984.0059	-1
30994.8516	1
31005.6973	1
31016.5430	-1
31027.3887	-1
31038.2344	-1
31049.0801	-1
31059.9258	-1
31070.7715	-1
31081.6172	-1
31092.4629	-1
31103.3086	-1
31114.1543	-1
31125.0000	-1
31135.8457	-1
31146.6914	-1
31157.5371	-1
31168.3828	-1
31179.2285	-1
31190.0742	-1
31200.9316	1
31211.7891	-1
31222.6484	1
31233.5078	1
31244.3672	-1
31255.2266	-1
31266.0859	-1
31276.9453	-1
31287.8047	-1
31298.6641	-1
31309.5234	-1
31320.3828	-1
31331.2422	-1
31342.1016	-1
31352.9609	-1
31363.8203	-1
31374.6797	1
31385.5391	1
31396.3984	1
31407.2598	-1
31418.1211	-1
31428.9824	-1
31439.8438	-1
31450.7051	-1
31461.5664	-1
31472.4277	-1
31483.2891	-1
31494.1504	-1
31505.0117	-1
31515.8730	-1
31526.7344	-1
31537.5957	-1
31548.4668	1
31559.3398	-1
31570.2129	1
31581.0859	1
31591.9590	-1
31602.8320	-1
31613.7051	-1
31624.5781	-1
31635.4512	-1
31646.3242	-1
31657.1992	-1
31668.0742	-1
31678.9492	-1
31689.8242	-1
31700.6992	-1
31711.5742	-1
31722.4492	1
31733.3242	1
31744.1992	1
31755.0742	1
31765.9492	-1
31776.8242	-1
31787.6992	-1
31798.5742	-1
31809.4492	-1
31820.3242	-1
31831.1992	-1
31842.0742	-1
31852.9492	-1
31863.8242	-1
31874.6992	-1
31885.5742	-1
31896.4492	-1
31907.3242	-1
31918.1992	-1
31929.0742	-1
31939.9492	-1
31950.8242	-1
31961.6992	-1
31972.5742	-1
31983.4492	-1
31994.3242	-1
32005.1992	-1
32016.0742	-1
32026.9492	1
32037.8262	1
32048.7031	1
32059.5801	1
32070.4570	1
32081.3340	1
32092.2109	1
32103.0879	1
32113.9648	-1
32124.8418	-1
32135.7188	-1
32146.5957	-1
32157.4727	-1
32168.3496	-1
32179.2266	-1
32190.1035	-1
32200.9805	-1
32211.8574	-1
32222.7344	-1
32233.6113	-1
32244.4883	-1
32255.3652	-1
32266.2422	-1
32277.1191	-1
32287.9961	-1
32298.8730	-1
32309.7500	-1
32320.6270	-1
32331.5039	-1
32342.3809	-1
32353.2578	-1
32364.1348	-1
32375.0137	1
32385.8926	1
32396.7715	-1
32407.6504	-1
32418.5293	-1
32429.4082	-1
32440.2871	-1
32451.1660	-1
32462.0449	-1
32472.9238	-1
32483.8027	-1
32494.6816	-1
32505.5605	-1
32516.4395	-1
32527.3184	-1
32538.1973	-1
32549.0762	-1
32559.9551	-1
32570.8340	-1
32581.7129	-1
32592.5918	-1
32603.4707	-1
32614.3496	-1
32625.2285	-1
32636.1074	-1
32646.9863	-1
32657.8652	1
32668.7441	1
32679.6230	1
32690.5020	1
32701.3809	1
32712.2598	1
32723.1387	1
32734.0176	1
32744.8984	1
32755.7793	1
32766.6602	1
32777.5391	1
32788.4180	1
32799.2969	-1
32810.1758	-1
32821.0547	-1
32831.9336	-1
32842.8125	-1
32853.6914	-1
32864.5703	1
32875.4492	-1
32886.3281	-1
32897.2070	-1
32908.0859	-1
32918.9648	-1
32929.8438	-1
32940.7266	1
32951.6094	1
32962.4922	1
32973.3750	1
32984.2578	-1
32995.1406	-1
33006.0234	-1
33016.9062	-1
33027.7891	-1
33038.6719	-1
33049.5547	-1
33060.4375	-1
33071.3203	-1
33082.2031	-1
33093.0859	-1
33103.9688	-1
33114.8516	1
33125.7344	1
33136.6172	1
33147.5000	1
33158.3867	-1
33169.2734	-1
33180.1602	-1
33191.0469	-1
33201.9336	-1
33212.8203	-1
33223.7070	-1
33234.5938	-1
33245.4805	-1
33256.3672	-1
33267.2539	-1
33278.1406	-1
33289.0273	-1
33299.9141	-1
33310.8008	-1
33321.6875	-1
33332.5742	-1
33343.4609	-1
33354.3477	-1
33365.2344	-1
33376.1211	-1
33387.0078	-1
33397.8945	-1
33408.7812	-1
33419.6680	-1
33430.5547	-1
33441.4414	-1
33452.3281	-1
33463.2148	-1
33474.1016	-1
33484.9883	-1
33495.8750	-1
33506.7617	-1
33517.6484	-1
33528.5352	-1
33539.4219	-1
33550.3086	1
33561.1953	-1
33572.0820	-1
33582.9688	-1
33593.8555	-1
33604.7422	-1
33615.6289	-1
33626.5156	1
33637.4023	1
33648.2891	1
33659.1758	-1
33670.0625	-1
33680.9492	-1
33691.8359	-1
33702.7227	-1
33713.6094	-1
33724.4961	-1
33735.3828	-1
33746.2695	-1
33757.1562	-1
33768.0430	-1
33778.9297	-1
33789.8164	-1
33800.7031	-1
33811.5898	-1
33822.4766	-1
33833.3633	-1
33844.2500	-1
33855.1367	-1
33866.0234	-1
33876.9102	-1
33887.7969	-1
33898.6836	-1
33909.5703	-1
33920.4570	-1
33931.3438	-1
33942.2305	-1
33953.1172	-1
33964.0039	-1
33974.8906	-1
33985.7773	-1
33996.6641	-1
34007.5508	-1
34018.4375	-1
34029.3242	-1
34040.2109	-1
34051.0977	1
34061.9844	1
34072.8711	1
34083.7578	1
34094.6445	1
34105.5312	1
34116.4180	1
34127.3047	1
34138.1953	-1
34149.0859	-1
34159.9766	-1
34170.8672	-1
34181.7578	-1
34192.6484	-1
34203.5391	-1
34214.4297	-1
34225.3203	-1
34236.2109	-1
34247.1016	-1
34257.9922	-1
34268.8828	-1
34279.7734	-1
34290.6641	-1
34301.5547	-1
34312.4453	-1
34323.3359	-1
34334.2266	-1
34345.1172	-1
34356.0078	-1
34366.8984	-1
34377.7891	-1
34388.6797	-1
34399.5703	-1
34410.4609	-1
34421.3516	-1
34432.2422	-1
34443.1328	-1
34454.0234	-1
34464.9141	-1
34475.8047	-1
34486.6953	-1
34497.5859	-1
34508.4766	-1
34519.3672	-1
34530.2578	-1
34541.1484	-1
34552.0391	-1
34562.9297	-1
34573.8203	-1
34584.7109	-1
34595.6016	-1
34606.4922	-1
34617.3828	-1
34628.2734	-1
34639.1641	-1
34650.0547	-1
34660.9453	-1
34671.8359	-1
34682.7266	-1
34693.6172	-1
34704.5078	-1
34715.3984	-1
34726.2891	-1
34737.1797	-1
34748.0703	-1
34758.9609	-1
34769.8516	-1
34780.7422	-1
34791.6328	-1
34802.5234	-1
34813.4141	-1
34824.3047	-1
34835.1953	-1
34846.0859	-1
34856.9766	-1
34867.8672	-1
34878.7578	-1
34889.6484	-1
34900.5391	-1
34911.4297	-1
34922.3242	-1
34933.2188	-1
34944.1133	-1
34955.0078	-1
34965.9023	-1
34976.7969	-1
34987.6914	-1
34998.5859	-1
35009.4805	-1
35020.3750	-1
35031.2695	-1
35042.1641	-1
35053.0586	-1
35063.9531	-1
35074.8477	-1
35085.7422	-1
35096.6367	-1
35107.5312	-1
35118.4258	-1
35129.3203	-1
35140.2148	-1
35151.1094	-1
35162.0039	-1
35172.8984	-1
35183.7930	-1
35194.6875	-1
35205.5820	-1
35216.4766	-1
35227.3711	-1
35238.2656	-1
35249.1602	-1
35260.0547	-1
35270.9492	-1
35281.8438	-1
35292.7383	-1
35303.6328	-1
35314.5273	-1
35325.4219	-1
35336.3164	-1
35347.2109	-1
35358.9453	1
35370.6797	-1
