0.0000	0
0.0007	-1
0.2751	-2
0.5203	-2
0.6594	-2
0.7368	-2
0.9094	-2
0.9875	-2
1.1648	-2
1.2430	-2
1.3681	-2
1.5639	-2
1.5743	-2
1.9354	-2
1.9808	-2
3.8426	1
4.6719	2
7.8665	1
11.8921	-1
15.9181	1
19.9442	1
23.9735	-1
28.0028	-1
32.0322	-1
36.0616	-1
40.1071	1
44.1542	-1
48.2018	1
52.2495	1
56.2983	-1
60.3471	-1
64.3960	-1
68.4449	-1
72.4937	-1
76.5426	-1
80.5915	-1
84.6405	-1
88.6895	-1
92.7540	1
96.8207	-1
100.8883	1
104.9560	1
109.0256	-1
113.0951	-1
117.1646	-1
121.2341	-1
125.3036	-1
129.3731	-1
133.4427	-1
137.5124	-1
141.5820	-1
145.6517	-1
149.7213	-1
153.7910	-1
157.8611	1
161.9312	1
166.0025	-1
170.0739	-1
174.1453	-1
178.2166	-1
182.2880	-1
186.3594	-1
190.4308	-1
194.5023	-1
198.5738	-1
202.6453	-1
206.7168	-1
210.8015	1
214.8879	-1
218.9747	1
223.0615	1
227.1491	-1
231.2367	-1
235.3243	-1
239.4119	-1
243.4996	-1
247.5877	-1
251.6896	1
255.7932	-1
259.8972	1
264.0013	1
268.1067	-1
272.2120	-1
276.3174	-1
280.4227	-1
284.5280	-1
288.6334	-1
292.7389	-1
296.8443	-1
300.9498	-1
305.0553	-1
309.1608	-1
313.2663	-1
317.3722	1
321.4781	1
325.5842	1
329.6902	1
333.7983	-1
337.9064	-1
342.0145	-1
346.1226	-1
350.2307	-1
354.3387	-1
358.4470	-1
362.5553	-1
366.6636	-1
370.7719	-1
374.8802	-1
378.9885	-1
383.0974	1
387.2063	1
391.3152	-1
395.4242	-1
399.5332	1
403.6422	-1
407.7511	-1
411.8601	-1
415.9691	-1
420.0781	1
424.1872	-1
428.2963	-1
432.4054	-1
436.5145	-1
440.6236	-1
444.7327	-1
448.8436	-1
452.9545	-1
457.0654	-1
461.1763	-1
465.2872	-1
469.3981	-1
473.5092	-1
477.6202	-1
481.7312	-1
485.8423	-1
489.9533	-1
494.0644	-1
498.1755	-1
502.2867	-1
506.3978	-1
510.5090	-1
514.6202	-1
518.7315	-1
522.8428	-1
526.9542	-1
531.0655	-1
535.1768	-1
539.3014	1
543.4277	-1
547.5546	1
551.6815	1
555.8099	-1
559.9382	-1
564.0666	-1
568.1949	-1
572.3233	-1
576.4517	-1
580.5801	-1
584.7086	-1
588.8371	-1
592.9656	-1
597.1077	1
601.2514	-1
605.3955	1
609.5397	1
613.6846	-1
617.8295	-1
621.9744	-1
626.1193	-1
630.2642	-1
634.4097	-1
638.5685	1
642.7289	-1
646.8898	1
651.0507	1
655.2132	-1
659.3757	-1
663.5383	-1
667.7008	-1
671.8633	-1
676.0259	-1
680.1885	-1
684.3512	-1
688.5139	-1
692.6765	-1
696.8392	-1
701.0018	-1
705.1650	1
709.3284	1
713.4917	1
717.6551	1
721.8204	-1
725.9857	-1
730.1509	-1
734.3162	-1
738.4815	-1
742.6468	-1
746.8122	-1
750.9776	-1
755.1430	-1
759.3084	-1
763.4738	-1
767.6392	-1
771.8047	-1
775.9703	-1
780.1358	-1
784.3013	-1
788.4669	-1
792.6324	-1
796.7980	-1
800.9637	-1
805.1293	-1
809.2950	-1
813.4606	-1
817.6263	-1
821.7922	1
825.9583	1
830.1243	1
834.2905	1
838.4568	1
842.6231	1
846.7894	1
850.9558	1
855.1245	-1
859.2932	-1
863.4619	-1
867.6306	-1
871.7993	-1
875.9680	-1
880.1368	-1
884.3056	-1
888.4744	-1
892.6432	-1
896.8121	-1
900.9809	-1
905.1498	-1
909.3188	-1
913.4877	-1
917.6567	-1
921.8256	-1
925.9946	-1
930.1636	-1
934.3327	-1
938.5018	-1
942.6708	-1
946.8399	-1
951.0090	-1
955.1783	-1
959.3475	-1
963.5168	-1
967.6860	-1
971.8553	-1
976.0245	-1
980.1939	-1
984.3633	-1
988.5327	-1
992.7020	-1
996.8714	-1
1001.0408	-1
1005.2103	-1
1009.3798	-1
1013.5493	-1
1017.7188	-1
1021.8882	-1
1026.0577	-1
1030.2273	-1
1034.3969	-1
1038.5664	-1
1042.7360	-1
1046.9055	-1
1051.0751	-1
1055.2462	1
1059.4175	1
1063.5887	1
1067.7600	1
1071.9313	1
1076.1027	1
1080.2740	1
1084.4454	1
1088.6169	1
1092.7885	1
1096.9600	1
1101.1316	1
1105.3032	1
1109.4749	1
1113.6465	1
1117.8182	1
1121.9940	-1
1126.1698	-1
1130.3457	-1
1134.5216	-1
1138.6975	-1
1142.8734	-1
1147.0493	-1
1151.2253	-1
1155.4014	-1
1159.5774	-1
1163.7534	-1
1167.9294	-1
1172.1056	-1
1176.2817	-1
1180.4579	-1
1184.6340	-1
1188.8102	-1
1192.9863	-1
1197.1626	-1
1201.3389	-1
1205.5151	-1
1209.6914	-1
1213.8677	-1
1218.0439	-1
1222.2223	1
1226.4006	1
1230.5790	1
1234.7574	1
1238.9359	1
1243.1144	1
1247.2930	1
1251.4716	1
1255.6509	-1
1259.8302	-1
1264.0095	-1
1268.1888	-1
1272.3682	-1
1276.5475	-1
1280.7271	-1
1284.9066	-1
1289.0862	-1
1293.2657	-1
1297.4453	-1
1301.6249	-1
1305.8046	-1
1309.9843	-1
1314.1639	-1
1318.3436	-1
1322.5233	-1
1326.7030	-1
1330.8829	-1
1335.0629	-1
1339.2428	-1
1343.4227	-1
1347.6027	-1
1351.7826	-1
1355.9626	-1
1360.1427	-1
1364.3228	-1
1368.5028	-1
1372.6829	-1
1376.8629	-1
1381.0432	-1
1385.2235	-1
1389.4038	-1
1393.5841	-1
1397.7644	-1
1401.9447	-1
1406.1251	-1
1410.3055	-1
1414.4860	-1
1418.6664	-1
1422.8469	-1
1427.0275	-1
1431.2081	-1
1435.3888	-1
1439.5695	-1
1443.7501	-1
1447.9308	-1
1452.1115	-1
1456.2943	1
1460.4772	1
1464.6600	1
1468.8434	-1
1473.0267	-1
1477.2101	-1
1481.3934	-1
1485.5768	-1
1489.7601	-1
1493.9437	-1
1498.1273	-1
1502.3109	-1
1506.4945	-1
1510.6781	-1
1514.8617	-1
1519.0455	-1
1523.2294	-1
1527.4132	-1
1531.5970	-1
1535.7809	-1
1539.9647	-1
1544.1487	-1
1548.3326	-1
1552.5166	-1
1556.7006	-1
1560.8845	-1
1565.0685	-1
1569.2526	-1
1573.4368	-1
1577.6210	-1
1581.8052	-1
1585.9894	-1
1590.1736	-1
1594.3585	1
1598.5435	1
1602.7285	1
1606.9136	1
1611.0988	1
1615.2839	1
1619.4695	1
1623.6550	1
1627.8406	1
1632.0262	1
1636.2119	1
1640.3976	1
1644.5834	1
1648.7692	1
1652.9550	1
1657.1409	1
1661.3268	1
1665.5127	1
1669.6986	1
1673.8846	1
1678.0707	1
1682.2567	1
1686.4429	1
1690.6298	-1
1694.8167	-1
1699.0035	-1
1703.1904	-1
1707.3773	-1
1711.5642	-1
1715.7513	-1
1719.9385	-1
1724.1256	-1
1728.3127	-1
1732.4999	-1
1736.6870	-1
1740.8749	-1
1745.0627	-1
1749.2506	-1
1753.4385	-1
1757.6263	-1
1761.8142	-1
1766.0023	-1
1770.1904	-1
1774.3785	-1
1778.5667	-1
1782.7548	-1
1786.9429	-1
1791.1312	-1
1795.3196	-1
1799.5079	-1
1803.6963	-1
1807.8846	-1
1812.0730	-1
1816.2615	-1
1820.4501	-1
1824.6387	-1
1828.8273	-1
1833.0159	-1
1837.2045	-1
1841.3932	-1
1845.5819	-1
1849.7706	-1
1853.9594	-1
1858.1481	-1
1862.3368	-1
1866.5258	-1
1870.7147	-1
1874.9037	-1
1879.0927	-1
1883.2816	-1
1887.4706	-1
1891.6617	-1
1895.8529	-1
1900.0441	-1
1904.2352	-1
1908.4264	-1
1912.6176	-1
1916.8090	-1
1921.0004	-1
1925.1918	-1
1929.3832	-1
1933.5746	-1
1937.7660	-1
1941.9575	-1
1946.1490	-1
1950.3406	-1
1954.5321	-1
1958.7236	-1
1962.9152	-1
1967.1069	-1
1971.2987	-1
1975.4905	-1
1979.6823	-1
1983.8740	-1
1988.0658	-1
1992.2588	-1
1996.4518	-1
2000.6448	-1
2004.8378	-1
2009.0308	-1
2013.2239	-1
2017.4171	-1
2021.6104	-1
2025.8036	-1
2029.9968	-1
2034.1901	-1
2038.3833	-1
2042.5769	-1
2046.7705	-1
2050.9641	-1
2055.1577	-1
2059.3513	-1
2063.5449	-1
2067.7388	-1
2071.9326	-1
2076.1265	-1
2080.3203	-1
2084.5142	-1
2088.7080	-1
2092.9053	1
2097.1025	1
2101.2998	1
2105.4973	1
2109.6958	-1
2113.8943	-1
2118.0928	-1
2122.2913	-1
2126.4897	-1
2130.6882	-1
2134.8870	-1
2139.0857	-1
2143.2844	-1
2147.4832	-1
2151.6819	-1
2155.8806	-1
2160.0793	-1
2164.2781	-1
2168.4768	-1
2172.6755	-1
2176.8743	-1
2181.0730	-1
2185.2720	-1
2189.4709	-1
2193.6699	-1
2197.8689	-1
2202.0679	-1
2206.2668	-1
2210.4658	-1
2214.6648	-1
2218.8638	-1
2223.0630	-1
2227.2622	-1
2231.4614	-1
2235.6606	-1
2239.8599	-1
2244.0591	-1
2248.2583	-1
2252.4575	-1
2256.6567	-1
2260.8560	-1
2265.0552	-1
2269.2544	-1
2273.4536	-1
2277.6528	-1
2281.8521	-1
2286.0537	1
2290.2554	1
2294.4570	-1
2298.6589	-1
2302.8608	-1
2307.0627	-1
2311.2646	-1
2315.4666	-1
2319.6685	1
2323.8704	1
2328.0723	-1
2332.2742	-1
2336.4761	-1
2340.6780	-1
2344.8799	-1
2349.0818	1
2353.2837	-1
2357.4856	1
2361.6875	1
2365.8896	1
2370.0918	1
2374.2939	-1
2378.4961	-1
2382.6982	-1
2386.9004	-1
2391.1025	-1
2395.3047	-1
2399.5068	1
2403.7102	1
2407.9136	1
2412.1169	1
2416.3210	-1
2420.5251	-1
2424.7295	-1
2428.9338	-1
2433.1382	-1
2437.3425	-1
2441.5471	-1
2445.7517	-1
2449.9563	-1
2454.1609	-1
2458.3655	-1
2462.5701	-1
2466.7747	-1
2470.9795	-1
2475.1843	-1
2479.3892	-1
2483.5940	-1
2487.7988	-1
2492.0037	-1
2496.2085	-1
2500.4133	-1
2504.6182	-1
2508.8230	-1
2513.0278	-1
2517.2329	-1
2521.4380	-1
2525.6431	-1
2529.8481	-1
2534.0532	-1
2538.2583	-1
2542.4634	-1
2546.6685	-1
2550.8735	-1
2555.0786	-1
2559.2837	-1
2563.4888	-1
2567.6941	-1
2571.8994	-1
2576.1047	-1
2580.3101	-1
2584.5154	-1
2588.7207	-1
2592.9282	-1
2597.1357	-1
2601.3433	-1
2605.5508	-1
2609.7583	-1
2613.9658	-1
2618.1736	-1
2622.3813	-1
2626.5891	-1
2630.7969	-1
2635.0046	-1
2639.2124	-1
2643.4202	-1
2647.6279	-1
2651.8357	-1
2656.0435	-1
2660.2512	-1
2664.4590	-1
2668.6667	-1
2672.8745	-1
2677.0823	-1
2681.2900	-1
2685.4978	-1
2689.7056	-1
2693.9165	-1
2698.1274	-1
2702.3384	-1
2706.5493	-1
2710.7603	-1
2714.9712	-1
2719.1829	-1
2723.3945	-1
2727.6062	-1
2731.8179	-1
2736.0295	-1
2740.2412	-1
2744.4534	-1
2748.6655	-1
2752.8777	-1
2757.0898	-1
2761.3020	-1
2765.5142	-1
2769.7285	-1
2773.9429	-1
2778.1572	-1
2782.3716	-1
2786.5859	-1
2790.8003	-1
2795.0146	-1
2799.2290	-1
2803.4434	-1
2807.6577	-1
2811.8721	-1
2816.0864	-1
2820.3008	-1
2824.5151	-1
2828.7295	-1
2832.9438	-1
2837.1582	-1
2841.3726	-1
2845.5876	-1
2849.8027	-1
2854.0178	-1
2858.2329	-1
2862.4480	-1
2866.6631	-1
2870.8784	-1
2875.0938	-1
2879.3091	-1
2883.5244	-1
2887.7397	-1
2891.9551	-1
2896.1704	-1
2900.3857	-1
2904.6011	-1
2908.8164	-1
2913.0317	-1
2917.2471	-1
2921.4626	-1
2925.6782	-1
2929.8938	-1
2934.1094	-1
2938.3250	-1
2942.5405	-1
2946.7561	-1
2950.9717	-1
2955.1873	-1
2959.4028	-1
2963.6184	-1
2967.8340	-1
2972.0498	-1
2976.2656	-1
2980.4814	-1
2984.6973	-1
2988.9131	-1
2993.1289	-1
2997.3447	-1
3001.5605	-1
3005.7764	-1
3009.9922	-1
3014.2229	1
3018.4551	-1
3022.6877	1
3026.9204	1
3031.1543	-1
3035.3882	-1
3039.6221	-1
3043.8560	-1
3048.0898	-1
3052.3237	-1
3056.5579	-1
3060.7920	-1
3065.0261	-1
3069.2603	-1
3073.4944	-1
3077.7285	-1
3081.9629	1
3086.1975	1
3090.4321	1
3094.6667	1
3098.9026	-1
3103.1384	-1
3107.3743	-1
3111.6101	-1
3115.8459	-1
3120.0818	-1
3124.3179	-1
3128.5540	-1
3132.7900	-1
3137.0261	-1
3141.2622	-1
3145.4983	-1
3149.7346	-1
3153.9709	-1
3158.2073	-1
3162.4436	-1
3166.6799	-1
3170.9163	-1
3175.1526	-1
3179.3889	-1
3183.6252	-1
3187.8616	-1
3192.0979	-1
3196.3342	-1
3200.5708	1
3204.8076	1
3209.0444	1
3213.2812	1
3217.5181	1
3221.7549	1
3225.9917	1
3230.2288	1
3234.4680	-1
3238.7073	-1
3242.9465	-1
3247.1858	-1
3251.4250	-1
3255.6643	-1
3259.9038	-1
3264.1433	-1
3268.3828	-1
3272.6223	-1
3276.8618	-1
3281.1013	-1
3285.3418	-1
3289.5823	-1
3293.8228	-1
3298.0632	-1
3302.3037	-1
3306.5442	-1
3310.7849	-1
3315.0256	-1
3319.2664	-1
3323.5071	-1
3327.7478	-1
3331.9885	-1
3336.2292	-1
3340.4700	-1
3344.7107	-1
3348.9514	-1
3353.1921	-1
3357.4329	-1
3361.6738	-1
3365.9148	-1
3370.1558	-1
3374.3967	-1
3378.6377	-1
3382.8787	-1
3387.1196	-1
3391.3606	-1
3395.6016	-1
3399.8425	-1
3404.0835	-1
3408.3245	-1
3412.5657	-1
3416.8069	-1
3421.0481	-1
3425.2893	-1
3429.5305	-1
3433.7717	-1
3438.0132	1
3442.2546	1
3446.4963	1
3450.7380	1
3454.9797	1
3459.2217	1
3463.4636	1
3467.7056	1
3471.9490	1
3476.1924	1
3480.4358	1
3484.6794	1
3488.9231	1
3493.1667	1
3497.4104	1
3501.6541	1
3505.8994	-1
3510.1448	-1
3514.3901	-1
3518.6355	-1
3522.8809	-1
3527.1262	-1
3531.3718	-1
3535.6174	-1
3539.8630	-1
3544.1086	-1
3548.3542	-1
3552.5999	-1
3556.8455	-1
3561.0911	-1
3565.3367	-1
3569.5825	-1
3573.8284	-1
3578.0742	-1
3582.3201	-1
3586.5659	-1
3590.8118	-1
3595.0576	-1
3599.3035	-1
3603.5493	-1
3607.7971	1
3612.0449	1
3616.2927	1
3620.5405	1
3624.7883	1
3629.0364	1
3633.2844	1
3637.5325	1
3641.7812	-1
3646.0300	-1
3650.2788	-1
3654.5276	-1
3658.7764	-1
3663.0251	-1
3667.2742	-1
3671.5232	-1
3675.7722	-1
3680.0212	-1
3684.2703	-1
3688.5193	-1
3692.7686	-1
3697.0178	-1
3701.2671	-1
3705.5164	-1
3709.7656	-1
3714.0149	-1
3718.2644	-1
3722.5139	-1
3726.7634	-1
3731.0129	-1
3735.2625	-1
3739.5120	-1
3743.7627	1
3748.0134	1
3752.2642	1
3756.5149	1
3760.7659	1
3765.0168	1
3769.2678	1
3773.5198	-1
3777.7717	-1
3782.0237	-1
3786.2756	-1
3790.5276	-1
3794.7795	-1
3799.0317	-1
3803.2839	-1
3807.5361	-1
3811.7883	-1
3816.0405	-1
3820.2927	-1
3824.5452	-1
3828.7976	-1
3833.0500	-1
3837.3025	-1
3841.5549	-1
3845.8074	-1
3850.0601	-1
3854.3127	-1
3858.5654	-1
3862.8181	-1
3867.0708	-1
3871.3235	-1
3875.5762	-1
3879.8289	-1
3884.0815	-1
3888.3342	-1
3892.5869	-1
3896.8396	-1
3901.0925	-1
3905.3455	-1
3909.5984	-1
3913.8513	-1
3918.1042	-1
3922.3572	-1
3926.6133	-1
3930.8694	-1
3935.1255	-1
3939.3816	-1
3943.6377	-1
3947.8938	-1
3952.1501	-1
3956.4065	-1
3960.6628	-1
3964.9192	-1
3969.1755	-1
3973.4319	-1
3977.6904	-1
3981.9490	-1
3986.2075	-1
3990.4661	-1
3994.7246	-1
3998.9832	-1
4003.2419	-1
4007.5007	-1
4011.7595	-1
4016.0183	-1
4020.2771	-1
4024.5359	-1
4028.7947	-1
4033.0535	-1
4037.3123	-1
4041.5710	-1
4045.8298	-1
4050.0886	-1
4054.3477	-1
4058.6067	-1
4062.8657	-1
4067.1248	-1
4071.3838	-1
4075.6428	-1
4079.9019	-1
4084.1609	-1
4088.4199	-1
4092.6790	-1
4096.9380	-1
4101.1973	-1
4105.4565	-1
4109.7158	-1
4113.9751	-1
4118.2344	-1
4122.4937	-1
4126.7529	-1
4131.0127	-1
4135.2725	-1
4139.5322	-1
4143.7920	-1
4148.0518	-1
4152.3115	-1
4156.5713	-1
4160.8311	-1
4165.0908	-1
4169.3506	-1
4173.6104	-1
4177.8701	-1
4182.1299	-1
4186.3896	-1
4190.6494	-1
4194.9092	-1
4199.1689	-1
4203.4287	-1
4207.6885	-1
4211.9482	-1
4216.2080	-1
4220.4678	-1
4224.7275	-1
4228.9873	-1
4233.2476	-1
4237.5078	-1
4241.7681	-1
4246.0283	-1
4250.2886	-1
4254.5488	-1
4258.8091	-1
4263.0693	-1
4267.3296	-1
4271.5898	-1
4275.8501	-1
4280.1104	-1
4284.3706	-1
4288.6309	-1
4292.8911	-1
4297.1514	-1
4301.4116	-1
4305.6719	-1
4309.9321	-1
4314.1924	-1
4318.4526	-1
4322.7129	-1
4326.9731	-1
4331.2334	-1
4335.4941	-1
4339.7549	-1
4344.0156	-1
4348.2764	-1
4352.5518	1
4356.8286	-1
4361.1060	1
4365.3833	1
4369.6616	-1
4373.9399	-1
4378.2183	-1
4382.4966	-1
4386.7749	-1
4391.0532	-1
4395.3315	-1
4399.6099	-1
4403.9014	1
4408.1943	-1
4412.4878	1
4416.7812	1
4421.0757	-1
4425.3701	-1
4429.6646	-1
4433.9590	-1
4438.2534	-1
4442.5479	-1
4446.8423	-1
4451.1367	-1
4455.4312	-1
4459.7256	-1
4464.0200	-1
4468.3145	-1
4472.6094	1
4476.9048	-1
4481.2002	-1
4485.4956	-1
4489.7910	-1
4494.0864	-1
4498.3818	-1
4502.6899	1
4506.9995	-1
4511.3096	1
4515.6196	1
4519.9312	-1
4524.2427	-1
4528.5542	-1
4532.8657	-1
4537.1772	-1
4541.4888	-1
4545.8003	-1
4550.1118	-1
4554.4233	-1
4558.7349	-1
4563.0464	-1
4567.3711	1
4571.6978	-1
4576.0249	1
4580.3521	1
4584.6802	-1
4589.0083	-1
4593.3364	-1
4597.6646	-1
4601.9927	-1
4606.3208	-1
4610.6489	-1
4614.9771	-1
4619.3052	-1
4623.6333	-1
4627.9614	-1
4632.2896	-1
4636.6182	1
4640.9468	1
4645.2754	1
4649.6040	1
4653.9336	-1
4658.2632	-1
4662.5928	-1
4666.9224	-1
4671.2520	-1
4675.5815	-1
4679.9111	-1
4684.2407	-1
4688.5703	-1
4692.8999	-1
4697.2295	-1
4701.5591	-1
4705.8892	1
4710.2192	1
4714.5493	-1
4718.8794	-1
4723.2095	-1
4727.5396	-1
4731.8696	-1
4736.1997	-1
4740.5303	1
4744.8608	1
4749.1914	-1
4753.5220	-1
4757.8525	-1
4762.1831	-1
4766.5137	-1
4770.8442	-1
4775.1753	-1
4779.5063	-1
4783.8374	-1
4788.1685	-1
4792.4995	-1
4796.8306	-1
4801.1616	1
4805.4932	1
4809.8247	1
4814.1562	1
4818.4888	1
4822.8218	1
4827.1548	-1
4831.4878	-1
4835.8208	-1
4840.1538	-1
4844.4868	-1
4848.8198	-1
4853.1528	-1
4857.4858	-1
4861.8188	-1
4866.1519	-1
4870.4849	-1
4874.8179	-1
4879.1509	-1
4883.4839	-1
4887.8169	-1
4892.1504	-1
4896.4839	-1
4900.8174	-1
4905.1509	-1
4909.4844	-1
4913.8179	-1
4918.1514	-1
4922.4849	-1
4926.8184	-1
4931.1519	-1
4935.4854	-1
4939.8188	-1
4944.1523	-1
4948.4858	-1
4952.8193	-1
4957.1528	-1
4961.4863	-1
4965.8198	-1
4970.1533	-1
4974.4873	-1
4978.8213	-1
4983.1553	-1
4987.4893	-1
4991.8232	-1
4996.1572	-1
5000.4912	-1
5004.8252	-1
5009.1597	1
5013.4941	1
5017.8286	1
5022.1631	1
5026.4976	1
5030.8325	1
5035.1675	1
5039.5024	1
5043.8374	1
5048.1724	1
5052.5073	1
5056.8423	1
5061.1772	-1
5065.5122	-1
5069.8472	-1
5074.1821	1
5078.5171	-1
5082.8521	-1
5087.1870	-1
5091.5220	1
5095.8574	-1
5100.1929	-1
5104.5283	-1
5108.8638	-1
5113.1992	-1
5117.5347	-1
5121.8706	-1
5126.2065	-1
5130.5425	-1
5134.8784	-1
5139.2144	-1
5143.5503	-1
5147.8867	1
5152.2231	1
5156.5601	1
5160.8970	1
5165.2363	-1
5169.5757	-1
5173.9150	-1
5178.2544	-1
5182.5938	-1
5186.9331	-1
5191.2725	-1
5195.6118	-1
5199.9512	-1
5204.2905	-1
5208.6299	-1
5212.9692	-1
5217.3086	-1
5221.6479	-1
5225.9873	-1
5230.3267	-1
5234.6660	-1
5239.0054	-1
5243.3452	-1
5247.6851	-1
5252.0249	-1
5256.3647	-1
5260.7046	-1
5265.0444	-1
5269.3843	-1
5273.7241	-1
5278.0640	-1
5282.4038	-1
5286.7437	-1
5291.0835	-1
5295.4233	-1
5299.7632	-1
5304.1030	-1
5308.4429	-1
5312.7827	-1
5317.1226	-1
5321.4624	-1
5325.8022	-1
5330.1421	-1
5334.4819	-1
5338.8218	-1
5343.1616	-1
5347.5015	-1
5351.8413	-1
5356.1812	-1
5360.5210	-1
5364.8608	-1
5369.2007	-1
5373.5410	-1
5377.8813	-1
5382.2217	-1
5386.5620	-1
5390.9023	-1
5395.2427	-1
5399.5830	-1
5403.9233	-1
5408.2637	-1
5412.6040	-1
5416.9443	-1
5421.2847	-1
5425.6250	-1
5429.9653	-1
5434.3057	-1
5438.6460	-1
5442.9863	-1
5447.3267	-1
5451.6670	-1
5456.0073	-1
5460.3477	-1
5464.6880	-1
5469.0283	-1
5473.3687	-1
5477.7090	-1
5482.0493	-1
5486.3896	-1
5490.7300	-1
5495.0703	-1
5499.4106	-1
5503.7520	-1
5508.0933	-1
5512.4346	-1
5516.7759	-1
5521.1172	-1
5525.4585	-1
5529.8013	-1
5534.1440	-1
5538.4868	-1
5542.8296	-1
5547.1724	-1
5551.5151	-1
5555.8579	-1
5560.2007	-1
5564.5435	-1
5568.8862	-1
5573.2290	-1
5577.5718	-1
5581.9146	-1
5586.2573	-1
5590.6133	1
5594.9707	-1
5599.3286	1
5603.6865	1
5608.0464	-1
5612.4062	-1
5616.7661	-1
5621.1396	1
5625.5151	-1
5629.8911	1
5634.2671	1
5638.6440	-1
5643.0210	-1
5647.3979	-1
5651.7749	-1
5656.1523	-1
5660.5425	1
5664.9341	-1
5669.3257	1
5673.7178	1
5678.1108	-1
5682.5039	-1
5686.8970	-1
5691.2900	-1
5695.6831	-1
5700.0762	-1
5704.4692	-1
5708.8628	-1
5713.2563	-1
5717.6499	-1
5722.0435	-1
5726.4370	-1
5730.8306	1
5735.2241	1
5739.6191	-1
5744.0142	-1
5748.4092	-1
5752.8042	-1
5757.1992	-1
5761.5942	-1
5765.9893	-1
5770.3843	-1
5774.7920	1
5779.2012	-1
5783.6108	1
5788.0205	1
5792.4307	-1
5796.8408	-1
5801.2510	-1
5805.6611	-1
5810.0713	-1
5814.4814	-1
5818.8921	-1
5823.3027	-1
5827.7134	-1
5832.1240	-1
5836.5347	-1
5840.9453	-1
5845.3560	1
5849.7666	1
5854.1772	1
5858.5884	1
5863.0000	-1
5867.4116	-1
5871.8232	-1
5876.2349	-1
5880.6465	-1
5885.0581	-1
5889.4702	-1
5893.8823	-1
5898.2944	-1
5902.7065	-1
5907.1187	-1
5911.5308	1
5915.9429	-1
5920.3550	1
5924.7676	-1
5929.1802	-1
5933.5928	-1
5938.0054	-1
5942.4180	-1
5946.8306	-1
5951.2432	-1
5955.6558	-1
5960.0684	-1
5964.4810	-1
5968.8936	-1
5973.3062	-1
5977.7188	1
5982.1318	1
5986.5449	1
5990.9580	1
5995.3711	1
5999.7842	1
6004.1978	-1
6008.6113	-1
6013.0249	-1
6017.4385	-1
6021.8521	-1
6026.2656	-1
6030.6802	-1
6035.0947	-1
6039.5093	-1
6043.9238	-1
6048.3384	-1
6052.7529	-1
6057.1675	-1
6061.5820	-1
6065.9966	-1
6070.4111	-1
6074.8257	-1
6079.2402	-1
6083.6553	1
6088.0703	1
6092.4858	-1
6096.9014	-1
6101.3169	-1
6105.7324	-1
6110.1479	-1
6114.5635	-1
6118.9790	-1
6123.3945	-1
6127.8101	-1
6132.2256	-1
6136.6411	-1
6141.0566	-1
6145.4722	1
6149.8877	1
6154.3032	1
6158.7192	1
6163.1353	-1
6167.5513	-1
6171.9673	-1
6176.3833	-1
6180.7993	-1
6185.2153	-1
6189.6313	-1
6194.0474	-1
6198.4634	-1
6202.8794	-1
6207.2954	-1
6211.7114	-1
6216.1274	-1
6220.5435	-1
6224.9595	-1
6229.3755	-1
6233.7915	-1
6238.2075	-1
6242.6240	1
6247.0405	1
6251.4575	1
6255.8745	1
6260.2925	-1
6264.7104	-1
6269.1284	-1
6273.5464	-1
6277.9644	-1
6282.3823	-1
6286.8003	-1
6291.2183	-1
6295.6362	-1
6300.0542	-1
6304.4722	-1
6308.8901	-1
6313.3086	-1
6317.7271	-1
6322.1455	-1
6326.5640	-1
6330.9824	-1
6335.4009	-1
6339.8203	-1
6344.2397	-1
6348.6592	-1
6353.0786	-1
6357.4980	-1
6361.9175	-1
6366.3374	-1
6370.7573	-1
6375.1772	-1
6379.5972	-1
6384.0171	-1
6388.4370	-1
6392.8569	-1
6397.2769	-1
6401.6968	-1
6406.1167	-1
6410.5366	-1
6414.9565	-1
6419.3765	-1
6423.7964	-1
6428.2163	-1
6432.6362	-1
6437.0562	-1
6441.4761	-1
6445.8960	-1
6450.3159	-1
6454.7358	-1
6459.1558	-1
6463.5757	-1
6467.9956	-1
6472.4160	-1
6476.8364	-1
6481.2568	-1
6485.6772	-1
6490.0977	-1
6494.5181	-1
6498.9385	-1
6503.3589	-1
6507.7793	-1
6512.2144	1
6516.6509	-1
6521.0879	1
6525.5249	1
6529.9629	-1
6534.4009	-1
6538.8389	-1
6543.2769	-1
6547.7148	-1
6552.1528	-1
6556.5908	-1
6561.0288	-1
6565.4800	1
6569.9326	-1
6574.3857	1
6578.8389	1
6583.2930	-1
6587.7471	-1
6592.2012	-1
6596.6553	-1
6601.1094	-1
6605.5635	-1
6610.0181	-1
6614.4854	1
6618.9541	-1
6623.4233	1
6627.8926	1
6632.3628	-1
6636.8330	-1
6641.3032	-1
6645.7734	-1
6650.2437	-1
6654.7266	1
6659.2114	-1
6663.6963	1
6668.1812	1
6672.6670	-1
6677.1528	-1
6681.6387	-1
6686.1245	-1
6690.6104	-1
6695.0962	-1
6699.5825	-1
6704.0688	-1
6708.5552	-1
6713.0415	-1
6717.5278	-1
6722.0142	-1
6726.5005	1
6730.9868	1
6735.4736	1
6739.9604	1
6744.4478	-1
6748.9351	-1
6753.4224	-1
6757.9097	-1
6762.3970	-1
6766.8843	-1
6771.3721	1
6775.8599	1
6780.3477	-1
6784.8354	-1
6789.3232	-1
6793.8110	-1
6798.2988	-1
6802.7866	-1
6807.2749	-1
6811.7632	-1
6816.2515	-1
6820.7397	-1
6825.2280	-1
6829.7163	-1
6834.2046	-1
6838.6929	-1
6843.1812	-1
6847.6694	-1
6852.1577	-1
6856.6460	-1
6861.1348	1
6865.6235	1
6870.1128	1
6874.6021	1
6879.0913	1
6883.5806	1
6888.0698	-1
6892.5591	-1
6897.0483	-1
6901.5376	-1
6906.0269	-1
6910.5161	-1
6915.0059	1
6919.4956	1
6923.9854	-1
6928.4751	-1
6932.9648	-1
6937.4546	-1
6941.9443	-1
6946.4341	-1
6950.9243	1
6955.4146	1
6959.9058	-1
6964.3970	-1
6968.8882	-1
6973.3794	-1
6977.8706	-1
6982.3618	-1
6986.8530	-1
6991.3442	-1
6995.8354	-1
7000.3267	-1
7004.8179	-1
7009.3091	-1
7013.8008	-1
7018.2925	-1
7022.7842	-1
7027.2759	-1
7031.7676	-1
7036.2593	-1
7040.7510	-1
7045.2427	-1
7049.7344	-1
7054.2261	-1
7058.7178	-1
7063.2095	-1
7067.7017	1
7072.1938	1
7076.6860	1
7081.1787	-1
7085.6714	-1
7090.1641	-1
7094.6567	-1
7099.1494	-1
7103.6421	-1
7108.1348	-1
7112.6274	-1
7117.1201	-1
7121.6128	-1
7126.1055	-1
7130.5981	-1
7135.0918	-1
7139.5854	-1
7144.0791	-1
7148.5728	-1
7153.0664	-1
7157.5601	-1
7162.0537	-1
7166.5474	-1
7171.0410	-1
7175.5347	-1
7180.0283	-1
7184.5220	-1
7189.0166	-1
7193.5112	-1
7198.0059	-1
7202.5005	-1
7206.9951	-1
7211.4897	-1
7215.9844	-1
7220.4790	-1
7224.9741	-1
7229.4692	-1
7233.9644	-1
7238.4595	-1
7242.9546	-1
7247.4497	-1
7251.9448	-1
7256.4399	-1
7260.9351	-1
7265.4302	-1
7269.9253	-1
7274.4204	-1
7278.9155	-1
7283.4106	-1
7287.9058	-1
7292.4009	-1
7296.8960	-1
7301.3911	-1
7305.8862	-1
7310.3813	-1
7314.8765	-1
7319.3843	1
7323.8936	-1
7328.4028	1
7332.9121	1
7337.4224	-1
7341.9326	-1
7346.4429	-1
7350.9531	-1
7355.4634	-1
7359.9736	-1
7364.4839	-1
7368.9941	-1
7373.5044	-1
7378.0146	-1
7382.5249	-1
7387.0352	-1
7391.5459	1
7396.0566	1
7400.5674	1
7405.0781	1
7409.5894	-1
7414.1006	-1
7418.6118	-1
7423.1230	-1
7427.6343	-1
7432.1460	-1
7436.6577	-1
7441.1694	-1
7445.6812	-1
7450.1929	-1
7454.7046	-1
7459.2163	-1
7463.7280	1
7468.2402	1
7472.7524	1
7477.2646	1
7481.7769	-1
7486.2891	-1
7490.8013	-1
7495.3135	-1
7499.8257	-1
7504.3379	-1
7508.8506	1
7513.3633	1
7517.8760	-1
7522.3887	-1
7526.9014	-1
7531.4141	-1
7535.9268	-1
7540.4395	-1
7544.9531	1
7549.4668	1
7553.9805	-1
7558.4941	-1
7563.0078	-1
7567.5215	-1
7572.0352	-1
7576.5488	-1
7581.0630	-1
7585.5771	-1
7590.0913	-1
7594.6055	-1
7599.1196	-1
7603.6338	-1
7608.1484	1
7612.6631	1
7617.1777	-1
7621.6924	-1
7626.2070	-1
7630.7217	-1
7635.2363	-1
7639.7510	-1
7644.2661	-1
7648.7812	-1
7653.2964	-1
7657.8115	-1
7662.3267	-1
7666.8418	-1
7671.3569	-1
7675.8721	-1
7680.3872	-1
7684.9023	-1
7689.4175	-1
7693.9326	-1
7698.4478	-1
7702.9629	-1
7707.4780	-1
7711.9932	-1
7716.5083	-1
7721.0234	-1
7725.5391	1
7730.0547	1
7734.5713	-1
7739.0879	-1
7743.6045	-1
7748.1211	-1
7752.6377	-1
7757.1543	-1
7761.6709	-1
7766.1875	-1
7770.7041	-1
7775.2207	-1
7779.7373	-1
7784.2539	-1
7788.7705	-1
7793.2871	-1
7797.8037	-1
7802.3203	-1
7806.8369	-1
7811.3535	-1
7815.8701	1
7820.3877	1
7824.9053	1
7829.4229	1
7833.9404	1
7838.4580	-1
7842.9756	-1
7847.4932	-1
7852.0107	-1
7856.5283	-1
7861.0459	-1
7865.5640	-1
7870.0820	-1
7874.6001	-1
7879.1182	-1
7883.6362	-1
7888.1543	-1
7892.6729	-1
7897.1914	-1
7901.7100	-1
7906.2285	-1
7910.7471	-1
7915.2656	-1
7919.7847	-1
7924.3037	-1
7928.8228	-1
7933.3418	-1
7937.8608	-1
7942.3799	-1
7946.8994	-1
7951.4189	-1
7955.9385	-1
7960.4580	-1
7964.9775	-1
7969.4971	-1
7974.0171	-1
7978.5371	-1
7983.0571	-1
7987.5771	-1
7992.0972	-1
7996.6172	-1
8001.1377	-1
8005.6582	-1
8010.1787	-1
8014.6992	-1
8019.2197	-1
8023.7402	-1
8028.2607	-1
8032.7812	-1
8037.3018	-1
8041.8223	-1
8046.3574	1
8050.8940	-1
8055.4316	1
8059.9692	1
8064.5083	-1
8069.0474	-1
8073.5864	-1
8078.1255	-1
8082.6646	-1
8087.2036	-1
8091.7427	-1
8096.2817	-1
8100.8208	-1
8105.3599	-1
8109.8989	-1
8114.4380	-1
8118.9775	1
8123.5171	1
8128.0566	1
8132.5962	1
8137.1372	-1
8141.6782	-1
8146.2192	-1
8150.7603	-1
8155.3013	-1
8159.8423	-1
8164.3838	1
8168.9253	1
8173.4673	-1
8178.0093	-1
8182.5513	-1
8187.0933	-1
8191.6353	-1
8196.1768	-1
8200.7188	-1
8205.2607	-1
8209.8027	-1
8214.3447	-1
8218.8867	-1
8223.4287	1
8227.9707	-1
8232.5127	1
8237.0557	-1
8241.5986	-1
8246.1416	-1
8250.6846	-1
8255.2275	-1
8259.7705	-1
8264.3135	1
8268.8564	1
8273.3994	1
8277.9434	1
8282.4883	-1
8287.0332	-1
8291.5781	-1
8296.1230	-1
8300.6680	-1
8305.2129	-1
8309.7578	-1
8314.3027	-1
8318.8477	-1
8323.3926	-1
8327.9375	-1
8332.4824	-1
8337.0283	-1
8341.5742	-1
8346.1201	-1
8350.6660	-1
8355.2119	-1
8359.7578	-1
8364.3037	-1
8368.8496	-1
8373.3955	-1
8377.9424	-1
8382.4893	-1
8387.0361	-1
8391.5830	-1
8396.1299	-1
8400.6768	-1
8405.2236	-1
8409.7705	-1
8414.3174	-1
8418.8643	1
8423.4111	1
8427.9580	-1
8432.5049	-1
8437.0518	-1
8441.5986	-1
8446.1455	-1
8450.6924	-1
8455.2393	-1
8459.7861	-1
8464.3330	-1
8468.8799	-1
8473.4268	-1
8477.9736	-1
8482.5205	1
8487.0674	1
8491.6143	-1
8496.1611	-1
8500.7080	-1
8505.2549	-1
8509.8018	-1
8514.3486	-1
8518.8955	1
8523.4424	1
8527.9912	1
8532.5400	1
8537.0889	1
8541.6377	1
8546.1865	1
8550.7354	1
8555.2842	1
8559.8330	1
8564.3818	1
8568.9307	1
8573.4814	-1
8578.0322	-1
8582.5840	-1
8587.1357	-1
8591.6875	-1
8596.2393	-1
8600.7910	-1
8605.3428	-1
8609.8945	-1
8614.4463	-1
8618.9980	-1
8623.5498	-1
8628.1016	-1
8632.6533	-1
8637.2051	-1
8641.7568	-1
8646.3086	-1
8650.8604	-1
8655.4121	-1
8659.9639	-1
8664.5156	-1
8669.0674	-1
8673.6191	-1
8678.1709	-1
8682.7227	-1
8687.2744	-1
8691.8262	-1
8696.3779	-1
8700.9297	-1
8705.4814	-1
8710.0342	-1
8714.5869	-1
8719.1396	-1
8723.6924	-1
8728.2451	-1
8732.7979	-1
8737.3516	-1
8741.9053	-1
8746.4590	-1
8751.0127	-1
8755.5664	-1
8760.1201	-1
8764.6738	1
8769.2285	-1
8773.7832	-1
8778.3379	-1
8782.8926	-1
8787.4473	-1
8792.0020	-1
8796.5566	1
8801.1113	1
8805.6660	1
8810.2207	1
8814.7754	1
8819.3301	1
8823.8848	1
8828.4404	1
8832.9961	1
8837.5518	1
8842.1074	1
8846.6631	1
8851.2188	1
8855.7744	1
8860.3311	1
8864.8906	-1
8869.4502	-1
8874.0098	-1
8878.5693	-1
8883.1289	-1
8887.6885	-1
8892.2490	-1
8896.8096	-1
8901.3701	-1
8905.9307	-1
8910.4912	-1
8915.0518	-1
8919.6123	-1
8924.1729	-1
8928.7334	-1
8933.2939	-1
8937.8545	-1
8942.4150	-1
8946.9756	-1
8951.5361	-1
8956.0967	-1
8960.6572	-1
8965.2178	-1
8969.7783	-1
8974.3389	-1
8978.8994	-1
8983.4600	-1
8988.0205	-1
8992.5811	-1
8997.1416	-1
9001.7021	-1
9006.2627	-1
9010.8232	-1
9015.3838	-1
9019.9443	-1
9024.5049	-1
9029.0654	-1
9033.6260	-1
9038.1865	-1
9042.7471	-1
9047.3076	-1
9051.8682	-1
9056.4287	-1
9060.9893	-1
9065.5498	-1
9070.1104	-1
9074.6709	-1
9079.2314	-1
9083.7949	1
9088.3584	1
9092.9219	1
9097.4854	1
9102.0488	1
9106.6123	1
9111.1758	1
9115.7393	1
9120.3027	1
9124.8662	1
9129.4297	1
9133.9932	1
9138.5566	1
9143.1201	1
9147.6836	1
9152.2471	1
9156.8125	-1
9161.3779	-1
9165.9434	-1
9170.5088	-1
9175.0742	-1
9179.6396	-1
9184.2051	-1
9188.7705	-1
9193.3359	-1
9197.9014	-1
9202.4668	-1
9207.0322	-1
9211.5977	-1
9216.1631	-1
9220.7285	-1
9225.2939	-1
9229.8594	-1
9234.4248	-1
9238.9932	-1
9243.5615	-1
9248.1299	-1
9252.6982	-1
9257.2666	-1
9261.8350	-1
9266.4053	1
9270.9756	1
9275.5459	1
9280.1162	-1
9284.6865	-1
9289.2568	-1
9293.8271	-1
9298.3975	-1
9302.9678	-1
9307.5381	-1
9312.1084	-1
9316.6787	-1
9321.2490	-1
9325.8193	-1
9330.3896	-1
9334.9609	-1
9339.5322	-1
9344.1035	-1
9348.6748	-1
9353.2461	-1
9357.8174	-1
9362.3887	-1
9366.9600	-1
9371.5312	-1
9376.1025	-1
9380.6738	-1
9385.2451	-1
9389.8164	-1
9394.3877	-1
9398.9590	-1
9403.5303	-1
9408.1016	-1
9412.6729	-1
9417.2441	-1
9421.8154	-1
9426.3867	-1
9430.9580	-1
9435.5293	-1
9440.1006	-1
9444.6719	-1
9449.2432	-1
9453.8145	-1
9458.3857	-1
9462.9570	-1
9467.5283	-1
9472.0996	-1
9476.6709	-1
9481.2422	-1
9485.8135	-1
9490.3848	-1
9494.9561	-1
9499.5283	-1
9504.1006	-1
9508.6729	-1
9513.2451	-1
9517.8174	-1
9522.3896	-1
9526.9619	-1
9531.5342	-1
9536.1064	-1
9540.6787	-1
9545.2510	-1
9549.8232	-1
9554.3955	-1
9558.9678	-1
9563.5400	-1
9568.1123	-1
9572.6846	-1
9577.2568	-1
9581.8291	1
9586.4014	1
9590.9736	1
9595.5459	1
9600.1182	1
9604.6914	1
9609.2646	1
9613.8389	1
9618.4131	1
9622.9873	1
9627.5615	1
9632.1357	-1
9636.7100	-1
9641.2842	-1
9645.8584	-1
9650.4326	-1
9655.0068	-1
9659.5811	-1
9664.1553	-1
9668.7295	-1
9673.3037	1
9677.8779	-1
9682.4521	-1
9687.0264	-1
9691.6006	1
9696.1748	1
9700.7490	1
9705.3232	1
9709.8984	1
9714.4736	-1
9719.0488	-1
9723.6240	-1
9728.1992	-1
9732.7744	-1
9737.3496	-1
9741.9248	1
9746.5000	1
9751.0752	1
9755.6504	-1
9760.2256	-1
9764.8008	-1
9769.3760	-1
9773.9512	-1
9778.5264	-1
9783.1016	1
9787.6768	1
9792.2520	1
9796.8271	-1
9801.4023	-1
9805.9775	-1
9810.5527	-1
9815.1279	-1
9819.7031	-1
9824.2783	-1
9828.8535	-1
9833.4287	-1
9838.0039	-1
9842.5791	-1
9847.1543	-1
9851.7295	-1
9856.3047	-1
9860.8799	-1
9865.4551	-1
9870.0303	-1
9874.6055	-1
9879.1816	1
9883.7598	1
9888.3379	1
9892.9160	1
9897.4941	1
9902.0732	1
9906.6523	1
9911.2314	-1
9915.8105	-1
9920.3896	-1
9924.9688	-1
9929.5479	-1
9934.1270	-1
9938.7061	1
9943.2852	-1
9947.8643	-1
9952.4434	-1
9957.0225	-1
9961.6016	-1
9966.1807	-1
9970.7627	-1
9975.3447	-1
9979.9268	-1
9984.5088	-1
9989.0908	-1
9993.6729	-1
9998.2549	-1
10002.8369	-1
10007.4189	-1
10012.0010	-1
10016.5830	-1
10021.1650	-1
10025.7471	-1
10030.3291	-1
10034.9111	-1
10039.4932	-1
10044.0752	-1
10048.6572	-1
10053.2393	1
10057.8223	1
10062.4053	1
10066.9883	1
10071.5713	1
10076.1543	1
10080.7373	1
10085.3203	1
10089.9033	1
10094.4863	1
10099.0693	1
10103.6523	1
10108.2354	1
10112.8184	1
10117.4082	-1
10121.9980	-1
10126.5879	-1
10131.1777	-1
10135.7676	-1
10140.3574	-1
10144.9473	-1
10149.5371	-1
10154.1270	-1
10158.7168	-1
10163.3066	-1
10167.8965	-1
10172.4863	-1
10177.0762	-1
10181.6660	-1
10186.2559	-1
10190.8457	-1
10195.4355	-1
10200.0254	-1
10204.6152	-1
10209.2051	-1
10213.7949	-1
10218.3848	-1
10222.9746	-1
10227.5645	-1
10232.1543	-1
10236.7441	-1
10241.3340	-1
10245.9238	-1
10250.5137	-1
10255.1035	-1
10259.6934	-1
10264.2832	-1
10268.8730	-1
10273.4629	-1
10278.0527	-1
10282.6426	-1
10287.2324	-1
10291.8223	-1
10296.4121	-1
10301.0020	-1
10305.5918	-1
10310.1816	-1
10314.7715	-1
10319.3613	-1
10323.9512	-1
10328.5410	-1
10333.1309	-1
10337.7217	-1
10342.3125	-1
10346.9033	-1
10351.4941	-1
10356.0850	-1
10360.6758	-1
10365.2666	-1
10369.8574	-1
10374.4482	-1
10379.0391	-1
10383.6299	-1
10388.2207	-1
10392.8115	-1
10397.4023	-1
10401.9932	-1
10406.5840	-1
10411.1748	-1
10415.7656	-1
10420.3564	-1
10424.9473	-1
10429.5381	-1
10434.1289	-1
10438.7197	-1
10443.3105	-1
10447.9014	-1
10452.4922	-1
10457.0830	-1
10461.6738	-1
10466.2646	-1
10470.8555	-1
10475.4463	-1
10480.0371	-1
10484.6279	-1
10489.2188	-1
10493.8096	-1
10498.4004	-1
10502.9912	1
10507.5840	-1
10512.1768	-1
10516.7695	-1
10521.3623	-1
10525.9551	-1
10530.5479	-1
10535.1406	-1
10539.7334	-1
10544.3262	-1
10548.9189	-1
10553.5117	-1
10558.1045	-1
10562.6992	-1
10567.2939	-1
10571.8887	-1
10576.4834	-1
10581.0781	-1
10585.6729	-1
10590.2676	-1
10594.8623	-1
10599.4570	-1
10604.0518	-1
10608.6465	-1
10613.2412	-1
10617.8359	-1
10622.4307	-1
10627.0254	-1
10631.6201	-1
10636.2148	-1
10640.8096	-1
10645.4043	-1
10649.9990	-1
10654.5938	-1
10659.1885	-1
10663.7832	-1
10668.3779	-1
10672.9727	-1
10677.5674	-1
10682.1621	-1
10686.7568	-1
10691.3516	-1
10695.9463	-1
10700.5420	-1
10705.1377	-1
10709.7334	-1
10714.3291	-1
10718.9248	-1
10723.5205	-1
10728.1162	-1
10732.7119	-1
10737.3076	-1
10741.9033	-1
10746.4990	-1
10751.0947	-1
10755.6904	-1
10760.2861	-1
10764.8818	-1
10769.4775	-1
10774.0732	-1
10778.6689	-1
10783.2646	-1
10787.8604	-1
10792.4561	-1
10797.0518	-1
10801.6475	-1
10806.2432	-1
10810.8389	-1
10815.4346	-1
10820.0303	-1
10824.6260	-1
10829.2217	-1
10833.8174	-1
10838.4141	-1
10843.0107	-1
10847.6074	-1
10852.2041	-1
10856.8008	-1
10861.3975	-1
10865.9951	-1
10870.5928	-1
10875.1904	-1
10879.7881	-1
10884.3857	-1
10888.9834	-1
10893.5840	-1
10898.1846	-1
10902.7852	-1
10907.3857	-1
10911.9863	-1
10916.5869	-1
10921.1875	-1
10925.7881	-1
10930.3887	-1
10934.9893	-1
10939.5898	-1
10944.1904	-1
10948.7910	-1
10953.3916	-1
10957.9922	-1
10962.5928	-1
10967.1934	-1
10971.7939	-1
10976.3965	-1
10980.9990	-1
10985.6016	-1
10990.2041	-1
10994.8066	-1
10999.4092	-1
11004.0117	-1
11008.6143	-1
11013.2168	-1
11017.8193	-1
11022.4219	-1
11027.0244	-1
11031.6270	-1
11036.2295	-1
11040.8320	-1
11045.4346	-1
11050.0371	-1
11054.6396	-1
11059.2422	-1
11063.8447	-1
11068.4473	-1
11073.0498	-1
11077.6523	-1
11082.2549	-1
11086.8574	-1
11091.4600	-1
11096.0625	-1
11100.6650	-1
11105.2676	-1
11109.8701	-1
11114.4727	-1
11119.0752	-1
11123.6777	-1
11128.2803	-1
11132.8828	-1
11137.4854	-1
11142.0879	-1
11146.6904	-1
11151.2930	-1
11155.8955	-1
11160.4980	-1
11165.1006	-1
11169.7041	-1
11174.3076	-1
11178.9111	-1
11183.5146	-1
11188.1182	-1
11192.7217	-1
11197.3252	-1
11201.9287	-1
11206.5322	-1
11211.1357	-1
11215.7393	-1
11220.3428	-1
11224.9463	-1
11229.5498	-1
11234.1533	-1
11238.7568	-1
11243.3604	-1
11247.9639	-1
11252.5674	-1
11257.1709	-1
11261.7744	-1
11266.3779	-1
11270.9814	-1
11275.5850	-1
11280.1885	-1
11284.7920	-1
11289.3955	-1
11294.1758	1
11298.9561	1
11303.7363	1
11308.5166	1
11313.2969	1
11318.0771	1
11322.8574	1
11327.6377	1
11332.4180	1
11337.1982	1
11341.9785	1
11346.7607	-1
11351.5430	-1
11356.3252	-1
11361.1074	-1
11365.8896	-1
11370.6719	-1
11375.4541	-1
11380.2363	-1
11385.0186	-1
11389.8008	-1
11394.5830	-1
11399.3652	-1
11404.1494	-1
11408.9336	-1
11413.7178	-1
11418.5020	-1
11423.2861	-1
11428.0703	-1
11432.8545	-1
11437.6387	-1
11442.4229	-1
11447.2070	-1
11451.9912	-1
11456.7754	-1
11461.5605	-1
11466.3457	-1
11471.1309	-1
11475.9160	-1
11480.7012	-1
11485.4863	-1
11490.2715	-1
11495.0566	-1
11499.8418	-1
11504.6270	-1
11509.4121	-1
11514.1973	-1
11518.9824	-1
11523.7676	-1
11528.5527	-1
11533.3379	-1
11538.1230	-1
11542.9082	-1
11547.6934	-1
11552.4785	-1
11557.2637	-1
11562.0488	-1
11566.8340	-1
11571.6191	-1
11576.4043	-1
11581.1895	-1
11585.9746	-1
11590.7598	-1
11595.5449	-1
11600.3301	-1
11605.1162	-1
11609.9023	-1
11614.6885	-1
11619.4746	-1
11624.2607	-1
11629.0469	-1
11633.8330	-1
11638.6191	-1
11643.4053	-1
11648.1914	-1
11652.9775	-1
11657.7637	-1
11662.5645	1
11667.3672	-1
11672.1699	1
11676.9727	1
11681.7764	-1
11686.5801	-1
11691.3838	-1
11696.1875	-1
11700.9912	-1
11705.7949	-1
11710.5986	-1
11715.4023	-1
11720.2061	-1
11725.0098	-1
11729.8135	-1
11734.6172	-1
11739.4219	1
11744.2266	1
11749.0312	1
11753.8359	1
11758.6416	-1
11763.4473	-1
11768.2529	-1
11773.0586	-1
11777.8643	-1
11782.6699	-1
11787.4756	-1
11792.2812	-1
11797.0869	-1
11801.8926	-1
11806.6982	-1
11811.5039	-1
11816.3105	-1
11821.1172	-1
11825.9238	-1
11830.7305	-1
11835.5371	-1
11840.3438	-1
11845.1504	-1
11849.9570	-1
11854.7637	-1
11859.5703	-1
11864.3770	-1
11869.1836	-1
11873.9902	1
11878.7969	1
11883.6035	1
11888.4102	1
11893.2168	1
11898.0234	1
11902.8311	1
11907.6387	1
11912.4473	-1
11917.2559	-1
11922.0645	-1
11926.8730	-1
11931.6816	-1
11936.4902	-1
11941.2988	-1
11946.1074	-1
11950.9160	-1
11955.7246	-1
11960.5332	-1
11965.3418	-1
11970.1514	-1
11974.9609	-1
11979.7705	-1
11984.5801	-1
11989.3896	-1
11994.1992	-1
11999.0088	-1
12003.8184	-1
12008.6279	-1
12013.4375	-1
12018.2471	-1
12023.0566	-1
12027.8662	-1
12032.6758	-1
12037.4854	-1
12042.2949	-1
12047.1045	-1
12051.9141	-1
12056.7236	-1
12061.5332	-1
12066.3428	-1
12071.1523	-1
12075.9619	-1
12080.7715	-1
12085.5811	-1
12090.3906	-1
12095.2002	-1
12100.0098	-1
12104.8193	-1
12109.6289	-1
12114.4385	1
12119.2480	1
12124.0576	-1
12128.8672	-1
12133.6768	-1
12138.4863	-1
12143.2959	-1
12148.1055	-1
12152.9150	1
12157.7246	1
12162.5352	1
12167.3457	1
12172.1572	1
12176.9688	1
12181.7803	1
12186.5918	1
12191.4033	1
12196.2148	1
12201.0264	1
12205.8379	1
12210.6494	1
12215.4609	1
12220.2725	-1
12225.0840	-1
12229.8955	-1
12234.7070	-1
12239.5186	-1
12244.3301	-1
12249.1426	1
12253.9551	1
12258.7686	-1
12263.5820	-1
12268.3955	-1
12273.2090	-1
12278.0225	-1
12282.8359	-1
12287.6494	-1
12292.4629	-1
12297.2764	-1
12302.0898	-1
12306.9033	-1
12311.7168	-1
12316.5303	1
12321.3438	1
12326.1572	-1
12330.9707	-1
12335.7842	-1
12340.5977	-1
12345.4111	-1
12350.2246	-1
12355.0391	1
12359.8535	-1
12364.6680	-1
12369.4824	-1
12374.2969	-1
12379.1113	-1
12383.9258	-1
12388.7402	1
12393.5547	-1
12398.3691	-1
12403.1836	-1
12407.9980	-1
12412.8125	-1
12417.6270	-1
12422.4414	-1
12427.2559	-1
12432.0703	-1
12436.8848	-1
12441.6992	-1
12446.5137	-1
12451.3281	-1
12456.1426	-1
12460.9570	-1
12465.7715	-1
12470.5859	-1
12475.4004	-1
12480.2158	1
12485.0312	1
12489.8467	1
12494.6621	1
12499.4775	-1
12504.2930	-1
12509.1084	-1
12513.9238	-1
12518.7393	-1
12523.5547	-1
12528.3701	-1
12533.1855	-1
12538.0010	-1
12542.8164	-1
12547.6318	-1
12552.4473	-1
12557.2637	1
12562.0801	1
12566.8965	1
12571.7129	1
12576.5303	1
12581.3477	1
12586.1650	1
12590.9824	1
12595.8008	1
12600.6191	1
12605.4375	-1
12610.2559	-1
12615.0742	-1
12619.8926	-1
12624.7109	-1
12629.5293	-1
12634.3486	1
12639.1680	1
12643.9873	-1
12648.8066	-1
12653.6260	-1
12658.4453	-1
12663.2646	-1
12668.0840	-1
12672.9033	-1
12677.7227	-1
12682.5420	-1
12687.3613	-1
12692.1807	-1
12697.0000	-1
12701.8213	-1
12706.6426	-1
12711.4639	-1
12716.2852	-1
12721.1064	-1
12725.9277	-1
12730.7490	-1
12735.5703	-1
12740.3916	-1
12745.2129	-1
12750.0342	-1
12754.8555	-1
12759.6777	-1
12764.5000	-1
12769.3223	-1
12774.1445	-1
12778.9668	-1
12783.7891	-1
12788.6113	-1
12793.4336	-1
12798.2559	-1
12803.0781	-1
12807.9004	-1
12812.7227	-1
12817.5449	-1
12822.3672	-1
12827.1895	-1
12832.0117	-1
12836.8340	-1
12841.6562	-1
12846.4785	-1
12851.3008	-1
12856.1230	-1
12860.9453	-1
12865.7676	-1
12870.5898	-1
12875.4121	-1
12880.2344	-1
12885.0566	-1
12889.8789	-1
12894.7012	-1
12899.5234	-1
12904.3457	-1
12909.1680	-1
12913.9902	-1
12918.8125	-1
12923.6348	-1
12928.4570	-1
12933.2793	-1
12938.1016	-1
12942.9238	-1
12947.7461	-1
12952.5684	-1
12957.3906	-1
12962.2139	-1
12967.0371	-1
12971.8604	-1
12976.6836	-1
12981.5068	-1
12986.3301	-1
12991.1533	-1
12995.9766	-1
13000.7998	-1
13005.6230	-1
13010.4463	-1
13015.2695	-1
13020.0928	-1
13024.9160	-1
13029.7393	-1
13034.5625	-1
13039.3857	-1
13044.2090	-1
13049.0322	1
13053.8555	1
13058.6787	1
13063.5020	1
13068.3262	1
13073.1504	1
13077.9746	1
13082.7998	1
13087.6250	1
13092.4502	1
13097.2754	-1
13102.1006	-1
13106.9258	-1
13111.7510	-1
13116.5762	-1
13121.4014	-1
13126.2266	-1
13131.0518	-1
13135.8770	-1
13140.7021	-1
13145.5273	-1
13150.3525	-1
13155.1777	-1
13160.0029	-1
13164.8281	-1
13169.6533	-1
13174.4785	-1
13179.3037	-1
13184.1299	-1
13188.9561	-1
13193.7822	-1
13198.6084	-1
13203.4346	-1
13208.2607	-1
13213.0869	-1
13217.9131	-1
13222.7393	-1
13227.5654	-1
13232.3916	-1
13237.2178	-1
13242.0439	-1
13246.8701	-1
13251.6963	-1
13256.5225	-1
13261.3486	-1
13266.1748	-1
13271.0010	-1
13275.8271	-1
13280.6533	-1
13285.4795	-1
13290.3057	-1
13295.1318	-1
13299.9580	-1
13304.7842	-1
13309.6104	-1
13314.4365	-1
13319.2627	-1
13324.0889	-1
13328.9160	-1
13333.7432	-1
13338.5703	-1
13343.3975	-1
13348.2246	-1
13353.0518	-1
13357.8789	-1
13362.7061	-1
13367.5332	-1
13372.3604	-1
13377.1875	-1
13382.0146	-1
13386.8428	-1
13391.6709	-1
13396.4990	-1
13401.3271	-1
13406.1553	-1
13410.9834	-1
13415.8115	-1
13420.6396	-1
13425.4678	-1
13430.2959	-1
13435.1240	-1
13439.9521	-1
13444.7803	-1
13449.6084	-1
13454.4365	-1
13459.2646	-1
13464.0928	-1
13468.9209	-1
13473.7500	-1
13478.5791	-1
13483.4082	-1
13488.2373	-1
13493.0664	-1
13497.8955	-1
13502.7246	-1
13507.5537	-1
13512.3828	-1
13517.2119	-1
13522.0410	-1
13526.8701	-1
13531.6992	-1
13536.5283	-1
13541.3574	-1
13546.1865	-1
13551.0156	-1
13555.8447	-1
13560.6738	-1
13565.5029	-1
13570.3320	-1
13575.1611	-1
13579.9902	-1
13584.8193	-1
13589.6494	-1
13594.4795	-1
13599.3096	-1
13604.1396	-1
13608.9697	-1
13613.7998	-1
13618.6309	-1
13623.4619	-1
13628.2930	-1
13633.1240	-1
13637.9551	-1
13642.7861	-1
13647.6172	-1
13652.4482	-1
13657.2793	-1
13662.1104	-1
13666.9414	-1
13671.7725	-1
13676.6035	-1
13681.4346	-1
13686.2656	-1
13691.0967	-1
13695.9277	-1
13700.7588	-1
13705.5898	-1
13710.4209	-1
13715.2520	-1
13720.0830	-1
13724.9141	-1
13729.7451	-1
13734.5762	-1
13739.4072	-1
13744.2383	-1
13749.0840	1
13753.9307	-1
13758.7783	1
13763.6260	1
13768.4746	-1
13773.3232	-1
13778.1719	-1
13783.0205	-1
13787.8691	-1
13792.7178	-1
13797.5664	-1
13802.4150	-1
13807.2637	-1
13812.1123	-1
13816.9609	-1
13821.8096	-1
13826.6592	1
13831.5088	1
13836.3584	1
13841.2080	1
13846.0586	-1
13850.9092	-1
13855.7598	-1
13860.6104	-1
13865.4609	-1
13870.3115	-1
13875.1621	-1
13880.0127	-1
13884.8633	-1
13889.7139	-1
13894.5645	-1
13899.4150	-1
13904.2666	-1
13909.1182	-1
13913.9697	-1
13918.8213	-1
13923.6729	-1
13928.5244	-1
13933.3760	1
13938.2275	1
13943.0791	1
13947.9307	-1
13952.7822	-1
13957.6338	-1
13962.4854	-1
13967.3369	-1
13972.1885	-1
13977.0400	1
13981.8916	1
13986.7441	1
13991.5967	1
13996.4492	1
14001.3027	-1
14006.1562	-1
14011.0098	-1
14015.8633	-1
14020.7168	-1
14025.5703	-1
14030.4248	-1
14035.2793	-1
14040.1338	-1
14044.9883	-1
14049.8428	-1
14054.6973	-1
14059.5518	-1
14064.4062	-1
14069.2607	-1
14074.1152	-1
14078.9697	-1
14083.8242	-1
14088.6787	1
14093.5332	1
14098.3877	-1
14103.2422	-1
14108.0967	-1
14112.9521	-1
14117.8076	-1
14122.6631	-1
14127.5186	-1
14132.3740	-1
14137.2295	-1
14142.0850	-1
14146.9404	-1
14151.7959	-1
14156.6514	1
14161.5068	1
14166.3633	1
14171.2197	1
14176.0762	1
14180.9326	1
14185.7891	1
14190.6455	1
14195.5029	-1
14200.3604	-1
14205.2178	-1
14210.0752	-1
14214.9326	-1
14219.7900	-1
14224.6475	-1
14229.5049	-1
14234.3623	-1
14239.2197	-1
14244.0771	-1
14248.9346	-1
14253.7920	-1
14258.6494	-1
14263.5068	-1
14268.3643	-1
14273.2217	-1
14278.0791	-1
14282.9375	-1
14287.7959	-1
14292.6543	-1
14297.5127	-1
14302.3711	-1
14307.2295	-1
14312.0879	-1
14316.9463	-1
14321.8047	-1
14326.6631	-1
14331.5215	-1
14336.3799	-1
14341.2383	1
14346.0967	1
14350.9551	1
14355.8135	1
14360.6738	1
14365.5342	1
14370.3945	1
14375.2549	1
14380.1152	1
14384.9756	1
14389.8369	-1
14394.6982	-1
14399.5596	-1
14404.4209	-1
14409.2822	-1
14414.1436	-1
14419.0059	-1
14423.8682	-1
14428.7305	-1
14433.5928	-1
14438.4551	-1
14443.3174	-1
14448.1797	1
14453.0420	1
14457.9043	-1
14462.7666	-1
14467.6289	-1
14472.4912	-1
14477.3535	-1
14482.2158	-1
14487.0791	1
14491.9424	1
14496.8066	-1
14501.6709	-1
14506.5352	-1
14511.3994	-1
14516.2637	-1
14521.1279	-1
14525.9922	-1
14530.8564	-1
14535.7207	-1
14540.5850	-1
14545.4492	-1
14550.3135	-1
14555.1777	-1
14560.0420	-1
14564.9062	-1
14569.7705	-1
14574.6348	-1
14579.4990	-1
14584.3633	-1
14589.2275	-1
14594.0918	-1
14598.9561	-1
14603.8203	-1
14608.6846	-1
14613.5488	-1
14618.4131	-1
14623.2773	-1
14628.1416	-1
14633.0059	-1
14637.8701	-1
14642.7354	-1
14647.6006	-1
14652.4658	-1
14657.3311	-1
14662.1963	-1
14667.0615	-1
14671.9268	-1
14676.7920	-1
14681.6572	-1
14686.5225	-1
14691.3877	-1
14696.2529	-1
14701.1182	-1
14705.9834	-1
14710.8486	-1
14715.7139	-1
14720.5791	-1
14725.4443	-1
14730.3096	1
14735.1748	1
14740.0410	1
14744.9072	1
14749.7734	1
14754.6396	-1
14759.5059	-1
14764.3721	-1
14769.2383	-1
14774.1045	-1
14778.9707	-1
14783.8379	1
14788.7051	1
14793.5723	1
14798.4404	1
14803.3086	1
14808.1768	1
14813.0449	1
14817.9131	1
14822.7812	1
14827.6494	1
14832.5176	1
14837.3877	1
14842.2578	1
14847.1289	-1
14852.0000	-1
14856.8711	-1
14861.7422	-1
14866.6133	-1
14871.4844	-1
14876.3555	-1
14881.2266	-1
14886.0977	-1
14890.9688	-1
14895.8398	-1
14900.7109	-1
14905.5820	-1
14910.4531	-1
14915.3242	-1
14920.1953	-1
14925.0664	-1
14929.9375	-1
14934.8096	-1
14939.6816	-1
14944.5537	-1
14949.4258	-1
14954.2979	-1
14959.1699	-1
14964.0420	-1
14968.9141	-1
14973.7861	-1
14978.6582	-1
14983.5303	-1
14988.4023	-1
14993.2744	-1
14998.1465	-1
15003.0186	-1
15007.8906	-1
15012.7627	-1
15017.6348	-1
15022.5078	-1
15027.3809	-1
15032.2539	-1
15037.1270	-1
15042.0000	-1
15046.8730	-1
15051.7461	-1
15056.6191	-1
15061.4922	-1
15066.3652	-1
15071.2383	-1
15076.1113	-1
15080.9863	-1
15085.8613	-1
15090.7363	-1
15095.6113	-1
15100.4863	-1
15105.3613	-1
15110.2363	-1
15115.1113	-1
15119.9863	-1
15124.8613	-1
15129.7363	-1
15134.6113	-1
15139.4863	-1
15144.3613	-1
15149.2363	-1
15154.1113	-1
15158.9863	-1
15163.8613	-1
15168.7363	-1
15173.6113	-1
15178.4863	-1
15183.3613	-1
15188.2363	-1
15193.1113	-1
15197.9863	-1
15202.8613	-1
15207.7363	-1
15212.6113	-1
15217.4863	-1
15222.3613	-1
15227.2363	-1
15232.1113	-1
15236.9863	-1
15241.8613	-1
15246.7363	-1
15251.6113	-1
15256.4863	-1
15261.3613	-1
15266.2363	-1
15271.1113	-1
15275.9863	-1
15280.8613	-1
15285.7393	-1
15290.6172	-1
15295.4951	-1
15300.3730	-1
15305.2510	-1
15310.1289	-1
15315.0068	-1
15319.8848	-1
15324.7627	-1
15329.6406	-1
15334.5186	-1
15339.3965	-1
15344.2744	-1
15349.1523	-1
15354.0303	-1
15358.9082	-1
15363.7861	-1
15368.6641	-1
15373.5420	-1
15378.4199	-1
15383.2979	-1
15388.1758	-1
15393.0537	-1
15397.9316	-1
15402.8105	-1
15407.6895	-1
15412.5684	-1
15417.4473	-1
15422.3262	-1
15427.2051	-1
15432.0840	-1
15436.9629	-1
15441.8418	-1
15446.7207	-1
15451.5996	-1
15456.4785	-1
15461.3574	-1
15466.2363	-1
15471.1152	-1
15475.9941	-1
15480.8730	-1
15485.7520	-1
15490.6318	-1
15495.5117	-1
15500.3916	-1
15505.2715	-1
15510.1514	-1
15515.0322	-1
15519.9131	-1
15524.7939	-1
15529.6748	-1
15534.5557	-1
15539.4365	-1
15544.3174	-1
15549.1982	-1
15554.0791	-1
15558.9600	-1
15563.8408	-1
15568.7217	-1
15573.6025	-1
15578.4834	-1
15583.3643	-1
15588.2451	-1
15593.1260	-1
15598.0068	-1
15602.8877	-1
15607.7695	-1
15612.6514	-1
15617.5332	-1
15622.4150	-1
15627.2969	-1
15632.1787	-1
15637.0605	-1
15641.9424	-1
15646.8242	-1
15651.7188	1
15656.6152	-1
15661.5127	1
15666.4102	1
15671.3086	-1
15676.2070	-1
15681.1055	-1
15686.0039	-1
15690.9023	-1
15695.8008	-1
15700.6992	-1
15705.5977	-1
15710.4961	-1
15715.3945	-1
15720.2930	-1
15725.1914	-1
15730.0908	1
15734.9902	1
15739.8896	1
15744.7891	1
15749.6904	-1
15754.5918	-1
15759.4932	-1
15764.3945	-1
15769.2959	-1
15774.1973	-1
15779.0996	-1
15784.0020	-1
15788.9043	-1
15793.8066	-1
15798.7090	-1
15803.6113	-1
15808.5137	1
15813.4160	1
15818.3184	-1
15823.2207	-1
15828.1230	-1
15833.0254	-1
15837.9277	-1
15842.8301	-1
15847.7324	-1
15852.6348	-1
15857.5371	-1
15862.4395	-1
15867.3418	-1
15872.2441	-1
15877.1475	1
15882.0508	1
15886.9541	1
15891.8574	1
15896.7607	1
15901.6641	1
15906.5693	-1
15911.4746	-1
15916.3799	-1
15921.2852	-1
15926.1904	-1
15931.0957	-1
15936.0010	-1
15940.9062	-1
15945.8115	-1
15950.7168	-1
15955.6221	-1
15960.5273	-1
15965.4336	-1
15970.3398	-1
15975.2461	-1
15980.1523	-1
15985.0586	-1
15989.9648	-1
15994.8711	-1
15999.7783	-1
16004.6855	-1
16009.5928	-1
16014.5000	-1
16019.4072	-1
16024.3145	-1
16029.2217	-1
16034.1289	-1
16039.0361	-1
16043.9434	-1
16048.8506	-1
16053.7578	1
16058.6650	1
16063.5723	-1
16068.4795	-1
16073.3867	-1
16078.2939	-1
16083.2012	-1
16088.1084	-1
16093.0156	1
16097.9229	1
16102.8301	1
16107.7373	1
16112.6445	1
16117.5518	1
16122.4600	1
16127.3682	1
16132.2764	1
16137.1846	1
16142.0938	-1
16147.0029	-1
16151.9121	-1
16156.8213	-1
16161.7305	-1
16166.6396	-1
16171.5488	-1
16176.4580	-1
16181.3672	-1
16186.2764	-1
16191.1855	-1
16196.0947	-1
16201.0068	-1
16205.9189	-1
16210.8311	-1
16215.7432	-1
16220.6553	-1
16225.5674	-1
16230.4795	-1
16235.3916	-1
16240.3037	-1
16245.2158	-1
16250.1279	-1
16255.0400	-1
16259.9521	-1
16264.8643	-1
16269.7764	-1
16274.6885	-1
16279.6006	-1
16284.5127	-1
16289.4248	-1
16294.3369	-1
16299.2490	-1
16304.1611	-1
16309.0732	-1
16313.9854	-1
16318.8975	-1
16323.8096	-1
16328.7217	-1
16333.6338	-1
16338.5459	-1
16343.4580	-1
16348.3711	-1
16353.2842	-1
16358.1973	-1
16363.1104	-1
16368.0234	-1
16372.9365	-1
16377.8496	-1
16382.7627	-1
16387.6758	-1
16392.5879	-1
16397.5000	-1
16402.4121	-1
16407.3262	1
16412.2402	1
16417.1543	1
16422.0684	1
16426.9824	1
16431.8965	1
16436.8105	1
16441.7246	1
16446.6387	1
16451.5527	1
16456.4668	1
16461.3828	1
16466.2988	1
16471.2148	1
16476.1309	1
16481.0469	1
16485.9648	-1
16490.8828	-1
16495.8008	-1
16500.7188	-1
16505.6367	-1
16510.5547	-1
16515.4727	-1
16520.3906	-1
16525.3086	-1
16530.2266	-1
16535.1445	-1
16540.0625	-1
16544.9805	-1
16549.8984	-1
16554.8164	-1
16559.7344	-1
16564.6523	-1
16569.5703	-1
16574.4883	-1
16579.4062	-1
16584.3242	-1
16589.2422	-1
16594.1602	-1
16599.0781	-1
16603.9961	-1
16608.9141	-1
16613.8320	-1
16618.7500	-1
16623.6680	-1
16628.5859	-1
16633.5039	1
16638.4238	1
16643.3457	-1
16648.2676	-1
16653.1895	-1
16658.1113	-1
16663.0332	-1
16667.9551	-1
16672.8770	-1
16677.7988	-1
16682.7207	-1
16687.6426	-1
16692.5645	-1
16697.4863	-1
16702.4102	-1
16707.3340	-1
16712.2578	-1
16717.1816	-1
16722.1055	-1
16727.0293	-1
16731.9531	-1
16736.8770	-1
16741.8008	-1
16746.7246	-1
16751.6484	-1
16756.5723	-1
16761.4961	-1
16766.4199	-1
16771.3438	-1
16776.2676	1
16781.1914	-1
16786.1152	-1
16791.0391	-1
16795.9629	1
16800.8867	1
16805.8105	-1
16810.7344	-1
16815.6582	-1
16820.5820	-1
16825.5059	-1
16830.4297	-1
16835.3535	1
16840.2773	1
16845.2012	1
16850.1250	1
16855.0488	1
16859.9727	1
16864.8965	1
16869.8203	-1
16874.7441	-1
16879.6680	-1
16884.5918	-1
16889.5156	-1
16894.4395	-1
16899.3652	-1
16904.2910	-1
16909.2168	-1
16914.1426	-1
16919.0684	-1
16923.9941	-1
16928.9199	-1
16933.8457	-1
16938.7715	-1
16943.6973	-1
16948.6230	-1
16953.5488	-1
16958.4746	-1
16963.4004	-1
16968.3262	-1
16973.2520	-1
16978.1777	-1
16983.1035	-1
16988.0312	-1
16992.9590	-1
16997.8867	-1
17002.8145	-1
17007.7422	-1
17012.6699	-1
17017.5977	-1
17022.5254	-1
17027.4531	-1
17032.3809	-1
17037.3086	-1
17042.2363	-1
17047.1641	-1
17052.0918	-1
17057.0195	-1
17061.9473	-1
17066.8750	-1
17071.8027	-1
17076.7305	-1
17081.6582	-1
17086.5859	-1
17091.5137	-1
17096.4414	-1
17101.3691	-1
17106.2969	-1
17111.2246	-1
17116.1523	-1
17121.0801	-1
17126.0078	-1
17130.9355	-1
17135.8633	-1
17140.7910	-1
17145.7188	-1
17150.6465	-1
17155.5742	-1
17160.5020	-1
17165.4336	1
17170.3652	1
17175.2969	1
17180.2285	1
17185.1602	1
17190.0918	1
17195.0234	1
17199.9551	1
17204.8867	1
17209.8184	1
17214.7500	1
17219.6816	1
17224.6133	1
17229.5449	1
17234.4785	-1
17239.4121	-1
17244.3457	-1
17249.2793	-1
17254.2129	-1
17259.1465	-1
17264.0801	-1
17269.0137	-1
17273.9473	-1
17278.8809	-1
17283.8145	-1
17288.7480	-1
17293.6816	-1
17298.6152	-1
17303.5488	-1
17308.4824	-1
17313.4160	-1
17318.3496	-1
17323.2852	-1
17328.2207	-1
17333.1562	-1
17338.0918	-1
17343.0273	-1
17347.9629	-1
17352.8984	1
17357.8340	-1
17362.7695	-1
17367.7051	-1
17372.6406	-1
17377.5762	-1
17382.5117	-1
17387.4473	-1
17392.3828	-1
17397.3184	-1
17402.2539	-1
17407.1895	-1
17412.1250	-1
17417.0625	1
17422.0000	1
17426.9375	-1
17431.8750	-1
17436.8125	-1
17441.7500	-1
17446.6875	-1
17451.6250	-1
17456.5645	-1
17461.5039	-1
17466.4434	-1
17471.3828	-1
17476.3223	-1
17481.2617	-1
17486.2012	-1
17491.1406	-1
17496.0801	-1
17501.0195	-1
17505.9590	-1
17510.8984	-1
17515.8379	-1
17520.7773	-1
17525.7168	-1
17530.6562	-1
17535.5957	-1
17540.5352	-1
17545.4746	-1
17550.4141	-1
17555.3535	-1
17560.2930	-1
17565.2324	-1
17570.1719	-1
17575.1133	-1
17580.0547	-1
17584.9961	-1
17589.9375	-1
17594.8789	-1
17599.8203	-1
17604.7637	-1
17609.7070	-1
17614.6504	-1
17619.5938	-1
17624.5371	-1
17629.4805	-1
17634.4238	-1
17639.3672	-1
17644.3105	-1
17649.2539	-1
17654.1973	-1
17659.1406	-1
17664.0859	-1
17669.0312	-1
17673.9766	-1
17678.9219	-1
17683.8672	-1
17688.8125	-1
17693.7578	-1
17698.7031	-1
17703.6484	-1
17708.5938	-1
17713.5391	-1
17718.4844	-1
17723.4316	-1
17728.3789	-1
17733.3262	-1
17738.2734	-1
17743.2207	-1
17748.1680	-1
17753.1152	-1
17758.0625	-1
17763.0098	-1
17767.9570	-1
17772.9043	-1
17777.8516	-1
17782.7988	-1
17787.7461	-1
17792.6934	-1
17797.6406	-1
17802.5879	-1
17807.5352	-1
17812.4824	-1
17817.4297	-1
17822.3770	-1
17827.3242	-1
17832.2715	-1
17837.2188	-1
17842.1660	-1
17847.1133	-1
17852.0605	-1
17857.0078	-1
17861.9551	-1
17866.9023	-1
17871.8496	-1
17876.7969	-1
17881.7441	-1
17886.6914	-1
17891.6387	-1
17896.5859	-1
17901.5332	-1
17906.4805	-1
17911.4277	-1
17916.3750	-1
17921.3223	-1
17926.2695	-1
17931.2188	-1
17936.1680	-1
17941.1172	-1
17946.0664	-1
17951.0156	-1
17955.9648	-1
17960.9141	-1
17965.8633	-1
17970.8125	-1
17975.7617	-1
17980.7109	-1
17985.6602	-1
17990.6113	-1
17995.5625	-1
18000.5137	-1
18005.4648	-1
18010.4160	-1
18015.3672	-1
18020.3184	-1
18025.2695	-1
18030.2207	-1
18035.1719	-1
18040.1230	-1
18045.0742	-1
18050.0254	-1
18054.9766	-1
18059.9277	-1
18064.8789	-1
18069.8301	-1
18074.7812	-1
18079.7324	-1
18084.7012	1
18089.6719	-1
18094.6426	1
18099.6133	1
18104.5859	-1
18109.5586	-1
18114.5312	-1
18119.5039	-1
18124.4766	-1
18129.4492	-1
18134.4219	-1
18139.3945	-1
18144.3672	-1
18149.3398	-1
18154.3125	-1
18159.2852	-1
18164.2578	1
18169.2305	1
18174.2031	1
18179.1758	1
18184.1504	-1
18189.1250	-1
18194.0996	-1
18199.0742	-1
18204.0488	-1
18209.0234	-1
18214.0000	-1
18218.9766	-1
18223.9531	-1
18228.9297	-1
18233.9062	-1
18238.8828	-1
18243.8594	-1
18248.8359	-1
18253.8125	-1
18258.7891	-1
18263.7656	-1
18268.7422	-1
18273.7188	-1
18278.6953	-1
18283.6719	-1
18288.6484	-1
18293.6250	-1
18298.6133	1
18303.6035	-1
18308.5957	1
18313.5879	1
18318.5801	-1
18323.5723	-1
18328.5645	-1
18333.5566	-1
18338.5488	-1
18343.5410	-1
18348.5332	-1
18353.5254	-1
18358.5176	-1
18363.5098	-1
18368.5020	-1
18373.4941	-1
18378.4863	1
18383.4785	1
18388.4707	1
18393.4629	1
18398.4570	-1
18403.4512	-1
18408.4453	-1
18413.4395	-1
18418.4336	-1
18423.4277	-1
18428.4219	-1
18433.4160	-1
18438.4102	-1
18443.4043	-1
18448.3984	-1
18453.3926	-1
18458.3867	1
18463.3809	1
18468.3750	1
18473.3691	-1
18478.3633	-1
18483.3574	-1
18488.3516	-1
18493.3457	-1
18498.3398	-1
18503.3340	1
18508.3281	1
18513.3223	-1
18518.3164	-1
18523.3105	-1
18528.3047	-1
18533.2988	-1
18538.2930	-1
18543.2871	1
18548.2832	-1
18553.2793	-1
18558.2754	-1
18563.2715	-1
18568.2676	-1
18573.2637	-1
18578.2598	-1
18583.2559	-1
18588.2520	1
18593.2480	-1
18598.2441	-1
18603.2402	-1
18608.2363	-1
18613.2324	1
18618.2285	-1
18623.2246	-1
18628.2207	-1
18633.2168	-1
18638.2129	-1
18643.2090	-1
18648.2051	-1
18653.2031	-1
18658.2012	-1
18663.1992	-1
18668.1973	-1
18673.1953	-1
18678.1934	-1
18683.1914	-1
18688.1895	-1
18693.1875	-1
18698.1855	-1
18703.1836	-1
18708.1816	-1
18713.1797	-1
18718.1777	-1
18723.1758	-1
18728.1738	-1
18733.1719	-1
18738.1699	-1
18743.1680	-1
18748.1660	-1
18753.1641	-1
18758.1621	-1
18763.1602	-1
18768.1602	-1
18773.1602	-1
18778.1602	-1
18783.1738	1
18788.1875	-1
18793.2031	1
18798.2188	1
18803.2344	-1
18808.2500	-1
18813.2656	-1
18818.2812	-1
18823.2969	-1
18828.3125	-1
18833.3281	-1
18838.3438	-1
18843.3594	-1
18848.3750	-1
18853.3906	-1
18858.4062	-1
18863.4219	1
18868.4375	1
18873.4531	1
18878.4707	1
18883.4883	-1
18888.5059	-1
18893.5234	-1
18898.5410	-1
18903.5586	-1
18908.5762	-1
18913.5938	-1
18918.6113	-1
18923.6289	-1
18928.6465	-1
18933.6641	-1
18938.6816	-1
18943.6992	-1
18948.7168	-1
18953.7344	-1
18958.7520	-1
18963.7695	-1
18968.7871	-1
18973.8047	-1
18978.8223	-1
18983.8398	-1
18988.8574	-1
18993.8750	-1
18998.8926	-1
19003.9121	1
19008.9316	1
19013.9512	1
19018.9707	1
19023.9902	1
19029.0098	1
19034.0293	1
19039.0488	1
19044.0684	-1
19049.0879	-1
19054.1074	-1
19059.1270	-1
19064.1465	-1
19069.1660	-1
19074.1855	-1
19079.2051	-1
19084.2246	-1
19089.2441	-1
19094.2637	-1
19099.2832	-1
19104.3047	1
19109.3262	1
19114.3477	1
19119.3691	1
19124.3906	-1
19129.4121	-1
19134.4336	-1
19139.4551	-1
19144.4766	-1
19149.4980	-1
19154.5195	-1
19159.5410	-1
19164.5625	-1
19169.5840	-1
19174.6055	-1
19179.6270	-1
19184.6484	-1
19189.6699	-1
19194.6914	-1
19199.7129	-1
19204.7344	-1
19209.7559	-1
19214.7773	-1
19219.7988	-1
19224.8203	-1
19229.8418	-1
19234.8633	-1
19239.8848	-1
19244.9062	-1
19249.9277	-1
19254.9492	-1
19259.9707	-1
19264.9922	-1
19270.0137	-1
19275.0352	-1
19280.0566	-1
19285.0801	-1
19290.1035	-1
19295.1270	-1
19300.1504	-1
19305.1738	1
19310.1973	1
19315.2207	1
19320.2441	1
19325.2676	1
19330.2910	1
19335.3145	1
19340.3379	1
19345.3613	1
19350.3848	1
19355.4082	-1
19360.4316	-1
19365.4551	-1
19370.4785	-1
19375.5020	-1
19380.5254	-1
19385.5508	-1
19390.5762	-1
19395.6016	-1
19400.6270	-1
19405.6523	-1
19410.6777	-1
19415.7031	-1
19420.7285	-1
19425.7539	-1
19430.7793	-1
19435.8047	-1
19440.8301	-1
19445.8555	-1
19450.8809	-1
19455.9062	-1
19460.9316	-1
19465.9570	-1
19470.9824	-1
19476.0098	-1
19481.0371	-1
19486.0645	-1
19491.0918	-1
19496.1191	-1
19501.1465	-1
19506.1738	-1
19511.2012	-1
19516.2285	-1
19521.2559	-1
19526.2832	-1
19531.3105	-1
19536.3379	-1
19541.3652	-1
19546.3926	-1
19551.4199	-1
19556.4473	-1
19561.4746	-1
19566.5020	1
19571.5293	1
19576.5566	1
19581.5840	1
19586.6113	1
19591.6387	1
19596.6680	-1
19601.6973	-1
19606.7266	-1
19611.7559	-1
19616.7852	-1
19621.8145	-1
19626.8438	-1
19631.8730	-1
19636.9023	-1
19641.9316	-1
19646.9609	-1
19651.9902	-1
19657.0195	1
19662.0488	-1
19667.0781	-1
19672.1074	-1
19677.1367	-1
19682.1660	-1
19687.1953	-1
19692.2246	1
19697.2539	1
19702.2832	1
19707.3125	1
19712.3418	-1
19717.3711	-1
19722.4004	-1
19727.4297	-1
19732.4590	-1
19737.4883	-1
19742.5176	1
19747.5469	1
19752.5762	1
19757.6055	1
19762.6348	1
19767.6641	-1
19772.6934	-1
19777.7227	-1
19782.7520	-1
19787.7812	-1
19792.8105	-1
19797.8398	-1
19802.8691	-1
19807.8984	-1
19812.9277	-1
19817.9570	-1
19822.9863	-1
19828.0176	-1
19833.0488	-1
19838.0801	-1
19843.1113	-1
19848.1426	-1
19853.1738	-1
19858.2051	-1
19863.2363	-1
19868.2676	-1
19873.2988	-1
19878.3301	-1
19883.3613	-1
19888.3945	1
19893.4277	1
19898.4609	1
19903.4941	1
19908.5273	1
19913.5605	1
19918.5938	1
19923.6270	1
19928.6602	1
19933.6934	1
19938.7266	1
19943.7598	1
19948.7930	1
19953.8262	-1
19958.8594	-1
19963.8926	-1
19968.9258	1
19973.9590	-1
19978.9922	-1
19984.0254	-1
19989.0605	1
19994.0957	1
19999.1309	-1
20004.1660	-1
20009.2012	-1
20014.2363	-1
20019.2715	-1
20024.3066	-1
20029.3418	-1
20034.3770	-1
20039.4121	-1
20044.4473	-1
20049.4824	-1
20054.5176	-1
20059.5527	-1
20064.5879	-1
20069.6230	-1
20074.6582	-1
20079.6934	-1
20084.7285	-1
20089.7637	-1
20094.7988	-1
20099.8340	-1
20104.8691	-1
20109.9043	-1
20114.9395	-1
20119.9746	-1
20125.0098	-1
20130.0449	-1
20135.0801	-1
20140.1152	-1
20145.1504	-1
20150.1855	-1
20155.2207	-1
20160.2559	-1
20165.2910	-1
20170.3262	-1
20175.3613	-1
20180.3984	-1
20185.4355	-1
20190.4727	-1
20195.5098	-1
20200.5469	-1
20205.5840	-1
20210.6230	1
20215.6621	1
20220.7012	1
20225.7402	1
20230.7793	1
20235.8184	1
20240.8574	1
20245.8965	1
20250.9355	1
20255.9746	1
20261.0137	1
20266.0527	1
20271.0918	1
20276.1309	1
20281.1699	-1
20286.2090	-1
20291.2480	-1
20296.2871	-1
20301.3262	-1
20306.3652	-1
20311.4043	1
20316.4434	1
20321.4824	-1
20326.5234	-1
20331.5645	-1
20336.6055	-1
20341.6465	-1
20346.6875	-1
20351.7285	-1
20356.7695	-1
20361.8105	-1
20366.8516	-1
20371.8926	-1
20376.9336	-1
20381.9746	-1
20387.0156	-1
20392.0566	-1
20397.0977	-1
20402.1387	-1
20407.1797	-1
20412.2207	-1
20417.2617	-1
20422.3027	-1
20427.3438	-1
20432.3848	-1
20437.4258	-1
20442.4668	-1
20447.5078	-1
20452.5488	-1
20457.5898	-1
20462.6309	-1
20467.6719	-1
20472.7129	-1
20477.7539	-1
20482.7949	-1
20487.8359	-1
20492.8770	-1
20497.9180	-1
20502.9590	-1
20508.0000	-1
20513.0410	-1
20518.0820	-1
20523.1230	-1
20528.1641	-1
20533.2070	-1
20538.2500	-1
20543.2930	-1
20548.3359	-1
20553.3789	-1
20558.4219	-1
20563.4648	-1
20568.5078	-1
20573.5508	-1
20578.5938	-1
20583.6367	-1
20588.6797	-1
20593.7227	-1
20598.7656	-1
20603.8086	-1
20608.8516	-1
20613.8945	-1
20618.9375	-1
20623.9805	-1
20629.0234	-1
20634.0664	-1
20639.1094	-1
20644.1523	-1
20649.1953	-1
20654.2402	-1
20659.2852	-1
20664.3301	-1
20669.3750	-1
20674.4199	-1
20679.4648	-1
20684.5098	-1
20689.5547	-1
20694.5996	-1
20699.6445	-1
20704.6895	-1
20709.7344	-1
20714.7793	-1
20719.8242	-1
20724.8691	-1
20729.9141	-1
20734.9590	-1
20740.0039	-1
20745.0508	-1
20750.0977	-1
20755.1445	-1
20760.1914	-1
20765.2383	-1
20770.2852	-1
20775.3320	1
20780.3809	-1
20785.4297	-1
20790.4785	-1
20795.5273	-1
20800.5762	-1
20805.6250	-1
20810.6738	-1
20815.7227	-1
20820.7715	-1
20825.8203	-1
20830.8691	-1
20835.9180	-1
20840.9668	-1
20846.0156	-1
20851.0645	-1
20856.1133	-1
20861.1621	-1
20866.2109	-1
20871.2598	-1
20876.3086	-1
20881.3574	-1
20886.4062	-1
20891.4551	-1
20896.5039	-1
20901.5547	-1
20906.6055	-1
20911.6562	-1
20916.7070	-1
20921.7578	-1
20926.8086	-1
20931.8594	-1
20936.9102	-1
20941.9609	-1
20947.0117	-1
20952.0625	-1
20957.1133	-1
20962.1660	-1
20967.2188	-1
20972.2715	-1
20977.3242	-1
20982.3770	-1
20987.4297	-1
20992.4824	-1
20997.5352	-1
21002.5879	-1
21007.6406	-1
21012.6934	-1
21017.7461	-1
21022.7988	-1
21027.8516	-1
21032.9043	-1
21037.9570	-1
21043.0098	-1
21048.0625	-1
21053.1152	-1
21058.1680	-1
21063.2207	-1
21068.2734	-1
21073.3262	-1
21078.3789	-1
21083.4316	-1
21088.4844	-1
21093.5371	-1
21098.5898	-1
21103.6426	-1
21108.6953	-1
21113.7480	-1
21118.8008	-1
21123.8535	-1
21128.9062	-1
21133.9590	-1
21139.0117	-1
21144.0645	-1
21149.1172	-1
21154.1699	-1
21159.2227	-1
21164.2754	-1
21169.3281	-1
21174.3828	-1
21179.4375	-1
21184.4922	-1
21189.5469	-1
21194.6016	-1
21199.6562	-1
21204.7109	-1
21209.7656	-1
21214.8203	-1
21219.8750	-1
21224.9297	-1
21229.9844	-1
21235.0391	-1
21240.0938	-1
21245.1484	-1
21250.2031	-1
21255.2578	-1
21260.3125	-1
21265.3672	-1
21270.4219	-1
21275.4766	-1
21280.5312	-1
21285.5859	-1
21290.6406	-1
21295.6953	-1
21300.7500	-1
21305.8047	-1
21310.8594	-1
21315.9141	-1
21320.9688	-1
21326.0234	-1
21331.0781	-1
21336.1328	-1
21341.1875	-1
21346.2422	-1
21351.2969	-1
21356.3535	-1
21361.4102	-1
21366.4668	-1
21371.5234	-1
21376.5801	-1
21381.6367	-1
21386.6934	-1
21391.7500	-1
21396.8066	-1
21401.8633	-1
21406.9199	-1
21411.9766	-1
21417.0332	-1
21422.0898	-1
21427.1465	-1
21432.2031	-1
21437.2598	-1
21442.3164	-1
21447.3730	-1
21452.4297	-1
21457.4863	-1
21462.5430	-1
21467.5996	-1
21472.6562	-1
21477.7148	-1
21482.7734	-1
21487.8320	-1
21492.8906	-1
21497.9492	-1
21503.0078	-1
21508.0781	1
21513.1504	-1
21518.2227	1
21523.2969	1
21528.3711	-1
21533.4453	-1
21538.5195	-1
21543.5938	-1
21548.6680	-1
21553.7422	-1
21558.8164	-1
21563.8906	-1
21568.9648	-1
21574.0391	-1
21579.1309	1
21584.2227	-1
21589.3164	1
21594.4102	1
21599.5039	-1
21604.5977	-1
21609.6914	-1
21614.7852	-1
21619.8789	-1
21624.9727	-1
21630.0664	-1
21635.1602	-1
21640.2539	-1
21645.3477	-1
21650.4551	1
21655.5645	-1
21660.6738	1
21665.7832	1
21670.8945	-1
21676.0059	-1
21681.1172	-1
21686.2285	-1
21691.3398	-1
21696.4512	-1
21701.5625	-1
21706.6738	-1
21711.7852	-1
21716.8965	-1
21722.0078	-1
21727.1191	-1
21732.2305	1
21737.3418	1
21742.4531	1
21747.5645	1
21752.6777	-1
21757.7910	-1
21762.9043	-1
21768.0176	-1
21773.1309	-1
21778.2441	-1
21783.3574	-1
21788.4707	-1
21793.5840	-1
21798.6973	-1
21803.8105	-1
21808.9238	-1
21814.0371	-1
21819.1504	-1
21824.2637	-1
21829.3770	-1
21834.4902	-1
21839.6035	-1
21844.7188	-1
21849.8340	-1
21854.9492	-1
21860.0645	-1
21865.1797	-1
21870.2949	-1
21875.4102	1
21880.5254	1
21885.6406	1
21890.7559	1
21895.8711	1
21900.9863	1
21906.1016	1
21911.2168	1
21916.3340	-1
21921.4512	-1
21926.5684	-1
21931.6855	-1
21936.8027	-1
21941.9199	-1
21947.0371	1
21952.1543	1
21957.2715	-1
21962.3887	-1
21967.5059	-1
21972.6230	-1
21977.7402	-1
21982.8574	-1
21987.9766	1
21993.0957	1
21998.2148	-1
22003.3340	-1
22008.4531	-1
22013.5723	-1
22018.6914	-1
22023.8105	-1
22028.9316	-1
22034.0527	-1
22039.1738	-1
22044.2949	-1
22049.4160	-1
22054.5371	-1
22059.6582	-1
22064.7793	-1
22069.9004	-1
22075.0215	-1
22080.1426	-1
22085.2637	-1
22090.3848	-1
22095.5059	-1
22100.6270	-1
22105.7480	-1
22110.8691	-1
22115.9902	-1
22121.1113	-1
22126.2324	-1
22131.3535	-1
22136.4746	-1
22141.5957	-1
22146.7168	-1
22151.8379	-1
22156.9590	-1
22162.0801	-1
22167.2012	-1
22172.3223	-1
22177.4434	-1
22182.5664	1
22187.6895	1
22192.8125	-1
22197.9355	-1
22203.0586	-1
22208.1816	-1
22213.3047	-1
22218.4277	-1
22223.5508	-1
22228.6738	-1
22233.7969	-1
22238.9199	-1
22244.0430	-1
22249.1660	-1
22254.2910	-1
22259.4160	-1
22264.5410	-1
22269.6660	-1
22274.7910	-1
22279.9160	-1
22285.0410	-1
22290.1660	-1
22295.2910	-1
22300.4160	-1
22305.5410	-1
22310.6660	-1
22315.7910	-1
22320.9160	-1
22326.0410	-1
22331.1660	-1
22336.2910	-1
22341.4160	-1
22346.5410	-1
22351.6660	-1
22356.8047	1
22361.9453	-1
22367.0859	1
22372.2266	1
22377.3691	-1
22382.5117	-1
22387.6543	-1
22392.8125	1
22397.9727	-1
22403.1328	1
22408.2930	1
22413.4551	-1
22418.6172	-1
22423.7793	-1
22428.9414	-1
22434.1035	-1
22439.2656	-1
22444.4277	-1
22449.5898	-1
22454.7520	-1
22459.9141	-1
22465.0762	-1
22470.2383	-1
22475.4004	1
22480.5625	1
22485.7246	1
22490.8867	1
22496.0508	-1
22501.2148	-1
22506.3789	-1
22511.5430	-1
22516.7070	-1
22521.8711	-1
22527.0352	-1
22532.1992	-1
22537.3633	-1
22542.5273	-1
22547.6914	-1
22552.8555	-1
22558.0195	-1
22563.1836	-1
22568.3477	-1
22573.5117	-1
22578.6758	-1
22583.8398	-1
22589.0039	-1
22594.1680	-1
22599.3320	-1
22604.4961	-1
22609.6602	-1
22614.8379	1
22620.0176	-1
22625.1973	1
22630.3770	1
22635.5566	-1
22640.7363	-1
22645.9160	-1
22651.0977	-1
22656.2910	1
22661.4863	-1
22666.6816	1
22671.8770	1
22677.0742	-1
22682.2715	-1
22687.4688	-1
22692.6660	-1
22697.8633	-1
22703.0605	-1
22708.2578	-1
22713.4551	-1
22718.6523	-1
22723.8496	-1
22729.0469	-1
22734.2441	-1
22739.4414	1
22744.6387	1
22749.8359	1
22755.0332	1
22760.2324	-1
22765.4316	-1
22770.6309	-1
22775.8301	-1
22781.0293	-1
22786.2285	-1
22791.4277	1
22796.6270	1
22801.8262	-1
22807.0254	-1
22812.2246	-1
22817.4238	-1
22822.6230	-1
22827.8223	-1
22833.0215	-1
22838.2207	-1
22843.4219	-1
22848.6230	-1
22853.8242	-1
22859.0254	-1
22864.2266	-1
22869.4277	-1
22874.6289	-1
22879.8301	-1
22885.0312	-1
22890.2324	-1
22895.4336	1
22900.6348	-1
22905.8379	-1
22911.0410	-1
22916.2441	-1
22921.4473	-1
22926.6504	-1
22931.8535	-1
22937.0566	-1
22942.2598	-1
22947.4629	-1
22952.6660	-1
22957.8691	-1
22963.0723	-1
22968.2891	1
22973.5078	-1
22978.7266	1
22983.9453	1
22989.1660	-1
22994.3867	-1
22999.6074	-1
23004.8281	-1
23010.0488	-1
23015.2695	-1
23020.4902	-1
23025.7109	-1
23030.9316	-1
23036.1523	-1
23041.3730	-1
23046.5938	-1
23051.8145	1
23057.0352	1
23062.2559	1
23067.4766	1
23072.6992	-1
23077.9219	-1
23083.1445	-1
23088.3672	-1
23093.5898	-1
23098.8125	-1
23104.0352	-1
23109.2578	-1
23114.4805	-1
23119.7031	-1
23124.9258	-1
23130.1484	-1
23135.3711	-1
23140.5938	-1
23145.8164	-1
23151.0391	-1
23156.2617	-1
23161.4844	-1
23166.7090	-1
23171.9473	1
23177.1875	-1
23182.4277	1
23187.6680	1
23192.9082	-1
23198.1484	-1
23203.6406	-1
23209.1348	1
