0.0000	0
0.0007	-1
5.2109	-2
5.4216	2
6.4312	-2
6.6284	1
8.1258	-2
9.8080	-2
10.3072	-2
11.6493	-2
13.0521	2
13.0711	-2
13.2581	-1
15.8435	2
16.4328	-2
19.8883	1
26.5185	1
33.1502	-1
39.7818	-1
46.4136	-1
53.0598	1
59.7078	-1
66.3561	1
73.0046	1
79.6542	-1
86.3039	-1
92.9536	-1
99.6033	-1
106.2530	-1
112.9027	-1
119.5524	-1
126.2022	-1
132.8520	-1
139.5205	1
146.1905	-1
152.8610	1
159.5315	1
166.2027	-1
172.8740	-1
179.5453	-1
186.2166	-1
192.8879	-1
199.5592	-1
206.2306	-1
212.9021	-1
219.5735	-1
226.2449	-1
232.9164	-1
239.5878	-1
246.2600	1
252.9322	1
259.6058	-1
266.2795	-1
272.9531	-1
279.6268	-1
286.3004	-1
292.9741	-1
299.6479	-1
306.3218	-1
312.9957	-1
319.6696	-1
326.3435	-1
333.0328	1
339.7237	-1
346.4149	1
353.1062	1
359.7986	-1
366.4910	-1
373.1833	-1
379.8758	-1
386.5682	-1
393.2607	-1
399.9696	1
406.6801	1
413.3908	-1
420.1021	1
426.8133	1
433.5265	-1
440.2396	-1
446.9528	-1
453.6660	-1
460.3791	-1
467.0923	-1
473.8056	-1
480.5190	-1
487.2323	-1
493.9457	-1
500.6590	-1
507.3724	-1
514.0866	1
520.8009	1
527.5152	1
534.2296	1
540.9460	-1
547.6625	-1
554.3790	-1
561.0955	-1
567.8120	-1
574.5285	-1
581.2452	-1
587.9619	-1
594.6785	-1
601.3952	-1
608.1119	-1
614.8286	-1
621.5453	-1
628.2621	-1
634.9789	-1
641.6957	-1
648.4125	-1
655.1293	-1
661.8463	-1
668.5632	-1
675.2801	-1
681.9970	-1
688.7139	-1
695.4308	-1
702.1483	1
708.8657	1
715.5831	1
722.3007	1
729.0196	-1
735.7385	-1
742.4575	-1
749.1764	-1
755.8953	-1
762.6143	-1
769.3334	-1
776.0525	-1
782.7716	-1
789.4908	-1
796.2100	-1
802.9291	-1
809.6487	-1
816.3682	-1
823.0878	-1
829.8073	-1
836.5269	-1
843.2464	-1
849.9661	-1
856.6857	-1
863.4054	-1
870.1251	-1
876.8603	1
883.5982	-1
890.3365	1
897.0750	1
903.8141	-1
910.5532	-1
917.2924	-1
924.0315	-1
930.7706	-1
937.5098	-1
944.2490	-1
950.9883	-1
957.7275	-1
964.4668	-1
971.2214	1
977.9785	-1
984.7359	1
991.4934	1
998.2522	-1
1005.0110	-1
1011.7698	-1
1018.5286	-1
1025.2874	-1
1032.0463	-1
1038.8207	1
1045.5968	-1
1052.3738	1
1059.1509	1
1065.9287	-1
1072.7065	-1
1079.4844	-1
1086.2622	-1
1093.0400	-1
1099.8179	-1
1106.5959	-1
1113.3740	-1
1120.1521	-1
1126.9302	-1
1133.7083	-1
1140.4863	-1
1147.2648	1
1154.0432	1
1160.8218	1
1167.6003	1
1174.3799	-1
1181.1595	-1
1187.9392	-1
1194.7189	-1
1201.4985	-1
1208.2782	-1
1215.0579	-1
1221.8375	-1
1228.6172	-1
1235.3970	-1
1242.1768	-1
1248.9565	-1
1255.7363	-1
1262.5161	-1
1269.2959	-1
1276.0757	-1
1282.8555	-1
1289.6354	-1
1296.4154	-1
1303.1954	-1
1309.9755	-1
1316.7555	-1
1323.5355	-1
1330.3156	-1
1337.0958	1
1343.8762	1
1350.6566	1
1357.4370	1
1364.2174	1
1370.9979	1
1377.7784	1
1384.5590	1
1391.3407	-1
1398.1224	-1
1404.9042	-1
1411.6859	-1
1418.4677	-1
1425.2494	-1
1432.0312	-1
1438.8131	-1
1445.5950	-1
1452.3768	-1
1459.1587	-1
1465.9406	-1
1472.7227	-1
1479.5048	-1
1486.2869	-1
1493.0690	-1
1499.8511	-1
1506.6332	-1
1513.4160	-1
1520.1989	-1
1526.9817	-1
1533.7645	-1
1540.5474	-1
1547.3302	-1
1554.1132	-1
1560.8961	-1
1567.6791	-1
1574.4620	-1
1581.2450	-1
1588.0280	-1
1594.8110	-1
1601.5941	-1
1608.3772	-1
1615.1603	-1
1621.9434	-1
1628.7264	-1
1635.5096	-1
1642.2928	-1
1649.0760	-1
1655.8593	-1
1662.6425	-1
1669.4257	-1
1676.2090	-1
1682.9923	-1
1689.7756	-1
1696.5590	-1
1703.3423	-1
1710.1256	-1
1716.9099	1
1723.6942	1
1730.4786	1
1737.2631	1
1744.0475	1
1750.8320	1
1757.6166	1
1764.4011	1
1771.1858	1
1777.9705	1
1784.7551	1
1791.5399	1
1798.3247	1
1805.1095	1
1811.8944	1
1818.6793	1
1825.4663	-1
1832.2533	-1
1839.0403	-1
1845.8273	-1
1852.6143	-1
1859.4012	-1
1866.1884	-1
1872.9755	-1
1879.7626	-1
1886.5497	-1
1893.3368	-1
1900.1239	-1
1906.9111	-1
1913.6984	-1
1920.4856	-1
1927.2728	-1
1934.0601	-1
1940.8473	-1
1947.6346	-1
1954.4220	-1
1961.2094	-1
1967.9967	-1
1974.7841	-1
1981.5714	-1
1988.3589	-1
1995.1464	-1
2001.9338	-1
2008.7213	-1
2015.5088	-1
2022.2963	-1
2029.0839	-1
2035.8715	-1
2042.6591	-1
2049.4465	-1
2056.2341	-1
2063.0217	-1
2069.8093	-1
2076.5969	-1
2083.3845	-1
2090.1721	-1
2096.9597	-1
2103.7473	-1
2110.5352	-1
2117.3230	-1
2124.1108	-1
2130.8987	-1
2137.6865	-1
2144.4744	-1
2151.2622	-1
2158.0500	-1
2164.8379	-1
2171.6257	-1
2178.4136	-1
2185.2014	-1
2191.9902	1
2198.7791	1
2205.5679	1
2212.3569	1
2219.1460	1
2225.9351	1
2232.7244	1
2239.5137	1
2246.3030	1
2253.0923	1
2259.8816	1
2266.6711	1
2273.4607	1
2280.2502	1
2287.0398	1
2293.8293	1
2300.6189	1
2307.4087	1
2314.1985	-1
2320.9883	-1
2327.7781	-1
2334.5679	-1
2341.3577	-1
2348.1475	-1
2354.9375	-1
2361.7275	-1
2368.5176	-1
2375.3076	-1
2382.0977	-1
2388.8877	-1
2395.6780	-1
2402.4683	-1
2409.2585	-1
2416.0488	-1
2422.8391	-1
2429.6294	-1
2436.4199	-1
2443.2104	-1
2450.0010	-1
2456.7915	-1
2463.5820	-1
2470.3726	-1
2477.1633	-1
2483.9541	-1
2490.7449	-1
2497.5356	-1
2504.3264	-1
2511.1172	-1
2517.9080	-1
2524.6990	-1
2531.4900	-1
2538.2810	-1
2545.0720	-1
2551.8630	-1
2558.6541	-1
2565.4451	-1
2572.2361	-1
2579.0271	-1
2585.8181	-1
2592.6091	-1
2599.4038	1
2606.1987	1
2612.9937	1
2619.7888	1
2626.5840	1
2633.3792	1
2640.1748	-1
2646.9705	-1
2653.7661	-1
2660.5618	-1
2667.3574	-1
2674.1531	-1
2680.9487	-1
2687.7444	-1
2694.5400	-1
2701.3357	-1
2708.1313	-1
2714.9270	-1
2721.7229	-1
2728.5188	1
2735.3147	-1
2742.1106	-1
2748.9065	-1
2755.7024	-1
2762.4983	-1
2769.2942	1
2776.0903	1
2782.8865	1
2789.6826	1
2796.4788	1
2803.2749	1
2810.0710	1
2816.8674	-1
2823.6638	-1
2830.4602	-1
2837.2566	-1
2844.0530	-1
2850.8494	-1
2857.6458	-1
2864.4421	-1
2871.2385	-1
2878.0352	-1
2884.8318	-1
2891.6284	-1
2898.4250	-1
2905.2217	-1
2912.0183	-1
2918.8149	-1
2925.6116	-1
2932.4082	-1
2939.2051	-1
2946.0020	-1
2952.7988	-1
2959.5957	-1
2966.3926	-1
2973.1895	-1
2979.9888	-1
2986.7883	-1
2993.5879	-1
3000.3875	-1
3007.1870	-1
3013.9866	-1
3020.7861	-1
3027.5857	-1
3034.3853	-1
3041.1848	-1
3047.9844	-1
3054.7839	-1
3061.5837	-1
3068.3835	-1
3075.1833	-1
3081.9832	-1
3088.7830	-1
3095.5828	-1
3102.3828	-1
3109.1829	-1
3115.9829	-1
3122.7830	-1
3129.5830	-1
3136.3831	-1
3143.1833	-1
3149.9836	-1
3156.7839	-1
3163.5842	-1
3170.3845	-1
3177.1848	-1
3183.9851	-1
3190.7854	-1
3197.5857	-1
3204.3860	-1
3211.1863	-1
3217.9866	-1
3224.7871	-1
3231.5876	-1
3238.3882	-1
3245.1887	-1
3251.9893	-1
3258.7898	-1
3265.5906	-1
3272.3914	-1
3279.1921	-1
3285.9929	-1
3292.7937	-1
3299.5945	-1
3306.3953	-1
3313.1960	-1
3319.9968	-1
3326.7976	-1
3333.5984	-1
3340.3992	-1
3347.2007	1
3354.0022	1
3360.8037	1
3367.6055	1
3374.4072	1
3381.2090	1
3388.0110	1
3394.8130	1
3401.6150	1
3408.4172	1
3415.2202	1
3422.0234	1
3428.8279	1
3435.6326	1
3442.4373	1
3449.2419	1
3456.0466	1
3462.8513	1
3469.6560	1
3476.4612	-1
3483.2666	-1
3490.0720	-1
3496.8774	-1
3503.6829	-1
3510.4883	-1
3517.2937	-1
3524.0991	-1
3530.9045	-1
3537.7100	-1
3544.5154	-1
3551.3208	-1
3558.1265	-1
3564.9321	-1
3571.7378	-1
3578.5435	-1
3585.3491	-1
3592.1548	-1
3598.9607	-1
3605.7666	-1
3612.5725	-1
3619.3784	-1
3626.1843	-1
3632.9902	-1
3639.7964	-1
3646.6025	-1
3653.4087	-1
3660.2148	-1
3667.0210	-1
3673.8271	-1
3680.6335	-1
3687.4399	-1
3694.2463	-1
3701.0527	-1
3707.8591	-1
3714.6655	-1
3721.4719	-1
3728.2783	-1
3735.0847	-1
3741.8911	-1
3748.6975	-1
3755.5039	-1
3762.3105	-1
3769.1172	-1
3775.9238	-1
3782.7305	-1
3789.5371	-1
3796.3438	-1
3803.1531	-1
3809.9624	-1
3816.7717	-1
3823.5811	-1
3830.3904	-1
3837.1997	-1
3844.0093	-1
3850.8188	-1
3857.6284	-1
3864.4380	-1
3871.2476	-1
3878.0571	-1
3884.8669	-1
3891.6768	-1
3898.4866	-1
3905.2964	-1
3912.1062	-1
3918.9160	-1
3925.7261	-1
3932.5361	-1
3939.3462	-1
3946.1562	-1
3952.9663	-1
3959.7764	-1
3966.5867	-1
3973.3970	-1
3980.2073	-1
3987.0176	-1
3993.8279	-1
4000.6382	-1
4007.4485	-1
4014.2588	-1
4021.0691	-1
4027.8794	-1
4034.6897	-1
4041.5000	-1
4048.3105	-1
4055.1211	-1
4061.9316	-1
4068.7422	-1
4075.5527	-1
4082.3633	-1
4089.1741	-1
4095.9849	-1
4102.7954	-1
4109.6060	-1
4116.4165	-1
4123.2271	-1
4130.0400	-1
4136.8530	-1
4143.6660	-1
4150.4790	-1
4157.2920	-1
4164.1050	-1
4170.9180	-1
4177.7310	-1
4184.5439	-1
4191.3569	-1
4198.1699	-1
4204.9829	-1
4211.7964	-1
4218.6099	-1
4225.4233	-1
4232.2368	-1
4239.0503	-1
4245.8638	-1
4252.6772	-1
4259.4907	-1
4266.3042	-1
4273.1177	-1
4279.9312	-1
4286.7446	-1
4293.5581	-1
4300.3716	-1
4307.1851	-1
4313.9985	-1
4320.8120	-1
4327.6255	-1
4334.4395	-1
4341.2534	-1
4348.0674	-1
4354.8813	-1
4361.6953	-1
4368.5093	-1
4375.3232	-1
4382.1372	-1
4388.9512	-1
4395.7651	-1
4402.5791	-1
4409.3931	-1
4416.2070	-1
4423.0210	-1
4429.8350	-1
4436.6489	-1
4443.4629	-1
4450.2769	-1
4457.0913	-1
4463.9058	-1
4470.7202	-1
4477.5347	-1
4484.3491	-1
4491.1636	-1
4497.9780	-1
4504.7925	-1
4511.6069	-1
4518.4214	-1
4525.2358	-1
4532.0503	-1
4538.8672	-1
4545.6841	-1
4552.5010	-1
4559.3179	-1
4566.1348	-1
4572.9517	-1
4579.7700	-1
4586.5884	-1
4593.4067	-1
4600.2251	-1
4607.0435	-1
4613.8618	-1
4620.6807	-1
4627.4995	-1
4634.3184	-1
4641.1372	-1
4647.9561	-1
4654.7749	-1
4661.5938	-1
4668.4126	-1
4675.2314	-1
4682.0503	-1
4688.8691	-1
4695.6880	-1
4702.5073	-1
4709.3267	-1
4716.1460	-1
4722.9653	-1
4729.7847	-1
4736.6040	-1
4743.4233	-1
4750.2427	-1
4757.0620	-1
4763.8813	-1
4770.7007	-1
4777.5200	-1
4784.3394	-1
4791.1587	-1
4797.9780	-1
4804.7974	-1
4811.6167	-1
4818.4360	-1
4825.2554	-1
4832.0747	-1
4838.8940	-1
4845.7134	-1
4852.5327	-1
4859.3521	-1
4866.1738	-1
4872.9956	-1
4879.8174	-1
4886.6392	-1
4893.4756	1
4900.3135	-1
4907.1519	1
4913.9902	1
4920.8296	-1
4927.6689	-1
4934.5083	-1
4941.3477	-1
4948.1870	-1
4955.0264	-1
4961.8662	-1
4968.7061	-1
4975.5459	-1
4982.3857	-1
4989.2256	-1
4996.0654	-1
5002.9058	1
5009.7461	1
5016.5864	1
5023.4268	1
5030.2686	-1
5037.1104	-1
5043.9521	-1
5050.7939	-1
5057.6357	-1
5064.4775	-1
5071.3193	-1
5078.1611	-1
5085.0029	-1
5091.8447	-1
5098.6865	-1
5105.5283	-1
5112.3706	-1
5119.2129	-1
5126.0552	-1
5132.8975	-1
5139.7397	-1
5146.5820	-1
5153.4243	1
5160.2666	1
5167.1089	1
5173.9512	-1
5180.7935	-1
5187.6357	-1
5194.4780	-1
5201.3208	-1
5208.1636	-1
5215.0063	1
5221.8496	1
5228.6929	1
5235.5361	1
5242.3794	1
5249.2256	-1
5256.0718	-1
5262.9180	-1
5269.7642	-1
5276.6104	-1
5283.4565	-1
5290.3027	-1
5297.1489	-1
5303.9951	-1
5310.8413	-1
5317.6875	-1
5324.5337	-1
5331.3804	-1
5338.2271	-1
5345.0737	-1
5351.9204	-1
5358.7671	-1
5365.6138	-1
5372.4604	-1
5379.3071	-1
5386.1538	-1
5393.0005	-1
5399.8472	-1
5406.6938	-1
5413.5415	1
5420.3892	1
5427.2368	-1
5434.0845	-1
5440.9321	-1
5447.7798	-1
5454.6274	-1
5461.4751	-1
5468.3228	-1
5475.1704	-1
5482.0181	-1
5488.8657	-1
5495.7134	-1
5502.5610	-1
5509.4092	1
5516.2573	1
5523.1055	-1
5529.9536	-1
5536.8018	-1
5543.6499	-1
5550.4980	-1
5557.3462	-1
5564.1943	1
5571.0425	1
5577.8906	1
5584.7388	-1
5591.5869	-1
5598.4351	-1
5605.2832	-1
5612.1313	-1
5618.9795	-1
5625.8276	1
5632.6768	1
5639.5259	1
5646.3750	1
5653.2241	1
5660.0732	1
5666.9224	1
5673.7720	1
5680.6216	1
5687.4722	-1
5694.3228	-1
5701.1733	-1
5708.0239	-1
5714.8745	-1
5721.7251	-1
5728.5757	-1
5735.4263	-1
5742.2773	-1
5749.1284	-1
5755.9795	-1
5762.8306	-1
5769.6831	1
5776.5356	1
5783.3882	1
5790.2407	1
5797.0947	-1
5803.9487	-1
5810.8027	-1
5817.6567	-1
5824.5107	-1
5831.3647	-1
5838.2188	-1
5845.0728	-1
5851.9268	-1
5858.7808	-1
5865.6348	-1
5872.4888	-1
5879.3428	-1
5886.1968	-1
5893.0508	-1
5899.9048	-1
5906.7588	-1
5913.6128	-1
5920.4673	-1
5927.3218	-1
5934.1763	-1
5941.0308	-1
5947.8853	-1
5954.7397	-1
5961.5942	-1
5968.4487	-1
5975.3032	-1
5982.1577	-1
5989.0122	-1
5995.8667	-1
6002.7217	1
6009.5771	1
6016.4326	1
6023.2881	1
6030.1436	1
6036.9990	1
6043.8545	1
6050.7100	1
6057.5654	1
6064.4209	1
6071.2793	-1
6078.1377	-1
6084.9961	-1
6091.8545	-1
6098.7129	-1
6105.5713	-1
6112.4297	-1
6119.2881	-1
6126.1465	-1
6133.0049	-1
6139.8633	-1
6146.7217	-1
6153.5806	-1
6160.4395	-1
6167.2983	-1
6174.1572	-1
6181.0161	-1
6187.8750	-1
6194.7339	-1
6201.5928	-1
6208.4517	-1
6215.3105	-1
6222.1694	-1
6229.0283	-1
6235.8872	-1
6242.7461	-1
6249.6050	-1
6256.4639	-1
6263.3228	-1
6270.1821	-1
6277.0415	-1
6283.9009	-1
6290.7603	-1
6297.6196	-1
6304.4790	-1
6311.3384	-1
6318.1978	-1
6325.0571	-1
6331.9165	-1
6338.7759	-1
6345.6353	-1
6352.4946	-1
6359.3545	-1
6366.2144	-1
6373.0742	-1
6379.9341	-1
6386.7939	-1
6393.6538	-1
6400.5137	-1
6407.3735	-1
6414.2334	-1
6421.0933	-1
6427.9531	-1
6434.8130	-1
6441.6738	-1
6448.5347	-1
6455.3955	-1
6462.2563	-1
6469.1172	-1
6475.9780	-1
6482.8394	-1
6489.7007	-1
6496.5620	-1
6503.4233	-1
6510.2847	-1
6517.1460	-1
6524.0073	-1
6530.8687	-1
6537.7300	-1
6544.5913	-1
6551.4526	-1
6558.3140	-1
6565.1753	-1
6572.0366	-1
6578.8979	-1
6585.7593	-1
6592.6206	-1
6599.4819	-1
6606.3442	-1
6613.2065	-1
6620.0688	-1
6626.9312	-1
6633.7935	-1
6640.6558	-1
6647.5195	-1
6654.3833	-1
6661.2471	-1
6668.1108	-1
6674.9746	-1
6681.8384	-1
6688.7021	-1
6695.5659	-1
6702.4297	-1
6709.2935	-1
6716.1572	-1
6723.0210	-1
6729.8853	1
6736.7495	-1
6743.6138	-1
6750.4780	-1
6757.3423	-1
6764.2065	-1
6771.0708	-1
6777.9375	-1
6784.8042	-1
6791.6709	-1
6798.5376	-1
6805.4043	-1
6812.2710	-1
6819.1382	-1
6826.0054	-1
6832.8726	-1
6839.7397	-1
6846.6069	-1
6853.4741	-1
6860.3413	-1
6867.2085	-1
6874.0757	-1
6880.9429	-1
6887.8101	-1
6894.6772	-1
6901.5444	-1
6908.4116	-1
6915.2788	-1
6922.1460	-1
6929.0132	-1
6935.8804	-1
6942.7485	-1
6949.6167	-1
6956.4849	-1
6963.3530	-1
6970.2212	-1
6977.0894	-1
6983.9575	-1
6990.8257	-1
6997.6938	-1
7004.5620	-1
7011.4302	-1
7018.2983	-1
7025.1665	-1
7032.0347	-1
7038.9028	-1
7045.7710	-1
7052.6528	1
7059.5361	-1
7066.4194	1
7073.3027	1
7080.1870	-1
7087.0713	-1
7093.9556	-1
7100.8398	-1
7107.7241	-1
7114.6084	-1
7121.4927	-1
7128.3770	-1
7135.2759	1
7142.1768	-1
7149.0781	1
7155.9795	1
7162.8823	-1
7169.7852	-1
7176.6880	-1
7183.5908	-1
7190.4937	-1
7197.3965	-1
7204.2993	-1
7211.2021	-1
7218.1055	-1
7225.0088	-1
7231.9121	-1
7238.8154	-1
7245.7188	1
7252.6235	-1
7259.5283	-1
7266.4331	-1
7273.3379	-1
7280.2427	-1
7287.1475	-1
7294.0649	-1
7300.9844	1
7307.9053	-1
7314.8267	1
7321.7480	1
7328.6704	-1
7335.5928	-1
7342.5151	-1
7349.4375	-1
7356.3599	-1
7363.2822	-1
7370.2046	-1
7377.1270	-1
7384.0493	-1
7390.9717	-1
7397.8940	-1
7404.8291	1
7411.7661	-1
7418.7031	1
7425.6406	1
7432.5791	-1
7439.5176	-1
7446.4561	-1
7453.3945	-1
7460.3330	-1
7467.2715	-1
7474.2100	-1
7481.1484	-1
7488.0869	-1
7495.0254	-1
7501.9639	-1
7508.9023	-1
7515.8413	1
7522.7803	1
7529.7192	1
7536.6582	1
7543.5996	-1
7550.5410	-1
7557.4824	-1
7564.4238	-1
7571.3652	-1
7578.3066	-1
7585.2480	-1
7592.1895	-1
7599.1309	-1
7606.0723	-1
7613.0137	-1
7619.9551	-1
7626.8965	-1
7633.8379	-1
7640.7793	-1
7647.7207	-1
7654.6621	-1
7661.6035	-1
7668.5454	-1
7675.4873	-1
7682.4292	-1
7689.3711	-1
7696.3130	-1
7703.2549	-1
7710.1968	1
7717.1387	1
7724.0811	1
7731.0234	1
7737.9658	1
7744.9082	1
7751.8511	1
7758.7939	1
7765.7383	-1
7772.6826	-1
7779.6270	-1
7786.5713	-1
7793.5156	-1
7800.4600	-1
7807.4043	-1
7814.3486	-1
7821.2930	-1
7828.2373	-1
7835.1816	-1
7842.1260	-1
7849.0703	-1
7856.0146	-1
7862.9590	-1
7869.9033	-1
7876.8477	-1
7883.7920	-1
7890.7373	-1
7897.6826	-1
7904.6279	-1
7911.5732	-1
7918.5186	-1
7925.4639	-1
7932.4092	1
7939.3545	1
7946.2998	1
7953.2451	1
7960.1904	1
7967.1357	1
7974.0825	1
7981.0293	1
7987.9766	-1
7994.9238	-1
8001.8711	-1
8008.8184	-1
8015.7656	-1
8022.7129	-1
8029.6602	-1
8036.6074	-1
8043.5547	-1
8050.5020	-1
8057.4492	-1
8064.3965	-1
8071.3442	-1
8078.2920	-1
8085.2397	-1
8092.1875	-1
8099.1353	-1
8106.0830	-1
8113.0308	-1
8119.9785	-1
8126.9263	-1
8133.8740	-1
8140.8218	-1
8147.7695	-1
8154.7173	-1
8161.6650	-1
8168.6128	-1
8175.5605	-1
8182.5083	-1
8189.4561	-1
8196.4043	1
8203.3525	1
8210.3018	1
8217.2510	1
8224.2002	1
8231.1494	1
8238.0986	1
8245.0479	1
8251.9971	1
8258.9463	1
8265.8965	-1
8272.8467	-1
8279.7969	-1
8286.7471	-1
8293.6973	-1
8300.6475	-1
8307.5977	-1
8314.5479	-1
8321.4980	-1
8328.4482	-1
8335.3984	-1
8342.3486	-1
8349.3008	-1
8356.2529	-1
8363.2051	-1
8370.1572	-1
8377.1094	-1
8384.0615	-1
8391.0137	-1
8397.9658	-1
8404.9180	-1
8411.8701	-1
8418.8223	-1
8425.7744	-1
8432.7275	1
8439.6807	-1
8446.6338	-1
8453.5869	-1
8460.5400	-1
8467.4932	-1
8474.4463	-1
8481.3994	-1
8488.3525	-1
8495.3057	-1
8502.2588	-1
8509.2119	-1
8516.1650	-1
8523.1182	-1
8530.0713	-1
8537.0244	-1
8543.9775	-1
8550.9307	-1
8557.8838	-1
8564.8379	-1
8571.7920	-1
8578.7461	-1
8585.7002	-1
8592.6543	-1
8599.6084	-1
8606.5625	-1
8613.5166	-1
8620.4707	-1
8627.4248	-1
8634.3789	-1
8641.3330	-1
8648.2871	1
8655.2432	-1
8662.1992	-1
8669.1553	-1
8676.1113	-1
8683.0674	-1
8690.0234	-1
8696.9795	-1
8703.9355	-1
8710.8916	-1
8717.8477	-1
8724.8037	-1
8731.7598	-1
8738.7168	-1
8745.6738	-1
8752.6309	-1
8759.5879	-1
8766.5449	-1
8773.5020	-1
8780.4590	-1
8787.4160	-1
8794.3730	-1
8801.3301	-1
8808.2871	-1
8815.2441	-1
8822.2012	-1
8829.1582	-1
8836.1152	-1
8843.0723	-1
8850.0293	-1
8856.9863	-1
8863.9434	-1
8870.9004	-1
8877.8574	-1
8884.8145	-1
8891.7715	-1
8898.7285	-1
8905.6855	-1
8912.6426	-1
8919.5996	-1
8926.5566	-1
8933.5137	-1
8940.4707	-1
8947.4277	-1
8954.3848	-1
8961.3418	-1
8968.2988	-1
8975.2559	-1
8982.2129	-1
8989.1699	-1
8996.1270	-1
9003.0840	-1
9010.0410	-1
9016.9980	-1
9023.9551	-1
9030.9131	-1
9037.8711	-1
9044.8428	1
9051.8164	-1
9058.7900	1
9065.7637	1
9072.7383	-1
9079.7129	-1
9086.6885	-1
9093.6768	1
9100.6670	-1
9107.6572	1
9114.6475	1
9121.6387	-1
9128.6299	-1
9135.6211	-1
9142.6123	-1
9149.6045	-1
9156.6094	1
9163.6162	-1
9170.6230	1
9177.6299	1
9184.6377	-1
9191.6455	-1
9198.6533	-1
9205.6611	-1
9212.6689	-1
9219.6768	-1
9226.6855	-1
9233.6943	-1
9240.7031	-1
9247.7119	-1
9254.7207	-1
9261.7295	-1
9268.7393	1
9275.7490	1
9282.7598	-1
9289.7705	-1
9296.7812	-1
9303.7920	-1
9310.8037	-1
9317.8154	-1
9324.8271	-1
9331.8389	-1
9338.8633	1
9345.8896	-1
9352.9160	1
9359.9424	1
9366.9697	-1
9373.9971	-1
9381.0244	-1
9388.0518	-1
9395.0791	-1
9402.1064	-1
9409.1338	-1
9416.1611	-1
9423.1885	-1
9430.2158	-1
9437.2432	-1
9444.2705	-1
9451.2988	1
9458.3271	1
9465.3555	1
9472.3838	1
9479.4131	-1
9486.4424	-1
9493.4717	-1
9500.5010	-1
9507.5303	-1
9514.5596	-1
9521.5889	-1
9528.6182	-1
9535.6475	-1
9542.6768	-1
9549.7061	-1
9556.7354	-1
9563.7646	1
9570.7939	1
9577.8232	-1
9584.8525	-1
9591.8818	-1
9598.9111	-1
9605.9404	-1
9612.9697	-1
9619.9990	-1
9627.0283	-1
9634.0576	-1
9641.0869	-1
9648.1162	-1
9655.1455	-1
9662.1758	1
9669.2061	1
9676.2363	1
9683.2666	1
9690.2969	1
9697.3271	1
9704.3584	-1
9711.3896	-1
9718.4209	-1
9725.4521	-1
9732.4834	-1
9739.5146	-1
9746.5459	-1
9753.5771	-1
9760.6084	-1
9767.6396	-1
9774.6709	-1
9781.7021	-1
9788.7334	-1
9795.7646	-1
9802.7959	-1
9809.8271	-1
9816.8584	-1
9823.8896	-1
9830.9219	1
9837.9541	1
9844.9863	1
9852.0186	1
9859.0508	1
9866.0830	1
9873.1152	-1
9880.1475	-1
9887.1797	-1
9894.2119	-1
9901.2441	-1
9908.2764	-1
9915.3096	-1
9922.3428	-1
9929.3760	-1
9936.4092	-1
9943.4424	-1
9950.4756	-1
9957.5088	-1
9964.5420	-1
9971.5752	-1
9978.6084	-1
9985.6416	-1
9992.6748	-1
9999.7080	-1
10006.7412	-1
10013.7744	-1
10020.8076	-1
10027.8408	-1
10034.8740	-1
10041.9072	-1
10048.9404	-1
10055.9736	-1
10063.0068	-1
10070.0400	-1
10077.0732	-1
10084.1074	1
10091.1416	1
10098.1758	1
10105.2100	1
10112.2451	-1
10119.2803	-1
10126.3154	-1
10133.3506	-1
10140.3857	-1
10147.4209	-1
10154.4561	-1
10161.4912	-1
10168.5264	-1
10175.5615	-1
10182.5967	-1
10189.6318	-1
10196.6670	-1
10203.7021	-1
10210.7373	-1
10217.7725	-1
10224.8076	-1
10231.8428	-1
10238.8789	-1
10245.9150	-1
10252.9512	-1
10259.9873	-1
10267.0234	-1
10274.0596	-1
10281.0957	-1
10288.1318	-1
10295.1680	-1
10302.2041	-1
10309.2402	-1
10316.2764	-1
10323.3125	-1
10330.3486	-1
10337.3848	-1
10344.4209	-1
10351.4570	-1
10358.4932	-1
10365.5303	-1
10372.5674	-1
10379.6045	-1
10386.6416	-1
10393.6787	-1
10400.7158	-1
10407.7529	-1
10414.7900	-1
10421.8271	-1
10428.8643	-1
10435.9014	-1
10442.9385	-1
10449.9756	-1
10457.0127	-1
10464.0498	-1
10471.0869	-1
10478.1240	-1
10485.1611	-1
10492.1982	-1
10499.2354	-1
10506.2725	-1
10513.3232	1
10520.3760	-1
10527.4287	1
10534.4814	1
10541.5352	-1
10548.5889	-1
10555.6426	-1
10562.6963	-1
10569.7500	-1
10576.8037	-1
10583.8574	-1
10590.9111	-1
10597.9785	1
10605.0469	-1
10612.1162	1
10619.1855	1
10626.2559	-1
10633.3262	-1
10640.3965	-1
10647.4668	-1
10654.5371	-1
10661.6074	-1
10668.6777	-1
10675.7617	1
10682.8467	-1
10689.9326	1
10697.0186	1
10704.1055	-1
10711.1924	-1
10718.2793	-1
10725.3662	-1
10732.4531	-1
10739.5537	1
10746.6553	-1
10753.7578	1
10760.8604	1
10767.9639	-1
10775.0674	-1
10782.1709	-1
10789.2744	-1
10796.3779	-1
10803.4814	-1
10810.5850	-1
10817.6885	-1
10824.7920	-1
10831.8955	-1
10838.9990	-1
10846.1025	-1
10853.2070	1
10860.3115	1
10867.4160	1
10874.5205	1
10881.6260	-1
10888.7314	-1
10895.8369	-1
10902.9424	-1
10910.0479	-1
10917.1533	-1
10924.2588	-1
10931.3643	-1
10938.4697	-1
10945.5752	-1
10952.6807	-1
10959.7861	-1
10966.8926	-1
10973.9990	-1
10981.1055	-1
10988.2119	-1
10995.3184	-1
11002.4248	-1
11009.5312	-1
11016.6377	-1
11023.7441	-1
11030.8506	-1
11037.9570	-1
11045.0635	-1
11052.1699	1
11059.2764	1
11066.3828	1
11073.4893	1
11080.5957	1
11087.7031	1
11094.8105	1
11101.9180	1
11109.0264	-1
11116.1348	-1
11123.2432	-1
11130.3516	-1
11137.4600	-1
11144.5684	-1
11151.6768	-1
11158.7852	-1
11165.8936	-1
11173.0020	-1
11180.1104	-1
11187.2188	-1
11194.3281	1
11201.4375	1
11208.5469	1
11215.6562	1
11222.7666	-1
11229.8770	-1
11236.9873	-1
11244.0977	-1
11251.2080	-1
11258.3184	-1
11265.4287	-1
11272.5391	-1
11279.6494	-1
11286.7598	-1
11293.8701	-1
11300.9805	-1
11308.0908	-1
11315.2012	-1
11322.3115	-1
11329.4219	-1
11336.5322	-1
11343.6426	-1
11350.7539	-1
11357.8652	-1
11364.9766	-1
11372.0879	-1
11379.1992	-1
11386.3105	-1
11393.4219	-1
11400.5332	-1
11407.6445	-1
11414.7559	-1
11421.8672	-1
11428.9785	-1
11436.0898	-1
11443.2012	-1
11450.3125	-1
11457.4238	-1
11464.5352	-1
11471.6465	-1
11478.7588	1
11485.8711	1
11492.9834	1
11500.0967	-1
11507.2100	-1
11514.3232	-1
11521.4365	-1
11528.5498	-1
11535.6631	-1
11542.7783	-1
11549.8936	-1
11557.0088	-1
11564.1240	-1
11571.2393	-1
11578.3545	-1
11585.4697	-1
11592.5850	-1
11599.7002	-1
11606.8154	-1
11613.9307	-1
11621.0459	-1
11628.1611	-1
11635.2764	-1
11642.3916	-1
11649.5068	-1
11656.6221	-1
11663.7373	-1
11670.8525	-1
11677.9678	-1
11685.0830	-1
11692.1982	-1
11699.3135	-1
11706.4287	-1
11713.5439	-1
11720.6592	-1
11727.7744	-1
11734.8896	-1
11742.0049	-1
11749.1201	-1
11756.2354	-1
11763.3506	-1
11770.4658	-1
11777.5811	-1
11784.6963	-1
11791.8252	1
11798.9561	-1
11806.0869	1
11813.2178	1
11820.3496	-1
11827.4814	-1
11834.6133	-1
11841.7451	-1
11848.8770	-1
11856.0088	-1
11863.1406	-1
11870.2725	-1
11877.4043	-1
11884.5361	-1
11891.6680	-1
11898.7998	-1
11905.9326	1
11913.0654	1
11920.1982	1
11927.3311	1
11934.4648	-1
11941.5986	-1
11948.7324	-1
11955.8662	-1
11963.0000	-1
11970.1338	-1
11977.2686	-1
11984.4033	-1
11991.5381	-1
11998.6729	-1
12005.8076	-1
12012.9424	-1
12020.0771	-1
12027.2119	-1
12034.3467	-1
12041.4814	-1
12048.6162	-1
12055.7510	-1
12062.8857	-1
12070.0205	-1
12077.1553	-1
12084.2900	-1
12091.4248	-1
12098.5596	-1
12105.6943	1
12112.8291	1
12119.9639	1
12127.0986	1
12134.2344	1
12141.3701	1
12148.5059	1
12155.6416	1
12162.7793	-1
12169.9170	-1
12177.0547	-1
12184.1924	-1
12191.3301	-1
12198.4678	-1
12205.6055	-1
12212.7432	-1
12219.8809	-1
12227.0186	-1
12234.1562	-1
12241.2939	-1
12248.4326	-1
12255.5713	-1
12262.7100	-1
12269.8486	-1
12276.9873	-1
12284.1260	-1
12291.2646	1
12298.4033	1
12305.5430	-1
12312.6826	-1
12319.8223	-1
12326.9619	-1
12334.1016	-1
12341.2412	-1
12348.3809	1
12355.5205	1
12362.6602	-1
12369.7998	-1
12376.9395	-1
12384.0791	-1
12391.2188	-1
12398.3584	-1
12405.4980	-1
12412.6377	-1
12419.7773	-1
12426.9170	-1
12434.0566	-1
12441.1963	-1
12448.3359	-1
12455.4756	1
12462.6152	-1
12469.7549	-1
12476.8945	-1
12484.0342	-1
12491.1738	-1
12498.3135	1
12505.4531	-1
12512.5928	-1
12519.7324	-1
12526.8721	-1
12534.0117	-1
12541.1514	-1
12548.2920	1
12555.4326	1
12562.5732	1
12569.7158	-1
12576.8584	-1
12584.0010	-1
12591.1436	-1
12598.2861	-1
12605.4287	-1
12612.5723	-1
12619.7158	-1
12626.8594	-1
12634.0029	-1
12641.1465	-1
12648.2900	-1
12655.4336	-1
12662.5771	-1
12669.7207	-1
12676.8643	-1
12684.0078	-1
12691.1514	-1
12698.2949	-1
12705.4385	-1
12712.5820	-1
12719.7256	-1
12726.8691	-1
12734.0127	-1
12741.1562	-1
12748.2998	-1
12755.4434	-1
12762.5869	-1
12769.7305	-1
12776.8740	-1
12784.0186	-1
12791.1631	-1
12798.3076	-1
12805.4521	-1
12812.5967	-1
12819.7412	-1
12826.8857	-1
12834.0303	-1
12841.1748	-1
12848.3193	-1
12855.4639	-1
12862.6084	-1
12869.7529	-1
12876.8975	-1
12884.0420	-1
12891.1865	-1
12898.3311	-1
12905.4756	-1
12912.6201	-1
12919.7646	-1
12926.9092	-1
12934.0537	-1
12941.2119	1
12948.3711	-1
12955.5312	1
12962.6914	1
12969.8525	-1
12977.0137	-1
12984.1748	-1
12991.3359	-1
12998.4971	-1
13005.6582	-1
13012.8193	-1
13019.9805	-1
13027.1416	-1
13034.3027	-1
13041.4639	-1
13048.6250	-1
13055.7861	1
13062.9473	1
13070.1084	1
13077.2695	1
13084.4316	-1
13091.5938	-1
13098.7559	-1
13105.9180	-1
13113.0801	-1
13120.2422	-1
13127.4053	-1
13134.5684	-1
13141.7314	-1
13148.8945	-1
13156.0576	-1
13163.2207	-1
13170.3838	1
13177.5469	1
13184.7100	-1
13191.8730	-1
13199.0361	-1
13206.1992	-1
13213.3623	-1
13220.5254	-1
13227.6885	1
13234.8516	1
13242.0146	-1
13249.1777	-1
13256.3408	-1
13263.5039	-1
13270.6670	-1
13277.8301	-1
13284.9941	1
13292.1582	1
13299.3223	1
13306.4863	1
13313.6504	-1
13320.8145	-1
13327.9785	-1
13335.1426	-1
13342.3066	-1
13349.4707	-1
13356.6357	1
13363.8008	1
13370.9668	-1
13378.1328	-1
13385.2988	-1
13392.4648	-1
13399.6309	-1
13406.7969	-1
13413.9629	-1
13421.1289	-1
13428.2949	-1
13435.4609	-1
13442.6270	-1
13449.7930	-1
13456.9600	-1
13464.1270	-1
13471.2939	-1
13478.4609	-1
13485.6279	-1
13492.7949	-1
13499.9619	-1
13507.1289	-1
13514.2959	-1
13521.4629	-1
13528.6299	-1
13535.7969	-1
13542.9639	-1
13550.1309	-1
13557.2979	-1
13564.4648	-1
13571.6318	-1
13578.7988	-1
13585.9658	-1
13593.1328	-1
13600.2998	-1
13607.4668	-1
13614.6338	-1
13621.8008	-1
13628.9678	-1
13636.1348	-1
13643.3018	-1
13650.4688	-1
13657.6357	-1
13664.8027	-1
13671.9697	1
13679.1367	1
13686.3037	1
13693.4707	1
13700.6387	-1
13707.8066	-1
13714.9746	-1
13722.1426	-1
13729.3105	-1
13736.4785	-1
13743.6465	-1
13750.8145	-1
13757.9824	-1
13765.1504	-1
13772.3184	-1
13779.4863	-1
13786.6543	1
13793.8223	1
13800.9912	1
13808.1602	1
13815.3291	1
13822.4980	1
13829.6670	1
13836.8359	1
13844.0049	1
13851.1738	1
13858.3428	1
13865.5117	1
13872.6807	1
13879.8496	1
13887.0195	-1
13894.1895	-1
13901.3594	-1
13908.5293	-1
13915.6992	-1
13922.8691	-1
13930.0391	-1
13937.2090	-1
13944.3789	-1
13951.5488	-1
13958.7188	-1
13965.8887	-1
13973.0586	-1
13980.2285	-1
13987.3984	-1
13994.5684	-1
14001.7383	-1
14008.9082	-1
14016.0801	-1
14023.2520	-1
14030.4238	-1
14037.5957	-1
14044.7676	-1
14051.9395	-1
14059.1113	-1
14066.2832	-1
14073.4551	-1
14080.6270	-1
14087.7988	-1
14094.9707	-1
14102.1426	-1
14109.3145	-1
14116.4863	-1
14123.6582	-1
14130.8301	-1
14138.0020	-1
14145.1738	-1
14152.3457	-1
14159.5176	-1
14166.6895	-1
14173.8613	-1
14181.0332	-1
14188.2051	1
14195.3770	1
14202.5488	1
14209.7207	-1
14216.8926	-1
14224.0645	-1
14231.2363	-1
14238.4082	-1
14245.5801	-1
14252.7520	1
14259.9238	1
14267.0957	-1
14274.2676	-1
14281.4395	-1
14288.6113	-1
14295.7832	-1
14302.9551	-1
14310.1270	1
14317.2998	-1
14324.4727	-1
14331.6455	-1
14338.8184	-1
14345.9912	-1
14353.1641	-1
14360.3379	1
14367.5117	1
14374.6855	1
14381.8594	1
14389.0332	1
14396.2070	1
14403.3809	1
14410.5547	1
14417.7285	1
14424.9023	1
14432.0762	1
14439.2500	1
14446.4238	1
14453.5977	1
14460.7725	-1
14467.9473	-1
14475.1221	-1
14482.2969	-1
14489.4717	-1
14496.6465	-1
14503.8213	-1
14510.9961	-1
14518.1709	-1
14525.3457	-1
14532.5205	-1
14539.6953	-1
14546.8701	-1
14554.0449	-1
14561.2197	-1
14568.3945	-1
14575.5693	-1
14582.7441	-1
14589.9199	1
14597.0967	1
14604.2734	1
14611.4502	1
14618.6270	1
14625.8037	1
14632.9805	-1
14640.1572	-1
14647.3340	-1
14654.5107	-1
14661.6875	-1
14668.8643	-1
14676.0420	1
14683.2197	1
14690.3975	-1
14697.5752	-1
14704.7529	-1
14711.9307	-1
14719.1084	-1
14726.2861	-1
14733.4639	-1
14740.6416	-1
14747.8193	-1
14754.9971	-1
14762.1748	-1
14769.3525	-1
14776.5312	-1
14783.7100	-1
14790.8887	-1
14798.0674	-1
14805.2461	-1
14812.4248	-1
14819.6035	-1
14826.7822	-1
14833.9609	-1
14841.1396	-1
14848.3184	-1
14855.4971	-1
14862.6758	-1
14869.8545	-1
14877.0332	-1
14884.2119	-1
14891.3906	-1
14898.5693	-1
14905.7480	-1
14912.9268	-1
14920.1055	-1
14927.2842	-1
14934.4629	-1
14941.6416	-1
14948.8203	1
14955.9990	1
14963.1787	1
14970.3594	-1
14977.5400	-1
14984.7207	-1
14991.9014	-1
14999.0820	-1
15006.2627	-1
15013.4434	-1
15020.6240	-1
15027.8047	-1
15034.9854	-1
15042.1660	-1
15049.3467	-1
15056.5273	1
15063.7080	1
15070.8887	1
15078.0693	1
15085.2500	1
15092.4307	1
15099.6113	1
15106.7920	1
15113.9727	1
15121.1543	-1
15128.3359	-1
15135.5176	-1
15142.6992	-1
15149.8809	-1
15157.0625	-1
15164.2441	-1
15171.4258	-1
15178.6074	-1
15185.7891	-1
15192.9707	-1
15200.1523	-1
15207.3340	-1
15214.5156	-1
15221.6973	-1
15228.8789	-1
15236.0605	-1
15243.2422	-1
15250.4238	-1
15257.6055	-1
15264.7871	-1
15271.9688	-1
15279.1504	-1
15286.3320	-1
15293.5137	-1
15300.6963	-1
15307.8789	-1
15315.0615	-1
15322.2441	-1
15329.4268	-1
15336.6094	-1
15343.7920	-1
15350.9746	-1
15358.1572	-1
15365.3398	-1
15372.5225	-1
15379.7051	-1
15386.8877	-1
15394.0703	-1
15401.2529	-1
15408.4355	-1
15415.6182	-1
15422.8008	-1
15429.9834	-1
15437.1660	-1
15444.3486	-1
15451.5312	-1
15458.7139	-1
15465.8965	-1
15473.0791	-1
15480.2617	-1
15487.4443	-1
15494.6270	-1
15501.8096	-1
15508.9922	-1
15516.1777	-1
15523.3633	-1
15530.5488	-1
15537.7344	-1
15544.9199	-1
15552.1055	-1
15559.2910	-1
15566.4766	-1
15573.6621	-1
15580.8477	-1
15588.0332	-1
15595.2188	-1
15602.4043	-1
15609.5898	-1
15616.7754	-1
15623.9609	-1
15631.1465	-1
15638.3320	-1
15645.5176	-1
15652.7031	-1
15659.8887	-1
15667.0742	-1
15674.2598	-1
15681.4453	-1
15688.6309	-1
15695.8164	-1
15703.0020	-1
15710.1875	-1
15717.3730	-1
15724.5586	-1
15731.7441	-1
15738.9297	-1
15746.1152	-1
15753.3008	-1
15760.4863	-1
15767.6719	-1
15774.8574	-1
15782.0430	-1
15789.2285	-1
15796.4141	-1
15803.5996	-1
15810.7852	-1
15817.9717	-1
15825.1582	-1
15832.3447	-1
15839.5312	-1
15846.7178	-1
15853.9043	-1
15861.0908	-1
15868.2773	-1
15875.4639	-1
15882.6504	-1
15889.8369	-1
15897.0234	-1
15904.2100	1
15911.3965	1
15918.5830	1
15925.7695	1
15932.9561	1
15940.1426	1
15947.3291	1
15954.5156	1
15961.7021	1
15968.8887	1
15976.0752	1
15983.2617	1
15990.4482	1
15997.6348	1
16004.8213	1
16012.0078	1
16019.1953	1
16026.3828	1
16033.5703	1
16040.7578	1
16047.9453	1
16055.1328	1
16062.3203	1
16069.5088	-1
16076.6973	-1
16083.8857	-1
16091.0742	-1
16098.2627	-1
16105.4512	-1
16112.6406	-1
16119.8301	-1
16127.0195	-1
16134.2090	-1
16141.3984	-1
16148.5879	-1
16155.7773	-1
16162.9668	-1
16170.1562	-1
16177.3457	-1
16184.5352	-1
16191.7246	-1
16198.9150	1
16206.1055	1
16213.2959	1
16220.4863	1
16227.6768	1
16234.8672	1
16242.0576	1
16249.2490	1
16256.4404	1
16263.6318	1
16270.8232	1
16278.0146	1
16285.2070	-1
16292.3994	-1
16299.5918	-1
16306.7842	-1
16313.9766	-1
16321.1689	-1
16328.3613	-1
16335.5537	-1
16342.7461	-1
16349.9385	-1
16357.1309	-1
16364.3232	-1
16371.5156	-1
16378.7080	-1
16385.9004	-1
16393.0938	-1
16400.2871	-1
16407.4805	-1
16414.6738	-1
16421.8672	-1
16429.0605	-1
16436.2539	-1
16443.4473	-1
16450.6406	-1
16457.8340	-1
16465.0273	-1
16472.2207	-1
16479.4141	-1
16486.6074	-1
16493.8008	-1
16500.9941	-1
16508.1875	-1
16515.3809	-1
16522.5742	-1
16529.7676	-1
16536.9609	-1
16544.1543	1
16551.3477	1
16558.5410	1
16565.7344	-1
16572.9277	-1
16580.1211	-1
16587.3145	-1
16594.5078	-1
16601.7012	-1
16608.8945	-1
16616.0879	-1
16623.2812	-1
16630.4746	-1
16637.6680	-1
16644.8613	-1
16652.0547	-1
16659.2480	-1
16666.4414	-1
16673.6348	-1
16680.8281	-1
16688.0215	-1
16695.2168	-1
16702.4121	-1
16709.6074	-1
16716.8027	-1
16723.9980	-1
16731.1934	-1
16738.3887	-1
16745.5840	-1
16752.7793	-1
16759.9746	-1
16767.1699	-1
16774.3652	-1
16781.5605	-1
16788.7559	-1
16795.9512	-1
16803.1465	-1
16810.3418	-1
16817.5371	-1
16824.7344	-1
16831.9316	-1
16839.1289	-1
16846.3262	-1
16853.5234	-1
16860.7207	-1
16867.9180	-1
16875.1152	-1
16882.3125	-1
16889.5098	-1
16896.7070	-1
16903.9043	-1
16911.1016	-1
16918.2988	-1
16925.4961	-1
16932.6934	-1
16939.8906	-1
16947.0879	-1
16954.2852	-1
16961.4824	-1
16968.6797	-1
16975.8770	-1
16983.0742	-1
16990.2715	-1
16997.4688	-1
17004.6660	-1
17011.8633	-1
17019.0605	-1
17026.2578	-1
17033.4551	-1
17040.6523	-1
17047.8496	-1
17055.0469	-1
17062.2441	-1
17069.4414	-1
17076.6387	-1
17083.8359	-1
17091.0332	-1
17098.2305	-1
17105.4277	-1
17112.6250	-1
17119.8223	-1
17127.0215	-1
17134.2207	-1
17141.4199	-1
17148.6191	-1
17155.8184	-1
17163.0176	-1
17170.2168	-1
17177.4160	-1
17184.6152	-1
17191.8145	-1
17199.0137	-1
17206.2129	-1
17213.4121	-1
17220.6113	-1
17227.8105	-1
17235.0098	-1
17242.2090	-1
17249.4082	-1
17256.6074	-1
17263.8066	-1
17271.0059	-1
17278.2051	-1
17285.4043	-1
17292.6035	-1
17299.8027	-1
17307.0020	-1
17314.2012	-1
17321.4004	-1
17328.5996	-1
17335.7988	-1
17342.9980	-1
17350.1973	-1
17357.3965	-1
17364.5957	-1
17371.7949	-1
17378.9941	-1
17386.1953	-1
17393.3965	-1
17400.5977	-1
17407.7988	-1
17415.0000	-1
17422.2012	-1
17429.4023	-1
17436.6035	-1
17443.8047	-1
17451.0059	-1
17458.2070	-1
17465.4082	-1
17472.6094	-1
17479.8105	-1
17487.0117	-1
17494.2129	-1
17501.4141	-1
17508.6152	-1
17515.8164	-1
17523.0176	-1
17530.2188	-1
17537.4199	-1
17544.6211	-1
17551.8223	-1
17559.0234	-1
17566.2246	-1
17573.4258	-1
17580.6270	-1
17587.8281	-1
17595.0293	-1
17602.2305	-1
17609.4316	-1
17616.6328	-1
17623.8340	-1
17631.0352	-1
17638.2363	-1
17645.4395	-1
17652.6426	-1
17659.8457	-1
17667.0488	-1
17674.2520	-1
17681.4551	-1
17688.6582	-1
17695.8613	-1
17703.0645	-1
17710.2676	-1
17717.4707	-1
17724.6738	-1
17731.8770	-1
17739.0801	-1
17746.2832	-1
17753.4863	-1
17760.6895	-1
17767.8926	-1
17775.0957	-1
17782.2988	-1
17789.5020	-1
17796.7051	-1
17803.9082	-1
17811.1113	-1
17818.3145	-1
17825.5176	-1
17832.7207	-1
17839.9238	-1
17847.1270	-1
17854.3301	-1
17861.5332	-1
17868.7363	-1
17875.9395	-1
17883.1426	-1
17890.3457	-1
17897.5488	-1
17904.7520	-1
17911.9551	-1
17919.1582	-1
17926.3613	-1
17933.5645	-1
17940.7676	-1
17947.9727	-1
17955.1777	-1
17962.3828	-1
17969.5879	-1
17976.7930	-1
17983.9980	-1
17991.2031	-1
17998.4082	-1
18005.6133	-1
18012.8184	-1
18020.0234	-1
18027.2285	-1
18034.4336	-1
18041.6387	-1
18048.8438	-1
18056.0488	-1
18063.2539	-1
18070.4590	-1
18077.6641	-1
18084.8691	-1
18092.0742	-1
18099.2793	-1
18106.4844	-1
18113.6895	-1
18120.8945	-1
18128.0996	-1
18135.3047	-1
18142.5098	-1
18149.7148	-1
18156.9199	-1
18164.1250	-1
18171.3301	-1
18178.5352	-1
18185.7402	-1
18192.9453	-1
18200.1504	-1
18207.3555	-1
18214.5605	-1
18221.7656	-1
18228.9707	-1
18236.1758	-1
18243.3809	-1
18250.5859	-1
18257.7910	-1
18264.9961	-1
18272.2012	-1
18279.4062	-1
18286.6113	-1
18293.8164	-1
18301.0215	-1
18308.2266	-1
18315.4316	-1
18322.6367	-1
18329.8418	-1
18337.0469	-1
18344.2520	-1
18351.4570	-1
18358.6621	-1
18365.8672	-1
18373.0723	-1
18380.2773	-1
18387.4824	-1
18394.6875	-1
18401.8926	-1
18409.0977	-1
18416.3027	-1
18423.5078	-1
18430.7129	-1
18437.9180	-1
18445.1230	-1
18452.3281	-1
18459.5332	-1
18466.7383	-1
18473.9434	-1
18481.1484	-1
18488.3535	-1
18495.5586	-1
18502.7637	-1
18509.9707	-1
18517.1777	-1
18524.3848	-1
18531.6055	1
18538.8281	-1
18546.0508	1
18553.2734	1
18560.4980	-1
18567.7227	-1
18574.9473	-1
18582.1719	-1
18589.3965	-1
18596.6211	-1
18603.8457	-1
18611.0703	-1
18618.2949	-1
18625.5195	-1
18632.7441	-1
18639.9688	-1
18647.1934	1
18654.4180	1
18661.6426	1
18668.8672	1
18676.0938	-1
18683.3203	-1
18690.5469	-1
18697.7734	-1
18705.0000	-1
18712.2266	-1
18719.4531	-1
18726.6797	-1
18733.9062	-1
18741.1328	-1
18748.3594	-1
18755.5859	-1
18762.8125	-1
18770.0391	-1
18777.2656	-1
18784.4922	-1
18791.7188	-1
18798.9453	-1
18806.1719	-1
18813.3984	-1
18820.6270	-1
18827.8555	-1
18835.0840	-1
18842.3125	-1
18849.5410	1
18856.7695	1
18863.9980	1
18871.2266	1
18878.4551	1
18885.6836	1
18892.9121	1
18900.1406	1
18907.3691	-1
18914.5977	-1
18921.8262	-1
18929.0547	-1
18936.2832	-1
18943.5117	-1
18950.7422	1
18957.9727	1
18965.2031	-1
18972.4336	-1
18979.6641	-1
18986.8945	-1
18994.1250	-1
19001.3555	-1
19008.5859	1
19015.8164	1
19023.0488	-1
19030.2812	-1
19037.5137	-1
19044.7461	-1
19051.9785	-1
19059.2109	-1
19066.4434	-1
19073.6758	-1
19080.9082	-1
19088.1406	-1
19095.3730	-1
19102.6055	-1
19109.8379	-1
19117.0703	-1
19124.3027	-1
19131.5352	-1
19138.7676	-1
19146.0000	-1
19153.2324	-1
19160.4648	-1
19167.6973	-1
19174.9297	-1
19182.1621	-1
19189.3945	-1
19196.6270	-1
19203.8594	-1
19211.0918	-1
19218.3242	-1
19225.5566	-1
19232.7891	-1
19240.0215	-1
19247.2539	-1
19254.4863	-1
19261.7188	-1
19268.9512	-1
19276.1836	-1
19283.4160	-1
19290.6484	-1
19297.8809	-1
19305.1133	-1
19312.3457	-1
19319.5781	-1
19326.8125	-1
19334.0469	-1
19341.2812	-1
19348.5156	-1
19355.7500	-1
19362.9844	-1
19370.2188	-1
19377.4531	-1
19384.6875	-1
19391.9219	-1
19399.1562	-1
19406.3906	-1
19413.6250	-1
19420.8594	-1
19428.0938	-1
19435.3281	-1
19442.5625	-1
19449.7969	-1
19457.0312	1
19464.2656	1
19471.5000	1
19478.7363	1
19485.9727	1
19493.2090	1
19500.4453	1
19507.6816	1
19514.9180	1
19522.1543	1
19529.3906	1
19536.6270	1
19543.8633	1
19551.0996	1
19558.3359	-1
19565.5723	-1
19572.8086	-1
19580.0449	-1
19587.2812	-1
19594.5176	-1
19601.7559	1
19608.9941	1
19616.2324	-1
19623.4707	-1
19630.7090	-1
19637.9473	-1
19645.1855	-1
19652.4238	-1
19659.6621	-1
19666.9004	-1
19674.1387	-1
19681.3770	-1
19688.6152	-1
19695.8535	-1
19703.0918	1
19710.3301	1
19717.5684	1
19724.8066	1
19732.0449	1
19739.2832	1
19746.5234	1
19753.7637	1
19761.0039	1
19768.2441	1
19775.4863	-1
19782.7285	-1
19789.9707	-1
19797.2129	-1
19804.4551	-1
19811.6973	-1
19818.9395	-1
19826.1816	-1
19833.4238	-1
19840.6660	-1
19847.9082	-1
19855.1504	-1
19862.3926	-1
19869.6348	-1
19876.8770	-1
19884.1191	-1
19891.3613	-1
19898.6035	-1
19905.8457	-1
19913.0879	-1
19920.3301	-1
19927.5723	-1
19934.8145	-1
19942.0566	-1
19949.2988	-1
19956.5410	-1
19963.7832	-1
19971.0254	-1
19978.2676	-1
19985.5098	-1
19992.7539	1
19999.9980	1
20007.2422	1
20014.4863	1
20021.7305	1
20028.9746	1
20036.2188	1
20043.4629	1
20050.7070	1
20057.9512	1
20065.1973	-1
20072.4434	-1
20079.6895	-1
20086.9355	-1
20094.1816	-1
20101.4277	-1
20108.6738	-1
20115.9199	-1
20123.1660	-1
20130.4121	-1
20137.6582	-1
20144.9043	-1
20152.1504	-1
20159.3965	-1
20166.6426	-1
20173.8887	-1
20181.1348	-1
20188.3809	-1
20195.6270	-1
20202.8730	-1
20210.1191	-1
20217.3652	-1
20224.6113	-1
20231.8574	-1
20239.1055	-1
20246.3535	-1
20253.6016	-1
20260.8496	-1
20268.0977	-1
20275.3457	-1
20282.5938	-1
20289.8418	-1
20297.0898	-1
20304.3379	-1
20311.5859	-1
20318.8340	-1
20326.0820	-1
20333.3301	-1
20340.5781	-1
20347.8262	-1
20355.0742	-1
20362.3223	-1
20369.5703	-1
20376.8184	-1
20384.0664	-1
20391.3145	-1
20398.5625	-1
20405.8105	-1
20413.0605	1
20420.3105	1
20427.5605	1
20434.8105	1
20442.0605	1
20449.3105	1
20456.5605	1
20463.8105	1
20471.0605	-1
20478.3105	-1
20485.5605	-1
20492.8105	-1
20500.0605	-1
20507.3105	-1
20514.5605	-1
20521.8105	-1
20529.0605	-1
20536.3105	-1
20543.5605	-1
20550.8105	-1
20558.0605	-1
20565.3105	-1
20572.5605	-1
20579.8105	-1
20587.0605	-1
20594.3105	-1
20601.5605	-1
20608.8105	-1
20616.0605	-1
20623.3105	-1
20630.5605	-1
20637.8105	-1
20645.0625	-1
20652.3145	-1
20659.5664	-1
20666.8184	-1
20674.0703	-1
20681.3223	-1
20688.5742	-1
20695.8262	-1
20703.0781	-1
20710.3301	-1
20717.5820	-1
20724.8340	-1
20732.0859	-1
20739.3379	-1
20746.5898	-1
20753.8418	-1
20761.0938	-1
20768.3457	-1
20775.5977	-1
20782.8496	-1
20790.1016	-1
20797.3535	-1
20804.6055	-1
20811.8574	-1
20819.1094	-1
20826.3613	-1
20833.6133	-1
20840.8652	-1
20848.1172	-1
20855.3691	-1
20862.6250	-1
20869.8809	-1
20877.1367	-1
20884.3926	-1
20891.6484	-1
20898.9043	-1
20906.1602	-1
20913.4160	-1
20920.6719	-1
20927.9277	-1
20935.1836	-1
20942.4395	-1
20949.6953	-1
20956.9512	-1
20964.2070	-1
20971.4629	-1
20978.7188	-1
20985.9746	-1
20993.2305	-1
21000.4863	-1
21007.7422	-1
21014.9980	-1
21022.2539	-1
21029.5098	-1
21036.7656	-1
21044.0215	-1
21051.2773	-1
21058.5332	-1
21065.7891	-1
21073.0449	-1
21080.3008	-1
21087.5566	-1
21094.8125	-1
21102.0684	-1
21109.3242	-1
21116.5801	-1
21123.8359	-1
21131.0918	-1
21138.3477	-1
21145.6035	-1
21152.8594	-1
21160.1152	-1
21167.3730	-1
21174.6309	-1
21181.8887	-1
21189.1465	-1
21196.4043	-1
21203.6621	-1
21210.9199	-1
21218.1777	-1
21225.4355	-1
21232.6934	-1
21239.9512	-1
21247.2090	-1
21254.4668	-1
21261.7246	-1
21268.9824	-1
21276.2402	-1
21283.4980	-1
21290.7559	-1
21298.0137	-1
21305.2715	-1
21312.5293	-1
21319.7871	-1
21327.0449	-1
21334.3027	-1
21341.5605	-1
21348.8184	-1
21356.0762	-1
21363.3340	-1
21370.5918	-1
21377.8496	-1
21385.1074	-1
21392.3652	-1
21399.6230	-1
21406.8809	-1
21414.1387	-1
21421.3965	-1
21428.6543	-1
21435.9121	-1
21443.1699	-1
21450.4277	-1
21457.6855	-1
21464.9434	-1
21472.2031	-1
21479.4629	-1
21486.7227	-1
21493.9824	-1
21501.2422	-1
21508.5020	-1
21515.7617	-1
21523.0215	-1
21530.2812	-1
21537.5410	-1
21544.8008	-1
21552.0605	-1
21559.3203	-1
21566.5801	-1
21573.8398	-1
21581.0996	-1
21588.3594	-1
21595.6191	-1
21602.8789	-1
21610.1387	-1
21617.3984	-1
21624.6582	-1
21631.9180	-1
21639.1777	-1
21646.4395	-1
21653.7012	-1
21660.9629	-1
21668.2363	1
21675.5117	-1
21682.7871	1
21690.0645	1
21697.3418	-1
21704.6191	-1
21711.8965	-1
21719.1738	-1
21726.4512	-1
21733.7285	-1
21741.0059	-1
21748.2832	-1
21755.5605	-1
21762.8379	-1
21770.1152	-1
21777.3926	-1
21784.6699	1
21791.9473	1
21799.2246	1
21806.5020	1
21813.7812	-1
21821.0605	-1
21828.3398	-1
21835.6191	-1
21842.8984	-1
21850.1777	-1
21857.4570	-1
21864.7363	-1
21872.0156	-1
21879.2949	-1
21886.5742	-1
21893.8535	-1
21901.1328	-1
21908.4121	-1
21915.6914	-1
21922.9707	-1
21930.2500	-1
21937.5293	-1
21944.8105	-1
21952.0918	-1
21959.3730	-1
21966.6543	-1
21973.9355	-1
21981.2168	-1
21988.4980	1
21995.7793	1
22003.0605	1
22010.3418	1
22017.6230	1
22024.9043	1
22032.1855	1
22039.4668	1
22046.7500	-1
22054.0332	-1
22061.3164	-1
22068.5996	-1
22075.8828	-1
22083.1660	-1
22090.4492	-1
22097.7324	-1
22105.0156	-1
22112.2988	-1
22119.5820	-1
22126.8652	-1
22134.1484	1
22141.4316	1
22148.7148	1
22155.9980	1
22163.2832	-1
22170.5684	-1
22177.8535	-1
22185.1387	-1
22192.4238	-1
22199.7090	-1
22206.9941	-1
22214.2793	-1
22221.5645	-1
22228.8496	-1
22236.1348	-1
22243.4199	-1
22250.7051	-1
22257.9902	-1
22265.2754	-1
22272.5605	-1
22279.8457	-1
22287.1309	-1
22294.4160	-1
22301.7012	-1
22308.9863	-1
22316.2715	-1
22323.5566	-1
22330.8418	-1
22338.1270	-1
22345.4121	-1
22352.6973	-1
22359.9824	-1
22367.2676	-1
22374.5527	-1
22381.8379	1
22389.1230	1
22396.4102	1
22403.6973	-1
22410.9844	-1
22418.2715	-1
22425.5586	-1
22432.8457	-1
22440.1328	-1
22447.4199	1
22454.7070	1
22461.9941	1
22469.2812	1
22476.5684	1
22483.8574	-1
22491.1465	-1
22498.4355	-1
22505.7246	-1
22513.0137	-1
22520.3027	-1
22527.5918	-1
22534.8809	-1
22542.1699	-1
22549.4590	-1
22556.7480	-1
22564.0371	-1
22571.3262	-1
22578.6152	-1
22585.9043	-1
22593.1934	-1
22600.4824	-1
22607.7715	-1
22615.0605	-1
22622.3496	-1
22629.6387	-1
22636.9277	-1
22644.2168	-1
22651.5059	-1
22658.7949	-1
22666.0840	-1
22673.3730	-1
22680.6621	-1
22687.9512	-1
22695.2402	-1
22702.5293	-1
22709.8184	-1
22717.1074	-1
22724.3965	-1
22731.6855	-1
22738.9746	-1
22746.2637	-1
22753.5527	-1
22760.8418	-1
22768.1309	-1
22775.4199	-1
22782.7090	-1
22789.9980	1
22797.2871	-1
22804.5762	-1
22811.8652	-1
22819.1543	-1
22826.4434	-1
22833.7324	-1
22841.0215	1
22848.3105	1
22855.6016	1
22862.8926	1
22870.1836	1
22877.4746	1
22884.7656	1
22892.0566	1
22899.3477	1
22906.6387	1
22913.9297	1
22921.2207	1
22928.5117	1
22935.8027	1
22943.0938	1
22950.3848	1
22957.6758	1
22964.9668	1
22972.2578	1
22979.5508	-1
22986.8438	-1
22994.1367	-1
23001.4297	-1
23008.7227	-1
23016.0156	-1
23023.3086	-1
23030.6016	-1
23037.8945	-1
23045.1875	-1
23052.4805	-1
23059.7734	-1
23067.0664	-1
23074.3594	-1
23081.6523	-1
23088.9453	-1
23096.2383	-1
23103.5312	-1
23110.8242	-1
23118.1172	-1
23125.4102	-1
23132.7031	-1
23139.9961	-1
23147.2891	-1
23154.5859	1
23161.8828	1
23169.1797	1
23176.4766	1
23183.7734	1
23191.0703	1
23198.3672	1
23205.6641	1
23212.9609	-1
23220.2578	-1
23227.5547	-1
23234.8516	-1
23242.1484	-1
23249.4453	-1
23256.7422	-1
23264.0391	-1
23271.3359	-1
23278.6328	-1
23285.9297	-1
23293.2266	-1
23300.5234	-1
23307.8203	-1
23315.1172	-1
23322.4141	-1
23329.7109	-1
23337.0078	-1
23344.3047	-1
23351.6016	-1
23358.8984	-1
23366.1953	-1
23373.4922	-1
23380.7891	-1
23388.0879	-1
23395.3867	-1
23402.6855	-1
23409.9844	-1
23417.2832	-1
23424.5820	-1
23431.8809	-1
23439.1797	-1
23446.4785	-1
23453.7773	-1
23461.0762	-1
23468.3750	-1
23475.6738	1
23482.9727	1
23490.2754	-1
23497.5781	-1
23504.8809	-1
23512.1836	-1
23519.4863	-1
23526.7891	-1
23534.0918	-1
23541.3945	-1
23548.6973	-1
23556.0000	-1
23563.3027	-1
23570.6055	-1
23577.9082	-1
23585.2109	-1
23592.5137	-1
23599.8164	-1
23607.1191	-1
23614.4219	-1
23621.7246	-1
23629.0273	-1
23636.3301	-1
23643.6328	-1
23650.9355	-1
23658.2383	-1
23665.5410	-1
23672.8438	-1
23680.1465	-1
23687.4492	-1
23694.7520	-1
23702.0547	-1
23709.3574	-1
23716.6602	-1
23723.9629	-1
23731.2656	-1
23738.5684	-1
23745.8711	-1
23753.1738	-1
23760.4766	-1
23767.7793	-1
23775.0820	-1
23782.3848	-1
23789.6875	-1
23796.9902	-1
23804.2930	-1
23811.5957	-1
23818.8984	-1
23826.2012	-1
23833.5039	-1
23840.8066	-1
23848.1094	-1
23855.4121	-1
23862.7148	-1
23870.0176	-1
23877.3203	-1
23884.6230	-1
23891.9258	-1
23899.2285	-1
23906.5312	-1
23913.8340	-1
23921.1367	-1
23928.4414	-1
23935.7461	-1
23943.0508	-1
23950.3555	-1
23957.6602	-1
23964.9648	-1
23972.2695	-1
23979.5742	-1
23986.8789	-1
23994.1836	-1
24001.4883	-1
24008.7930	-1
24016.0977	-1
24023.4023	-1
24030.7070	-1
24038.0117	-1
24045.3164	-1
24052.6211	-1
24059.9258	-1
24067.2305	-1
24074.5352	-1
24081.8398	-1
24089.1445	-1
24096.4492	-1
24103.7559	-1
24111.0625	-1
24118.3691	-1
24125.6758	-1
24132.9824	-1
24140.2891	-1
24147.5957	-1
24154.9023	-1
24162.2090	-1
24169.5156	-1
24176.8223	-1
24184.1289	-1
24191.4355	-1
24198.7422	-1
24206.0488	-1
24213.3555	-1
24220.6621	-1
24227.9688	-1
24235.2754	-1
24242.5820	-1
24249.8887	-1
24257.1953	-1
24264.5020	-1
24271.8086	-1
24279.1172	-1
24286.4258	-1
24293.7344	-1
24301.0430	-1
24308.3516	-1
24315.6602	-1
24322.9688	-1
24330.2773	-1
24337.5859	-1
24344.8945	-1
24352.2031	-1
24359.5117	-1
24366.8203	-1
24374.1289	-1
24381.4375	-1
24388.7461	-1
24396.0547	-1
24403.3633	-1
24410.6719	-1
24417.9805	-1
24425.2891	-1
24432.5977	-1
24439.9062	-1
24447.2148	-1
24454.5234	-1
24461.8320	-1
24469.1406	-1
24476.6406	1
24484.1406	-1
24491.6406	-1
24499.1406	-1
24506.6406	-1
24514.1406	-1
24521.6406	-1
24529.1543	1
24536.6699	-1
24544.1855	1
24551.7012	1
24559.2168	-1
24566.7344	-1
24574.2520	-1
24581.7695	-1
24589.2871	-1
24596.8047	-1
24604.3223	-1
24611.8398	-1
24619.3574	-1
24626.8750	-1
24634.3926	-1
24641.9102	-1
24649.4277	1
24656.9453	1
24664.4629	1
24671.9805	1
24679.5000	-1
24687.0195	-1
24694.5391	-1
24702.0586	-1
24709.5781	-1
24717.0977	-1
24724.6172	-1
24732.1367	-1
24739.6562	-1
24747.1758	-1
24754.6953	-1
24762.2148	-1
24769.7344	-1
24777.2539	-1
24784.7734	-1
24792.2930	-1
24799.8125	-1
24807.3320	-1
24814.8516	-1
24822.3711	-1
24829.8906	-1
24837.4102	-1
24844.9297	-1
24852.4492	-1
24859.9688	1
24867.4883	1
24875.0078	1
24882.5273	1
24890.0469	1
24897.5664	1
24905.0859	1
24912.6055	1
24920.1289	-1
24927.6523	-1
24935.1758	-1
24942.6992	-1
24950.2227	-1
24957.7461	-1
24965.2695	-1
24972.7930	-1
24980.3164	-1
24987.8398	-1
24995.3633	-1
25002.8867	-1
25010.4102	-1
25017.9336	-1
25025.4570	-1
25032.9805	-1
25040.5039	-1
25048.0273	-1
25055.5508	-1
25063.0742	-1
25070.5977	-1
25078.1211	-1
25085.6445	-1
25093.1680	-1
25100.6914	-1
25108.2148	-1
25115.7383	-1
25123.2617	-1
25130.7852	-1
25138.3086	-1
25145.8320	-1
25153.3555	-1
25160.8789	-1
25168.4023	-1
25175.9258	-1
25183.4492	-1
25190.9727	-1
25198.4961	-1
25206.0195	-1
25213.5430	-1
25221.0664	-1
25228.5898	-1
25236.1133	-1
25243.6367	-1
25251.1602	-1
25258.6836	-1
25266.2070	-1
25273.7305	-1
25281.2559	1
25288.7812	1
25296.3066	1
25303.8320	1
25311.3574	1
25318.8828	1
25326.4082	1
25333.9336	1
25341.4590	1
25348.9844	1
25356.5098	1
25364.0352	1
25371.5605	1
25379.0859	1
25386.6113	1
25394.1367	1
25401.6660	-1
25409.1953	-1
25416.7246	-1
25424.2559	-1
25431.7871	-1
25439.3184	-1
25446.8496	-1
25454.3809	-1
25461.9121	-1
25469.4434	-1
25476.9746	-1
25484.5059	-1
25492.0371	-1
25499.5684	-1
25507.0996	-1
25514.6309	-1
25522.1621	-1
25529.6934	-1
25537.2246	-1
25544.7559	-1
25552.2871	-1
25559.8184	-1
25567.3496	-1
25574.8809	-1
25582.4121	-1
25589.9434	-1
25597.4746	-1
25605.0059	-1
25612.5371	-1
25620.0684	-1
25627.5996	-1
25635.1309	-1
25642.6621	-1
25650.1934	-1
25657.7246	-1
25665.2559	-1
25672.7871	-1
25680.3184	-1
25687.8496	-1
25695.3809	-1
25702.9121	-1
25710.4434	-1
25717.9746	-1
25725.5059	-1
25733.0371	-1
25740.5684	-1
25748.0996	-1
25755.6309	-1
25763.1621	-1
25770.6934	-1
25778.2246	-1
25785.7559	-1
25793.2871	-1
25800.8184	-1
25808.3496	-1
25815.8809	-1
25823.4121	-1
25830.9434	-1
25838.4746	-1
25846.0059	-1
25853.5391	1
25861.0723	1
25868.6055	1
25876.1387	1
25883.6719	1
25891.2051	1
25898.7383	1
25906.2715	1
25913.8047	1
25921.3379	1
25928.8730	1
25936.4082	1
25943.9434	1
25951.4785	1
25959.0137	1
25966.5488	1
25974.0840	1
25981.6191	1
25989.1543	1
25996.6895	1
26004.2246	-1
26011.7598	-1
26019.2949	-1
26026.8301	-1
26034.3652	-1
26041.9004	-1
26049.4355	-1
26056.9707	-1
26064.5059	-1
26072.0410	-1
26079.5762	-1
26087.1113	-1
26094.6465	-1
26102.1816	-1
26109.7168	-1
26117.2520	-1
26124.7871	-1
26132.3223	-1
26139.8574	-1
26147.3926	-1
26154.9277	-1
26162.4629	-1
26169.9980	-1
26177.5332	-1
26185.0684	-1
26192.6035	-1
26200.1387	-1
26207.6738	-1
26215.2090	-1
26222.7441	-1
26230.2812	-1
26237.8184	-1
26245.3555	-1
26252.8926	-1
26260.4297	-1
26267.9668	-1
26275.5059	1
26283.0449	1
26290.5840	1
26298.1230	1
26305.6621	1
26313.2012	1
26320.7402	1
26328.2793	1
26335.8184	1
26343.3574	1
26350.8965	1
26358.4355	1
26365.9785	-1
26373.5215	-1
26381.0645	-1
26388.6074	-1
26396.1504	-1
26403.6934	-1
26411.2363	-1
26418.7793	-1
26426.3223	-1
26433.8652	-1
26441.4082	-1
26448.9512	-1
26456.4941	-1
26464.0371	-1
26471.5801	-1
26479.1230	-1
26486.6660	-1
26494.2090	-1
26501.7520	-1
26509.2949	-1
26516.8379	-1
26524.3809	-1
26531.9238	-1
26539.4668	-1
26547.0098	-1
26554.5527	-1
26562.0957	-1
26569.6387	-1
26577.1816	-1
26584.7246	-1
26592.2676	-1
26599.8105	-1
26607.3535	-1
26614.8965	-1
26622.4395	-1
26629.9824	-1
26637.5254	-1
26645.0684	-1
26652.6113	-1
26660.1543	-1
26667.6973	-1
26675.2402	-1
26682.7832	-1
26690.3262	-1
26697.8691	-1
26705.4121	-1
26712.9551	-1
26720.4980	-1
26728.0410	-1
26735.5840	-1
26743.1270	-1
26750.6699	-1
26758.2129	-1
26765.7559	-1
26773.3008	1
26780.8457	1
26788.3906	1
26795.9355	1
26803.4805	1
26811.0254	1
26818.5703	1
26826.1172	1
26833.6641	1
26841.2109	-1
26848.7578	-1
26856.3047	-1
26863.8516	-1
26871.3984	-1
26878.9453	-1
26886.4922	-1
26894.0391	-1
26901.5859	-1
26909.1328	-1
26916.6797	-1
26924.2266	-1
26931.7734	-1
26939.3203	-1
26946.8672	-1
26954.4141	-1
26961.9609	-1
26969.5078	-1
26977.0547	-1
26984.6016	-1
26992.1484	-1
26999.6953	-1
27007.2422	-1
27014.7891	-1
27022.3359	-1
27029.8828	-1
27037.4297	-1
27044.9766	-1
27052.5234	-1
27060.0703	-1
27067.6172	-1
27075.1641	-1
27082.7109	-1
27090.2578	-1
27097.8047	-1
27105.3516	-1
27112.9023	-1
27120.4531	-1
27128.0039	-1
27135.5547	-1
27143.1055	-1
27150.6562	-1
27158.2070	-1
27165.7578	-1
27173.3086	-1
27180.8594	-1
27188.4102	-1
27195.9609	-1
27203.5117	-1
27211.0625	-1
27218.6133	-1
27226.1641	-1
27233.7148	-1
27241.2656	-1
27248.8164	-1
27256.3672	-1
27263.9180	-1
27271.4688	-1
27279.0195	-1
27286.5703	-1
27294.1230	-1
27301.6758	-1
27309.2285	-1
27316.7812	-1
27324.3340	-1
27331.8867	-1
27339.4395	-1
27346.9922	-1
27354.5449	-1
27362.0977	-1
27369.6504	-1
27377.2031	-1
27384.7559	-1
27392.3086	-1
27399.8613	-1
27407.4141	-1
27414.9668	-1
27422.5195	-1
27430.0723	-1
27437.6250	-1
27445.1777	-1
27452.7305	-1
27460.2832	-1
27467.8359	-1
27475.3887	-1
27482.9414	-1
27490.4941	-1
27498.0469	-1
27505.5996	-1
27513.1523	-1
27520.7051	-1
27528.2578	-1
27535.8105	-1
27543.3633	-1
27550.9160	-1
27558.4688	-1
27566.0215	-1
27573.5742	-1
27581.1270	-1
27588.6797	-1
27596.2324	-1
27603.7852	-1
27611.3379	-1
27618.8906	-1
27626.4434	-1
27633.9961	-1
27641.5488	-1
27649.1016	-1
27656.6562	-1
27664.2109	-1
27671.7656	-1
27679.3203	-1
27686.8750	-1
27694.4297	-1
27701.9844	-1
27709.5391	-1
27717.0938	-1
27724.6484	-1
27732.2031	-1
27739.7578	-1
27747.3125	-1
27754.8691	-1
27762.4258	-1
27769.9824	-1
27777.5391	-1
27785.0957	-1
27792.6523	-1
27800.2090	-1
27807.7656	-1
27815.3223	-1
27822.8789	-1
27830.4355	-1
27837.9922	-1
27845.5488	-1
27853.1055	-1
27860.6621	-1
27868.2188	-1
27875.7754	-1
27883.3320	-1
27890.8887	-1
27898.4453	-1
27906.0020	-1
27913.5586	-1
27921.1152	-1
27928.6719	-1
27936.2285	-1
27943.7852	-1
27951.3418	-1
27958.8984	-1
27966.4551	-1
27974.0117	-1
27981.5684	-1
27989.1250	-1
27996.6816	-1
28004.2383	-1
28011.7949	-1
28019.3516	-1
28026.9082	-1
28034.4648	-1
28042.0215	-1
28049.5781	-1
28057.1348	-1
28064.6914	-1
28072.2480	-1
28079.8047	-1
28087.3613	-1
28094.9180	-1
28102.4746	-1
28110.0312	-1
28117.5879	-1
28125.1445	-1
28132.7012	-1
28140.2578	-1
28147.8145	-1
28155.3711	-1
28162.9277	-1
28170.4844	-1
28178.0410	-1
28185.5977	-1
28193.1543	-1
28200.7129	-1
28208.2715	-1
28215.8301	-1
28223.3887	-1
28230.9473	-1
28238.5059	-1
28246.0645	-1
28253.6367	1
28261.2109	-1
28268.7852	1
28276.3594	1
28283.9336	-1
28291.5078	-1
28299.0820	-1
28306.6562	-1
28314.2305	-1
28321.8047	-1
28329.3789	-1
28336.9531	-1
28344.5273	-1
28352.1016	-1
28359.6758	-1
28367.2500	-1
28374.8262	1
28382.4023	1
28389.9785	1
28397.5547	1
28405.1309	-1
28412.7070	-1
28420.2832	-1
28427.8594	-1
28435.4355	-1
28443.0117	-1
28450.5879	-1
28458.1641	-1
28465.7402	-1
28473.3164	-1
28480.8926	-1
28488.4688	-1
28496.0449	-1
28503.6211	-1
28511.1973	-1
28518.7734	-1
28526.3496	-1
28533.9258	-1
28541.5020	-1
28549.0781	-1
28556.6543	-1
28564.2305	-1
28571.8066	-1
28579.3965	1
28586.9883	-1
28594.5801	1
28602.1719	1
28609.7656	-1
28617.3594	-1
28624.9531	-1
28632.5469	-1
28640.1406	-1
28647.7344	-1
28655.3281	-1
28662.9219	-1
28670.5156	-1
28678.1094	-1
28685.7031	-1
28693.2969	-1
28700.8906	1
28708.4844	1
28716.0781	1
28723.6719	1
28731.2676	-1
28738.8633	-1
28746.4590	-1
28754.0547	-1
28761.6504	-1
28769.2461	-1
28776.8418	-1
28784.4375	-1
28792.0332	-1
28799.6289	-1
28807.2246	1
28814.8203	-1
28822.4160	-1
28830.0117	-1
28837.6074	-1
28845.2031	-1
28852.7988	-1
28860.3945	-1
28867.9902	-1
28875.5859	-1
28883.1816	-1
28890.7773	-1
28898.3730	-1
28905.9688	-1
28913.5645	-1
28921.1602	1
28928.7578	1
28936.3555	1
28943.9531	1
28951.5508	1
28959.1484	1
28966.7461	1
28974.3438	-1
28981.9414	-1
28989.5391	-1
28997.1367	-1
29004.7344	-1
29012.3320	-1
29019.9316	-1
29027.5312	-1
29035.1309	-1
29042.7305	-1
29050.3301	-1
29057.9297	-1
29065.5293	-1
29073.1289	-1
29080.7285	-1
29088.3281	-1
29095.9277	-1
29103.5273	-1
29111.1270	-1
29118.7266	-1
29126.3262	-1
29133.9258	-1
29141.5254	-1
29149.1250	-1
29156.7246	-1
29164.3242	-1
29171.9238	-1
29179.5234	-1
29187.1230	-1
29194.7227	-1
29202.3242	-1
29209.9258	-1
29217.5273	-1
29225.1289	-1
29232.7305	-1
29240.3320	-1
29247.9336	-1
29255.5352	-1
29263.1367	-1
29270.7383	-1
29278.3398	-1
29285.9414	-1
29293.5430	-1
29301.1445	-1
29308.7461	-1
29316.3594	1
29323.9746	-1
29331.5898	1
29339.2070	1
29346.8242	-1
29354.4414	-1
29362.0586	-1
29369.6758	-1
29377.2930	-1
29384.9102	-1
29392.5273	-1
29400.1445	-1
29407.7617	-1
29415.3789	-1
29422.9961	-1
29430.6133	-1
29438.2305	1
29445.8477	1
29453.4648	1
29461.0840	1
29468.7031	-1
29476.3223	-1
29483.9414	-1
29491.5605	-1
29499.1797	-1
29506.7988	-1
29514.4180	-1
29522.0371	-1
29529.6562	-1
29537.2754	-1
29544.8945	-1
29552.5137	-1
29560.1328	-1
29567.7520	-1
29575.3711	-1
29582.9902	-1
29590.6094	-1
29598.2285	-1
29605.8477	-1
29613.4668	-1
29621.0859	-1
29628.7051	-1
29636.3242	-1
29643.9434	-1
29651.5645	1
29659.1855	1
29666.8066	1
29674.4277	1
29682.0488	1
29689.6699	1
29697.2910	1
29704.9121	1
29712.5352	-1
29720.1582	-1
29727.7812	-1
29735.4043	-1
29743.0273	-1
29750.6504	-1
29758.2734	-1
29765.8965	-1
29773.5195	-1
29781.1426	-1
29788.7656	-1
29796.3887	-1
29804.0117	1
29811.6348	1
29819.2578	1
29826.8809	1
29834.5059	-1
29842.1309	-1
29849.7559	-1
29857.3809	-1
29865.0059	-1
29872.6309	-1
29880.2559	-1
29887.8809	-1
29895.5059	-1
29903.1309	-1
29910.7559	-1
29918.3809	-1
29926.0059	-1
29933.6309	-1
29941.2559	-1
29948.8809	-1
29956.5059	-1
29964.1309	-1
29971.7559	-1
29979.3809	-1
29987.0059	-1
29994.6309	-1
30002.2559	-1
30009.8809	-1
30017.5059	-1
30025.1309	-1
30032.7559	-1
30040.3809	-1
30048.0059	-1
30055.6309	-1
30063.2559	-1
30070.8809	-1
30078.5059	-1
30086.1309	-1
30093.7559	-1
30101.3809	-1
30109.0059	1
30116.6309	1
30124.2559	1
30131.8809	1
30139.5059	1
30147.1309	1
30154.7578	1
30162.3848	1
30170.0117	1
30177.6387	1
30185.2656	1
30192.8926	1
30200.5195	-1
30208.1465	-1
30215.7734	-1
30223.4004	-1
30231.0273	-1
30238.6543	-1
30246.2812	-1
30253.9082	-1
30261.5352	-1
30269.1621	-1
30276.7891	-1
30284.4160	-1
30292.0430	-1
30299.6699	-1
30307.2969	-1
30314.9238	-1
30322.5508	-1
30330.1777	-1
30337.8066	1
30345.4355	1
30353.0645	1
30360.6934	1
30368.3223	1
30375.9512	1
30383.5820	-1
30391.2129	-1
30398.8438	-1
30406.4746	-1
30414.1055	-1
30421.7363	-1
30429.3672	-1
30436.9980	-1
30444.6289	-1
30452.2598	-1
30459.8906	-1
30467.5215	-1
30475.1523	1
30482.7832	1
30490.4141	1
30498.0449	1
30505.6777	-1
30513.3105	-1
30520.9434	-1
30528.5762	-1
30536.2090	-1
30543.8418	-1
30551.4746	-1
30559.1074	-1
30566.7402	-1
30574.3730	-1
30582.0059	-1
30589.6387	-1
30597.2715	-1
30604.9043	-1
30612.5371	-1
30620.1699	-1
30627.8027	-1
30635.4355	-1
30643.0684	-1
30650.7012	-1
30658.3340	-1
30665.9668	-1
30673.5996	-1
30681.2324	-1
30688.8652	1
30696.5000	1
30704.1348	-1
30711.7695	-1
30719.4043	-1
30727.0391	-1
30734.6738	-1
30742.3086	-1
30749.9434	-1
30757.5781	-1
30765.2129	-1
30772.8477	-1
30780.4824	-1
30788.1172	-1
30795.7520	-1
30803.3867	-1
30811.0215	-1
30818.6562	-1
30826.2910	-1
30833.9258	-1
30841.5605	-1
30849.1953	-1
30856.8301	-1
30864.4648	-1
30872.0996	-1
30879.7344	-1
30887.3691	-1
30895.0039	-1
30902.6387	-1
30910.2734	-1
30917.9082	-1
30925.5430	-1
30933.1797	-1
30940.8164	-1
30948.4531	-1
30956.0898	-1
30963.7266	-1
30971.3633	-1
30979.0000	1
30986.6367	1
30994.2734	1
31001.9102	1
31009.5469	1
31017.1836	1
31024.8203	-1
31032.4570	-1
31040.0938	-1
31047.7305	-1
31055.3672	-1
31063.0039	-1
31070.6406	-1
31078.2773	-1
31085.9141	-1
31093.5508	-1
31101.1875	-1
31108.8242	-1
31116.4609	-1
31124.0977	-1
31131.7344	-1
31139.3711	-1
31147.0078	-1
31154.6445	-1
31162.2832	-1
31169.9219	-1
31177.5605	-1
31185.1992	-1
31192.8379	-1
31200.4766	-1
31208.1152	-1
31215.7539	-1
31223.3926	-1
31231.0312	-1
31238.6699	-1
31246.3086	-1
31253.9473	1
31261.5859	1
31269.2246	1
31276.8633	1
31284.5020	1
31292.1406	1
31299.7793	1
31307.4180	1
31315.0586	1
31322.7012	1
31330.3438	1
31337.9863	1
31345.6289	1
31353.2715	1
31360.9141	1
31368.5566	1
31376.1992	1
31383.8418	1
31391.4844	1
31399.1270	1
31406.7695	1
31414.4121	1
31422.0547	-1
31429.6973	-1
31437.3398	-1
31444.9824	-1
31452.6250	-1
31460.2676	-1
31467.9102	-1
31475.5527	-1
31483.1953	-1
31490.8379	-1
31498.4805	-1
31506.1230	-1
31513.7656	-1
31521.4082	-1
31529.0508	-1
31536.6934	-1
31544.3359	-1
31551.9785	-1
31559.6211	-1
31567.2637	-1
31574.9062	-1
31582.5488	-1
31590.1914	-1
31597.8340	-1
31605.4766	-1
31613.1191	-1
31620.7617	-1
31628.4043	-1
31636.0469	-1
31643.6895	-1
31651.3320	-1
31658.9746	-1
31666.6172	-1
31674.2598	-1
31681.9023	-1
31689.5449	-1
31697.1895	-1
31704.8340	-1
31712.4785	-1
31720.1230	-1
31727.7676	-1
31735.4121	-1
31743.0566	-1
31750.7012	-1
31758.3457	-1
31765.9902	-1
31773.6348	-1
31781.2793	-1
31788.9258	1
31796.5723	1
31804.2188	1
31811.8652	1
31819.5117	1
31827.1582	1
31834.8047	1
31842.4531	-1
31850.1016	-1
31857.7500	-1
31865.3984	-1
31873.0469	-1
31880.6953	-1
31888.3438	-1
31895.9922	-1
31903.6406	-1
31911.2891	-1
31918.9375	-1
31926.5859	-1
31934.2344	-1
31941.8828	-1
31949.5312	-1
31957.1816	-1
31964.8320	-1
31972.4824	-1
31980.1328	-1
31987.7832	-1
31995.4336	-1
32003.0840	-1
32010.7344	-1
32018.3848	-1
32026.0352	-1
32033.6855	-1
32041.3359	-1
32048.9863	-1
32056.6367	-1
32064.2871	-1
32071.9375	-1
32079.5879	-1
32087.2383	-1
32094.8887	-1
32102.5391	-1
32110.1895	-1
32117.8398	-1
32125.4902	-1
32133.1406	-1
32140.7910	-1
32148.4414	-1
32156.0918	-1
32163.7422	-1
32171.3926	-1
32179.0430	-1
32186.6934	-1
32194.3438	-1
32201.9941	-1
32209.6445	-1
32217.2949	-1
32224.9453	-1
32232.5957	-1
32240.2461	-1
32247.8965	-1
32255.5469	-1
32263.1973	-1
32270.8477	-1
32278.4980	-1
32286.1484	-1
32293.7988	-1
32301.4512	-1
32309.1035	-1
32316.7559	-1
32324.4082	-1
32332.0605	-1
32339.7129	-1
32347.3652	-1
32355.0176	-1
32362.6699	-1
32370.3223	-1
32377.9746	-1
32385.6270	-1
32393.2793	-1
32400.9316	-1
32408.5840	-1
32416.2363	-1
32423.8887	-1
32431.5410	-1
32439.1934	-1
32446.8457	-1
32454.4980	-1
32462.1504	-1
32469.8027	-1
32477.4551	-1
32485.1094	-1
32492.7637	-1
32500.4180	-1
32508.0723	-1
32515.7266	-1
32523.3809	-1
32531.0371	-1
32538.6934	-1
32546.3496	-1
32554.0059	-1
32561.6621	-1
32569.3184	-1
32576.9746	-1
32584.6309	-1
32592.2871	-1
32599.9434	-1
32607.5996	-1
32615.2559	-1
32622.9121	-1
32630.5684	-1
32638.2246	-1
32645.8809	-1
32653.5371	-1
32661.1934	-1
32668.8496	-1
32676.5059	-1
32684.1621	-1
32691.8184	-1
32699.4746	-1
32707.1309	-1
32714.7871	-1
32722.4434	-1
32730.0996	-1
32737.7559	-1
32745.4121	-1
32753.0684	-1
32760.7246	-1
32768.3789	-1
32776.0352	-1
32783.6914	-1
32791.3477	-1
32799.0039	-1
32806.6602	-1
32814.3164	-1
32821.9727	-1
32829.6289	-1
32837.2852	-1
32844.9414	-1
32852.5977	-1
32860.2539	-1
32867.9102	-1
32875.5664	-1
32883.2227	-1
32890.8789	-1
32898.5391	-1
32906.1992	-1
32913.8594	-1
32921.5195	-1
32929.1797	-1
32936.8398	-1
32944.5000	-1
32952.1602	-1
32959.8203	-1
32967.4805	-1
32975.1406	-1
32982.8008	-1
32990.4609	-1
32998.1211	-1
33005.7812	-1
33013.4414	-1
33021.1016	-1
33028.7617	-1
33036.4219	-1
33044.0820	-1
33051.7422	-1
33059.4023	-1
33067.0625	-1
33074.7227	-1
33082.3828	-1
33090.0430	-1
33097.7031	-1
33105.3633	-1
33113.0234	-1
33120.6836	-1
33128.3438	-1
33136.0039	-1
33143.6641	-1
33151.3242	-1
33158.9844	-1
33166.6445	-1
33174.3047	-1
33181.9648	-1
33189.6250	-1
33197.2852	-1
33204.9453	-1
33212.6055	-1
33220.2656	-1
33227.9258	-1
33235.5859	-1
33243.2461	-1
33250.9062	-1
33258.5664	-1
33266.2266	-1
33273.8867	-1
33281.5469	-1
33289.2070	-1
33296.8672	-1
33304.5273	-1
33312.1875	-1
33319.8477	-1
33327.5078	-1
33335.1680	-1
33342.8281	-1
33350.4883	-1
33358.1484	-1
33365.8086	-1
33373.4688	-1
33381.1289	-1
33388.7891	-1
33396.4492	-1
33404.1094	-1
33411.7695	-1
33419.4297	-1
33427.0898	-1
33434.7500	-1
33442.4102	-1
33450.0859	1
33457.7617	-1
33465.4375	1
33473.1133	1
33480.7891	-1
33488.4648	-1
33496.1406	-1
33503.8164	-1
33511.4922	-1
33519.1680	-1
33526.8438	-1
33534.5195	-1
33542.1953	-1
33549.8711	-1
33557.5625	1
33565.2539	-1
33572.9453	1
33580.6367	1
33588.3281	-1
33596.0195	-1
33603.7109	-1
33611.4023	-1
33619.0938	-1
33626.7852	-1
33634.4766	-1
33642.1680	-1
33649.8594	-1
33657.5508	-1
33665.2578	1
33672.9648	-1
33680.6719	1
33688.3789	1
33696.0859	-1
33703.7930	-1
33711.5000	-1
33719.2070	-1
33726.9141	-1
33734.6211	-1
33742.3320	-1
33750.0430	-1
33757.7539	-1
33765.4648	-1
33773.1758	-1
33780.8867	-1
33788.5977	1
33796.3086	1
33804.0195	1
33811.7305	1
33819.4414	-1
33827.1523	-1
33834.8633	-1
33842.5742	-1
33850.2852	-1
33857.9961	-1
33865.7070	-1
33873.4180	-1
33881.1289	-1
33888.8398	-1
33896.5508	-1
33904.2617	-1
33911.9727	-1
33919.6836	-1
33927.3945	-1
33935.1055	-1
33942.8164	-1
33950.5273	-1
33958.2383	-1
33965.9492	-1
33973.6602	-1
33981.3711	-1
33989.0820	-1
33996.7930	-1
34004.5039	1
34012.2148	1
34019.9258	1
34027.6367	1
34035.3477	1
34043.0586	1
34050.7695	1
34058.4805	1
34066.1914	-1
34073.9023	-1
34081.6133	-1
34089.3242	-1
34097.0352	-1
34104.7461	-1
34112.4570	-1
34120.1680	-1
34127.8789	-1
34135.5898	-1
34143.3008	-1
34151.0117	-1
34158.7266	1
34166.4414	1
34174.1562	1
34181.8711	1
34189.5859	-1
34197.3008	-1
34205.0156	-1
34212.7305	-1
34220.4453	-1
34228.1602	-1
34235.8750	1
34243.5898	1
34251.3047	-1
34259.0195	-1
34266.7344	-1
34274.4492	-1
34282.1641	-1
34289.8789	-1
34297.5938	-1
34305.3086	-1
34313.0234	-1
34320.7383	-1
34328.4531	-1
34336.1680	-1
34343.8828	-1
34351.5977	-1
34359.3125	-1
34367.0273	-1
34374.7422	-1
34382.4570	-1
34390.1719	-1
34397.8867	-1
34405.6016	-1
34413.3164	-1
34421.0312	-1
34428.7461	-1
34436.4609	-1
34444.1758	-1
34451.8906	-1
34459.6055	-1
34467.3203	-1
34475.0352	-1
34482.7500	-1
34490.4648	-1
34498.1797	-1
34505.8945	-1
34513.6094	-1
34521.3242	-1
34529.0391	-1
34536.7539	-1
34544.4688	-1
34552.1836	-1
34559.8984	-1
34567.6133	-1
34575.3281	-1
34583.0430	-1
34590.7578	-1
34598.4727	-1
34606.1875	-1
34613.9023	-1
34621.6172	-1
34629.3320	-1
34637.0469	-1
34644.7617	-1
34652.4766	-1
34660.1914	-1
34667.9062	-1
34675.6211	-1
34683.3359	-1
34691.0508	-1
34698.7656	-1
34706.4805	-1
34714.1953	-1
34721.9102	-1
34729.6406	1
34737.3711	-1
34745.1016	1
34752.8320	1
34760.5664	-1
34768.3008	-1
34776.0352	-1
34783.7812	1
34791.5273	-1
34799.2773	1
34807.0273	1
34814.7773	-1
34822.5273	-1
34830.2773	-1
34838.0273	-1
34845.7773	-1
34853.5273	-1
34861.2773	-1
34869.0273	-1
34876.7773	-1
34884.5273	-1
34892.2773	-1
34900.0273	-1
34907.7773	1
34915.5273	1
34923.2773	1
34931.0273	1
34938.7773	-1
34946.5273	-1
34954.2773	-1
34962.0273	-1
34969.7773	-1
34977.5273	-1
34985.2812	-1
34993.0352	-1
35000.7891	-1
35008.5430	-1
35016.2969	-1
35024.0508	-1
35031.8047	-1
35039.5586	-1
35047.3125	-1
35055.0664	-1
35062.8203	-1
35070.5742	-1
35078.3281	-1
35086.0820	-1
35093.8359	-1
35101.5898	-1
35109.3438	-1
35117.1094	1
35124.8750	-1
35132.6406	1
35140.4062	1
35148.1758	-1
35155.9453	-1
35163.7148	-1
35171.4844	-1
35179.2656	1
35187.0469	-1
35194.8281	1
35202.6094	1
35210.3945	-1
35218.1797	-1
35225.9648	-1
35233.7500	-1
35241.5352	-1
35249.3203	-1
35257.1055	-1
35264.8906	-1
35272.6758	-1
35280.4609	-1
35288.2461	-1
35296.0312	-1
35303.8164	1
35311.6016	1
35319.3867	1
35327.1719	1
35334.9570	-1
35342.7422	-1
35350.5273	-1
35358.3125	-1
35366.0977	-1
35373.8828	-1
35381.6680	1
35389.4531	-1
35397.2383	-1
35405.0234	-1
35412.8086	-1
35420.5938	-1
35428.3789	-1
35436.1641	1
35443.9492	1
35451.7383	-1
35459.5273	-1
35467.3164	-1
35475.1055	-1
35482.8945	-1
35490.6836	-1
35498.4727	-1
35506.2617	-1
35514.0508	-1
35521.8398	-1
35529.6289	-1
35537.4180	-1
35545.2070	-1
35552.9961	-1
35560.7852	-1
35568.5742	-1
35576.3633	-1
35584.1523	-1
35591.9414	-1
35599.7305	-1
35607.5195	-1
35615.3086	-1
35623.0977	-1
35630.8867	-1
35638.6758	-1
35646.4766	1
35654.2812	-1
35662.0859	1
35669.8906	1
35677.6953	-1
35685.5000	-1
35693.3047	-1
35701.1094	-1
35708.9141	-1
35716.7188	-1
35724.5234	-1
35732.3281	-1
35740.1328	-1
35747.9375	-1
35755.7422	-1
35763.5469	-1
35771.3516	1
35779.1562	1
35786.9609	1
35794.7656	1
35802.5742	-1
35810.3828	-1
35818.1914	-1
35826.0000	-1
35833.8086	-1
35841.6172	-1
35849.4258	-1
35857.2344	-1
35865.0430	-1
35872.8516	-1
35880.6602	-1
35888.4688	-1
35896.2773	-1
35904.0859	-1
35911.8945	-1
35919.7031	-1
35927.5117	-1
35935.3203	-1
35943.1289	-1
35950.9492	1
35958.7734	-1
35966.5977	1
35974.4219	1
35982.2461	-1
35990.0703	-1
