0.0000	0
0.0000	-1
0.0040	1
0.0081	1
0.0122	1
0.0164	1
0.0219	-1
0.0309	-1
0.0403	-1
0.0526	-1
0.4383	-1
0.8811	1
1.1047	-2
1.3151	-2
1.3477	-1
1.6894	-2
1.8142	-1
2.2301	-2
2.2811	-2
2.2942	1
2.3183	-2
2.7264	-2
2.7771	1
2.8207	-2
2.8713	-2
3.1041	-2
3.1279	-2
3.2679	1
3.2829	-2
3.3182	-2
3.4299	-2
3.5369	-2
3.7589	1
3.9778	-2
4.1007	-2
4.1335	-2
4.2039	-2
4.2092	-2
4.2473	-2
4.2500	1
4.3388	-2
4.3417	-2
4.4303	-2
4.4734	-2
4.7232	-2
4.7295	-2
4.7412	1
4.7494	-2
4.7982	-2
4.8517	-2
4.8670	-2
4.8977	-2
4.9572	-2
5.0869	2
5.1305	-2
5.1338	-2
5.2092	-2
5.2325	1
5.4030	-2
5.4241	-2
5.6045	-2
5.7035	-2
5.7148	-2
5.7239	1
5.8428	-2
5.9091	-2
5.9420	-2
6.0215	-2
6.1033	-2
6.1227	-2
6.1303	-2
6.1595	-2
6.1752	-2
6.2511	-2
6.2794	-2
6.3226	-2
6.4003	-2
6.5185	-1
6.6303	-2
6.6864	-2
6.7168	-2
6.7835	-2
6.9524	-2
7.0031	-2
7.2373	-2
7.3114	-2
7.4930	1
7.6926	-2
7.7608	-2
7.7926	-2
8.1828	-2
8.3195	-2
8.3765	-2
8.8102	-2
8.9605	1
9.1667	-2
9.1829	-2
9.4682	-2
9.5197	-2
9.6948	-2
9.9251	-2
10.0331	-2
10.4281	1
10.5301	-2
10.6854	-2
10.7273	-2
10.8701	-2
10.9404	-2
11.0393	-2
11.3758	-2
11.4873	-2
11.8134	-2
11.8957	1
11.9153	-2
13.2341	-2
13.2345	-2
13.3640	1
13.4317	-2
13.8284	-2
14.6136	-2
14.8323	1
16.3122	1
17.7922	1
19.2722	1
22.7486	1
26.2250	1
29.7014	1
33.1779	1
36.6545	1
40.1391	1
43.6238	1
47.1086	1
52.3364	1
57.5664	-1
62.7969	1
68.0274	1
73.2603	-1
78.4931	-1
83.7259	-1
88.9587	-1
94.1916	-1
99.4244	-1
104.6575	-1
109.8905	-1
115.1236	-1
120.3567	-1
125.5898	-1
130.8229	-1
136.0563	1
141.2897	1
146.5232	1
151.7567	1
156.9924	-1
162.2281	-1
167.4638	-1
172.6995	-1
177.9352	-1
183.1709	-1
188.4076	1
193.6443	1
198.8810	-1
204.1178	-1
209.3545	-1
214.5912	-1
219.8279	-1
225.0647	-1
230.3016	-1
235.5386	-1
240.7756	-1
246.0126	-1
251.2496	-1
256.4865	-1
261.7242	1
266.9620	1
272.1997	1
277.4375	1
282.6754	-1
287.9133	-1
293.1512	-1
298.3890	-1
303.6269	-1
308.8648	-1
314.1034	1
319.3421	1
324.5821	-1
329.8222	-1
335.0622	-1
340.3023	-1
345.5423	-1
350.7824	-1
356.0231	-1
361.2639	-1
366.5047	-1
371.7455	-1
376.9862	-1
382.2270	-1
387.4692	1
392.7114	1
397.9537	1
403.1960	1
408.4386	-1
413.6812	-1
418.9238	-1
424.1664	-1
429.4090	-1
434.6516	-1
439.8949	-1
445.1381	-1
450.3813	-1
455.6245	-1
460.8678	-1
466.1111	-1
471.3544	-1
476.5978	-1
481.8412	-1
487.0847	-1
492.3281	-1
497.5715	-1
502.8151	-1
508.0587	-1
513.3022	-1
518.5458	-1
523.7894	-1
529.0330	-1
534.2767	-1
539.5204	-1
544.7642	-1
550.0079	-1
555.2516	-1
560.4953	-1
565.7391	-1
570.9828	-1
576.2266	-1
581.4704	-1
586.7142	-1
591.9579	-1
597.2019	1
602.4459	1
607.6899	1
612.9359	-1
618.1819	-1
623.4279	-1
628.6740	-1
633.9200	-1
639.1660	-1
644.4126	-1
649.6592	-1
654.9058	-1
660.1523	-1
665.3989	-1
670.6455	-1
675.8922	-1
681.1389	-1
686.3856	-1
691.6323	-1
696.8790	-1
702.1257	-1
707.3726	-1
712.6194	-1
717.8662	-1
723.1130	-1
728.3599	-1
733.6067	-1
738.8536	-1
744.1005	-1
749.3474	-1
754.5942	-1
759.8412	-1
765.0881	-1
770.3361	-1
775.5841	-1
780.8321	-1
786.0801	-1
791.3282	-1
796.5762	-1
801.8245	-1
807.0728	-1
812.3211	-1
817.5694	-1
822.8177	-1
828.0800	1
833.3437	-1
838.6077	1
843.8718	1
849.1376	-1
854.4035	-1
859.6694	-1
864.9352	-1
870.2011	-1
875.4670	-1
880.7333	-1
885.9996	-1
891.2659	-1
896.5322	-1
901.7985	-1
907.0648	-1
912.3314	1
917.5981	1
922.8649	1
928.1316	1
933.3997	-1
938.6678	-1
943.9359	-1
949.2040	-1
954.4722	-1
959.7403	-1
965.0085	-1
970.2767	-1
975.5449	-1
980.8132	-1
986.0814	-1
991.3497	-1
996.6191	1
1001.8885	1
1007.1580	1
1012.4276	1
1017.6976	-1
1022.9676	-1
1028.2377	-1
1033.5077	-1
1038.7777	-1
1044.0477	-1
1049.3179	-1
1054.5880	-1
1059.8582	-1
1065.1284	-1
1070.3987	-1
1075.6689	-1
1080.9398	1
1086.2107	1
1091.4816	1
1096.7524	1
1102.0277	-1
1107.3030	-1
1112.5782	-1
1117.8535	-1
1123.1288	-1
1128.4041	-1
1133.6797	-1
1138.9553	-1
1144.2311	-1
1149.5068	-1
1154.7826	1
1160.0583	-1
1165.3341	-1
1170.6104	-1
1175.8866	-1
1181.1628	-1
1186.4391	-1
1191.7153	-1
1196.9916	-1
1202.2681	-1
1207.5446	-1
1212.8210	-1
1218.0975	-1
1223.3740	-1
1228.6505	-1
1233.9271	-1
1239.2037	-1
1244.4803	-1
1249.7570	-1
1255.0336	-1
1260.3102	-1
1265.5870	-1
1270.8639	-1
1276.1407	-1
1281.4176	-1
1286.6945	-1
1291.9713	-1
1297.2483	-1
1302.5253	-1
1307.8022	-1
1313.0792	-1
1318.3562	-1
1323.6332	-1
1328.9105	-1
1334.1879	-1
1339.4652	-1
1344.7426	-1
1350.0199	-1
1355.2972	-1
1360.5752	-1
1365.8531	-1
1371.1311	-1
1376.4224	1
1381.7153	-1
1387.0085	1
1392.3018	1
1397.5962	-1
1402.8906	-1
1408.1851	-1
1413.4795	-1
1418.7739	-1
1424.0684	-1
1429.3629	-1
1434.6575	-1
1439.9520	-1
1445.2466	-1
1450.5411	-1
1455.8357	-1
1461.1305	1
1466.4253	1
1471.7202	1
1477.0151	1
1482.3121	-1
1487.6091	-1
1492.9061	-1
1498.2031	-1
1503.5001	-1
1508.7971	-1
1514.0942	-1
1519.3914	-1
1524.6885	-1
1529.9856	-1
1535.2827	-1
1540.5798	-1
1545.8771	-1
1551.1743	-1
1556.4716	-1
1561.7688	-1
1567.0660	-1
1572.3633	-1
1577.6605	-1
1582.9578	-1
1588.2550	-1
1593.5522	-1
1598.8495	-1
1604.1467	-1
1609.4442	1
1614.7419	1
1620.0408	-1
1625.3396	-1
1630.6384	-1
1635.9373	-1
1641.2361	-1
1646.5349	-1
1651.8337	-1
1657.1326	-1
1662.4314	-1
1667.7416	1
1673.0530	-1
1678.3647	1
1683.6765	1
1688.9891	-1
1694.3019	-1
1699.6249	1
1704.9493	-1
1710.2740	1
1715.5988	1
1720.9247	-1
1726.2506	-1
1731.5765	-1
1736.9025	-1
1742.2284	-1
1747.5543	-1
1752.8804	-1
1758.2064	-1
1763.5325	-1
1768.8585	-1
1774.1846	-1
1779.5106	-1
1784.8369	1
1790.1632	1
1795.4895	1
1800.8159	1
1806.1438	-1
1811.4717	-1
1816.7996	-1
1822.1274	-1
1827.4553	-1
1832.7832	-1
1838.1117	1
1843.4402	-1
1848.7687	-1
1854.0972	-1
1859.4257	-1
1864.7542	-1
1870.0826	-1
1875.4111	1
1880.7397	-1
1886.0684	-1
1891.3970	-1
1896.7256	-1
1902.0542	-1
1907.3828	-1
1912.7115	-1
1918.0403	-1
1923.3690	-1
1928.6978	-1
1934.0265	-1
1939.3552	-1
1944.6842	1
1950.0133	1
1955.3425	1
1960.6719	1
1966.0012	1
1971.3306	1
1976.6622	-1
1981.9939	-1
1987.3256	-1
1992.6572	-1
1997.9889	-1
2003.3206	-1
2008.6523	-1
2013.9841	-1
2019.3159	-1
2024.6477	-1
2029.9795	-1
2035.3113	-1
2040.6436	1
2045.9760	1
2051.3086	-1
2056.6411	-1
2061.9736	-1
2067.3062	-1
2072.6387	-1
2077.9712	-1
2083.3040	-1
2088.6367	-1
2093.9695	-1
2099.3022	-1
2104.6350	-1
2109.9678	-1
2115.3005	-1
2120.6333	-1
2125.9663	-1
2131.2993	-1
2136.6323	-1
2141.9653	-1
2147.2983	-1
2152.6313	-1
2157.9644	-1
2163.2974	-1
2168.6304	-1
2173.9634	-1
2179.2964	1
2184.6294	-1
2189.9624	1
2195.2954	-1
2200.6284	-1
2205.9614	-1
2211.2944	-1
2216.6274	-1
2221.9607	-1
2227.2939	-1
2232.6272	-1
2237.9604	-1
2243.2937	-1
2248.6270	-1
2253.9612	1
2259.2954	1
2264.6306	-1
2269.9658	-1
2275.3010	-1
2280.6362	-1
2285.9714	-1
2291.3066	-1
2296.6423	-1
2301.9780	-1
2307.3137	-1
2312.6494	-1
2317.9851	-1
2323.3208	-1
2328.6570	-1
2333.9932	-1
2339.3293	-1
2344.6655	-1
2350.0017	-1
2355.3379	-1
2360.6746	-1
2366.0112	-1
2371.3479	-1
2376.6846	-1
2382.0212	-1
2387.3579	-1
2392.6951	-1
2398.0322	-1
2403.3694	-1
2408.7065	-1
2414.0437	-1
2419.3809	-1
2424.7180	-1
2430.0552	-1
2435.4028	1
2440.7517	-1
2446.1011	1
2451.4504	1
2456.8005	-1
2462.1506	-1
2467.5007	-1
2472.8511	-1
2478.2114	1
2483.5730	-1
2488.9348	1
2494.2966	1
2499.6597	-1
2505.0227	-1
2510.3857	-1
2515.7488	-1
2521.1118	-1
2526.4854	1
2531.8601	-1
2537.2351	1
2542.6101	1
2547.9863	-1
2553.3625	-1
2558.7388	-1
2564.1150	-1
2569.4912	-1
2574.8674	-1
2580.2437	-1
2585.6199	-1
2590.9961	-1
2596.3723	-1
2601.7485	-1
2607.1250	-1
2612.5017	1
2617.8784	1
2623.2551	1
2628.6318	1
2634.0103	-1
2639.3887	-1
2644.7671	-1
2650.1455	-1
2655.5239	-1
2660.9023	-1
2666.2810	-1
2671.6597	-1
2677.0383	-1
2682.4170	-1
2687.7957	-1
2693.1743	-1
2698.5535	1
2703.9326	1
2709.3118	1
2714.6909	1
2720.0701	-1
2725.4492	-1
2730.8284	-1
2736.2075	-1
2741.5867	-1
2746.9658	-1
2752.3455	-1
2757.7251	-1
2763.1047	-1
2768.4844	-1
2773.8640	-1
2779.2437	-1
2784.6233	1
2790.0029	1
2795.3831	1
2800.7634	1
2806.1448	-1
2811.5261	-1
2816.9075	-1
2822.2888	-1
2827.6702	-1
2833.0515	-1
2838.4338	1
2843.8164	1
2849.2000	-1
2854.5835	-1
2859.9670	-1
2865.3506	-1
2870.7341	-1
2876.1177	-1
2881.5015	-1
2886.8853	-1
2892.2690	-1
2897.6528	-1
2903.0366	-1
2908.4204	-1
2913.8042	-1
2919.1880	-1
2924.5718	-1
2929.9556	-1
2935.3394	-1
2940.7231	-1
2946.1069	-1
2951.4907	-1
2956.8745	-1
2962.2583	-1
2967.6423	-1
2973.0264	-1
2978.4104	-1
2983.7944	-1
2989.1785	-1
2994.5625	-1
2999.9465	-1
3005.3306	-1
3010.7146	-1
3016.0986	-1
3021.4827	-1
3026.8667	-1
3032.2507	1
3037.6348	-1
3043.0188	-1
3048.4031	1
3053.7874	-1
3059.1716	-1
3064.5559	-1
3069.9402	-1
3075.3245	-1
3080.7087	-1
3086.0950	-1
3091.4812	-1
3096.8674	-1
3102.2537	-1
3107.6399	-1
3113.0261	-1
3118.4124	-1
3123.7986	-1
3129.1848	-1
3134.5710	-1
3139.9573	-1
3145.3435	-1
3150.7300	-1
3156.1165	-1
3161.5029	-1
3166.8894	-1
3172.2759	-1
3177.6624	-1
3183.0491	-1
3188.4360	-1
3193.8230	-1
3199.2212	1
3204.6206	-1
3210.0205	1
3215.4204	1
3220.8215	-1
3226.2227	-1
3231.6238	-1
3237.0249	-1
3242.4260	-1
3247.8271	-1
3253.2283	-1
3258.6294	-1
3264.0305	-1
3269.4316	-1
3274.8328	-1
3280.2339	-1
3285.6353	1
3291.0369	1
3296.4385	1
3301.8401	1
3307.2434	-1
3312.6467	-1
3318.0500	-1
3323.4534	-1
3328.8567	-1
3334.2600	-1
3339.6633	-1
3345.0667	-1
3350.4700	-1
3355.8733	-1
3361.2766	-1
3366.6799	-1
3372.0835	-1
3377.4871	-1
3382.8906	-1
3388.2942	-1
3393.6978	-1
3399.1013	-1
3404.5049	-1
3409.9084	-1
3415.3120	-1
3420.7156	-1
3426.1191	-1
3431.5227	-1
3436.9265	1
3442.3303	1
3447.7344	1
3453.1387	1
3458.5430	1
3463.9473	1
3469.3535	-1
3474.7598	-1
3480.1660	-1
3485.5723	-1
3490.9785	-1
3496.3848	-1
3501.7910	-1
3507.1973	-1
3512.6035	-1
3518.0098	-1
3523.4160	-1
3528.8223	-1
3534.2290	-1
3539.6357	-1
3545.0425	-1
3550.4492	-1
3555.8560	-1
3561.2627	-1
3566.6699	-1
3572.0771	-1
3577.4844	-1
3582.8916	-1
3588.2988	-1
3593.7061	-1
3599.1138	-1
3604.5215	-1
3609.9292	-1
3615.3369	-1
3620.7446	-1
3626.1523	-1
3631.5603	-1
3636.9683	-1
3642.3762	-1
3647.7949	1
3653.2148	-1
3658.6350	1
3664.0552	1
3669.4766	-1
3674.8979	-1
3680.3193	-1
3685.7407	-1
3691.1621	-1
3696.5835	-1
3702.0049	-1
3707.4263	-1
3712.8477	-1
3718.2690	-1
3723.6904	-1
3729.1118	-1
3734.5337	1
3739.9556	1
3745.3774	1
3750.7993	1
3756.2231	-1
3761.6470	-1
3767.0708	-1
3772.4946	-1
3777.9185	-1
3783.3423	-1
3788.7661	-1
3794.1899	-1
3799.6138	-1
3805.0376	-1
3810.4614	-1
3815.8853	-1
3821.3091	-1
3826.7329	-1
3832.1567	-1
3837.5806	-1
3843.0044	-1
3848.4285	-1
3853.8525	-1
3859.2766	-1
3864.7007	-1
3870.1248	-1
3875.5488	-1
3880.9729	-1
3886.3972	1
3891.8215	1
3897.2461	1
3902.6707	1
3908.0952	1
3913.5198	1
3918.9443	1
3924.3689	1
3929.7952	-1
3935.2214	-1
3940.6477	-1
3946.0740	-1
3951.5002	-1
3956.9265	-1
3962.3530	-1
3967.7795	-1
3973.2061	-1
3978.6326	-1
3984.0591	-1
3989.4856	-1
3994.9131	-1
4000.3406	-1
4005.7681	-1
4011.1956	-1
4016.6230	-1
4022.0505	-1
4027.4785	-1
4032.9065	-1
4038.3345	-1
4043.7625	-1
4049.1904	-1
4054.6184	-1
4060.0466	-1
4065.4749	-1
4070.9031	-1
4076.3313	-1
4081.7595	-1
4087.1877	-1
4092.6169	-1
4098.0459	-1
4103.4751	-1
4108.9043	-1
4114.3335	-1
4119.7627	-1
4125.1919	-1
4130.6211	-1
4136.0503	-1
4141.4795	-1
4146.9087	-1
4152.3379	-1
4157.7671	-1
4163.2075	1
4168.6489	-1
4174.0908	1
4179.5327	1
4184.9756	-1
4190.4189	-1
4195.8623	-1
4201.3057	-1
4206.7490	-1
4212.1924	-1
4217.6357	-1
4223.0894	1
4228.5439	-1
4233.9990	1
4239.4541	1
4244.9102	-1
4250.3662	-1
4255.8223	-1
4261.2886	1
4266.7559	-1
4272.2236	1
4277.6914	1
4283.1602	-1
4288.6289	-1
4294.0977	-1
4299.5669	-1
4305.0469	1
4310.5278	-1
4316.0093	1
4321.4907	1
4326.9731	-1
4332.4556	-1
4337.9380	-1
4343.4302	1
4348.9238	-1
4354.4180	1
4359.9121	1
4365.4072	-1
4370.9023	-1
4376.4077	1
4381.9141	-1
4387.4209	1
4392.9277	1
4398.4355	-1
4403.9434	-1
4409.4609	1
4414.9800	-1
4420.4990	1
4426.0181	1
4431.5381	-1
4437.0581	-1
4442.5781	-1
4448.0986	-1
4453.6289	1
4459.1602	-1
4464.6919	1
4470.2236	1
4475.7563	-1
4481.2891	-1
4486.8218	-1
4492.3545	-1
4497.8975	1
4503.4414	-1
4508.9858	1
4514.5303	1
4520.0757	-1
4525.6211	-1
4531.1665	-1
4536.7217	1
4542.2783	-1
4547.8354	1
4553.3926	1
4558.9507	-1
4564.5088	-1
4570.0669	-1
4575.6250	-1
4581.1831	-1
4586.7412	-1
4592.2998	-1
4597.8584	-1
4603.4170	-1
4608.9756	-1
4614.5342	-1
4620.0928	-1
4625.6514	1
4631.2104	1
4636.7705	-1
4642.3306	-1
4647.8906	-1
4653.4507	-1
4659.0107	-1
4664.5708	-1
4670.1309	-1
4675.7012	1
4681.2725	-1
4686.8442	1
4692.4160	1
4697.9883	-1
4703.5610	-1
4709.1440	1
4714.7285	-1
4720.3130	1
4725.8975	1
4731.4829	-1
4737.0684	-1
4742.6538	-1
4748.2490	1
4753.8457	-1
4759.4429	1
4765.0400	1
4770.6387	-1
4776.2373	-1
4781.8359	-1
4787.4346	-1
4793.0332	-1
4798.6318	-1
4804.2305	-1
4809.8291	-1
4815.4277	-1
4821.0366	1
4826.6470	-1
4832.2578	1
4837.8687	1
4843.4805	-1
4849.0923	-1
4854.7041	-1
4860.3159	-1
4865.9277	-1
4871.5396	-1
4877.1514	-1
4882.7632	-1
4888.3750	-1
4893.9868	-1
4899.5986	-1
4905.2104	-1
4910.8228	1
4916.4351	1
4922.0474	1
4927.6597	1
4933.2734	-1
4938.8872	-1
4944.5010	-1
4950.1147	-1
4955.7285	-1
4961.3423	-1
4966.9561	-1
4972.5698	-1
4978.1836	-1
4983.7974	-1
4989.4111	-1
4995.0249	-1
5000.6392	1
5006.2534	1
5011.8682	1
5017.4829	1
5023.0977	-1
5028.7124	-1
5034.3271	-1
5039.9419	-1
5045.5566	-1
5051.1714	-1
5056.7861	-1
5062.4009	-1
5068.0156	-1
5073.6304	-1
5079.2451	-1
5084.8599	-1
5090.4756	1
5096.0923	-1
5101.7090	-1
5107.3257	-1
5112.9424	-1
5118.5591	-1
5124.1758	-1
5129.7925	-1
5135.4092	-1
5141.0259	-1
5146.6426	-1
5152.2593	-1
5157.8760	-1
5163.4932	-1
5169.1104	-1
5174.7275	-1
5180.3447	-1
5185.9619	-1
5191.5791	-1
5197.1963	-1
5202.8135	-1
5208.4307	-1
5214.0479	-1
5219.6650	-1
5225.2822	-1
5230.8999	-1
5236.5181	-1
5242.1362	-1
5247.7544	-1
5253.3726	-1
5258.9907	-1
5264.6187	1
5270.2480	-1
5275.8774	1
5281.5068	1
5287.1377	-1
5292.7686	-1
5298.3994	-1
5304.0303	-1
5309.6611	-1
5315.2920	-1
5320.9229	-1
5326.5537	-1
5332.1846	-1
5337.8154	-1
5343.4463	-1
5349.0771	-1
5354.7085	1
5360.3398	1
5365.9712	1
5371.6025	1
5377.2354	-1
5382.8682	-1
5388.5010	-1
5394.1338	-1
5399.7666	-1
5405.3994	-1
5411.0327	-1
5416.6660	-1
5422.2993	-1
5427.9326	-1
5433.5659	-1
5439.1992	-1
5444.8325	-1
5450.4658	-1
5456.0991	-1
5461.7324	-1
5467.3657	-1
5472.9990	-1
5478.6323	-1
5484.2656	-1
5489.8989	-1
5495.5322	-1
5501.1655	-1
5506.7988	-1
5512.4321	1
5518.0659	1
5523.7007	-1
5529.3354	-1
5534.9702	-1
5540.6050	-1
5546.2397	-1
5551.8745	-1
5557.5093	-1
5563.1440	-1
5568.7891	1
5574.4351	-1
5580.0815	1
5585.7280	1
5591.3755	-1
5597.0229	-1
5602.6704	-1
5608.3179	-1
5613.9653	-1
5619.6128	-1
5625.2607	-1
5630.9087	-1
5636.5566	-1
5642.2046	-1
5647.8525	-1
5653.5005	-1
5659.1484	1
5664.7964	1
5670.4443	1
5676.0923	1
5681.7422	-1
5687.3921	-1
5693.0420	-1
5698.6919	-1
5704.3418	-1
5709.9917	-1
5715.6416	-1
5721.2915	-1
5726.9414	-1
5732.5913	-1
5738.2412	-1
5743.8911	-1
5749.5410	-1
5755.1909	-1
5760.8408	-1
5766.4907	-1
5772.1406	-1
5777.7905	-1
5783.4404	-1
5789.0903	-1
5794.7402	-1
5800.3901	-1
5806.0400	-1
5811.6899	-1
5817.3403	1
5822.9907	1
5828.6411	1
5834.2915	1
5839.9419	1
5845.5923	1
5851.2427	1
5856.8936	1
5862.5464	-1
5868.1992	-1
5873.8521	-1
5879.5049	-1
5885.1577	-1
5890.8105	-1
5896.4634	-1
5902.1162	-1
5907.7690	-1
5913.4219	-1
5919.0747	-1
5924.7275	-1
5930.3813	1
5936.0352	-1
5941.6890	-1
5947.3428	-1
5952.9966	-1
5958.6504	-1
5964.3042	-1
5969.9585	-1
5975.6128	-1
5981.2671	-1
5986.9214	-1
5992.5757	-1
5998.2300	-1
6003.8843	-1
6009.5386	-1
6015.1929	-1
6020.8472	-1
6026.5015	-1
6032.1558	-1
6037.8101	-1
6043.4644	-1
6049.1187	-1
6054.7729	-1
6060.4272	-1
6066.0815	-1
6071.7358	-1
6077.3901	-1
6083.0444	-1
6088.6987	-1
6094.3530	-1
6100.0073	-1
6105.6621	-1
6111.3169	-1
6116.9717	-1
6122.6265	-1
6128.2812	-1
6133.9360	-1
6139.5923	-1
6145.2485	-1
6150.9048	-1
6156.5610	-1
6162.2173	-1
6167.8843	1
6173.5527	-1
6179.2212	1
6184.8896	1
6190.5596	-1
6196.2295	-1
6201.8994	-1
6207.5693	-1
6213.2393	-1
6218.9092	-1
6224.5791	-1
6230.2490	-1
6235.9189	-1
6241.5889	-1
6247.2588	-1
6252.9287	-1
6258.5991	1
6264.2695	1
6269.9399	1
6275.6104	1
6281.2827	-1
6286.9551	-1
6292.6274	-1
6298.2998	-1
6303.9722	-1
6309.6445	-1
6315.3169	-1
6320.9893	-1
6326.6616	-1
6332.3340	-1
6338.0063	-1
6343.6787	-1
6349.3511	-1
6355.0234	-1
6360.6958	-1
6366.3682	-1
6372.0405	-1
6377.7129	-1
6383.3853	-1
6389.0576	-1
6394.7300	-1
6400.4023	-1
6406.0747	-1
6411.7471	-1
6417.4199	1
6423.0928	1
6428.7656	1
6434.4385	1
6440.1113	1
6445.7842	1
6451.4570	1
6457.1299	1
6462.8062	-1
6468.4824	-1
6474.1587	-1
6479.8350	-1
6485.5112	-1
6491.1875	-1
6496.8638	-1
6502.5400	-1
6508.2163	-1
6513.8926	-1
6519.5688	-1
6525.2451	-1
6530.9214	-1
6536.5977	-1
6542.2739	-1
6547.9502	-1
6553.6265	-1
6559.3027	-1
6564.9790	-1
6570.6553	-1
6576.3315	-1
6582.0078	-1
6587.6841	-1
6593.3604	-1
6599.0371	-1
6604.7139	-1
6610.3906	-1
6616.0674	-1
6621.7441	-1
6627.4209	-1
6633.0977	-1
6638.7744	-1
6644.4512	-1
6650.1279	-1
6655.8047	-1
6661.4814	-1
6667.1582	-1
6672.8350	-1
6678.5117	-1
6684.1885	-1
6689.8652	-1
6695.5420	-1
6701.2188	-1
6706.8955	-1
6712.5723	-1
6718.2490	-1
6723.9258	-1
6729.6025	-1
6735.2798	1
6740.9570	1
6746.6353	-1
6752.3135	-1
6757.9917	-1
6763.6699	-1
6769.3481	-1
6775.0264	-1
6780.7051	-1
6786.3838	-1
6792.0728	1
6797.7632	-1
6803.4536	1
6809.1440	1
6814.8359	-1
6820.5278	-1
6826.2197	-1
6831.9116	-1
6837.6035	-1
6843.2954	-1
6848.9873	-1
6854.6792	-1
6860.3711	-1
6866.0630	-1
6871.7549	-1
6877.4468	-1
6883.1392	1
6888.8325	-1
6894.5259	-1
6900.2192	-1
6905.9126	-1
6911.6162	1
6917.3213	-1
6923.0269	1
6928.7324	1
6934.4390	-1
6940.1455	-1
6945.8521	-1
6951.5586	-1
6957.2651	-1
6962.9717	-1
6968.6782	-1
6974.3848	-1
6980.0913	-1
6985.7979	-1
6991.5044	-1
6997.2109	-1
7002.9180	1
7008.6250	1
7014.3330	-1
7020.0410	-1
7025.7490	-1
7031.4570	-1
7037.1650	-1
7042.8730	-1
7048.5811	-1
7054.2891	-1
7060.0078	1
7065.7275	-1
7071.4478	1
7077.1680	1
7082.8892	-1
7088.6104	-1
7094.3315	-1
7100.0527	-1
7105.7739	-1
7111.4951	-1
7117.2168	-1
7122.9385	-1
7128.6602	-1
7134.3818	-1
7140.1035	-1
7145.8252	-1
7151.5474	1
7157.2695	1
7162.9917	1
7168.7139	1
7174.4375	-1
7180.1611	-1
7185.8848	-1
7191.6084	-1
7197.3320	-1
7203.0557	-1
7208.7793	-1
7214.5029	-1
7220.2266	-1
7225.9502	-1
7231.6738	-1
7237.3975	-1
7243.1216	1
7248.8457	1
7254.5698	1
7260.2939	1
7266.0186	-1
7271.7432	-1
7277.4678	-1
7283.1924	-1
7288.9170	-1
7294.6416	-1
7300.3662	-1
7306.0908	-1
7311.8154	-1
7317.5400	-1
7323.2646	-1
7328.9893	-1
7334.7144	1
7340.4395	1
7346.1646	1
7351.8896	1
7357.6157	-1
7363.3418	-1
7369.0679	-1
7374.7939	-1
7380.5200	-1
7386.2461	-1
7391.9727	1
7397.6992	1
7403.4268	-1
7409.1543	-1
7414.8818	-1
7420.6094	-1
7426.3369	-1
7432.0645	-1
7437.7925	-1
7443.5205	-1
7449.2485	-1
7454.9766	-1
7460.7046	-1
7466.4326	-1
7472.1606	-1
7477.8887	-1
7483.6167	-1
7489.3447	-1
7495.0728	-1
7500.8008	-1
7506.5293	1
7512.2578	1
7517.9863	1
7523.7148	1
7529.4438	1
7535.1729	1
7540.9023	-1
7546.6318	-1
7552.3613	-1
7558.0908	-1
7563.8203	-1
7569.5498	-1
7575.2793	-1
7581.0088	-1
7586.7383	-1
7592.4678	-1
7598.1973	-1
7603.9268	-1
7609.6562	-1
7615.3857	-1
7621.1152	-1
7626.8447	-1
7632.5742	-1
7638.3037	-1
7644.0347	1
7649.7656	1
7655.4966	1
7661.2275	1
7666.9585	1
7672.6895	1
7678.4219	-1
7684.1543	-1
7689.8867	-1
7695.6191	-1
7701.3516	-1
7707.0840	-1
7712.8179	-1
7718.5518	-1
7724.2856	-1
7730.0195	-1
7735.7534	-1
7741.4873	-1
7747.2212	-1
7752.9551	-1
7758.6890	-1
7764.4229	-1
7770.1567	-1
7775.8906	-1
7781.6245	-1
7787.3584	-1
7793.0923	-1
7798.8262	-1
7804.5601	-1
7810.2939	-1
7816.0283	-1
7821.7627	-1
7827.4971	-1
7833.2314	-1
7838.9658	-1
7844.7002	-1
7850.4346	-1
7856.1689	-1
7861.9033	-1
7867.6377	-1
7873.3721	-1
7879.1064	-1
7884.8408	-1
7890.5752	-1
7896.3096	-1
7902.0439	-1
7907.7783	-1
7913.5127	-1
7919.2471	-1
7924.9814	-1
7930.7158	-1
7936.4502	-1
7942.1846	-1
7947.9189	-1
7953.6538	1
7959.3887	1
7965.1250	-1
7970.8613	-1
7976.5977	-1
7982.3340	-1
7988.0703	-1
7993.8066	-1
7999.5430	-1
8005.2793	-1
8011.0156	-1
8016.7520	-1
8022.4883	-1
8028.2246	-1
8033.9614	-1
8039.6982	-1
8045.4351	-1
8051.1719	-1
8056.9087	-1
8062.6455	-1
8068.3823	-1
8074.1191	-1
8079.8560	-1
8085.5928	-1
8091.3296	-1
8097.0664	-1
8102.8032	-1
8108.5400	-1
8114.2769	-1
8120.0137	-1
8125.7505	-1
8131.4873	-1
8137.2241	-1
8142.9609	-1
8148.6978	-1
8154.4346	-1
8160.1714	-1
8165.9082	-1
8171.6450	-1
8177.3818	-1
8183.1187	-1
8188.8555	-1
8194.5928	-1
8200.3301	-1
8206.0674	1
8211.8057	-1
8217.5439	-1
8223.2822	-1
8229.0205	-1
8234.7588	-1
8240.4971	-1
8246.2354	-1
8251.9736	-1
8257.7119	-1
8263.4502	-1
8269.1885	-1
8274.9268	-1
8280.6660	-1
8286.4053	-1
8292.1445	-1
8297.8838	-1
8303.6230	-1
8309.3623	-1
8315.1133	1
8320.8652	-1
8326.6182	1
8332.3711	1
8338.1250	-1
8343.8789	-1
8349.6328	-1
8355.3867	-1
8361.1406	-1
8366.8945	-1
8372.6484	-1
8378.4023	-1
8384.1562	-1
8389.9102	-1
8395.6641	-1
8401.4180	-1
8407.1729	1
8412.9277	1
8418.6826	1
8424.4375	1
8430.1943	-1
8435.9512	-1
8441.7080	-1
8447.4648	-1
8453.2217	-1
8458.9785	-1
8464.7354	-1
8470.4922	-1
8476.2490	-1
8482.0059	-1
8487.7627	-1
8493.5195	-1
8499.2764	-1
8505.0332	-1
8510.7900	-1
8516.5469	-1
8522.3037	-1
8528.0605	-1
8533.8174	-1
8539.5742	-1
8545.3311	-1
8551.0879	-1
8556.8447	-1
8562.6016	-1
8568.3584	1
8574.1152	1
8579.8721	1
8585.6299	1
8591.3877	1
8597.1455	1
8602.9033	1
8608.6611	1
8614.4209	-1
8620.1807	-1
8625.9404	-1
8631.7002	-1
8637.4600	-1
8643.2197	-1
8648.9795	-1
8654.7393	-1
8660.4990	-1
8666.2588	-1
8672.0186	-1
8677.7783	-1
8683.5391	-1
8689.2998	-1
8695.0605	-1
8700.8213	-1
8706.5820	-1
8712.3428	-1
8718.1035	-1
8723.8643	-1
8729.6250	-1
8735.3857	-1
8741.1465	-1
8746.9072	-1
8752.6689	-1
8758.4307	-1
8764.1924	-1
8769.9541	-1
8775.7158	-1
8781.4775	-1
8787.2393	-1
8793.0010	-1
8798.7627	-1
8804.5244	-1
8810.2861	-1
8816.0479	-1
8821.8096	-1
8827.5713	-1
8833.3330	-1
8839.0947	-1
8844.8564	-1
8850.6182	-1
8856.3799	-1
8862.1416	-1
8867.9033	-1
8873.6650	-1
8879.4268	-1
8885.1885	-1
8890.9502	1
8896.7119	1
8902.4766	-1
8908.2412	-1
8914.0059	-1
8919.7705	-1
8925.5352	-1
8931.2998	-1
8937.0645	-1
8942.8291	-1
8948.5938	-1
8954.3730	1
8960.1533	-1
8965.9336	1
8971.7139	1
8977.4961	-1
8983.2783	-1
8989.0605	-1
8994.8428	-1
9000.6250	-1
9006.4072	-1
9012.1895	-1
9017.9717	-1
9023.7646	1
9029.5596	-1
9035.3545	1
9041.1494	1
9046.9453	-1
9052.7412	-1
9058.5371	-1
9064.3330	-1
9070.1289	-1
9075.9248	-1
9081.7207	-1
9087.5166	-1
9093.3125	-1
9099.1084	-1
9104.9043	-1
9110.7002	-1
9116.4971	1
9122.2939	1
9128.0908	1
9133.8877	1
9139.6865	-1
9145.4854	-1
9151.2842	-1
9157.0830	-1
9162.8818	-1
9168.6807	-1
9174.4795	-1
9180.2783	-1
9186.0771	-1
9191.8760	-1
9197.6748	-1
9203.4736	-1
9209.2725	-1
9215.0713	-1
9220.8701	-1
9226.6689	-1
9232.4678	-1
9238.2666	-1
9244.0654	1
9249.8652	-1
9255.6650	-1
9261.4648	-1
9267.2646	-1
9273.0645	-1
9278.8643	-1
9284.6641	1
9290.4639	1
9296.2637	1
9302.0635	1
9307.8633	1
9313.6631	1
9319.4629	1
9325.2646	-1
9331.0664	-1
9336.8682	-1
9342.6699	-1
9348.4717	-1
9354.2734	-1
9360.0762	1
9365.8789	1
9371.6816	-1
9377.4844	-1
9383.2871	-1
9389.0898	-1
9394.8926	-1
9400.6953	-1
9406.4980	-1
9412.3008	-1
9418.1035	-1
9423.9062	-1
9429.7090	-1
9435.5117	-1
9441.3145	-1
9447.1172	-1
9452.9199	-1
9458.7227	-1
9464.5254	-1
9470.3281	-1
9476.1309	-1
9481.9336	-1
9487.7363	-1
9493.5391	-1
9499.3418	-1
9505.1445	-1
9510.9482	-1
9516.7520	-1
9522.5557	-1
9528.3594	-1
9534.1631	-1
9539.9668	-1
9545.7715	1
9551.5762	1
9557.3809	1
9563.1855	1
9568.9902	1
9574.7949	1
9580.5996	1
9586.4043	-1
9592.2090	-1
9598.0137	-1
9603.8184	-1
9609.6230	-1
9615.4277	-1
9621.2334	-1
9627.0391	-1
9632.8447	-1
9638.6504	-1
9644.4561	-1
9650.2617	-1
9656.0693	-1
9661.8770	-1
9667.6846	-1
9673.4922	-1
9679.2998	-1
9685.1074	-1
9690.9150	-1
9696.7227	-1
9702.5303	-1
9708.3379	-1
9714.1455	-1
9719.9531	-1
9725.7607	-1
9731.5684	-1
9737.3760	-1
9743.1836	-1
9748.9912	-1
9754.7988	-1
9760.6084	-1
9766.4180	-1
9772.2275	-1
9778.0371	-1
9783.8467	-1
9789.6562	-1
9795.4658	-1
9801.2754	-1
9807.0850	-1
9812.8945	-1
9818.7041	-1
9824.5137	-1
9830.3232	-1
9836.1328	-1
9841.9424	-1
9847.7520	-1
9853.5615	-1
9859.3711	-1
9865.1807	-1
9870.9902	-1
9876.7998	-1
9882.6094	-1
9888.4189	-1
9894.2285	-1
9900.0391	-1
9905.8496	-1
9911.6602	-1
9917.4707	-1
9923.2812	-1
9929.0918	-1
9934.9023	-1
9940.7129	-1
9946.5234	-1
9952.3457	1
9958.1689	-1
9963.9932	1
9969.8174	1
9975.6426	-1
9981.4678	-1
9987.2930	-1
9993.1182	-1
9998.9434	-1
10004.7686	-1
10010.5938	-1
10016.4189	-1
10022.2441	-1
10028.0693	-1
10033.8945	-1
10039.7197	-1
10045.5459	1
10051.3721	1
10057.1992	-1
10063.0264	-1
10068.8535	-1
10074.6807	-1
10080.5078	-1
10086.3350	-1
10092.1621	-1
10097.9893	-1
10103.8281	1
10109.6680	-1
10115.5088	1
10121.3496	1
10127.1914	-1
10133.0332	-1
10138.8750	-1
10144.7168	-1
10150.5586	-1
10156.4004	-1
10162.2422	-1
10168.0840	-1
10173.9258	-1
10179.7676	-1
10185.6094	-1
10191.4512	-1
10197.2930	1
10203.1348	1
10208.9775	-1
10214.8203	-1
10220.6631	-1
10226.5059	-1
10232.3486	-1
10238.1914	-1
10244.0342	-1
10249.8770	-1
10255.7197	-1
10261.5742	1
10267.4307	-1
10273.2871	1
10279.1436	1
10285.0010	-1
10290.8584	-1
10296.7158	-1
10302.5732	-1
10308.4307	-1
10314.2881	-1
10320.1455	-1
10326.0029	-1
10331.8604	-1
10337.7178	-1
10343.5752	-1
10349.4326	-1
10355.2900	1
10361.1484	1
10367.0068	1
10372.8652	1
10378.7246	-1
10384.5840	-1
10390.4434	-1
10396.3027	-1
10402.1621	-1
10408.0215	-1
10413.8818	-1
10419.7422	-1
10425.6025	-1
10431.4629	-1
10437.3232	-1
10443.1836	-1
10449.0439	-1
10454.9043	-1
10460.7646	-1
10466.6250	-1
10472.4854	-1
10478.3457	-1
10484.2061	-1
10490.0664	-1
10495.9268	-1
10501.7871	-1
10507.6475	-1
10513.5078	-1
10519.3682	1
10525.2285	1
10531.0889	1
10536.9492	1
10542.8096	1
10548.6699	1
10554.5312	1
10560.3926	1
10566.2549	-1
10572.1172	-1
10577.9795	-1
10583.8418	-1
10589.7041	-1
10595.5664	-1
10601.4297	-1
10607.2930	-1
10613.1562	-1
10619.0195	-1
10624.8828	-1
10630.7461	-1
10636.6094	1
10642.4727	1
10648.3369	1
10654.2012	1
10660.0654	-1
10665.9297	-1
10671.7939	-1
10677.6582	-1
10683.5225	-1
10689.3867	-1
10695.2510	-1
10701.1152	-1
10706.9795	-1
10712.8438	-1
10718.7080	-1
10724.5723	-1
10730.4375	1
10736.3027	1
10742.1680	1
10748.0332	1
10753.8984	-1
10759.7637	-1
10765.6289	-1
10771.4941	-1
10777.3594	-1
10783.2246	-1
10789.0908	-1
10794.9570	-1
10800.8232	-1
10806.6895	-1
10812.5557	-1
10818.4219	-1
10824.2881	-1
10830.1543	-1
10836.0205	-1
10841.8867	-1
10847.7529	-1
10853.6191	-1
10859.4854	-1
10865.3516	-1
10871.2178	-1
10877.0840	-1
10882.9502	-1
10888.8164	-1
10894.6826	1
10900.5498	1
10906.4180	1
10912.2861	1
10918.1543	1
10924.0225	1
10929.8906	1
10935.7588	1
10941.6289	-1
10947.4990	-1
10953.3691	-1
10959.2393	-1
10965.1094	-1
10970.9795	-1
10976.8496	-1
10982.7197	-1
10988.5898	-1
10994.4600	-1
11000.3301	-1
11006.2002	-1
11012.0703	-1
11017.9404	-1
11023.8105	-1
11029.6807	-1
11035.5508	-1
11041.4209	-1
11047.2910	-1
11053.1611	-1
11059.0312	-1
11064.9014	-1
11070.7715	-1
11076.6416	-1
11082.5117	-1
11088.3818	-1
11094.2520	-1
11100.1221	-1
11105.9922	-1
11111.8623	-1
11117.7334	-1
11123.6045	-1
11129.4756	-1
11135.3467	-1
11141.2178	-1
11147.0889	-1
11152.9600	-1
11158.8311	-1
11164.7021	-1
11170.5732	-1
11176.4443	-1
11182.3154	-1
11188.1865	-1
11194.0576	-1
11199.9287	-1
11205.7998	-1
11211.6709	-1
11217.5420	-1
11223.4150	1
11229.2881	1
11235.1611	1
11241.0342	1
11246.9072	1
11252.7803	1
11258.6533	1
11264.5273	-1
11270.4014	-1
11276.2754	-1
11282.1494	-1
11288.0234	-1
11293.8975	-1
11299.7715	-1
11305.6455	-1
11311.5195	-1
11317.3936	-1
11323.2676	-1
11329.1416	-1
11335.0166	-1
11340.8916	-1
11346.7666	-1
11352.6416	-1
11358.5166	-1
11364.3916	-1
11370.2666	-1
11376.1416	-1
11382.0166	-1
11387.8916	-1
11393.7666	-1
11399.6416	-1
11405.5166	-1
11411.3916	-1
11417.2666	-1
11423.1416	-1
11429.0166	-1
11434.8916	-1
11440.7666	-1
11446.6416	-1
11452.5166	-1
11458.3916	-1
11464.2666	-1
11470.1416	-1
11476.0166	-1
11481.8916	-1
11487.7666	-1
11493.6416	-1
11499.5166	-1
11505.3916	-1
11511.2686	-1
11517.1455	-1
11523.0225	-1
11528.8994	-1
11534.7764	-1
11540.6533	-1
11546.5303	-1
11552.4072	-1
11558.2842	-1
11564.1611	-1
11570.0381	-1
11575.9150	-1
11581.7920	-1
11587.6689	-1
11593.5459	-1
11599.4229	-1
11605.2998	-1
11611.1768	-1
11617.0537	-1
11622.9307	-1
11628.8076	-1
11634.6846	-1
11640.5615	-1
11646.4385	-1
11652.3154	-1
11658.1924	-1
11664.0693	-1
11669.9463	-1
11675.8232	-1
11681.7002	-1
11687.5771	-1
11693.4541	-1
11699.3311	-1
11705.2080	-1
11711.0850	-1
11716.9619	-1
11722.8408	-1
11728.7197	-1
11734.5986	-1
11740.4775	-1
11746.3564	-1
11752.2354	-1
11758.1143	-1
11764.0049	1
11769.8965	-1
11775.7881	1
11781.6807	1
11787.5742	-1
11793.4678	-1
11799.3613	-1
11805.2549	-1
11811.1484	-1
11817.0420	-1
11822.9355	-1
11828.8291	-1
11834.7227	-1
11840.6162	-1
11846.5098	-1
11852.4033	-1
11858.3076	1
11864.2139	-1
11870.1201	1
11876.0264	1
11881.9336	-1
11887.8408	-1
11893.7480	-1
11899.6553	-1
11905.5625	-1
11911.4697	-1
11917.3770	-1
11923.2842	-1
11929.1914	-1
11935.0986	-1
11941.0059	-1
11946.9131	-1
11952.8213	1
11958.7295	1
11964.6377	1
11970.5459	1
11976.4561	-1
11982.3662	-1
11988.2764	-1
11994.1865	-1
12000.0967	-1
12006.0068	-1
12011.9170	-1
12017.8271	-1
12023.7373	-1
12029.6475	-1
12035.5576	-1
12041.4678	-1
12047.3779	-1
12053.2881	-1
12059.1982	-1
12065.1084	-1
12071.0186	-1
12076.9287	-1
12082.8398	1
12088.7510	-1
12094.6621	-1
12100.5732	-1
12106.4844	-1
12112.3955	-1
12118.3066	-1
12124.2178	1
12130.1289	1
12136.0400	1
12141.9512	1
12147.8623	1
12153.7744	1
12159.6865	1
12165.5996	-1
12171.5127	-1
12177.4258	-1
12183.3389	-1
12189.2520	-1
12195.1650	-1
12201.0781	-1
12206.9912	-1
12212.9043	-1
12218.8174	-1
12224.7305	-1
12230.6436	-1
12236.5576	-1
12242.4717	-1
12248.3857	-1
12254.2998	-1
12260.2139	-1
12266.1279	-1
12272.0420	-1
12277.9561	-1
12283.8701	-1
12289.7842	-1
12295.6982	-1
12301.6123	-1
12307.5264	-1
12313.4404	-1
12319.3545	-1
12325.2686	-1
12331.1826	-1
12337.0967	-1
12343.0107	-1
12348.9248	-1
12354.8389	-1
12360.7529	-1
12366.6670	-1
12372.5811	-1
12378.4951	1
12384.4102	1
12390.3252	1
12396.2402	1
12402.1553	1
12408.0703	1
12413.9854	1
12419.9004	1
12425.8154	1
12431.7305	1
12437.6455	1
12443.5605	1
12449.4766	-1
12455.3926	-1
12461.3086	-1
12467.2246	-1
12473.1406	-1
12479.0566	-1
12484.9727	-1
12490.8887	-1
12496.8047	-1
12502.7207	-1
12508.6367	-1
12514.5527	-1
12520.4717	-1
12526.3906	-1
12532.3096	-1
12538.2285	-1
12544.1475	-1
12550.0664	-1
12555.9854	-1
12561.9043	-1
12567.8232	-1
12573.7422	-1
12579.6611	-1
12585.5801	-1
12591.4990	-1
12597.4180	-1
12603.3369	-1
12609.2559	-1
12615.1748	-1
12621.0938	-1
12627.0137	-1
12632.9336	-1
12638.8535	-1
12644.7734	-1
12650.6934	-1
12656.6133	-1
12662.5332	-1
12668.4531	-1
12674.3730	-1
12680.2930	-1
12686.2129	-1
12692.1328	-1
12698.0527	1
12703.9727	1
12709.8926	1
12715.8125	1
12721.7324	1
12727.6523	1
12733.5723	1
12739.4932	1
12745.4141	1
12751.3350	1
12757.2559	1
12763.1768	1
12769.0977	1
12775.0186	1
12780.9395	-1
12786.8604	-1
12792.7812	-1
12798.7021	-1
12804.6230	-1
12810.5439	-1
12816.4648	-1
12822.3857	-1
12828.3066	-1
12834.2275	-1
12840.1484	-1
12846.0693	-1
12851.9902	-1
12857.9111	-1
12863.8320	-1
12869.7529	-1
12875.6738	-1
12881.5947	-1
12887.5166	-1
12893.4385	-1
12899.3604	-1
12905.2822	-1
12911.2041	-1
12917.1260	-1
12923.0479	-1
12928.9697	-1
12934.8916	-1
12940.8135	-1
12946.7354	-1
12952.6572	-1
12958.5801	1
12964.5029	1
12970.4258	1
12976.3486	1
12982.2715	1
12988.1943	1
12994.1172	1
13000.0400	1
13005.9639	1
13011.8877	1
13017.8145	-1
13023.7412	-1
13029.6680	-1
13035.5947	-1
13041.5215	-1
13047.4482	-1
13053.3750	-1
13059.3018	-1
13065.2285	-1
13071.1553	-1
13077.0820	-1
13083.0088	-1
13088.9355	-1
13094.8623	-1
13100.7891	-1
13106.7158	-1
13112.6426	-1
13118.5693	-1
13124.4961	-1
13130.4229	-1
13136.3496	-1
13142.2764	-1
13148.2031	-1
13154.1309	-1
13160.0586	-1
13165.9863	-1
13171.9141	-1
13177.8418	-1
13183.7695	-1
13189.6973	-1
13195.6250	-1
13201.5527	-1
13207.4805	-1
13213.4082	-1
13219.3359	-1
13225.2637	-1
13231.1914	-1
13237.1191	-1
13243.0469	-1
13248.9746	-1
13254.9023	-1
13260.8301	-1
13266.7578	-1
13272.6855	-1
13278.6133	-1
13284.5410	-1
13290.4688	-1
13296.3965	-1
13302.3242	-1
13308.2520	-1
13314.1797	-1
13320.1074	-1
13326.0352	-1
13331.9629	-1
13337.8906	-1
13343.8184	-1
13349.7461	-1
13355.6738	-1
13361.6016	-1
13367.5293	-1
13373.4580	-1
13379.3867	-1
13385.3154	-1
13391.2441	-1
13397.1729	-1
13403.1016	-1
13409.0303	1
13414.9590	1
13420.8887	1
13426.8184	1
13432.7480	1
13438.6777	1
13444.6074	1
13450.5371	1
13456.4668	1
13462.3994	-1
13468.3320	-1
13474.2646	-1
13480.1973	-1
13486.1299	-1
13492.0625	-1
13497.9961	-1
13503.9297	-1
13509.8633	-1
13515.7969	-1
13521.7305	-1
13527.6641	-1
13533.5986	-1
13539.5332	-1
13545.4678	-1
13551.4023	-1
13557.3369	-1
13563.2715	-1
13569.2061	-1
13575.1406	-1
13581.0752	-1
13587.0098	-1
13592.9443	-1
13598.8789	-1
13604.8135	-1
13610.7480	-1
13616.6826	-1
13622.6172	-1
13628.5518	-1
13634.4863	-1
13640.4209	-1
13646.3555	-1
13652.2900	-1
13658.2246	-1
13664.1592	-1
13670.0938	-1
13676.0283	-1
13681.9629	-1
13687.8975	-1
13693.8320	-1
13699.7666	-1
13705.7012	-1
13711.6357	-1
13717.5703	-1
13723.5049	-1
13729.4395	-1
13735.3740	-1
13741.3086	-1
13747.2451	-1
13753.1816	-1
13759.1182	-1
13765.0547	-1
13770.9912	-1
13776.9277	-1
13782.8643	-1
13788.8008	-1
13794.7373	-1
13800.6738	-1
13806.6104	-1
13812.5469	-1
13818.4834	-1
13824.4199	-1
13830.3564	-1
13836.2930	-1
13842.2295	-1
13848.1660	-1
13854.1025	-1
13860.0391	-1
13865.9756	-1
13871.9121	-1
13877.8486	-1
13883.7852	-1
13889.7236	-1
13895.6621	-1
13901.6006	-1
13907.5391	-1
13913.4775	-1
13919.4160	-1
13925.3545	-1
13931.2930	-1
13937.2314	-1
13943.1699	-1
13949.1084	-1
13955.0469	-1
13960.9854	-1
13966.9238	-1
13972.8623	-1
13978.8008	-1
13984.7393	-1
13990.6777	-1
13996.6162	-1
14002.5547	-1
14008.4932	-1
14014.4316	-1
14020.3701	-1
14026.3086	-1
14032.2490	-1
14038.1895	-1
14044.1299	-1
14050.0703	-1
14056.0107	-1
14061.9512	-1
14067.8916	-1
14073.8320	-1
14079.7725	-1
14085.7129	-1
14091.6533	-1
14097.5938	-1
14103.5342	-1
14109.4746	-1
14115.4150	-1
14121.3555	-1
14127.2959	-1
14133.2363	-1
14139.1768	-1
14145.1172	-1
14151.0576	-1
14156.9980	-1
14162.9385	-1
14168.8789	-1
14174.8203	-1
14180.7617	-1
14186.7031	-1
14192.6445	-1
14198.5859	-1
14204.5273	-1
14210.4688	-1
14216.4102	-1
14222.3516	-1
14228.2930	-1
14234.2344	-1
14240.1758	-1
14246.1172	-1
14252.0586	-1
14258.0000	-1
14263.9414	-1
14269.8828	-1
14275.8242	-1
14281.7656	-1
14287.7070	-1
14293.6484	-1
14299.5898	-1
14305.5430	1
14311.4980	-1
14317.4531	1
14323.4082	1
14329.3652	-1
14335.3223	-1
14341.2793	-1
14347.2363	-1
14353.1934	-1
14359.1504	-1
14365.1074	-1
14371.0645	-1
14377.0215	-1
14382.9785	-1
14388.9355	-1
14394.8926	-1
14400.8496	1
14406.8066	1
14412.7637	1
14418.7207	1
14424.6797	-1
14430.6387	-1
14436.5977	-1
14442.5566	-1
14448.5156	-1
14454.4746	-1
14460.4336	-1
14466.3926	-1
14472.3516	-1
14478.3105	-1
14484.2695	-1
14490.2285	-1
14496.1875	-1
14502.1465	-1
14508.1055	-1
14514.0645	-1
14520.0234	-1
14525.9824	-1
14531.9414	-1
14537.9004	-1
14543.8594	-1
14549.8184	-1
14555.7773	-1
14561.7363	-1
14567.6963	1
14573.6572	-1
14579.6182	-1
14585.5791	-1
14591.5400	-1
14597.5117	1
14603.4844	-1
14609.4580	1
14615.4316	1
14621.4062	-1
14627.3809	-1
14633.3555	-1
14639.3398	1
14645.3252	-1
14651.3115	1
14657.2979	1
14663.2852	-1
14669.2725	-1
14675.2695	1
14681.2686	-1
14687.2676	1
14693.2666	1
14699.2666	-1
14705.2666	-1
14711.2666	-1
14717.2666	-1
14723.2666	-1
14729.2666	-1
14735.2676	-1
14741.2686	-1
14747.2695	-1
14753.2705	-1
14759.2715	-1
14765.2725	-1
14771.2734	1
14777.2744	1
14783.2754	1
14789.2764	1
14795.2793	-1
14801.2822	-1
14807.2852	-1
14813.2881	-1
14819.2910	-1
14825.2939	-1
14831.2969	-1
14837.2998	-1
14843.3027	-1
14849.3057	-1
14855.3086	-1
14861.3115	-1
14867.3145	-1
14873.3174	-1
14879.3203	-1
14885.3232	-1
14891.3262	-1
14897.3291	-1
14903.3320	-1
14909.3350	-1
14915.3486	1
14921.3633	-1
14927.3789	1
14933.3945	1
14939.4111	-1
14945.4277	-1
14951.4443	-1
14957.4609	-1
14963.4775	-1
14969.4941	-1
14975.5107	-1
14981.5273	-1
14987.5439	-1
14993.5703	1
14999.5977	-1
15005.6260	1
15011.6543	1
15017.6836	-1
15023.7129	-1
15029.7422	-1
15035.7812	1
15041.8213	-1
15047.8623	1
15053.9033	1
15059.9443	-1
15065.9863	-1
15072.0381	1
15078.0908	-1
15084.1445	1
15090.1982	1
15096.2529	-1
15102.3076	-1
15108.3721	1
15114.4375	-1
15120.5029	1
15126.5684	1
15132.6348	-1
15138.7012	-1
15144.7783	1
15150.8564	-1
15156.9355	1
15163.0146	1
15169.0938	-1
15175.1738	-1
15181.2627	1
15187.3535	-1
15193.4443	1
15199.5352	1
15205.6270	-1
15211.7188	-1
15217.8105	-1
15223.9023	-1
15229.9941	-1
15236.0859	-1
15242.1777	-1
15248.2695	-1
15254.3613	-1
15260.4531	-1
15266.5449	-1
15272.6367	-1
15278.7295	1
15284.8223	1
15290.9150	1
15297.0078	1
15303.1016	-1
15309.1953	-1
15315.2891	-1
15321.3828	-1
15327.4766	-1
15333.5703	-1
15339.6641	1
15345.7578	1
15351.8525	-1
15357.9473	-1
15364.0420	-1
15370.1367	-1
15376.2314	-1
15382.3262	-1
15388.4209	1
15394.5156	1
15400.6104	-1
15406.7051	-1
15412.7998	-1
15418.8945	-1
15424.9893	-1
15431.0840	-1
15437.1787	-1
15443.2734	-1
15449.3682	-1
15455.4629	-1
15461.5576	-1
15467.6523	-1
15473.7480	1
15479.8438	1
15485.9395	1
15492.0371	-1
15498.1348	-1
15504.2324	-1
15510.3301	-1
15516.4277	-1
15522.5254	-1
15528.6230	-1
15534.7207	-1
15540.8184	-1
15546.9160	-1
15553.0137	-1
15559.1113	-1
15565.2090	-1
15571.3066	-1
15577.4043	-1
15583.5020	-1
15589.5996	-1
15595.6973	-1
15601.7949	-1
15607.8926	-1
15613.9902	-1
15620.0879	-1
15626.1855	-1
15632.2832	-1
15638.3809	-1
15644.4785	-1
15650.5762	-1
15656.6738	-1
15662.7715	-1
15668.8691	-1
15674.9678	-1
15681.0664	-1
15687.1650	-1
15693.2637	-1
15699.3623	-1
15705.4609	-1
15711.5596	-1
15717.6582	-1
15723.7568	-1
15729.8662	1
15735.9766	-1
15742.0869	1
15748.1982	1
15754.3096	-1
15760.4209	-1
15766.5430	1
15772.6660	-1
15778.7891	1
15784.9121	1
15791.0371	-1
15797.1621	-1
15803.2871	-1
15809.4121	-1
15815.5371	-1
15821.6621	-1
15827.7871	-1
15833.9121	-1
15840.0371	-1
15846.1621	-1
15852.2871	-1
15858.4121	-1
15864.5371	1
15870.6621	1
15876.7871	1
15882.9121	1
15889.0391	-1
15895.1660	-1
15901.2930	-1
15907.4199	-1
15913.5469	-1
15919.6738	-1
15925.8008	-1
15931.9277	-1
15938.0547	-1
15944.1816	-1
15950.3086	-1
15956.4355	-1
15962.5625	-1
15968.6895	-1
15974.8164	-1
15980.9434	-1
15987.0703	-1
15993.1973	-1
15999.3242	-1
16005.4512	-1
16011.5781	-1
16017.7051	-1
16023.8320	-1
16029.9590	-1
16036.0859	1
16042.2129	1
16048.3418	-1
16054.4707	-1
16060.5996	-1
16066.7285	-1
16072.8574	-1
16078.9863	-1
16085.1152	-1
16091.2539	1
16097.3936	-1
16103.5332	1
16109.6729	1
16115.8145	-1
16121.9561	-1
16128.0977	-1
16134.2393	-1
16140.3809	-1
16146.5225	-1
16152.6641	-1
16158.8057	-1
16164.9473	-1
16171.0889	-1
16177.2305	-1
16183.3721	-1
16189.5137	1
16195.6553	1
16201.7969	1
16207.9385	1
16214.0811	-1
16220.2236	-1
16226.3662	-1
16232.5088	-1
16238.6514	-1
16244.7939	-1
16250.9375	1
16257.0811	1
16263.2246	-1
16269.3682	-1
16275.5117	-1
16281.6553	-1
16287.7988	-1
16293.9424	-1
16300.0859	-1
16306.2295	-1
16312.3730	-1
16318.5166	-1
16324.6602	-1
16330.8037	-1
16336.9473	-1
16343.0908	-1
16349.2344	-1
16355.3779	-1
16361.5215	-1
16367.6650	-1
16373.8096	1
16379.9541	1
16386.0996	1
16392.2441	1
16398.3887	1
16404.5332	1
16410.6797	-1
16416.8262	-1
16422.9727	-1
16429.1191	-1
16435.2656	-1
16441.4121	-1
16447.5586	-1
16453.7051	-1
16459.8516	-1
16465.9980	-1
16472.1445	-1
16478.2910	-1
16484.4375	1
16490.5840	1
16496.7305	1
16502.8770	1
16509.0254	-1
16515.1738	-1
16521.3223	-1
16527.4707	-1
16533.6191	-1
16539.7676	-1
16545.9160	-1
16552.0645	-1
16558.2129	-1
16564.3613	-1
16570.5098	-1
16576.6582	-1
16582.8066	-1
16588.9551	-1
16595.1035	-1
16601.2520	-1
16607.4004	-1
16613.5488	-1
16619.6973	-1
16625.8457	-1
16631.9941	-1
16638.1426	-1
16644.2910	-1
16650.4395	-1
16656.5898	-1
16662.7402	-1
16668.8906	-1
16675.0410	-1
16681.1914	-1
16687.3418	-1
16693.4922	-1
16699.6426	-1
16705.7930	-1
16711.9434	-1
16718.0938	-1
16724.2441	-1
16730.3945	-1
16736.5449	-1
16742.6953	-1
16748.8457	-1
16754.9961	-1
16761.1465	-1
16767.2969	-1
16773.4473	-1
16779.5977	-1
16785.7480	-1
16791.8984	-1
16798.0488	-1
16804.1992	-1
16810.3496	-1
16816.5000	-1
16822.6504	-1
16828.8008	-1
16834.9512	-1
16841.1016	-1
16847.2637	1
16853.4258	-1
16859.5879	1
16865.7520	1
16871.9160	-1
16878.0801	-1
16884.2539	1
16890.4297	-1
16896.6055	1
16902.7812	1
16908.9570	-1
16915.1328	-1
16921.3105	-1
16927.4883	1
16933.6758	1
16939.8652	-1
16946.0547	1
16952.2441	1
16958.4336	-1
16964.6230	-1
16970.8242	1
16977.0273	-1
16983.2305	1
16989.4336	1
16995.6367	-1
17001.8398	-1
17008.0527	1
17014.2676	-1
17020.4824	1
17026.6973	1
17032.9121	-1
17039.1270	-1
17045.3535	1
17051.5801	-1
17057.8066	1
17064.0332	1
17070.2617	-1
17076.4902	-1
17082.7188	-1
17088.9570	1
17095.1973	-1
17101.4375	1
17107.6777	1
17113.9180	-1
17120.1582	-1
17126.3984	-1
17132.6484	1
17138.9004	-1
17145.1523	1
17151.4043	1
17157.6582	-1
17163.9121	-1
17170.1758	1
17176.4414	-1
17182.7070	1
17188.9727	1
17195.2402	-1
17201.5078	-1
17207.7754	-1
17214.0527	1
17220.3320	-1
17226.6113	1
17232.8906	1
17239.1699	-1
17245.4492	-1
17251.7285	-1
17258.0195	1
17264.3125	-1
17270.6055	1
17276.8984	1
17283.1914	-1
17289.4844	-1
17295.7891	1
17302.0957	-1
17308.4023	1
17314.7090	1
17321.0156	-1
17327.3223	-1
17333.6406	1
17339.9590	-1
17346.2793	1
17352.5996	1
17358.9199	-1
17365.2402	-1
17371.5605	-1
17377.8809	-1
17384.2012	-1
17390.5215	-1
17396.8418	-1
17403.1621	-1
17409.4824	-1
17415.8027	-1
17422.1230	-1
17428.4434	-1
17434.7656	1
17441.0879	1
17447.4102	1
17453.7324	1
17460.0566	-1
17466.3809	-1
17472.7051	-1
17479.0293	-1
17485.3535	-1
17491.6777	-1
17498.0020	-1
17504.3262	-1
17510.6504	-1
17516.9746	-1
17523.2988	-1
17529.6230	-1
17535.9473	-1
17542.2715	-1
17548.5957	-1
17554.9199	-1
17561.2441	-1
17567.5684	-1
17573.8926	-1
17580.2168	-1
17586.5410	-1
17592.8652	-1
17599.1895	-1
17605.5137	-1
17611.8379	1
17618.1621	1
17624.4883	-1
17630.8145	-1
17637.1406	-1
17643.4668	-1
17649.7930	-1
17656.1191	-1
17662.4453	-1
17668.7715	-1
17675.0977	-1
17681.4238	-1
17687.7500	-1
17694.0859	1
17700.4238	-1
17706.7617	1
17713.0996	1
17719.4395	-1
17725.7793	-1
17732.1191	-1
17738.4590	-1
17744.7988	-1
17751.1387	-1
17757.4785	-1
17763.8184	-1
17770.1582	-1
17776.4980	-1
17782.8379	-1
17789.1777	-1
17795.5176	1
17801.8574	1
17808.1973	1
17814.5371	-1
17820.8770	-1
17827.2168	-1
17833.5566	-1
17839.8965	-1
17846.2363	-1
17852.5781	-1
17858.9199	-1
17865.2617	-1
17871.6035	-1
17877.9453	-1
17884.2871	-1
17890.6289	-1
17896.9844	1
17903.3418	-1
17909.6992	1
17916.0566	1
17922.4180	-1
17928.7793	-1
17935.1406	-1
17941.5020	-1
17947.8633	-1
17954.2246	-1
17960.5859	1
17966.9473	1
17973.3086	-1
17979.6699	-1
17986.0312	-1
17992.3926	-1
17998.7539	-1
18005.1152	-1
18011.4766	1
18017.8379	1
18024.2012	-1
18030.5645	-1
18036.9277	-1
18043.2910	-1
18049.6543	-1
18056.0176	-1
18062.3809	1
18068.7441	1
18075.1074	-1
18081.4707	-1
18087.8340	-1
18094.1973	-1
18100.5605	-1
18106.9238	-1
18113.2871	-1
18119.6504	-1
18126.0137	-1
18132.3770	-1
18138.7402	-1
18145.1035	-1
18151.4668	-1
18157.8301	-1
18164.1934	-1
18170.5566	-1
18176.9219	-1
18183.2871	-1
18189.6523	1
18196.0176	1
18202.3828	1
18208.7480	1
18215.1133	1
18221.4785	1
18227.8457	-1
18234.2129	-1
18240.5801	-1
18246.9473	-1
18253.3145	-1
18259.6816	-1
18266.0488	-1
18272.4160	-1
18278.7832	-1
18285.1504	-1
18291.5176	-1
18297.8848	-1
18304.2520	-1
18310.6191	-1
18316.9863	-1
18323.3535	-1
18329.7207	-1
18336.0879	-1
18342.4551	-1
18348.8223	-1
18355.1895	-1
18361.5566	-1
18367.9238	-1
18374.2910	-1
18380.6582	1
18387.0254	1
18393.3926	1
18399.7598	1
18406.1270	1
18412.4961	1
18418.8652	1
18425.2344	1
18431.6035	-1
18437.9727	-1
18444.3418	-1
18450.7109	-1
18457.0801	-1
18463.4492	-1
18469.8184	-1
18476.1875	-1
18482.5566	-1
18488.9258	-1
18495.2949	-1
18501.6641	-1
18508.0332	-1
18514.4023	-1
18520.7715	-1
18527.1406	-1
18533.5098	-1
18539.8789	-1
18546.2480	-1
18552.6172	-1
18558.9863	-1
18565.3555	-1
18571.7246	-1
18578.0938	-1
18584.4629	1
18590.8320	1
18597.2012	1
18603.5723	1
18609.9434	1
18616.3145	1
18622.6855	1
18629.0566	1
18635.4277	-1
18641.7988	-1
18648.1699	-1
18654.5410	-1
18660.9121	-1
18667.2832	-1
18673.6562	1
18680.0293	1
18686.4023	-1
18692.7754	-1
18699.1484	-1
18705.5215	-1
18711.8945	-1
18718.2676	-1
18724.6426	-1
18731.0176	-1
18737.3926	-1
18743.7676	-1
18750.1426	-1
18756.5176	-1
18762.8926	-1
18769.2676	-1
18775.6426	-1
18782.0176	-1
18788.3926	-1
18794.7676	-1
18801.1426	-1
18807.5176	-1
18813.8926	-1
18820.2676	-1
18826.6426	-1
18833.0176	-1
18839.3926	-1
18845.7676	-1
18852.1426	-1
18858.5176	-1
18864.8926	-1
18871.2676	-1
18877.6426	-1
18884.0176	-1
18890.3926	-1
18896.7676	-1
18903.1426	-1
18909.5176	-1
18915.8926	-1
18922.2676	-1
18928.6426	-1
18935.0176	-1
18941.3926	-1
18947.7676	-1
18954.1426	-1
18960.5176	-1
18966.8926	-1
18973.2676	-1
18979.6426	-1
18986.0176	-1
18992.3926	-1
18998.7676	-1
19005.1426	-1
19011.5176	-1
19017.8926	-1
19024.2676	-1
19030.6426	-1
19037.0176	-1
19043.3926	-1
19049.7676	-1
19056.1426	-1
19062.5176	-1
19068.8945	1
19075.2715	1
19081.6484	1
19088.0254	1
19094.4023	1
19100.7793	1
19107.1562	1
19113.5332	1
19119.9102	1
19126.2871	1
19132.6641	1
19139.0410	1
19145.4180	1
19151.7949	1
19158.1719	1
19164.5488	1
19170.9258	1
19177.3027	1
19183.6816	-1
19190.0605	-1
19196.4395	-1
19202.8184	-1
19209.1973	-1
19215.5762	-1
19221.9551	-1
19228.3340	-1
19234.7129	-1
19241.0918	-1
19247.4707	-1
19253.8496	-1
19260.2285	-1
19266.6074	-1
19272.9863	-1
19279.3652	-1
19285.7441	-1
19292.1230	-1
19298.5020	-1
19304.8809	-1
19311.2598	-1
19317.6387	-1
19324.0176	-1
19330.3965	-1
19336.7793	-1
19343.1621	-1
19349.5449	-1
19355.9277	-1
19362.3105	-1
19368.6934	-1
19375.0762	-1
19381.4590	-1
19387.8418	-1
19394.2246	-1
19400.6074	-1
19406.9902	-1
19413.3730	-1
19419.7559	-1
19426.1387	-1
19432.5215	-1
19438.9043	-1
19445.2871	-1
19451.6699	-1
19458.0527	-1
19464.4355	-1
19470.8184	-1
19477.2012	-1
19483.5840	-1
19489.9668	-1
19496.3496	-1
19502.7324	-1
19509.1152	-1
19515.4980	-1
19521.8809	-1
19528.2656	-1
19534.6504	-1
19541.0352	-1
19547.4199	-1
19553.8047	-1
19560.1895	-1
19566.5742	-1
19572.9590	-1
19579.3438	-1
19585.7285	-1
19592.1133	-1
19598.4980	-1
19604.8828	-1
19611.2676	-1
19617.6523	-1
19624.0371	-1
19630.4219	-1
19636.8066	-1
19643.1934	-1
19649.5801	-1
19655.9668	-1
19662.3535	-1
19668.7402	-1
19675.1270	-1
19681.5137	-1
19687.9004	-1
19694.2871	-1
19700.6738	-1
19707.0605	-1
19713.4473	-1
19719.8340	-1
19726.2207	-1
19732.6074	-1
19738.9941	-1
19745.3809	-1
19751.7676	-1
19758.1562	-1
19764.5449	-1
19770.9336	-1
19777.3223	-1
19783.7109	-1
19790.0996	-1
19796.4883	-1
19802.8770	-1
19809.2656	-1
19815.6543	-1
19822.0430	-1
19828.4316	-1
19834.8203	-1
19841.2090	-1
19847.5977	-1
19853.9863	-1
19860.3750	-1
19866.7637	-1
19873.1523	-1
19879.5410	-1
19885.9297	-1
19892.3184	-1
19898.7070	-1
19905.0957	-1
19911.4844	-1
19917.8730	-1
19924.2617	-1
19930.6504	-1
19937.0391	-1
19943.4277	-1
19949.8164	-1
19956.2051	-1
19962.5938	-1
19968.9824	-1
19975.3711	-1
19981.7598	-1
19988.1484	-1
19994.5371	-1
20000.9258	-1
20007.3145	-1
20013.7031	-1
20020.0918	-1
20026.4805	-1
20032.8711	-1
20039.2617	-1
20045.6523	-1
20052.0430	-1
20058.4336	-1
20064.8242	-1
20071.2148	-1
20077.6055	-1
20083.9961	-1
20090.3867	-1
20096.7773	-1
20103.1680	-1
20109.5586	-1
20115.9492	-1
20122.3398	-1
20129.6211	-1
20136.9551	-1
20144.3574	-1
20151.7598	-1
20159.1621	-1
20166.6660	1
20174.1699	1
20181.6738	1
20189.1895	-1
20196.7051	-1
20204.2207	-1
20211.7559	-1
20219.3066	-1
20226.9004	-1
20241.0039	1
20255.1094	-1
