0.0000	0
0.0007	1
1.2064	-1
2.5154	1
2.8559	-2
3.1171	-2
5.0571	-2
7.8732	-2
10.5720	-2
11.0358	1
11.9632	-2
13.1757	2
14.3228	-2
15.9208	-2
19.5578	-1
28.0802	1
36.6027	1
45.1264	-1
53.6502	-1
62.1740	-1
70.6978	-1
79.2216	-1
87.7454	-1
96.2693	-1
104.7932	-1
113.3171	-1
121.8410	-1
130.3650	-1
138.8889	-1
147.4131	1
155.9374	1
164.4617	1
172.9860	1
181.5117	-1
190.0374	-1
198.5631	-1
207.0888	-1
215.6145	-1
224.1403	-1
232.6664	1
241.1925	1
249.7187	-1
258.2449	-1
266.7711	-1
275.2973	-1
283.8235	-1
292.3497	-1
300.8760	-1
309.4023	-1
317.9286	-1
326.4550	-1
334.9813	-1
343.5076	-1
352.0341	-1
360.5605	-1
369.0870	-1
377.6136	-1
386.1401	-1
394.6666	-1
403.1932	1
411.7198	1
420.2468	1
428.7739	1
437.3009	1
445.8280	1
454.3570	-1
462.8861	-1
471.4151	-1
479.9442	-1
488.4732	-1
497.0023	-1
505.5323	1
514.0624	1
522.5925	-1
531.1226	-1
539.6526	-1
548.1827	-1
556.7128	-1
565.2429	-1
573.7731	-1
582.3033	-1
590.8336	-1
599.3638	-1
607.8940	-1
616.4242	-1
624.9546	-1
633.4850	-1
642.0154	-1
650.5458	-1
659.0762	-1
667.6066	-1
676.1371	-1
684.6676	-1
693.1981	-1
701.7286	-1
710.2592	-1
718.7897	-1
727.3203	-1
735.8510	-1
744.3816	-1
752.9122	-1
761.4429	-1
769.9735	-1
778.5042	1
787.0349	1
795.5656	-1
804.0963	-1
812.6271	-1
821.1578	-1
829.6886	-1
838.2194	-1
846.7506	-1
855.2819	-1
863.8131	-1
872.3444	-1
880.8756	-1
889.4069	-1
897.9382	1
906.4697	1
915.0012	1
923.5346	-1
932.0681	-1
940.6016	-1
949.1351	-1
957.6686	-1
966.2021	-1
974.7358	-1
983.2694	-1
991.8030	-1
1000.3367	-1
1008.8703	-1
1017.4039	-1
1025.9376	-1
1034.4713	-1
1043.0050	-1
1051.5387	-1
1060.0724	-1
1068.6061	-1
1077.1407	-1
1085.6755	-1
1094.2103	-1
1102.7451	-1
1111.2799	-1
1119.8147	-1
1128.3495	-1
1136.8843	-1
1145.4191	-1
1153.9539	-1
1162.4886	-1
1171.0234	-1
1179.5583	-1
1188.0933	-1
1196.6282	-1
1205.1631	-1
1213.6980	-1
1222.2329	-1
1230.7679	-1
1239.3030	-1
1247.8380	-1
1256.3730	-1
1264.9081	-1
1273.4539	1
1282.0009	-1
1290.5481	1
1299.0953	1
1307.6437	-1
1316.1920	-1
1324.7404	-1
1333.2887	-1
1341.8370	-1
1350.3854	-1
1358.9338	-1
1367.4823	-1
1376.0308	-1
1384.5792	-1
1393.1277	-1
1401.6761	-1
1410.2249	1
1418.7736	1
1427.3224	1
1435.8712	1
1444.4213	-1
1452.9714	-1
1461.5216	-1
1470.0718	-1
1478.6219	-1
1487.1721	-1
1495.7229	1
1504.2737	-1
1512.8245	-1
1521.3752	-1
1529.9260	-1
1538.4768	-1
1547.0276	-1
1555.5784	1
1564.1292	-1
1572.6799	-1
1581.2308	-1
1589.7817	-1
1598.3326	-1
1606.8835	-1
1615.4346	-1
1623.9856	-1
1632.5366	-1
1641.0876	-1
1649.6387	-1
1658.1897	-1
1666.7407	1
1675.2921	1
1683.8435	1
1692.3950	1
1700.9465	1
1709.4980	1
1718.0511	-1
1726.6042	-1
1735.1573	-1
1743.7104	-1
1752.2635	-1
1760.8167	-1
1769.3699	-1
1777.9231	-1
1786.4763	-1
1795.0295	-1
1803.5828	-1
1812.1360	-1
1820.6896	1
1829.2446	-1
1837.7997	-1
1846.3547	-1
1854.9098	-1
1863.4648	-1
1872.0199	-1
1880.5752	-1
1889.1305	-1
1897.6858	-1
1906.2411	-1
1914.7964	-1
1923.3517	-1
1931.9071	-1
1940.4625	-1
1949.0179	-1
1957.5734	-1
1966.1288	-1
1974.6842	-1
1983.2396	-1
1991.7952	-1
2000.3507	-1
2008.9062	-1
2017.4618	-1
2026.0173	-1
2034.5729	-1
2043.1285	-1
2051.6841	-1
2060.2397	-1
2068.7954	-1
2077.3511	-1
2085.9067	-1
2094.4624	-1
2103.0181	-1
2111.5737	-1
2120.1294	-1
2128.6851	-1
2137.2412	-1
2145.7974	-1
2154.3535	-1
2162.9194	1
2171.4866	-1
2180.0540	1
2188.6216	1
2197.1902	-1
2205.7588	-1
2214.3274	-1
2222.8960	-1
2231.4646	-1
2240.0332	-1
2248.6021	-1
2257.1709	-1
2265.7397	-1
2274.3086	-1
2282.8774	-1
2291.4463	-1
2300.0154	1
2308.5845	1
2317.1536	1
2325.7227	1
2334.2935	-1
2342.8643	-1
2351.4351	-1
2360.0059	-1
2368.5767	-1
2377.1475	-1
2385.7183	-1
2394.2891	-1
2402.8599	-1
2411.4307	-1
2420.0015	-1
2428.5723	-1
2437.1433	-1
2445.7144	-1
2454.2854	-1
2462.8564	-1
2471.4275	-1
2479.9985	-1
2488.5696	-1
2497.1406	-1
2505.7117	-1
2514.2827	-1
2522.8538	-1
2531.4248	-1
2539.9961	1
2548.5676	1
2557.1401	-1
2565.7126	-1
2574.2852	-1
2582.8577	-1
2591.4302	-1
2600.0027	-1
2608.5754	-1
2617.1482	-1
2625.7209	-1
2634.3032	1
2642.8865	-1
2651.4700	1
2660.0537	1
2668.6382	-1
2677.2227	-1
2685.8167	1
2694.4116	-1
2703.0068	1
2711.6023	1
2720.1982	-1
2728.7942	-1
2737.3901	-1
2745.9861	-1
2754.5820	-1
2763.1780	-1
2771.7739	-1
2780.3699	-1
2788.9658	-1
2797.5618	-1
2806.1577	-1
2814.7537	-1
2823.3499	1
2831.9460	1
2840.5425	1
2849.1389	1
2857.7358	-1
2866.3328	-1
2874.9297	-1
2883.5266	-1
2892.1235	-1
2900.7205	-1
2909.3176	-1
2917.9148	-1
2926.5120	-1
2935.1091	-1
2943.7063	-1
2952.3035	-1
2960.9006	-1
2969.4978	-1
2978.0950	-1
2986.6921	-1
2995.2893	-1
3003.8865	-1
3012.4839	-1
3021.0813	-1
3029.6787	-1
3038.2761	-1
3046.8735	-1
3055.4709	-1
3064.0686	1
3072.6663	1
3081.2639	1
3089.8618	1
3098.4597	1
3107.0576	1
3115.6555	1
3124.2534	1
3132.8523	-1
3141.4512	-1
3150.0500	-1
3158.6489	-1
3167.2478	-1
3175.8467	-1
3184.4458	-1
3193.0449	-1
3201.6440	-1
3210.2432	-1
3218.8423	-1
3227.4414	-1
3236.0405	-1
3244.6396	-1
3253.2388	-1
3261.8379	-1
3270.4370	-1
3279.0361	-1
3287.6355	-1
3296.2349	-1
3304.8342	-1
3313.4336	-1
3322.0330	-1
3330.6323	-1
3339.2317	-1
3347.8311	-1
3356.4304	-1
3365.0298	-1
3373.6292	-1
3382.2285	-1
3390.8279	-1
3399.4272	-1
3408.0266	-1
3416.6260	-1
3425.2253	-1
3433.8247	-1
3442.4243	-1
3451.0239	-1
3459.6235	-1
3468.2231	-1
3476.8228	-1
3485.4224	-1
3494.0220	-1
3502.6216	-1
3511.2212	-1
3519.8208	-1
3528.4204	-1
3537.0200	-1
3545.6199	1
3554.2200	1
3562.8203	1
3571.4207	1
3580.0210	1
3588.6213	1
3597.2219	-1
3605.8225	-1
3614.4231	-1
3623.0237	-1
3631.6243	-1
3640.2249	-1
3648.8262	-1
3657.4275	-1
3666.0288	-1
3674.6301	-1
3683.2314	-1
3691.8328	-1
3700.4343	-1
3709.0359	-1
3717.6375	-1
3726.2390	-1
3734.8406	-1
3743.4421	-1
3752.0439	-1
3760.6458	-1
3769.2476	-1
3777.8494	-1
3786.4512	-1
3795.0530	-1
3803.6548	-1
3812.2566	-1
3820.8584	-1
3829.4602	-1
3838.0620	-1
3846.6638	-1
3855.2656	-1
3863.8674	-1
3872.4788	1
3881.0913	-1
3889.7041	1
3898.3169	1
3906.9309	-1
3915.5449	-1
3924.1589	-1
3932.7729	-1
3941.3965	1
3950.0212	-1
3958.6462	1
3967.2712	1
3975.8970	-1
3984.5227	-1
3993.1484	-1
4001.7742	-1
4010.4004	-1
4019.0359	1
4027.6724	-1
4036.3093	1
4044.9463	1
4053.5842	-1
4062.2222	-1
4070.8601	-1
4079.4980	-1
4088.1360	-1
4096.7739	-1
4105.4121	-1
4114.0503	-1
4122.6885	-1
4131.3267	-1
4139.9648	-1
4148.6030	-1
4157.2412	1
4165.8799	1
4174.5186	1
4183.1572	1
4191.7974	-1
4200.4375	-1
4209.0776	-1
4217.7178	-1
4226.3579	-1
4234.9980	-1
4243.6387	-1
4252.2793	-1
4260.9199	-1
4269.5605	-1
4278.2012	-1
4286.8418	-1
4295.4824	-1
4304.1230	-1
4312.7637	-1
4321.4043	-1
4330.0449	-1
4338.6855	-1
4347.3262	-1
4355.9668	-1
4364.6074	-1
4373.2480	-1
4381.8887	-1
4390.5293	-1
4399.1699	1
4407.8110	1
4416.4521	1
4425.0933	1
4433.7344	1
4442.3755	1
4451.0166	1
4459.6577	1
4468.3003	-1
4476.9429	-1
4485.5854	-1
4494.2280	-1
4502.8706	-1
4511.5132	-1
4520.1562	-1
4528.7993	-1
4537.4424	-1
4546.0854	-1
4554.7285	-1
4563.3716	-1
4572.0146	1
4580.6577	1
4589.3018	1
4597.9458	1
4606.5913	-1
4615.2368	-1
4623.8823	-1
4632.5278	-1
4641.1733	-1
4649.8188	-1
4658.4644	-1
4667.1099	-1
4675.7554	-1
4684.4009	-1
4693.0464	-1
4701.6919	-1
4710.3374	-1
4718.9829	-1
4727.6284	-1
4736.2739	-1
4744.9194	-1
4753.5649	-1
4762.2104	-1
4770.8560	-1
4779.5015	-1
4788.1470	-1
4796.7925	-1
4805.4380	-1
4814.0845	-1
4822.7310	-1
4831.3774	-1
4840.0239	-1
4848.6704	-1
4857.3169	-1
4865.9639	-1
4874.6108	-1
4883.2578	-1
4891.9048	-1
4900.5518	-1
4909.1987	-1
4917.8462	-1
4926.4937	-1
4935.1411	-1
4943.7886	-1
4952.4360	-1
4961.0835	-1
4969.7310	-1
4978.3784	-1
4987.0259	-1
4995.6733	-1
5004.3208	-1
5012.9683	-1
5021.6157	-1
5030.2632	-1
5038.9106	-1
5047.5581	-1
5056.2056	-1
5064.8530	-1
5073.5005	-1
5082.1479	-1
5090.7954	-1
5099.4526	1
5108.1113	-1
5116.7700	1
5125.4287	1
5134.0889	-1
5142.7490	-1
5151.4092	-1
5160.0693	-1
5168.7295	-1
5177.3896	-1
5186.0498	-1
5194.7100	-1
5203.3701	-1
5212.0303	-1
5220.6904	-1
5229.3506	-1
5238.0107	1
5246.6714	1
5255.3320	1
5263.9927	1
5272.6548	-1
5281.3169	-1
5289.9790	-1
5298.6411	-1
5307.3032	-1
5315.9653	-1
5324.6274	-1
5333.2896	-1
5341.9517	-1
5350.6138	-1
5359.2759	-1
5367.9380	-1
5376.6001	-1
5385.2622	-1
5393.9243	-1
5402.5864	-1
5411.2485	-1
5419.9106	-1
5428.5732	-1
5437.2358	-1
5445.8984	-1
5454.5610	-1
5463.2236	-1
5471.8862	-1
5480.5488	1
5489.2119	1
5497.8750	1
5506.5381	1
5515.2012	1
5523.8643	1
5532.5293	-1
5541.1943	-1
5549.8594	-1
5558.5244	-1
5567.1895	-1
5575.8545	-1
5584.5200	-1
5593.1855	-1
5601.8511	-1
5610.5166	-1
5619.1821	-1
5627.8477	-1
5636.5132	-1
5645.1787	-1
5653.8442	-1
5662.5098	-1
5671.1753	-1
5679.8408	-1
5688.5063	-1
5697.1719	-1
5705.8374	-1
5714.5029	-1
5723.1685	-1
5731.8340	-1
5740.4995	-1
5749.1650	-1
5757.8306	-1
5766.4961	-1
5775.1616	-1
5783.8271	-1
5792.4927	-1
5801.1587	-1
5809.8247	-1
5818.5000	1
5827.1763	-1
5835.8530	1
5844.5298	1
5853.2070	-1
5861.8843	-1
5870.5615	-1
5879.2388	-1
5887.9160	-1
5896.5933	-1
5905.2705	-1
5913.9478	-1
5922.6250	-1
5931.3022	-1
5939.9795	-1
5948.6567	-1
5957.3345	1
5966.0122	1
5974.6899	1
5983.3677	1
5992.0464	-1
6000.7251	-1
6009.4038	-1
6018.0825	-1
6026.7612	-1
6035.4399	-1
6044.1187	-1
6052.7974	-1
6061.4761	-1
6070.1548	-1
6078.8335	-1
6087.5122	-1
6096.1909	-1
6104.8696	-1
6113.5483	-1
6122.2271	-1
6130.9058	-1
6139.5845	-1
6148.2637	1
6156.9429	1
6165.6221	1
6174.3013	1
6182.9805	1
6191.6597	1
6200.3389	-1
6209.0181	-1
6217.6973	-1
6226.3765	-1
6235.0557	-1
6243.7349	-1
6252.4146	1
6261.0947	1
6269.7749	-1
6278.4551	-1
6287.1353	-1
6295.8154	-1
6304.4956	-1
6313.1758	-1
6321.8564	-1
6330.5371	-1
6339.2178	-1
6347.8984	-1
6356.5791	-1
6365.2598	-1
6373.9414	-1
6382.6230	-1
6391.3047	-1
6399.9863	-1
6408.6680	-1
6417.3496	-1
6426.0312	-1
6434.7129	-1
6443.3945	-1
6452.0762	-1
6460.7578	-1
6469.4395	-1
6478.1211	-1
6486.8027	-1
6495.4844	-1
6504.1660	-1
6512.8477	-1
6521.5293	-1
6530.2109	-1
6538.8926	-1
6547.5742	-1
6556.2559	-1
6564.9375	-1
6573.6191	-1
6582.3013	-1
6590.9834	-1
6599.6655	-1
6608.3477	-1
6617.0298	-1
6625.7119	-1
6634.3940	-1
6643.0859	1
6651.7788	-1
6660.4722	1
6669.1655	1
6677.8599	-1
6686.5542	-1
6695.2485	-1
6703.9429	-1
6712.6372	-1
6721.3315	-1
6730.0259	-1
6738.7295	1
6747.4346	-1
6756.1396	1
6764.8447	1
6773.5508	-1
6782.2568	-1
6790.9629	-1
6799.6787	1
6808.3955	-1
6817.1128	1
6825.8301	1
6834.5483	-1
6843.2666	-1
6851.9849	-1
6860.7031	-1
6869.4307	1
6878.1592	-1
6886.8882	1
6895.6172	1
6904.3472	-1
6913.0771	-1
6921.8071	-1
6930.5459	1
6939.2861	-1
6948.0264	1
6956.7666	1
6965.5078	-1
6974.2490	-1
6982.9995	1
6991.7515	-1
7000.5034	1
7009.2554	1
7018.0083	-1
7026.7612	-1
7035.5239	1
7044.2876	-1
7053.0518	1
7061.8159	1
7070.5806	-1
7079.3452	-1
7088.1099	-1
7096.8750	-1
7105.6494	1
7114.4253	-1
7123.2012	1
7131.9771	1
7140.7539	-1
7149.5308	-1
7158.3076	-1
7167.0850	-1
7175.8711	1
7184.6582	-1
7193.4458	1
7202.2334	1
7211.0220	-1
7219.8105	-1
7228.5991	-1
7237.3979	1
7246.1978	-1
7254.9980	1
7263.7983	1
7272.5996	-1
7281.4009	-1
7290.2021	-1
7299.0034	-1
7307.8047	-1
7316.6060	-1
7325.4077	-1
7334.2095	-1
7343.0112	-1
7351.8130	-1
7360.6147	-1
7369.4165	-1
7378.2183	1
7387.0200	1
7395.8228	-1
7404.6255	-1
7413.4282	-1
7422.2310	-1
7431.0337	-1
7439.8364	-1
7448.6396	-1
7457.4526	1
7466.2666	-1
7475.0811	1
7483.8955	1
7492.7104	-1
7501.5259	-1
7510.3506	1
7519.1763	-1
7528.0024	1
7536.8286	1
7545.6553	-1
7554.4819	-1
7563.3091	-1
7572.1455	1
7580.9829	-1
7589.8208	1
7598.6587	1
7607.4976	-1
7616.3364	-1
7625.1758	-1
7634.0151	-1
7642.8545	-1
7651.6938	-1
7660.5332	-1
7669.3726	-1
7678.2119	-1
7687.0605	1
7695.9106	-1
7704.7607	1
7713.6108	1
7722.4624	-1
7731.3140	-1
7740.1655	-1
7749.0171	-1
7757.8687	-1
7766.7202	-1
7775.5718	-1
7784.4233	-1
7793.2749	-1
7802.1265	-1
7810.9780	-1
7819.8296	-1
7828.6816	1
7837.5337	1
7846.3857	1
7855.2378	1
7864.0913	-1
7872.9448	-1
7881.7983	-1
7890.6519	-1
7899.5054	-1
7908.3589	-1
7917.2129	-1
7926.0669	-1
7934.9209	-1
7943.7749	-1
7952.6289	-1
7961.4829	-1
7970.3369	-1
7979.1909	-1
7988.0449	-1
7996.8989	-1
8005.7529	-1
8014.6069	-1
8023.4609	-1
8032.3149	-1
8041.1689	-1
8050.0229	-1
8058.8770	-1
8067.7310	-1
8076.5854	1
8085.4399	1
8094.2944	1
8103.1489	1
8112.0034	1
8120.8594	-1
8129.7153	-1
8138.5713	-1
8147.4272	-1
8156.2832	-1
8165.1392	-1
8173.9956	-1
8182.8521	-1
8191.7085	-1
8200.5654	-1
8209.4219	-1
8218.2783	-1
8227.1357	-1
8235.9932	-1
8244.8506	-1
8253.7080	-1
8262.5654	-1
8271.4229	-1
8280.2803	-1
8289.1377	-1
8297.9951	-1
8306.8525	-1
8315.7100	-1
8324.5674	-1
8333.4248	-1
8342.2822	-1
8351.1396	-1
8359.9971	-1
8368.8545	-1
8377.7119	-1
8386.5791	1
8395.4473	-1
8404.3164	1
8413.1855	1
8422.0557	-1
8430.9258	-1
8439.7959	-1
8448.6660	-1
8457.5361	-1
8466.4062	-1
8475.2764	-1
8484.1465	-1
8493.0166	-1
8501.8867	-1
8510.7568	-1
8519.6270	-1
8528.4971	1
8537.3672	1
8546.2373	1
8555.1074	1
8563.9795	-1
8572.8516	-1
8581.7236	-1
8590.5957	-1
8599.4678	-1
8608.3398	-1
8617.2119	-1
8626.0840	-1
8634.9561	-1
8643.8281	-1
8652.7002	-1
8661.5723	-1
8670.4443	-1
8679.3164	-1
8688.1885	-1
8697.0605	-1
8705.9326	-1
8714.8047	-1
8723.6768	-1
8732.5488	-1
8741.4209	-1
8750.2930	-1
8759.1650	-1
8768.0371	-1
8776.9102	1
8785.7832	1
8794.6572	-1
8803.5312	-1
8812.4053	-1
8821.2793	-1
8830.1533	-1
8839.0273	-1
8847.9014	-1
8856.7754	-1
8865.6592	1
8874.5439	-1
8883.4287	1
8892.3135	1
8901.1992	-1
8910.0850	-1
8918.9707	-1
8927.8564	-1
8936.7422	-1
8945.6279	-1
8954.5137	-1
8963.3994	-1
8972.2852	-1
8981.1709	-1
8990.0566	-1
8998.9424	-1
9007.8291	1
9016.7158	1
9025.6025	1
9034.4893	1
9043.3770	-1
9052.2646	-1
9061.1523	-1
9070.0400	-1
9078.9277	-1
9087.8154	-1
9096.7031	-1
9105.5908	-1
9114.4785	-1
9123.3672	-1
9132.2559	-1
9141.1445	-1
9150.0332	-1
9158.9219	-1
9167.8105	-1
9176.6992	-1
9185.5879	-1
9194.4766	-1
9203.3652	-1
9212.2539	-1
9221.1426	-1
9230.0312	-1
9238.9199	-1
9247.8086	-1
9256.6973	1
9265.5859	1
9274.4746	1
9283.3633	1
9292.2520	1
9301.1406	1
9310.0303	1
9318.9199	1
9327.8105	-1
9336.7012	-1
9345.5918	-1
9354.4824	-1
9363.3730	-1
9372.2637	-1
9381.1543	1
9390.0459	-1
9398.9375	-1
9407.8291	-1
9416.7207	-1
9425.6123	-1
9434.5039	-1
9443.3965	-1
9452.2891	-1
9461.1816	-1
9470.0742	-1
9478.9668	-1
9487.8594	-1
9496.7520	-1
9505.6445	-1
9514.5371	-1
9523.4297	-1
9532.3223	-1
9541.2148	-1
9550.1084	-1
9559.0020	-1
9567.8955	-1
9576.7891	-1
9585.6826	-1
9594.5762	-1
9603.4697	-1
9612.3633	-1
9621.2568	-1
9630.1504	-1
9639.0439	-1
9647.9375	-1
9656.8311	-1
9665.7246	-1
9674.6182	-1
9683.5117	-1
9692.4053	-1
9701.2988	-1
9710.1924	-1
9719.0859	-1
9727.9795	-1
9736.8730	-1
9745.7666	-1
9754.6602	-1
9763.5547	-1
9772.4492	-1
9781.3438	-1
9790.2383	-1
9799.1328	-1
9808.0361	1
9816.9414	-1
9825.8467	1
9834.7520	1
9843.6572	-1
9852.5625	-1
9861.4678	-1
9870.3730	-1
9879.2783	-1
9888.1836	-1
9897.0898	-1
9905.9961	-1
9914.9023	-1
9923.8086	-1
9932.7148	-1
9941.6211	-1
9950.5273	1
9959.4336	1
9968.3398	1
9977.2461	1
9986.1533	-1
9995.0605	-1
10003.9678	-1
10012.8750	-1
10021.7822	-1
10030.6895	-1
10039.5967	-1
10048.5039	-1
10057.4111	-1
10066.3184	-1
10075.2256	-1
10084.1328	-1
10093.0400	-1
10101.9473	-1
10110.8545	-1
10119.7617	-1
10128.6689	-1
10137.5762	-1
10146.4834	1
10155.3906	1
10164.2979	-1
10173.2051	-1
10182.1123	-1
10191.0195	-1
10199.9268	-1
10208.8340	-1
10217.7422	1
10226.6504	1
10235.5586	-1
10244.4668	-1
10253.3750	-1
10262.2832	-1
10271.1914	-1
10280.0996	-1
10289.0078	1
10297.9160	1
10306.8242	1
10315.7324	1
10324.6416	-1
10333.5508	-1
10342.4600	-1
10351.3691	-1
10360.2783	-1
10369.1875	-1
10378.0967	-1
10387.0059	-1
10395.9150	-1
10404.8242	-1
10413.7334	-1
10422.6426	-1
10431.5518	1
10440.4609	1
10449.3701	-1
10458.2793	-1
10467.1885	-1
10476.0977	-1
10485.0068	-1
10493.9160	-1
10502.8262	-1
10511.7363	-1
10520.6465	-1
10529.5566	-1
10538.4668	-1
10547.3770	-1
10556.2871	-1
10565.1973	-1
10574.1074	-1
10583.0176	-1
10591.9277	-1
10600.8379	-1
10609.7490	-1
10618.6602	-1
10627.5713	-1
10636.4824	-1
10645.3936	-1
10654.3047	-1
10663.2158	-1
10672.1270	-1
10681.0381	-1
10689.9492	-1
10698.8604	-1
10707.7715	-1
10716.6826	-1
10725.5938	-1
10734.5049	-1
10743.4160	-1
10752.3271	-1
10761.2383	-1
10770.1494	-1
10779.0605	-1
10787.9814	1
10796.9033	-1
10805.8252	1
10814.7471	1
10823.6699	-1
10832.5928	-1
10841.5156	-1
10850.4385	-1
10859.3613	-1
10868.2842	-1
10877.2070	-1
10886.1299	-1
10895.0527	-1
10903.9756	-1
10912.8984	-1
10921.8213	-1
10930.7441	1
10939.6680	-1
10948.5918	-1
10957.5156	-1
10966.4395	-1
10975.3721	1
10984.3057	-1
10993.2402	1
11002.1748	1
11011.1104	-1
11020.0459	-1
11028.9814	-1
11037.9170	-1
11046.8525	-1
11055.7881	-1
11064.7236	-1
11073.6592	-1
11082.5947	-1
11091.5303	-1
11100.4658	-1
11109.4014	-1
11118.3369	1
11127.2725	1
11136.2090	-1
11145.1455	-1
11154.0820	-1
11163.0186	-1
11171.9551	-1
11180.8916	-1
11189.8291	-1
11198.7666	-1
11207.7129	1
11216.6602	-1
11225.6084	1
11234.5566	1
11243.5059	-1
11252.4551	-1
11261.4043	-1
11270.3535	-1
11279.3027	-1
11288.2520	-1
11297.2012	-1
11306.1504	-1
11315.0996	-1
11324.0488	-1
11332.9980	-1
11341.9473	-1
11350.8965	1
11359.8457	1
11368.7959	1
11377.7461	1
11386.6973	-1
11395.6484	-1
11404.5996	-1
11413.5508	-1
11422.5020	-1
11431.4531	-1
11440.4043	-1
11449.3555	-1
11458.3066	-1
11467.2578	-1
11476.2090	-1
11485.1602	-1
11494.1123	-1
11503.0645	-1
11512.0166	-1
11520.9688	-1
11529.9209	-1
11538.8730	-1
11547.8252	-1
11556.7773	-1
11565.7295	-1
11574.6816	-1
11583.6338	-1
11592.5859	-1
11601.5381	1
11610.4902	1
11619.4424	1
11628.3945	1
11637.3467	1
11646.2988	1
11655.2510	1
11664.2031	1
11673.1582	-1
11682.1133	-1
11691.0684	-1
11700.0234	-1
11708.9785	-1
11717.9336	-1
11726.8887	-1
11735.8438	-1
11744.7988	-1
11753.7539	-1
11762.7090	-1
11771.6641	-1
11780.6191	-1
11789.5742	-1
11798.5293	-1
11807.4844	-1
11816.4395	-1
11825.3945	-1
11834.3496	-1
11843.3047	-1
11852.2598	-1
11861.2148	-1
11870.1699	-1
11879.1250	-1
11888.0811	-1
11897.0371	-1
11905.9932	-1
11914.9492	-1
11923.9053	-1
11932.8613	-1
11941.8174	-1
11950.7734	-1
11959.7295	-1
11968.6855	-1
11977.6416	-1
11986.5977	-1
11995.5537	1
12004.5098	-1
12013.4658	-1
12022.4219	-1
12031.3779	-1
12040.3340	-1
12049.2900	-1
12058.2461	1
12067.2021	1
12076.1582	1
12085.1143	-1
12094.0703	-1
12103.0264	-1
12111.9824	-1
12120.9385	-1
12129.8945	-1
12138.8506	1
12147.8066	1
12156.7637	1
12165.7207	1
12174.6777	1
12183.6348	1
12192.5918	1
12201.5488	1
12210.5059	1
12219.4629	1
12228.4199	1
12237.3770	1
12246.3369	-1
12255.2969	-1
12264.2568	-1
12273.2168	-1
12282.1768	-1
12291.1367	-1
12300.0986	1
12309.0605	-1
12318.0225	-1
12326.9844	-1
12335.9463	-1
12344.9082	-1
12353.8701	-1
12362.8320	-1
12371.7939	-1
12380.7559	-1
12389.7178	-1
12398.6797	-1
12407.6416	-1
12416.6055	-1
12425.5693	-1
12434.5332	-1
12443.4971	-1
12452.4609	-1
12461.4248	-1
12470.3887	-1
12479.3525	-1
12488.3164	-1
12497.2803	-1
12506.2441	-1
12515.2080	-1
12524.1719	-1
12533.1357	-1
12542.0996	-1
12551.0635	-1
12560.0273	-1
12568.9912	-1
12577.9551	-1
12586.9189	-1
12595.8828	-1
12604.8467	-1
12613.8105	-1
12622.7744	-1
12631.7383	-1
12640.7021	-1
12649.6660	-1
12658.6299	-1
12667.5938	-1
12676.5576	-1
12685.5215	-1
12694.4854	-1
12703.4492	-1
12712.4131	-1
12721.3770	-1
12730.3408	-1
12739.3057	-1
12748.2705	-1
12757.2354	-1
12766.2002	-1
12775.1650	-1
12784.1299	-1
12793.0947	-1
12802.0596	-1
12811.0244	-1
12819.9893	-1
12828.9541	-1
12837.9189	-1
12846.8838	-1
12855.8486	-1
12864.8135	-1
12873.7783	-1
12882.7432	-1
12891.7080	-1
12900.6729	-1
12909.6377	-1
12918.6025	-1
12927.5674	-1
12936.5322	-1
12945.4971	-1
12954.4619	-1
12963.4268	-1
12972.3916	-1
12981.3564	-1
12990.3213	-1
12999.2861	-1
13008.2510	-1
13017.2158	-1
13026.1807	-1
13035.1455	-1
13044.1104	-1
13053.0752	-1
13062.0400	-1
13071.0049	-1
13079.9697	-1
13088.9346	-1
13097.8994	-1
13106.8643	-1
13115.8311	-1
13124.7979	-1
13133.7646	-1
13142.7314	-1
13151.6982	-1
13160.6650	-1
13169.6416	1
13178.6191	-1
13187.5967	1
13196.5742	1
13205.5527	-1
13214.5312	-1
13223.5098	-1
13232.4883	-1
13241.4668	-1
13250.4453	-1
13259.4238	-1
13268.4023	-1
13277.3809	-1
13286.3594	-1
13295.3379	-1
13304.3164	-1
13313.2959	1
13322.2754	1
13331.2549	1
13340.2344	1
13349.2148	-1
13358.1953	-1
13367.1758	-1
13376.1562	-1
13385.1367	-1
13394.1172	-1
13403.0986	-1
13412.0801	-1
13421.0615	-1
13430.0430	-1
13439.0244	-1
13448.0059	-1
13456.9873	-1
13465.9688	-1
13474.9502	-1
13483.9316	-1
13492.9131	-1
13501.8945	-1
13510.8760	1
13519.8574	1
13528.8389	1
13537.8203	1
13546.8018	-1
13555.7832	-1
13564.7646	-1
13573.7461	-1
13582.7275	-1
13591.7090	-1
13600.6914	1
13609.6738	1
13618.6562	1
13627.6387	1
13636.6221	-1
13645.6055	-1
13654.5889	-1
13663.5723	-1
13672.5557	-1
13681.5391	-1
13690.5234	-1
13699.5078	-1
13708.4922	-1
13717.4766	-1
13726.4609	-1
13735.4453	-1
13744.4297	1
13753.4141	1
13762.4004	-1
13771.3867	-1
13780.3730	-1
13789.3594	-1
13798.3457	-1
13807.3320	-1
13816.3184	-1
13825.3047	-1
13834.2910	-1
13843.2773	-1
13852.2637	-1
13861.2500	-1
13870.2363	-1
13879.2227	-1
13888.2090	-1
13897.1953	-1
13906.1816	-1
13915.1680	-1
13924.1543	-1
13933.1406	-1
13942.1270	-1
13951.1133	-1
13960.0996	-1
13969.0859	-1
13978.0723	-1
13987.0586	-1
13996.0449	-1
14005.0312	-1
14014.0176	-1
14023.0039	-1
14031.9902	-1
14040.9766	-1
14049.9629	-1
14058.9492	-1
14067.9355	-1
14076.9219	-1
14085.9092	-1
14094.8965	-1
14103.8838	-1
14112.8711	-1
14121.8584	-1
14130.8457	-1
14139.8330	-1
14148.8203	-1
14157.8076	-1
14166.8047	1
14175.8027	-1
14184.8008	1
14193.7998	1
14202.7988	-1
14211.7979	-1
14220.7969	-1
14229.7959	-1
14238.7949	-1
14247.7939	-1
14256.7930	-1
14265.7920	-1
14274.8008	1
14283.8105	-1
14292.8213	1
14301.8320	1
14310.8438	-1
14319.8555	-1
14328.8672	-1
14337.8789	-1
14346.8906	-1
14355.9023	-1
14364.9141	-1
14373.9258	-1
14382.9375	-1
14391.9492	-1
14400.9609	-1
14409.9727	-1
14418.9844	1
14427.9961	1
14437.0078	1
14446.0195	1
14455.0332	-1
14464.0469	-1
14473.0605	-1
14482.0742	-1
14491.0879	-1
14500.1016	-1
14509.1152	-1
14518.1289	-1
14527.1426	-1
14536.1562	-1
14545.1699	-1
14554.1836	-1
14563.1973	-1
14572.2109	-1
14581.2246	-1
14590.2383	-1
14599.2520	-1
14608.2656	-1
14617.2803	-1
14626.2949	1
14635.3096	-1
14644.3242	-1
14653.3389	-1
14662.3535	-1
14671.3682	-1
14680.3828	1
14689.3975	1
14698.4121	1
14707.4268	1
14716.4414	1
14725.4561	1
14734.4707	1
14743.4873	-1
14752.5039	-1
14761.5205	-1
14770.5371	-1
14779.5537	-1
14788.5703	-1
14797.5869	-1
14806.6035	-1
14815.6201	-1
14824.6367	-1
14833.6533	-1
14842.6699	-1
14851.6865	-1
14860.7031	-1
14869.7197	-1
14878.7363	-1
14887.7529	-1
14896.7695	-1
14905.7871	1
14914.8047	1
14923.8223	1
14932.8398	1
14941.8574	1
14950.8750	1
14959.8936	-1
14968.9121	-1
14977.9307	-1
14986.9492	-1
14995.9678	-1
15004.9863	-1
15014.0049	-1
15023.0234	-1
15032.0420	-1
15041.0605	-1
15050.0791	-1
15059.0977	-1
15068.1162	-1
15077.1348	-1
15086.1533	-1
15095.1719	-1
15104.1904	-1
15113.2090	-1
15122.2275	-1
15131.2461	-1
15140.2646	-1
15149.2832	-1
15158.3018	-1
15167.3203	-1
15176.3398	-1
15185.3594	-1
15194.3789	-1
15203.3984	-1
15212.4180	-1
15221.4375	-1
15230.4580	1
15239.4785	1
15248.4990	1
15257.5205	-1
15266.5420	-1
15275.5635	-1
15284.5850	-1
15293.6064	-1
15302.6279	-1
15311.6494	-1
15320.6709	-1
15329.6924	-1
15338.7139	-1
15347.7354	-1
15356.7568	-1
15365.7783	-1
15374.7998	-1
15383.8213	-1
15392.8428	-1
15401.8643	-1
15410.8857	-1
15419.9082	-1
15428.9307	-1
15437.9531	-1
15446.9756	-1
15455.9980	-1
15465.0205	-1
15474.0430	-1
15483.0654	-1
15492.0879	-1
15501.1104	-1
15510.1328	-1
15519.1553	-1
15528.1777	-1
15537.2012	-1
15546.2246	-1
15555.2480	-1
15564.2715	-1
15573.2949	-1
15582.3184	-1
15591.3418	-1
15600.3652	-1
15609.3887	-1
15618.4121	-1
15627.4355	-1
15636.4600	-1
15645.4844	-1
15654.5088	-1
15663.5332	-1
15672.5576	-1
15681.5820	-1
15690.6064	-1
15699.6309	-1
15708.6553	-1
15717.6885	1
15726.7236	-1
15735.7588	1
15744.7939	1
15753.8301	-1
15762.8662	-1
15771.9023	-1
15780.9385	-1
15789.9746	-1
15799.0107	-1
15808.0469	-1
15817.0830	-1
15826.1191	-1
15835.1553	-1
15844.1914	-1
15853.2275	-1
15862.2637	1
15871.2998	1
15880.3359	-1
15889.3730	-1
15898.4102	-1
15907.4473	-1
15916.4844	-1
15925.5215	-1
15934.5586	-1
15943.5957	-1
15952.6416	1
15961.6885	-1
15970.7363	1
15979.7842	1
15988.8330	-1
15997.8818	-1
16006.9307	-1
16015.9795	-1
16025.0283	-1
16034.0771	-1
16043.1260	-1
16052.1748	-1
16061.2236	-1
16070.2725	-1
16079.3213	-1
16088.3701	-1
16097.4189	1
16106.4678	1
16115.5176	-1
16124.5674	-1
16133.6172	-1
16142.6670	-1
16151.7168	-1
16160.7666	-1
16169.8174	-1
16178.8682	-1
16187.9189	-1
16196.9795	1
16206.0410	-1
16215.1025	1
16224.1641	1
16233.2266	-1
16242.2891	-1
16251.3516	-1
16260.4141	-1
16269.4766	-1
16278.5391	-1
16287.6016	-1
16296.6641	-1
16305.7266	-1
16314.7891	-1
16323.8516	-1
16332.9141	-1
16341.9766	1
16351.0391	1
16360.1025	1
16369.1660	1
16378.2295	-1
16387.2930	-1
16396.3574	-1
16405.4219	-1
16414.4863	-1
16423.5508	-1
16432.6152	-1
16441.6797	-1
16450.7441	-1
16459.8086	-1
16468.8730	-1
16477.9375	-1
16487.0020	-1
16496.0664	-1
16505.1309	-1
16514.1953	-1
16523.2598	-1
16532.3242	-1
16541.3887	1
16550.4531	1
16559.5176	-1
16568.5820	-1
16577.6465	-1
16586.7109	-1
16595.7754	-1
16604.8398	-1
16613.9043	1
16622.9688	1
16632.0332	1
16641.0977	1
16650.1621	1
16659.2266	1
16668.2910	-1
16677.3555	-1
16686.4199	-1
16695.4844	-1
16704.5488	-1
16713.6133	-1
16722.6797	1
16731.7461	1
16740.8125	-1
16749.8789	-1
16758.9453	-1
16768.0117	-1
16777.0781	-1
16786.1445	-1
16795.2109	-1
16804.2773	-1
16813.3438	-1
16822.4102	-1
16831.4766	-1
16840.5430	-1
16849.6094	-1
16858.6758	-1
16867.7422	-1
16876.8086	1
16885.8750	-1
16894.9414	-1
16904.0078	-1
16913.0742	1
16922.1406	1
16931.2070	-1
16940.2734	-1
16949.3398	1
16958.4062	-1
16967.4727	-1
16976.5391	-1
16985.6055	-1
16994.6738	-1
17003.7422	-1
17012.8105	-1
17021.8789	-1
17030.9473	-1
17040.0156	-1
17049.0840	-1
17058.1523	-1
17067.2207	-1
17076.2891	-1
17085.3574	-1
17094.4258	-1
17103.4941	-1
17112.5625	-1
17121.6309	-1
17130.6992	-1
17139.7676	-1
17148.8359	-1
17157.9043	-1
17166.9727	-1
17176.0410	-1
17185.1094	-1
17194.1777	-1
17203.2461	-1
17212.3145	-1
17221.3828	-1
17230.4512	-1
17239.5195	-1
17248.5879	-1
17257.6562	-1
17266.7246	1
17275.7930	1
17284.8613	1
17293.9297	1
17302.9980	1
17312.0664	1
17321.1348	1
17330.2031	1
17339.2715	1
17348.3398	1
17357.4082	1
17366.4766	1
17375.5449	-1
17384.6133	-1
17393.6816	-1
17402.7500	-1
17411.8184	-1
17420.8867	-1
17429.9570	1
17439.0273	1
17448.0977	1
17457.1680	1
17466.2383	-1
17475.3086	-1
17484.3789	-1
17493.4492	-1
17502.5195	-1
17511.5898	-1
17520.6602	-1
17529.7305	-1
17538.8008	-1
17547.8711	-1
17556.9414	-1
17566.0117	-1
17575.0820	-1
17584.1523	-1
17593.2227	-1
17602.2930	-1
17611.3633	-1
17620.4336	-1
17629.5039	-1
17638.5742	-1
17647.6445	-1
17656.7148	-1
17665.7852	-1
17674.8555	-1
17683.9277	1
17693.0000	-1
17702.0723	-1
17711.1445	-1
17720.2168	-1
17729.2891	-1
17738.3613	-1
17747.4355	-1
17756.5098	-1
17765.5840	-1
17774.6582	-1
17783.7324	-1
17792.8066	-1
17801.8809	-1
17810.9551	-1
17820.0293	-1
17829.1035	-1
17838.1777	-1
17847.2520	-1
17856.3262	-1
17865.4004	-1
17874.4746	-1
17883.5488	-1
17892.6230	-1
17901.6973	-1
17910.7715	-1
17919.8457	-1
17928.9199	-1
17937.9941	-1
17947.0684	-1
17956.1426	-1
17965.2168	-1
17974.2910	-1
17983.3652	-1
17992.4395	-1
18001.5137	-1
18010.5879	-1
18019.6621	-1
18028.7363	-1
18037.8105	-1
18046.8848	-1
18055.9590	-1
18065.0332	-1
18074.1074	-1
18083.1816	-1
18092.2559	-1
18101.3301	-1
18110.4043	-1
18119.4785	-1
18128.5527	-1
18137.6270	-1
18146.7012	-1
18155.7754	-1
18164.8496	-1
18173.9238	-1
18182.9980	-1
18192.0723	-1
18201.1465	-1
18210.2207	-1
18219.2949	-1
18228.3691	-1
18237.4434	-1
18246.5176	-1
18255.5918	-1
18264.6660	-1
18273.7402	-1
18282.8145	-1
18291.8887	-1
18300.9629	-1
18310.0371	-1
18319.1113	-1
18328.1855	-1
18337.2598	-1
18346.3340	-1
18355.4082	-1
18364.4824	-1
18373.5566	-1
18382.6309	-1
18391.7051	-1
18400.7793	-1
18409.8535	-1
18418.9277	-1
18428.0020	-1
18437.0762	-1
18446.1504	-1
18455.2246	-1
18464.2988	-1
18473.3730	-1
18482.4473	-1
18491.5215	-1
18500.5957	-1
18509.6699	-1
18518.7559	1
18527.8438	-1
18536.9316	1
18546.0195	1
18555.1074	-1
18564.1953	-1
18573.2832	-1
18582.3711	-1
18591.4590	-1
18600.5469	-1
18609.6348	-1
18618.7227	-1
18627.8105	-1
18636.8984	-1
18645.9863	-1
18655.0742	-1
18664.1719	1
18673.2715	-1
18682.3711	1
18691.4707	1
18700.5723	-1
18709.6738	-1
18718.7754	-1
18727.8770	-1
18736.9785	-1
18746.0801	-1
18755.1816	-1
18764.2832	-1
18773.3848	-1
18782.4863	-1
18791.5879	-1
18800.6895	-1
18809.7910	1
18818.8926	1
18827.9941	1
18837.0957	1
18846.1973	-1
18855.2988	-1
18864.4004	-1
18873.5020	-1
18882.6035	-1
18891.7051	-1
18900.8066	-1
18909.9082	-1
18919.0098	-1
18928.1113	-1
18937.2129	-1
18946.3145	-1
18955.4160	-1
18964.5176	-1
18973.6191	-1
18982.7207	-1
18991.8223	-1
19000.9238	-1
19010.0273	1
19019.1309	-1
19028.2344	-1
19037.3379	-1
19046.4414	-1
19055.5449	-1
19064.6484	-1
19073.7520	1
19082.8555	1
19091.9590	1
19101.0625	1
19110.1660	1
19119.2695	1
19128.3730	1
19137.4766	-1
19146.5801	-1
19155.6836	-1
19164.7871	-1
19173.8906	-1
19182.9941	-1
19192.0977	-1
19201.2012	-1
19210.3047	-1
19219.4082	-1
19228.5117	-1
19237.6152	-1
19246.7188	1
19255.8223	1
19264.9258	1
19274.0293	1
19283.1348	-1
19292.2402	-1
19301.3457	-1
19310.4512	-1
19319.5566	-1
19328.6621	-1
19337.7676	-1
19346.8730	-1
19355.9785	-1
19365.0840	-1
19374.1895	-1
19383.2949	-1
19392.4004	1
19401.5059	1
19410.6113	1
19419.7168	1
19428.8223	-1
19437.9277	-1
19447.0332	-1
19456.1387	-1
19465.2441	-1
19474.3496	-1
19483.4551	-1
19492.5605	-1
19501.6660	-1
19510.7715	-1
19519.8770	-1
19528.9824	-1
19538.0879	-1
19547.1934	-1
19556.2988	-1
19565.4043	-1
19574.5098	-1
19583.6152	-1
19592.7207	-1
19601.8262	-1
19610.9316	-1
19620.0371	-1
19629.1426	-1
19638.2480	-1
19647.3555	1
19656.4629	1
19665.5703	1
19674.6777	1
19683.7852	1
19692.8926	1
19702.0000	1
19711.1074	1
19720.2148	-1
19729.3223	-1
19738.4297	-1
19747.5371	-1
19756.6445	-1
19765.7520	-1
19774.8594	-1
19783.9668	-1
19793.0742	-1
19802.1816	-1
19811.2891	-1
19820.3965	-1
19829.5039	-1
19838.6113	-1
19847.7188	-1
19856.8262	-1
19865.9336	-1
19875.0410	-1
19884.1484	-1
19893.2559	-1
19902.3633	-1
19911.4707	-1
19920.5781	-1
19929.6855	-1
19938.7930	-1
19947.9004	-1
19957.0078	-1
19966.1152	-1
19975.2227	-1
19984.3301	-1
19993.4375	-1
20002.5449	-1
20011.6523	-1
20020.7598	-1
20029.8672	-1
20038.9746	-1
20048.0820	-1
20057.1895	-1
20066.2969	-1
20075.4043	-1
20084.5117	-1
20093.6191	-1
20102.7285	1
20111.8379	1
20120.9473	1
20130.0566	1
20139.1660	1
20148.2754	1
20157.3848	1
20166.4941	1
20175.6035	1
20184.7129	1
20193.8223	1
20202.9316	1
20212.0410	1
20221.1504	1
20230.2598	-1
20239.3691	-1
20248.4785	-1
20257.5879	-1
20266.6973	-1
20275.8066	-1
20284.9160	-1
20294.0254	-1
20303.1348	-1
20312.2441	-1
20321.3535	-1
20330.4629	-1
20339.5742	-1
20348.6855	-1
20357.7969	-1
20366.9082	-1
20376.0195	-1
20385.1309	-1
20394.2422	-1
20403.3535	-1
20412.4648	-1
20421.5762	-1
20430.6875	-1
20439.7988	-1
20448.9102	-1
20458.0215	-1
20467.1328	-1
20476.2441	-1
20485.3555	-1
20494.4668	-1
20503.5781	-1
20512.6895	-1
20521.8008	-1
20530.9121	-1
20540.0234	-1
20549.1348	-1
20558.2461	-1
20567.3574	-1
20576.4688	-1
20585.5801	-1
20594.6914	-1
20603.8027	-1
20612.9141	-1
20622.0254	-1
20631.1367	-1
20640.2480	-1
20649.3594	-1
20658.4707	-1
20667.5820	-1
20676.6934	-1
20685.8047	-1
20694.9160	-1
20704.0273	-1
20713.1387	-1
20722.2500	-1
20731.3613	-1
20740.4727	-1
20749.5840	-1
20758.6953	-1
20767.8066	-1
20776.9180	1
20786.0293	1
20795.1426	1
20804.2559	1
20813.3691	1
20822.4824	1
20831.5957	1
20840.7090	1
20849.8223	1
20858.9355	1
20868.0488	1
20877.1621	1
20886.2754	1
20895.3887	1
20904.5020	1
20913.6152	-1
20922.7285	-1
20931.8418	-1
20940.9551	-1
20950.0684	-1
20959.1816	-1
20968.2969	-1
20977.4121	-1
20986.5273	-1
20995.6426	-1
21004.7578	-1
21013.8730	-1
21022.9883	-1
21032.1035	-1
21041.2188	-1
21050.3340	-1
21059.4492	-1
21068.5645	-1
21077.6797	-1
21086.7949	-1
21095.9102	-1
21105.0254	-1
21114.1406	-1
21123.2559	-1
21132.3711	-1
21141.4863	-1
21150.6016	-1
21159.7168	-1
21168.8320	-1
21177.9473	-1
21187.0625	-1
21196.1777	-1
21205.2930	-1
21214.4082	-1
21223.5234	-1
21232.6387	-1
21241.7539	-1
21250.8691	-1
21259.9844	-1
21269.0996	-1
21278.2148	-1
21287.3301	-1
21296.4453	-1
21305.5605	-1
21314.6758	-1
21323.7910	-1
21332.9062	-1
21342.0215	-1
21351.1367	-1
21360.2520	-1
21369.3672	-1
21378.4824	-1
21387.5977	-1
21396.7129	-1
21405.8281	-1
21414.9434	-1
21424.0586	-1
21433.1738	-1
21442.2891	-1
21451.4043	-1
21460.5215	-1
21469.6387	-1
21478.7559	-1
21487.8730	-1
21496.9902	-1
21506.1074	-1
21515.2246	-1
21524.3418	-1
21533.4590	-1
21542.5762	-1
21551.6934	-1
21560.8105	-1
21569.9277	-1
21579.0449	-1
21588.1621	-1
21597.2793	-1
21606.3965	-1
21615.5137	-1
21624.6328	-1
21633.7520	-1
21642.8711	-1
21651.9902	-1
21661.1094	-1
21670.2285	-1
21679.3477	-1
21688.4668	-1
21697.5859	-1
21706.7051	-1
21715.8242	-1
21724.9434	-1
21734.0625	-1
21743.1816	-1
21752.3008	-1
21761.4199	-1
21770.5391	-1
21779.6582	-1
21788.7773	-1
21797.8965	-1
21807.0156	-1
21816.1348	-1
21825.2539	-1
21834.3730	-1
21843.4922	-1
21852.6113	-1
21861.7305	-1
21870.8496	-1
21879.9688	-1
21889.0879	-1
21898.2070	-1
21907.3262	-1
21916.4453	-1
21925.5645	-1
21934.6836	-1
21943.8027	-1
21952.9219	-1
21962.0410	-1
21971.1602	-1
21980.2793	-1
21989.3984	-1
21998.5176	-1
22007.6367	-1
22016.7559	-1
22025.8750	-1
22034.9941	-1
22044.1133	-1
22053.2324	-1
22062.3516	-1
22071.4707	-1
22080.5898	-1
22089.7090	-1
22098.8281	-1
22107.9473	-1
22117.0664	-1
22126.1855	-1
22135.3047	-1
22144.4238	-1
22153.5430	-1
22162.6621	-1
22171.7812	-1
22180.9004	-1
22190.0195	-1
22199.1387	-1
22208.2578	-1
22217.3770	-1
22226.4961	-1
22235.6152	-1
22244.7344	-1
22253.8535	-1
22262.9727	-1
22272.0918	-1
22281.2109	-1
22290.3301	-1
22299.4492	-1
22308.5684	-1
22317.6875	-1
22326.8066	-1
22335.9277	-1
22345.0488	-1
22354.1699	-1
22363.2910	-1
22372.4121	-1
22381.5332	-1
22390.6543	-1
22399.7754	-1
22408.8965	-1
22418.0176	-1
22427.1504	1
22436.2852	-1
22445.4199	1
22454.5547	1
22463.6895	-1
22472.8242	-1
22481.9590	-1
22491.0938	-1
22500.2285	-1
22509.3633	-1
22518.4980	-1
22527.6328	-1
22536.7676	-1
22545.9023	-1
22555.0371	-1
22564.1719	-1
22573.3066	1
22582.4414	1
22591.5762	1
22600.7109	1
22609.8477	-1
22618.9844	-1
22628.1211	-1
22637.2578	-1
22646.3945	-1
22655.5312	-1
22664.6680	1
22673.8047	-1
22682.9414	-1
22692.0781	-1
22701.2148	-1
22710.3516	-1
22719.4883	-1
22728.6250	-1
22737.7617	-1
22746.8984	-1
22756.0352	-1
22765.1719	-1
22774.3086	-1
22783.4453	-1
22792.5820	-1
22801.7188	-1
22810.8555	-1
22819.9922	-1
22829.1289	-1
22838.2656	-1
22847.4023	-1
22856.5391	-1
22865.6758	-1
22874.8242	1
22883.9746	-1
22893.1250	1
22902.2754	1
22911.4258	-1
22920.5762	-1
22929.7266	-1
22938.8887	1
22948.0508	-1
22957.2148	1
22966.3789	1
22975.5430	-1
22984.7070	-1
22993.8828	1
23003.0586	-1
23012.2344	1
23021.4102	1
23030.5879	-1
23039.7656	-1
23048.9434	-1
23058.1211	-1
23067.2988	-1
23076.4766	-1
23085.6543	-1
23094.8320	-1
23104.0098	-1
23113.1875	-1
23122.3652	-1
23131.5430	-1
23140.7207	1
23149.8984	1
23159.0762	1
23168.2539	1
23177.4336	-1
23186.6133	-1
23195.7930	-1
23204.9727	-1
23214.1523	-1
23223.3320	-1
23232.5117	-1
23241.6914	-1
23250.8711	-1
23260.0508	-1
23269.2305	-1
23278.4102	-1
23287.5918	-1
23296.7734	-1
23305.9551	-1
23315.1367	-1
23324.3184	-1
23333.5000	-1
23342.6816	-1
23351.8633	-1
23361.0547	1
23370.2480	-1
23379.4414	1
23388.6348	1
23397.8301	-1
23407.0254	-1
23416.2207	-1
23425.4160	-1
23434.6113	-1
23443.8066	-1
23453.0020	-1
23462.1973	-1
23471.3926	-1
23480.5996	1
23489.8066	-1
23499.0156	1
23508.2246	1
23517.4336	-1
23526.6426	-1
23535.8516	-1
23545.0723	1
23554.2949	-1
23563.5176	1
23572.7402	1
23581.9629	-1
23591.1855	-1
23600.4199	1
23609.6562	-1
23618.8926	1
23628.1289	1
23637.3652	-1
23646.6016	-1
23655.8496	1
23665.0977	-1
23674.3477	1
23683.5977	1
23692.8477	-1
23702.0977	-1
23711.3574	1
23720.6191	-1
23729.8809	1
23739.1426	1
23748.4043	-1
23757.6660	-1
23766.9375	1
23776.2109	-1
23785.4844	1
23794.7578	1
23804.0332	-1
23813.3086	-1
23822.5840	-1
23831.8594	-1
23841.1348	-1
23850.4102	-1
23859.6855	-1
23868.9609	-1
23878.2363	-1
23887.5117	-1
23896.7871	-1
23906.0625	-1
23915.3379	1
23924.6133	1
23933.8887	1
23943.1641	1
23952.4414	-1
23961.7188	-1
23970.9961	-1
23980.2734	-1
23989.5508	-1
23998.8281	-1
24008.1055	-1
24017.3828	-1
24026.6602	-1
24035.9375	-1
24045.2148	-1
24054.4922	-1
24063.7695	-1
24073.0469	-1
24082.3242	-1
24091.6016	-1
24100.8789	-1
24110.1562	-1
24119.4336	-1
24128.7109	-1
24137.9883	-1
24147.2656	-1
24156.5430	-1
24165.8203	-1
24175.0977	1
24184.3750	1
24193.6523	1
24202.9297	1
24212.2090	1
24221.4883	1
24230.7676	1
24240.0488	-1
24249.3301	-1
24258.6113	-1
24267.8926	-1
24277.1738	-1
24286.4551	-1
24295.7363	-1
24305.0176	-1
24314.2988	-1
24323.5801	-1
24332.8613	-1
24342.1426	-1
24351.4238	-1
24360.7051	-1
24369.9863	-1
24379.2676	-1
24388.5488	-1
24397.8301	-1
24407.1113	-1
24416.3926	-1
24425.6738	-1
24434.9551	-1
24444.2363	-1
24453.5176	-1
24462.7988	-1
24472.0801	-1
24481.3613	-1
24490.6426	-1
24499.9238	-1
24509.2051	-1
24518.4863	-1
24527.7676	-1
24537.0488	-1
24546.3301	-1
24555.6113	-1
24564.8926	-1
24574.1738	-1
24583.4551	-1
24592.7363	-1
24602.0293	1
24611.3223	-1
24620.6152	1
24629.9082	1
24639.2031	-1
24648.4980	-1
24657.8027	1
24667.1094	-1
24676.4160	1
24685.7227	1
24695.0293	-1
24704.3359	-1
24713.6426	-1
24722.9492	-1
24732.2559	-1
24741.5625	-1
24750.8691	-1
24760.1758	-1
24769.4824	-1
24778.7891	-1
24788.0957	-1
24797.4023	-1
24806.7090	1
24816.0176	1
24825.3262	1
24834.6348	1
24843.9434	-1
24853.2520	-1
24862.5605	-1
24871.8691	-1
24881.1777	-1
24890.4863	-1
24899.7949	-1
24909.1035	-1
24918.4121	-1
24927.7207	-1
24937.0293	-1
24946.3379	-1
24955.6484	1
24964.9590	1
24974.2695	-1
24983.5801	-1
24992.8906	-1
25002.2012	-1
25011.5117	-1
25020.8223	-1
25030.1328	-1
25039.4434	-1
25048.7539	-1
25058.0645	-1
25067.3750	-1
25076.6855	-1
25085.9961	-1
25095.3066	-1
25104.6172	-1
25113.9277	-1
25123.2383	-1
25132.5488	-1
25141.8594	-1
25151.1797	1
25160.5020	-1
25169.8242	1
25179.1465	1
25188.4688	-1
25197.7910	-1
25207.1133	-1
25216.4355	-1
25225.7578	-1
25235.0801	-1
25244.4043	-1
25253.7285	-1
25263.0527	-1
25272.3770	-1
25281.7012	-1
25291.0254	-1
25300.3496	1
25309.6738	1
25318.9980	1
25328.3223	1
25337.6465	-1
25346.9707	-1
25356.2949	-1
25365.6191	-1
25374.9434	-1
25384.2676	-1
25393.5918	1
25402.9160	1
25412.2402	-1
25421.5645	-1
25430.8887	-1
25440.2129	-1
25449.5371	-1
25458.8613	-1
25468.1855	-1
25477.5098	-1
25486.8340	-1
25496.1582	-1
25505.4824	-1
25514.8066	-1
25524.1309	-1
25533.4551	-1
25542.7793	-1
25552.1035	-1
25561.4277	-1
25570.7520	-1
25580.0781	1
25589.4043	1
25598.7305	1
25608.0566	1
25617.3828	1
25626.7090	1
25636.0352	-1
25645.3613	-1
25654.6875	-1
25664.0137	-1
25673.3398	-1
25682.6660	-1
25691.9922	-1
25701.3184	-1
25710.6445	-1
25719.9707	-1
25729.2969	-1
25738.6230	-1
25747.9492	-1
25757.2754	-1
25766.6016	-1
25775.9277	-1
25785.2539	-1
25794.5801	-1
25803.9062	1
25813.2324	1
25822.5586	1
25831.8848	1
25841.2109	-1
25850.5371	-1
25859.8633	-1
25869.1895	-1
25878.5156	-1
25887.8418	-1
25897.1699	-1
25906.4980	-1
25915.8262	-1
25925.1543	-1
25934.4824	-1
25943.8105	-1
25953.1387	-1
25962.4668	-1
25971.7949	-1
25981.1230	-1
25990.4512	-1
25999.7793	-1
26009.1074	-1
26018.4355	-1
26027.7637	-1
26037.0918	-1
26046.4199	-1
26055.7480	-1
26065.0762	-1
26074.4043	-1
26083.7324	-1
26093.0605	-1
26102.3887	-1
26111.7168	-1
26121.0449	-1
26130.3730	-1
26139.7012	-1
26149.0293	-1
26158.3574	-1
26167.6855	-1
26177.0137	-1
26186.3418	-1
26195.6699	-1
26204.9980	-1
26214.3262	-1
26223.6543	-1
26232.9824	-1
26242.3105	-1
26251.6387	-1
26260.9668	-1
26270.2949	-1
26279.6230	-1
26288.9531	-1
26298.2910	1
26307.6309	-1
26316.9707	1
26326.3105	1
26335.6523	-1
26344.9941	-1
26354.3438	1
26363.6953	-1
26373.0469	1
26382.3984	1
26391.7500	-1
26401.1035	-1
26410.4648	1
26419.8281	-1
26429.1914	1
26438.5547	1
26447.9199	-1
26457.2852	-1
26466.6582	1
26476.0332	-1
26485.4082	1
26494.7832	1
26504.1602	-1
26513.5371	-1
26522.9238	1
26532.3105	-1
26541.6973	1
26551.0840	1
26560.4727	-1
26569.8613	-1
26579.2598	1
26588.6602	-1
26598.0605	1
26607.4609	1
26616.8613	-1
26626.2617	-1
26635.6621	-1
26645.0723	1
26654.4844	-1
26663.8965	1
26673.3086	1
26682.7207	-1
26692.1328	-1
26701.5449	-1
26710.9668	1
26720.3887	-1
26729.8125	1
26739.2363	1
26748.6602	-1
26758.0840	-1
26767.5176	1
26776.9512	-1
26786.3867	1
26795.8223	1
26805.2578	-1
26814.6934	-1
26824.1289	-1
26833.5742	1
26843.0195	-1
26852.4668	1
26861.9141	1
26871.3613	-1
26880.8086	-1
26890.2559	-1
26899.7129	1
26909.1699	-1
26918.6270	1
26928.0840	1
26937.5430	-1
26947.0020	-1
26956.4707	1
26965.9395	-1
26975.4082	1
26984.8770	1
26994.3477	-1
27003.8184	-1
27013.2988	1
27022.7793	-1
27032.2617	1
27041.7441	1
27051.2266	-1
27060.7090	-1
27070.1914	-1
27079.6738	-1
27089.1562	-1
27098.6387	-1
27108.1211	-1
27117.6035	-1
27127.0859	-1
27136.5684	-1
27146.0508	-1
27155.5332	-1
27165.0156	1
27174.5000	1
27183.9844	1
27193.4688	1
27202.9531	-1
27212.4375	-1
27221.9219	-1
27231.4062	-1
27240.8906	-1
27250.3750	-1
27259.8594	-1
27269.3438	-1
27278.8281	-1
27288.3125	-1
27297.7969	-1
27307.2812	-1
27316.7656	-1
27326.2500	-1
27335.7344	-1
27345.2188	-1
27354.7031	-1
27364.1875	-1
27373.6738	-1
27383.1602	-1
27392.6465	-1
27402.1328	-1
27411.6191	-1
27421.1055	-1
27430.5918	1
27440.0781	1
27449.5645	-1
27459.0508	-1
27468.5371	-1
27478.0234	-1
27487.5098	-1
27496.9961	-1
27506.4824	-1
27515.9688	-1
27525.4551	-1
27534.9414	-1
27544.4277	-1
27553.9238	1
27563.4219	-1
27572.9199	1
27582.4180	1
27591.9160	-1
27601.4141	-1
27610.9121	-1
27620.4102	-1
27629.9082	-1
27639.4062	-1
27648.9043	-1
27658.4023	-1
27667.9004	-1
27677.3984	-1
27686.8965	-1
27696.3945	-1
27705.8945	1
27715.3945	1
27724.8945	1
27734.3945	-1
27743.8945	-1
27753.3945	-1
27762.8945	-1
27772.3945	-1
27781.8945	-1
27791.3945	-1
27800.8945	-1
27810.3945	-1
27819.8945	-1
27829.3945	-1
27838.8945	-1
27848.3945	-1
27857.9043	1
27867.4160	-1
27876.9277	1
27886.4395	1
27895.9512	-1
27905.4629	-1
27914.9746	-1
27924.4863	-1
27933.9980	-1
27943.5098	-1
27953.0215	-1
27962.5332	-1
27972.0449	-1
27981.5566	-1
27991.0684	-1
28000.5801	-1
28010.0918	1
28019.6035	1
28029.1152	1
28038.6270	1
28048.1406	-1
28057.6543	-1
28067.1680	-1
28076.6816	-1
28086.1953	-1
28095.7090	-1
28105.2227	-1
28114.7363	-1
28124.2500	-1
28133.7637	-1
28143.2773	-1
28152.7910	-1
28162.3047	1
28171.8184	1
28181.3320	1
28190.8457	1
28200.3594	-1
28209.8730	-1
28219.3867	-1
28228.9004	-1
28238.4141	-1
28247.9277	-1
28257.4414	-1
28266.9551	-1
28276.4688	-1
28285.9824	-1
28295.4961	-1
28305.0098	-1
28314.5234	1
28324.0371	1
28333.5508	1
28343.0645	1
28352.5801	-1
28362.0957	-1
28371.6113	-1
28381.1270	-1
28390.6426	-1
28400.1582	-1
28409.6738	-1
28419.1895	-1
28428.7051	-1
28438.2207	-1
28447.7363	-1
28457.2520	-1
28466.7676	-1
28476.2832	-1
28485.7988	-1
28495.3145	-1
28504.8301	-1
28514.3457	-1
28523.8613	-1
28533.3770	-1
28542.8926	-1
28552.4082	-1
28561.9238	-1
28571.4395	-1
28580.9551	-1
28590.4707	-1
28599.9863	-1
28609.5020	-1
28619.0176	-1
28628.5332	-1
28638.0488	-1
28647.5645	-1
28657.0801	-1
28666.5957	-1
28676.1113	-1
28685.6270	-1
28695.1426	-1
28704.6582	-1
28714.1738	-1
28723.6895	-1
28733.2051	-1
28742.7207	-1
28752.2363	-1
28761.7520	-1
28771.2676	-1
28780.7832	-1
28790.2988	-1
28799.8145	-1
28809.3301	1
28818.8477	1
28828.3652	1
28837.8828	1
28847.4004	1
28856.9180	1
28866.4355	1
28875.9531	1
28885.4707	1
28894.9883	1
28904.5059	1
28914.0234	1
28923.5410	1
28933.0586	1
28942.5762	1
28952.0938	1
28961.6133	-1
28971.1328	-1
28980.6523	-1
28990.1719	-1
28999.6914	-1
29009.2109	-1
29018.7305	-1
29028.2500	-1
29037.7695	-1
29047.2891	-1
29056.8086	-1
29066.3281	-1
29075.8477	-1
29085.3672	-1
29094.8867	-1
29104.4062	-1
29113.9258	-1
29123.4453	-1
29132.9648	-1
29142.4844	-1
29152.0039	-1
29161.5234	-1
29171.0430	-1
29180.5625	-1
29190.0820	-1
29199.6016	-1
29209.1211	-1
29218.6406	-1
29228.1602	-1
29237.6797	-1
29247.1992	-1
29256.7188	-1
29266.2383	-1
29275.7578	-1
29285.2773	-1
29294.7969	-1
29304.3164	-1
29313.8359	-1
29323.3555	-1
29332.8750	-1
29342.3945	-1
29351.9141	-1
29361.4336	-1
29370.9531	-1
29380.4727	-1
29389.9922	-1
29399.5117	-1
29409.0312	-1
29418.5508	-1
29428.0703	-1
29437.5898	-1
29447.1094	-1
29456.6289	-1
29466.1484	-1
29475.6699	-1
29485.1914	-1
29494.7129	-1
29504.2344	-1
29513.7559	-1
29523.2773	-1
29532.7988	-1
29542.3203	-1
29551.8418	-1
29561.3633	-1
29570.8848	-1
29580.4062	-1
29589.9277	-1
29599.4492	-1
29608.9707	-1
29618.4922	-1
29628.0137	-1
29637.5352	-1
29647.0566	1
29656.5781	1
29666.0996	1
29675.6211	1
29685.1426	1
29694.6641	1
29704.1855	1
29713.7070	1
29723.2285	1
29732.7500	1
29742.2715	1
29751.7930	-1
29761.3145	-1
29770.8359	-1
29780.3574	-1
29789.8789	-1
29799.4004	-1
29808.9219	-1
29818.4434	-1
29827.9648	-1
29837.4863	-1
29847.0078	-1
29856.5293	-1
29866.0508	-1
29875.5723	-1
29885.0938	-1
29894.6172	-1
29904.1406	-1
29913.6641	-1
29923.1875	-1
29932.7109	-1
29942.2344	-1
29951.7578	-1
29961.2812	-1
29970.8047	-1
29980.3281	1
29989.8516	1
29999.3750	1
30008.8984	1
30018.4219	1
30027.9453	1
30037.4688	1
30046.9922	1
30056.5156	1
30066.0391	-1
30075.5625	-1
30085.0859	-1
30094.6094	-1
30104.1328	-1
30113.6562	-1
30123.1816	-1
30132.7070	-1
30142.2324	-1
30151.7578	-1
30161.2832	-1
30170.8086	-1
30180.3340	-1
30189.8594	-1
30199.3848	-1
30208.9102	-1
30218.4355	-1
30227.9609	-1
30237.4863	-1
30247.0117	-1
30256.5371	-1
30266.0625	-1
30275.5879	-1
30285.1133	-1
30294.6406	-1
30304.1680	-1
30313.6953	-1
30323.2227	-1
30332.7500	-1
30342.2773	-1
30351.8047	-1
30361.3320	-1
30370.8594	-1
30380.3867	-1
30389.9141	-1
30399.4414	-1
30408.9688	-1
30418.4961	-1
30428.0234	-1
30437.5508	-1
30447.0781	-1
30456.6055	-1
30466.1328	-1
30475.6602	-1
30485.1875	-1
30494.7148	-1
30504.2422	-1
30513.7695	-1
30523.2969	-1
30532.8242	-1
30542.3516	-1
30551.8789	-1
30561.4062	-1
30570.9336	-1
30580.4609	-1
30589.9883	-1
30599.5156	-1
30609.0430	-1
30618.5703	-1
30628.0977	-1
30637.6250	-1
30647.1523	-1
30656.6797	-1
30666.2070	-1
30675.7344	-1
30685.2617	-1
30694.7891	-1
30704.3164	-1
30713.8438	-1
30723.3711	-1
30732.8984	-1
30742.4258	-1
30751.9531	-1
30761.4805	-1
30771.0078	-1
30780.5352	-1
30790.0625	-1
30799.5898	-1
30809.1172	-1
30818.6445	-1
30828.1719	-1
30837.6992	-1
30847.2266	-1
30856.7539	-1
30866.2812	-1
30875.8086	-1
30885.3359	-1
30894.8633	-1
30904.3906	-1
30913.9180	-1
30923.4453	-1
30932.9727	-1
30942.5000	-1
30952.0273	-1
30961.5547	-1
30971.0820	-1
30980.6094	-1
30990.1367	-1
30999.6641	-1
31009.1914	-1
31018.7188	-1
31028.2461	-1
31037.7734	-1
31047.3008	-1
31056.8281	-1
31066.3555	-1
31075.8828	-1
31085.4102	-1
31094.9395	-1
31104.4688	-1
31113.9980	-1
31123.5273	-1
31133.0566	-1
31142.5859	-1
31152.1152	-1
31161.6445	-1
31171.1738	-1
31180.7031	-1
31197.2344	1
31213.7656	-1
