0.0000	0
0.0007	-1
1.2468	-2
1.5186	2
5.3857	-2
6.6961	2
7.0274	-1
8.2838	2
8.8172	-2
9.8626	-2
11.2979	-2
11.4355	-2
14.0547	1
14.6986	-2
16.0352	-2
16.3819	-2
16.8435	-2
17.1324	-2
17.7542	-2
22.9816	1
31.9101	-1
40.8391	1
49.7681	1
58.6981	-1
67.6280	-1
76.5580	-1
85.5010	1
94.4453	-1
103.3901	1
112.3349	1
121.2812	-1
130.2276	-1
139.1739	-1
148.1203	-1
157.0666	-1
166.0130	-1
174.9594	-1
183.9059	-1
192.8523	-1
201.8117	1
210.7724	-1
219.7335	1
228.6947	1
237.6571	-1
246.6196	-1
255.5820	-1
264.5445	-1
273.5070	-1
282.4694	-1
291.4321	-1
300.3947	-1
309.3574	-1
318.3200	-1
327.2827	-1
336.2453	-1
345.2083	1
354.1714	1
363.1355	-1
372.0997	-1
381.0639	-1
390.0281	-1
398.9923	-1
407.9565	-1
416.9208	-1
425.8851	-1
434.8494	-1
443.8138	-1
452.7781	-1
461.7560	1
470.7353	-1
479.7150	1
488.6948	1
497.6758	-1
506.6569	-1
515.6379	-1
524.6190	-1
533.6001	-1
542.5813	-1
551.5760	1
560.5725	-1
569.5695	1
578.5665	1
587.5645	-1
596.5626	-1
605.5606	-1
614.5587	-1
623.5567	-1
632.5547	-1
641.5530	-1
650.5512	-1
659.5494	-1
668.5477	-1
677.5459	-1
686.5441	-1
695.5427	1
704.5414	1
713.5400	1
722.5388	1
731.5395	-1
740.5402	-1
749.5410	-1
758.5418	-1
767.5426	-1
776.5434	-1
785.5443	-1
794.5452	-1
803.5461	-1
812.5471	-1
821.5480	-1
830.5489	-1
839.5499	-1
848.5510	-1
857.5520	-1
866.5530	-1
875.5541	-1
884.5551	-1
893.5563	-1
902.5574	-1
911.5586	-1
920.5598	-1
929.5609	-1
938.5621	-1
947.5635	1
956.5650	1
965.5665	1
974.5681	1
983.5710	-1
992.5740	-1
1001.5770	-1
1010.5800	-1
1019.5830	-1
1028.5859	-1
1037.5890	-1
1046.5920	-1
1055.5951	-1
1064.5981	-1
1073.6012	-1
1082.6042	-1
1091.6077	-1
1100.6111	-1
1109.6145	-1
1118.6179	-1
1127.6213	-1
1136.6248	-1
1145.6283	-1
1154.6318	-1
1163.6354	-1
1172.6389	-1
1181.6564	1
1190.6753	-1
1199.6946	1
1208.7139	1
1217.7344	-1
1226.7549	-1
1235.7754	-1
1244.7959	-1
1253.8164	-1
1262.8369	-1
1271.8575	-1
1280.8782	-1
1289.8988	-1
1298.9194	-1
1307.9529	1
1316.9878	-1
1326.0231	1
1335.0585	1
1344.0950	-1
1353.1315	-1
1362.1680	-1
1371.2045	-1
1380.2410	-1
1389.2776	-1
1398.3275	1
1407.3789	-1
1416.4308	1
1425.4827	1
1434.5352	-1
1443.5876	-1
1452.6403	-1
1461.6929	-1
1470.7455	-1
1479.7981	-1
1488.8508	-1
1497.9036	-1
1506.9563	-1
1516.0090	-1
1525.0618	-1
1534.1145	-1
1543.1676	1
1552.2207	1
1561.2739	1
1570.3271	1
1579.3811	-1
1588.4351	-1
1597.4890	-1
1606.5430	-1
1615.5969	-1
1624.6509	-1
1633.7050	-1
1642.7590	-1
1651.8131	-1
1660.8672	-1
1669.9213	-1
1678.9753	-1
1688.0295	-1
1697.0837	-1
1706.1379	-1
1715.1921	-1
1724.2463	-1
1733.3005	-1
1742.3551	1
1751.4097	1
1760.4644	1
1769.5190	1
1778.5739	1
1787.6287	1
1796.6836	-1
1805.7385	-1
1814.7935	-1
1823.8484	-1
1832.9033	-1
1841.9583	-1
1851.0145	-1
1860.0708	-1
1869.1271	-1
1878.1833	-1
1887.2396	-1
1896.2959	-1
1905.3523	-1
1914.4087	-1
1923.4651	-1
1932.5215	-1
1941.5779	-1
1950.6343	-1
1959.6908	-1
1968.7473	-1
1977.8038	-1
1986.8604	-1
1995.9169	-1
2004.9734	-1
2014.0300	-1
2023.0867	-1
2032.1433	-1
2041.2000	-1
2050.2566	-1
2059.3132	-1
2068.3701	-1
2077.4270	-1
2086.4839	-1
2095.5408	-1
2104.5977	-1
2113.6545	-1
2122.7114	-1
2131.7683	-1
2140.8252	-1
2149.8821	-1
2158.9390	-1
2167.9958	-1
2177.0532	1
2186.1106	1
2195.1694	1
2204.2283	1
2213.2871	1
2222.3459	1
2231.4048	1
2240.4636	1
2249.5225	1
2258.5815	1
2267.6406	1
2276.6997	1
2285.7588	1
2294.8179	1
2303.8787	-1
2312.9395	-1
2322.0002	-1
2331.0610	-1
2340.1218	-1
2349.1826	-1
2358.2441	-1
2367.3057	-1
2376.3672	-1
2385.4287	-1
2394.4902	-1
2403.5518	-1
2412.6135	-1
2421.6753	-1
2430.7371	-1
2439.7988	-1
2448.8606	-1
2457.9224	-1
2466.9851	1
2476.0479	1
2485.1106	1
2494.1733	1
2503.2361	1
2512.2991	1
2521.3623	-1
2530.4255	-1
2539.4888	-1
2548.5520	-1
2557.6152	-1
2566.6785	-1
2575.7419	-1
2584.8054	-1
2593.8689	-1
2602.9324	-1
2611.9958	-1
2621.0593	-1
2630.1228	-1
2639.1863	-1
2648.2498	-1
2657.3132	-1
2666.3767	-1
2675.4404	-1
2684.5042	-1
2693.5679	-1
2702.6316	-1
2711.6953	-1
2720.7590	-1
2729.8228	-1
2738.8867	-1
2747.9507	-1
2757.0146	-1
2766.0786	-1
2775.1426	-1
2784.2065	-1
2793.2734	1
2802.3403	1
2811.4075	1
2820.4746	1
2829.5417	1
2838.6089	-1
2847.6760	1
2856.7432	-1
2865.8103	-1
2874.8774	-1
2883.9446	-1
2893.0117	-1
2902.0789	1
2911.1460	1
2920.2131	1
2929.2805	1
2938.3479	-1
2947.4153	-1
2956.4827	-1
2965.5500	-1
2974.6174	-1
2983.6848	-1
2992.7522	-1
3001.8196	-1
3010.8870	-1
3019.9543	-1
3029.0220	-1
3038.0896	-1
3047.1572	-1
3056.2249	-1
3065.2925	-1
3074.3601	-1
3083.4277	-1
3092.4954	-1
3101.5632	-1
3110.6311	-1
3119.6990	-1
3128.7668	-1
3137.8347	-1
3146.9026	-1
3155.9707	-1
3165.0388	-1
3174.1069	-1
3183.1750	-1
3192.2432	-1
3201.3113	-1
3210.3794	-1
3219.4475	-1
3228.5156	-1
3237.5837	-1
3246.6521	-1
3255.7205	-1
3264.7888	-1
3273.8572	-1
3282.9255	-1
3291.9939	-1
3301.0623	-1
3310.1306	-1
3319.1995	1
3328.2683	1
3337.3374	1
3346.4065	1
3355.4758	1
3364.5452	1
3373.6145	1
3382.6838	1
3391.7532	1
3400.8225	1
3409.8921	-1
3418.9617	1
3428.0312	-1
3437.1008	-1
3446.1704	-1
3455.2400	-1
3464.3096	-1
3473.3792	1
3482.4487	1
3491.5183	1
3500.5879	1
3509.6575	-1
3518.7271	-1
3527.7966	-1
3536.8662	-1
3545.9358	-1
3555.0054	-1
3564.0752	1
3573.1455	-1
3582.2158	-1
3591.2861	-1
3600.3564	-1
3609.4268	-1
3618.4971	-1
3627.5674	-1
3636.6377	-1
3645.7080	-1
3654.7783	-1
3663.8486	-1
3672.9189	-1
3681.9927	-1
3691.0664	-1
3700.1401	-1
3709.2139	-1
3718.2876	-1
3727.3613	-1
3736.4351	-1
3745.5088	-1
3754.5825	-1
3763.6562	-1
3772.7300	-1
3781.8037	-1
3790.8777	-1
3799.9517	-1
3809.0256	-1
3818.0996	-1
3827.1736	-1
3836.2476	-1
3845.3215	-1
3854.3955	-1
3863.4695	-1
3872.5435	-1
3881.6174	-1
3890.6914	-1
3899.7656	-1
3908.8398	-1
3917.9141	-1
3926.9883	-1
3936.0625	-1
3945.1367	-1
3954.2109	-1
3963.2852	-1
3972.3594	-1
3981.4336	-1
3990.5078	-1
3999.5820	-1
4008.6565	-1
4017.7310	-1
4026.8054	-1
4035.8799	-1
4044.9543	-1
4054.0288	-1
4063.1035	-1
4072.1782	-1
4081.2529	-1
4090.3276	-1
4099.4023	-1
4108.4771	-1
4117.5518	-1
4126.6265	-1
4135.7012	-1
4144.7759	-1
4153.8506	-1
4162.9253	-1
4172.0000	-1
4181.0747	-1
4190.1494	-1
4199.2241	-1
4208.2988	-1
4217.3735	-1
4226.4482	-1
4235.5234	-1
4244.5986	-1
4253.6738	-1
4262.7490	-1
4271.8242	-1
4280.8994	1
4289.9746	1
4299.0498	1
4308.1250	1
4317.2012	1
4326.2773	1
4335.3535	1
4344.4302	1
4353.5068	1
4362.5835	-1
4371.6602	-1
4380.7368	-1
4389.8135	-1
4398.8901	-1
4407.9668	-1
4417.0439	-1
4426.1211	-1
4435.1982	-1
4444.2754	-1
4453.3525	-1
4462.4297	-1
4471.5068	-1
4480.5840	-1
4489.6611	-1
4498.7383	-1
4507.8154	-1
4516.8926	-1
4525.9702	-1
4535.0479	-1
4544.1255	-1
4553.2031	-1
4562.2808	-1
4571.3584	-1
4580.4360	1
4589.5137	1
4598.5918	1
4607.6699	1
4616.7480	1
4625.8262	1
4634.9043	1
4643.9824	1
4653.0605	1
4662.1387	1
4671.2168	1
4680.2949	1
4689.3735	1
4698.4521	1
4707.5312	-1
4716.6104	-1
4725.6899	-1
4734.7695	-1
4743.8491	-1
4752.9287	-1
4762.0083	-1
4771.0879	-1
4780.1675	-1
4789.2471	-1
4798.3267	-1
4807.4062	-1
4816.4858	-1
4825.5654	-1
4834.6450	-1
4843.7246	-1
4852.8042	-1
4861.8838	-1
4870.9639	-1
4880.0439	-1
4889.1240	-1
4898.2041	-1
4907.2842	-1
4916.3643	-1
4925.4443	-1
4934.5244	-1
4943.6045	-1
4952.6846	-1
4961.7646	-1
4970.8447	-1
4979.9297	-1
4989.0146	-1
4998.0996	-1
5007.1846	-1
5016.2695	-1
5025.3545	-1
5034.4395	-1
5043.5244	-1
5052.6094	-1
5061.6948	-1
5070.7803	-1
5079.8657	-1
5088.9512	-1
5098.0366	-1
5107.1221	-1
5116.2075	-1
5125.2930	-1
5134.3784	-1
5143.4639	-1
5152.5493	-1
5161.6348	-1
5170.7202	-1
5179.8057	-1
5188.8911	-1
5197.9766	-1
5207.0620	-1
5216.1475	-1
5225.2329	-1
5234.3184	-1
5243.4038	-1
5252.4897	-1
5261.5757	-1
5270.6616	-1
5279.7476	-1
5288.8335	-1
5297.9194	-1
5307.0054	-1
5316.0913	-1
5325.1772	-1
5334.2632	-1
5343.3491	-1
5352.4351	-1
5361.5210	-1
5370.6069	-1
5379.6929	-1
5388.7788	-1
5397.8647	-1
5406.9507	-1
5416.0366	-1
5425.1226	-1
5434.2085	-1
5443.2944	-1
5452.3804	-1
5461.4663	-1
5470.5527	-1
5479.6392	-1
5488.7256	-1
5497.8120	-1
5506.8984	-1
5515.9849	-1
5525.0713	-1
5534.1577	-1
5543.2441	-1
5552.3306	-1
5561.4170	-1
5570.5034	-1
5579.5898	-1
5588.6763	-1
5597.7627	-1
5606.8491	-1
5615.9355	-1
5625.0220	-1
5634.1118	-1
5643.2017	-1
5652.2915	-1
5661.3813	-1
5670.4712	-1
5679.5610	-1
5688.6509	-1
5697.7407	-1
5706.8306	-1
5715.9204	-1
5725.0103	-1
5734.1001	-1
5743.1899	-1
5752.2798	-1
5761.3696	-1
5770.4595	-1
5779.5493	-1
5788.6392	-1
5797.7290	-1
5806.8188	-1
5815.9087	-1
5824.9985	-1
5834.0884	-1
5843.1782	-1
5852.2686	-1
5861.3589	-1
5870.4492	-1
5879.5396	-1
5888.6299	-1
5897.7202	-1
5906.8105	-1
5915.9009	-1
5924.9912	-1
5934.0815	-1
5943.1719	-1
5952.2622	-1
5961.3525	-1
5970.4429	-1
5979.5332	-1
5988.6235	-1
5997.7139	-1
6006.8042	-1
6015.8950	-1
6024.9858	-1
6034.0767	-1
6043.1675	-1
6052.2583	-1
6061.3491	-1
6070.4399	-1
6079.5308	-1
6088.6216	-1
6097.7124	-1
6106.8032	-1
6115.8940	-1
6124.9849	-1
6134.0757	-1
6143.1665	-1
6152.2573	-1
6161.3481	-1
6170.4390	-1
6179.5308	-1
6188.6226	-1
6197.7144	-1
6206.8062	-1
6215.8979	-1
6224.9897	-1
6234.0820	-1
6243.1743	-1
6252.2666	-1
6261.3589	-1
6270.4512	-1
6279.5435	-1
6288.6357	-1
6297.7280	-1
6306.8203	-1
6315.9126	-1
6325.0049	-1
6334.0972	-1
6343.1895	-1
6352.2817	-1
6361.3740	-1
6370.4663	-1
6379.7056	-1
6388.9829	1
6398.2603	1
6407.5381	1
6416.8159	-1
6426.0938	-1
6435.3721	-1
6444.6504	-1
6453.9287	-1
6463.2070	-1
6472.4854	-1
6481.7637	-1
6491.0420	-1
6500.3203	-1
6509.5986	-1
6518.8770	-1
6528.1553	-1
6537.4336	-1
6546.7119	-1
6555.9902	-1
6565.2686	-1
6574.5469	-1
6583.8408	1
6593.1372	-1
6602.4341	1
6611.7310	1
6621.0288	-1
6630.3267	-1
6639.6245	-1
6648.9224	-1
6658.2202	-1
6667.5181	-1
6676.8159	-1
6686.1138	-1
6695.4116	-1
6704.7095	-1
6714.0073	-1
6723.3052	-1
6732.6035	1
6741.9019	1
6751.2007	1
6760.4995	1
6769.7993	-1
6779.0991	-1
6788.3989	-1
6797.6987	-1
6806.9985	-1
6816.2983	-1
6825.5981	-1
6834.8979	-1
6844.1978	-1
6853.4976	-1
6862.7974	-1
6872.0972	-1
6881.3975	-1
6890.6978	-1
6899.9980	-1
6909.2983	-1
6918.5986	-1
6927.8989	-1
6937.1992	-1
6946.4995	-1
6955.7998	-1
6965.1006	-1
6974.4014	-1
6983.7021	-1
6993.0029	1
7002.3037	1
7011.6045	1
7020.9053	1
7030.2061	1
7039.5073	1
7048.8091	1
7058.1108	1
7067.4141	-1
7076.7173	-1
7086.0205	-1
7095.3237	-1
7104.6270	-1
7113.9302	-1
7123.2334	-1
7132.5366	-1
7141.8398	-1
7151.1431	-1
7160.4463	-1
7169.7495	-1
7179.0527	-1
7188.3560	-1
7197.6592	-1
7206.9624	-1
7216.2656	-1
7225.5688	-1
7234.8721	-1
7244.1753	-1
7253.4785	-1
7262.7817	-1
7272.0850	-1
7281.3882	-1
7290.6929	-1
7299.9976	-1
7309.3022	1
7318.6069	-1
7327.9116	-1
7337.2163	-1
7346.5210	-1
7355.8257	1
7365.1304	1
7374.4351	1
7383.7397	-1
7393.0444	1
7402.3491	-1
7411.6538	-1
7420.9585	-1
7430.2632	-1
7439.5679	-1
7448.8726	1
7458.1772	1
7467.4819	1
7476.7866	-1
7486.0918	-1
7495.3970	-1
7504.7021	-1
7514.0073	-1
7523.3125	-1
7532.6177	-1
7541.9229	-1
7551.2280	-1
7560.5332	-1
7569.8384	-1
7579.1436	-1
7588.4497	1
7597.7559	1
7607.0620	1
7616.3682	1
7625.6743	1
7634.9805	1
7644.2866	1
7653.5928	1
7662.8999	-1
7672.2070	-1
7681.5142	-1
7690.8213	-1
7700.1284	-1
7709.4355	-1
7718.7451	-1
7728.0547	-1
7737.3643	-1
7746.6738	-1
7755.9834	-1
7765.2930	-1
7774.6025	-1
7783.9121	-1
7793.2217	-1
7802.5312	-1
7811.8408	-1
7821.1504	-1
7830.4600	-1
7839.7695	-1
7849.0791	-1
7858.3887	-1
7867.6982	-1
7877.0078	-1
7886.3179	-1
7895.6279	-1
7904.9380	-1
7914.2480	-1
7923.5581	-1
7932.8682	-1
7942.1782	-1
7951.4883	-1
7960.7983	-1
7970.1084	-1
7979.4185	-1
7988.7285	-1
7998.0386	-1
8007.3486	-1
8016.6587	-1
8025.9688	-1
8035.2788	-1
8044.5889	-1
8053.8994	-1
8063.2100	-1
8072.5205	-1
8081.8311	-1
8091.1416	-1
8100.4521	-1
8109.7627	-1
8119.0732	-1
8128.3838	-1
8137.6943	-1
8147.0049	-1
8156.3154	-1
8165.6260	-1
8174.9365	-1
8184.2471	-1
8193.5576	-1
8202.8682	-1
8212.1787	-1
8221.4893	-1
8230.7998	-1
8240.1104	-1
8249.4209	-1
8258.7314	-1
8268.0420	-1
8277.3525	-1
8286.6631	-1
8295.9736	-1
8305.2842	-1
8314.5947	-1
8323.9053	-1
8333.2178	-1
8342.5303	-1
8351.8428	-1
8361.1553	-1
8370.4678	-1
8379.7803	-1
8389.0928	1
8398.4053	-1
8407.7178	-1
8417.0303	-1
8426.3428	1
8435.6553	-1
8444.9678	-1
8454.2803	-1
8463.5928	1
8472.9053	1
8482.2178	-1
8491.5303	-1
8500.8428	-1
8510.1553	-1
8519.4678	-1
8528.7803	-1
8538.0928	1
8547.4053	1
8556.7178	1
8566.0303	1
8575.3428	1
8584.6553	-1
8593.9678	-1
8603.2803	-1
8612.5928	-1
8621.9053	1
8631.2178	-1
8640.5303	-1
8649.8428	1
8659.1553	1
8668.4678	1
8677.7812	1
8687.0947	1
8696.4111	-1
8705.7275	-1
8715.0439	-1
8724.3604	-1
8733.6768	-1
8742.9932	-1
8752.3096	-1
8761.6260	-1
8770.9424	-1
8780.2588	-1
8789.5752	-1
8798.8916	-1
8808.2080	-1
8817.5244	-1
8826.8408	-1
8836.1572	-1
8845.4736	-1
8854.7900	-1
8864.1074	-1
8873.4248	-1
8882.7422	-1
8892.0596	-1
8901.3770	-1
8910.6943	-1
8920.0117	-1
8929.3291	-1
8938.6465	-1
8947.9639	-1
8957.2812	-1
8966.5986	-1
8975.9160	-1
8985.2334	-1
8994.5508	-1
9003.8682	-1
9013.1855	-1
9022.5029	-1
9031.8203	-1
9041.1377	-1
9050.4551	-1
9059.7725	-1
9069.0898	-1
9078.4072	-1
9087.7246	-1
9097.0420	-1
9106.3594	-1
9115.6768	-1
9124.9941	-1
9134.3115	-1
9143.6309	-1
9152.9502	-1
9162.2695	-1
9171.5889	-1
9180.9082	-1
9190.2275	-1
9199.5469	-1
9208.8662	-1
9218.1855	-1
9227.5049	-1
9236.8242	-1
9246.1436	-1
9255.4629	-1
9264.7822	-1
9274.1016	-1
9283.4209	-1
9292.7402	-1
9302.0596	-1
9311.3789	-1
9320.6982	-1
9330.0176	-1
9339.3369	-1
9348.6562	-1
9357.9756	-1
9367.2959	-1
9376.6162	-1
9385.9365	-1
9395.2568	-1
9404.5771	-1
9413.8975	-1
9423.2178	-1
9432.5381	-1
9441.8584	-1
9451.1787	-1
9460.4990	-1
9469.8193	-1
9479.1396	-1
9488.4600	-1
9497.7803	-1
9507.1006	-1
9516.4346	1
9525.7695	-1
9535.1055	1
9544.4414	1
9553.7783	-1
9563.1152	-1
9572.4521	-1
9581.7891	-1
9591.1260	-1
9600.4629	-1
9609.7998	-1
9619.1367	-1
9628.4873	1
9637.8408	-1
9647.1953	1
9656.5498	1
9665.9053	-1
9675.2607	-1
9684.6162	-1
9693.9717	-1
9703.3271	-1
9712.6826	-1
9722.0381	-1
9731.3936	-1
9740.7490	-1
9750.1045	-1
9759.4600	-1
9768.8154	-1
9778.1709	1
9787.5273	-1
9796.8838	-1
9806.2402	-1
9815.5967	-1
9824.9531	-1
9834.3096	-1
9843.6826	1
9853.0566	-1
9862.4307	1
9871.8057	1
9881.1816	-1
9890.5576	-1
9899.9336	-1
9909.3096	-1
9918.6855	-1
9928.0615	-1
9937.4375	-1
9946.8135	-1
9956.1895	-1
9965.5654	-1
9974.9414	-1
9984.3311	1
9993.7227	-1
10003.1143	1
10012.5059	1
10021.8984	-1
10031.2910	-1
10040.6836	-1
10050.0762	-1
10059.4688	-1
10068.8613	-1
10078.2539	-1
10087.6465	-1
10097.0391	-1
10106.4316	-1
10115.8242	-1
10125.2168	-1
10134.6104	1
10144.0039	1
10153.3975	1
10162.7910	1
10172.1855	-1
10181.5801	-1
10190.9746	-1
10200.3691	-1
10209.7637	-1
10219.1582	-1
10228.5527	-1
10237.9473	-1
10247.3418	-1
10256.7363	-1
10266.1309	-1
10275.5254	-1
10284.9199	-1
10294.3145	-1
10303.7090	-1
10313.1035	-1
10322.4980	-1
10331.8926	-1
10341.2871	-1
10350.6816	-1
10360.0762	-1
10369.4707	-1
10378.8652	-1
10388.2598	-1
10397.6553	1
10407.0508	1
10416.4463	1
10425.8418	1
10435.2373	1
10444.6328	1
10454.0293	-1
10463.4258	-1
10472.8223	-1
10482.2188	-1
10491.6152	-1
10501.0117	-1
10510.4082	1
10519.8047	1
10529.2021	-1
10538.5996	-1
10547.9971	-1
10557.3945	-1
10566.7920	-1
10576.1895	-1
10585.5869	1
10594.9844	1
10604.3818	1
10613.7793	1
10623.1768	-1
10632.5742	-1
10641.9717	-1
10651.3691	-1
10660.7666	-1
10670.1641	-1
10679.5615	-1
10688.9590	-1
10698.3564	-1
10707.7539	-1
10717.1514	-1
10726.5488	-1
10735.9473	-1
10745.3457	-1
10754.7441	-1
10764.1426	-1
10773.5410	-1
10782.9395	-1
10792.3379	-1
10801.7363	-1
10811.1348	-1
10820.5332	-1
10829.9316	-1
10839.3301	-1
10848.7285	1
10858.1279	-1
10867.5273	-1
10876.9268	-1
10886.3262	-1
10895.7256	-1
10905.1250	-1
10914.5244	-1
10923.9238	-1
10933.3232	-1
10942.7227	-1
10952.1221	-1
10961.5215	-1
10970.9209	1
10980.3203	1
10989.7197	1
10999.1191	1
11008.5186	1
11017.9180	1
11027.3174	1
11036.7178	-1
11046.1182	-1
11055.5186	-1
11064.9189	-1
11074.3193	-1
11083.7197	-1
11093.1201	-1
11102.5205	-1
11111.9209	-1
11121.3213	-1
11130.7217	-1
11140.1221	-1
11149.5234	-1
11158.9248	-1
11168.3262	-1
11177.7275	-1
11187.1289	-1
11196.5303	-1
11205.9316	1
11215.3330	1
11224.7344	1
11234.1357	1
11243.5371	-1
11252.9385	-1
11262.3398	-1
11271.7422	-1
11281.1445	-1
11290.5469	-1
11299.9492	-1
11309.3516	-1
11318.7539	-1
11328.1562	-1
11337.5586	-1
11346.9609	-1
11356.3633	1
11365.7656	1
11375.1680	1
11384.5703	1
11393.9736	1
11403.3770	-1
11412.7803	-1
11422.1846	-1
11431.5889	-1
11440.9932	-1
11450.3975	-1
11459.8018	-1
11469.2061	-1
11478.6104	-1
11488.0146	-1
11497.4189	-1
11506.8232	-1
11516.2275	-1
11525.6318	-1
11535.0361	-1
11544.4404	-1
11553.8447	-1
11563.2490	-1
11572.6533	-1
11582.0576	-1
11591.4619	-1
11600.8662	-1
11610.2705	-1
11619.6748	-1
11629.0791	-1
11638.4834	-1
11647.8877	-1
11657.2920	-1
11666.6963	-1
11676.1006	-1
11685.5059	-1
11694.9111	-1
11704.3164	-1
11713.7217	-1
11723.1270	-1
11732.5322	-1
11741.9375	-1
11751.3428	-1
11760.7480	-1
11770.1533	-1
11779.5586	-1
11788.9639	-1
11798.3691	-1
11807.7744	-1
11817.1797	-1
11826.5850	-1
11835.9902	-1
11845.3955	-1
11854.8027	-1
11864.2100	-1
11873.6172	-1
11883.0244	-1
11892.4316	-1
11901.8389	-1
11911.2461	-1
11920.6533	-1
11930.0605	-1
11939.4678	-1
11948.8750	-1
11958.2822	-1
11967.6904	-1
11977.0986	-1
11986.5068	-1
11995.9150	-1
12005.3232	-1
12014.7314	-1
12024.1396	-1
12033.5479	-1
12042.9561	-1
12052.3643	-1
12061.7725	-1
12071.1807	-1
12080.5898	-1
12089.9990	-1
12099.4082	-1
12108.8174	-1
12118.2266	-1
12127.6357	-1
12137.0479	-1
12146.4600	-1
12155.8721	-1
12165.2842	-1
12174.6963	-1
12184.1084	-1
12193.5205	-1
12202.9326	-1
12212.3584	1
12221.7852	-1
12231.2129	1
12240.6406	1
12250.0684	-1
12259.4971	-1
12268.9258	-1
12278.3672	1
12287.8096	-1
12297.2520	1
12306.6943	1
12316.1387	-1
12325.5830	-1
12335.0273	-1
12344.4717	-1
12353.9160	-1
12363.3770	1
12372.8398	-1
12382.3027	1
12391.7656	1
12401.2295	-1
12410.6934	-1
12420.1572	-1
12429.6211	-1
12439.0850	-1
12448.5488	-1
12458.0127	-1
12467.4766	-1
12476.9404	-1
12486.4043	-1
12495.8682	-1
12505.3320	-1
12514.7969	1
12524.2617	1
12533.7275	-1
12543.1934	-1
12552.6592	-1
12562.1250	-1
12571.5908	-1
12581.0566	-1
12590.5225	-1
12599.9883	-1
12609.4668	1
12618.9473	-1
12628.4287	1
12637.9102	1
12647.3926	-1
12656.8750	-1
12666.3574	-1
12675.8398	-1
12685.3223	-1
12694.8047	-1
12704.2881	-1
12713.7715	-1
12723.2549	-1
12732.7383	-1
12742.2217	-1
12751.7051	-1
12761.1885	1
12770.6719	1
12780.1553	1
12789.6387	1
12799.1230	-1
12808.6074	-1
12818.0918	-1
12827.5762	-1
12837.0605	-1
12846.5449	-1
12856.0303	-1
12865.5156	-1
12875.0010	-1
12884.4863	-1
12893.9717	-1
12903.4570	-1
12912.9424	1
12922.4277	1
12931.9131	1
12941.3984	1
12950.8848	-1
12960.3711	-1
12969.8574	-1
12979.3438	-1
12988.8301	-1
12998.3164	-1
13007.8027	-1
13017.2891	-1
13026.7754	-1
13036.2617	-1
13045.7480	-1
13055.2344	-1
13064.7217	1
13074.2090	1
13083.6963	1
13093.1836	1
13102.6709	-1
13112.1582	-1
13121.6455	-1
13131.1328	-1
13140.6201	-1
13150.1074	-1
13159.5947	1
13169.0830	1
13178.5723	-1
13188.0615	-1
13197.5508	-1
13207.0400	-1
13216.5293	-1
13226.0186	-1
13235.5078	-1
13244.9971	-1
13254.4863	-1
13263.9756	-1
13273.4648	-1
13282.9541	-1
13292.4453	1
13301.9365	1
13311.4277	1
13320.9189	1
13330.4102	-1
13339.9014	-1
13349.3926	-1
13358.8838	-1
13368.3750	-1
13377.8662	-1
13387.3574	-1
13396.8486	-1
13406.3398	-1
13415.8311	-1
13425.3223	-1
13434.8135	-1
13444.3047	-1
13453.7959	-1
13463.2871	-1
13472.7783	-1
13482.2695	-1
13491.7607	-1
13501.2520	-1
13510.7432	-1
13520.2344	-1
13529.7256	-1
13539.2168	-1
13548.7080	-1
13558.2002	-1
13567.6924	-1
13577.1846	-1
13586.6768	-1
13596.1689	-1
13605.6611	-1
13615.1533	-1
13624.6455	-1
13634.1377	-1
13643.6299	-1
13653.1221	-1
13662.6143	-1
13672.1064	-1
13681.5986	-1
13691.0908	-1
13700.5830	-1
13710.0752	-1
13719.5674	-1
13729.0596	1
13738.5518	1
13748.0459	1
13757.5400	1
13767.0352	-1
13776.5303	-1
13786.0254	-1
13795.5205	-1
13805.0156	-1
13814.5107	-1
13824.0068	-1
13833.5029	-1
13842.9990	-1
13852.4951	-1
13861.9912	-1
13871.4873	-1
13880.9844	-1
13890.4814	-1
13899.9785	-1
13909.4756	-1
13918.9727	-1
13928.4697	-1
13937.9668	-1
13947.4639	-1
13956.9609	-1
13966.4580	-1
13975.9551	-1
13985.4521	-1
13994.9492	-1
14004.4463	-1
14013.9434	-1
14023.4404	-1
14032.9375	-1
14042.4346	-1
14051.9316	-1
14061.4287	-1
14070.9258	-1
14080.4229	-1
14089.9199	-1
14099.4170	-1
14108.9141	-1
14118.4111	-1
14127.9082	-1
14137.4053	-1
14146.9023	-1
14156.3994	-1
14165.8975	-1
14175.3955	-1
14184.8936	-1
14194.4062	1
14203.9209	-1
14213.4355	1
14222.9502	1
14232.4668	-1
14241.9834	-1
14251.5000	-1
14261.0166	-1
14270.5332	-1
14280.0498	-1
14289.5664	-1
14299.0830	-1
14308.6152	1
14318.1484	-1
14327.6826	1
14337.2168	1
14346.7520	-1
14356.2871	-1
14365.8223	-1
14375.3574	-1
14384.8926	-1
14394.4277	-1
14403.9629	-1
14413.5107	1
14423.0605	-1
14432.6113	1
14442.1621	1
14451.7139	-1
14461.2656	-1
14470.8174	-1
14480.3691	-1
14489.9209	-1
14499.4873	1
14509.0547	-1
14518.6230	1
14528.1914	1
14537.7607	-1
14547.3301	-1
14556.8994	-1
14566.4688	-1
14576.0381	-1
14585.6074	-1
14595.1768	-1
14604.7461	-1
14614.3154	-1
14623.8848	-1
14633.4541	-1
14643.0234	-1
14652.5928	1
14662.1621	1
14671.7314	1
14681.3008	1
14690.8711	-1
14700.4414	-1
14710.0117	-1
14719.5820	-1
14729.1523	-1
14738.7227	-1
14748.2930	-1
14757.8633	-1
14767.4336	-1
14777.0039	-1
14786.5742	-1
14796.1445	-1
14805.7158	-1
14815.2871	-1
14824.8584	-1
14834.4297	-1
14844.0010	-1
14853.5723	-1
14863.1436	1
14872.7148	1
14882.2861	1
14891.8574	1
14901.4287	1
14911.0000	1
14920.5713	-1
14930.1426	-1
14939.7139	-1
14949.2852	-1
14958.8564	-1
14968.4277	-1
14978.0000	-1
14987.5723	-1
14997.1445	-1
15006.7168	-1
15016.2891	-1
15025.8613	-1
15035.4346	-1
15045.0078	-1
15054.5811	-1
15064.1543	-1
15073.7275	-1
15083.3008	-1
15092.8740	-1
15102.4473	-1
15112.0205	-1
15121.5938	-1
15131.1670	-1
15140.7402	-1
15150.3135	-1
15159.8867	-1
15169.4600	-1
15179.0332	-1
15188.6064	-1
15198.1797	-1
15207.7529	-1
15217.3262	-1
15226.8994	-1
15236.4727	-1
15246.0459	-1
15255.6191	-1
15265.1934	-1
15274.7676	-1
15284.3418	-1
15293.9160	-1
15303.4902	-1
15313.0645	-1
15322.6387	1
15332.2129	1
15341.7871	1
15351.3613	1
15360.9355	1
15370.5098	1
15380.0840	1
15389.6582	1
15399.2324	1
15408.8086	-1
15418.3848	-1
15427.9609	-1
15437.5371	-1
15447.1133	-1
15456.6895	-1
15466.2656	-1
15475.8418	-1
15485.4180	-1
15494.9941	-1
15504.5703	-1
15514.1465	-1
15523.7236	-1
15533.3008	-1
15542.8779	-1
15552.4551	-1
15562.0322	-1
15571.6094	-1
15581.1865	-1
15590.7637	-1
15600.3408	-1
15609.9180	-1
15619.4951	-1
15629.0723	-1
15638.6494	-1
15648.2266	-1
15657.8037	-1
15667.3809	-1
15676.9580	-1
15686.5352	-1
15696.1123	-1
15705.6895	-1
15715.2666	-1
15724.8438	-1
15734.4209	-1
15743.9980	-1
15753.5752	-1
15763.1523	-1
15772.7295	-1
15782.3066	-1
15791.8838	-1
15801.4609	-1
15811.0381	-1
15820.6152	-1
15830.1924	-1
15839.7695	-1
15849.3467	-1
15858.9238	-1
15868.5010	-1
15878.0781	-1
15887.6553	-1
15897.2324	-1
15906.8096	-1
15916.4004	1
15925.9932	-1
15935.5859	1
15945.1787	1
15954.7725	-1
15964.3662	-1
15973.9600	-1
15983.5537	-1
15993.1475	-1
16002.7412	-1
16012.3350	-1
16021.9287	-1
16031.5225	-1
16041.1172	-1
16050.7119	-1
16060.3066	-1
16069.9014	1
16079.4961	1
16089.0908	1
16098.6855	1
16108.2822	-1
16117.8789	-1
16127.4756	-1
16137.0723	-1
16146.6689	-1
16156.2656	-1
16165.8623	-1
16175.4590	-1
16185.0557	-1
16194.6523	-1
16204.2490	-1
16213.8457	-1
16223.4424	-1
16233.0391	-1
16242.6357	-1
16252.2324	-1
16261.8291	-1
16271.4258	-1
16281.0225	-1
16290.6191	-1
16300.2158	-1
16309.8125	-1
16319.4092	-1
16329.0059	-1
16338.6035	1
16348.2012	1
16357.7988	1
16367.3965	1
16376.9941	1
16386.5918	1
16396.1895	1
16405.7871	1
16415.3867	-1
16424.9863	-1
16434.5859	-1
16444.1855	-1
16453.7852	-1
16463.3848	-1
16472.9844	1
16482.5840	1
16492.1836	-1
16501.7832	-1
16511.3828	-1
16520.9824	-1
16530.5820	-1
16540.1816	-1
16549.7832	-1
16559.3848	-1
16568.9863	-1
16578.5879	-1
16588.1895	-1
16597.7910	-1
16607.3926	-1
16616.9941	-1
16626.5957	-1
16636.1973	-1
16645.7988	-1
16655.4004	-1
16665.0020	-1
16674.6035	-1
16684.2051	-1
16693.8066	-1
16703.4082	-1
16713.0098	-1
16722.6113	-1
16732.2129	-1
16741.8145	-1
16751.4160	-1
16761.0176	-1
16770.6191	-1
16780.2207	-1
16789.8223	-1
16799.4238	-1
16809.0254	-1
16818.6270	-1
16828.2285	-1
16837.8340	-1
16847.4395	-1
16857.0449	-1
16866.6504	-1
16876.2559	-1
16885.8613	-1
16895.4668	1
16905.0723	1
16914.6777	1
16924.2832	1
16933.8887	1
16943.4941	1
16953.0996	1
16962.7051	-1
16972.3105	-1
16981.9160	-1
16991.5215	-1
17001.1270	-1
17010.7324	-1
17020.3418	-1
17029.9512	-1
17039.5605	-1
17049.1699	-1
17058.7793	-1
17068.3887	-1
17077.9980	-1
17087.6074	-1
17097.2168	-1
17106.8262	-1
17116.4355	-1
17126.0449	-1
17135.6543	-1
17145.2637	-1
17154.8730	-1
17164.4824	-1
17174.0918	-1
17183.7012	-1
17193.3105	-1
17202.9199	-1
17212.5293	-1
17222.1387	-1
17231.7480	-1
17241.3574	-1
17250.9668	-1
17260.5762	-1
17270.1855	-1
17279.7949	-1
17289.4043	-1
17299.0137	-1
17308.6230	-1
17318.2324	-1
17327.8418	-1
17337.4512	-1
17347.0605	-1
17356.6699	-1
17366.2793	-1
17375.8887	-1
17385.4980	-1
17395.1074	-1
17404.7168	-1
17414.3262	-1
17423.9355	-1
17433.5449	-1
17443.1543	-1
17452.7637	-1
17462.3867	1
17472.0117	-1
17481.6367	1
17491.2617	1
17500.8887	-1
17510.5156	-1
17520.1426	-1
17529.7695	-1
17539.3965	-1
17549.0234	-1
17558.6504	-1
17568.2773	-1
17577.9043	-1
17587.5312	-1
17597.1582	-1
17606.7852	-1
17616.4121	1
17626.0391	1
17635.6660	1
17645.2930	1
17654.9219	-1
17664.5508	-1
17674.1797	-1
17683.8086	-1
17693.4375	-1
17703.0664	-1
17712.6953	-1
17722.3242	-1
17731.9531	-1
17741.5820	-1
17751.2109	-1
17760.8398	-1
17770.4688	-1
17780.0977	-1
17789.7266	-1
17799.3555	-1
17808.9844	-1
17818.6133	-1
17828.2422	-1
17837.8711	-1
17847.5000	-1
17857.1289	-1
17866.7578	-1
17876.3867	-1
17886.0156	1
17895.6445	1
17905.2734	1
17914.9023	1
17924.5312	1
17934.1602	1
17943.7891	1
17953.4180	1
17963.0488	-1
17972.6797	-1
17982.3105	-1
17991.9414	-1
18001.5723	-1
18011.2031	-1
18020.8340	-1
18030.4648	-1
18040.0957	-1
18049.7266	-1
18059.3574	-1
18068.9883	-1
18078.6191	-1
18088.2500	-1
18097.8809	-1
18107.5117	-1
18117.1426	-1
18126.7734	-1
18136.4043	-1
18146.0352	-1
18155.6660	-1
18165.2969	-1
18174.9277	-1
18184.5586	-1
18194.1895	-1
18203.8203	-1
18213.4512	-1
18223.0820	-1
18232.7129	-1
18242.3438	-1
18251.9746	-1
18261.6055	-1
18271.2363	-1
18280.8672	-1
18290.4980	-1
18300.1289	-1
18309.7598	-1
18319.3906	-1
18329.0215	-1
18338.6523	-1
18348.2832	-1
18357.9141	-1
18367.5469	-1
18377.1797	-1
18386.8125	-1
18396.4453	-1
18406.0781	-1
18415.7109	-1
18425.3438	1
18434.9766	1
18444.6094	1
18454.2422	1
18463.8750	1
18473.5078	1
18483.1406	-1
18492.7734	-1
18502.4062	-1
18512.0391	-1
18521.6719	-1
18531.3047	-1
18540.9395	1
18550.5742	1
18560.2090	1
18569.8438	1
18579.4785	1
18589.1133	1
18598.7480	1
18608.3828	1
18618.0176	1
18627.6523	1
18637.2871	-1
18646.9219	-1
18656.5566	-1
18666.1914	-1
18675.8262	-1
18685.4609	-1
18695.0977	-1
18704.7344	-1
18714.3711	-1
18724.0078	-1
18733.6445	-1
18743.2812	-1
18752.9180	-1
18762.5547	-1
18772.1914	-1
18781.8281	-1
18791.4648	-1
18801.1016	-1
18810.7383	-1
18820.3750	-1
18830.0117	-1
18839.6484	-1
18849.2852	-1
18858.9219	-1
18868.5586	-1
18878.1953	-1
18887.8320	-1
18897.4688	-1
18907.1055	-1
18916.7422	-1
18926.3789	-1
18936.0156	-1
18945.6523	-1
18955.2891	-1
18964.9258	-1
18974.5625	-1
18984.1992	-1
18993.8359	-1
19003.4727	-1
19013.1094	-1
19022.7461	-1
19032.3828	-1
19042.0195	-1
19051.6562	-1
19061.2930	-1
19070.9297	-1
19080.5664	-1
19090.2031	-1
19099.8398	-1
19109.4766	-1
19119.1133	-1
19128.7500	-1
19138.3867	-1
19148.0234	-1
19157.6621	-1
19167.3008	-1
19176.9395	-1
19186.5781	-1
19196.2168	-1
19205.8555	-1
19215.4941	-1
19225.1328	-1
19234.7715	-1
19244.4102	-1
19254.0488	-1
19263.6875	-1
19273.3262	-1
19282.9648	-1
19292.6035	-1
19302.2422	-1
19311.8809	-1
19321.5195	-1
19331.1582	-1
19340.7969	-1
19350.4355	-1
19360.0742	-1
19369.7129	-1
19379.3516	-1
19388.9902	1
19398.6289	1
19408.2676	1
19417.9062	1
19427.5449	1
19437.1836	1
19446.8223	1
19456.4609	1
19466.0996	1
19475.7383	1
19485.3770	1
19495.0156	1
19504.6562	1
19514.2969	1
19523.9375	1
19533.5781	1
19543.2188	1
19552.8594	1
19562.5000	1
19572.1406	1
19581.7812	1
19591.4219	1
19601.0625	1
19610.7031	1
19620.3438	1
19629.9844	1
19639.6250	1
19649.2656	1
19658.9062	-1
19668.5469	-1
19678.1875	-1
19687.8281	-1
19697.4688	-1
19707.1094	-1
19716.7500	-1
19726.3906	-1
19736.0312	-1
19745.6719	-1
19755.3125	-1
19764.9531	-1
19774.5938	-1
19784.2344	-1
19793.8750	-1
19803.5156	-1
19813.1562	-1
19822.7969	-1
19832.4395	-1
19842.0820	-1
19851.7246	-1
19861.3672	-1
19871.0098	-1
19880.6523	-1
19890.2949	-1
19899.9375	-1
19909.5801	-1
19919.2227	-1
19928.8652	-1
19938.5078	-1
19948.1504	-1
19957.7930	-1
19967.4355	-1
19977.0781	-1
19986.7207	-1
19996.3633	-1
20006.0078	-1
20015.6523	-1
20025.2969	-1
20034.9414	-1
20044.5859	-1
20054.2305	-1
20063.8750	-1
20073.5195	-1
20083.1641	-1
20092.8086	-1
20102.4531	-1
20112.0977	-1
20121.7422	-1
20131.3867	-1
20141.0312	-1
20150.6758	-1
20160.3203	-1
20169.9648	-1
20179.6094	1
20189.2559	1
20198.9023	1
20208.5488	1
20218.1953	1
20227.8418	1
20237.4883	1
20247.1348	-1
20256.7812	-1
20266.4277	-1
20276.0742	-1
20285.7207	-1
20295.3672	-1
20305.0137	-1
20314.6602	-1
20324.3066	-1
20333.9531	-1
20343.5996	-1
20353.2461	-1
20362.8926	-1
20372.5391	-1
20382.1855	-1
20391.8320	-1
20401.4785	-1
20411.1250	-1
20420.7715	1
20430.4180	1
20440.0645	1
20449.7109	1
20459.3594	1
20469.0078	1
20478.6562	1
20488.3047	1
20497.9531	1
20507.6016	1
20517.2500	1
20526.8984	1
20536.5469	1
20546.1953	1
20555.8438	1
20565.4922	1
20575.1406	1
20584.7910	-1
20594.4414	-1
20604.0918	-1
20613.7422	-1
20623.3926	-1
20633.0430	-1
20642.6934	-1
20652.3438	-1
20661.9941	-1
20671.6445	-1
20681.2949	-1
20690.9453	-1
20700.5957	-1
20710.2461	-1
20719.8965	-1
20729.5469	-1
20739.1973	-1
20748.8477	-1
20758.4980	-1
20768.1484	-1
20777.7988	-1
20787.4492	-1
20797.0996	-1
20806.7500	-1
20816.4004	-1
20826.0508	-1
20835.7012	-1
20845.3516	-1
20855.0020	-1
20864.6523	-1
20874.3027	-1
20883.9531	-1
20893.6035	-1
20903.2539	-1
20912.9043	-1
20922.5547	-1
20932.2051	-1
20941.8555	-1
20951.5059	-1
20961.1562	-1
20970.8066	-1
20980.4570	-1
20990.1074	-1
20999.7578	-1
21009.4082	-1
21019.0586	-1
21028.7090	-1
21038.3594	-1
21048.0117	-1
21057.6641	-1
21067.3164	-1
21076.9688	-1
21086.6211	-1
21096.2734	-1
21105.9258	1
21115.5781	1
21125.2305	1
21134.8828	1
21144.5352	1
21154.1875	1
21163.8398	1
21173.4922	1
21183.1445	1
21192.7969	1
21202.4492	1
21212.1016	1
21221.7539	1
21231.4082	1
21241.0625	1
21250.7168	1
21260.3711	-1
21270.0254	-1
21279.6797	-1
21289.3340	-1
21298.9883	-1
21308.6426	-1
21318.2969	-1
21327.9512	-1
21337.6055	-1
21347.2598	-1
21356.9141	-1
21366.5684	-1
21376.2227	-1
21385.8770	-1
21395.5312	-1
21405.1855	-1
21414.8398	-1
21424.4941	-1
21434.1484	-1
21443.8027	-1
21453.4570	-1
21463.1113	-1
21472.7656	-1
21482.4199	-1
21492.0742	-1
21501.7285	-1
21511.3828	-1
21521.0371	-1
21530.6914	-1
21540.3457	-1
21550.0000	-1
21559.6543	-1
21569.3086	-1
21578.9629	-1
21588.6172	-1
21598.2715	-1
21607.9277	1
21617.5840	1
21627.2402	1
21636.8965	1
21646.5527	1
21656.2090	1
21665.8652	-1
21675.5215	-1
21685.1777	-1
21694.8340	-1
21704.4902	-1
21714.1465	-1
21723.8027	-1
21733.4590	-1
21743.1152	-1
21752.7715	-1
21762.4277	-1
21772.0840	-1
21781.7402	-1
21791.3965	-1
21801.0527	-1
21810.7090	-1
21820.3652	-1
21830.0215	-1
21839.6777	-1
21849.3359	-1
21858.9941	-1
21868.6523	-1
21878.3105	-1
21887.9688	-1
21897.6270	-1
21907.2852	-1
21916.9434	-1
21926.6016	-1
21936.2598	-1
21945.9180	-1
21955.5762	-1
21965.2344	-1
21974.8926	-1
21984.5508	-1
21994.2090	-1
22003.8672	-1
22013.5254	-1
22023.1836	-1
22032.8418	-1
22042.5000	-1
22052.1582	-1
22061.8164	-1
22071.4746	-1
22081.1328	-1
22090.7910	-1
22100.4492	-1
22110.1074	-1
22119.7656	-1
22129.4238	-1
22139.0820	-1
22148.7402	-1
22158.3984	-1
22168.0566	-1
22177.7148	-1
22187.3730	-1
22197.0312	-1
22206.6895	-1
22216.3477	-1
22226.0059	-1
22235.6641	-1
22245.3242	1
22254.9844	1
22264.6445	1
22274.3047	1
22283.9648	1
22293.6250	1
22303.2852	1
22312.9453	-1
22322.6055	-1
22332.2656	-1
22341.9258	-1
22351.5859	-1
22361.2461	-1
22370.9062	-1
22380.5664	-1
22390.2266	-1
22399.8867	-1
22409.5469	-1
22419.2070	-1
22428.8672	-1
22438.5273	-1
22448.1875	-1
22457.8477	-1
22467.5078	-1
22477.1680	-1
22486.8301	-1
22496.4922	-1
22506.1543	-1
22515.8164	-1
22525.4785	-1
22535.1406	-1
22544.8027	-1
22554.4648	-1
22564.1270	-1
22573.7891	-1
22583.4512	-1
22593.1133	-1
22602.7754	-1
22612.4375	-1
22622.0996	-1
22631.7617	-1
22641.4238	-1
22651.0859	-1
22660.7480	-1
22670.4102	-1
22680.0723	-1
22689.7344	-1
22699.3965	-1
22709.0586	-1
22718.7207	-1
22728.3828	-1
22738.0449	-1
22747.7070	-1
22757.3691	-1
22767.0312	-1
22776.6934	-1
22786.3555	-1
22796.0176	-1
22805.6797	-1
22815.3418	-1
22825.0039	-1
22834.6660	-1
22844.3281	-1
22853.9902	-1
22863.6523	-1
22873.3145	-1
22882.9766	-1
22892.6406	-1
22902.3047	-1
22911.9688	-1
22921.6328	-1
22931.2969	-1
22940.9609	-1
22950.6250	-1
22960.2891	-1
22969.9531	-1
22979.6172	-1
22989.2812	-1
22998.9453	-1
23008.6094	-1
23018.2734	-1
23027.9375	-1
23037.6016	-1
23047.2656	-1
23056.9297	-1
23066.5938	-1
23076.2578	-1
23085.9219	-1
23095.5859	-1
23105.2500	-1
23114.9141	-1
23124.5820	-1
23134.2500	-1
23143.9180	-1
23153.5859	-1
23163.2539	-1
23172.9219	-1
23182.5898	-1
23192.2578	-1
23201.9258	-1
23211.5938	-1
23221.2617	-1
23230.9297	-1
23240.5977	-1
23250.2656	-1
23259.9336	-1
23269.6016	-1
23279.2695	-1
23288.9375	-1
23298.6055	-1
23308.2734	-1
23317.9414	-1
23327.6094	-1
23337.2773	-1
23346.9453	-1
23356.6133	-1
23366.2812	-1
23375.9492	-1
23385.6172	-1
23395.2852	-1
23404.9531	-1
23414.6211	-1
23424.2891	-1
23433.9570	-1
23443.6250	-1
23453.2930	-1
23462.9609	-1
23472.6289	-1
23482.2969	-1
23491.9648	-1
23501.6328	-1
23511.3008	-1
23520.9688	-1
23530.6367	-1
23540.3047	-1
23549.9727	-1
23559.6406	-1
23569.3086	-1
23578.9766	-1
23588.6445	-1
23598.3125	-1
23607.9805	-1
23617.6484	-1
23627.3164	-1
23636.9844	-1
23646.6523	-1
23656.3203	-1
23665.9883	-1
23675.6562	-1
23685.3242	-1
23694.9922	-1
23704.6602	-1
23714.3281	-1
23723.9961	-1
23733.6641	-1
23743.3320	-1
23753.0000	-1
23762.6680	-1
23772.3359	-1
23782.0039	-1
23791.6719	-1
23801.3398	-1
23811.0078	-1
23820.6777	-1
23830.3477	-1
23840.0176	-1
23849.6875	-1
23859.3574	-1
23869.0273	-1
23878.6973	-1
23888.3672	-1
23898.0371	-1
23907.7070	-1
23917.3770	-1
23927.0469	-1
23936.7168	-1
23946.3867	-1
23956.0566	-1
23965.7266	-1
23975.3965	-1
23985.0664	-1
23994.7363	-1
24004.4062	-1
24014.0762	-1
24023.7461	-1
24033.4160	-1
24043.0859	-1
24052.7578	-1
24062.4297	-1
24072.1016	-1
24081.7734	-1
24091.4453	-1
24101.1172	-1
24110.7891	-1
24120.4609	-1
24130.1328	-1
24139.8047	-1
24149.4766	-1
24159.1484	-1
24168.8203	-1
24178.4922	-1
24188.1641	-1
24197.8359	-1
24207.5078	-1
24217.1797	-1
24226.8516	-1
24236.5234	-1
24246.1953	-1
24255.8672	-1
24265.5391	-1
24275.2109	-1
24284.8828	-1
24294.5547	-1
24304.2266	-1
24313.8984	-1
24323.5703	-1
24333.2422	-1
24342.9141	-1
24352.5859	-1
24362.2578	-1
24371.9297	-1
24381.6016	-1
24391.2734	-1
24400.9453	-1
24410.6172	-1
24420.2891	-1
24429.9609	-1
24439.6328	-1
24449.3047	-1
24458.9766	-1
24468.6484	-1
24478.3203	-1
24487.9922	-1
24497.6641	-1
24507.3359	-1
24517.0078	-1
24526.6797	-1
24536.3516	-1
24546.0234	-1
24555.6953	-1
24565.3672	-1
24575.0391	-1
24584.7109	-1
24594.3828	-1
24604.0547	-1
24613.7266	-1
24623.3984	-1
24633.0723	-1
24642.7461	-1
24652.4199	-1
24662.0938	-1
24671.7676	-1
24681.4414	-1
24691.1152	-1
24700.7891	-1
24710.4629	-1
24720.1367	-1
24729.8105	-1
24739.4844	-1
24749.1582	-1
24758.8320	-1
24768.5059	-1
24778.1797	-1
24787.8535	-1
24797.5273	-1
24807.2012	-1
24816.8750	-1
24826.5488	-1
24836.2227	-1
24845.8965	-1
24855.5703	-1
24865.2441	-1
24874.9180	-1
24884.5918	-1
24894.2656	-1
24903.9395	-1
24913.6133	-1
24923.2871	-1
24932.9609	-1
24942.6348	-1
24952.3223	1
24962.0117	-1
24971.7012	1
24981.3906	1
24991.0820	-1
25000.7734	-1
25010.4648	-1
25020.1562	-1
25029.8477	-1
25039.5391	-1
25049.2305	-1
25058.9219	-1
25068.6133	-1
25078.3047	-1
25087.9961	-1
25097.6875	-1
25107.3789	1
25117.0703	1
25126.7617	1
25136.4531	1
25146.1465	-1
25155.8398	-1
25165.5332	-1
25175.2266	-1
25184.9199	-1
25194.6133	-1
25204.3066	-1
25214.0000	-1
25223.6934	-1
25233.3867	-1
25243.0801	-1
25252.7734	-1
25262.4668	-1
25272.1602	-1
25281.8535	-1
25291.5469	-1
25301.2402	-1
25310.9336	-1
25320.6289	1
25330.3242	1
25340.0195	1
25349.7148	1
25359.4102	-1
25369.1055	-1
25378.8008	-1
25388.4961	-1
25398.1914	-1
25407.8867	-1
25417.5820	1
25427.2773	1
25436.9727	1
25446.6680	1
25456.3652	-1
25466.0625	-1
25475.7598	-1
25485.4570	-1
25495.1543	-1
25504.8516	-1
25514.5488	-1
25524.2461	-1
25533.9434	-1
25543.6406	-1
25553.3379	-1
25563.0352	-1
25572.7324	-1
25582.4297	-1
25592.1270	-1
25601.8242	-1
25611.5215	-1
25621.2188	-1
25630.9160	1
25640.6133	1
25650.3125	-1
25660.0117	-1
25669.7109	-1
25679.4102	-1
25689.1094	-1
25698.8086	-1
25708.5078	1
25718.2070	1
25727.9062	-1
25737.6055	-1
25747.3047	-1
25757.0039	-1
25766.7031	-1
25776.4023	-1
25786.1016	1
25795.8008	1
25805.5000	-1
25815.1992	-1
25824.8984	-1
25834.5977	-1
25844.2969	-1
25853.9961	-1
25863.6953	-1
25873.3945	-1
25883.0938	-1
25892.7930	-1
25902.4922	-1
25912.1914	-1
25921.8906	-1
25931.5898	-1
25941.2891	-1
25950.9883	-1
25960.6875	-1
25970.3867	-1
25980.0859	1
25989.7852	1
25999.4844	1
26009.1836	1
26018.8828	1
26028.5820	1
26038.2812	1
26047.9824	1
26057.6836	1
26067.3848	1
26077.0879	-1
26086.7910	-1
26096.4941	-1
26106.1973	-1
26115.9004	-1
26125.6035	-1
26135.3066	-1
26145.0098	-1
26154.7129	-1
26164.4160	-1
26174.1191	-1
26183.8223	-1
26193.5254	-1
26203.2285	-1
26212.9316	-1
26222.6348	-1
26232.3379	-1
26242.0410	-1
26251.7441	-1
26261.4473	-1
26271.1504	-1
26280.8535	-1
26290.5566	-1
26300.2598	-1
26309.9629	-1
26319.6660	-1
26329.3691	-1
26339.0723	-1
26348.7754	-1
26358.4785	-1
26368.1816	-1
26377.8848	-1
26387.5879	-1
26397.2910	-1
26406.9941	-1
26416.6973	-1
26426.4023	1
26436.1074	1
26445.8125	1
26455.5176	1
26465.2227	1
26474.9277	1
26484.6328	1
26494.3379	1
26504.0430	1
26513.7480	1
26523.4531	1
26533.1582	1
26542.8652	-1
26552.5723	-1
26562.2793	-1
26571.9863	-1
26581.6934	-1
26591.4004	-1
26601.1074	-1
26610.8145	-1
26620.5215	-1
26630.2285	-1
26639.9355	-1
26649.6426	-1
26659.3496	-1
26669.0566	-1
26678.7637	-1
26688.4707	-1
26698.1777	-1
26707.8848	-1
26717.5918	-1
26727.2988	-1
26737.0059	-1
26746.7129	-1
26756.4199	-1
26766.1270	-1
26775.8359	-1
26785.5449	-1
26795.2539	-1
26804.9629	-1
26814.6719	-1
26824.3809	-1
26834.0898	-1
26843.7988	-1
26853.5078	-1
26863.2168	-1
26872.9258	-1
26882.6348	-1
26892.3438	-1
26902.0527	-1
26911.7617	-1
26921.4707	-1
26931.1797	-1
26940.8887	-1
26950.5977	-1
26960.3066	-1
26970.0156	-1
26979.7246	-1
26989.4336	-1
26999.1426	-1
27008.8516	-1
27018.5605	-1
27028.2695	-1
27037.9785	-1
27047.6875	-1
27057.3965	-1
27067.1074	1
27076.8184	1
27086.5293	1
27096.2402	1
27105.9512	1
27115.6621	1
27125.3730	1
27135.0840	1
27144.7949	1
27154.5059	-1
27164.2168	-1
27173.9277	-1
27183.6387	-1
27193.3496	-1
27203.0605	-1
27212.7715	1
27222.4824	1
27232.1934	1
27241.9043	1
27251.6152	-1
27261.3262	-1
27271.0371	-1
27280.7480	-1
27290.4590	-1
27300.1699	-1
27309.8809	1
27319.5918	1
27329.3027	1
27339.0156	1
27348.7285	-1
27358.4414	-1
27368.1543	-1
27377.8672	-1
27387.5801	-1
27397.2930	-1
27407.0059	1
27416.7188	-1
27426.4316	-1
27436.1445	-1
27445.8574	-1
27455.5703	-1
27465.2832	-1
27474.9961	-1
27484.7090	-1
27494.4219	-1
27504.1348	-1
27513.8477	-1
27523.5605	-1
27533.2734	-1
27542.9863	-1
27552.6992	-1
27562.4121	-1
27572.1250	-1
27581.8379	-1
27591.5547	1
27601.2715	1
27610.9902	-1
27620.7090	-1
27630.4277	-1
27640.1465	-1
27649.8652	-1
27659.5840	-1
27669.3027	-1
27679.0215	-1
27688.7402	-1
27698.4590	-1
27708.1777	-1
27717.8965	-1
27727.6152	-1
27737.3340	-1
27747.0527	-1
27756.7715	-1
27766.4902	-1
27776.2090	-1
27785.9277	-1
27795.6465	-1
27805.3652	-1
27815.0840	-1
27824.8027	-1
27834.5215	-1
27844.2402	-1
27853.9590	-1
27863.6777	-1
27873.3965	-1
27883.1152	-1
27892.8340	-1
27902.5527	-1
27912.2715	-1
27921.9902	-1
27931.7090	-1
27941.4277	-1
27951.1465	-1
27960.8652	-1
27970.5840	-1
27980.3027	-1
27990.0215	-1
27999.7402	-1
28009.4590	-1
28019.1777	-1
28028.8965	-1
28038.6152	-1
28048.3340	-1
28058.0527	-1
28067.7715	-1
28077.4902	-1
28087.2090	-1
28096.9277	-1
28106.6465	-1
28116.3652	-1
28126.0840	-1
28135.8047	-1
28145.5254	-1
28155.2461	-1
28164.9668	-1
28174.6875	-1
28184.4082	-1
28194.1289	-1
28203.8496	-1
28213.5703	-1
28223.2910	-1
28233.0117	-1
28242.7324	-1
28252.4531	-1
28262.1738	-1
28271.8945	-1
28281.6152	-1
28291.3359	-1
28301.0566	-1
28310.7793	-1
28320.5020	-1
28330.2246	-1
28339.9473	-1
28349.6699	-1
28359.3926	-1
28369.1152	-1
28378.8379	-1
28388.5605	-1
28398.2832	-1
28408.0059	-1
28417.7285	-1
28427.4512	-1
28437.1738	-1
28446.8965	-1
28456.6191	-1
28466.3418	-1
28476.0645	-1
28485.7871	-1
28495.5098	-1
28505.2324	-1
28514.9551	-1
28524.6777	-1
28534.4004	-1
28544.1230	-1
28553.8457	-1
28563.5684	-1
28573.2910	-1
28583.0137	-1
28592.7363	-1
28602.4590	-1
28612.1816	-1
28621.9043	-1
28631.6270	-1
28641.3496	-1
28651.0723	-1
28660.7949	-1
28670.5176	-1
28680.2402	-1
28689.9629	-1
28699.6855	-1
28709.4082	-1
28719.1309	-1
28728.8535	-1
28738.5762	-1
28748.2988	-1
28758.0215	-1
28767.7441	-1
28777.4688	-1
28787.1934	-1
28796.9180	-1
28806.6426	-1
28816.3672	-1
28826.0918	-1
28835.8164	-1
28845.5410	-1
28855.2656	-1
28864.9902	-1
28874.7148	-1
28884.4395	-1
28894.1660	-1
28903.8926	-1
28913.6191	-1
28923.3457	-1
28933.0723	-1
28942.7988	-1
28952.5254	-1
28962.2520	-1
28971.9785	-1
28981.7051	-1
28991.4316	-1
29001.1582	-1
29010.8848	-1
29020.6113	-1
29030.3379	-1
29040.0645	-1
29049.7910	-1
29059.5176	-1
29069.2441	-1
29078.9707	-1
29088.6973	-1
29098.4238	-1
29108.1504	-1
29117.8770	-1
29127.6035	-1
29137.3301	-1
29147.0566	-1
29156.7969	1
29166.5391	-1
29176.2812	1
29186.0234	1
29195.7676	-1
29205.5117	-1
29215.2559	-1
29225.0000	-1
29234.7441	-1
29244.4883	-1
29254.2324	-1
29263.9766	-1
29273.7207	-1
29283.4648	-1
29293.2090	-1
29302.9531	-1
29312.6973	1
29322.4414	1
29332.1855	1
29341.9297	1
29351.6758	-1
29361.4219	-1
29371.1680	-1
29380.9141	-1
29390.6602	-1
29400.4062	-1
29410.1523	-1
29419.8984	-1
29429.6445	-1
29439.3906	-1
29449.1367	-1
29458.8828	-1
29468.6289	-1
29478.3750	-1
29488.1211	-1
29497.8672	-1
29507.6133	-1
29517.3594	-1
29527.1055	-1
29536.8516	-1
29546.5977	-1
29556.3438	-1
29566.0898	-1
29575.8359	-1
29585.5820	1
29595.3281	1
29605.0742	1
29614.8203	1
29624.5664	1
29634.3125	1
29644.0605	1
29653.8086	1
29663.5586	-1
29673.3086	-1
29683.0586	-1
29692.8086	-1
29702.5586	-1
29712.3086	-1
29722.0586	-1
29731.8086	-1
29741.5586	-1
29751.3086	-1
29761.0586	-1
29770.8086	-1
29780.5586	-1
29790.3086	-1
29800.0586	-1
29809.8086	-1
29819.5586	-1
29829.3086	-1
29839.0586	-1
29848.8086	-1
29858.5586	-1
29868.3086	-1
29878.0586	-1
29887.8086	-1
29897.5586	-1
29907.3086	-1
29917.0586	-1
29926.8086	-1
29936.5586	-1
29946.3086	-1
29956.0586	1
29965.8086	1
29975.5586	1
29985.3086	-1
29995.0586	-1
30004.8086	-1
30014.5586	-1
30024.3086	-1
30034.0586	-1
30043.8086	1
30053.5586	1
30063.3086	1
30073.0605	1
30082.8125	1
30092.5645	1
30102.3164	1
30112.0684	1
30121.8203	1
30131.5723	-1
30141.3242	-1
30151.0762	-1
30160.8281	-1
30170.5801	-1
30180.3320	-1
30190.0840	-1
30199.8359	-1
30209.5879	-1
30219.3398	-1
30229.0918	-1
30238.8438	-1
30248.5996	-1
30258.3555	-1
30268.1113	-1
30277.8672	-1
30287.6230	-1
30297.3789	-1
30307.1348	-1
30316.8906	-1
30326.6465	-1
30336.4023	-1
30346.1582	-1
30355.9141	-1
30365.6699	-1
30375.4258	-1
30385.1816	-1
30394.9375	-1
30404.6934	-1
30414.4492	-1
30424.2051	-1
30433.9609	-1
30443.7168	-1
30453.4727	-1
30463.2285	-1
30472.9844	-1
30482.7402	-1
30492.4961	-1
30502.2520	-1
30512.0078	-1
30521.7637	-1
30531.5195	-1
30541.2754	-1
30551.0312	-1
30560.7871	-1
30570.5430	-1
30580.2988	-1
30590.0547	-1
30599.8105	-1
30609.5664	-1
30619.3223	-1
30629.0781	-1
30638.8340	-1
30648.5898	-1
30658.3457	1
30668.1016	-1
30677.8574	-1
30687.6133	-1
30697.3691	-1
30707.1250	-1
30716.8809	-1
30726.6367	1
30736.3926	1
30746.1484	-1
30755.9043	-1
30765.6602	1
30775.4160	-1
30785.1719	-1
30794.9277	-1
30804.6836	-1
30814.4395	-1
30824.1953	-1
30833.9512	-1
30843.7070	-1
30853.4629	-1
30863.2188	-1
30872.9746	1
30882.7324	1
30892.4902	1
30902.2480	1
30912.0059	1
30921.7637	1
30931.5215	1
30941.2793	1
30951.0371	1
30960.7969	1
30970.5566	1
30980.3164	1
30990.0762	1
30999.8359	-1
31009.5957	-1
31019.3555	-1
31029.1152	-1
31038.8750	-1
31048.6348	-1
31058.3945	-1
31068.1543	-1
31077.9141	-1
31087.6738	-1
31097.4336	-1
31107.1934	-1
31116.9531	-1
31126.7129	-1
31136.4727	-1
31146.2324	-1
31155.9922	-1
31165.7520	-1
31175.5117	1
31185.2715	1
31195.0312	1
31204.7930	1
31214.5547	1
31224.3164	1
31234.0781	1
31243.8398	1
31253.6016	1
31263.3633	1
31273.1250	1
31282.8867	-1
31292.6484	-1
31302.4102	-1
31312.1738	-1
31321.9375	-1
31331.7012	-1
31341.4648	-1
31351.2285	-1
31360.9922	-1
31370.7559	-1
31380.5195	-1
31390.2832	-1
31400.0469	-1
31409.8105	-1
31419.5742	-1
31429.3379	-1
31439.1016	-1
31448.8652	-1
31458.6289	1
31468.3926	1
31478.1602	-1
31487.9277	-1
31497.6953	-1
31507.4629	-1
31517.2305	-1
31526.9980	-1
31536.7656	-1
31546.5332	-1
31556.3008	-1
31566.0684	-1
31575.8359	-1
31585.6035	-1
31595.3711	-1
31605.1387	-1
31614.9062	-1
31624.6738	-1
31634.4414	-1
31644.2090	-1
31653.9766	-1
31663.7441	-1
31673.5117	-1
31683.2793	-1
31693.0469	-1
31702.8145	-1
31712.5820	-1
31722.3496	-1
31732.1172	-1
31741.8848	-1
31751.6523	-1
31761.4199	-1
31771.1875	-1
31780.9551	-1
31790.7227	-1
31800.4902	-1
31810.2578	-1
31820.0254	-1
31829.7930	-1
31839.5605	-1
31849.3281	-1
31859.0957	-1
31868.8633	-1
31878.6309	-1
31888.3984	-1
31898.1660	-1
31907.9336	-1
31917.7012	-1
31927.4688	-1
31937.2363	-1
31947.0039	-1
31956.7715	-1
31966.5391	-1
31976.3066	-1
31986.0742	-1
31995.8418	-1
32005.6094	-1
32015.3770	-1
32025.1445	-1
32034.9121	-1
32044.6797	-1
32054.4473	-1
32064.2148	-1
32073.9824	-1
32083.7500	-1
32093.5176	-1
32103.2852	-1
32113.0527	-1
32122.8242	-1
32132.5957	-1
32142.3672	-1
32152.1387	-1
32161.9102	-1
32171.6816	-1
32181.4531	-1
32191.2246	-1
32200.9961	-1
32210.7676	-1
32220.5391	-1
32230.3105	-1
32240.0820	-1
32249.8535	-1
32259.6250	-1
32269.3965	-1
32279.1680	-1
32288.9395	-1
32298.7109	-1
32308.4824	-1
32318.2539	-1
32328.0254	-1
32337.7969	-1
32347.5684	-1
32357.3398	-1
32367.1113	-1
32376.8828	-1
32386.6543	-1
32396.4258	-1
32406.1973	-1
32415.9688	-1
32425.7402	-1
32435.5117	-1
32445.2832	-1
32455.0547	-1
32464.8262	-1
32474.5977	-1
32484.3691	-1
32494.1406	-1
32503.9121	-1
32513.6836	-1
32523.4551	-1
32533.2266	-1
32542.9980	-1
32552.7695	-1
32562.5410	-1
32572.3125	-1
32582.0840	-1
32591.8555	-1
32601.6270	-1
32611.3984	-1
32621.1699	-1
32630.9414	-1
32640.7129	-1
32650.4863	-1
32660.2598	-1
32670.0332	-1
32679.8066	-1
32689.5801	-1
32699.3535	-1
32709.1270	-1
32718.9004	-1
32728.6738	-1
32738.4473	-1
32748.2207	-1
32757.9941	-1
32767.7676	-1
32777.5430	-1
32787.3164	-1
32797.0898	-1
32806.8633	-1
32816.6367	-1
32826.4102	-1
32836.1836	-1
32845.9570	-1
32855.7305	-1
32865.5039	-1
32875.2773	-1
32885.0508	-1
32894.8242	-1
32904.5977	-1
32914.3711	-1
32924.1445	-1
32933.9180	-1
32943.6914	-1
32953.4648	-1
32963.2383	-1
32973.0273	1
32982.8164	-1
32992.6094	1
33002.4023	1
33012.1953	-1
33021.9883	-1
33031.7812	-1
33041.5742	-1
33051.3672	-1
33061.1602	-1
33070.9531	-1
33080.7461	-1
33090.5391	-1
33100.3320	-1
33110.1250	-1
33119.9180	-1
33129.7109	1
33139.5039	1
33149.2969	1
33159.0898	1
33168.8867	-1
33178.6836	-1
33188.4805	-1
33198.2773	-1
33208.0742	-1
33217.8711	-1
33227.6680	-1
33237.4648	-1
33247.2617	-1
33257.0586	-1
33266.8555	-1
33276.6523	-1
33286.4492	-1
33296.2461	-1
33306.0430	-1
33315.8398	-1
33325.6367	-1
33335.4336	-1
33345.2305	1
33355.0273	-1
33364.8242	-1
33374.6211	-1
33384.4180	-1
33394.2148	-1
33404.0117	-1
33413.8086	1
33423.6055	1
33433.4023	1
33443.1992	1
33452.9961	1
33462.7930	1
33472.5898	1
33482.3867	-1
33492.1836	-1
33501.9805	-1
33511.7773	-1
33521.5742	-1
33531.3711	-1
33541.1680	-1
33550.9648	-1
33560.7617	-1
33570.5586	-1
33580.3594	-1
33590.1602	-1
33599.9609	-1
33609.7617	-1
33619.5625	-1
33629.3633	-1
33639.1641	-1
33648.9648	-1
33658.7656	-1
33668.5664	-1
33678.3672	-1
33688.1680	-1
33697.9688	-1
33707.7695	-1
33717.5703	-1
33727.3711	-1
33737.1719	-1
33746.9727	-1
33756.7734	-1
33766.5742	-1
33776.3750	-1
33786.1758	-1
33795.9766	-1
33805.7773	-1
33815.5781	-1
33825.3789	-1
33835.1797	1
33844.9805	1
33854.7812	1
33864.5820	1
33874.3828	1
33884.1836	1
33893.9844	1
33903.7852	1
33913.5859	1
33923.3867	1
33933.1875	1
33942.9883	1
33952.7891	-1
33962.5898	-1
33972.3906	-1
33982.1914	-1
33991.9922	-1
34001.7930	-1
34011.5938	-1
34021.3945	-1
34031.1953	-1
34040.9961	-1
34050.7969	-1
34060.5977	-1
34070.3984	1
34080.1992	1
34090.0000	1
34099.8008	1
34109.6055	-1
34119.4102	-1
34129.2148	-1
34139.0195	-1
34148.8242	-1
34158.6289	-1
34168.4375	-1
34178.2461	-1
34188.0547	-1
34197.8633	-1
34207.6719	-1
34217.4805	-1
34227.2891	-1
34237.0977	-1
34246.9062	-1
34256.7148	-1
34266.5234	-1
34276.3320	-1
34286.1406	-1
34295.9492	-1
34305.7578	-1
34315.5664	-1
34325.3750	-1
34335.1836	-1
34344.9922	-1
34354.8008	-1
34364.6094	-1
34374.4180	-1
34384.2266	-1
34394.0352	-1
34403.8438	-1
34413.6523	-1
34423.4609	-1
34433.2695	-1
34443.0781	-1
34452.8867	-1
34462.6953	1
34472.5039	-1
34482.3125	-1
34492.1211	-1
34501.9297	-1
34511.7383	-1
34521.5469	-1
34531.3555	1
34541.1641	-1
34550.9727	-1
34560.7812	-1
34570.5898	-1
34580.3984	-1
34590.2070	-1
34600.0156	-1
34609.8242	-1
34619.6328	-1
34629.4414	-1
34639.2500	-1
34649.0586	-1
34658.8672	-1
34668.6758	-1
34678.4844	-1
34688.2930	-1
34698.1016	-1
34707.9102	-1
34717.7188	-1
34727.5273	-1
34737.3359	-1
34747.1445	-1
34756.9531	-1
34766.7617	-1
34776.5703	-1
34786.3789	-1
34796.1875	-1
34805.9961	-1
34815.8047	-1
34825.6133	-1
34835.4219	1
34845.2305	1
34855.0391	-1
34864.8477	-1
34874.6562	1
34884.4648	-1
34894.2734	-1
34904.0820	-1
34913.8906	-1
34923.6992	1
34933.5078	-1
34943.3164	-1
34953.1250	-1
34962.9336	-1
34972.7422	-1
34982.5508	-1
34992.3594	-1
35002.1680	-1
35011.9766	-1
35021.7852	-1
35031.5938	-1
35041.4023	-1
35051.2148	-1
35061.0273	-1
35070.8398	-1
35080.6523	-1
35090.4648	-1
35100.2773	-1
35110.0898	-1
35119.9023	-1
35129.7148	-1
35139.5273	-1
35149.3398	-1
35159.1523	-1
35168.9648	1
35178.7773	1
35188.5898	1
35198.4023	1
35208.2148	1
35218.0273	1
35227.8398	1
35237.6523	1
35247.4648	1
35257.2773	1
35267.0898	-1
35276.9023	-1
35286.7148	-1
35296.5273	-1
35306.3398	-1
35316.1523	-1
35325.9648	1
35335.7773	-1
35345.5898	-1
35355.4023	-1
35365.2148	-1
35375.0273	-1
35384.8398	-1
35394.6523	1
35404.4648	1
35414.2773	1
35424.0898	-1
35433.9023	-1
35443.7148	-1
35453.5273	-1
35463.3398	-1
35473.1523	-1
35482.9648	1
35492.7773	-1
35502.5898	-1
35512.4023	-1
35522.2148	-1
35532.0273	1
35541.8398	-1
35551.6523	-1
35561.4648	1
35571.2812	1
35581.0977	1
35590.9141	1
35600.7305	1
35610.5469	1
35620.3633	1
35630.1797	1
35639.9961	1
35649.8125	1
35659.6289	1
35669.4453	1
35679.2617	1
35689.0781	1
35698.8945	1
35708.7109	1
35718.5273	1
35728.3438	1
35738.1641	1
35747.9844	-1
35757.8047	-1
35767.6250	-1
35777.4453	-1
35787.2656	-1
35797.0859	-1
35806.9062	-1
35816.7266	-1
35826.5469	-1
35836.3672	-1
35846.1875	-1
35856.0078	-1
35865.8281	-1
35875.6484	-1
35885.4688	-1
35895.2891	-1
35905.1094	-1
35914.9297	-1
35924.7500	-1
35934.5703	-1
35944.3906	-1
35954.2109	-1
35964.0312	-1
35973.8516	-1
35983.6758	-1
35993.5000	-1
36003.3242	-1
36013.1484	-1
36022.9727	-1
36032.7969	-1
36042.6211	-1
36052.4453	-1
36062.2695	-1
36072.0938	-1
36081.9180	-1
36091.7422	-1
36101.5664	-1
36111.3906	-1
36121.2148	-1
36131.0391	-1
36140.8633	-1
36150.6875	-1
36160.5117	-1
36170.3359	-1
36180.1602	-1
36189.9844	-1
36199.8086	-1
36209.6328	-1
36219.4570	-1
36229.2812	-1
36239.1055	-1
36248.9297	-1
36258.7539	-1
36268.5781	-1
36278.4023	-1
36288.2266	-1
36298.0508	-1
36307.8750	-1
36317.6992	-1
36327.5234	-1
36337.3477	-1
36347.1719	-1
36356.9961	-1
36366.8203	-1
36376.6445	-1
36386.4688	-1
36396.2930	-1
36406.1172	-1
36415.9414	-1
36425.7656	-1
36435.5898	-1
36445.4141	-1
36455.2383	-1
36465.0625	-1
36474.8867	-1
36484.7109	-1
36494.5352	-1
36504.3594	-1
36514.1836	-1
36524.0078	-1
36533.8320	-1
36543.6562	-1
36553.4805	-1
36563.3047	-1
36573.1328	-1
36582.9609	-1
36592.7891	-1
36602.6172	-1
36612.4453	-1
36622.2734	-1
36632.1016	-1
36641.9297	-1
36651.7578	-1
36661.5859	-1
36671.4141	-1
36681.2422	-1
36691.0703	-1
36700.8984	-1
36710.7266	-1
36720.5547	-1
36730.3828	-1
36740.2109	-1
36750.0391	-1
36759.8672	-1
36769.6953	-1
36779.5234	-1
36789.3516	-1
36799.1797	-1
36809.0078	-1
36818.8359	-1
36828.6641	-1
36838.4922	-1
36848.3203	-1
36858.1484	-1
36867.9766	-1
36877.8047	-1
36887.6328	-1
36897.4609	-1
36907.2891	-1
36917.1172	-1
36926.9492	-1
36936.7812	-1
36946.6133	-1
36956.4453	-1
36966.2773	-1
36976.1094	-1
36985.9414	-1
36995.7734	-1
37005.6055	-1
37015.4375	-1
37025.2695	-1
37035.1016	-1
37044.9336	-1
37054.7656	-1
37064.5977	-1
37074.4297	-1
37084.2617	-1
37094.0938	-1
37103.9258	-1
37113.7578	-1
37123.5898	-1
37133.4219	-1
37143.2539	-1
37153.0859	-1
37162.9180	-1
37172.7500	-1
37182.5820	-1
37192.4141	-1
37202.2461	-1
37212.0781	-1
37221.9102	-1
37231.7422	-1
37241.5742	-1
37251.4062	-1
37261.2383	-1
37271.0703	-1
37280.9023	-1
37290.7344	-1
37300.5664	-1
37310.3984	-1
37320.2305	-1
37330.0625	-1
37339.8945	-1
37349.7266	-1
37359.5586	-1
37369.3906	-1
37379.2227	-1
37389.0547	-1
37398.8867	-1
37408.7188	-1
37418.5508	-1
37428.3828	-1
37438.2148	-1
37448.0469	-1
37457.8789	-1
37467.7109	-1
37477.5430	-1
37487.3750	-1
37497.2070	-1
37507.0391	-1
37516.8711	-1
37526.7031	-1
37536.5352	-1
37546.3672	-1
37556.1992	-1
37566.0312	-1
37575.8633	-1
37585.6953	-1
37595.5273	-1
37605.3594	-1
37615.1914	-1
37625.0234	-1
37634.8555	-1
37644.6875	-1
37654.5195	-1
37664.3516	-1
37674.1836	-1
37684.0156	-1
37693.8477	-1
37703.6797	-1
37713.5117	-1
37723.3438	-1
37733.1758	-1
37743.0078	-1
37752.8398	-1
37762.6719	-1
37772.5039	-1
37782.3359	-1
37792.1680	-1
37802.0000	-1
37811.8320	-1
37821.6797	1
37831.5273	-1
37841.3750	1
37851.2227	1
37861.0742	-1
37870.9258	-1
37880.7773	-1
37890.6289	-1
37900.4805	-1
37910.3320	-1
37920.1836	-1
37930.0352	-1
37939.8867	-1
37949.7383	-1
37959.5898	-1
37969.4414	-1
37979.2930	1
37989.1445	1
37998.9961	1
38008.8477	1
38018.6992	-1
38028.5508	-1
38038.4023	-1
38048.2539	-1
38058.1055	-1
38067.9570	-1
38077.8086	-1
38087.6602	-1
38097.5117	-1
38107.3633	-1
38117.2148	-1
38127.0664	-1
38136.9180	-1
38146.7695	-1
38156.6211	-1
38166.4727	-1
38176.3242	-1
38186.1758	-1
38196.0273	-1
38205.8789	-1
38215.7305	-1
38225.5820	-1
38235.4336	-1
38245.3008	1
38255.1680	-1
38265.0352	1
38274.9023	1
38284.7734	-1
38294.6445	-1
38304.5156	-1
38314.3867	-1
38324.2578	-1
38334.1289	-1
38344.0000	-1
38353.8711	-1
38363.7422	-1
38373.6133	-1
38383.4844	-1
38393.3555	-1
38403.2266	1
38413.0977	1
38422.9688	1
38432.8398	1
38442.7109	-1
38452.5820	-1
38462.4531	-1
38472.3242	-1
38482.1953	-1
38492.0664	-1
38501.9375	-1
38511.8086	-1
38521.6797	-1
38531.5508	-1
38541.4219	-1
38551.2930	-1
38561.1641	1
38571.0352	-1
38580.9062	1
38590.7773	-1
38600.6484	-1
38610.5195	-1
38620.3906	-1
38630.2617	-1
38640.1328	1
38650.0039	1
38659.8750	-1
38669.7461	-1
38679.6172	-1
38689.4883	-1
38699.3594	-1
38709.2305	-1
38719.1016	1
38728.9727	1
38738.8438	1
38748.7188	1
38758.5938	-1
38768.4688	-1
38778.3438	-1
38788.2188	-1
38798.0938	-1
38807.9688	-1
38817.8438	-1
38827.7188	-1
38837.5938	-1
38847.4688	-1
38857.3438	-1
38867.2188	-1
38877.0938	-1
38886.9688	-1
38896.8438	-1
38906.7188	-1
38916.5938	-1
38926.4688	-1
38936.3438	-1
38946.2188	-1
38956.0938	-1
38965.9688	-1
38975.8438	-1
38985.7188	-1
38995.5938	-1
39005.4688	-1
39015.3438	-1
39025.2188	-1
39035.0938	-1
39044.9688	-1
39054.8438	-1
39064.7188	-1
39074.5938	-1
39084.4688	-1
39094.3438	-1
39104.2188	-1
39114.0938	-1
39123.9688	-1
39133.8438	-1
39143.7188	-1
39153.5938	-1
39163.4688	-1
39173.3438	-1
39183.2188	-1
39193.0938	-1
39202.9844	1
39212.8750	-1
39222.7656	1
39232.6562	1
39242.5508	-1
39252.4453	-1
39262.3398	-1
39272.2344	-1
39282.1289	-1
39292.0234	-1
39301.9180	-1
39311.8125	-1
39321.7070	-1
39331.6016	-1
39341.4961	-1
39351.3906	-1
39361.2852	1
39371.1797	1
39381.0742	1
39390.9688	1
39400.8633	-1
39410.7578	-1
39420.6523	-1
39430.5469	-1
39440.4414	-1
39450.3359	-1
39460.2305	1
39470.1250	1
39480.0195	-1
39489.9141	-1
39499.8086	-1
39509.7031	-1
39519.5977	-1
39529.4922	-1
39539.3867	-1
39549.2812	-1
39559.1758	-1
39569.0703	-1
39578.9648	-1
39588.8594	-1
39598.7539	-1
39608.6484	-1
39618.5430	-1
39628.4375	-1
39638.3320	-1
39648.2266	-1
39658.1211	1
39668.0156	1
39677.9141	1
39687.8125	1
39697.7109	1
39707.6094	1
39717.5078	-1
39727.4062	-1
39737.3047	-1
39747.2031	-1
39757.1016	-1
39767.0000	-1
39776.8984	-1
39786.7969	-1
39796.6953	-1
39806.5938	-1
39816.4922	-1
39826.3906	-1
39836.2891	-1
39846.1875	-1
39856.0859	-1
39865.9844	-1
39875.8828	-1
39885.7812	-1
39895.6797	-1
39905.5781	-1
39915.4766	-1
39925.3750	-1
39935.2734	-1
39945.1719	-1
39955.0703	1
39964.9688	1
39974.8672	1
39984.7656	1
39994.6641	1
40004.5625	1
40014.4648	-1
40024.3672	-1
40034.2695	-1
40044.1719	-1
40054.0742	-1
40063.9766	-1
40073.8789	-1
40083.7812	-1
40093.6836	-1
40103.5859	-1
40113.4883	-1
40123.3906	-1
40133.2930	-1
40143.1953	-1
40153.0977	-1
40163.0000	-1
40172.9023	-1
40182.8047	-1
40192.7070	-1
40202.6094	-1
40212.5117	-1
40222.4141	-1
40232.3164	-1
40242.2188	-1
40252.1211	1
40262.0234	1
40271.9258	1
40281.8281	1
40291.7305	1
40301.6328	1
40311.5352	1
40321.4375	1
40331.3398	1
40341.2422	1
40351.1445	-1
40361.0469	-1
40370.9492	-1
40380.8516	-1
40390.7539	-1
40400.6562	-1
40410.5586	-1
40420.4609	-1
40430.3633	-1
40440.2656	-1
40450.1719	-1
40460.0781	-1
40469.9844	-1
40479.8906	-1
40489.7969	-1
40499.7031	-1
40509.6094	-1
40519.5156	-1
40529.4219	-1
40539.3281	-1
40549.2344	-1
40559.1406	-1
40569.0469	-1
40578.9531	-1
40588.8594	-1
40598.7656	-1
40608.6719	-1
40618.5781	-1
40628.4844	-1
40638.3906	-1
40648.2969	-1
40658.2031	-1
40668.1094	-1
40678.0156	-1
40687.9219	-1
40697.8281	-1
40707.7344	-1
40717.6406	-1
40727.5469	-1
40737.4531	-1
40747.3594	-1
40757.2656	-1
40767.1719	-1
40777.0781	-1
40786.9844	-1
40796.8906	-1
40806.7969	-1
40816.7031	-1
40826.6094	1
40836.5156	1
40846.4219	1
40856.3281	1
40866.2344	1
40876.1406	1
40886.0469	1
40895.9531	1
40905.8594	1
40915.7656	1
40925.6719	1
40935.5781	1
40945.4844	1
40955.3906	1
40965.2969	1
40975.2031	1
40985.1133	-1
40995.0234	-1
41004.9336	-1
41014.8438	-1
41024.7539	-1
41034.6641	-1
41044.5742	-1
41054.4844	-1
41064.3945	-1
41074.3047	-1
41084.2148	-1
41094.1250	-1
41104.0352	-1
41113.9453	-1
41123.8555	-1
41133.7656	-1
41143.6758	-1
41153.5859	-1
41163.4961	-1
41173.4062	-1
41183.3164	-1
41193.2266	-1
41203.1367	-1
41213.0469	-1
41222.9570	-1
41232.8672	-1
41242.7773	-1
41252.6875	-1
41262.5977	-1
41272.5078	-1
41282.4180	-1
41292.3281	-1
41302.2383	-1
41312.1484	-1
41322.0586	-1
41331.9688	-1
41341.8789	-1
41351.7891	-1
41361.6992	-1
41371.6094	-1
41381.5195	-1
41391.4297	-1
41401.3398	-1
41411.2500	-1
41421.1602	-1
41431.0703	-1
41440.9805	-1
41450.8906	-1
41460.8008	1
41470.7109	1
41480.6211	1
41490.5312	1
41500.4414	1
41510.3516	1
41520.2617	1
41530.1719	1
41540.0820	1
41549.9922	1
41559.9023	1
41569.8125	1
41579.7266	1
41589.6406	1
41599.5547	1
41609.4688	1
41619.3867	-1
41629.3047	-1
41639.2227	-1
41649.1406	-1
41659.0586	-1
41668.9766	-1
41678.8945	-1
41688.8125	-1
41698.7305	-1
41708.6484	-1
41718.5664	-1
41728.4844	-1
41738.4023	-1
41748.3203	-1
41758.2383	-1
41768.1562	-1
41778.0742	-1
41787.9922	-1
41797.9102	-1
41807.8281	-1
41817.7461	-1
41827.6641	-1
41837.5820	-1
41847.5000	-1
41857.4180	-1
41867.3359	-1
41877.2539	-1
41887.1719	-1
41897.0898	-1
41907.0078	-1
41916.9258	-1
41926.8438	-1
41936.7617	-1
41946.6797	-1
41956.5977	-1
41966.5156	-1
41976.4336	-1
41986.3516	-1
41996.2695	-1
42006.1875	-1
42016.1055	-1
42026.0234	-1
42035.9414	-1
42045.8594	-1
42055.7773	-1
42065.6953	-1
42075.6133	-1
42085.5312	-1
42095.4492	-1
42105.3672	-1
42115.2852	-1
42125.2031	-1
42135.1211	-1
42145.0391	-1
42154.9570	1
42164.8750	1
42174.7930	1
42184.7109	1
42194.6289	1
42204.5469	1
42214.4648	1
42224.3867	1
42234.3086	1
42244.2305	1
42254.1523	1
42264.0742	1
42273.9961	1
42283.9180	1
42293.8398	1
42303.7617	-1
42313.6836	-1
42323.6055	-1
42333.5273	-1
42343.4492	-1
42353.3711	-1
42363.2930	-1
42373.2148	-1
42383.1367	-1
42393.0586	-1
42402.9805	-1
42412.9023	-1
42422.8242	-1
42432.7461	-1
42442.6680	-1
42452.5898	-1
42462.5117	-1
42472.4336	-1
42482.3555	-1
42492.2773	-1
42502.1992	-1
42512.1211	-1
42522.0430	-1
42531.9648	-1
42541.8867	-1
42551.8086	-1
42561.7305	-1
42571.6523	-1
42581.5742	-1
42591.4961	-1
42601.4180	-1
42611.3398	-1
42621.2617	-1
42631.1836	-1
42641.1055	-1
42651.0273	-1
42660.9492	-1
42670.8711	-1
42680.7930	-1
42690.7148	-1
42700.6367	-1
42710.5586	-1
42720.4844	-1
42730.4102	-1
42740.3359	-1
42750.2617	-1
42760.1875	-1
42770.1133	-1
42780.0391	-1
42789.9648	-1
42799.8906	-1
42809.8164	-1
42819.7422	-1
42829.6680	-1
42839.5938	-1
42849.5195	-1
42859.4453	-1
42869.3711	-1
42879.2969	-1
42889.2227	-1
42899.1484	-1
42909.0742	-1
42919.0000	-1
42928.9258	-1
42938.8516	-1
42948.7773	-1
42958.7031	-1
42968.6289	-1
42978.5547	-1
42988.4805	-1
42998.4062	-1
43008.3320	-1
43018.2578	-1
43028.1836	-1
43038.1094	-1
43048.0352	-1
43057.9609	-1
43067.8867	-1
43077.8125	-1
43087.7383	-1
43097.6641	-1
43107.5898	-1
43117.5156	-1
43127.4414	-1
43137.3672	-1
43147.2930	-1
43157.2188	-1
43167.1445	-1
43177.0703	-1
43186.9961	-1
43196.9219	-1
43206.8477	-1
43216.7734	-1
43226.6992	-1
43236.6250	-1
43246.5508	-1
43256.4805	-1
43266.4102	-1
43276.3398	-1
43286.2695	-1
43296.1992	-1
43306.1289	-1
43316.0586	-1
43325.9883	-1
43335.9180	-1
43345.8477	-1
43355.7773	-1
43365.7070	-1
43375.6367	-1
43385.5664	-1
43395.4961	-1
43405.4258	-1
43415.3555	-1
43425.2852	-1
43435.2148	-1
43445.1445	-1
43455.0742	-1
43465.0039	-1
43474.9336	-1
43484.8633	-1
43494.7930	-1
43504.7227	-1
43514.6523	-1
43524.5820	-1
43534.5117	-1
43544.4414	-1
43554.3711	-1
43564.3008	-1
43574.2305	-1
43584.1602	-1
43594.0898	-1
43604.0195	-1
43613.9492	-1
43623.8789	-1
43633.8086	-1
43643.7383	-1
43653.6680	-1
43663.5977	-1
43673.5273	-1
43683.4570	-1
43693.3867	-1
43703.3164	-1
43713.2461	-1
43723.1758	-1
43733.1055	-1
43743.0352	-1
43752.9648	-1
43762.8945	-1
43772.8242	-1
43782.7539	-1
43792.6836	-1
43802.6133	-1
43812.5430	-1
43822.4727	-1
43832.4023	-1
43842.3320	-1
43852.2656	-1
43862.1992	-1
43872.1328	-1
43882.0664	-1
43892.0000	-1
43901.9336	-1
43911.8672	-1
43921.8008	-1
43931.7344	-1
43941.6680	-1
43951.6016	-1
43961.5352	-1
43971.4688	-1
43981.4023	-1
43991.3359	-1
44001.2695	-1
44011.2031	-1
44021.1367	-1
44031.0703	-1
44041.0039	-1
44050.9375	-1
44060.8711	-1
44070.8047	-1
44080.7383	-1
44090.6719	-1
44100.6055	-1
44110.5391	-1
44120.4727	-1
44130.4062	-1
44140.3398	-1
44150.2734	-1
44160.2070	-1
44170.1406	-1
44180.0742	-1
44190.0078	-1
44199.9414	-1
44209.8750	-1
44219.8086	-1
44229.7422	-1
44239.6758	-1
44249.6094	-1
44259.5430	-1
44269.4805	-1
44279.4180	-1
44289.3555	-1
44299.2930	-1
44309.2305	-1
44319.1680	-1
44329.1055	-1
44339.0430	-1
44348.9805	-1
44358.9180	-1
44368.8555	-1
44378.7930	-1
44388.7305	-1
44398.6680	-1
44408.6055	-1
44418.5430	-1
44428.4805	-1
44438.4180	-1
44448.3555	-1
44458.2930	-1
44468.2305	-1
44478.1680	-1
44488.1055	-1
44498.0430	-1
44507.9805	-1
44517.9180	-1
44527.8555	-1
44537.7930	-1
44547.7305	-1
44557.6680	-1
44567.6172	1
44577.5664	-1
44587.5195	1
44597.4727	1
44607.4258	-1
44617.3789	-1
44627.3320	-1
44637.2852	-1
44647.2383	-1
44657.1914	-1
44667.1445	-1
44677.0977	-1
44687.0508	-1
44697.0039	-1
44706.9688	1
44716.9375	-1
44726.9062	1
44736.8750	1
44746.8438	-1
44756.8125	-1
44766.7812	-1
44776.7500	-1
44786.7188	-1
44796.6875	-1
44806.6562	-1
44816.6250	-1
44826.5938	-1
44836.5625	-1
44846.5430	1
44856.5273	-1
44866.5117	1
44876.4961	1
44886.4805	-1
44896.4648	-1
44906.4492	-1
44916.4336	-1
44926.4180	-1
44936.4023	-1
44946.3867	-1
44956.3711	-1
44966.3555	-1
44976.3398	-1
44986.3242	-1
44996.3086	-1
45006.2930	1
45016.2773	1
45026.2617	1
45036.2461	1
45046.2344	-1
45056.2227	-1
45066.2109	-1
45076.1992	-1
45086.1875	-1
45096.1758	-1
45106.1641	-1
45116.1523	-1
45126.1406	-1
45136.1289	-1
45146.1172	-1
45156.1055	-1
45166.0938	-1
45176.0820	-1
45186.0703	-1
45196.0586	-1
45206.0469	-1
45216.0352	-1
45226.0234	-1
45236.0117	-1
45246.0000	-1
45255.9883	-1
45265.9766	-1
45275.9648	-1
45285.9531	1
45295.9414	1
45305.9297	1
45315.9180	1
45325.9062	1
45335.8945	1
45345.8828	1
45355.8711	1
45365.8633	-1
45375.8555	-1
45385.8477	-1
45395.8398	-1
45405.8320	-1
45415.8242	-1
45425.8164	-1
45435.8086	-1
45445.8008	-1
45455.7930	-1
45465.7852	-1
45475.7773	-1
45485.7695	-1
45495.7617	-1
45505.7539	-1
45515.7461	-1
45525.7383	-1
45535.7305	-1
45545.7227	1
45555.7148	1
45565.7070	1
45575.6992	-1
45585.6914	1
45595.6836	-1
45605.6758	-1
45615.6680	-1
45625.6602	-1
45635.6523	-1
45645.6445	1
45655.6367	1
45665.6289	-1
45675.6211	-1
45685.6133	-1
45695.6055	-1
45705.5977	-1
45715.5898	-1
45725.5820	-1
45735.5742	-1
45745.5664	-1
45755.5586	-1
45765.5508	-1
45775.5430	-1
45785.5391	-1
45795.5352	-1
45805.5312	-1
45815.5273	-1
45825.5234	-1
45835.5195	-1
45845.5156	-1
45855.5117	-1
45865.5078	-1
45875.5039	-1
45885.5000	-1
45895.4961	-1
45905.4922	-1
45915.4883	-1
45925.4844	-1
45935.4805	-1
45945.4766	-1
45955.4727	-1
45965.4688	-1
45975.4648	-1
45985.4609	-1
45995.4570	-1
46005.4531	-1
46015.4492	-1
46025.4453	-1
46035.4414	-1
46045.4375	-1
46055.4336	-1
46065.4297	-1
46075.4258	-1
46085.4219	-1
46095.4180	-1
46105.4141	-1
46115.4102	-1
46125.4062	-1
46135.4023	-1
46145.3984	-1
46155.3945	-1
46165.3906	-1
46175.3867	-1
46185.3828	-1
46195.3789	-1
46205.3750	-1
46215.3711	-1
46225.3828	1
46235.3945	-1
46245.4062	1
46255.4180	1
46265.4297	-1
46275.4414	-1
46285.4531	-1
46295.4766	1
46305.5039	-1
46315.5312	1
46325.5586	1
46335.5859	-1
46345.6133	-1
46355.6406	-1
46365.6680	-1
46375.6953	-1
46385.7227	-1
46395.7500	-1
46405.7773	-1
46415.8047	-1
46425.8320	-1
46435.8594	-1
46445.8867	-1
46455.9180	1
46465.9492	1
46475.9805	1
46486.0117	1
46496.0430	-1
46506.0742	-1
46516.1055	-1
46526.1367	-1
46536.1680	-1
46546.1992	-1
46556.2305	-1
46566.2617	-1
46576.2930	-1
46586.3242	-1
46596.3555	-1
46606.3867	-1
46616.4180	-1
46626.4492	-1
46636.4805	-1
46646.5117	-1
46656.5430	-1
46666.5742	-1
46676.6055	-1
46686.6367	-1
46696.6680	-1
46706.6992	-1
46716.7305	-1
46726.7734	1
46736.8203	-1
46746.8672	1
46756.9141	1
46766.9609	-1
46777.0078	-1
46787.0547	-1
46797.1016	-1
46807.1641	1
46817.2266	-1
46827.2891	1
46837.3516	1
46847.4180	-1
46857.4844	-1
46867.5508	-1
46877.6172	-1
46887.6836	-1
46897.7500	-1
46907.8164	-1
46917.8828	-1
46927.9492	-1
46938.0156	-1
46948.0820	-1
46958.1484	-1
46968.2148	1
46978.2812	1
46988.3477	1
46998.4141	1
47008.4805	-1
47018.5469	-1
47028.6133	-1
47038.6797	-1
47048.7461	-1
47058.8125	-1
47068.8789	-1
47078.9453	-1
47089.0117	-1
47099.0781	-1
47109.1445	-1
47119.2109	-1
47129.2773	-1
47139.3438	-1
47149.4102	-1
47159.4766	-1
47169.5430	-1
47179.6094	-1
47189.6758	-1
47199.7422	-1
47209.8086	-1
47219.8750	-1
47229.9414	-1
47240.0078	-1
47250.0742	1
47260.1406	1
47270.2070	1
47280.2734	-1
47290.3398	-1
47300.4062	-1
47310.4727	-1
47320.5391	-1
47330.6055	-1
47340.6719	-1
47350.7383	-1
47360.8047	-1
47370.8711	-1
47380.9375	-1
47391.0039	-1
47401.0703	-1
47411.1523	1
47421.2344	-1
47431.3164	1
47441.3984	1
47451.4844	-1
47461.5703	-1
47471.6562	-1
47481.7422	-1
47491.8281	-1
47501.9141	-1
47512.0000	-1
47522.0859	-1
47532.1719	-1
47542.2578	-1
47552.3438	-1
47562.4297	-1
47572.5156	1
47582.6016	1
47592.6875	1
47602.7734	1
47612.8594	-1
47622.9453	-1
47633.0312	-1
47643.1172	-1
47653.2031	-1
47663.2891	-1
47673.3750	-1
47683.4609	-1
47693.5469	-1
47703.6328	-1
47713.7188	-1
47723.8047	-1
47733.8906	-1
47743.9766	-1
47754.0625	-1
47764.1484	-1
47774.2344	-1
47784.3203	-1
47794.4062	-1
47804.5078	1
47814.6094	-1
47824.7109	1
47834.8125	1
47844.9180	-1
47855.0234	-1
