0.0000	0
0.1440	1
0.8661	-1
1.5886	1
8.1342	1
14.6805	-1
21.8535	1
29.0282	-1
36.2032	1
43.3782	1
50.5553	-1
57.7324	-1
64.9095	-1
72.0866	-1
79.2637	-1
86.4408	-1
93.6181	-1
100.7953	-1
107.9726	-1
115.1499	-1
122.3272	-1
129.5045	-1
136.6825	1
143.8606	1
151.0388	1
158.2170	1
165.3972	-1
172.5775	-1
179.7577	-1
186.9379	-1
194.1181	-1
201.2984	-1
208.4793	-1
215.6602	-1
222.8411	-1
230.0220	-1
237.2029	-1
244.3838	-1
251.5649	-1
258.7460	-1
265.9272	-1
273.1083	-1
280.2894	-1
287.4705	-1
294.6519	-1
301.8332	-1
309.0146	-1
316.1960	-1
323.3773	-1
330.5587	-1
337.7401	1
344.9217	1
352.1036	1
359.2857	1
366.4681	1
373.6506	1
380.8344	1
388.0183	1
395.2034	-1
402.3885	-1
409.5737	-1
416.7588	-1
423.9439	-1
431.1290	-1
438.3147	1
445.5005	1
452.6866	-1
459.8727	-1
467.0588	-1
474.2449	-1
481.4310	-1
488.6171	-1
495.8037	1
502.9905	1
510.1777	-1
517.3649	-1
524.5521	-1
531.7393	-1
538.9265	-1
546.1137	-1
553.3019	1
560.4901	1
567.6785	-1
574.8668	-1
582.0552	-1
589.2435	-1
596.4319	-1
603.6202	-1
610.8091	-1
617.9979	-1
625.1868	-1
632.3756	-1
639.5645	-1
646.7533	-1
653.9431	-1
661.1328	-1
668.3226	-1
675.5123	-1
682.7021	-1
689.8918	-1
697.0818	-1
704.2718	-1
711.4618	-1
718.6518	-1
725.8418	-1
733.0318	-1
740.2219	-1
747.4120	-1
754.6022	-1
761.7923	-1
768.9824	-1
776.1725	-1
783.3628	1
790.5550	-1
797.7472	-1
804.9394	-1
812.1316	-1
819.3238	-1
826.5160	-1
833.7090	-1
840.9020	-1
848.0950	-1
855.2880	-1
862.4810	-1
869.6740	-1
876.8671	-1
884.0603	-1
891.2535	-1
898.4467	-1
905.6398	-1
912.8330	-1
920.0264	-1
927.2198	-1
934.4133	-1
941.6067	-1
948.8001	-1
955.9935	-1
963.1882	-1
970.3829	-1
977.5776	-1
984.7723	-1
991.9670	-1
999.1617	-1
1006.3569	-1
1013.5522	-1
1020.7474	-1
1027.9426	-1
1035.1378	-1
1042.3330	-1
1049.5284	-1
1056.7239	-1
1063.9193	-1
1071.1147	-1
1078.3102	-1
1085.5162	1
1092.7236	-1
1099.9313	1
1107.1390	1
1114.3481	-1
1121.5573	-1
1128.7664	-1
1135.9755	-1
1143.1846	-1
1150.3937	-1
1157.6029	-1
1164.8121	-1
1172.0214	-1
1179.2306	-1
1186.4398	-1
1193.6490	-1
1200.8589	1
1208.0687	1
1215.2787	1
1222.4886	1
1229.7004	-1
1236.9122	-1
1244.1240	-1
1251.3358	-1
1258.5476	-1
1265.7594	-1
1272.9713	-1
1280.1832	-1
1287.3953	-1
1294.6073	-1
1301.8193	-1
1309.0314	-1
1316.2441	-1
1323.4569	-1
1330.6697	-1
1337.8824	-1
1345.0952	-1
1352.3080	-1
1359.5209	1
1366.7339	1
1373.9469	1
1381.1599	1
1388.3730	-1
1395.5862	-1
1402.7993	-1
1410.0125	-1
1417.2256	-1
1424.4387	-1
1431.6523	1
1438.8663	1
1446.0804	1
1453.2946	1
1460.5116	-1
1467.7286	-1
1474.9457	-1
1482.1627	-1
1489.3798	-1
1496.5968	-1
1503.8140	-1
1511.0311	-1
1518.2483	-1
1525.4655	-1
1532.6826	-1
1539.8998	-1
1547.1172	-1
1554.3346	-1
1561.5520	-1
1568.7694	-1
1575.9868	-1
1583.2042	-1
1590.4226	1
1597.6417	-1
1604.8608	-1
1612.0800	-1
1619.2991	-1
1626.5182	-1
1633.7373	-1
1640.9576	-1
1648.1780	-1
1655.3983	-1
1662.6187	-1
1669.8390	-1
1677.0593	-1
1684.2798	-1
1691.5002	-1
1698.7207	-1
1705.9412	-1
1713.1616	-1
1720.3821	-1
1727.6028	-1
1734.8235	-1
1742.0442	-1
1749.2649	-1
1756.4856	-1
1763.7063	-1
1770.9271	-1
1778.1479	-1
1785.3688	-1
1792.5896	-1
1799.8104	-1
1807.0312	-1
1814.2533	-1
1821.4753	-1
1828.6974	-1
1835.9318	1
1843.1674	-1
1850.4033	1
1857.6393	1
1864.8760	-1
1872.1127	-1
1879.3494	-1
1886.5861	-1
1893.8228	-1
1901.0594	-1
1908.2963	-1
1915.5331	-1
1922.7699	-1
1930.0067	-1
1937.2435	-1
1944.4803	-1
1951.7177	1
1958.9550	1
1966.1923	1
1973.4297	1
1980.6677	-1
1987.9058	-1
1995.1438	-1
2002.3818	-1
2009.6199	-1
2016.8579	-1
2024.0961	-1
2031.3342	-1
2038.5724	-1
2045.8105	-1
2053.0486	-1
2060.2866	-1
2067.5251	-1
2074.7637	-1
2082.0022	-1
2089.2407	-1
2096.4792	-1
2103.7178	-1
2110.9565	-1
2118.1953	-1
2125.4341	-1
2132.6729	-1
2139.9116	-1
2147.1504	-1
2154.3892	1
2161.6282	1
2168.8679	-1
2176.1077	-1
2183.3474	-1
2190.5872	-1
2197.8269	-1
2205.0667	-1
2212.3066	-1
2219.5466	-1
2226.7866	-1
2234.0408	1
2241.2964	-1
2248.5522	1
2255.8081	1
2263.0645	-1
2270.3215	-1
2277.5886	1
2284.8569	-1
2292.1257	1
2299.3945	1
2306.6648	-1
2313.9351	-1
2321.2053	-1
2328.4756	-1
2335.7458	-1
2343.0161	-1
2350.2866	-1
2357.5571	-1
2364.8276	-1
2372.0981	-1
2379.3689	-1
2386.6396	-1
2393.9104	1
2401.1812	1
2408.4521	1
2415.7231	1
2422.9961	-1
2430.2690	-1
2437.5420	-1
2444.8149	-1
2452.0879	-1
2459.3608	-1
2466.6338	-1
2473.9067	-1
2481.1797	-1
2488.4526	-1
2495.7256	-1
2502.9985	-1
2510.2717	-1
2517.5449	-1
2524.8181	-1
2532.0913	-1
2539.3645	-1
2546.6377	-1
2553.9114	1
2561.1851	-1
2568.4587	-1
2575.7324	-1
2583.0061	-1
2590.2798	-1
2597.5535	-1
2604.8271	1
2612.1008	1
2619.3745	1
2626.6482	1
2633.9221	1
2641.1963	1
2648.4705	1
2655.7478	-1
2663.0251	-1
2670.3025	-1
2677.5798	-1
2684.8572	-1
2692.1345	-1
2699.4121	-1
2706.6897	-1
2713.9673	-1
2721.2449	-1
2728.5225	-1
2735.8000	-1
2743.0776	-1
2750.3552	-1
2757.6328	-1
2764.9104	-1
2772.1880	-1
2779.4656	-1
2786.7434	-1
2794.0212	-1
2801.2991	-1
2808.5769	-1
2815.8547	-1
2823.1326	-1
2830.4106	1
2837.6887	1
2844.9673	-1
2852.2458	-1
2859.5244	-1
2866.8030	1
2874.0815	-1
2881.3604	-1
2888.6392	-1
2895.9180	1
2903.1968	1
2910.4756	1
2917.7546	-1
2925.0337	-1
2932.3127	-1
2939.5918	-1
2946.8708	-1
2954.1499	-1
2961.4290	-1
2968.7080	-1
2975.9871	-1
2983.2661	-1
2990.5454	-1
2997.8247	-1
3005.1042	-1
3012.3838	-1
3019.6633	-1
3026.9429	-1
3034.2224	-1
3041.5020	-1
3048.7839	-1
3056.0659	-1
3063.3479	-1
3070.6299	-1
3077.9119	-1
3085.1938	-1
3092.4761	-1
3099.7583	-1
3107.0405	-1
3114.3228	-1
3121.6050	-1
3128.8872	-1
3136.1697	-1
3143.4521	-1
3150.7346	-1
3158.0171	-1
3165.2996	-1
3172.5820	-1
3179.8647	-1
3187.1475	-1
3194.4302	-1
3201.7129	-1
3208.9956	-1
3216.2783	-1
3223.5610	-1
3230.8440	-1
3238.1270	-1
3245.4099	-1
3252.6929	-1
3259.9758	-1
3267.2588	-1
3274.5417	-1
3281.8413	1
3289.1426	-1
3296.4441	1
3303.7456	1
3311.0483	-1
3318.3511	-1
3325.6538	-1
3332.9565	-1
3340.2744	1
3347.5938	-1
3354.9133	1
3362.2329	1
3369.5540	-1
3376.8750	-1
3384.1960	-1
3391.5171	-1
3398.8381	-1
3406.1697	1
3413.5027	-1
3420.8359	1
3428.1692	1
3435.5039	-1
3442.8386	-1
3450.1733	-1
3457.5081	-1
3464.8428	-1
3472.1775	-1
3479.5125	-1
3486.8474	-1
3494.1824	-1
3501.5173	-1
3508.8523	-1
3516.1873	-1
3523.5227	1
3530.8582	1
3538.1936	1
3545.5291	1
3552.8665	-1
3560.2039	-1
3567.5413	-1
3574.8787	-1
3582.2161	-1
3589.5535	-1
3596.8911	-1
3604.2288	-1
3611.5664	-1
3618.9041	-1
3626.2417	-1
3633.5793	-1
3640.9170	-1
3648.2546	-1
3655.5923	-1
3662.9299	-1
3670.2676	-1
3677.6052	-1
3684.9429	-1
3692.2808	-1
3699.6187	-1
3706.9565	-1
3714.2944	-1
3721.6323	-1
3728.9707	1
3736.3091	1
3743.6475	1
3750.9858	1
3758.3245	1
3765.6631	1
3773.0020	1
3780.3408	1
3787.6821	-1
3795.0234	-1
3802.3647	-1
3809.7061	-1
3817.0474	-1
3824.3887	-1
3831.7310	-1
3839.0732	-1
3846.4155	-1
3853.7578	-1
3861.1001	-1
3868.4424	-1
3875.7847	-1
3883.1272	-1
3890.4697	-1
3897.8123	-1
3905.1548	-1
3912.4973	-1
3919.8398	1
3927.1824	1
3934.5254	1
3941.8684	1
3949.2117	-1
3956.5549	-1
3963.8982	-1
3971.2415	-1
3978.5847	-1
3985.9280	-1
3993.2717	-1
4000.6155	-1
4007.9592	-1
4015.3030	-1
4022.6467	-1
4029.9905	-1
4037.3345	-1
4044.6785	-1
4052.0225	-1
4059.3665	-1
4066.7104	-1
4074.0544	-1
4081.3987	-1
4088.7429	-1
4096.0869	-1
4103.4312	-1
4110.7754	-1
4118.1196	-1
4125.4639	-1
4132.8081	-1
4140.1523	-1
4147.4966	-1
4154.8408	-1
4162.1851	-1
4169.5312	-1
4176.8774	-1
4184.2236	-1
4191.5698	-1
4198.9160	-1
4206.2622	-1
4213.6084	-1
4220.9546	-1
4228.3008	-1
4235.6470	-1
4242.9932	-1
4250.3394	-1
4257.6860	-1
4265.0327	-1
4272.3794	-1
4279.7261	-1
4287.0728	-1
4294.4194	-1
4301.7661	-1
4309.1128	-1
4316.4595	-1
4323.8174	1
4331.1763	-1
4338.5356	1
4345.8950	1
4353.2549	-1
4360.6147	-1
4367.9746	-1
4375.3345	-1
4382.6943	-1
4390.0542	-1
4397.4146	-1
4404.7749	-1
4412.1353	-1
4419.4956	-1
4426.8560	-1
4434.2163	-1
4441.5767	1
4448.9370	1
4456.2974	1
4463.6582	1
4471.0195	-1
4478.3809	-1
4485.7422	-1
4493.1035	-1
4500.4648	-1
4507.8262	-1
4515.1880	-1
4522.5498	-1
4529.9116	-1
4537.2734	-1
4544.6353	-1
4551.9971	-1
4559.3589	-1
4566.7207	-1
4574.0825	-1
4581.4443	-1
4588.8062	-1
4596.1680	-1
4603.5298	-1
4610.8916	-1
4618.2534	-1
4625.6152	-1
4632.9771	-1
4640.3389	-1
4647.7017	1
4655.0645	1
4662.4272	1
4669.7900	1
4677.1528	1
4684.5156	1
4691.8794	-1
4699.2432	-1
4706.6069	-1
4713.9707	-1
4721.3345	-1
4728.6982	-1
4736.0625	-1
4743.4268	-1
4750.7910	-1
4758.1553	-1
4765.5195	-1
4772.8838	-1
4780.2480	-1
4787.6123	-1
4794.9766	-1
4802.3408	-1
4809.7051	-1
4817.0693	-1
4824.4336	-1
4831.7979	-1
4839.1621	-1
4846.5264	-1
4853.8906	-1
4861.2549	-1
4868.6196	-1
4875.9844	-1
4883.3491	-1
4890.7139	-1
4898.0786	-1
4905.4434	-1
4912.8081	-1
4920.1729	-1
4927.5376	-1
4934.9146	1
4942.2925	-1
4949.6709	1
4957.0493	1
4964.4282	-1
4971.8071	-1
4979.1860	-1
4986.5649	-1
4993.9438	-1
5001.3228	-1
5008.7021	-1
5016.0815	-1
5023.4609	-1
5030.8403	-1
5038.2197	-1
5045.5991	-1
5052.9785	1
5060.3579	1
5067.7378	1
5075.1177	1
5082.4980	-1
5089.8784	-1
5097.2588	-1
5104.6392	-1
5112.0195	-1
5119.3999	-1
5126.7803	1
5134.1611	1
5141.5420	-1
5148.9229	-1
5156.3037	-1
5163.6846	-1
5171.0654	-1
5178.4463	-1
5185.8276	1
5193.2090	1
5200.5903	-1
5207.9717	-1
5215.3530	-1
5222.7344	-1
5230.1157	-1
5237.4971	-1
5244.8789	-1
5252.2607	-1
5259.6426	-1
5267.0244	-1
5274.4062	-1
5281.7881	-1
5289.1704	1
5296.5527	1
5303.9351	1
5311.3174	1
5318.7002	-1
5326.0830	-1
5333.4658	-1
5340.8486	-1
5348.2314	-1
5355.6143	-1
5362.9971	-1
5370.3799	-1
5377.7627	-1
5385.1455	-1
5392.5283	-1
5399.9111	-1
5407.2939	-1
5414.6768	-1
5422.0596	-1
5429.4424	-1
5436.8252	-1
5444.2080	-1
5451.5913	-1
5458.9746	-1
5466.3579	-1
5473.7412	-1
5481.1245	-1
5488.5078	-1
5495.8921	-1
5503.2764	-1
5510.6606	-1
5518.0449	-1
5525.4292	-1
5532.8135	-1
5540.1978	-1
5547.5820	-1
5554.9663	-1
5562.3506	-1
5569.7349	-1
5577.1191	-1
5584.5039	-1
5591.8887	-1
5599.2734	-1
5606.6582	-1
5614.0430	-1
5621.4277	-1
5628.8125	-1
5636.2080	1
5643.6050	-1
5651.0024	1
5658.3999	1
5665.7988	-1
5673.1978	-1
5680.5967	-1
5687.9956	-1
5695.3945	-1
5702.7935	-1
5710.1924	-1
5717.6011	1
5725.0107	-1
5732.4209	1
5739.8311	1
5747.2422	-1
5754.6533	-1
5762.0645	-1
5769.4858	1
5776.9087	-1
5784.3315	1
5791.7544	1
5799.1787	-1
5806.6030	-1
5814.0273	-1
5821.4517	-1
5828.8857	1
5836.3213	-1
5843.7568	1
5851.1924	1
5858.6289	-1
5866.0654	-1
5873.5024	-1
5880.9487	1
5888.3965	-1
5895.8447	1
5903.2930	1
5910.7422	-1
5918.1914	-1
5925.6553	1
5933.1206	-1
5940.5864	1
5948.0522	1
5955.5190	-1
5962.9858	-1
5970.4658	1
5977.9473	-1
5985.4292	1
5992.9111	1
6000.3945	-1
6007.8779	-1
6015.3613	-1
6022.8447	-1
6030.3428	1
6037.8423	-1
6045.3418	1
6052.8413	1
6060.3423	-1
6067.8433	-1
6075.3442	-1
6082.8452	-1
6090.3608	1
6097.8779	-1
6105.3955	1
6112.9131	1
6120.4316	-1
6127.9502	-1
6135.4688	-1
6142.9971	1
6150.5269	-1
6158.0571	1
6165.5874	1
6173.1191	-1
6180.6509	-1
6188.1826	-1
6195.7144	-1
6203.2461	-1
6210.7778	-1
6218.3096	-1
6225.8413	-1
6233.3730	-1
6240.9048	-1
6248.4365	-1
6255.9683	-1
6263.5005	1
6271.0327	1
6278.5664	-1
6286.1001	-1
6293.6338	-1
6301.1675	-1
6308.7012	-1
6316.2349	-1
6323.7686	-1
6331.3125	1
6338.8579	-1
6346.4038	1
6353.9497	1
6361.4961	-1
6369.0430	-1
6376.5996	1
6384.1572	-1
6391.7153	1
6399.2734	1
6406.8320	-1
6414.3906	-1
6421.9497	-1
6429.5186	1
6437.0884	-1
6444.6587	1
6452.2290	1
6459.8003	-1
6467.3716	-1
6474.9429	-1
6482.5142	-1
6490.0854	-1
6497.6567	-1
6505.2285	-1
6512.8003	-1
6520.3721	-1
6527.9556	1
6535.5405	-1
6543.1255	1
6550.7104	1
6558.2974	-1
6565.8843	-1
6573.4712	-1
6581.0581	-1
6588.6450	-1
6596.2319	-1
6603.8188	-1
6611.4058	-1
6618.9927	-1
6626.5796	-1
6634.1665	-1
6641.7534	-1
6649.3408	1
6656.9282	1
6664.5156	1
6672.1030	1
6679.6924	-1
6687.2817	-1
6694.8711	-1
6702.4604	-1
6710.0498	-1
6717.6392	-1
6725.2290	-1
6732.8188	-1
6740.4087	-1
6747.9985	-1
6755.5884	-1
6763.1782	-1
6770.7681	1
6778.3579	1
6785.9482	1
6793.5386	-1
6801.1289	-1
6808.7192	-1
6816.3096	-1
6823.8999	1
6831.4902	-1
6839.0806	-1
6846.6709	-1
6854.2612	-1
6861.8516	-1
6869.4419	-1
6877.0322	-1
6884.6226	-1
6892.2134	1
6899.8062	-1
6907.3994	-1
6914.9927	-1
6922.5859	-1
6930.1792	-1
6937.7725	-1
6945.3657	-1
6952.9590	-1
6960.5522	-1
6968.1455	-1
6975.7388	-1
6983.3320	-1
6990.9258	-1
6998.5195	-1
7006.1133	-1
7013.7070	-1
7021.3008	-1
7028.8945	-1
7036.4883	-1
7044.0820	-1
7051.6758	-1
7059.2695	-1
7066.8633	-1
7074.4570	-1
7082.0508	-1
7089.6445	-1
7097.2383	-1
7104.8320	-1
7112.4258	-1
7120.0195	-1
7127.6284	1
7135.2393	-1
7142.8506	1
7150.4619	1
7158.0747	-1
7165.6875	-1
7173.3003	-1
7180.9131	-1
7188.5259	-1
7196.1387	-1
7203.7515	-1
7211.3643	-1
7218.9771	-1
7226.5898	-1
7234.2026	-1
7241.8154	-1
7249.4287	1
7257.0420	1
7264.6553	1
7272.2686	1
7279.8838	-1
7287.4990	-1
7295.1143	-1
7302.7295	-1
7310.3447	-1
7317.9600	-1
7325.5757	-1
7333.1914	-1
7340.8071	-1
7348.4229	-1
7356.0386	-1
7363.6543	-1
7371.2700	-1
7378.8857	-1
7386.5015	-1
7394.1172	-1
7401.7329	-1
7409.3486	-1
7416.9648	1
7424.5811	1
7432.1973	-1
7439.8135	-1
7447.4297	-1
7455.0459	-1
7462.6621	-1
7470.2783	-1
7477.8960	-1
7485.5137	-1
7493.1313	-1
7500.7490	-1
7508.3667	-1
7515.9844	-1
7523.6021	-1
7531.2197	-1
7538.8496	1
7546.4810	-1
7554.1123	1
7561.7437	1
7569.3770	-1
7577.0103	-1
7584.6436	-1
7592.2769	-1
7599.9102	-1
7607.5435	-1
7615.1768	-1
7622.8101	-1
7630.4434	-1
7638.0767	-1
7645.7100	-1
7653.3433	-1
7660.9771	1
7668.6108	1
7676.2451	1
7683.8794	1
7691.5151	-1
7699.1509	-1
7706.7866	-1
7714.4224	-1
7722.0581	-1
7729.6938	-1
7737.3301	-1
7744.9663	-1
7752.6025	-1
7760.2388	-1
7767.8750	-1
7775.5112	-1
7783.1475	-1
7790.7837	-1
7798.4199	-1
7806.0562	-1
7813.6924	-1
7821.3286	-1
7828.9653	1
7836.6025	1
7844.2397	1
7851.8770	-1
7859.5142	-1
7867.1514	1
7874.7886	-1
7882.4258	-1
7890.0630	-1
7897.7002	-1
7905.3374	1
7912.9746	1
7920.6128	1
7928.2510	1
7935.8911	-1
7943.5312	-1
7951.1714	-1
7958.8115	-1
7966.4517	-1
7974.0918	-1
7981.7324	-1
7989.3730	-1
7997.0137	-1
8004.6543	-1
8012.2949	-1
8019.9355	-1
8027.5767	1
8035.2183	-1
8042.8599	-1
8050.5015	-1
8058.1431	-1
8065.7847	-1
8073.4263	-1
8081.0679	-1
8088.7095	-1
8096.3511	-1
8103.9927	-1
8111.6343	-1
8119.2759	-1
8126.9175	-1
8134.5591	-1
8142.2007	-1
8149.8423	-1
8157.4839	-1
8165.1255	-1
8172.7676	-1
8180.4097	-1
8188.0518	-1
8195.6934	-1
8203.3350	-1
8210.9766	-1
8218.6182	-1
8226.2598	-1
8233.9014	-1
8241.5430	-1
8249.1846	-1
8256.8262	-1
8264.4688	-1
8272.1113	-1
8279.7539	-1
8287.3965	-1
8295.0391	-1
8302.6816	-1
8310.3262	-1
8317.9707	-1
8325.6152	-1
8333.2598	-1
8340.9043	-1
8348.5625	1
8356.2217	-1
8363.8818	1
8371.5420	1
8379.2031	-1
8386.8643	-1
8394.5254	-1
8402.1865	-1
8409.8477	-1
8417.5088	-1
8425.1699	-1
8432.8311	-1
8440.4922	-1
8448.1533	-1
8455.8145	-1
8463.4756	-1
8471.1377	1
8478.7998	1
8486.4619	1
8494.1240	1
8501.7881	-1
8509.4521	-1
8517.1162	-1
8524.7803	-1
8532.4443	-1
8540.1084	-1
8547.7725	-1
8555.4365	-1
8563.1006	-1
8570.7646	-1
8578.4287	-1
8586.0928	-1
8593.7578	-1
8601.4229	-1
8609.0879	-1
8616.7529	-1
8624.4180	-1
8632.0830	-1
8639.7480	-1
8647.4131	-1
8655.0781	-1
8662.7432	-1
8670.4082	-1
8678.0732	-1
8685.7383	1
8693.4033	1
8701.0684	1
8708.7334	1
8716.3984	1
8724.0635	1
8731.7295	1
8739.3955	1
8747.0625	-1
8754.7295	-1
8762.3965	-1
8770.0635	-1
8777.7305	-1
8785.3975	-1
8793.0654	-1
8800.7334	-1
8808.4014	-1
8816.0693	-1
8823.7373	-1
8831.4053	-1
8839.0742	1
8846.7432	1
8854.4131	-1
8862.0830	-1
8869.7529	-1
8877.4229	-1
8885.0928	-1
8892.7627	-1
8900.4326	-1
8908.1025	-1
8915.7725	-1
8923.4424	-1
8931.1123	-1
8938.7822	-1
8946.4521	-1
8954.1221	-1
8961.7920	-1
8969.4619	-1
8977.1318	-1
8984.8018	-1
8992.4717	-1
9000.1416	-1
9007.8115	-1
9015.4814	-1
9023.1514	-1
9030.8213	-1
9038.4912	-1
9046.1611	-1
9053.8311	-1
9061.5010	-1
9069.1709	-1
9076.8408	-1
9084.5117	-1
9092.1826	-1
9099.8535	-1
9107.5244	-1
9115.1953	-1
9122.8662	-1
9130.5381	-1
9138.2100	-1
9145.8818	-1
9153.5537	-1
9161.2256	-1
9168.8975	-1
9176.5703	-1
9184.2432	-1
9191.9268	1
9199.6113	-1
9207.2969	1
9214.9824	1
9222.6680	-1
9230.3535	-1
9238.0391	-1
9245.7246	-1
9253.4102	-1
9261.0957	-1
9268.7812	-1
9276.4668	-1
9284.1523	-1
9291.8379	-1
9299.5234	-1
9307.2090	-1
9314.8955	1
9322.5820	-1
9330.2686	-1
9337.9551	-1
9345.6416	-1
9353.3389	1
9361.0371	-1
9368.7354	1
9376.4336	1
9384.1328	-1
9391.8320	-1
9399.5312	-1
9407.2305	-1
9414.9297	-1
9422.6289	-1
9430.3281	-1
9438.0273	-1
9445.7266	-1
9453.4258	-1
9461.1250	-1
9468.8242	-1
9476.5244	1
9484.2246	1
9491.9248	-1
9499.6250	-1
9507.3252	-1
9515.0254	-1
9522.7256	-1
9530.4258	-1
9538.1260	-1
9545.8262	-1
9553.5381	1
9561.2510	-1
9568.9648	1
9576.6787	1
9584.3936	-1
9592.1084	-1
9599.8232	-1
9607.5381	-1
9615.2529	-1
9622.9678	-1
9630.6826	-1
9638.3975	-1
9646.1123	-1
9653.8271	-1
9661.5420	-1
9669.2568	-1
9676.9727	1
9684.6885	1
9692.4043	1
9700.1201	1
9707.8369	-1
9715.5537	-1
9723.2705	-1
9730.9873	-1
9738.7041	-1
9746.4209	-1
9754.1377	-1
9761.8545	-1
9769.5713	-1
9777.2881	-1
9785.0049	-1
9792.7217	-1
9800.4395	-1
9808.1572	-1
9815.8750	-1
9823.5928	-1
9831.3105	-1
9839.0283	-1
9846.7461	-1
9854.4639	-1
9862.1816	-1
9869.8994	-1
9877.6172	-1
9885.3350	-1
9893.0527	1
9900.7705	1
9908.4883	1
9916.2061	1
9923.9238	1
9931.6416	1
9939.3594	1
9947.0771	1
9954.7979	-1
9962.5186	-1
9970.2393	-1
9977.9600	-1
9985.6807	-1
9993.4014	-1
10001.1221	-1
10008.8428	-1
10016.5635	-1
10024.2842	-1
10032.0049	-1
10039.7256	-1
10047.4473	1
10055.1689	1
10062.8906	1
10070.6123	1
10078.3340	-1
10086.0557	-1
10093.7773	-1
10101.4990	-1
10109.2207	-1
10116.9424	-1
10124.6641	-1
10132.3857	-1
10140.1074	-1
10147.8291	-1
10155.5508	-1
10163.2725	-1
10170.9941	-1
10178.7158	-1
10186.4375	-1
10194.1592	-1
10201.8809	-1
10209.6025	-1
10217.3242	-1
10225.0459	-1
10232.7676	-1
10240.4893	-1
10248.2109	-1
10255.9326	-1
10263.6543	1
10271.3760	1
10279.0977	-1
10286.8193	-1
10294.5410	-1
10302.2627	-1
10309.9844	-1
10317.7061	-1
10325.4277	1
10333.1494	1
10340.8721	-1
10348.5947	-1
10356.3174	-1
10364.0400	-1
10371.7627	-1
10379.4854	-1
10387.2080	1
10394.9307	1
10402.6533	1
10410.3760	1
10418.0986	1
10425.8213	1
10433.5439	1
10441.2666	1
10448.9932	-1
10456.7197	-1
10464.4463	-1
10472.1729	-1
10479.8994	-1
10487.6260	-1
10495.3535	-1
10503.0811	-1
10510.8086	-1
10518.5361	-1
10526.2637	-1
10533.9912	-1
10541.7188	1
10549.4473	-1
10557.1758	-1
10564.9043	-1
10572.6328	-1
10580.3613	-1
10588.0898	-1
10595.8193	-1
10603.5488	-1
10611.2783	-1
10619.0078	-1
10626.7373	-1
10634.4668	-1
10642.1963	-1
10649.9258	-1
10657.6553	-1
10665.3848	-1
10673.1143	-1
10680.8438	-1
10688.5732	-1
10696.3027	-1
10704.0322	-1
10711.7617	-1
10719.4912	-1
10727.2207	-1
10734.9502	-1
10742.6797	-1
10750.4092	-1
10758.1387	-1
10765.8682	-1
10773.5977	-1
10781.3271	-1
10789.0566	-1
10796.7861	-1
10804.5156	-1
10812.2451	-1
10819.9746	-1
10827.7041	-1
10835.4336	-1
10843.1631	-1
10850.8926	-1
10858.6221	-1
10866.3516	-1
10874.0830	-1
10881.8145	-1
10889.5459	-1
10897.2773	-1
10905.0088	-1
10912.7402	-1
10920.4717	-1
10928.2031	-1
10935.9346	-1
10943.6660	-1
10951.3975	-1
10959.1289	-1
10966.8604	-1
10974.5918	-1
10982.3232	-1
10990.0547	-1
10997.7871	-1
11005.5195	-1
11013.2520	-1
11020.9844	-1
11028.7168	-1
11036.4492	-1
11044.1816	-1
11051.9141	-1
11059.6465	-1
11067.3789	-1
11075.1113	-1
11082.8438	-1
11090.5762	-1
11098.3086	-1
11106.0420	-1
11113.7754	-1
11121.5088	-1
11129.2422	-1
11136.9756	-1
11144.7090	-1
11152.4424	-1
11160.1758	-1
11167.9092	-1
11175.6426	-1
11183.3760	-1
11191.1094	-1
11198.8428	-1
11206.5762	-1
11214.3096	-1
11222.0430	-1
11229.7764	-1
11237.5098	-1
11245.2549	1
11253.0010	-1
11260.7471	1
11268.4932	1
11276.2402	-1
11283.9873	-1
11291.7344	-1
11299.4814	-1
11307.2285	-1
11314.9756	-1
11322.7227	-1
11330.4697	-1
11338.2168	-1
11345.9639	-1
11353.7109	-1
11361.4580	-1
11369.2051	1
11376.9531	1
11384.7012	1
11392.4492	1
11400.1973	-1
11407.9453	-1
11415.6934	-1
11423.4414	-1
11431.1895	-1
11438.9375	-1
11446.6855	-1
11454.4336	-1
11462.1816	-1
11469.9297	-1
11477.6777	-1
11485.4258	-1
11493.1748	-1
11500.9238	-1
11508.6729	-1
11516.4219	-1
11524.1709	-1
11531.9199	-1
11539.6689	1
11547.4180	1
11555.1670	-1
11562.9160	-1
11570.6650	-1
11578.4141	-1
11586.1631	-1
11593.9121	-1
11601.6611	1
11609.4102	1
11617.1592	1
11624.9092	1
11632.6592	1
11640.4092	1
11648.1592	-1
11655.9092	-1
11663.6592	-1
11671.4092	-1
11679.1592	-1
11686.9092	-1
11694.6592	-1
11702.4092	-1
11710.1592	-1
11717.9092	-1
11725.6592	-1
11733.4092	-1
11741.1592	-1
11748.9092	-1
11756.6592	-1
11764.4092	-1
11772.1592	-1
11779.9092	-1
11787.6602	-1
11795.4111	-1
11803.1621	-1
11810.9131	-1
11818.6641	-1
11826.4150	-1
11834.1670	1
11841.9189	1
11849.6709	-1
11857.4229	-1
11865.1748	-1
11872.9268	-1
11880.6787	-1
11888.4307	-1
11896.1826	-1
11903.9346	-1
11911.6865	-1
11919.4385	-1
11927.1904	-1
11934.9424	-1
11942.6943	-1
11950.4463	-1
11958.1982	-1
11965.9502	-1
11973.7021	-1
11981.4541	-1
11989.2061	-1
11996.9580	-1
12004.7100	-1
12012.4619	-1
12020.2139	-1
12027.9658	-1
12035.7188	-1
12043.4717	-1
12051.2246	-1
12058.9775	-1
12066.7305	-1
12074.4834	-1
12082.2363	-1
12089.9893	-1
12097.7422	-1
12105.5107	1
12113.2812	-1
12121.0518	1
12128.8223	1
12136.5938	-1
12144.3652	-1
12152.1367	-1
12159.9082	-1
12167.6797	-1
12175.4512	-1
12183.2227	-1
12190.9941	-1
12198.7773	1
12206.5615	-1
12214.3457	1
12222.1309	1
12229.9170	-1
12237.7031	-1
12245.4893	-1
12253.2754	-1
12261.0615	-1
12268.8477	-1
12276.6338	-1
12284.4199	-1
12292.2061	-1
12299.9922	-1
12307.7783	-1
12315.5645	-1
12323.3516	1
12331.1387	1
12338.9258	1
12346.7129	1
12354.5020	-1
12362.2910	-1
12370.0801	-1
12377.8691	-1
12385.6582	-1
12393.4473	-1
12401.2363	-1
12409.0254	-1
12416.8145	-1
12424.6035	-1
12432.3926	-1
12440.1816	-1
12447.9707	-1
12455.7598	-1
12463.5488	-1
12471.3379	-1
12479.1270	-1
12486.9160	-1
12494.7051	-1
12502.4941	-1
12510.2832	-1
12518.0723	-1
12525.8613	-1
12533.6504	-1
12541.4404	1
12549.2305	1
12557.0205	1
12564.8105	1
12572.6006	1
12580.3906	1
12588.1807	1
12595.9707	1
12603.7637	-1
12611.5566	-1
12619.3496	-1
12627.1426	-1
12634.9355	-1
12642.7285	-1
12650.5215	-1
12658.3145	-1
12666.1074	-1
12673.9004	-1
12681.6934	-1
12689.4863	-1
12697.2793	-1
12705.0723	-1
12712.8652	-1
12720.6582	-1
12728.4512	-1
12736.2441	-1
12744.0381	-1
12751.8320	-1
12759.6260	-1
12767.4199	-1
12775.2139	-1
12783.0078	-1
12790.8018	-1
12798.5957	-1
12806.3896	-1
12814.1836	-1
12821.9775	-1
12829.7715	-1
12837.5654	-1
12845.3594	-1
12853.1533	-1
12860.9473	-1
12868.7412	-1
12876.5352	-1
12884.3301	1
12892.1250	1
12899.9199	1
12907.7148	1
12915.5098	1
12923.3047	1
12931.0996	1
12938.8945	1
12946.6895	1
12954.4873	-1
12962.2852	-1
12970.0830	-1
12977.8809	-1
12985.6787	-1
12993.4766	-1
13001.2744	-1
13009.0723	-1
13016.8701	-1
13024.6680	-1
13032.4658	-1
13040.2637	-1
13048.0615	-1
13055.8594	-1
13063.6572	-1
13071.4551	-1
13079.2529	-1
13087.0508	-1
13094.8496	-1
13102.6484	-1
13110.4473	-1
13118.2461	-1
13126.0449	-1
13133.8438	-1
13141.6436	-1
13149.4434	-1
13157.2432	-1
13165.0430	-1
13172.8428	-1
13180.6426	-1
13188.4434	-1
13196.2441	-1
13204.0449	-1
13211.8457	-1
13219.6465	-1
13227.4473	-1
13235.2480	-1
13243.0488	-1
13250.8496	-1
13258.6504	-1
13266.4512	-1
13274.2520	-1
13282.0537	-1
13289.8555	-1
13297.6572	-1
13305.4590	-1
13313.2607	-1
13321.0625	-1
13328.8643	-1
13336.6660	-1
13344.4678	-1
13352.2695	-1
13360.0713	-1
13367.8730	-1
13375.6748	-1
13383.4766	-1
13391.2783	-1
13399.0801	-1
13406.8818	-1
13414.6836	-1
13422.4854	-1
13430.2871	-1
13438.0889	-1
13445.9023	1
13453.7168	-1
13461.5322	1
13469.3477	1
13477.1641	-1
13484.9805	-1
13492.7969	-1
13500.6133	-1
13508.4297	-1
13516.2461	-1
13524.0625	-1
13531.8789	-1
13539.6953	-1
13547.5117	-1
13555.3281	-1
13563.1445	-1
13570.9619	1
13578.7793	1
13586.5977	-1
13594.4160	-1
13602.2344	-1
13610.0527	-1
13617.8711	-1
13625.6895	-1
13633.5078	-1
13641.3262	-1
13649.1592	1
13656.9932	-1
13664.8271	1
13672.6611	1
13680.4971	-1
13688.3330	-1
13696.1689	-1
13704.0049	-1
13711.8408	-1
13719.6768	-1
13727.5127	-1
13735.3486	-1
13743.1846	-1
13751.0205	-1
13758.8564	-1
13766.6924	-1
13774.5283	1
13782.3643	1
13790.2012	-1
13798.0381	-1
13805.8750	-1
13813.7119	-1
13821.5488	-1
13829.3857	-1
13837.2227	-1
13845.0596	-1
13852.8965	-1
13860.7451	1
13868.5947	-1
13876.4443	1
13884.2939	1
13892.1445	-1
13899.9951	-1
13907.8457	-1
13915.6963	-1
13923.5469	-1
13931.3975	-1
13939.2480	-1
13947.0986	-1
13954.9492	-1
13962.7998	-1
13970.6504	-1
13978.5010	-1
13986.3516	1
13994.2021	1
14002.0527	1
14009.9033	1
14017.7549	-1
14025.6064	-1
14033.4580	-1
14041.3096	-1
14049.1611	-1
14057.0127	-1
14064.8643	-1
14072.7158	-1
14080.5674	-1
14088.4189	-1
14096.2705	-1
14104.1221	-1
14111.9736	1
14119.8262	1
14127.6787	1
14135.5312	1
14143.3838	-1
14151.2363	-1
14159.0889	-1
14166.9414	-1
14174.7939	-1
14182.6465	-1
14190.4990	-1
14198.3516	-1
14206.2041	-1
14214.0566	-1
14221.9092	-1
14229.7617	-1
14237.6152	1
14245.4688	1
14253.3223	1
14261.1758	1
14269.0293	-1
14276.8828	-1
14284.7363	-1
14292.5898	-1
14300.4434	-1
14308.2969	-1
14316.1504	-1
14324.0039	-1
14331.8574	-1
14339.7109	-1
14347.5645	-1
14355.4180	-1
14363.2715	1
14371.1250	1
14378.9795	1
14386.8340	1
14394.6885	-1
14402.5430	-1
14410.3975	-1
14418.2520	-1
14426.1064	-1
14433.9609	-1
14441.8154	-1
14449.6699	-1
14457.5244	-1
14465.3789	-1
14473.2334	-1
14481.0879	-1
14488.9434	1
14496.7988	1
14504.6543	1
14512.5098	1
14520.3652	-1
14528.2207	-1
14536.0762	-1
14543.9316	-1
14551.7871	-1
14559.6426	-1
14567.4980	-1
14575.3535	-1
14583.2090	-1
14591.0645	-1
14598.9199	-1
14606.7754	-1
14614.6309	-1
14622.4863	-1
14630.3418	-1
14638.1973	-1
14646.0527	-1
14653.9082	-1
14661.7637	-1
14669.6191	-1
14677.4746	-1
14685.3301	-1
14693.1855	-1
14701.0410	-1
14708.8975	-1
14716.7539	-1
14724.6104	-1
14732.4668	-1
14740.3232	-1
14748.1797	-1
14756.0361	-1
14763.8926	-1
14771.7490	-1
14779.6055	-1
14787.4619	-1
14795.3184	-1
14803.1748	-1
14811.0312	-1
14818.8877	-1
14826.7441	-1
14834.6006	-1
14842.4570	-1
14850.3145	-1
14858.1719	-1
14866.0293	-1
14873.8867	-1
14881.7441	-1
14889.6016	-1
14897.4590	1
14905.3164	1
14913.1738	1
14921.0312	1
14928.8887	1
14936.7461	1
14944.6035	1
14952.4609	1
14960.3193	-1
14968.1777	-1
14976.0361	-1
14983.8945	-1
14991.7529	-1
14999.6113	-1
15007.4697	-1
15015.3281	-1
15023.1865	-1
15031.0449	-1
15038.9033	-1
15046.7617	-1
15054.6201	-1
15062.4785	-1
15070.3369	-1
15078.1953	-1
15086.0537	-1
15093.9121	-1
15101.7705	-1
15109.6289	-1
15117.4873	-1
15125.3457	-1
15133.2041	-1
15141.0625	-1
15148.9209	1
15156.7793	1
15164.6377	1
15172.4961	1
15180.3545	1
15188.2139	1
15196.0732	1
15203.9326	-1
15211.7920	-1
15219.6514	-1
15227.5107	-1
15235.3701	-1
15243.2295	-1
15251.0889	-1
15258.9482	-1
15266.8076	-1
15274.6670	-1
15282.5264	-1
15290.3857	-1
15298.2471	-1
15306.1084	-1
15313.9697	-1
15321.8311	-1
15329.6924	-1
15337.5537	-1
15345.4150	-1
15353.2764	-1
15361.1377	-1
15368.9990	-1
15376.8604	-1
15384.7217	-1
15392.5830	-1
15400.4443	-1
15408.3057	-1
15416.1670	-1
15424.0283	-1
15431.8896	-1
15439.7520	-1
15447.6143	-1
15455.4766	-1
15463.3389	-1
15471.2012	-1
15479.0635	-1
15486.9258	-1
15494.7881	-1
15502.6504	-1
15510.5127	-1
15518.3750	-1
15526.2373	-1
15534.0996	-1
15541.9619	-1
15549.8242	-1
15557.6865	-1
15565.5488	-1
15573.4111	-1
15581.2734	-1
15589.1357	-1
15596.9980	-1
15604.8604	-1
15612.7227	-1
15620.5850	-1
15628.4482	-1
15636.3115	-1
15644.1748	-1
15652.0381	-1
15659.9014	-1
15667.7646	-1
15675.6279	-1
15683.4912	-1
15691.3545	-1
15699.2178	-1
15707.0811	-1
15714.9443	-1
15722.8076	-1
15730.6709	-1
15738.5342	-1
15746.3975	-1
15754.2607	-1
15762.1240	-1
15769.9873	-1
15777.8506	-1
15785.7139	-1
15793.5771	-1
15801.4404	-1
15809.3037	-1
15817.1670	-1
15825.0303	-1
15832.8936	-1
15840.7568	-1
15848.6201	-1
15856.4834	-1
15864.3467	-1
15872.2217	1
15880.0977	-1
15887.9736	1
15895.8496	1
15903.7275	-1
15911.6055	-1
15919.4834	-1
15927.3613	-1
15935.2393	-1
15943.1172	-1
15950.9951	-1
15958.8730	-1
15966.7510	-1
15974.6289	-1
15982.5068	-1
15990.3848	-1
15998.2734	1
16006.1631	-1
16014.0537	1
16021.9443	1
16029.8359	-1
16037.7275	-1
16045.6191	-1
16053.5107	-1
16061.4023	-1
16069.2939	-1
16077.1855	-1
16085.0771	-1
16092.9688	-1
16100.8604	-1
16108.7520	-1
16116.6436	-1
16124.5352	1
16132.4277	1
16140.3203	1
16148.2129	1
16156.1064	-1
16164.0000	-1
16171.8936	-1
16179.7871	-1
16187.6807	-1
16195.5742	-1
16203.4678	1
16211.3623	1
16219.2568	-1
16227.1514	-1
16235.0459	-1
16242.9404	-1
16250.8350	-1
16258.7295	-1
16266.6240	-1
16274.5186	-1
16282.4131	-1
16290.3076	-1
16298.2021	-1
16306.0967	-1
16313.9912	-1
16321.8857	-1
16329.7803	-1
16337.6748	-1
16345.5693	-1
16353.4639	-1
16361.3584	1
16369.2529	1
16377.1475	1
16385.0430	1
16392.9375	1
16400.8320	1
16408.7285	-1
16416.6250	-1
16424.5215	-1
16432.4180	-1
16440.3145	-1
16448.2109	-1
16456.1074	-1
16464.0039	-1
16471.9004	-1
16479.7969	-1
16487.6934	-1
16495.5898	-1
16503.4863	1
16511.3828	1
16519.2793	1
16527.1777	1
16535.0762	-1
16542.9746	-1
16550.8730	-1
16558.7715	-1
16566.6699	-1
16574.5684	-1
16582.4668	-1
16590.3652	-1
16598.2637	-1
16606.1621	-1
16614.0605	-1
16621.9590	-1
16629.8574	1
16637.7559	1
16645.6543	1
16653.5527	1
16661.4531	-1
16669.3535	-1
16677.2539	-1
16685.1543	-1
16693.0547	-1
16700.9551	-1
16708.8555	-1
16716.7559	-1
16724.6562	-1
16732.5566	-1
16740.4570	-1
16748.3574	-1
16756.2578	-1
16764.1582	-1
16772.0586	-1
16779.9590	-1
16787.8594	-1
16795.7598	-1
16803.6602	-1
16811.5605	-1
16819.4609	-1
16827.3613	-1
16835.2617	-1
16843.1621	-1
16851.0645	1
16858.9668	1
16866.8691	-1
16874.7715	-1
16882.6738	-1
16890.5762	-1
16898.4785	-1
16906.3809	-1
16914.2832	1
16922.1855	1
16930.0879	1
16937.9902	-1
16945.8926	-1
16953.7949	-1
16961.6973	-1
16969.5996	-1
16977.5020	-1
16985.4043	1
16993.3066	1
17001.2090	1
17009.1113	-1
17017.0137	-1
17024.9160	-1
17032.8184	-1
17040.7207	-1
17048.6230	-1
17056.5273	1
17064.4316	1
17072.3359	1
17080.2402	1
17088.1445	1
17096.0488	1
17103.9551	-1
17111.8613	-1
17119.7676	-1
17127.6738	-1
17135.5801	-1
17143.4863	-1
17151.3926	-1
17159.2988	-1
17167.2051	-1
17175.1113	-1
17183.0176	-1
17190.9238	-1
17198.8301	-1
17206.7363	-1
17214.6426	-1
17222.5488	-1
17230.4551	-1
17238.3613	-1
17246.2676	-1
17254.1738	-1
17262.0801	-1
17269.9863	-1
17277.8926	-1
17285.7988	-1
17293.7051	-1
17301.6113	-1
17309.5176	-1
17317.4238	-1
17325.3301	-1
17333.2363	-1
17341.1426	-1
17349.0488	-1
17356.9551	-1
17364.8613	-1
17372.7676	-1
17380.6738	-1
17388.5801	-1
17396.4863	-1
17404.3926	-1
17412.2988	-1
17420.2051	-1
17428.1113	-1
17436.0176	-1
17443.9238	-1
17451.8301	-1
17459.7363	-1
17467.6426	-1
17475.5488	-1
17483.4570	-1
17491.3652	-1
17499.2734	-1
17507.1816	-1
17515.0898	-1
17522.9980	-1
17530.9062	-1
17538.8145	-1
17546.7227	-1
17554.6309	-1
17562.5391	-1
17570.4473	-1
17578.3555	-1
17586.2637	-1
17594.1719	-1
17602.0801	-1
17609.9883	-1
17617.8965	-1
17625.8047	-1
17633.7129	-1
17641.6211	-1
17649.5293	-1
17657.4375	-1
17665.3457	-1
17673.2539	-1
17681.1621	-1
17689.0703	-1
17696.9785	-1
17704.8867	-1
17712.7949	-1
17720.7031	1
17728.6113	1
17736.5195	1
17744.4277	1
17752.3379	1
17760.2480	1
17768.1582	1
17776.0684	1
17783.9785	1
17791.8887	1
17799.7988	1
17807.7090	1
17815.6191	1
17823.5293	1
17831.4395	1
17839.3496	1
17847.2598	1
17855.1699	1
17863.0801	1
17870.9902	1
17878.9004	1
17886.8105	1
17894.7207	1
17902.6328	-1
17910.5449	-1
17918.4570	-1
17926.3691	-1
17934.2812	-1
17942.1934	-1
17950.1094	-1
17958.0254	-1
17965.9414	-1
17973.8574	-1
17981.7734	-1
17989.6895	-1
17997.6055	-1
18005.5215	-1
18013.4375	-1
18021.3535	-1
18029.2695	-1
18037.1855	-1
18045.1016	-1
18053.0176	-1
18060.9336	-1
18068.8496	-1
18076.7656	-1
18084.6816	-1
18092.5977	-1
18100.5137	-1
18108.4297	-1
18116.3457	-1
18124.2617	-1
18132.1777	-1
18140.0938	-1
18148.0098	-1
18155.9258	-1
18163.8418	-1
18171.7578	-1
18179.6738	-1
18187.5938	-1
18195.5137	-1
18203.4336	-1
18211.3535	-1
18219.2734	-1
18227.1934	-1
18235.1133	-1
18243.0332	-1
18250.9531	-1
18258.8730	-1
18266.7930	-1
18274.7129	-1
18282.6328	-1
18290.5527	-1
18298.4727	-1
18306.3926	-1
18314.3125	-1
18322.2324	-1
18330.1523	-1
18338.0723	-1
18345.9922	-1
18353.9121	-1
18361.8320	-1
18369.7520	-1
18377.6719	-1
18385.5918	-1
18393.5117	-1
18401.4316	-1
18409.3516	-1
18417.2715	-1
18425.1914	-1
18433.1113	-1
18441.0312	-1
18448.9512	-1
18456.8711	-1
18464.7910	-1
18472.7109	-1
18480.6309	-1
18488.5508	-1
18496.4707	-1
18504.3906	-1
18512.3105	-1
18520.2305	-1
18528.1504	-1
18536.0703	-1
18543.9902	-1
18551.9102	-1
18559.8301	-1
18567.7500	-1
18575.6699	-1
18583.5898	-1
18591.5098	-1
18599.4297	-1
18607.3496	-1
18615.2695	-1
18623.1895	-1
18631.1094	-1
18639.0293	-1
18646.9492	-1
18654.8691	-1
18662.7891	-1
18670.7090	-1
18678.6289	-1
18686.5488	-1
18694.4688	-1
18702.3887	-1
18710.3086	-1
18718.2285	-1
18726.1484	-1
18734.0684	-1
18741.9883	-1
18749.9082	-1
18757.8301	-1
18765.7520	-1
18773.6738	-1
18781.5957	-1
18789.5176	-1
18797.4395	-1
18805.3613	-1
18813.2832	-1
18821.2051	-1
18829.1270	-1
18837.0488	-1
18844.9707	-1
18852.8926	-1
18860.8145	-1
18868.7363	-1
18876.6582	-1
18884.5801	-1
18892.5020	-1
18900.4238	-1
18908.3457	-1
18916.2676	-1
18924.1895	-1
18932.1113	-1
18940.0332	-1
18948.1465	1
18956.2598	1
18964.3730	1
18972.4863	1
18980.5996	1
18988.7129	1
18996.8262	1
19004.9395	-1
19013.0527	-1
19021.1660	-1
19029.2793	-1
19037.3926	-1
19045.5059	-1
19053.6191	-1
19061.7324	-1
19069.8457	-1
19077.9590	-1
19086.0723	-1
19094.1855	-1
19102.2988	-1
19110.4121	-1
19118.5254	-1
19126.6387	-1
19134.7539	-1
19142.8691	-1
19150.9844	-1
19159.0996	-1
19167.2148	-1
19175.3301	-1
19183.4453	-1
19191.5605	-1
19199.6758	-1
19207.7910	-1
19215.9062	-1
19224.0215	-1
19232.1367	-1
19240.2520	-1
19248.3672	-1
19256.4824	-1
19264.5977	-1
19272.7129	-1
19280.8281	-1
19288.9434	-1
19297.0586	-1
19305.1738	-1
19313.2891	-1
19321.4043	-1
19329.5312	1
19337.6602	-1
19345.7891	1
19353.9180	1
19362.0488	-1
19370.1797	-1
19378.3105	-1
19386.4414	-1
19394.5723	-1
19402.7031	-1
19410.8340	-1
19418.9648	-1
19427.0957	-1
19435.2266	-1
19443.3574	-1
19451.4883	-1
19459.6191	1
19467.7500	1
19475.8809	1
19484.0117	1
19492.1445	-1
19500.2773	-1
19508.4102	-1
19516.5430	-1
19524.6758	-1
19532.8086	-1
19540.9414	1
19549.0742	-1
19557.2070	-1
19565.3398	-1
19573.4727	-1
19581.6055	-1
19589.7383	-1
19597.8711	-1
19606.0039	-1
19614.1367	-1
19622.2695	-1
19630.4023	-1
19638.5352	-1
19646.6680	-1
19654.8008	-1
19662.9336	-1
19671.0664	-1
19679.1992	-1
19687.3320	-1
19695.4668	-1
19703.6016	-1
19711.7363	-1
19719.8711	-1
19728.0156	1
19736.1621	-1
19744.3086	1
19752.4551	1
19760.6016	-1
19768.7480	-1
19776.8965	-1
19785.0527	1
19793.2109	-1
19801.3691	1
19809.5273	1
19817.6875	-1
19825.8477	-1
19834.0176	1
19842.1875	-1
19850.3594	1
19858.5312	1
19866.7031	-1
19874.8750	-1
19883.0469	-1
19891.2188	-1
19899.3906	-1
19907.5625	-1
19915.7344	-1
19923.9062	-1
19932.0781	-1
19940.2500	-1
19948.4219	-1
19956.5938	-1
19964.7656	1
19972.9375	1
19981.1094	1
19989.2812	1
19997.4531	-1
20005.6250	-1
20013.7969	-1
20021.9688	-1
20030.1406	-1
20038.3125	-1
20046.4863	-1
20054.6602	-1
20062.8340	-1
20071.0078	-1
20079.1816	-1
20087.3555	-1
20095.5293	-1
20103.7031	-1
20111.8770	-1
20120.0508	-1
20128.2246	-1
20136.3984	-1
20144.5723	-1
20152.7461	-1
20160.9297	1
20169.1133	-1
20177.2988	1
20185.4844	1
20193.6699	-1
20201.8555	-1
20210.0410	-1
20218.2266	-1
20226.4121	-1
20234.5977	-1
20242.7832	-1
20250.9688	-1
20259.1543	-1
20267.3496	1
20275.5469	-1
20283.7441	1
20291.9414	1
20300.1387	-1
20308.3359	-1
20316.5332	-1
20324.7402	1
20332.9492	-1
20341.1582	1
20349.3672	1
20357.5762	-1
20365.7871	-1
20374.0059	1
20382.2266	-1
20390.4473	1
20398.6680	1
20406.8906	-1
20415.1133	-1
20423.3457	1
20431.5801	-1
20439.8145	1
20448.0488	1
20456.2832	-1
20464.5176	-1
20472.7637	1
20481.0098	-1
20489.2559	1
20497.5020	1
20505.7500	-1
20513.9980	-1
20522.2559	1
20530.5156	-1
20538.7754	1
20547.0352	1
20555.2969	-1
20563.5586	-1
20571.8203	-1
20580.0820	-1
20588.3438	-1
20596.6055	-1
20604.8672	-1
20613.1289	-1
20621.3906	-1
20629.6523	-1
20637.9141	-1
20646.1758	-1
20654.4375	1
20662.6992	1
20670.9609	1
20679.2227	1
20687.4863	-1
20695.7500	-1
20704.0137	-1
20712.2773	-1
20720.5410	-1
20728.8047	-1
20737.0684	-1
20745.3320	-1
20753.5957	-1
20761.8594	-1
20770.1230	-1
20778.3867	-1
20786.6504	-1
20794.9141	-1
20803.1777	-1
20811.4414	-1
20819.7051	-1
20827.9688	-1
20836.2324	-1
20844.4961	-1
20852.7598	1
20861.0234	-1
20869.2871	-1
20877.5508	-1
20885.8145	-1
20894.0781	1
20902.3418	1
20910.6055	1
20918.8691	1
20927.1328	1
20935.3965	1
20943.6621	-1
20951.9277	-1
20960.1934	-1
20968.4590	-1
20976.7246	-1
20984.9902	-1
20993.2578	-1
21001.5254	-1
21009.7930	-1
21018.0605	-1
21026.3281	-1
21034.5957	-1
21042.8633	-1
21051.1309	-1
21059.3984	-1
21067.6660	-1
21075.9336	-1
21084.2012	-1
21092.4688	-1
21100.7363	-1
21109.0039	-1
21117.2715	-1
21125.5391	-1
21133.8066	-1
21142.0742	-1
21150.3418	-1
21158.6094	-1
21166.8770	-1
21175.1445	-1
21183.4121	-1
21191.6797	-1
21199.9473	-1
21208.2148	-1
21216.4824	-1
21224.7500	-1
21233.0176	-1
21241.2852	-1
21249.5527	-1
21257.8203	-1
21266.0977	1
21274.3770	-1
21282.6562	1
21290.9355	1
21299.2168	-1
21307.4980	-1
21315.7891	1
21324.0820	-1
21332.3750	1
21340.6680	1
21348.9609	-1
21357.2539	-1
21365.5469	-1
21373.8398	-1
21382.1328	-1
21390.4258	-1
21398.7188	-1
21407.0117	-1
21415.3047	-1
21423.5977	-1
21431.8906	-1
21440.1836	-1
21448.4785	1
21456.7734	1
21465.0684	1
21473.3633	1
21481.6582	-1
21489.9531	-1
21498.2480	-1
21506.5430	-1
21514.8379	-1
21523.1328	-1
21531.4277	-1
21539.7227	-1
21548.0176	-1
21556.3125	-1
21564.6074	-1
21572.9023	-1
21581.1992	-1
21589.4961	-1
21597.7930	-1
21606.0898	-1
21614.3867	-1
21622.6836	-1
21630.9805	-1
21639.2773	-1
21647.5742	-1
21655.8711	-1
21664.1680	-1
21672.4648	-1
21680.7617	1
21689.0586	1
21697.3574	-1
21705.6562	-1
21713.9551	-1
21722.2539	-1
21730.5527	-1
21738.8516	-1
21747.1504	-1
21755.4590	1
21763.7695	-1
21772.0801	1
21780.3906	1
21788.7031	-1
21797.0156	-1
21805.3281	-1
21813.6406	-1
21821.9531	-1
21830.2656	-1
21838.5781	-1
21846.8906	-1
21855.2031	-1
21863.5156	-1
21871.8281	-1
21880.1406	-1
21888.4531	1
21896.7656	1
21905.0781	1
21913.3906	1
21921.7051	-1
21930.0195	-1
21938.3340	-1
21946.6484	-1
21954.9629	-1
21963.2773	-1
21971.5918	-1
21979.9062	-1
21988.2207	-1
21996.5352	-1
22004.8496	-1
22013.1641	-1
22021.4785	-1
22029.7930	-1
22038.1074	-1
22046.4219	-1
22054.7363	-1
22063.0508	-1
22071.3652	-1
22079.6797	-1
22087.9941	-1
22096.3086	-1
22104.6230	-1
22112.9375	-1
22121.2520	1
22129.5664	1
22137.8809	1
22146.1953	1
22154.5098	1
22162.8242	1
22171.1387	1
22179.4551	1
22187.7734	-1
22196.0918	-1
22204.4102	-1
22212.7285	-1
22221.0469	-1
22229.3652	-1
22237.6836	-1
22246.0020	-1
22254.3203	-1
22262.6387	-1
22270.9570	-1
22279.2754	-1
22287.5938	-1
22295.9121	-1
22304.2305	-1
22312.5488	-1
22320.8672	-1
22329.1855	-1
22337.5039	1
22345.8223	-1
22354.1406	-1
22362.4590	-1
22370.7773	-1
22379.0957	-1
22387.4141	-1
22395.7324	1
22404.0508	1
22412.3691	1
22420.6875	-1
22429.0059	-1
22437.3242	-1
22445.6426	-1
22453.9609	-1
22462.2793	-1
22470.5996	-1
22478.9199	-1
22487.2402	-1
22495.5605	-1
22503.8809	-1
22512.2012	-1
22520.5215	-1
22528.8418	-1
22537.1621	-1
22545.4824	-1
22553.8027	-1
22562.1230	-1
22570.4434	-1
22578.7637	-1
22587.0840	-1
22595.4043	-1
22603.7246	-1
22612.0449	-1
22620.3672	-1
22628.6895	-1
22637.0117	-1
22645.3340	-1
22653.6562	-1
22661.9785	-1
22670.3008	-1
22678.6230	-1
22686.9453	-1
22695.2676	-1
22703.5898	-1
22711.9121	-1
22720.2344	-1
22728.5566	-1
22736.8789	-1
22745.2012	-1
22753.5234	-1
22761.8457	-1
22770.1680	-1
22778.5000	1
22786.8340	-1
22795.1680	1
22803.5020	1
22811.8359	-1
22820.1719	-1
22828.5176	1
22836.8633	-1
22845.2109	1
22853.5586	1
22861.9062	-1
22870.2539	-1
22878.6113	1
22886.9707	-1
22895.3301	1
22903.6895	1
22912.0508	-1
22920.4121	-1
22928.7832	1
22937.1562	-1
22945.5293	1
22953.9023	1
22962.2773	-1
22970.6523	-1
22979.0371	1
22987.4238	-1
22995.8105	1
23004.1973	1
23012.5840	-1
23020.9727	-1
23029.3711	1
23037.7695	-1
23046.1699	1
23054.5703	1
23062.9707	-1
23071.3711	-1
23079.7715	-1
23088.1816	1
23096.5938	-1
23105.0059	1
23113.4180	1
23121.8301	-1
23130.2422	-1
23138.6562	-1
23147.0801	1
23155.5059	-1
23163.9316	1
23172.3574	1
23180.7832	-1
23189.2090	-1
23197.6465	1
23206.0859	-1
23214.5254	1
23222.9648	1
23231.4043	-1
23239.8438	-1
23248.2832	-1
23256.7324	1
23265.1836	-1
23273.6348	1
23282.0859	1
23290.5391	-1
23298.9922	-1
23307.4453	-1
23315.9082	1
23324.3730	-1
23332.8379	1
23341.3027	1
23349.7676	-1
23358.2324	-1
23366.7070	1
23375.1836	-1
23383.6602	1
23392.1367	1
23400.6152	-1
23409.0938	-1
23417.5820	1
23426.0723	-1
23434.5625	1
23443.0527	1
23451.5430	-1
23460.0332	-1
23468.5234	-1
23477.0137	-1
23485.5039	-1
23493.9941	-1
23502.4844	-1
23510.9746	-1
23519.4648	-1
23527.9551	-1
23536.4453	-1
23544.9355	-1
23553.4277	1
23561.9199	1
23570.4121	1
23578.9043	1
23587.3965	-1
23595.8887	-1
23604.3809	-1
23612.8730	-1
23621.3652	-1
23629.8574	-1
23638.3496	-1
23646.8418	-1
23655.3340	-1
23663.8262	-1
23672.3184	-1
23680.8105	-1
23689.3027	-1
23697.7949	-1
23706.2871	-1
23714.7793	-1
23723.2715	-1
23731.7637	-1
23740.2559	-1
23748.7480	-1
23757.2402	-1
23765.7324	-1
23774.2246	-1
23782.7168	-1
23791.2090	1
23799.7012	1
23808.1953	-1
23816.6895	-1
23825.1836	-1
23833.6777	-1
23842.1719	-1
23850.6660	-1
23859.1602	-1
23867.6543	-1
23876.1484	-1
23884.6426	-1
23893.1367	-1
23901.6406	1
23910.1465	-1
23918.6523	1
23927.1582	1
23935.6660	-1
23944.1738	-1
23952.6816	-1
23961.1895	-1
23969.6973	-1
23978.2051	-1
23986.7129	-1
23995.2207	-1
24003.7285	-1
24012.2363	-1
24020.7441	-1
24029.2520	-1
24037.7598	1
24046.2676	1
24054.7754	1
24063.2832	-1
24071.7910	-1
24080.2988	-1
24088.8066	-1
24097.3145	-1
24105.8223	-1
24114.3301	-1
24122.8379	-1
24131.3457	-1
24139.8535	-1
24148.3613	-1
24156.8691	-1
24165.3770	-1
24173.8965	1
24182.4180	-1
24190.9395	1
24199.4609	1
24207.9844	-1
24216.5078	-1
24225.0312	-1
24233.5547	-1
24242.0781	-1
24250.6016	-1
24259.1250	-1
24267.6484	-1
24276.1719	-1
24284.6953	-1
24293.2188	-1
24301.7422	-1
24310.2656	1
24318.7891	1
24327.3125	1
24335.8359	1
24344.3594	-1
24352.8828	-1
24361.4062	-1
24369.9297	-1
24378.4531	-1
24386.9766	-1
24395.5000	-1
24404.0234	-1
24412.5469	-1
24421.0703	-1
24429.5938	-1
24438.1172	-1
24446.6406	-1
24455.1641	-1
24463.6875	-1
24472.2109	-1
24480.7344	-1
24489.2578	-1
24497.7812	1
24506.3047	1
24514.8281	1
24523.3516	1
24531.8770	1
24540.4023	1
24548.9277	-1
24557.4531	-1
24565.9785	-1
24574.5039	-1
24583.0293	-1
24591.5547	-1
24600.0801	1
24608.6055	1
24617.1309	-1
24625.6562	-1
24634.1816	-1
24642.7070	-1
24651.2324	-1
24659.7578	-1
24668.2832	-1
24676.8086	-1
24685.3340	-1
24693.8594	-1
24702.3848	-1
24710.9102	-1
24719.4375	-1
24727.9648	-1
24736.4922	-1
24745.0195	-1
24753.5469	-1
24762.0742	-1
24770.6016	-1
24779.1289	-1
24787.6562	-1
24796.1836	-1
24804.7109	-1
24813.2383	-1
24821.7656	-1
24830.2930	-1
24838.8203	-1
24847.3477	-1
24855.8750	-1
24864.4023	-1
24872.9297	-1
24881.4570	-1
24889.9844	-1
24898.5117	-1
24907.0391	-1
24915.5664	-1
24924.0938	-1
24932.6211	-1
24941.1484	-1
24949.6758	-1
24958.2031	-1
24966.7305	-1
24975.2578	-1
24983.7852	-1
24992.3125	-1
25000.8398	1
25009.3672	-1
25017.8945	-1
25026.4219	-1
25034.9492	1
25043.4766	1
25052.0039	1
25060.5312	1
25069.0586	1
25077.5859	1
25086.1133	1
25094.6406	1
25103.1680	1
25111.6953	1
25120.2227	1
25128.7520	1
25137.2812	1
25145.8105	1
25154.3398	1
25162.8691	-1
25171.3984	-1
25179.9277	-1
25188.4570	-1
25196.9863	-1
25205.5156	-1
25214.0449	-1
25222.5742	-1
25231.1035	-1
25239.6328	-1
25248.1621	-1
25256.6914	-1
25265.2207	-1
25273.7500	-1
25282.2793	-1
25290.8086	-1
25299.3379	-1
25307.8672	-1
25316.3965	-1
25324.9258	-1
25333.4551	-1
25341.9844	-1
25350.5137	-1
25359.0430	-1
25367.5723	-1
25376.1016	-1
25384.6309	-1
25393.1602	-1
25401.6895	-1
25410.2188	-1
25418.7480	1
25427.2773	1
25435.8066	1
25444.3359	1
25452.8672	1
25461.3984	1
25469.9297	1
25478.4609	1
25486.9922	1
25495.5234	1
25504.0547	-1
25512.5859	-1
25521.1172	-1
25529.6484	-1
25538.1797	-1
25546.7109	-1
25555.2422	1
25563.7734	1
25572.3047	-1
25580.8359	-1
25589.3672	-1
25597.8984	-1
25606.4297	-1
25614.9609	-1
25623.4922	-1
25632.0234	-1
25640.5547	-1
25649.0859	-1
25657.6172	-1
25666.1484	-1
25674.6816	-1
25683.2148	-1
25691.7480	-1
25700.2812	-1
25708.8145	-1
25717.3477	-1
25725.8809	-1
25734.4141	-1
25742.9473	-1
25751.4805	-1
25760.0137	-1
25768.5469	-1
25777.0801	-1
25785.6133	-1
25794.1465	-1
25802.6797	-1
25811.2129	-1
25819.7461	-1
25828.2793	-1
25836.8125	-1
25845.3457	-1
25853.8789	-1
25862.4121	-1
25870.9453	-1
25879.4785	-1
25888.0117	-1
25896.5449	-1
25905.0781	-1
25913.6113	-1
25922.1445	-1
25930.6777	-1
25939.2109	-1
25947.7441	-1
25956.2773	-1
25964.8105	-1
25973.3438	-1
25981.8770	-1
25990.4102	-1
25998.9434	-1
26007.4766	-1
26016.0098	-1
26024.5430	-1
26033.0781	1
26041.6133	1
26050.1484	1
26058.6836	1
26067.2188	1
26075.7539	1
26084.2891	1
26092.8242	1
26101.3594	-1
26109.8945	-1
26118.4297	-1
26126.9648	-1
26135.5000	-1
26144.0352	-1
26152.5703	-1
26161.1055	-1
26169.6406	-1
26178.1758	-1
26186.7109	-1
26195.2461	-1
26203.7832	-1
26212.3203	-1
26220.8574	-1
26229.3945	-1
26237.9316	-1
26246.4688	-1
26255.0059	-1
26263.5430	-1
26272.0801	-1
26280.6172	-1
26289.1543	-1
26297.6914	-1
26306.2285	-1
26314.7656	-1
26323.3027	-1
26331.8398	-1
26340.3770	-1
26348.9141	-1
26357.4512	-1
26365.9883	-1
26374.5254	-1
26383.0625	-1
26391.5996	-1
26400.1367	-1
26408.6758	-1
26417.2148	-1
26425.7539	-1
26434.2930	-1
26442.8320	-1
26451.3711	-1
26459.9102	-1
26468.4492	-1
26476.9883	-1
26485.5273	-1
26494.0664	-1
26502.6055	-1
26511.1445	-1
26519.6836	-1
26528.2227	-1
26536.7617	-1
26545.3008	-1
26553.8398	-1
26562.3789	-1
26570.9180	-1
26579.4570	-1
26587.9961	-1
26596.5352	-1
26605.0742	-1
26613.6133	-1
26622.1523	-1
26630.6914	-1
26639.2305	-1
26647.7695	-1
26656.3086	-1
26664.8477	-1
26673.3867	-1
26681.9258	-1
26690.4648	-1
26699.0039	-1
26707.5430	-1
26716.0820	-1
26724.6211	-1
26733.1602	-1
26741.6992	-1
26750.2383	-1
26758.7773	-1
26767.3164	-1
26775.8555	-1
26784.3945	-1
26792.9336	-1
26801.4727	-1
26810.0117	-1
26818.5508	-1
26827.0898	-1
26835.6289	-1
26844.1680	-1
26852.7070	-1
26861.2461	-1
26869.7852	-1
26878.3242	-1
26886.8633	-1
26895.4023	-1
26903.9414	-1
26912.4805	-1
26921.0195	-1
26929.5586	-1
26938.0977	-1
26946.6367	-1
26955.1758	-1
26963.7148	-1
26972.2559	-1
26980.7969	-1
26989.3379	-1
26997.8789	-1
27006.4199	-1
27014.9609	-1
27023.5020	-1
27032.0430	-1
27040.5840	-1
27049.1250	-1
27057.6660	-1
27066.2070	-1
27074.7480	-1
27083.2891	-1
27091.8301	-1
27100.3711	-1
27108.9121	-1
27117.4531	-1
27125.9941	-1
27134.5352	-1
27143.0762	-1
27151.6172	-1
