0.0000	0
0.0904	-1
0.6614	-2
0.7943	-2
0.9144	-2
1.3056	-2
1.4761	-2
1.4766	-2
1.6007	-2
1.6139	-2
1.7216	-2
1.9504	-2
2.2777	-2
2.3327	-2
2.4558	-2
2.4920	-2
2.6241	-2
2.7044	-2
2.7462	-2
2.8191	-2
2.8467	-2
2.8804	-2
2.9207	-2
3.0285	-2
3.0643	-2
3.1260	-2
3.1401	-2
3.2079	-2
3.2204	-2
3.2619	-2
3.2772	-2
3.3073	-2
3.3097	-2
3.3683	-2
3.4962	-2
3.5958	-2
3.6306	-2
3.6360	-2
3.6633	-2
3.6825	-2
3.8080	-2
3.8255	-2
3.8398	-2
3.8541	-2
3.9468	-2
3.9626	-2
4.2413	-2
4.2729	-2
4.3162	-2
4.4526	-2
4.5112	-2
4.6419	-2
4.6720	-2
4.6930	-2
4.7081	-2
4.7649	-2
4.8067	-2
4.9370	-2
4.9627	-2
5.0722	-2
5.1915	-2
5.2076	-2
5.2174	-2
5.2493	-2
5.2917	-2
5.6469	2
5.6835	-2
5.6843	-2
5.6895	-2
5.7906	-2
6.0773	-2
6.0867	-2
6.0977	-2
6.1214	-2
6.2297	-2
6.4086	-2
6.6267	-1
6.7440	-2
7.0491	-2
7.0618	-2
7.0855	-2
7.3396	-2
7.4816	-2
7.5025	-2
7.6607	-2
7.6719	-2
7.8193	-2
7.9680	-2
8.2932	-2
8.7398	-2
8.9264	-2
10.9993	-2
11.3153	2
13.1635	1
20.2838	1
27.4058	-1
34.5282	1
41.6507	1
48.7746	-1
55.8986	-1
63.0225	-1
70.1465	-1
77.2704	-1
84.3944	-1
91.5185	-1
98.6425	-1
105.7666	-1
112.8907	-1
120.0148	-1
127.1388	-1
134.2632	1
141.3876	1
148.5121	1
155.6366	1
162.7624	-1
169.8882	-1
177.0139	-1
184.1397	-1
191.2655	-1
198.3914	-1
205.5176	1
212.6438	1
219.7701	-1
226.8964	-1
234.0228	-1
241.1491	-1
248.2754	-1
255.4017	-1
262.5282	-1
269.6546	-1
276.7810	-1
283.9075	-1
291.0339	-1
298.1603	-1
305.2869	-1
312.4135	-1
319.5401	-1
326.6667	-1
333.7933	-1
340.9200	-1
348.0468	1
355.1739	1
362.3010	1
369.4282	1
376.5554	1
383.6826	1
390.8117	-1
397.9407	-1
405.0698	-1
412.1989	-1
419.3279	-1
426.4570	-1
433.5862	-1
440.7153	-1
447.8445	-1
454.9737	-1
462.1029	-1
469.2321	-1
476.3623	1
483.4926	1
490.6229	1
497.7532	-1
504.8836	1
512.0139	-1
519.1443	-1
526.2747	-1
533.4050	-1
540.5354	-1
547.6658	-1
554.7963	-1
561.9267	-1
569.0571	-1
576.1876	-1
583.3181	-1
590.4495	1
597.5810	1
604.7125	1
611.8448	-1
618.9771	-1
626.1093	-1
633.2416	-1
640.3738	-1
647.5061	-1
654.6385	-1
661.7710	-1
668.9034	-1
676.0359	-1
683.1683	-1
690.3008	-1
697.4333	-1
704.5660	-1
711.6986	-1
718.8312	-1
725.9639	-1
733.0965	-1
740.2292	-1
747.3620	-1
754.4948	-1
761.6275	-1
768.7603	-1
775.8930	-1
783.0269	-1
790.1607	-1
797.2946	-1
804.4284	-1
811.5623	-1
818.6961	-1
825.8302	-1
832.9644	-1
840.0985	-1
847.2327	-1
854.3668	-1
861.5010	-1
868.6353	-1
875.7697	-1
882.9040	-1
890.0383	-1
897.1727	-1
904.3070	-1
911.4414	-1
918.5759	-1
925.7103	-1
932.8448	-1
939.9792	-1
947.1137	-1
954.2491	-1
961.3845	-1
968.5198	-1
975.6552	-1
982.7906	-1
989.9260	-1
997.0615	-1
1004.1970	-1
1011.3325	-1
1018.4680	-1
1025.6035	-1
1032.7390	-1
1039.8748	-1
1047.0105	-1
1054.1462	-1
1061.2820	-1
1068.4177	-1
1075.5642	1
1082.7119	-1
1089.8599	1
1097.0078	1
1104.1569	-1
1111.3059	-1
1118.4550	-1
1125.6040	-1
1132.7531	-1
1139.9021	-1
1147.0513	-1
1154.2004	-1
1161.3496	-1
1168.4988	-1
1175.6479	-1
1182.7971	-1
1189.9465	1
1197.0961	1
1204.2456	1
1211.3951	1
1218.5461	-1
1225.6971	-1
1232.8481	-1
1239.9991	-1
1247.1501	-1
1254.3011	-1
1261.4523	-1
1268.6034	-1
1275.7545	-1
1282.9056	-1
1290.0568	-1
1297.2079	-1
1304.3591	-1
1311.5104	-1
1318.6616	-1
1325.8129	-1
1332.9641	-1
1340.1154	-1
1347.2667	-1
1354.4181	-1
1361.5695	-1
1368.7208	-1
1375.8722	-1
1383.0236	-1
1390.1753	1
1397.3270	1
1404.4788	1
1411.6305	1
1418.7823	1
1425.9342	1
1433.0861	1
1440.2379	1
1447.3926	-1
1454.5472	-1
1461.7019	-1
1468.8566	-1
1476.0112	-1
1483.1659	-1
1490.3206	-1
1497.4752	-1
1504.6299	-1
1511.7845	-1
1518.9393	-1
1526.0941	-1
1533.2489	-1
1540.4037	-1
1547.5585	-1
1554.7133	-1
1561.8680	-1
1569.0229	-1
1576.1779	-1
1583.3328	-1
1590.4877	-1
1597.6426	-1
1604.7975	-1
1611.9524	-1
1619.1074	-1
1626.2625	-1
1633.4175	-1
1640.5725	-1
1647.7275	-1
1654.8826	-1
1662.0377	-1
1669.1929	-1
1676.3480	-1
1683.5032	-1
1690.6583	-1
1697.8135	-1
1704.9688	-1
1712.1240	-1
1719.2793	-1
1726.4346	-1
1733.5898	-1
1740.7451	-1
1747.9005	-1
1755.0559	-1
1762.2113	-1
1769.3667	-1
1776.5221	-1
1783.6775	-1
1790.8334	1
1797.9902	-1
1805.1471	-1
1812.3040	-1
1819.4718	1
1826.6409	-1
1833.8102	1
1840.9795	1
1848.1499	-1
1855.3203	-1
1862.4907	-1
1869.6611	-1
1876.8315	-1
1884.0020	-1
1891.1725	-1
1898.3430	-1
1905.5135	-1
1912.6841	-1
1919.8546	-1
1927.0251	-1
1934.1959	1
1941.3668	1
1948.5377	1
1955.7086	1
1962.8809	-1
1970.0531	-1
1977.2253	-1
1984.3976	-1
1991.5698	-1
1998.7421	-1
2005.9147	1
2013.0873	1
2020.2601	-1
2027.4330	-1
2034.6058	-1
2041.7787	-1
2048.9514	-1
2056.1243	-1
2063.2971	-1
2070.4700	-1
2077.6428	-1
2084.8157	-1
2091.9885	-1
2099.1614	-1
2106.3345	-1
2113.5076	-1
2120.6807	-1
2127.8538	-1
2135.0269	-1
2142.2000	-1
2149.3740	-1
2156.5481	-1
2163.7222	-1
2170.8962	-1
2178.0703	-1
2185.2444	-1
2192.4187	-1
2199.5930	-1
2206.7673	-1
2213.9514	1
2221.1367	-1
2228.3223	1
2235.5078	1
2242.6943	-1
2249.8809	-1
2257.0774	1
2264.2749	-1
2271.4729	1
2278.6709	1
2285.8699	-1
2293.0688	-1
2300.2678	-1
2307.4668	-1
2314.6658	-1
2321.8647	-1
2329.0640	-1
2336.2632	-1
2343.4624	-1
2350.6616	-1
2357.8608	-1
2365.0601	-1
2372.2595	1
2379.4590	1
2386.6584	1
2393.8579	1
2401.0591	-1
2408.2603	-1
2415.4614	-1
2422.6626	-1
2429.8638	-1
2437.0649	-1
2444.2661	-1
2451.4673	-1
2458.6685	-1
2465.8696	-1
2473.0708	-1
2480.2720	-1
2487.4734	-1
2494.6748	-1
2501.8762	-1
2509.0776	-1
2516.2791	-1
2523.4805	-1
2530.6819	1
2537.8835	1
2545.0852	1
2552.2869	-1
2559.4885	-1
2566.6902	-1
2573.8918	-1
2581.0935	-1
2588.2952	-1
2595.4968	1
2602.6985	1
2609.9001	1
2617.1023	1
2624.3044	1
2631.5081	-1
2638.7117	-1
2645.9153	-1
2653.1189	-1
2660.3225	-1
2667.5261	-1
2674.7302	-1
2681.9343	-1
2689.1384	-1
2696.3425	-1
2703.5466	-1
2710.7507	-1
2717.9561	1
2725.1614	1
2732.3667	1
2739.5720	1
2746.7773	-1
2753.9829	-1
2761.1885	-1
2768.3940	-1
2775.5996	-1
2782.8052	-1
2790.0107	-1
2797.2163	-1
2804.4219	-1
2811.6274	-1
2818.8330	-1
2826.0386	-1
2833.2444	-1
2840.4502	-1
2847.6560	-1
2854.8618	-1
2862.0676	-1
2869.2734	-1
2876.4795	-1
2883.6855	-1
2890.8916	-1
2898.0977	-1
2905.3037	-1
2912.5098	-1
2919.7158	-1
2926.9219	-1
2934.1279	-1
2941.3340	-1
2948.5400	-1
2955.7463	-1
2962.9526	1
2970.1589	1
2977.3655	-1
2984.5720	-1
2991.7786	-1
2998.9851	-1
3006.1917	-1
3013.3982	-1
3020.6069	-1
3027.8157	-1
3035.0244	-1
3042.2332	-1
3049.4419	-1
3056.6506	-1
3063.8594	-1
3071.0681	-1
3078.2769	-1
3085.4856	-1
3092.6943	-1
3099.9031	-1
3107.1121	-1
3114.3210	-1
3121.5300	-1
3128.7390	-1
3135.9480	-1
3143.1570	-1
3150.3660	-1
3157.5750	-1
3164.7839	-1
3171.9929	-1
3179.2019	-1
3186.4109	-1
3193.6201	-1
3200.8293	-1
3208.0386	-1
3215.2478	-1
3222.4570	-1
3229.6663	-1
3236.8760	-1
3244.0857	-1
3251.3062	1
3258.5278	-1
3265.7498	1
3272.9717	1
3280.1941	-1
3287.4165	-1
3294.6389	-1
3301.8618	-1
3309.0942	1
3316.3279	-1
3323.5618	1
3330.7957	1
3338.0305	-1
3345.2654	-1
3352.5002	-1
3359.7351	-1
3366.9702	-1
3374.2148	1
3381.4609	-1
3388.7073	1
3395.9536	1
3403.2009	-1
3410.4482	-1
3417.6956	-1
3424.9429	-1
3432.1902	-1
3439.4375	-1
3446.6851	-1
3453.9326	-1
3461.1802	-1
3468.4277	-1
3475.6753	-1
3482.9229	-1
3490.1707	1
3497.4185	1
3504.6663	1
3511.9143	1
3519.1638	-1
3526.4133	-1
3533.6628	-1
3540.9124	-1
3548.1619	-1
3555.4114	-1
3562.6609	-1
3569.9104	-1
3577.1599	-1
3584.4094	-1
3591.6589	-1
3598.9084	-1
3606.1582	-1
3613.4080	-1
3620.6577	-1
3627.9075	-1
3635.1572	-1
3642.4070	-1
3649.6567	-1
3656.9065	-1
3664.1562	-1
3671.4060	-1
3678.6558	-1
3685.9055	-1
3693.1555	1
3700.4055	1
3707.6555	1
3714.9055	1
3722.1558	1
3729.4060	1
3736.6567	1
3743.9075	1
3751.1604	-1
3758.4133	-1
3765.6663	-1
3772.9192	-1
3780.1724	-1
3787.4255	-1
3794.6790	-1
3801.9324	-1
3809.1858	-1
3816.4392	-1
3823.6926	-1
3830.9460	-1
3838.1997	-1
3845.4534	-1
3852.7070	-1
3859.9607	-1
3867.2144	-1
3874.4680	-1
3881.7217	-1
3888.9753	-1
3896.2290	-1
3903.4827	-1
3910.7363	-1
3917.9900	-1
3925.2439	-1
3932.4978	-1
3939.7517	-1
3947.0056	-1
3954.2595	-1
3961.5134	-1
3968.7673	1
3976.0212	-1
3983.2751	-1
3990.5291	-1
3997.7830	-1
4005.0369	-1
4012.2908	-1
4019.5447	1
4026.7988	-1
4034.0530	-1
4041.3071	-1
4048.5613	-1
4055.8154	-1
4063.0696	-1
4070.3240	-1
4077.5784	-1
4084.8328	-1
4092.0872	-1
4099.3418	-1
4106.5962	-1
4113.8511	1
4121.1060	1
4128.3618	-1
4135.6177	-1
4142.8740	-1
4150.1304	-1
4157.3867	-1
4164.6431	-1
4171.8994	-1
4179.1558	-1
4186.4121	-1
4193.6685	-1
4200.9248	-1
4208.1812	-1
4215.4380	-1
4222.6948	-1
4229.9517	-1
4237.2085	-1
4244.4653	-1
4251.7222	-1
4258.9790	-1
4266.2358	-1
4273.4927	-1
4280.7603	1
4288.0288	-1
4295.2979	1
4302.5669	1
4309.8364	-1
4317.1060	-1
4324.3755	-1
4331.6450	-1
4338.9146	-1
4346.1841	-1
4353.4536	-1
4360.7231	-1
4367.9927	-1
4375.2622	-1
4382.5317	-1
4389.8013	-1
4397.0713	1
4404.3413	1
4411.6113	1
4418.8813	1
4426.1519	-1
4433.4224	-1
4440.6929	-1
4447.9634	-1
4455.2339	-1
4462.5044	-1
4469.7754	-1
4477.0464	-1
4484.3174	-1
4491.5884	-1
4498.8594	-1
4506.1304	-1
4513.4014	-1
4520.6724	-1
4527.9434	-1
4535.2144	-1
4542.4854	-1
4549.7563	-1
4557.0273	-1
4564.2983	-1
4571.5693	-1
4578.8403	-1
4586.1113	-1
4593.3823	-1
4600.6538	1
4607.9253	1
4615.1968	1
4622.4688	1
4629.7407	1
4637.0127	1
4644.2847	-1
4651.5566	-1
4658.8286	-1
4666.1006	-1
4673.3730	-1
4680.6455	-1
4687.9185	-1
4695.1914	-1
4702.4644	-1
4709.7373	-1
4717.0103	-1
4724.2832	-1
4731.5566	-1
4738.8301	-1
4746.1035	-1
4753.3770	-1
4760.6504	-1
4767.9238	-1
4775.1973	-1
4782.4707	-1
4789.7441	-1
4797.0176	-1
4804.2910	-1
4811.5645	-1
4818.8379	-1
4826.1113	-1
4833.3848	-1
4840.6582	-1
4847.9316	-1
4855.2051	-1
4862.4785	-1
4869.7520	-1
4877.0254	-1
4884.3091	1
4891.5938	-1
4898.8789	1
4906.1641	1
4913.4497	-1
4920.7354	-1
4928.0210	-1
4935.3066	-1
4942.5923	-1
4949.8779	-1
4957.1636	-1
4964.4492	-1
4971.7349	-1
4979.0205	-1
4986.3062	-1
4993.5918	-1
5000.8779	1
5008.1641	1
5015.4502	1
5022.7363	1
5030.0229	-1
5037.3096	-1
5044.5962	-1
5051.8828	-1
5059.1694	-1
5066.4561	-1
5073.7427	-1
5081.0298	-1
5088.3169	-1
5095.6040	-1
5102.8911	-1
5110.1782	-1
5117.4653	-1
5124.7524	-1
5132.0396	-1
5139.3267	-1
5146.6138	-1
5153.9009	-1
5161.1880	-1
5168.4751	-1
5175.7622	-1
5183.0493	-1
5190.3364	-1
5197.6235	-1
5204.9111	1
5212.1987	1
5219.4863	1
5226.7739	1
5234.0615	1
5241.3496	1
5248.6377	1
5255.9258	1
5263.2148	-1
5270.5039	-1
5277.7930	-1
5285.0820	-1
5292.3711	-1
5299.6602	-1
5306.9492	-1
5314.2383	-1
5321.5273	-1
5328.8164	-1
5336.1055	-1
5343.3945	-1
5350.6841	-1
5357.9736	-1
5365.2632	-1
5372.5527	-1
5379.8423	-1
5387.1318	-1
5394.4214	-1
5401.7109	-1
5409.0005	-1
5416.2900	-1
5423.5796	-1
5430.8691	-1
5438.1587	-1
5445.4482	-1
5452.7378	-1
5460.0273	-1
5467.3169	-1
5474.6064	-1
5481.8960	-1
5489.1855	-1
5496.4751	-1
5503.7646	-1
5511.0542	-1
5518.3438	-1
5525.6333	-1
5532.9229	-1
5540.2124	-1
5547.5024	-1
5554.7925	-1
5562.0825	-1
5569.3726	-1
5576.6724	1
5583.9736	-1
5591.2749	1
5598.5762	1
5605.8789	-1
5613.1816	-1
5620.4844	-1
5627.7871	-1
5635.0898	-1
5642.3926	-1
5649.6953	-1
5657.0073	1
5664.3203	-1
5671.6338	1
5678.9473	1
5686.2612	-1
5693.5752	-1
5700.8896	-1
5708.2134	1
5715.5381	-1
5722.8633	1
5730.1885	1
5737.5146	-1
5744.8408	-1
5752.1670	-1
5759.4932	-1
5766.8286	1
5774.1650	-1
5781.5020	1
5788.8389	1
5796.1768	-1
5803.5146	-1
5810.8525	-1
5818.1992	1
5825.5474	-1
5832.8955	1
5840.2437	1
5847.5928	-1
5854.9419	-1
5862.3003	1
5869.6597	-1
5877.0195	1
5884.3794	1
5891.7397	-1
5899.1006	-1
5906.4702	1
5913.8413	-1
5921.2124	1
5928.5835	1
5935.9561	-1
5943.3286	-1
5950.7012	-1
5958.0737	-1
5965.4556	1
5972.8384	-1
5980.2217	1
5987.6050	1
5994.9893	-1
6002.3735	-1
6009.7578	-1
6017.1421	-1
6024.5356	1
6031.9302	-1
6039.3252	1
6046.7202	1
6054.1162	-1
6061.5122	-1
6068.9082	-1
6076.3135	1
6083.7197	-1
6091.1265	1
6098.5332	1
6105.9409	-1
6113.3486	-1
6120.7563	-1
6128.1641	-1
6135.5718	-1
6142.9795	-1
6150.3872	-1
6157.7949	-1
6165.2026	-1
6172.6104	-1
6180.0181	-1
6187.4258	-1
6194.8340	1
6202.2422	1
6209.6514	-1
6217.0605	-1
6224.4697	-1
6231.8789	-1
6239.2881	-1
6246.6973	-1
6254.1064	-1
6261.5249	1
6268.9443	-1
6276.3643	1
6283.7842	1
6291.2051	-1
6298.6260	-1
6306.0562	1
6313.4873	-1
6320.9189	1
6328.3506	1
6335.7827	-1
6343.2148	-1
6350.6475	-1
6358.0889	1
6365.5312	-1
6372.9741	1
6380.4170	1
6387.8604	-1
6395.3037	-1
6402.7471	-1
6410.1904	-1
6417.6338	-1
6425.0771	-1
6432.5205	-1
6439.9639	-1
6447.4072	-1
6454.8604	1
6462.3145	-1
6469.7690	1
6477.2236	1
6484.6787	-1
6492.1338	-1
6499.5889	-1
6507.0439	-1
6514.4990	-1
6521.9541	-1
6529.4092	-1
6536.8643	-1
6544.3193	-1
6551.7744	-1
6559.2295	-1
6566.6846	-1
6574.1401	1
6581.5957	1
6589.0513	1
6596.5068	1
6603.9629	-1
6611.4189	-1
6618.8750	-1
6626.3311	-1
6633.7871	-1
6641.2432	-1
6648.6992	-1
6656.1553	-1
6663.6113	-1
6671.0674	-1
6678.5234	-1
6685.9795	-1
6693.4360	-1
6700.8926	-1
6708.3491	-1
6715.8057	-1
6723.2622	-1
6730.7188	-1
6738.1753	-1
6745.6318	-1
6753.0884	-1
6760.5449	-1
6768.0015	-1
6775.4580	-1
6782.9150	1
6790.3721	1
6797.8291	1
6805.2861	1
6812.7432	1
6820.2012	-1
6827.6592	-1
6835.1172	-1
6842.5752	-1
6850.0332	-1
6857.4912	-1
6864.9492	-1
6872.4072	-1
6879.8652	-1
6887.3232	-1
6894.7812	-1
6902.2393	-1
6909.6973	-1
6917.1553	-1
6924.6133	-1
6932.0713	-1
6939.5293	-1
6946.9873	-1
6954.4458	-1
6961.9043	-1
6969.3628	-1
6976.8213	-1
6984.2798	-1
6991.7383	-1
6999.1968	-1
7006.6553	-1
7014.1138	-1
7021.5723	-1
7029.0308	-1
7036.4893	-1
7043.9570	1
7051.4258	-1
7058.8950	1
7066.3643	1
7073.8345	-1
7081.3047	-1
7088.7749	-1
7096.2451	-1
7103.7153	-1
7111.1855	-1
7118.6558	-1
7126.1260	-1
7133.5962	-1
7141.0664	-1
7148.5366	-1
7156.0068	-1
7163.4775	1
7170.9482	1
7178.4189	1
7185.8896	1
7193.3618	-1
7200.8340	-1
7208.3062	-1
7215.7783	-1
7223.2505	-1
7230.7227	-1
7238.1953	1
7245.6680	1
7253.1406	-1
7260.6133	-1
7268.0859	-1
7275.5586	-1
7283.0312	-1
7290.5039	-1
7297.9766	-1
7305.4492	-1
7312.9219	-1
7320.3945	-1
7327.8672	-1
7335.3398	-1
7342.8130	-1
7350.2861	-1
7357.7593	-1
7365.2324	-1
7372.7056	-1
7380.1787	-1
7387.6528	-1
7395.1270	-1
7402.6011	-1
7410.0752	-1
7417.5493	-1
7425.0234	-1
7432.4976	-1
7439.9717	-1
7447.4551	1
7454.9399	-1
7462.4248	1
7469.9102	1
7477.3960	-1
7484.8818	-1
7492.3677	-1
7499.8535	-1
7507.3394	-1
7514.8252	-1
7522.3110	-1
7529.7969	-1
7537.2827	-1
7544.7686	-1
7552.2544	-1
7559.7402	-1
7567.2266	1
7574.7129	1
7582.1992	1
7589.6855	1
7597.1724	-1
7604.6592	-1
7612.1460	-1
7619.6328	-1
7627.1196	-1
7634.6064	-1
7642.0938	-1
7649.5811	-1
7657.0684	-1
7664.5557	-1
7672.0430	-1
7679.5303	-1
7687.0176	-1
7694.5049	-1
7701.9922	-1
7709.4795	-1
7716.9668	-1
7724.4541	-1
7731.9414	-1
7739.4287	-1
7746.9160	-1
7754.4033	-1
7761.8906	-1
7769.3779	-1
7776.8657	1
7784.3535	1
7791.8413	1
7799.3291	1
7806.8169	1
7814.3047	1
7821.7930	1
7829.2812	1
7836.7700	-1
7844.2588	-1
7851.7476	-1
7859.2363	-1
7866.7251	-1
7874.2139	-1
7881.7031	-1
7889.1924	-1
7896.6816	-1
7904.1709	-1
7911.6602	-1
7919.1494	-1
7926.6387	-1
7934.1279	-1
7941.6172	-1
7949.1064	-1
7956.5957	-1
7964.0850	-1
7971.5747	1
7979.0649	-1
7986.5552	-1
7994.0454	-1
8001.5356	-1
8009.0259	-1
8016.5161	-1
8024.0063	-1
8031.4966	-1
8038.9868	-1
8046.4771	-1
8053.9673	-1
8061.4575	-1
8068.9478	-1
8076.4380	-1
8083.9282	-1
8091.4185	-1
8098.9087	-1
8106.3989	-1
8113.8892	-1
8121.3794	-1
8128.8696	-1
8136.3599	-1
8143.8501	-1
8151.3403	-1
8158.8306	-1
8166.3208	-1
8173.8115	-1
8181.3022	-1
8188.7930	-1
8196.2832	-1
8203.7744	-1
8211.2656	-1
8218.7568	-1
8226.2480	-1
8233.7393	-1
8241.2393	1
8248.7412	-1
8256.2432	1
8263.7451	1
8271.2480	-1
8278.7510	-1
8286.2539	-1
8293.7568	-1
8301.2598	-1
8308.7627	-1
8316.2656	-1
8323.7686	-1
8331.2715	-1
8338.7744	-1
8346.2773	-1
8353.7803	-1
8361.2832	1
8368.7861	1
8376.2891	1
8383.7920	1
8391.2959	-1
8398.7998	-1
8406.3037	-1
8413.8076	-1
8421.3115	-1
8428.8154	-1
8436.3193	-1
8443.8232	-1
8451.3271	-1
8458.8311	-1
8466.3350	-1
8473.8389	-1
8481.3428	-1
8488.8467	-1
8496.3506	-1
8503.8545	-1
8511.3584	-1
8518.8623	-1
8526.3662	-1
8533.8701	-1
8541.3740	-1
8548.8779	-1
8556.3818	-1
8563.8857	-1
8571.3896	1
8578.8936	1
8586.3984	1
8593.9033	1
8601.4082	1
8608.9131	1
8616.4180	1
8623.9229	1
8631.4287	-1
8638.9346	-1
8646.4404	-1
8653.9463	-1
8661.4521	-1
8668.9580	-1
8676.4639	-1
8683.9697	-1
8691.4756	-1
8698.9814	-1
8706.4873	-1
8713.9932	-1
8721.4990	-1
8729.0049	-1
8736.5107	-1
8744.0166	-1
8751.5225	-1
8759.0283	-1
8766.5342	-1
8774.0400	-1
8781.5459	-1
8789.0518	-1
8796.5576	-1
8804.0635	-1
8811.5693	-1
8819.0752	-1
8826.5811	-1
8834.0869	-1
8841.5928	-1
8849.0986	-1
8856.6055	-1
8864.1123	-1
8871.6191	-1
8879.1260	-1
8886.6328	-1
8894.1396	-1
8901.6465	1
8909.1533	1
8916.6602	-1
8924.1670	-1
8931.6738	-1
8939.1807	-1
8946.6875	-1
8954.1943	-1
8961.7012	-1
8969.2080	-1
8976.7148	-1
8984.2217	-1
8991.7285	-1
8999.2354	-1
9006.7432	-1
9014.2510	-1
9021.7588	-1
9029.2666	-1
9036.7744	-1
9044.2822	-1
9051.7900	-1
9059.2979	-1
9066.8154	1
9074.3340	-1
9081.8525	1
9089.3711	1
9096.8906	-1
9104.4102	-1
9111.9297	-1
9119.4492	-1
9126.9688	-1
9134.4883	-1
9142.0078	-1
9149.5273	-1
9157.0469	-1
9164.5664	-1
9172.0859	-1
9179.6055	-1
9187.1260	1
9194.6475	-1
9202.1689	-1
9209.6904	-1
9217.2119	-1
9224.7432	1
9232.2754	-1
9239.8076	1
9247.3398	1
9254.8730	-1
9262.4062	-1
9269.9395	-1
9277.4727	-1
9285.0059	-1
9292.5391	-1
9300.0732	-1
9307.6074	-1
9315.1416	-1
9322.6758	-1
9330.2100	-1
9337.7441	-1
9345.2783	1
9352.8125	1
9360.3477	-1
9367.8828	-1
9375.4180	-1
9382.9531	-1
9390.4883	-1
9398.0234	-1
9405.5586	-1
9413.0938	-1
9420.6387	1
9428.1855	-1
9435.7324	1
9443.2793	1
9450.8271	-1
9458.3750	-1
9465.9229	-1
9473.4707	-1
9481.0186	-1
9488.5664	-1
9496.1143	-1
9503.6621	-1
9511.2100	-1
9518.7578	-1
9526.3057	-1
9533.8535	-1
9541.4023	1
9548.9512	1
9556.5000	1
9564.0488	1
9571.5977	-1
9579.1465	-1
9586.6953	-1
9594.2441	-1
9601.7930	-1
9609.3418	-1
9616.8916	-1
9624.4414	-1
9631.9912	-1
9639.5410	-1
9647.0908	-1
9654.6406	-1
9662.1904	-1
9669.7402	-1
9677.2900	-1
9684.8398	-1
9692.3896	-1
9699.9395	-1
9707.4893	1
9715.0391	1
9722.5889	1
9730.1387	1
9737.6885	1
9745.2383	1
9752.7881	-1
9760.3379	-1
9767.8877	-1
9775.4375	-1
9782.9873	-1
9790.5371	-1
9798.0879	1
9805.6387	1
9813.1904	-1
9820.7422	-1
9828.2939	-1
9835.8457	-1
9843.3975	-1
9850.9492	-1
9858.5010	-1
9866.0527	-1
9873.6045	-1
9881.1562	-1
9888.7080	-1
9896.2598	-1
9903.8115	-1
9911.3633	-1
9918.9150	-1
9926.4668	-1
9934.0186	-1
9941.5703	-1
9949.1221	-1
9956.6738	-1
9964.2256	-1
9971.7773	-1
9979.3291	-1
9986.8809	-1
9994.4326	-1
10001.9844	-1
10009.5361	-1
10017.0879	-1
10024.6396	-1
10032.1914	-1
10039.7432	1
10047.2949	1
10054.8467	-1
10062.3984	-1
10069.9502	-1
10077.5020	-1
10085.0537	-1
10092.6055	-1
10100.1582	-1
10107.7109	-1
10115.2637	-1
10122.8164	-1
10130.3691	-1
10137.9219	1
10145.4746	-1
10153.0273	1
10160.5801	-1
10168.1328	-1
10175.6855	-1
10183.2383	-1
10190.7910	-1
10198.3438	-1
10205.8975	1
10213.4512	1
10221.0049	1
10228.5586	1
10236.1123	1
10243.6660	1
10251.2197	1
10258.7734	1
10266.3271	1
10273.8809	1
10281.4346	1
10288.9883	1
10296.5420	-1
10304.0957	-1
10311.6494	-1
10319.2031	-1
10326.7568	-1
10334.3105	-1
10341.8643	-1
10349.4180	-1
10356.9717	-1
10364.5254	-1
10372.0791	-1
10379.6328	-1
10387.1875	-1
10394.7422	-1
10402.2969	-1
10409.8516	-1
10417.4062	-1
10424.9609	-1
10432.5156	-1
10440.0703	-1
10447.6250	-1
10455.1797	-1
10462.7344	-1
10470.2891	-1
10477.8438	1
10485.4004	-1
10492.9570	-1
10500.5137	-1
10508.0703	-1
10515.6270	-1
10523.1836	-1
10530.7402	-1
10538.2969	-1
10545.8535	-1
10553.4102	-1
10560.9668	-1
10568.5234	-1
10576.0811	-1
10583.6387	-1
10591.1963	-1
10598.7539	-1
10606.3115	-1
10613.8691	-1
10621.4268	-1
10628.9844	-1
10636.5420	-1
10644.0996	-1
10651.6572	-1
10659.2148	-1
10666.7725	-1
10674.3301	-1
10681.8877	-1
10689.4453	-1
10697.0029	-1
10704.5605	-1
10712.1182	-1
10719.6758	-1
10727.2334	-1
10734.7910	-1
10742.3486	-1
10749.9062	-1
10757.4639	-1
10765.0215	-1
10772.5791	-1
10780.1367	-1
10787.6943	-1
10795.2520	-1
10802.8096	-1
10810.3672	-1
10817.9248	-1
10825.4824	-1
10833.0400	-1
10840.5977	-1
10848.1553	-1
10855.7129	-1
10863.2705	-1
10870.8281	-1
10878.3857	-1
10885.9434	-1
10893.5020	-1
10901.0605	-1
10908.6191	-1
10916.1777	-1
10923.7363	-1
10931.2949	-1
10938.8535	-1
10946.4121	-1
10953.9707	-1
10961.5293	-1
10969.0879	-1
10976.6465	-1
10984.2051	-1
10991.7637	-1
10999.3223	-1
11006.8809	-1
11014.4395	-1
11021.9980	-1
11029.5566	-1
11037.1152	-1
11044.6738	-1
11052.2324	-1
11059.7910	-1
11067.3496	-1
11074.9180	1
11082.4883	-1
11090.0586	1
11097.6289	1
11105.2002	-1
11112.7715	-1
11120.3428	-1
11127.9141	-1
11135.4854	-1
11143.0566	-1
11150.6279	-1
11158.1992	-1
11165.7705	-1
11173.3418	-1
11180.9131	-1
11188.4844	-1
11196.0557	1
11203.6270	1
11211.1982	1
11218.7695	1
11226.3418	-1
11233.9141	-1
11241.4863	-1
11249.0586	-1
11256.6309	-1
11264.2031	-1
11271.7754	-1
11279.3477	-1
11286.9199	-1
11294.4922	-1
11302.0645	-1
11309.6367	-1
11317.2090	-1
11324.7812	-1
11332.3535	-1
11339.9258	-1
11347.4980	-1
11355.0703	-1
11362.6426	-1
11370.2148	-1
11377.7871	-1
11385.3594	-1
11392.9316	-1
11400.5039	-1
11408.0771	1
11415.6504	1
11423.2236	1
11430.7969	1
11438.3701	1
11445.9434	1
11453.5166	1
11461.0898	1
11468.6631	-1
11476.2363	-1
11483.8096	-1
11491.3828	-1
11498.9561	-1
11506.5293	-1
11514.1035	1
11521.6777	1
11529.2520	-1
11536.8262	-1
11544.4004	-1
11551.9746	-1
11559.5488	-1
11567.1230	-1
11574.6973	-1
11582.2715	-1
11589.8457	-1
11597.4199	-1
11604.9941	-1
11612.5684	-1
11620.1436	-1
11627.7188	-1
11635.2939	-1
11642.8691	-1
11650.4443	-1
11658.0195	-1
11665.5947	-1
11673.1699	-1
11680.7451	-1
11688.3203	-1
11695.8955	-1
11703.4707	-1
11711.0469	-1
11718.6230	-1
11726.1992	-1
11733.7754	-1
11741.3516	-1
11748.9277	-1
11756.5039	-1
11764.0801	-1
11771.6562	-1
11779.2324	-1
11786.8086	-1
11794.3848	-1
11801.9609	-1
11809.5371	-1
11817.1133	-1
11824.6895	-1
11832.2656	-1
11839.8418	-1
11847.4180	-1
11854.9941	-1
11862.5703	-1
11870.1465	-1
11877.7227	-1
11885.2988	-1
11892.8750	-1
11900.4512	-1
11908.0273	-1
11915.6133	1
11923.2002	-1
11930.7871	1
11938.3740	1
11945.9619	-1
11953.5498	-1
11961.1377	-1
11968.7256	-1
11976.3135	-1
11983.9014	-1
11991.4893	-1
11999.0771	-1
12006.6738	1
12014.2725	-1
12021.8711	1
12029.4697	1
12037.0703	-1
12044.6709	-1
12052.2715	-1
12059.8721	-1
12067.4727	-1
12075.0732	-1
12082.6738	-1
12090.2744	-1
12097.8750	-1
12105.4756	-1
12113.0762	-1
12120.6768	-1
12128.2773	1
12135.8779	1
12143.4785	1
12151.0791	1
12158.6816	-1
12166.2842	-1
12173.8867	-1
12181.4893	-1
12189.0918	-1
12196.6943	-1
12204.2969	-1
12211.8994	-1
12219.5020	-1
12227.1045	-1
12234.7070	-1
12242.3096	-1
12249.9121	-1
12257.5146	-1
12265.1172	-1
12272.7197	-1
12280.3223	-1
12287.9248	-1
12295.5273	-1
12303.1299	-1
12310.7324	-1
12318.3350	-1
12325.9375	-1
12333.5400	-1
12341.1426	1
12348.7451	1
12356.3477	1
12363.9512	1
12371.5547	1
12379.1582	1
12386.7617	1
12394.3652	1
12401.9697	-1
12409.5742	-1
12417.1787	-1
12424.7832	-1
12432.3877	-1
12439.9922	-1
12447.5967	1
12455.2012	1
12462.8066	-1
12470.4121	-1
12478.0176	-1
12485.6230	-1
12493.2285	-1
12500.8340	-1
12508.4395	1
12516.0459	-1
12523.6523	-1
12531.2588	-1
12538.8652	-1
12546.4717	-1
12554.0781	-1
12561.6846	1
12569.2910	1
12576.8975	1
12584.5049	-1
12592.1123	-1
12599.7197	-1
12607.3271	-1
12614.9346	-1
12622.5420	-1
12630.1504	-1
12637.7588	-1
12645.3672	-1
12652.9756	-1
12660.5840	-1
12668.1924	-1
12675.8008	-1
12683.4092	-1
12691.0176	-1
12698.6260	-1
12706.2344	-1
12713.8428	-1
12721.4512	-1
12729.0596	-1
12736.6680	-1
12744.2764	-1
12751.8848	-1
12759.4932	-1
12767.1016	-1
12774.7100	-1
12782.3184	-1
12789.9268	-1
12797.5352	-1
12805.1436	-1
12812.7520	1
12820.3604	1
12827.9697	1
12835.5801	-1
12843.1904	-1
12850.8008	-1
12858.4111	-1
12866.0215	-1
12873.6318	-1
12881.2422	-1
12888.8525	-1
12896.4629	-1
12904.0732	-1
12911.6836	-1
12919.2939	-1
12926.9043	-1
12934.5146	-1
12942.1250	-1
12949.7354	-1
12957.3457	-1
12964.9561	-1
12972.5664	-1
12980.1768	-1
12987.7871	-1
12995.3975	-1
13003.0078	-1
13010.6182	-1
13018.2295	-1
13025.8408	-1
13033.4521	-1
13041.0635	-1
13048.6748	-1
13056.2861	-1
13063.8975	-1
13071.5088	-1
13079.1201	-1
13086.7314	-1
13094.3428	-1
13101.9541	-1
13109.5664	-1
13117.1787	-1
13124.7910	-1
13132.4033	-1
13140.0156	-1
13147.6279	-1
13155.2402	-1
13162.8525	-1
13170.4648	-1
13178.0771	-1
13185.6895	-1
13193.3018	-1
13200.9150	-1
13208.5283	-1
13216.1416	-1
13223.7646	1
13231.3887	-1
13239.0127	1
13246.6367	1
13254.2617	-1
13261.8867	-1
13269.5117	-1
13277.1367	-1
13284.7617	-1
13292.3867	-1
13300.0117	-1
13307.6367	-1
13315.2617	-1
13322.8867	-1
13330.5117	-1
13338.1367	-1
13345.7627	1
13353.3887	1
13361.0146	-1
13368.6406	-1
13376.2666	-1
13383.8926	-1
13391.5186	-1
13399.1445	-1
13406.7705	-1
13414.3965	-1
13422.0322	1
13429.6689	-1
13437.3066	1
13444.9443	1
13452.5820	-1
13460.2197	-1
13467.8574	-1
13475.4951	-1
13483.1328	-1
13490.7705	-1
13498.4082	-1
13506.0459	-1
13513.6836	-1
13521.3213	-1
13528.9590	-1
13536.5967	-1
13544.2354	1
13551.8740	1
13559.5127	-1
13567.1514	-1
13574.7900	-1
13582.4287	-1
13590.0674	-1
13597.7061	-1
13605.3447	-1
13612.9834	-1
13620.6221	-1
13628.2705	1
13635.9209	-1
13643.5713	1
13651.2217	1
13658.8730	-1
13666.5244	-1
13674.1758	-1
13681.8271	-1
13689.4785	-1
13697.1299	-1
13704.7812	-1
13712.4326	-1
13720.0840	-1
13727.7354	-1
13735.3867	-1
13743.0381	-1
13750.6895	1
13758.3418	1
13765.9941	1
13773.6465	1
13781.2998	-1
13788.9531	-1
13796.6064	-1
13804.2598	-1
13811.9131	-1
13819.5664	-1
13827.2207	-1
13834.8750	-1
13842.5293	1
13850.1836	-1
13857.8379	-1
13865.4922	-1
13873.1465	-1
13880.8008	1
13888.4551	-1
13896.1094	-1
13903.7637	-1
13911.4180	-1
13919.0723	-1
13926.7266	-1
13934.3809	-1
13942.0352	-1
13949.6895	-1
13957.3438	-1
13964.9980	-1
13972.6523	-1
13980.3066	1
13987.9619	1
13995.6172	1
14003.2725	1
14010.9277	1
14018.5830	1
14026.2393	-1
14033.8955	-1
14041.5518	-1
14049.2080	-1
14056.8643	-1
14064.5205	-1
14072.1777	-1
14079.8350	-1
14087.4922	-1
14095.1494	-1
14102.8066	-1
14110.4639	-1
14118.1211	-1
14125.7783	-1
14133.4355	-1
14141.0928	-1
14148.7500	-1
14156.4072	-1
14164.0645	1
14171.7217	1
14179.3789	1
14187.0361	1
14194.6943	-1
14202.3525	-1
14210.0107	-1
14217.6689	-1
14225.3271	-1
14232.9854	-1
14240.6436	1
14248.3018	1
14255.9600	1
14263.6182	1
14271.2783	-1
14278.9385	-1
14286.5986	-1
14294.2588	-1
14301.9189	-1
14309.5791	-1
14317.2393	-1
14324.8994	-1
14332.5596	-1
14340.2197	-1
14347.8799	-1
14355.5400	-1
14363.2002	-1
14370.8604	-1
14378.5205	-1
14386.1807	-1
14393.8408	-1
14401.5010	-1
14409.1621	-1
14416.8232	-1
14424.4844	-1
14432.1455	-1
14439.8066	-1
14447.4678	-1
14455.1289	-1
14462.7900	-1
14470.4512	-1
14478.1123	-1
14485.7734	-1
14493.4346	-1
14501.0957	-1
14508.7568	-1
14516.4180	-1
14524.0791	-1
14531.7402	-1
14539.4014	-1
14547.0625	-1
14554.7236	-1
14562.3848	-1
14570.0459	-1
14577.7070	-1
14585.3682	-1
14593.0303	1
14600.6924	1
14608.3545	1
14616.0166	1
14623.6787	1
14631.3408	1
14639.0029	1
14646.6650	1
14654.3271	1
14661.9893	1
14669.6514	1
14677.3135	1
14684.9756	1
14692.6377	1
14700.3008	-1
14707.9639	-1
14715.6270	-1
14723.2900	-1
14730.9531	-1
14738.6162	-1
14746.2793	-1
14753.9424	-1
14761.6055	-1
14769.2686	-1
14776.9316	-1
14784.5947	-1
14792.2588	1
14799.9238	-1
14807.5889	-1
14815.2539	-1
14822.9189	-1
14830.5840	-1
14838.2490	-1
14845.9141	-1
14853.5791	-1
14861.2441	-1
14868.9092	-1
14876.5742	-1
14884.2393	-1
14891.9043	-1
14899.5693	-1
14907.2344	-1
14914.8994	-1
14922.5645	-1
14930.2295	-1
14937.8975	-1
14945.5654	-1
14953.2334	-1
14960.9014	-1
14968.5693	-1
14976.2373	-1
14983.9062	-1
14991.5752	-1
14999.2441	-1
15006.9131	-1
15014.5820	-1
15022.2510	-1
15029.9199	-1
15037.5889	-1
15045.2578	-1
15052.9268	-1
15060.5957	-1
15068.2646	-1
15075.9336	-1
15083.6025	-1
15091.2715	-1
15098.9404	-1
15106.6094	-1
15114.2783	-1
15121.9473	-1
15129.6162	-1
15137.2852	-1
15144.9541	-1
15152.6230	-1
15160.2920	-1
15167.9619	-1
15175.6318	-1
15183.3018	-1
15190.9717	-1
15198.6416	-1
15206.3115	-1
15213.9814	-1
15221.6514	-1
15229.3213	-1
15236.9912	-1
15244.6611	-1
15252.3311	-1
15260.0010	-1
15267.6709	-1
15275.3408	-1
15283.0107	-1
15290.6807	-1
15298.3506	-1
15306.0205	-1
15313.6904	-1
15321.3604	-1
15329.0303	-1
15336.7002	-1
15344.3701	-1
15352.0410	-1
15359.7119	-1
15367.3828	-1
15375.0537	-1
15382.7246	-1
15390.3955	-1
15398.0664	-1
15405.7373	-1
15413.4082	-1
15421.0791	-1
15428.7500	-1
15436.4209	-1
15444.0918	-1
15451.7627	-1
15459.4336	-1
15467.1045	-1
15474.7754	-1
15482.4463	-1
15490.1172	-1
15497.7881	-1
15505.4590	-1
15513.1299	-1
15520.8008	-1
15528.4717	-1
15536.1426	-1
15543.8135	-1
15551.4844	-1
15559.1553	-1
15566.8262	-1
15574.4971	-1
15582.1680	-1
15589.8496	1
15597.5322	-1
15605.2148	1
15612.8975	1
15620.5811	-1
15628.2646	-1
15635.9482	-1
15643.6318	-1
15651.3154	-1
15658.9990	-1
15666.6836	-1
15674.3682	-1
15682.0527	-1
15689.7373	-1
15697.4219	-1
15705.1064	-1
15712.8008	1
15720.4961	-1
15728.1914	1
15735.8867	1
15743.5840	-1
15751.2812	-1
15758.9785	-1
15766.6758	-1
15774.3730	-1
15782.0703	-1
15789.7676	-1
15797.4648	-1
15805.1621	-1
15812.8594	-1
15820.5566	-1
15828.2539	-1
15835.9512	1
15843.6484	1
15851.3457	1
15859.0430	1
15866.7422	-1
15874.4414	-1
15882.1406	-1
15889.8398	-1
15897.5391	-1
15905.2383	-1
15912.9375	-1
15920.6367	-1
15928.3359	-1
15936.0352	-1
15943.7344	-1
15951.4336	-1
15959.1328	-1
15966.8320	-1
15974.5312	-1
15982.2305	-1
15989.9297	-1
15997.6289	-1
16005.3281	-1
16013.0273	-1
16020.7266	-1
16028.4258	-1
16036.1250	-1
16043.8242	-1
16051.5244	1
16059.2246	1
16066.9248	1
16074.6250	1
16082.3252	1
16090.0254	1
16097.7256	1
16105.4258	1
16113.1279	-1
16120.8301	-1
16128.5322	-1
16136.2344	-1
16143.9365	-1
16151.6387	-1
16159.3408	1
16167.0430	-1
16174.7451	-1
16182.4473	-1
16190.1494	-1
16197.8516	-1
16205.5537	-1
16213.2568	1
16220.9609	-1
16228.6650	-1
16236.3691	-1
16244.0732	-1
16251.7773	-1
16259.4814	-1
16267.1855	-1
16274.8896	-1
16282.5938	-1
16290.2979	-1
16298.0020	-1
16305.7061	-1
16313.4102	-1
16321.1143	-1
16328.8184	-1
16336.5225	-1
16344.2266	-1
16351.9307	-1
16359.6348	1
16367.3389	1
16375.0430	1
16382.7471	1
16390.4512	1
16398.1562	1
16405.8613	1
16413.5664	1
16421.2715	-1
16428.9766	-1
16436.6816	-1
16444.3867	-1
16452.0918	-1
16459.7969	-1
16467.5039	-1
16475.2109	-1
16482.9180	-1
16490.6250	-1
16498.3320	-1
16506.0391	-1
16513.7461	-1
16521.4531	-1
16529.1602	-1
16536.8672	-1
16544.5742	-1
16552.2812	-1
16559.9883	1
16567.6953	1
16575.4023	1
16583.1094	1
16590.8164	1
16598.5234	1
16606.2324	-1
16613.9414	-1
16621.6504	-1
16629.3594	-1
16637.0684	-1
16644.7773	-1
16652.4863	-1
16660.1953	-1
16667.9043	-1
16675.6133	-1
16683.3223	-1
16691.0312	-1
16698.7402	-1
16706.4492	-1
16714.1582	-1
16721.8672	-1
16729.5762	-1
16737.2852	-1
16744.9941	-1
16752.7031	-1
16760.4121	-1
16768.1211	-1
16775.8301	-1
16783.5391	-1
16791.2480	1
16798.9570	1
16806.6660	1
16814.3750	1
16822.0840	1
16829.7930	1
16837.5020	1
16845.2109	1
16852.9219	-1
16860.6328	-1
16868.3438	-1
16876.0547	-1
16883.7656	-1
16891.4766	-1
16899.1895	-1
16906.9023	-1
16914.6152	-1
16922.3281	-1
16930.0410	-1
16937.7539	-1
16945.4688	-1
16953.1836	-1
16960.8984	-1
16968.6133	-1
16976.3281	-1
16984.0430	-1
16991.7578	1
16999.4727	1
17007.1875	1
17014.9023	1
17022.6172	-1
17030.3320	-1
17038.0469	-1
17045.7617	-1
17053.4766	-1
17061.1914	-1
17068.9062	-1
17076.6211	-1
17084.3359	-1
17092.0508	-1
17099.7656	-1
17107.4805	-1
17115.1953	-1
17122.9102	-1
17130.6250	-1
17138.3398	-1
17146.0547	-1
17153.7695	-1
17161.4844	-1
17169.1992	-1
17176.9141	1
17184.6289	-1
17192.3438	-1
17200.0586	-1
17207.7734	-1
17215.4883	1
17223.2031	1
17230.9180	-1
17238.6328	1
17246.3477	-1
17254.0625	-1
17261.7773	-1
17269.4941	-1
17277.2109	-1
17284.9277	-1
17292.6445	-1
17300.3613	-1
17308.0781	-1
17315.7949	-1
17323.5117	-1
17331.2285	-1
17338.9453	-1
17346.6621	-1
17354.3789	-1
17362.0957	-1
17369.8125	-1
17377.5293	-1
17385.2461	-1
17392.9629	-1
17400.6797	-1
17408.3965	-1
17416.1133	-1
17423.8301	-1
17431.5469	-1
17439.2637	-1
17446.9805	-1
17454.6973	-1
17462.4141	-1
17470.1309	-1
17477.8477	-1
17485.5645	-1
17493.2812	-1
17500.9980	-1
17508.7148	-1
17516.4316	-1
17524.1484	-1
17531.8652	-1
17539.5820	-1
17547.2988	-1
17555.0156	-1
17562.7344	1
17570.4531	1
17578.1719	1
17585.8906	1
17593.6094	1
17601.3281	1
17609.0469	1
17616.7656	1
17624.4844	1
17632.2031	1
17639.9219	1
17647.6406	1
17655.3594	-1
17663.0781	-1
17670.7969	-1
17678.5156	-1
17686.2344	-1
17693.9531	-1
17701.6719	-1
17709.3906	-1
17717.1094	-1
17724.8281	-1
17732.5469	-1
17740.2656	-1
17747.9863	-1
17755.7070	-1
17763.4277	-1
17771.1484	-1
17778.8691	-1
17786.5898	-1
17794.3105	-1
17802.0312	-1
17809.7520	-1
17817.4727	-1
17825.1934	-1
17832.9141	-1
17840.6348	-1
17848.3555	-1
17856.0762	-1
17863.7969	-1
17871.5176	-1
17879.2383	-1
17886.9590	-1
17894.6797	-1
17902.4004	-1
17910.1211	-1
17917.8418	-1
17925.5625	-1
17933.2832	-1
17941.0039	-1
17948.7246	-1
17956.4453	-1
17964.1660	-1
17971.8867	-1
17979.6074	-1
17987.3281	-1
17995.0488	-1
18002.7695	-1
18010.4902	-1
18018.2109	-1
18025.9336	-1
18033.6562	-1
18041.3789	-1
18049.1016	-1
18056.8242	-1
18064.5469	-1
18072.2715	1
18079.9961	-1
18087.7207	-1
18095.4453	-1
18103.1699	-1
18110.8945	-1
18118.6191	-1
18126.3438	-1
18134.0684	-1
18141.7930	-1
18149.5176	-1
18157.2422	-1
18164.9668	-1
18172.6934	-1
18180.4199	-1
18188.1465	-1
18195.8730	-1
18203.5996	-1
18211.3262	-1
18219.0527	-1
18226.7793	-1
18234.5059	-1
18242.2324	-1
18249.9590	-1
18257.6855	-1
18265.4121	-1
18273.1387	-1
18280.8652	-1
18288.5918	-1
18296.3184	-1
18304.0449	-1
18311.7715	-1
18319.4980	-1
18327.2246	-1
18334.9512	-1
18342.6777	-1
18350.4043	-1
18358.1309	-1
18365.8574	-1
18373.5840	-1
18381.3105	-1
18389.0371	-1
18396.7637	-1
18404.4902	-1
18412.2168	-1
18419.9434	-1
18427.6699	-1
18435.3965	-1
18443.1230	-1
18450.8496	-1
18458.5762	-1
18466.3027	-1
18474.0293	-1
18481.7559	-1
18489.4824	-1
18497.2090	-1
18504.9355	-1
18512.6621	-1
18520.3887	-1
18528.1152	-1
18535.8418	-1
18543.5703	-1
18551.2988	-1
18559.0273	-1
18566.7559	-1
18574.4844	-1
18582.2129	-1
18589.9414	-1
18597.6699	-1
18605.3984	-1
18613.1270	-1
18620.8555	-1
18628.5840	-1
18636.3125	-1
18644.0410	-1
18651.7695	-1
18659.4980	-1
18667.2266	-1
18674.9551	-1
18682.6836	-1
18690.4121	-1
18698.1406	-1
18705.8691	-1
18713.5977	-1
18721.3262	-1
18729.0547	-1
18736.7832	-1
18744.5117	-1
18752.2402	-1
18759.9688	-1
18767.6973	-1
18775.4277	-1
18783.1582	-1
18790.8887	-1
18798.6191	-1
18806.3496	-1
18814.0801	-1
18821.8105	-1
18829.5410	-1
18837.2715	-1
18845.0020	-1
18852.7324	-1
18860.4629	-1
18868.1934	-1
18875.9238	-1
18883.6543	-1
18891.3848	-1
18899.1270	1
18906.8691	-1
18914.6113	1
18922.3535	1
18930.0977	-1
18937.8418	-1
18945.5859	-1
18953.3301	-1
18961.0742	-1
18968.8184	-1
18976.5625	-1
18984.3066	-1
18992.0508	-1
18999.7949	-1
19007.5391	-1
19015.2832	-1
19023.0273	1
19030.7715	1
19038.5156	1
19046.2598	1
19054.0039	-1
19061.7480	-1
19069.4922	-1
19077.2363	-1
19084.9805	-1
19092.7246	-1
19100.4688	-1
19108.2129	-1
19115.9570	-1
19123.7012	-1
19131.4453	-1
19139.1895	-1
19146.9336	-1
19154.6777	-1
19162.4219	-1
19170.1660	-1
19177.9102	-1
19185.6543	-1
19193.3984	-1
19201.1426	-1
19208.8867	-1
19216.6309	-1
19224.3750	-1
19232.1191	-1
19239.8652	1
19247.6113	-1
19255.3574	-1
19263.1035	-1
19270.8496	-1
19278.6055	1
19286.3613	-1
19294.1191	1
19301.8770	1
19309.6348	-1
19317.3926	-1
19325.1504	-1
19332.9180	1
19340.6855	-1
19348.4551	1
19356.2246	1
19363.9941	-1
19371.7637	-1
19379.5430	1
19387.3223	-1
19395.1035	1
19402.8848	1
19410.6660	-1
19418.4473	-1
19426.2285	-1
19434.0098	-1
19441.7910	-1
19449.5723	-1
19457.3535	-1
19465.1348	-1
19472.9160	-1
19480.6973	-1
19488.4785	-1
19496.2598	-1
19504.0410	1
19511.8242	1
19519.6074	1
19527.3906	1
19535.1738	-1
19542.9570	-1
19550.7402	-1
19558.5234	-1
19566.3066	-1
19574.0898	-1
19581.8730	-1
19589.6562	-1
19597.4395	-1
19605.2227	-1
19613.0059	-1
19620.7891	-1
19628.5723	-1
19636.3555	-1
19644.1387	-1
19651.9219	-1
19659.7051	-1
19667.4883	-1
19675.2715	-1
19683.0547	-1
19690.8477	1
19698.6426	-1
19706.4375	1
19714.2324	1
19722.0293	-1
19729.8262	-1
19737.6230	-1
19745.4199	-1
19753.2168	-1
19761.0137	-1
19768.8105	-1
19776.6074	-1
19784.4043	-1
19792.2109	1
19800.0176	-1
19807.8242	1
19815.6309	1
19823.4395	-1
19831.2480	-1
19839.0566	-1
19846.8750	1
19854.6953	-1
19862.5156	1
19870.3359	1
19878.1562	-1
19885.9766	-1
19893.8066	1
19901.6367	-1
19909.4688	1
19917.3008	1
19925.1328	-1
19932.9648	-1
19940.8066	1
19948.6504	-1
19956.4941	1
19964.3379	1
19972.1836	-1
19980.0293	-1
19987.8828	1
19995.7383	-1
20003.5938	1
20011.4492	1
20019.3047	-1
20027.1621	-1
20035.0273	1
20042.8945	-1
20050.7617	1
20058.6289	1
20066.4961	-1
20074.3633	-1
20082.2305	-1
20090.0977	-1
20097.9648	-1
20105.8320	-1
20113.6992	-1
20121.5664	-1
20129.4336	-1
20137.3008	-1
20145.1680	-1
20153.0352	-1
20160.9043	1
20168.7734	1
20176.6426	1
20184.5117	1
20192.3809	-1
20200.2500	-1
20208.1191	-1
20215.9883	-1
20223.8574	-1
20231.7266	-1
20239.5957	-1
20247.4648	-1
20255.3340	-1
20263.2031	-1
20271.0723	-1
20278.9414	-1
20286.8105	-1
20294.6797	-1
20302.5488	-1
20310.4180	-1
20318.2871	-1
20326.1562	-1
20334.0254	-1
20341.8945	-1
20349.7637	-1
20357.6328	-1
20365.5020	-1
20373.3711	-1
20381.2402	1
20389.1094	1
20396.9805	1
20404.8516	1
20412.7227	1
20420.5938	1
20428.4648	1
20436.3359	-1
20444.2070	-1
20452.0781	-1
20459.9492	-1
20467.8203	-1
20475.6914	-1
20483.5625	-1
20491.4336	-1
20499.3047	-1
20507.1758	-1
20515.0469	-1
20522.9180	-1
20530.7891	-1
20538.6602	-1
20546.5312	-1
20554.4023	-1
20562.2734	-1
20570.1445	-1
20578.0156	-1
20585.8867	-1
20593.7578	-1
20601.6289	-1
20609.5000	-1
20617.3711	-1
20625.2422	-1
20633.1133	-1
20640.9844	-1
20648.8555	-1
20656.7266	-1
20664.5977	-1
20672.4688	-1
20680.3398	-1
20688.2129	-1
20696.0859	-1
20703.9590	-1
20711.8320	-1
20719.7051	-1
20727.5781	-1
20735.4512	-1
20743.3320	1
20751.2148	-1
20759.0977	1
20766.9805	1
20774.8633	-1
20782.7480	-1
20790.6406	1
20798.5352	-1
20806.4297	1
20814.3242	1
20822.2207	-1
20830.1172	-1
20838.0137	-1
20845.9102	-1
20853.8066	-1
20861.7031	-1
20869.5996	-1
20877.4961	-1
20885.3926	-1
20893.2891	-1
20901.1855	-1
20909.0820	-1
20916.9785	1
20924.8750	1
20932.7715	1
20940.6680	1
20948.5664	-1
20956.4648	-1
20964.3633	-1
20972.2617	-1
20980.1602	-1
20988.0586	-1
20995.9570	-1
21003.8555	-1
21011.7539	-1
21019.6523	-1
21027.5508	-1
21035.4492	-1
21043.3477	-1
21051.2461	-1
21059.1445	-1
21067.0430	-1
21074.9414	-1
21082.8398	-1
21090.7383	-1
21098.6367	-1
21106.5352	-1
21114.4336	-1
21122.3320	-1
21130.2305	-1
21138.1289	1
21146.0273	1
21153.9258	-1
21161.8242	-1
21169.7227	-1
21177.6211	-1
21185.5195	-1
21193.4180	-1
21201.3164	-1
21209.2246	1
21217.1348	-1
21225.0449	1
21232.9551	1
21240.8652	-1
21248.7754	-1
21256.6855	-1
21264.5957	-1
21272.5059	-1
21280.4160	-1
21288.3281	-1
21296.2402	-1
21304.1523	-1
21312.0645	-1
21319.9766	-1
21327.8887	-1
21335.8008	1
21343.7129	1
21351.6250	1
21359.5371	1
21367.4512	-1
21375.3652	-1
21383.2793	-1
21391.1934	-1
21399.1074	-1
21407.0215	-1
21414.9355	-1
21422.8496	-1
21430.7637	-1
21438.6777	-1
21446.5918	-1
21454.5059	-1
21462.4199	-1
21470.3340	-1
21478.2480	-1
21486.1621	-1
21494.0762	-1
21501.9902	-1
21509.9043	-1
21517.8184	-1
21525.7324	-1
21533.6465	-1
21541.5605	-1
21549.4746	-1
21557.3887	1
21565.3027	1
21573.2168	1
21581.1309	1
21589.0449	1
21596.9590	1
21604.8730	1
21612.7871	1
21620.7031	-1
21628.6191	-1
21636.5352	-1
21644.4512	-1
21652.3672	-1
21660.2832	-1
21668.1992	1
21676.1152	1
21684.0332	-1
21691.9512	-1
21699.8691	-1
21707.7871	-1
21715.7051	-1
21723.6230	-1
21731.5410	-1
21739.4590	-1
21747.3770	-1
21755.2949	-1
21763.2129	-1
21771.1309	-1
21779.0488	-1
21786.9668	-1
21794.8848	-1
21802.8027	-1
21810.7207	-1
21818.6387	-1
21826.5566	-1
21834.4746	-1
21842.3926	-1
21850.3105	-1
21858.2285	-1
21866.1465	-1
21874.0645	-1
21881.9824	-1
21889.9004	-1
21897.8184	-1
21905.7363	-1
21913.6543	-1
21921.5723	-1
21929.4902	-1
21937.4082	-1
21945.3262	-1
21953.2441	-1
21961.1621	-1
21969.0801	-1
21976.9980	-1
21984.9160	-1
21992.8340	-1
22000.7520	-1
22008.6699	-1
22016.5879	1
22024.5059	1
22032.4258	-1
22040.3457	-1
22048.2656	-1
22056.1855	-1
22064.1055	-1
22072.0254	-1
22079.9453	-1
22087.8652	-1
22095.7852	-1
22103.7051	-1
22111.6250	-1
22119.5449	-1
22127.4648	-1
22135.3848	-1
22143.3047	-1
22151.2246	-1
22159.1445	-1
22167.0645	-1
22174.9844	-1
22182.9141	1
22190.8457	-1
22198.7773	1
22206.7090	1
22214.6406	-1
22222.5742	-1
22230.5156	1
22238.4590	-1
22246.4023	1
22254.3457	1
22262.2891	-1
22270.2324	-1
22278.1855	1
22286.1406	-1
22294.0957	1
22302.0508	1
22310.0059	-1
22317.9609	-1
22325.9258	1
22333.8906	-1
22341.8555	1
22349.8203	1
22357.7871	-1
22365.7539	-1
22373.7305	1
22381.7070	-1
22389.6836	1
22397.6602	1
22405.6387	-1
22413.6172	-1
22421.6035	1
22429.5918	-1
22437.5801	1
22445.5684	1
22453.5586	-1
22461.5488	-1
22469.5391	-1
22477.5371	1
22485.5371	-1
22493.5371	1
22501.5371	1
22509.5371	-1
22517.5371	-1
22525.5371	-1
22533.5469	1
22541.5586	-1
22549.5703	1
22557.5820	1
22565.5938	-1
22573.6074	-1
22581.6289	1
22589.6523	-1
22597.6758	1
22605.6992	1
22613.7246	-1
22621.7500	-1
22629.7754	-1
22637.8086	1
22645.8438	-1
22653.8789	1
22661.9141	1
22669.9492	-1
22677.9844	-1
22686.0215	-1
22694.0664	1
22702.1133	-1
22710.1602	1
22718.2070	1
22726.2539	-1
22734.3027	-1
22742.3594	1
22750.4180	-1
22758.4766	1
22766.5352	1
22774.5957	-1
22782.6562	-1
22790.7266	1
22798.7969	-1
22806.8672	1
22814.9375	1
22823.0098	-1
22831.0820	-1
22839.1543	-1
22847.2266	-1
22855.2988	-1
22863.3711	-1
22871.4434	-1
22879.5156	-1
22887.5879	-1
22895.6602	-1
22903.7324	-1
22911.8047	-1
22919.8770	1
22927.9492	1
22936.0215	1
22944.0938	1
22952.1680	-1
22960.2422	-1
22968.3164	-1
22976.3906	-1
22984.4648	-1
22992.5391	-1
23000.6133	-1
23008.6875	-1
23016.7617	-1
23024.8359	-1
23032.9102	-1
23040.9844	-1
23049.0586	1
23057.1328	-1
23065.2070	-1
23073.2812	-1
23081.3555	-1
23089.4297	-1
23097.5039	-1
23105.5781	1
23113.6523	-1
23121.7266	-1
23129.8008	-1
23137.8750	-1
23145.9492	-1
23154.0234	-1
23162.0996	-1
23170.1758	-1
23178.2520	-1
23186.3281	-1
23194.4043	-1
23202.4805	-1
23210.5566	-1
23218.6328	-1
23226.7090	-1
23234.7852	-1
23242.8613	-1
23250.9473	1
23259.0332	-1
23267.1211	1
23275.2090	1
23283.2969	-1
23291.3848	-1
23299.4727	-1
23307.5605	-1
23315.6484	-1
23323.7363	-1
23331.8242	-1
23339.9121	-1
23348.0000	-1
23356.0879	-1
23364.1758	-1
23372.2637	-1
23380.3516	1
23388.4395	1
23396.5273	1
23404.6172	-1
23412.7070	-1
23420.7969	-1
23428.8867	-1
23436.9766	-1
23445.0664	-1
23453.1562	-1
23461.2461	-1
23469.3359	-1
23477.4258	-1
23485.5156	-1
23493.6055	-1
23501.6953	-1
23509.7949	1
23517.8945	-1
23525.9961	1
23534.0977	1
23542.1992	-1
23550.3008	-1
23558.4023	-1
23566.5039	-1
23574.6055	-1
23582.7070	-1
23590.8086	-1
23598.9102	-1
23607.0117	-1
23615.1133	-1
23623.2148	-1
23631.3164	-1
23639.4180	1
23647.5195	1
23655.6211	1
23663.7246	1
23671.8281	-1
23679.9316	-1
23688.0352	-1
23696.1387	-1
23704.2422	-1
23712.3457	-1
23720.4492	-1
23728.5527	-1
23736.6562	-1
23744.7598	-1
23752.8633	-1
23760.9668	-1
23769.0703	-1
23777.1738	-1
23785.2773	-1
23793.3809	-1
23801.4844	-1
23809.5879	-1
23817.6934	-1
23825.7988	-1
23833.9043	-1
23842.0098	-1
23850.1152	-1
23858.2207	-1
23866.3262	1
23874.4316	1
23882.5371	1
23890.6426	1
23898.7480	1
23906.8535	1
23914.9590	1
23923.0645	1
23931.1719	-1
23939.2793	-1
23947.3867	-1
23955.4941	-1
23963.6016	-1
23971.7090	-1
23979.8164	-1
23987.9238	-1
23996.0312	-1
24004.1387	-1
24012.2461	-1
24020.3535	-1
24028.4609	-1
24036.5684	-1
24044.6758	-1
24052.7832	-1
24060.8906	-1
24068.9980	-1
24077.1055	-1
24085.2129	-1
24093.3203	-1
24101.4277	-1
24109.5352	-1
24117.6426	-1
24125.7520	1
24133.8613	1
24141.9707	1
24150.0801	1
24158.1895	1
24166.2988	1
24174.4082	1
24182.5176	1
24190.6270	-1
24198.7363	-1
24206.8457	-1
24214.9551	-1
24223.0645	-1
24231.1738	-1
24239.2832	-1
24247.3926	-1
24255.5020	-1
24263.6113	-1
24271.7207	-1
24279.8301	-1
24287.9395	-1
24296.0488	-1
24304.1582	-1
24312.2676	-1
24320.3770	-1
24328.4863	-1
24336.5957	-1
24344.7051	-1
24352.8145	-1
24360.9238	-1
24369.0332	-1
24377.1426	-1
24385.2539	1
24393.3652	1
24401.4766	1
24409.5879	1
24417.6992	1
24425.8105	1
24433.9219	1
24442.0332	1
24450.1465	-1
24458.2598	-1
24466.3730	-1
24474.4863	-1
24482.5996	-1
24490.7129	-1
24498.8262	1
24506.9395	1
24515.0547	-1
24523.1699	-1
24531.2852	-1
24539.4004	-1
24547.5156	-1
24555.6309	-1
24563.7461	-1
24571.8613	-1
24579.9766	-1
24588.0918	-1
24596.2070	-1
24604.3223	-1
24612.4375	-1
24620.5527	-1
24628.6680	-1
24636.7832	-1
24644.8984	-1
24653.0137	-1
24661.1289	1
24669.2441	1
24677.3594	1
24685.4746	1
24693.5918	-1
24701.7090	-1
24709.8262	-1
24717.9434	-1
24726.0605	-1
24734.1777	-1
24742.2949	-1
24750.4121	-1
24758.5293	-1
24766.6465	-1
24774.7637	-1
24782.8809	-1
24790.9980	-1
24799.1152	-1
24807.2324	-1
24815.3496	-1
24823.4668	-1
24831.5840	-1
24839.7012	-1
24847.8184	-1
24855.9355	-1
24864.0527	-1
24872.1699	-1
24880.2871	-1
24888.4043	-1
24896.5215	-1
24904.6387	-1
24912.7559	-1
24920.8730	-1
24928.9902	-1
24937.1074	-1
24945.2246	-1
24953.3418	-1
24961.4590	-1
24969.5762	-1
24977.6934	-1
24985.8105	1
24993.9277	-1
25002.0449	-1
25010.1621	-1
25018.2793	-1
25026.3965	-1
25034.5137	-1
25042.6309	1
25050.7480	1
25058.8652	1
25066.9844	1
25075.1035	1
25083.2227	1
25091.3418	1
25099.4609	1
25107.5801	1
25115.6992	1
25123.8184	1
25131.9375	1
25140.0566	1
25148.1777	-1
25156.2988	-1
25164.4199	-1
25172.5410	-1
25180.6621	-1
25188.7832	-1
25196.9043	-1
25205.0254	-1
25213.1465	-1
25221.2676	-1
25229.3887	-1
25237.5098	-1
25245.6309	-1
25253.7520	-1
25261.8730	-1
25269.9941	-1
25278.1152	-1
25286.2363	-1
25294.3574	-1
25302.4785	-1
25310.5996	-1
25318.7207	-1
25326.8418	-1
25334.9629	-1
25343.0840	-1
25351.2051	-1
25359.3262	-1
25367.4473	-1
25375.5684	-1
25383.6895	-1
25391.8105	-1
25399.9316	-1
25408.0527	-1
25416.1738	-1
25424.2949	-1
25432.4160	-1
25440.5371	-1
25448.6582	-1
25456.7793	-1
25464.9004	-1
25473.0215	-1
25481.1426	-1
25489.2676	-1
25497.3926	-1
25505.5176	-1
25513.6426	-1
25521.7676	-1
25529.8926	-1
25538.0176	-1
25546.1426	-1
25554.2676	-1
25562.3926	-1
25570.5176	-1
25578.6426	-1
25586.7676	-1
25594.8926	-1
25603.0176	-1
25611.1426	-1
25619.2676	-1
25627.3926	-1
25635.5176	-1
25643.6426	-1
25651.7676	-1
25659.8926	-1
25668.0176	-1
25676.1426	-1
25684.2676	-1
25692.3926	-1
25700.5176	-1
25708.6426	-1
25716.7676	-1
25724.8926	-1
25733.0176	-1
25741.1426	-1
25749.2676	-1
25757.3926	-1
25765.5176	-1
25773.6426	-1
25781.7676	-1
25789.8926	-1
25798.0176	-1
25806.1426	-1
25814.2676	-1
25822.3926	-1
25830.5195	-1
25838.6465	-1
25846.7734	-1
25854.9004	-1
25863.0273	-1
25871.1543	-1
25879.2812	-1
25887.4082	-1
25895.5352	-1
25903.6621	-1
25911.7891	-1
25919.9160	-1
25928.0430	-1
25936.1699	-1
25944.2969	-1
25952.4238	-1
25960.5508	-1
25968.6777	-1
25976.8047	-1
25984.9316	-1
25993.0586	-1
26001.1855	-1
26009.3125	-1
26017.4395	-1
26025.5684	-1
26033.6973	-1
26041.8262	-1
26049.9551	-1
26058.0840	-1
26066.2129	-1
26074.3418	-1
26082.4707	-1
26090.5996	-1
26098.7285	-1
26106.8574	-1
26114.9863	-1
26123.1152	-1
26131.2441	-1
26139.3730	-1
26147.5020	-1
26155.6309	-1
26163.7598	-1
26171.8887	-1
26180.0176	-1
26188.1465	-1
26196.2754	-1
26204.4043	-1
26212.5332	-1
26220.6621	-1
26228.7910	-1
26236.9199	-1
26245.0488	-1
26253.1777	-1
26261.3066	-1
26269.4355	-1
26277.5645	-1
26285.6934	-1
26293.8223	-1
26301.9512	-1
26310.0801	-1
26318.2090	-1
26326.3379	-1
26334.4668	-1
26342.5957	-1
