0.0000	0
0.0006	1
0.6168	2
1.2702	1
2.4476	2
2.5406	-1
3.0380	-2
3.5489	2
3.9359	-2
4.1692	-2
4.5960	-2
4.9687	-2
5.0731	-2
5.7567	-2
6.8879	-2
6.9896	-2
7.0880	-2
7.1812	-2
7.4715	-2
7.6313	-2
7.8416	-2
7.9379	-2
8.6935	-2
9.0996	-2
9.1222	-2
9.2749	-2
9.6437	-2
9.6609	1
9.7721	-2
9.9743	-2
10.8450	-2
11.2767	-2
11.3495	-2
11.3983	-2
12.3184	-2
14.1407	-2
16.7676	-2
16.8010	1
23.9431	-1
31.0856	1
38.2282	1
45.3720	-1
52.5158	-1
59.6597	-1
66.8245	1
73.9916	-1
81.1591	1
88.3267	1
95.4960	-1
102.6653	-1
109.8345	-1
117.0038	-1
124.1731	-1
131.3423	-1
138.5117	-1
145.6811	-1
152.8505	-1
160.0355	1
167.2236	-1
174.4121	1
181.6006	1
188.7901	-1
195.9795	-1
203.1690	-1
210.3584	-1
217.5479	-1
224.7374	-1
231.9270	-1
239.1165	-1
246.3061	-1
253.4957	-1
260.6853	-1
267.8749	-1
275.0650	1
282.2551	1
289.4459	-1
296.6366	-1
303.8274	-1
311.0182	-1
318.2089	-1
325.3997	-1
332.5905	-1
339.7814	-1
346.9723	-1
354.1632	-1
361.3541	-1
368.5616	1
375.7716	-1
382.9821	1
390.1927	1
397.4041	-1
404.6156	-1
411.8271	-1
419.0386	-1
426.2501	-1
433.4621	-1
440.6904	1
447.9207	-1
455.1516	1
462.3825	1
469.6155	-1
476.8505	-1
484.0854	-1
491.3204	-1
498.5554	-1
505.7903	-1
513.0253	-1
520.2604	-1
527.4955	-1
534.7306	-1
541.9657	-1
549.2008	-1
556.4359	-1
563.6719	1
570.9080	1
578.1440	1
585.3802	1
592.6183	-1
599.8564	-1
607.0946	-1
614.3328	-1
621.5709	-1
628.8091	-1
636.0474	-1
643.2856	-1
650.5239	-1
657.7622	-1
665.0005	-1
672.2388	-1
679.4772	-1
686.7156	-1
693.9540	-1
701.1924	-1
708.4309	-1
715.6694	-1
722.9079	-1
730.1464	-1
737.3850	-1
744.6236	-1
751.8622	-1
759.1008	-1
766.3398	1
773.5789	1
780.8179	1
788.0571	1
795.2979	-1
802.5386	-1
809.7794	-1
817.0203	-1
824.2611	-1
831.5020	-1
838.7429	-1
845.9839	-1
853.2249	-1
860.4658	-1
867.7068	-1
874.9478	-1
882.1890	-1
889.4303	-1
896.6716	-1
903.9128	-1
911.1541	-1
918.3954	-1
925.6368	-1
932.8782	-1
940.1196	-1
947.3610	-1
954.6205	1
961.8825	-1
969.1450	1
976.4076	1
983.6711	-1
990.9347	-1
998.1982	-1
1005.4618	-1
1012.7253	-1
1019.9889	-1
1027.2526	-1
1034.5162	-1
1041.7799	-1
1049.0436	-1
1056.3250	1
1063.6085	-1
1070.8926	1
1078.1768	1
1085.4618	-1
1092.7468	-1
1100.0319	-1
1107.3170	-1
1114.6022	-1
1121.8882	-1
1129.1967	1
1136.5072	-1
1143.8184	1
1151.1296	1
1158.4424	-1
1165.7552	-1
1173.0681	-1
1180.3810	-1
1187.6938	-1
1195.0067	-1
1202.3197	-1
1209.6327	-1
1216.9457	-1
1224.2587	-1
1231.5717	-1
1238.8846	-1
1246.1981	1
1253.5117	1
1260.8253	1
1268.1389	1
1275.4532	-1
1282.7676	-1
1290.0819	-1
1297.3962	-1
1304.7106	-1
1312.0249	-1
1319.3400	-1
1326.6550	-1
1333.9701	-1
1341.2852	-1
1348.6002	-1
1355.9153	-1
1363.2305	-1
1370.5457	-1
1377.8608	-1
1385.1760	-1
1392.4912	-1
1399.8064	-1
1407.1217	-1
1414.4370	-1
1421.7523	-1
1429.0676	-1
1436.3829	-1
1443.6982	-1
1451.0142	1
1458.3301	1
1465.6461	1
1472.9622	1
1480.2783	1
1487.5945	1
1494.9106	1
1502.2269	1
1509.5441	-1
1516.8612	-1
1524.1783	-1
1531.4955	-1
1538.8126	-1
1546.1298	-1
1553.4486	-1
1560.7675	-1
1568.0863	-1
1575.4052	-1
1582.7240	-1
1590.0428	-1
1597.3618	-1
1604.6808	-1
1611.9998	-1
1619.3187	-1
1626.6377	-1
1633.9567	-1
1641.2758	-1
1648.5948	-1
1655.9139	-1
1663.2330	-1
1670.5521	-1
1677.8712	-1
1685.1904	-1
1692.5096	-1
1699.8289	-1
1707.1481	-1
1714.4673	-1
1721.7865	-1
1729.1058	-1
1736.4252	-1
1743.7445	-1
1751.0638	-1
1758.3832	-1
1765.7025	-1
1773.0221	-1
1780.3417	-1
1787.6613	-1
1794.9808	-1
1802.3004	-1
1809.6200	-1
1816.9397	-1
1824.2594	-1
1831.5791	-1
1838.8988	-1
1846.2185	-1
1853.5382	-1
1860.8580	1
1868.1780	1
1875.5001	1
1882.8223	1
1890.1444	1
1897.4667	1
1904.7889	1
1912.1112	1
1919.4336	1
1926.7560	1
1934.0784	1
1941.4009	1
1948.7234	1
1956.0459	1
1963.3684	1
1970.6909	1
1978.0144	-1
1985.3379	-1
1992.6614	-1
1999.9849	-1
2007.3083	-1
2014.6318	-1
2021.9554	-1
2029.2791	-1
2036.6027	-1
2043.9263	-1
2051.2500	-1
2058.5737	-1
2065.8994	1
2073.2253	1
2080.5513	1
2087.8772	1
2095.2034	-1
2102.5295	-1
2109.8557	-1
2117.1819	-1
2124.5081	-1
2131.8342	-1
2139.1604	-1
2146.4866	-1
2153.8127	-1
2161.1389	-1
2168.4651	-1
2175.7913	-1
2183.1177	-1
2190.4441	-1
2197.7705	-1
2205.0969	-1
2212.4233	-1
2219.7498	-1
2227.0764	-1
2234.4031	-1
2241.7297	-1
2249.0564	-1
2256.3831	-1
2263.7097	-1
2271.0366	-1
2278.3635	-1
2285.6904	-1
2293.0173	-1
2300.3442	-1
2307.6711	-1
2314.9980	-1
2322.3250	-1
2329.6519	-1
2336.9788	-1
2344.3057	-1
2351.6326	-1
2358.9617	-1
2366.2908	-1
2373.6199	-1
2380.9490	-1
2388.2781	-1
2395.6072	-1
2402.9365	-1
2410.2659	-1
2417.5952	-1
2424.9246	-1
2432.2539	-1
2439.5833	-1
2446.9126	-1
2454.2419	-1
2461.5713	-1
2468.9006	-1
2476.2300	-1
2483.5593	-1
2490.8889	-1
2498.2185	-1
2505.5481	-1
2512.8777	-1
2520.2073	-1
2527.5369	-1
2534.8665	-1
2542.1960	-1
2549.5256	-1
2556.8552	-1
2564.1848	-1
2571.5144	-1
2578.8442	-1
2586.1741	-1
2593.5039	-1
2600.8337	-1
2608.1636	-1
2615.4934	-1
2622.8232	1
2630.1533	1
2637.4834	1
2644.8135	-1
2652.1436	-1
2659.4736	-1
2666.8037	-1
2674.1338	1
2681.4639	-1
2688.7939	-1
2696.1240	1
2703.4541	1
2710.7842	-1
2718.1143	-1
2725.4443	-1
2732.7744	-1
2740.1045	-1
2747.4346	-1
2754.7649	1
2762.0952	1
2769.4255	1
2776.7559	1
2784.0862	1
2791.4165	1
2798.7478	1
2806.0791	1
2813.4104	1
2820.7427	-1
2828.0750	-1
2835.4072	-1
2842.7395	-1
2850.0718	-1
2857.4041	-1
2864.7363	-1
2872.0686	-1
2879.4009	-1
2886.7332	-1
2894.0654	-1
2901.3977	-1
2908.7302	-1
2916.0627	-1
2923.3953	-1
2930.7278	-1
2938.0603	-1
2945.3928	-1
2952.7253	-1
2960.0579	-1
2967.3904	-1
2974.7229	-1
2982.0554	-1
2989.3879	-1
2996.7207	1
3004.0535	1
3011.3862	1
3018.7192	1
3026.0522	1
3033.3853	1
3040.7183	1
3048.0513	1
3055.3843	1
3062.7173	1
3070.0505	1
3077.3838	1
3084.7170	1
3092.0515	1
3099.3860	1
3106.7219	-1
3114.0579	-1
3121.3938	-1
3128.7297	-1
3136.0657	-1
3143.4016	-1
3150.7378	-1
3158.0740	-1
3165.4102	-1
3172.7463	-1
3180.0825	-1
3187.4187	-1
3194.7549	-1
3202.0911	-1
3209.4272	-1
3216.7634	-1
3224.0996	-1
3231.4358	-1
3238.7722	-1
3246.1086	-1
3253.4451	-1
3260.7815	-1
3268.1179	-1
3275.4543	-1
3282.7908	-1
3290.1272	-1
3297.4636	-1
3304.8000	-1
3312.1365	-1
3319.4729	-1
3326.8096	-1
3334.1462	-1
3341.4829	-1
3348.8196	-1
3356.1562	-1
3363.4929	-1
3370.8298	-1
3378.1667	-1
3385.5037	-1
3392.8406	-1
3400.1775	-1
3407.5144	-1
3414.8513	-1
3422.1882	-1
3429.5251	-1
3436.8621	-1
3444.1990	-1
3451.5359	-1
3458.8730	-1
3466.2102	-1
3473.5474	-1
3480.8845	-1
3488.2217	-1
3495.5588	-1
3502.8960	-1
3510.2332	-1
3517.5703	-1
3524.9075	-1
3532.2446	-1
3539.5818	-1
3546.9202	1
3554.2585	1
3561.5969	1
3568.9353	1
3576.2737	1
3583.6123	1
3590.9541	-1
3598.2959	-1
3605.6377	-1
3612.9795	-1
3620.3213	-1
3627.6631	-1
3635.0049	-1
3642.3469	-1
3649.6890	-1
3657.0310	-1
3664.3730	-1
3671.7151	-1
3679.0571	-1
3686.3992	-1
3693.7412	-1
3701.0833	-1
3708.4253	-1
3715.7673	-1
3723.1113	-1
3730.4556	-1
3737.7998	-1
3745.1440	-1
3752.4883	-1
3759.8325	-1
3767.1768	-1
3774.5210	-1
3781.8652	-1
3789.2095	-1
3796.5537	-1
3803.8979	-1
3811.2424	-1
3818.5869	-1
3825.9314	-1
3833.2759	-1
3840.6204	-1
3847.9648	-1
3855.3096	-1
3862.6543	-1
3869.9990	-1
3877.3438	-1
3884.6885	-1
3892.0332	-1
3899.3811	1
3906.7290	1
3914.0771	1
3921.4253	1
3928.7734	1
3936.1216	1
3943.4697	1
3950.8179	1
3958.1660	1
3965.5144	1
3972.8628	1
3980.2156	-1
3987.5684	-1
3994.9211	-1
4002.2739	-1
4009.6267	-1
4016.9795	-1
4024.3325	-1
4031.6855	-1
4039.0386	-1
4046.3916	-1
4053.7446	-1
4061.0977	-1
4068.4509	-1
4075.8042	-1
4083.1575	-1
4090.5107	-1
4097.8638	-1
4105.2168	-1
4112.5703	-1
4119.9238	-1
4127.2773	-1
4134.6309	-1
4141.9844	-1
4149.3379	-1
4156.6914	-1
4164.0449	-1
4171.3984	-1
4178.7520	-1
4186.1055	-1
4193.4590	-1
4200.8154	-1
4208.1719	-1
4215.5283	-1
4222.8848	-1
4230.2412	-1
4237.5977	-1
4244.9546	-1
4252.3115	-1
4259.6685	-1
4267.0254	-1
4274.3823	-1
4281.7393	-1
4289.0967	-1
4296.4541	-1
4303.8115	-1
4311.1689	-1
4318.5264	-1
4325.8838	-1
4333.2412	-1
4340.5986	-1
4347.9561	-1
4355.3135	-1
4362.6709	-1
4370.0283	-1
4377.3857	-1
4384.7432	-1
4392.1006	-1
4399.4580	-1
4406.8154	-1
4414.1729	-1
4421.5308	-1
4428.8887	-1
4436.2466	-1
4443.6045	-1
4450.9624	-1
4458.3203	-1
4465.6782	-1
4473.0361	-1
4480.3940	-1
4487.7520	-1
4495.1099	-1
4502.4678	-1
4509.8262	-1
4517.1846	-1
4524.5430	-1
4531.9014	-1
4539.2598	-1
4546.6182	-1
4553.9766	-1
4561.3350	-1
4568.6934	-1
4576.0518	-1
4583.4102	-1
4590.7686	-1
4598.1270	-1
4605.4854	-1
4612.8438	-1
4620.2021	-1
4627.5605	-1
4634.9189	-1
4642.2773	-1
4649.6357	-1
4656.9941	-1
4664.3525	-1
4671.7109	-1
4679.0693	-1
4686.4297	-1
4693.7900	-1
4701.1504	-1
4708.5107	-1
4715.8711	-1
4723.2314	-1
4730.5923	-1
4737.9531	-1
4745.3140	-1
4752.6748	-1
4760.0356	-1
4767.3965	-1
4774.7578	-1
4782.1191	-1
4789.4805	-1
4796.8418	-1
4804.2031	-1
4811.5645	-1
4818.9258	-1
4826.2871	-1
4833.6484	-1
4841.0098	-1
4848.3711	-1
4855.7324	-1
4863.0942	-1
4870.4561	-1
4877.8179	-1
4885.1797	-1
4892.5415	-1
4899.9033	-1
4907.2651	-1
4914.6270	-1
4921.9888	-1
4929.3506	-1
4936.7124	-1
4944.0742	-1
4951.4360	-1
4958.7979	-1
4966.1597	-1
4973.5215	-1
4980.8833	-1
4988.2451	-1
4995.6074	-1
5002.9697	-1
5010.3320	-1
5017.6943	-1
5025.0566	-1
5032.4189	-1
5039.7812	-1
5047.1436	-1
5054.5059	-1
5061.8682	-1
5069.2305	-1
5076.5928	-1
5083.9551	-1
5091.3174	-1
5098.6797	-1
5106.0420	-1
5113.4043	-1
5120.7666	-1
5128.1289	-1
5135.4912	-1
5142.8535	-1
5150.2158	-1
5157.5781	-1
5164.9404	-1
5172.3032	-1
5179.6660	-1
5187.0288	-1
5194.3916	-1
5201.7544	-1
5209.1172	-1
5216.4814	-1
5223.8457	-1
5231.2100	-1
5238.5742	-1
5246.1196	1
5253.6660	-1
5261.2124	-1
5268.7588	-1
5276.3052	-1
5283.8516	-1
5291.3979	-1
5298.9629	1
5306.5303	-1
5314.0981	1
5321.6660	1
5329.2349	-1
5336.8037	-1
5344.3726	-1
5351.9414	-1
5359.5103	-1
5367.0791	-1
5374.6479	-1
5382.2168	-1
5389.7856	-1
5397.3545	-1
5404.9233	-1
5412.4922	-1
5420.0615	1
5427.6309	1
5435.2002	1
5442.7695	1
5450.3398	-1
5457.9102	-1
5465.4805	-1
5473.0508	-1
5480.6211	-1
5488.1914	-1
5495.7617	-1
5503.3320	-1
5510.9023	-1
5518.4727	-1
5526.0430	-1
5533.6133	-1
5541.1846	-1
5548.7559	-1
5556.3271	-1
5563.8984	-1
5571.4697	-1
5579.0410	-1
5586.6123	-1
5594.1836	-1
5601.7549	-1
5609.3262	-1
5616.8975	-1
5624.4688	-1
5632.0400	1
5639.6113	1
5647.1826	1
5654.7539	1
5662.3262	1
5669.8984	1
5677.4707	1
5685.0430	1
5692.6152	-1
5700.1875	-1
5707.7598	-1
5715.3320	-1
5722.9048	-1
5730.4775	-1
5738.0508	1
5745.6240	1
5753.1973	-1
5760.7705	-1
5768.3438	-1
5775.9170	-1
5783.4902	-1
5791.0635	-1
5798.6372	-1
5806.2109	-1
5813.7847	-1
5821.3584	-1
5828.9321	-1
5836.5059	-1
5844.0801	-1
5851.6543	-1
5859.2285	-1
5866.8027	-1
5874.3770	-1
5881.9512	-1
5889.5254	1
5897.0996	1
5904.6743	1
5912.2495	1
5919.8247	1
5927.3999	1
5934.9756	-1
5942.5513	-1
5950.1270	-1
5957.7026	-1
5965.2783	-1
5972.8540	-1
5980.4302	-1
5988.0063	-1
5995.5825	-1
6003.1587	-1
6010.7349	-1
6018.3110	-1
6025.8877	-1
6033.4644	-1
6041.0410	-1
6048.6177	-1
6056.1943	-1
6063.7710	-1
6071.3481	-1
6078.9253	-1
6086.5024	-1
6094.0796	-1
6101.6567	-1
6109.2339	-1
6116.8110	-1
6124.3882	-1
6131.9653	-1
6139.5425	-1
6147.1196	-1
6154.6968	-1
6162.2739	-1
6169.8511	-1
6177.4282	-1
6185.0054	-1
6192.5825	-1
6200.1597	-1
6207.7393	1
6215.3188	1
6222.8984	1
6230.4780	1
6238.0576	1
6245.6372	1
6253.2168	1
6260.7964	1
6268.3760	1
6275.9556	-1
6283.5352	1
6291.1147	-1
6298.6943	-1
6306.2739	-1
6313.8535	-1
6321.4331	-1
6329.0127	1
6336.5928	1
6344.1729	-1
6351.7529	-1
6359.3330	-1
6366.9131	-1
6374.4932	-1
6382.0732	-1
6389.6533	-1
6397.2334	-1
6404.8135	-1
6412.3936	-1
6419.9736	-1
6427.5537	-1
6435.1343	-1
6442.7148	-1
6450.2954	-1
6457.8760	-1
6465.4565	-1
6473.0371	-1
6480.6177	-1
6488.1982	-1
6495.7788	-1
6503.3594	-1
6510.9399	-1
6518.5205	-1
6526.1011	-1
6533.6816	-1
6541.2622	-1
6548.8428	-1
6556.4233	-1
6564.0044	-1
6571.5859	1
6579.1675	1
6586.7490	1
6594.3306	1
6601.9131	1
6609.4956	1
6617.0781	1
6624.6606	1
6632.2432	1
6639.8257	1
6647.4087	1
6654.9937	-1
6662.5786	-1
6670.1636	-1
6677.7485	-1
6685.3335	-1
6692.9185	-1
6700.5039	-1
6708.0894	-1
6715.6748	-1
6723.2603	-1
6730.8457	-1
6738.4312	-1
6746.0166	-1
6753.6021	-1
6761.1875	-1
6768.7729	-1
6776.3584	-1
6783.9438	-1
6791.5293	-1
6799.1147	-1
6806.7002	-1
6814.2856	-1
6821.8711	-1
6829.4565	-1
6837.0425	-1
6844.6284	-1
6852.2144	-1
6859.8003	-1
6867.3862	-1
6874.9722	-1
6882.5581	-1
6890.1440	-1
6897.7300	-1
6905.3159	-1
6912.9019	-1
6920.4878	-1
6928.0742	-1
6935.6606	-1
6943.2471	-1
6950.8335	-1
6958.4199	-1
6966.0063	-1
6973.5962	-1
6981.1860	-1
6988.7759	-1
6996.3657	-1
7003.9556	-1
7011.5454	-1
7019.1353	-1
7026.7251	-1
7034.3149	-1
7041.9048	-1
7049.4946	-1
7057.0845	-1
7064.6748	-1
7072.2651	-1
7079.8555	-1
7087.4458	-1
7095.0361	-1
7102.6265	-1
7110.2168	-1
7117.8071	-1
7125.3975	-1
7132.9878	-1
7140.5781	-1
7148.1685	-1
7155.7588	-1
7163.3491	-1
7170.9395	-1
7178.5298	-1
7186.1201	-1
7193.7104	-1
7201.3013	-1
7208.8921	-1
7216.4829	-1
7224.0737	-1
7231.6646	-1
7239.2554	-1
7246.8462	-1
7254.4370	-1
7262.0278	-1
7269.6187	-1
7277.2095	-1
7284.8003	-1
7292.3911	-1
7299.9819	-1
7307.5728	-1
7315.1636	-1
7322.7544	-1
7330.3452	-1
7337.9365	-1
7345.5278	-1
7353.1191	-1
7360.7104	-1
7368.3018	-1
7375.8931	-1
7383.4844	-1
7391.0757	-1
7398.6670	-1
7406.2583	-1
7413.8496	-1
7421.4409	-1
7429.0322	-1
7436.6235	-1
7444.2148	-1
7451.8062	-1
7459.3975	-1
7466.9888	-1
7474.5801	-1
7482.1714	-1
7489.7627	-1
7497.3540	-1
7504.9453	-1
7512.5366	-1
7520.1284	-1
7527.7202	-1
7535.3120	-1
7542.9038	-1
7550.4956	-1
7558.0874	-1
7565.6792	-1
7573.2710	-1
7580.8628	-1
7588.4546	-1
7596.0464	-1
7603.6382	-1
7611.2300	-1
7618.8218	-1
7626.4136	-1
7634.0054	-1
7641.5972	-1
7649.1890	-1
7656.7812	-1
7664.3735	-1
7671.9658	-1
7679.5581	-1
7687.1675	1
7694.7798	-1
7702.3926	1
7710.0054	1
7717.6201	-1
7725.2349	-1
7732.8496	-1
7740.4644	-1
7748.0791	-1
7755.6938	-1
7763.3086	-1
7770.9233	-1
7778.5537	1
7786.1865	-1
7793.8198	1
7801.4531	1
7809.0874	-1
7816.7217	-1
7824.3560	-1
7831.9902	-1
7839.6245	-1
7847.2588	-1
7854.8931	-1
7862.5273	-1
7870.1616	-1
7877.7959	-1
7885.4302	-1
7893.0645	-1
7900.6992	1
7908.3345	-1
7915.9697	-1
7923.6050	-1
7931.2402	-1
7938.8755	-1
7946.5107	-1
7954.1626	1
7961.8164	-1
7969.4707	1
7977.1255	1
7984.7822	-1
7992.4390	-1
8000.0957	-1
8007.7524	-1
8015.4092	-1
8023.0659	-1
8030.7227	-1
8038.3794	-1
8046.0361	-1
8053.6929	-1
8061.3496	-1
8069.0234	1
8076.6992	-1
8084.3755	1
8092.0518	1
8099.7295	-1
8107.4072	-1
8115.0850	-1
8122.7627	-1
8130.4404	-1
8138.1182	-1
8145.7959	-1
8153.4736	-1
8161.1514	-1
8168.8291	-1
8176.5068	-1
8184.1846	-1
8191.8628	1
8199.5410	1
8207.2197	1
8214.8984	1
8222.5781	-1
8230.2578	-1
8237.9375	-1
8245.6172	-1
8253.2969	-1
8260.9766	-1
8268.6562	-1
8276.3359	-1
8284.0156	-1
8291.6953	-1
8299.3750	-1
8307.0547	-1
8314.7344	-1
8322.4141	-1
8330.0938	-1
8337.7734	-1
8345.4531	-1
8353.1328	-1
8360.8135	1
8368.4941	1
8376.1748	1
8383.8555	1
8391.5361	1
8399.2168	1
8406.8975	-1
8414.5781	-1
8422.2588	-1
8429.9395	-1
8437.6201	-1
8445.3008	-1
8452.9824	1
8460.6641	1
8468.3457	-1
8476.0273	-1
8483.7090	-1
8491.3906	-1
8499.0723	-1
8506.7539	-1
8514.4355	1
8522.1172	1
8529.8008	-1
8537.4844	-1
8545.1680	-1
8552.8516	-1
8560.5352	-1
8568.2188	-1
8575.9023	-1
8583.5859	-1
8591.2695	-1
8598.9531	-1
8606.6367	-1
8614.3203	-1
8622.0049	-1
8629.6895	-1
8637.3740	-1
8645.0586	-1
8652.7432	-1
8660.4277	-1
8668.1123	-1
8675.7969	-1
8683.4814	-1
8691.1660	-1
8698.8506	-1
8706.5352	-1
8714.2197	-1
8721.9043	-1
8729.5889	-1
8737.2734	-1
8744.9580	-1
8752.6426	-1
8760.3271	-1
8768.0117	-1
8775.6963	-1
8783.3809	-1
8791.0654	-1
8798.7500	-1
8806.4346	-1
8814.1191	-1
8821.8037	-1
8829.4883	-1
8837.1729	-1
8844.8574	-1
8852.5420	-1
8860.2266	-1
8867.9111	-1
8875.5957	-1
8883.2803	-1
8890.9648	-1
8898.6504	-1
8906.3359	-1
8914.0215	-1
8921.7070	-1
8929.3926	-1
8937.0781	-1
8944.7637	1
8952.4492	1
8960.1348	1
8967.8203	1
8975.5068	1
8983.1934	1
8990.8799	1
8998.5664	1
9006.2529	1
9013.9395	1
9021.6260	1
9029.3125	1
9036.9990	1
9044.6855	1
9052.3721	1
9060.0586	1
9067.7451	1
9075.4316	1
9083.1191	-1
9090.8066	-1
9098.4941	-1
9106.1816	-1
9113.8691	-1
9121.5566	-1
9129.2441	-1
9136.9316	-1
9144.6191	-1
9152.3066	-1
9159.9941	-1
9167.6826	-1
9175.3711	-1
9183.0596	-1
9190.7480	-1
9198.4365	-1
9206.1250	-1
9213.8135	-1
9221.5039	-1
9229.1943	-1
9236.8848	-1
9244.5752	-1
9252.2656	-1
9259.9561	-1
9267.6475	-1
9275.3389	-1
9283.0303	-1
9290.7217	-1
9298.4131	-1
9306.1045	-1
9313.7959	-1
9321.4873	-1
9329.1787	-1
9336.8701	-1
9344.5615	-1
9352.2529	-1
9359.9443	-1
9367.6357	-1
9375.3271	-1
9383.0186	-1
9390.7100	-1
9398.4014	-1
9406.0928	-1
9413.7842	-1
9421.4756	-1
9429.1670	-1
9436.8584	-1
9444.5498	-1
9452.2412	-1
9459.9326	-1
9467.6240	-1
9475.3154	-1
9483.0068	-1
9490.6982	-1
9498.3896	-1
9506.0811	-1
9513.7725	-1
9521.4639	-1
9529.1553	-1
9536.8467	-1
9544.5381	-1
9552.2295	-1
9559.9209	-1
9567.6123	-1
9575.3037	-1
9582.9951	-1
9590.6875	-1
9598.3799	-1
9606.0723	-1
9613.7646	-1
9621.4570	-1
9629.1494	-1
9636.8418	-1
9644.5342	-1
9652.2266	-1
9659.9189	-1
9667.6113	-1
9675.3037	-1
9682.9961	-1
9690.6885	-1
9698.3809	-1
9706.0732	-1
9713.7656	-1
9721.4580	-1
9729.1514	-1
9736.8447	-1
9744.5381	-1
9752.2314	-1
9759.9248	-1
9767.6182	-1
9775.3125	-1
9783.0068	-1
9790.7012	-1
9798.3955	-1
9806.0898	-1
9813.7842	-1
9821.4785	-1
9829.1729	-1
9836.8672	-1
9844.5615	-1
9852.2559	-1
9859.9502	-1
9867.6445	-1
9875.3389	-1
9883.0488	1
9890.7617	-1
9898.4775	1
9906.1934	1
9913.9111	-1
9921.6289	-1
9929.3467	-1
9937.0801	1
9944.8154	-1
9952.5518	1
9960.2881	1
9968.0254	-1
9975.7627	-1
9983.5000	-1
9991.2373	-1
9998.9746	-1
10006.7275	1
10014.4824	-1
10022.2383	1
10029.9941	1
10037.7510	-1
10045.5078	-1
10053.2646	-1
10061.0215	-1
10068.7783	-1
10076.5352	-1
10084.2930	-1
10092.0508	-1
10099.8086	-1
10107.5664	-1
10115.3242	-1
10123.0820	-1
10130.8398	1
10138.5977	1
10146.3574	-1
10154.1172	-1
10161.8770	-1
10169.6367	-1
10177.3965	-1
10185.1562	-1
10192.9160	-1
10200.6758	-1
10208.4512	1
10216.2285	-1
10224.0068	1
10231.7852	1
10239.5645	-1
10247.3438	-1
10255.1230	-1
10262.9023	-1
10270.6816	-1
10278.4609	-1
10286.2402	-1
10294.0195	-1
10301.7988	-1
10309.5781	-1
10317.3574	-1
10325.1367	-1
10332.9170	1
10340.6973	1
10348.4775	1
10356.2578	1
10364.0391	-1
10371.8203	-1
10379.6016	-1
10387.3828	-1
10395.1641	-1
10402.9453	-1
10410.7266	-1
10418.5078	-1
10426.2891	-1
10434.0703	-1
10441.8516	-1
10449.6328	-1
10457.4141	-1
10465.1953	-1
10472.9766	-1
10480.7578	-1
10488.5391	-1
10496.3203	-1
10504.1016	-1
10511.8828	-1
10519.6641	-1
10527.4453	-1
10535.2266	-1
10543.0078	-1
10550.7900	1
10558.5723	1
10566.3545	1
10574.1367	1
10581.9189	1
10589.7012	1
10597.4834	1
10605.2656	1
10613.0488	-1
10620.8320	-1
10628.6152	-1
10636.3984	-1
10644.1816	-1
10651.9648	-1
10659.7490	1
10667.5332	1
10675.3174	-1
10683.1016	-1
10690.8857	-1
10698.6699	-1
10706.4541	-1
10714.2383	-1
10722.0225	-1
10729.8066	-1
10737.5908	-1
10745.3750	-1
10753.1592	-1
10760.9434	-1
10768.7285	-1
10776.5137	-1
10784.2988	-1
10792.0840	-1
10799.8691	-1
10807.6543	-1
10815.4395	-1
10823.2246	-1
10831.0098	-1
10838.7949	-1
10846.5801	-1
10854.3652	-1
10862.1504	-1
10869.9355	-1
10877.7207	-1
10885.5059	-1
10893.2910	-1
10901.0762	-1
10908.8623	1
10916.6484	1
10924.4346	1
10932.2207	1
10940.0068	1
10947.7930	1
10955.5791	-1
10963.3652	-1
10971.1514	-1
10978.9375	-1
10986.7236	1
10994.5098	-1
11002.2959	-1
11010.0820	1
11017.8691	-1
11025.6562	-1
11033.4434	-1
11041.2305	-1
11049.0176	-1
11056.8047	-1
11064.5918	-1
11072.3789	-1
11080.1660	-1
11087.9531	-1
11095.7402	-1
11103.5273	-1
11111.3145	-1
11119.1025	-1
11126.8906	-1
11134.6787	-1
11142.4668	-1
11150.2549	-1
11158.0430	-1
11165.8311	-1
11173.6191	-1
11181.4072	-1
11189.1953	-1
11196.9834	-1
11204.7715	-1
11212.5596	-1
11220.3477	-1
11228.1357	-1
11235.9238	-1
11243.7119	-1
11251.5010	-1
11259.2900	-1
11267.0791	-1
11274.8682	-1
11282.6572	-1
11290.4463	-1
11298.2354	-1
11306.0244	-1
11313.8135	-1
11321.6025	-1
11329.3916	-1
11337.1807	-1
11344.9707	-1
11352.7607	-1
11360.5508	-1
11368.3408	-1
11376.1309	-1
11383.9209	-1
11391.7109	-1
11399.5010	-1
11407.2910	-1
11415.0811	-1
11422.8711	-1
11430.6611	-1
11438.4512	-1
11446.2412	-1
11454.0312	-1
11461.8213	-1
11469.6113	-1
11477.4014	-1
11485.1914	-1
11492.9814	-1
11500.7715	-1
11508.5781	1
11516.3867	-1
11524.1953	1
11532.0049	1
11539.8154	-1
11547.6260	-1
11555.4365	-1
11563.2471	-1
11571.0576	-1
11578.8682	-1
11586.6787	-1
11594.4893	-1
11602.3154	1
11610.1436	-1
11617.9717	1
11625.8008	1
11633.6309	-1
11641.4609	-1
11649.2910	-1
11657.1211	-1
11664.9512	-1
11672.7812	-1
11680.6113	-1
11688.4570	1
11696.3037	-1
11704.1514	1
11711.9990	1
11719.8477	-1
11727.6963	-1
11735.5449	-1
11743.3936	-1
11751.2432	-1
11759.1064	1
11766.9717	-1
11774.8369	1
11782.7021	1
11790.5684	-1
11798.4346	-1
11806.3008	-1
11814.1670	-1
11822.0332	-1
11829.8994	-1
11837.7656	-1
11845.6318	-1
11853.4980	-1
11861.3643	-1
11869.2305	-1
11877.0967	-1
11884.9639	1
11892.8311	1
11900.6982	1
11908.5654	1
11916.4336	-1
11924.3018	-1
11932.1699	-1
11940.0381	-1
11947.9062	-1
11955.7744	-1
11963.6426	-1
11971.5107	-1
11979.3789	-1
11987.2471	-1
11995.1152	-1
12002.9834	-1
12010.8516	-1
12018.7197	-1
12026.5879	-1
12034.4561	-1
12042.3242	-1
12050.1924	-1
12058.0605	-1
12065.9287	-1
12073.7969	-1
12081.6650	-1
12089.5332	-1
12097.4014	-1
12105.2695	1
12113.1377	1
12121.0059	1
12128.8750	1
12136.7441	1
12144.6133	1
12152.4824	1
12160.3516	1
12168.2207	-1
12176.0898	-1
12183.9590	-1
12191.8291	-1
12199.6992	-1
12207.5693	-1
12215.4395	-1
12223.3096	-1
12231.1797	-1
12239.0498	-1
12246.9199	-1
12254.7900	-1
12262.6611	1
12270.5322	1
12278.4033	1
12286.2744	1
12294.1455	-1
12302.0166	-1
12309.8877	-1
12317.7588	-1
12325.6299	-1
12333.5010	-1
12341.3721	-1
12349.2432	-1
12357.1143	-1
12364.9854	-1
12372.8564	-1
12380.7275	-1
12388.5996	-1
12396.4717	-1
12404.3438	-1
12412.2158	-1
12420.0879	-1
12427.9600	-1
12435.8320	-1
12443.7041	-1
12451.5762	-1
12459.4482	-1
12467.3203	-1
12475.1924	-1
12483.0645	-1
12490.9365	-1
12498.8086	-1
12506.6807	-1
12514.5527	-1
12522.4248	-1
12530.2969	-1
12538.1689	-1
12546.0410	-1
12553.9131	-1
12561.7852	-1
12569.6572	-1
12577.5303	1
12585.4033	1
12593.2764	1
12601.1504	-1
12609.0244	-1
12616.8984	-1
12624.7725	-1
12632.6465	-1
12640.5205	-1
12648.3945	-1
12656.2686	-1
12664.1426	-1
12672.0166	-1
12679.8906	-1
12687.7646	-1
12695.6387	-1
12703.5127	-1
12711.3867	-1
12719.2607	-1
12727.1348	-1
12735.0088	-1
12742.8828	-1
12750.7568	-1
12758.6309	-1
12766.5049	-1
12774.3789	-1
12782.2529	-1
12790.1279	-1
12798.0029	-1
12805.8779	-1
12813.7529	-1
12821.6279	-1
12829.5029	-1
12837.3779	-1
12845.2529	-1
12853.1279	-1
12861.0029	-1
12868.8779	-1
12876.7529	-1
12884.6289	-1
12892.5049	-1
12900.3809	-1
12908.2568	-1
12916.1328	-1
12924.0215	1
12931.9121	-1
12939.8027	1
12947.6943	1
12955.5859	-1
12963.4775	-1
12971.3691	-1
12979.2607	-1
12987.1523	-1
12995.0439	-1
13002.9355	-1
13010.8271	-1
13018.7188	-1
13026.6104	-1
13034.5029	-1
13042.3955	-1
13050.2881	1
13058.1807	1
13066.0732	1
13073.9658	1
13081.8594	-1
13089.7529	-1
13097.6465	-1
13105.5400	-1
13113.4336	-1
13121.3271	-1
13129.2207	-1
13137.1143	-1
13145.0078	-1
13152.9014	-1
13160.7949	-1
13168.6885	-1
13176.5820	-1
13184.4756	-1
13192.3691	-1
13200.2627	-1
13208.1562	-1
13216.0498	-1
13223.9443	-1
13231.8389	-1
13239.7334	-1
13247.6279	-1
13255.5225	-1
13263.4170	-1
13271.3115	1
13279.2061	1
13287.1006	1
13294.9951	1
13302.8896	1
13310.7842	1
13318.6787	1
13326.5732	1
13334.4688	-1
13342.3643	-1
13350.2598	-1
13358.1553	-1
13366.0508	-1
13373.9463	-1
13381.8418	-1
13389.7373	-1
13397.6328	-1
13405.5283	-1
13413.4238	-1
13421.3193	-1
13429.2158	1
13437.1123	1
13445.0088	1
13452.9053	1
13460.8027	-1
13468.7002	-1
13476.5977	-1
13484.4951	-1
13492.3926	-1
13500.2900	-1
13508.1875	-1
13516.0850	-1
13523.9824	-1
13531.8799	-1
13539.7773	-1
13547.6748	-1
13555.5723	-1
13563.4697	-1
13571.3672	-1
13579.2646	-1
13587.1621	-1
13595.0596	-1
13602.9570	-1
13610.8545	-1
13618.7520	-1
13626.6494	-1
13634.5469	-1
13642.4443	-1
13650.3428	-1
13658.2412	-1
13666.1396	-1
13674.0381	-1
13681.9365	-1
13689.8350	-1
13697.7334	1
13705.6318	-1
13713.5303	-1
13721.4287	1
13729.3271	-1
13737.2256	-1
13745.1240	-1
13753.0225	-1
13760.9209	-1
13768.8193	-1
13776.7178	-1
13784.6162	-1
13792.5146	-1
13800.4131	-1
13808.3115	1
13816.2109	1
13824.1104	1
13832.0098	-1
13839.9092	-1
13847.8086	-1
13855.7080	-1
13863.6074	-1
13871.5068	-1
13879.4072	-1
13887.3076	-1
13895.2080	-1
13903.1084	-1
13911.0088	-1
13918.9092	-1
13926.8096	-1
13934.7100	-1
13942.6104	-1
13950.5107	-1
13958.4111	-1
13966.3115	-1
13974.2129	-1
13982.1143	-1
13990.0156	-1
13997.9170	-1
14005.8184	-1
14013.7197	-1
14021.6211	-1
14029.5225	-1
14037.4238	-1
14045.3252	-1
14053.2266	-1
14061.1279	-1
14069.0293	-1
14076.9307	-1
14084.8320	-1
14092.7334	-1
14100.6348	-1
14108.5361	-1
14116.4375	-1
14124.3389	-1
14132.2402	-1
14140.1416	-1
14148.0430	-1
14155.9443	-1
14163.8457	-1
14171.7471	-1
14179.6484	-1
14187.5498	-1
14195.4648	1
14203.3818	-1
14211.2988	1
14219.2158	1
14227.1348	-1
14235.0537	-1
14242.9727	-1
14250.8916	-1
14258.8105	-1
14266.7295	-1
14274.6484	-1
14282.5674	-1
14290.4863	-1
14298.4053	-1
14306.3242	-1
14314.2432	-1
14322.1621	1
14330.0811	1
14338.0000	1
14345.9189	1
14353.8398	-1
14361.7607	-1
14369.6816	-1
14377.6025	-1
14385.5234	-1
14393.4443	-1
14401.3652	1
14409.2871	1
14417.2090	-1
14425.1309	-1
14433.0527	-1
14440.9746	-1
14448.8965	-1
14456.8184	-1
14464.7402	-1
14472.6621	-1
14480.5840	-1
14488.5059	-1
14496.4277	-1
14504.3496	-1
14512.2715	-1
14520.1934	-1
14528.1152	-1
14536.0371	-1
14543.9590	-1
14551.8809	-1
14559.8027	1
14567.7246	1
14575.6475	1
14583.5703	1
14591.4932	1
14599.4160	1
14607.3408	-1
14615.2656	-1
14623.1904	-1
14631.1152	-1
14639.0400	-1
14646.9648	-1
14654.8896	-1
14662.8145	-1
14670.7393	-1
14678.6641	-1
14686.5889	-1
14694.5137	-1
14702.4385	-1
14710.3633	-1
14718.2881	-1
14726.2129	-1
14734.1377	-1
14742.0625	-1
14749.9873	-1
14757.9121	-1
14765.8369	-1
14773.7617	-1
14781.6865	-1
14789.6113	-1
14797.5371	-1
14805.4629	-1
14813.3887	-1
14821.3145	-1
14829.2402	-1
14837.1660	-1
14845.0918	1
14853.0176	1
14860.9443	1
14868.8711	1
14876.7979	1
14884.7246	1
14892.6514	-1
14900.5781	-1
14908.5049	-1
14916.4316	-1
14924.3584	-1
14932.2852	-1
14940.2119	1
14948.1387	1
14956.0654	1
14963.9922	-1
14971.9189	-1
14979.8457	-1
14987.7725	-1
14995.6992	-1
15003.6260	-1
15011.5527	1
15019.4805	-1
15027.4082	-1
15035.3359	-1
15043.2637	-1
15051.1914	-1
15059.1191	-1
15067.0469	1
15074.9746	1
15082.9023	1
15090.8301	1
15098.7588	1
15106.6875	1
15114.6191	-1
15122.5508	-1
15130.4824	-1
15138.4141	-1
15146.3457	-1
15154.2773	-1
15162.2090	-1
15170.1406	-1
15178.0732	-1
15186.0059	-1
15193.9385	-1
15201.8711	-1
15209.8037	-1
15217.7363	-1
15225.6689	-1
15233.6016	-1
15241.5342	-1
15249.4668	-1
15257.3994	-1
15265.3320	-1
15273.2646	-1
15281.1973	-1
15289.1299	-1
15297.0625	-1
15304.9951	-1
15312.9277	-1
15320.8604	-1
15328.7930	-1
15336.7256	-1
15344.6582	-1
15352.5908	-1
15360.5234	-1
15368.4561	-1
15376.3887	-1
15384.3213	-1
15392.2539	-1
15400.1865	-1
15408.1191	-1
15416.0518	-1
15423.9844	-1
15431.9170	-1
15439.8496	-1
15447.7822	-1
15455.7148	-1
15463.6475	-1
15471.5801	-1
15479.5127	-1
15487.4453	-1
15495.3779	-1
15503.3105	-1
15511.2432	-1
15519.1758	-1
15527.1084	-1
15535.0410	-1
15542.9746	-1
15550.9082	-1
15558.8418	-1
15566.7754	-1
15574.7090	-1
15582.6426	-1
15590.5781	-1
15598.5137	1
15606.4492	-1
15614.3848	-1
15622.3203	-1
15630.2559	-1
15638.1914	-1
15646.1270	1
15654.0625	1
15661.9980	1
15669.9336	1
15677.8691	1
15685.8047	1
15693.7402	1
15701.6758	1
15709.6113	1
15717.5469	1
15725.4824	1
15733.4180	1
15741.3535	1
15749.2891	1
15757.2246	1
15765.1602	1
15773.0957	1
15781.0312	1
15788.9668	1
15796.9033	1
15804.8398	1
15812.7783	-1
15820.7168	-1
15828.6553	-1
15836.5938	-1
15844.5322	-1
15852.4707	-1
15860.4092	-1
15868.3477	-1
15876.2861	-1
15884.2246	-1
15892.1631	-1
15900.1016	-1
15908.0410	-1
15915.9805	-1
15923.9199	-1
15931.8594	-1
15939.7988	-1
15947.7383	-1
15955.6777	-1
15963.6172	-1
15971.5566	-1
15979.4961	-1
15987.4355	-1
15995.3750	-1
16003.3145	-1
16011.2539	-1
16019.1934	-1
16027.1328	-1
16035.0723	-1
16043.0117	-1
16050.9521	1
16058.8926	1
16066.8330	1
16074.7734	1
16082.7139	1
16090.6543	1
16098.5947	1
16106.5352	1
16114.4756	1
16122.4170	1
16130.3584	-1
16138.2998	-1
16146.2412	-1
16154.1826	-1
16162.1240	-1
16170.0654	-1
16178.0078	1
16185.9502	1
16193.8936	-1
16201.8369	-1
16209.7803	-1
16217.7236	-1
16225.6670	-1
16233.6104	-1
16241.5557	-1
16249.5010	-1
16257.4463	-1
16265.3916	-1
16273.3369	-1
16281.2822	-1
16289.2275	-1
16297.1729	-1
16305.1182	-1
16313.0635	-1
16321.0088	-1
16328.9541	-1
16336.8994	-1
16344.8447	-1
16352.7900	-1
16360.7354	-1
16368.6807	-1
16376.6260	-1
16384.5723	1
16392.5176	1
16400.4648	1
16408.4121	1
16416.3594	1
16424.3066	1
16432.2539	1
16440.2012	1
16448.1484	-1
16456.0957	-1
16464.0430	-1
16471.9902	-1
16479.9375	-1
16487.8848	-1
16495.8320	-1
16503.7793	-1
16511.7266	-1
16519.6738	-1
16527.6211	-1
16535.5684	-1
16543.5156	-1
16551.4629	-1
16559.4102	-1
16567.3574	-1
16575.3047	-1
16583.2520	-1
16591.1992	-1
16599.1465	-1
16607.0938	-1
16615.0410	-1
16622.9883	-1
16630.9355	-1
16638.8828	-1
16646.8320	-1
16654.7812	-1
16662.7305	-1
16670.6797	-1
16678.6289	-1
16686.5781	-1
16694.5273	-1
16702.4766	-1
16710.4258	-1
16718.3750	-1
16726.3242	-1
16734.2734	-1
16742.2227	-1
16750.1719	-1
16758.1211	-1
16766.0703	-1
16774.0195	-1
16781.9688	-1
16789.9180	-1
16797.8672	-1
16805.8164	-1
16813.7656	-1
16821.7148	-1
16829.6641	-1
16837.6133	-1
16845.5625	-1
16853.5117	-1
16861.4609	-1
16869.4102	-1
16877.3594	-1
16885.3086	-1
16893.2578	-1
16901.2070	-1
16909.1562	-1
16917.1055	-1
16925.0547	1
16933.0039	1
16940.9531	1
16948.9043	1
16956.8555	1
16964.8066	1
16972.7578	1
16980.7090	1
16988.6602	1
16996.6113	1
17004.5625	1
17012.5137	1
17020.4648	1
17028.4160	-1
17036.3672	1
17044.3184	-1
17052.2695	-1
17060.2207	-1
17068.1719	-1
17076.1230	-1
17084.0742	1
17092.0254	1
17099.9766	1
17107.9277	-1
17115.8789	-1
17123.8301	-1
17131.7812	-1
17139.7324	-1
17147.6836	-1
17155.6348	1
17163.5879	-1
17171.5410	-1
17179.4941	-1
17187.4473	-1
17195.4004	-1
17203.3535	-1
17211.3066	-1
17219.2598	-1
17227.2129	-1
17235.1660	-1
17243.1191	-1
17251.0723	-1
17259.0254	-1
17266.9785	-1
17274.9316	-1
17282.8848	-1
17290.8379	-1
17298.7910	-1
17306.7480	1
17314.7051	1
17322.6641	-1
17330.6230	-1
17338.5820	-1
17346.5410	-1
17354.5000	-1
17362.4590	-1
17370.4180	-1
17378.3770	-1
17386.3359	-1
17394.2949	-1
17402.2539	-1
17410.2129	-1
17418.1719	-1
17426.1309	-1
17434.0898	-1
17442.0488	-1
17450.0078	-1
17457.9668	-1
17465.9258	-1
17473.8848	-1
17481.8438	-1
17489.8027	-1
17497.7617	-1
17505.7207	-1
17513.6797	-1
17521.6387	-1
17529.5977	-1
17537.5566	-1
17545.5156	-1
17553.4746	-1
17561.4336	-1
17569.3926	-1
17577.3516	-1
17585.3105	-1
17593.2695	-1
17601.2285	-1
17609.1875	-1
17617.1465	-1
17625.1055	-1
17633.0645	-1
17641.0234	-1
17648.9824	-1
17656.9414	-1
17664.9004	-1
17672.8594	-1
17680.8184	-1
17688.7773	-1
17696.7363	-1
17704.6953	-1
17712.6543	-1
17720.6133	-1
17728.5723	-1
17736.5312	-1
17744.4902	-1
17752.4512	1
17760.4121	1
17768.3730	1
17776.3340	1
17784.2949	1
17792.2559	1
17800.2168	1
17808.1777	1
17816.1387	1
17824.0996	1
17832.0605	-1
17840.0215	-1
17847.9824	-1
17855.9434	-1
17863.9043	-1
17871.8652	-1
17879.8262	-1
17887.7871	-1
17895.7480	-1
17903.7090	-1
17911.6699	-1
17919.6309	-1
17927.5938	-1
17935.5566	-1
17943.5195	-1
17951.4824	-1
17959.4453	-1
17967.4082	-1
17975.3711	-1
17983.3340	-1
17991.2969	-1
17999.2598	-1
18007.2227	-1
18015.1855	-1
18023.1484	-1
18031.1113	-1
18039.0742	-1
18047.0371	-1
18055.0000	-1
18062.9629	-1
18070.9258	-1
18078.8887	-1
18086.8516	-1
18094.8145	-1
18102.7773	-1
18110.7402	-1
18118.7031	-1
18126.6660	-1
18134.6289	-1
18142.5918	-1
18150.5547	-1
18158.5176	-1
18166.4824	-1
18174.4473	-1
18182.4121	-1
18190.3770	-1
18198.3418	-1
18206.3066	-1
18214.2715	-1
18222.2363	-1
18230.2012	-1
18238.1660	-1
18246.1309	-1
18254.0957	-1
18262.0605	1
18270.0254	1
18277.9902	1
18285.9551	1
18293.9199	1
18301.8848	1
18309.8496	1
18317.8145	1
18325.7793	1
18333.7461	-1
18341.7129	-1
18349.6797	-1
18357.6465	-1
18365.6133	-1
18373.5801	-1
18381.5469	-1
18389.5137	-1
18397.4805	-1
18405.4473	-1
18413.4141	-1
18421.3809	-1
18429.3477	-1
18437.3145	-1
18445.2812	-1
18453.2480	-1
18461.2148	-1
18469.1816	-1
18477.1504	-1
18485.1191	-1
18493.0879	-1
18501.0566	-1
18509.0254	-1
18516.9941	-1
18524.9629	-1
18532.9316	-1
18540.9004	-1
18548.8691	-1
18556.8379	-1
18564.8066	-1
18572.7754	-1
18580.7441	-1
18588.7129	-1
18596.6816	-1
18604.6504	-1
18612.6191	-1
18620.5898	-1
18628.5605	-1
18636.5312	-1
18644.5020	-1
18652.4727	-1
18660.4434	-1
18668.4141	-1
18676.3848	-1
18684.3555	-1
18692.3262	-1
18700.2969	-1
18708.2676	-1
18716.2383	-1
18724.2090	-1
18732.1797	-1
18740.1504	-1
18748.1211	-1
18756.0918	-1
18764.0625	-1
18772.0332	-1
18780.0039	-1
18787.9746	-1
18795.9453	-1
18803.9160	-1
18811.8867	-1
18819.8574	-1
18827.8281	-1
18835.7988	-1
18843.7695	-1
18851.7402	-1
18859.7129	-1
18867.6855	-1
18875.6582	-1
18883.6309	-1
18891.6035	-1
18899.5762	-1
18907.5488	-1
18915.5215	-1
18923.4941	-1
18931.4668	-1
18939.4395	-1
18947.4121	-1
18955.3848	-1
18963.3574	-1
18971.3301	-1
18979.3027	-1
18987.2754	-1
18995.2480	-1
19003.2207	-1
19011.1934	-1
19019.1660	-1
19027.1387	-1
19035.1113	-1
19043.0840	-1
19051.0566	-1
19059.0293	-1
19067.0020	-1
19074.9746	-1
19082.9473	-1
19090.9199	-1
19098.8926	-1
19106.8652	-1
19114.8379	-1
19122.8105	-1
19130.7832	-1
19138.7559	-1
19146.7285	-1
19154.7012	-1
19162.6738	-1
19170.6465	-1
19178.6191	-1
19186.5918	-1
19194.5645	-1
19202.5371	-1
19210.5098	-1
19218.4824	-1
19226.4551	-1
19234.4277	-1
19242.4004	-1
19250.3730	-1
19258.3457	-1
19266.3184	-1
19274.2910	-1
19282.2637	-1
19290.2383	-1
19298.2129	-1
19306.1875	-1
19314.1621	-1
19322.1367	-1
19330.1113	-1
19338.0859	-1
19346.0605	-1
19354.0352	-1
19362.0098	-1
19369.9844	-1
19377.9590	-1
19385.9336	-1
19393.9082	-1
19401.8828	-1
19409.8574	-1
19417.8320	-1
19425.8066	-1
19433.7812	-1
19441.7559	-1
19449.7305	-1
19457.7051	-1
19465.6797	-1
19473.6543	-1
19481.6309	-1
19489.6074	-1
19497.5840	-1
19505.5605	-1
19513.5371	-1
19521.5137	-1
19529.4922	-1
19537.4707	-1
19545.4492	-1
19553.4277	-1
19561.4062	-1
19569.3848	-1
19577.3633	-1
19585.3418	-1
19593.3203	-1
19601.2988	-1
19609.2773	-1
19617.2559	-1
19625.2344	-1
19633.2129	-1
19641.1914	-1
19649.1699	-1
19657.1484	-1
19665.1270	-1
19673.1055	-1
19681.0840	-1
19689.0625	-1
19697.0410	-1
19705.0195	-1
19712.9980	-1
19720.9766	-1
19728.9551	-1
19736.9336	-1
19744.9121	-1
19752.8906	-1
19760.8691	-1
19768.8477	-1
19776.8262	-1
19784.8047	-1
19792.7832	-1
19800.7617	-1
19808.7402	-1
19816.7188	-1
19824.6973	-1
19832.6758	-1
19840.6543	-1
19848.6328	-1
19856.6113	-1
19864.5898	-1
19872.5684	-1
19880.5469	-1
19888.5254	-1
19896.5039	-1
19904.4824	-1
19912.4609	-1
19920.4395	-1
19928.4180	-1
19936.3965	-1
19944.3750	-1
19952.3535	-1
19960.3320	-1
19968.3105	-1
19976.2891	-1
19984.4414	1
19992.5938	1
20000.7461	1
20008.8984	1
20017.0508	1
20025.2031	1
20033.3555	1
20041.5078	1
20049.6621	-1
20057.8164	-1
20065.9707	-1
20074.1250	-1
20082.2793	-1
20090.4336	-1
20098.5879	-1
20106.7422	-1
20114.8965	-1
20123.0508	-1
20131.2051	-1
20139.3594	-1
20147.5137	-1
20155.6680	-1
20163.8223	-1
20171.9766	-1
20180.1309	-1
20188.2852	-1
20196.4395	-1
20204.5938	-1
20212.7480	-1
20220.9023	-1
20229.0566	-1
20237.2109	-1
20245.3672	-1
20253.5234	-1
20261.6797	-1
20269.8359	-1
20277.9922	-1
20286.1484	-1
20294.3047	-1
20302.4609	-1
20310.6172	-1
20318.7734	-1
20326.9297	-1
20335.0859	-1
20343.2422	-1
20351.3984	-1
20359.5547	-1
20367.7109	-1
20375.8672	-1
20384.0234	-1
20392.1797	-1
20400.3359	-1
20408.4922	-1
20416.6484	-1
20424.8047	-1
20432.9609	-1
20441.1328	1
20449.3047	-1
20457.4785	1
20465.6523	1
20473.8262	-1
20482.0000	-1
20490.1738	-1
20498.3477	-1
20506.5215	-1
20514.6953	-1
20522.8691	-1
20531.0430	-1
20539.2168	-1
20547.3906	-1
20555.5645	-1
20563.7383	-1
20571.9121	1
20580.0859	1
20588.2598	1
20596.4336	1
20604.6094	-1
20612.7852	-1
20620.9609	-1
20629.1367	-1
20637.3125	-1
20645.4883	-1
20653.6641	-1
20661.8398	-1
20670.0156	-1
20678.1914	-1
20686.3672	-1
20694.5430	-1
20702.7188	1
20710.8945	1
20719.0703	1
20727.2461	1
20735.4219	-1
20743.5977	-1
20751.7734	-1
20759.9492	-1
20768.1250	-1
20776.3008	-1
20784.4785	1
20792.6562	1
20800.8340	-1
20809.0117	-1
20817.1895	-1
20825.3672	-1
20833.5449	-1
20841.7227	-1
20849.9004	-1
20858.0781	-1
20866.2559	-1
20874.4336	-1
20882.6113	-1
20890.7891	-1
20898.9668	1
20907.1445	1
20915.3223	1
20923.5000	1
20931.6797	-1
20939.8594	-1
20948.0391	-1
20956.2188	-1
20964.3984	-1
20972.5781	-1
20980.7578	-1
20988.9375	-1
20997.1172	-1
21005.2969	-1
21013.4766	-1
21021.6562	-1
21029.8359	-1
21038.0156	-1
21046.1953	-1
21054.3750	-1
21062.5547	-1
21070.7344	-1
21078.9141	-1
21087.0938	-1
21095.2734	-1
21103.4531	-1
21111.6328	-1
21119.8125	-1
21127.9941	-1
21136.1758	-1
21144.3574	-1
21152.5391	-1
21160.7207	-1
21168.9023	-1
21177.0840	-1
21185.2656	-1
21193.4473	-1
21201.6289	-1
21209.8105	-1
21217.9922	-1
21226.1738	1
21234.3555	1
21242.5371	-1
21250.7188	1
21258.9004	-1
21267.0820	-1
21275.2637	-1
21283.4453	-1
21291.6270	-1
21299.8086	1
21307.9902	1
21316.1719	1
21324.3535	-1
21332.5352	-1
21340.7168	-1
21348.8984	-1
21357.0801	-1
21365.2617	-1
21373.4434	1
21381.6250	1
21389.8066	-1
21397.9883	-1
21406.1699	-1
21414.3516	-1
21422.5332	-1
21430.7148	-1
21438.8965	1
21447.0781	1
21455.2617	1
21463.4453	1
21471.6289	1
21479.8125	1
21487.9961	1
21496.1797	1
21504.3633	1
21512.5469	1
21520.7305	-1
21528.9141	-1
21537.0977	-1
21545.2812	-1
21553.4648	-1
21561.6484	-1
21569.8320	-1
21578.0156	-1
21586.1992	-1
21594.3828	-1
21602.5664	-1
21610.7500	-1
21618.9355	-1
21627.1211	-1
21635.3066	-1
21643.4922	-1
21651.6777	-1
21659.8633	-1
21668.0488	-1
21676.2344	-1
21684.4199	-1
21692.6055	-1
21700.7910	-1
21708.9766	-1
21717.1621	1
21725.3477	1
21733.5332	1
21741.7188	1
21749.9043	1
21758.0898	1
21766.2754	1
21774.4609	1
21782.6465	-1
21790.8320	-1
21799.0176	-1
21807.2031	-1
21815.3887	-1
21823.5742	-1
21831.7617	-1
21839.9492	-1
21848.1367	-1
21856.3242	-1
21864.5117	-1
21872.6992	-1
21880.8867	-1
21889.0742	-1
21897.2617	-1
21905.4492	-1
21913.6367	-1
21921.8242	-1
21930.0117	-1
21938.1992	-1
21946.3867	-1
21954.5742	-1
21962.7617	-1
21970.9492	-1
21979.1367	-1
21987.3242	-1
21995.5117	-1
22003.6992	-1
22011.8867	-1
22020.0742	-1
22028.2617	-1
22036.4492	-1
22044.6367	-1
22052.8242	-1
22061.0117	-1
22069.1992	-1
22077.3867	-1
22085.5742	-1
22093.7617	-1
22101.9492	-1
22110.1367	-1
22118.3242	-1
22126.5117	1
22134.7012	-1
22142.8906	-1
22151.0801	-1
22159.2695	-1
22167.4590	-1
22175.6484	-1
22183.8379	-1
22192.0273	-1
22200.2168	-1
22208.4062	-1
22216.5957	-1
22224.7852	-1
22232.9746	-1
22241.1641	-1
22249.3535	-1
22257.5430	-1
22265.7324	-1
22273.9219	-1
22282.1113	1
22290.3008	1
22298.4902	1
22306.6797	1
22314.8691	1
22323.0586	1
22331.2480	1
22339.4375	1
22347.6270	1
22355.8164	1
22364.0059	1
22372.1953	1
22380.3867	1
22388.5781	1
22396.7695	1
22404.9609	-1
22413.1523	-1
22421.3438	-1
22429.5352	-1
22437.7266	-1
22445.9180	-1
22454.1094	-1
22462.3008	-1
22470.4922	-1
22478.6836	-1
22486.8750	-1
22495.0664	-1
22503.2578	-1
22511.4492	-1
22519.6406	-1
22527.8320	-1
22536.0234	-1
22544.2148	-1
22552.4062	-1
22560.5977	-1
22568.7891	-1
22576.9805	-1
22585.1719	-1
22593.3633	-1
22601.5547	-1
22609.7461	-1
22617.9375	-1
22626.1289	-1
22634.3203	-1
22642.5117	-1
22650.7031	-1
22658.8945	-1
22667.0859	-1
22675.2773	-1
22683.4688	-1
22691.6602	-1
22699.8516	-1
22708.0430	-1
22716.2344	-1
22724.4258	-1
22732.6172	-1
22740.8086	-1
22749.0000	-1
22757.1914	-1
22765.3828	-1
22773.5742	-1
22781.7656	-1
22789.9570	-1
22798.1484	-1
22806.3398	-1
22814.5312	-1
22822.7227	-1
22830.9141	-1
22839.1055	-1
22847.2988	-1
22855.4922	-1
22863.6855	-1
22871.8789	-1
22880.0723	-1
22888.2656	-1
22896.4590	-1
22904.6523	-1
22912.8457	-1
22921.0391	-1
22929.2324	-1
22937.4258	-1
22945.6211	1
22953.8164	1
22962.0117	1
22970.2070	1
22978.4023	-1
22986.5977	-1
22994.7930	-1
23002.9883	-1
23011.1836	-1
23019.3789	-1
23027.5742	-1
23035.7695	-1
23043.9648	-1
23052.1602	-1
23060.3555	-1
23068.5508	-1
23076.7461	-1
23084.9414	-1
23093.1367	-1
23101.3320	-1
23109.5273	-1
23117.7227	-1
23125.9199	-1
23134.1172	-1
23142.3145	-1
23150.5117	-1
23158.7090	-1
23166.9062	-1
23175.1035	-1
23183.3008	-1
23191.4980	-1
23199.6953	-1
23207.8926	-1
23216.0898	-1
23224.2871	-1
23232.4844	-1
23240.6816	-1
23248.8789	-1
23257.0762	-1
23265.2734	-1
23273.4707	-1
23281.6680	-1
23289.8652	-1
23298.0625	-1
23306.2598	-1
23314.4570	-1
23322.6543	-1
23330.8516	-1
23339.0488	-1
23347.2461	-1
23355.4434	-1
23363.6406	-1
23371.8379	-1
23380.0352	-1
23388.2324	-1
23396.4297	-1
23404.6270	-1
23412.8242	-1
23421.0215	-1
23429.2188	-1
23437.4160	-1
23445.6133	-1
23453.8105	-1
23462.0078	-1
23470.2070	-1
23478.4062	-1
23486.6055	-1
23494.8047	-1
23503.0039	-1
23511.2031	-1
23519.4023	-1
23527.6016	-1
23535.8008	-1
23544.0000	-1
23552.1992	-1
23560.3984	-1
23568.5977	-1
23576.7969	-1
23584.9961	-1
23593.1953	-1
23601.3945	-1
23609.5938	-1
23617.7930	-1
23625.9922	-1
23634.1914	-1
23642.3906	-1
23650.5898	-1
23658.7891	-1
23666.9883	-1
23675.1875	-1
23683.3867	-1
23691.5859	-1
23699.7852	-1
23707.9844	-1
23716.1836	-1
23724.3828	-1
23732.5820	-1
23740.7812	-1
23748.9805	-1
23757.1797	-1
23765.3789	-1
23773.5781	-1
23781.7773	-1
23789.9766	-1
23798.1758	-1
23806.3750	-1
23814.5762	-1
23822.7773	-1
23830.9785	-1
23839.1797	-1
23847.3809	-1
23855.5820	-1
23863.7832	-1
23871.9844	-1
23880.1855	-1
23888.3867	-1
23896.5879	-1
23904.7891	-1
23912.9902	-1
23921.1914	-1
23929.3926	-1
23937.5938	-1
23945.7949	-1
23953.9961	-1
23962.1973	-1
23970.3984	-1
23978.5996	-1
23986.8145	1
23995.0293	-1
24003.2461	1
24011.4629	1
24019.6797	-1
24027.8965	-1
24036.1133	-1
24044.3301	-1
24052.5469	-1
24060.7637	-1
24068.9805	-1
24077.1973	-1
24085.4141	-1
24093.6309	-1
24101.8477	-1
24110.0645	-1
24118.2812	1
24126.4980	1
24134.7148	1
24142.9316	1
24151.1504	-1
24159.3691	-1
24167.5879	-1
24175.8066	-1
24184.0254	-1
24192.2441	-1
24200.4629	-1
24208.6816	-1
24216.9004	-1
24225.1191	-1
24233.3379	-1
24241.5566	-1
24249.7754	-1
24257.9941	-1
24266.2129	-1
24274.4316	-1
24282.6504	-1
24290.8691	-1
24299.0879	-1
24307.3066	-1
24315.5254	-1
24323.7441	-1
24331.9629	-1
24340.1816	-1
24348.4004	1
24356.6191	1
24364.8379	1
24373.0566	1
24381.2754	1
24389.4941	1
24397.7129	1
24405.9316	1
24414.1523	-1
24422.3730	-1
24430.5938	-1
24438.8145	-1
24447.0352	-1
24455.2559	-1
24463.4766	-1
24471.6973	-1
24479.9180	-1
24488.1387	-1
24496.3594	-1
24504.5801	-1
24512.8008	-1
24521.0215	-1
24529.2422	-1
24537.4629	-1
24545.6836	-1
24553.9043	-1
24562.1250	1
24570.3457	1
24578.5664	1
24586.7871	1
24595.0098	1
24603.2324	-1
24611.4551	-1
24619.6777	-1
24627.9004	-1
24636.1230	-1
24644.3457	-1
24652.5684	-1
24660.7910	-1
24669.0137	-1
24677.2363	-1
24685.4590	-1
24693.6816	-1
24701.9043	1
24710.1270	-1
24718.3496	-1
24726.5723	-1
24734.7949	-1
24743.0176	-1
24751.2402	-1
24759.4629	-1
24767.6855	-1
24775.9082	-1
24784.1309	-1
24792.3535	-1
24800.5762	-1
24808.8008	1
24817.0254	1
24825.2500	1
24833.4746	1
24841.6992	1
24849.9238	1
24858.1484	1
24866.3730	1
24874.5977	-1
24882.8223	-1
24891.0469	-1
24899.2715	-1
24907.4961	-1
24915.7207	-1
24923.9453	-1
24932.1699	-1
24940.3945	-1
24948.6191	-1
24956.8438	-1
24965.0684	-1
24973.2930	-1
24981.5176	-1
24989.7422	-1
24997.9668	-1
25006.1914	-1
25014.4160	-1
25022.6406	-1
25030.8652	-1
25039.0898	-1
25047.3145	-1
25055.5391	-1
25063.7637	-1
25071.9883	-1
25080.2129	-1
25088.4375	-1
25096.6621	-1
25104.8867	-1
25113.1113	-1
25121.3359	-1
25129.5605	-1
25137.7852	-1
25146.0098	-1
25154.2344	-1
25162.4590	-1
25170.6836	-1
25178.9082	-1
25187.1328	-1
25195.3594	-1
25203.5859	-1
25211.8125	-1
25220.0391	-1
25228.2656	-1
25236.4922	-1
25244.7188	-1
25252.9453	-1
25261.1719	-1
25269.3984	-1
25277.6250	-1
25285.8516	-1
25294.0781	-1
25302.3047	-1
25310.5312	-1
25318.7578	-1
25326.9844	-1
25335.2109	-1
25343.4375	-1
25351.6641	-1
25359.8906	-1
25368.1191	-1
25376.3477	-1
25384.5762	-1
25392.8047	-1
25401.0332	-1
25409.2617	-1
25417.4902	-1
25425.7188	-1
25433.9473	-1
25442.1758	-1
25450.4043	-1
25458.6328	-1
25466.8613	-1
25475.0898	-1
25483.3184	-1
25491.5469	-1
25499.7754	-1
25508.0039	-1
25516.2324	-1
25524.4609	-1
25532.6895	-1
25540.9180	-1
25549.1465	-1
25557.3750	-1
25565.6035	-1
25573.8320	-1
25582.0605	-1
25590.2891	-1
25598.5176	-1
25606.7461	-1
25614.9746	1
25623.2031	1
25631.4316	1
25639.6602	1
25647.8887	1
25656.1172	1
25664.3457	1
25672.5742	1
25680.8027	1
25689.0312	1
25697.2617	1
25705.4922	1
25713.7227	1
25721.9531	1
25730.1836	1
25738.4141	1
25746.6445	1
25754.8750	1
25763.1055	1
25771.3359	1
25779.5664	1
25787.7969	1
25796.0273	1
25804.2578	1
25812.4883	1
25820.7188	1
25828.9492	1
25837.1797	1
25845.4121	-1
25853.6445	-1
25861.8770	-1
25870.1094	-1
25878.3418	-1
25886.5742	-1
25894.8066	-1
25903.0391	-1
25911.2715	-1
25919.5039	-1
25927.7363	-1
25935.9688	-1
25944.2031	-1
25952.4375	-1
25960.6719	-1
25968.9062	-1
25977.1406	-1
25985.3750	-1
25993.6094	-1
26001.8438	-1
26010.0781	-1
26018.3125	-1
26026.5469	-1
26034.7812	-1
26043.0156	-1
26051.2500	-1
26059.4844	-1
26067.7188	-1
26075.9531	-1
26084.1875	-1
26092.4219	-1
26100.6562	-1
26108.8906	-1
26117.1250	-1
26125.3594	-1
26133.5938	-1
26141.8281	-1
26150.0625	-1
26158.2969	-1
26166.5312	-1
26174.7656	-1
26183.0000	-1
26191.2363	-1
26199.4727	-1
26207.7090	-1
26215.9453	-1
26224.1816	-1
26232.4180	-1
26240.6543	-1
26248.8906	-1
26257.1270	-1
26265.3633	-1
26273.5996	-1
26281.8359	-1
26290.0742	-1
26298.3125	-1
26306.5508	-1
26314.7891	-1
26323.0273	-1
26331.2656	-1
26339.5039	-1
26347.7422	-1
26355.9805	-1
26364.2188	-1
26372.4570	-1
26380.6953	-1
26388.9336	-1
26397.1719	-1
26405.4102	-1
26413.6484	-1
26421.8867	-1
26430.1250	-1
26438.3633	-1
26446.6016	-1
26454.8398	-1
26463.0781	-1
26471.3164	-1
26479.5547	-1
26487.7930	-1
26496.0312	-1
26504.2695	-1
26512.5078	-1
26520.7461	-1
26528.9844	-1
26537.2227	-1
26545.4609	-1
26553.6992	-1
26561.9375	-1
26570.1758	-1
26578.4141	-1
26586.6523	-1
26594.8906	-1
26603.1289	-1
26611.3672	-1
26619.6055	-1
26627.8438	-1
26636.0820	-1
26644.3203	-1
26652.5586	-1
26660.7969	-1
26669.0352	-1
26677.2734	-1
26685.5117	-1
26693.7500	-1
26701.9883	-1
26710.2266	-1
26718.4648	-1
26726.7031	-1
26734.9414	-1
26743.1797	-1
26751.4180	-1
26759.6562	-1
26767.8945	-1
26776.1328	-1
26784.3711	-1
26792.6094	-1
26800.8477	-1
26809.0859	-1
26817.3242	-1
26825.5625	-1
26833.8027	-1
26842.0430	-1
26850.2832	-1
26858.5234	-1
26866.7637	-1
26875.0039	-1
26883.2441	-1
26891.4844	-1
26899.7246	-1
26907.9648	-1
26916.2051	-1
26924.4453	-1
26932.6855	-1
26940.9258	-1
26949.1660	-1
26957.4062	-1
26965.6465	-1
26973.8867	-1
26982.1270	-1
26990.3672	-1
26998.6074	-1
27006.8477	-1
27015.0879	-1
27023.3281	-1
27031.5684	-1
27039.8086	-1
27048.0488	-1
27056.2891	-1
27064.5293	-1
27072.7695	-1
27081.0098	-1
27089.2500	-1
27097.4902	-1
27105.7305	-1
27113.9707	-1
27122.2109	-1
27130.4512	-1
27138.6914	-1
27146.9316	-1
27155.1719	-1
27163.4121	-1
27171.6523	-1
27179.8926	-1
27188.1328	-1
27196.3730	-1
27204.6270	1
27212.8828	-1
27221.1387	1
27229.3945	1
27237.6523	-1
27245.9102	-1
27254.1680	-1
27262.4258	-1
27270.6836	-1
27278.9414	-1
27287.1992	-1
27295.4570	-1
27303.7148	-1
27311.9727	-1
27320.2305	-1
27328.4883	-1
27336.7461	1
27345.0059	1
27353.2656	1
27361.5254	1
27369.7852	-1
27378.0449	-1
27386.3047	-1
27394.5645	-1
27402.8242	-1
27411.0840	-1
27419.3438	-1
27427.6035	-1
27435.8633	-1
27444.1230	-1
27452.3828	-1
27460.6426	-1
27468.9043	1
27477.1660	1
27485.4277	1
27493.6895	1
27501.9512	-1
27510.2129	-1
27518.4746	-1
27526.7363	-1
27534.9980	-1
27543.2598	-1
27551.5215	1
27559.7832	1
27568.0449	-1
27576.3066	-1
27584.5684	-1
27592.8301	-1
27601.0918	-1
27609.3535	-1
27617.6152	1
27625.8770	1
27634.1406	-1
27642.4043	-1
27650.6680	-1
27658.9316	-1
27667.1953	-1
27675.4590	-1
27683.7227	-1
27691.9863	-1
27700.2500	-1
27708.5137	-1
27716.7773	-1
27725.0410	-1
27733.3047	-1
27741.5684	-1
27749.8320	-1
27758.0957	-1
27766.3594	-1
27774.6230	-1
27782.8867	-1
27791.1504	-1
27799.4141	-1
27807.6777	-1
27815.9414	-1
27824.2051	-1
27832.4707	-1
27840.7363	-1
27849.0020	-1
27857.2676	-1
27865.5332	-1
27873.7988	-1
27882.0645	-1
27890.3301	-1
27898.5957	-1
27906.8613	-1
27915.1270	-1
27923.3926	-1
27931.6582	1
27939.9238	1
27948.1895	1
27956.4551	1
27964.7207	1
27972.9863	1
27981.2520	1
27989.5176	1
27997.7832	1
28006.0488	1
28014.3145	1
28022.5801	1
28030.8496	-1
28039.1191	-1
28047.3887	-1
28055.6582	-1
28063.9277	-1
28072.1973	-1
28080.4668	-1
28088.7363	-1
28097.0059	-1
28105.2754	-1
28113.5449	-1
28121.8145	-1
28130.0859	-1
28138.3574	-1
28146.6289	-1
28154.9004	-1
28163.1719	-1
28171.4434	-1
28179.7148	-1
28187.9863	-1
28196.2578	-1
28204.5293	-1
28212.8008	-1
28221.0723	-1
28229.3438	-1
28237.6152	-1
28245.8867	-1
28254.1582	-1
28262.4297	-1
28270.7012	-1
28278.9727	-1
28287.2441	-1
28295.5156	-1
28303.7871	-1
28312.0586	-1
28320.3301	-1
28328.6016	-1
28336.8730	-1
28345.1445	-1
28353.4160	-1
28361.6875	-1
28369.9590	-1
28378.2305	-1
28386.5020	-1
28394.7734	-1
28403.0449	-1
28411.3164	-1
28419.5879	-1
28427.8594	-1
28436.1309	-1
28444.4023	-1
28452.6738	-1
28460.9453	-1
28469.2168	-1
28477.4883	-1
28485.7598	-1
28494.0312	-1
28502.3027	-1
28510.5742	-1
28518.8457	-1
28527.1172	-1
28535.3887	-1
28543.6602	-1
28551.9316	-1
28560.2031	-1
28568.4746	-1
28576.7461	1
28585.0176	1
28593.2891	1
28601.5625	1
28609.8359	1
28618.1094	1
28626.3828	1
28634.6562	1
28642.9297	1
28651.2031	1
28659.4766	1
28667.7500	1
28676.0234	1
28684.2969	1
28692.5703	1
28700.8438	1
28709.1172	1
28717.3906	1
28725.6641	1
28733.9375	1
28742.2109	1
28750.4844	1
28758.7578	-1
28767.0312	-1
28775.3047	-1
28783.5781	-1
28791.8516	-1
28800.1250	-1
28808.3984	-1
28816.6719	-1
28824.9453	-1
28833.2188	-1
28841.4922	-1
28849.7656	-1
28858.0430	1
28866.3203	1
28874.5977	1
28882.8750	1
28891.1523	-1
28899.4297	-1
28907.7070	-1
28915.9844	-1
28924.2617	-1
28932.5391	-1
28940.8184	-1
28949.0977	-1
28957.3770	-1
28965.6562	-1
28973.9355	-1
28982.2148	-1
28990.4941	-1
28998.7734	-1
29007.0527	-1
29015.3320	-1
29023.6113	-1
29031.8906	-1
29040.1699	-1
29048.4492	-1
29056.7285	-1
29065.0078	-1
29073.2871	-1
29081.5664	-1
29089.8457	-1
29098.1250	-1
29106.4043	-1
29114.6836	-1
29122.9629	-1
29131.2422	-1
29139.5215	-1
29147.8008	-1
29156.0801	-1
29164.3594	-1
29172.6387	-1
29180.9180	-1
29189.1973	-1
29197.4766	-1
29205.7559	-1
29214.0352	-1
29222.3145	-1
29230.5938	-1
29238.8730	-1
29247.1523	-1
29255.4316	-1
29263.7109	-1
29271.9902	-1
29280.2695	-1
29288.5488	-1
29296.8281	-1
29305.1074	-1
29313.3867	-1
29321.6660	-1
29329.9453	-1
29338.2246	-1
29346.5039	-1
29354.7832	-1
29363.0625	-1
29371.3418	-1
29379.6211	-1
29387.9023	1
29396.1836	1
29404.4648	1
29412.7461	1
29421.0273	1
29429.3086	1
29437.5898	1
29445.8711	1
29454.1523	1
29462.4336	1
29470.7148	1
29478.9961	1
29487.2773	1
29495.5586	1
29503.8398	1
29512.1211	1
29520.4023	1
29528.6836	1
29536.9648	1
29545.2480	-1
29553.5312	-1
29561.8145	-1
29570.0977	-1
29578.3809	-1
29586.6641	-1
29594.9473	-1
29603.2305	-1
29611.5137	-1
29619.7969	-1
29628.0801	-1
29636.3633	-1
29644.6465	-1
29652.9297	-1
29661.2129	-1
29669.4961	-1
29677.7793	-1
29686.0625	-1
29694.3457	-1
29702.6289	-1
29710.9121	-1
29719.1953	-1
29727.4785	-1
29735.7617	-1
29744.0449	-1
29752.3281	-1
29760.6113	-1
29768.8945	-1
29777.1777	-1
29785.4609	-1
29793.7461	-1
29802.0312	-1
29810.3164	-1
29818.6016	-1
29826.8867	-1
29835.1719	-1
29843.4590	-1
29851.7461	-1
29860.0332	-1
29868.3203	-1
29876.6074	-1
29884.8945	-1
29893.1816	-1
29901.4688	-1
29909.7559	-1
29918.0430	-1
29926.3301	-1
29934.6172	-1
29942.9043	-1
29951.1914	-1
29959.4785	-1
29967.7656	-1
29976.0527	-1
29984.3398	-1
29992.6270	-1
30000.9141	-1
30009.2012	-1
30017.4883	-1
30025.7754	-1
30034.0625	-1
30042.3516	-1
30050.6406	-1
30058.9297	-1
30067.2188	-1
30075.5078	-1
30083.7969	-1
30092.0859	-1
30100.3750	-1
30108.6641	-1
30116.9531	-1
30125.2422	-1
30133.5312	-1
30141.8223	-1
30150.1133	-1
30158.4043	-1
30166.6953	-1
30174.9863	-1
30183.2773	-1
30191.5684	-1
30199.8594	-1
30208.1504	-1
30216.4414	-1
30224.7324	-1
30233.0234	-1
30241.3145	-1
30249.6055	-1
30257.8965	-1
30266.1875	-1
30274.4785	-1
30282.7695	-1
30291.0625	-1
30299.3555	-1
30307.6484	-1
30315.9414	-1
30324.2344	-1
30332.5273	-1
30340.8203	-1
30349.1133	-1
30357.4062	-1
30365.6992	-1
30373.9922	-1
30382.2852	-1
30390.5781	-1
30398.8711	-1
30407.1641	-1
30415.4570	-1
30423.7500	-1
30432.0430	-1
30440.3359	-1
30448.6289	-1
30456.9219	-1
30465.2148	-1
30473.5078	-1
30481.8008	-1
30490.0938	-1
30498.3867	-1
30506.6797	-1
30514.9727	-1
30523.2656	-1
30531.5586	-1
30539.8516	-1
30548.1445	-1
30556.4375	-1
30564.7305	-1
30573.0234	-1
30581.3164	-1
30589.6113	-1
30597.9062	-1
30606.2012	-1
30614.4961	-1
30622.7910	-1
30631.0859	-1
30639.3809	-1
30647.6758	-1
30655.9707	-1
30664.2656	-1
30672.5605	-1
30680.8555	-1
30689.1504	-1
30697.4453	-1
30705.7402	-1
30714.0352	-1
30722.3301	-1
30730.6250	-1
30738.9199	-1
30747.2148	-1
30755.5098	-1
30763.8066	-1
30772.1035	-1
30780.4004	-1
30788.6973	-1
30796.9941	-1
30805.2910	-1
30813.5879	-1
30821.8848	-1
30830.1816	-1
30838.4785	-1
30846.7754	-1
30855.0723	-1
30863.3691	-1
30871.6660	-1
30879.9629	-1
30888.2598	-1
30896.5566	-1
30904.8535	-1
30913.1504	-1
30921.4473	-1
30929.7441	-1
30938.0410	-1
30946.3379	-1
30954.6348	-1
30962.9316	-1
30971.2285	-1
30979.5254	-1
30987.8223	-1
30996.1191	-1
31004.4160	-1
31012.7129	-1
31021.0098	-1
31029.3066	-1
31037.6035	-1
31045.9004	-1
31054.1973	-1
31062.4941	-1
31070.7910	-1
31079.0879	-1
31087.3848	-1
31095.6816	-1
31103.9785	-1
31112.2754	-1
31120.5723	-1
31128.8691	-1
31137.1680	-1
31145.4668	-1
31153.7656	-1
31162.0645	-1
31170.3633	-1
31178.6621	-1
31186.9609	-1
31195.2598	-1
31203.5586	-1
31211.8574	-1
31220.1562	-1
31228.4551	-1
31236.7539	-1
31245.0527	-1
31253.3516	-1
31261.6504	-1
31269.9492	-1
31278.2480	-1
31286.5469	-1
31294.8594	1
31303.1738	-1
31311.4883	1
31319.8027	1
31328.1172	-1
31336.4316	-1
31344.7461	-1
31353.0605	-1
31361.3750	-1
31369.6895	-1
31378.0039	-1
31386.3203	-1
31394.6367	-1
31402.9531	-1
31411.2695	-1
31419.5859	-1
31427.9023	1
31436.2188	1
31444.5352	1
31452.8516	1
31461.1699	-1
31469.4883	-1
31477.8066	-1
31486.1250	-1
31494.4434	-1
31502.7617	-1
31511.0801	-1
31519.3984	-1
31527.7168	-1
31536.0352	-1
31544.3535	-1
31552.6719	-1
31560.9902	-1
31569.3086	-1
31577.6270	-1
31585.9453	-1
31594.2637	-1
31602.5820	-1
31610.9004	-1
31619.2188	-1
31627.5371	-1
31635.8555	-1
31644.1738	-1
31652.5059	1
31660.8379	-1
31669.1719	1
31677.5059	1
31685.8398	-1
31694.1738	-1
31702.5078	-1
31710.8418	-1
31719.1758	-1
31727.5098	-1
31735.8438	-1
31744.1777	-1
31752.5117	-1
31760.8457	-1
31769.1797	-1
31777.5137	-1
31785.8496	1
31794.1855	1
31802.5215	1
31810.8574	1
31819.1934	-1
31827.5293	-1
31835.8652	-1
31844.2012	-1
31852.5371	-1
31860.8730	-1
31869.2109	-1
31877.5488	-1
31885.8867	-1
31894.2246	-1
31902.5625	-1
31910.9004	-1
31919.2383	-1
31927.5762	-1
31935.9141	-1
31944.2520	-1
31952.5898	-1
31960.9277	-1
31969.2656	1
31977.6035	1
31985.9414	-1
31994.2793	-1
32002.6172	-1
32010.9551	-1
32019.2930	-1
32027.6309	-1
32035.9688	1
32044.3066	1
32052.6445	1
32060.9824	1
32069.3203	1
32077.6582	1
32085.9980	-1
32094.3379	-1
32102.6777	-1
32111.0176	-1
32119.3574	-1
32127.6973	-1
32136.0371	-1
32144.3770	-1
32152.7168	-1
32161.0566	-1
32169.3965	-1
32177.7363	-1
32186.0781	-1
32194.4199	-1
32202.7617	-1
32211.1035	-1
32219.4453	-1
32227.7871	-1
32236.1289	-1
32244.4707	-1
32252.8125	-1
32261.1543	-1
32269.4961	-1
32277.8379	-1
32286.1797	-1
32294.5215	-1
32302.8633	-1
32311.2051	-1
32319.5469	-1
32327.8887	-1
32336.2305	-1
32344.5723	-1
32352.9141	-1
32361.2559	-1
32369.5977	-1
32377.9395	-1
32386.2812	-1
32394.6230	-1
32402.9648	-1
32411.3066	-1
32419.6484	-1
32427.9902	-1
32436.3320	-1
32444.6738	-1
32453.0156	-1
32461.3711	1
32469.7285	-1
32478.0859	1
32486.4434	1
32494.8027	-1
32503.1621	-1
32511.5215	-1
32519.8809	-1
32528.2402	-1
32536.5996	-1
32544.9590	-1
32553.3184	-1
32561.6777	-1
32570.0371	-1
32578.3965	-1
32586.7559	-1
32595.1152	1
32603.4746	1
32611.8340	1
32620.1934	1
32628.5547	-1
32636.9160	-1
32645.2773	-1
32653.6387	-1
32662.0000	-1
32670.3613	-1
32678.7227	-1
32687.0840	-1
32695.4453	-1
32703.8066	-1
32712.1680	-1
32720.5293	-1
32728.8906	-1
32737.2520	-1
32745.6133	-1
32753.9746	-1
32762.3359	-1
32770.6953	-1
32779.0547	-1
32787.4141	-1
32795.7734	-1
32804.1328	-1
32812.4922	-1
32820.8516	-1
32829.2148	1
32837.5781	1
32845.9414	1
32854.3047	1
32862.6680	1
32871.0312	1
32879.3945	1
32887.7578	1
32896.1211	-1
32904.4844	-1
32912.8477	-1
32921.2109	-1
32929.5742	-1
32937.9375	-1
32946.3008	-1
32954.6641	-1
32963.0273	-1
32971.3906	-1
32979.7539	-1
32988.1172	-1
32996.4805	1
33004.8438	1
33013.2070	1
33021.5703	1
33029.9336	-1
33038.2969	-1
33046.6602	-1
33055.0234	-1
33063.3867	-1
33071.7500	-1
33080.1133	-1
33088.4766	-1
33096.8398	-1
33105.2031	-1
33113.5664	-1
33121.9297	-1
33130.2930	-1
33138.6562	-1
33147.0195	-1
33155.3828	-1
33163.7461	-1
33172.1094	-1
33180.4727	-1
33188.8359	-1
33197.1992	-1
33205.5625	-1
33213.9258	-1
33222.2891	-1
33230.6562	-1
33239.0234	-1
33247.3906	-1
33255.7578	-1
33264.1250	-1
33272.4922	-1
33280.8594	-1
33289.2266	-1
33297.5938	-1
33305.9609	-1
33314.3281	-1
33322.6953	-1
33331.0625	1
33339.4297	1
33347.7969	1
33356.1641	1
33364.5312	1
33372.8984	1
33381.2656	1
33389.6328	1
33398.0000	1
33406.3672	1
33414.7344	1
33423.1016	1
33431.4688	-1
33439.8359	-1
33448.2031	-1
33456.5703	-1
33464.9375	-1
33473.3047	-1
33481.6758	1
33490.0469	-1
33498.4180	-1
33506.7891	-1
33515.1602	-1
33523.5312	-1
33531.9023	-1
33540.2734	1
33548.6445	-1
33557.0156	-1
33565.3867	-1
33573.7578	-1
33582.1289	-1
33590.5000	-1
33598.8711	-1
33607.2422	-1
33615.6133	-1
33623.9844	-1
33632.3555	-1
33640.7266	-1
33649.0977	-1
33657.4688	-1
33665.8398	-1
33674.2109	-1
33682.5820	-1
33690.9531	-1
33699.3242	-1
33707.6953	-1
33716.0664	-1
33724.4375	-1
33732.8086	-1
33741.1797	-1
33749.5508	-1
33757.9219	-1
33766.2930	-1
33774.6641	-1
33783.0352	-1
33791.4062	-1
33799.7773	-1
33808.1484	-1
33816.5195	-1
33824.8906	-1
33833.2617	-1
33841.6328	-1
33850.0039	-1
33858.3750	-1
33866.7461	-1
33875.1172	-1
33883.4883	-1
33891.8594	-1
33900.2305	1
33908.6016	1
33916.9727	-1
33925.3438	-1
33933.7148	-1
33942.0859	-1
33950.4570	-1
33958.8281	-1
33967.1992	1
33975.5742	1
33983.9492	1
33992.3242	1
34000.6992	1
34009.0742	1
34017.4492	1
34025.8242	1
34034.1992	1
34042.5742	1
34050.9492	-1
34059.3242	-1
34067.6992	-1
34076.0742	-1
34084.4492	-1
34092.8242	-1
34101.1992	-1
34109.5742	-1
34117.9492	-1
34126.3242	-1
34134.6992	-1
34143.0742	-1
34151.4492	-1
34159.8242	-1
34168.1992	-1
34176.5742	-1
34184.9492	-1
34193.3242	-1
34201.6992	-1
34210.0742	-1
34218.4492	-1
34226.8242	-1
34235.1992	-1
34243.5742	-1
34251.9492	-1
34260.3242	-1
34268.6992	-1
34277.0742	-1
34285.4492	-1
34293.8242	-1
34302.2031	1
34310.5820	-1
34318.9609	-1
34327.3398	-1
34335.7188	-1
34344.0977	-1
34352.4766	-1
34360.8555	1
34369.2344	1
34377.6133	1
34385.9922	1
34394.3711	1
34402.7500	1
34411.1289	1
34419.5078	1
34427.8867	1
34436.2656	1
34444.6484	-1
34453.0312	-1
34461.4141	-1
34469.7969	-1
34478.1797	-1
34486.5625	-1
34494.9453	-1
34503.3281	-1
34511.7109	-1
34520.0938	-1
34528.4766	-1
34536.8594	-1
34545.2422	-1
34553.6250	-1
34562.0078	-1
34570.3906	-1
34578.7734	-1
34587.1562	-1
34595.5391	-1
34603.9219	-1
34612.3047	-1
34620.6875	-1
34629.0703	-1
34637.4531	-1
34645.8359	-1
34654.2188	-1
34662.6016	-1
34670.9844	-1
34679.3672	-1
34687.7500	-1
34696.1328	-1
34704.5156	-1
34712.8984	-1
34721.2812	-1
34729.6641	-1
34738.0469	-1
34746.4297	-1
34754.8125	-1
34763.1953	-1
34771.5781	-1
34779.9609	-1
34788.3438	-1
34796.7266	-1
34805.1094	-1
34813.4922	-1
34821.8750	-1
34830.2578	-1
34838.6406	-1
34847.0234	1
34855.4062	-1
34863.7891	-1
34872.1719	-1
34880.5547	-1
34888.9375	-1
34897.3203	-1
34905.7031	1
34914.0859	1
34922.4688	1
34930.8516	1
34939.2344	1
34947.6172	1
34956.0000	1
34964.3828	1
34972.7656	1
34981.1484	1
34989.5312	1
34997.9141	1
35006.2969	1
35014.6836	1
35023.0703	1
35031.4570	1
35039.8438	1
35048.2305	1
35056.6172	1
35065.0039	1
35073.3906	1
35081.7773	-1
35090.1641	-1
35098.5508	-1
35106.9375	-1
35115.3242	-1
35123.7109	-1
35132.0977	-1
35140.4844	-1
35148.8711	-1
35157.2578	-1
35165.6445	-1
35174.0312	-1
35182.4180	-1
35190.8047	-1
35199.1914	-1
35207.5781	-1
35215.9648	-1
35224.3516	-1
35232.7383	-1
35241.1250	-1
35249.5117	-1
35257.8984	-1
35266.2852	-1
35274.6719	-1
35283.0586	-1
35291.4453	-1
35299.8320	-1
35308.2188	-1
35316.6055	-1
35324.9922	-1
35333.3828	-1
35341.7734	-1
35350.1641	-1
35358.5547	-1
35366.9453	-1
35375.3359	-1
35383.7266	-1
35392.1172	-1
35400.5078	-1
35408.8984	-1
35417.2891	-1
35425.6797	-1
35434.0703	-1
35442.4609	-1
35450.8516	-1
35459.2422	-1
35467.6328	-1
35476.0234	-1
35484.4141	-1
35492.8047	-1
35501.1953	-1
35509.5859	-1
35517.9766	-1
35526.3672	-1
35534.7578	-1
35543.1484	-1
35551.5391	-1
35559.9297	-1
35568.3203	-1
35576.7109	-1
35585.1016	-1
35593.4922	-1
35601.8828	-1
35610.2734	-1
35618.6641	-1
35627.0547	-1
35635.4453	-1
35643.8359	-1
35652.2266	-1
35660.6172	-1
35669.0078	-1
35677.3984	-1
35685.7930	-1
35694.1875	-1
35702.5820	-1
35710.9766	-1
35719.3711	-1
35727.7656	-1
35736.1602	-1
35744.5547	-1
35752.9492	-1
35761.3438	-1
35769.7383	-1
35778.1328	-1
35786.5273	-1
35794.9219	-1
35803.3164	-1
35811.7109	-1
35820.1055	-1
35828.5000	-1
35836.8945	-1
35845.2891	-1
35853.6836	-1
35862.0781	-1
35870.4727	-1
35878.8672	-1
35887.2617	-1
35895.6562	-1
35904.0508	-1
35912.4453	-1
35920.8398	-1
35929.2344	-1
35937.6289	-1
35946.0234	-1
35954.4180	-1
35962.8125	-1
35971.2070	-1
35979.6016	-1
35987.9961	-1
35996.3906	-1
36004.7852	-1
36013.1797	-1
36021.5742	-1
36029.9688	-1
36038.3672	-1
36046.7656	-1
36055.1641	-1
36063.5625	-1
36071.9609	-1
36080.3594	-1
36088.7578	-1
36097.1562	-1
36105.5547	-1
36113.9531	-1
36122.3516	-1
36130.7500	-1
36139.1484	-1
36147.5469	-1
36155.9453	-1
36164.3438	-1
36172.7422	-1
36181.1406	-1
36189.5391	-1
36197.9375	-1
36206.3359	-1
36214.7344	-1
36223.1328	-1
36231.5312	-1
36239.9297	-1
36248.3281	-1
36256.7266	-1
36265.1250	-1
36273.5234	-1
36281.9219	-1
36290.3203	-1
36298.7188	-1
36307.1172	-1
36315.5156	-1
36323.9141	-1
36332.3125	-1
36340.7109	-1
36349.1094	-1
36357.5078	-1
36365.9062	-1
36374.3047	-1
36382.7031	-1
36391.1055	-1
36399.5078	-1
36407.9102	-1
36416.3125	-1
36424.7148	-1
36433.1172	-1
36441.5195	-1
36449.9219	-1
36458.3242	-1
36466.7266	-1
36475.1289	-1
36483.5312	-1
36491.9336	-1
36500.3359	-1
36508.7383	-1
36517.1406	-1
36525.5430	-1
36533.9453	-1
36542.3477	-1
36550.7500	-1
36559.1523	-1
36567.5547	-1
36575.9570	-1
36584.3594	-1
36592.7617	-1
36601.1641	-1
36609.5664	-1
36617.9688	-1
36626.3711	-1
36634.7734	-1
36643.1758	-1
36651.5781	-1
36659.9805	-1
36668.3828	-1
36676.7852	-1
36685.1875	-1
36693.5898	-1
36701.9922	-1
36710.3945	-1
36718.7969	-1
36727.1992	-1
36735.6016	-1
36744.0039	-1
36752.4062	-1
36760.8086	-1
36769.2109	-1
36777.6133	-1
36786.0156	-1
36794.4180	-1
36802.8203	-1
36811.2227	-1
36819.6250	-1
36828.0273	-1
36836.4297	-1
36844.8320	-1
36853.2344	-1
36861.6367	-1
36870.0391	-1
36878.4414	-1
36886.8438	-1
36895.2461	-1
36903.6484	-1
36912.0508	-1
36920.4531	-1
36928.8555	-1
36937.2578	-1
36945.6641	-1
36954.0703	-1
36962.4766	-1
36970.8828	-1
36979.2891	-1
36987.6953	-1
36996.1133	1
37004.5312	-1
37012.9531	1
37021.3750	1
37029.7969	-1
37038.2188	-1
37046.6406	-1
37055.0625	-1
37063.4844	-1
37071.9062	-1
37080.3281	-1
37088.7500	-1
37097.1719	-1
37105.5938	-1
37114.0273	1
37122.4648	-1
37130.9023	1
37139.3398	1
37147.7773	-1
37156.2148	-1
37164.6523	-1
37173.0898	-1
37181.5273	-1
37189.9648	-1
37198.4023	-1
37206.8398	-1
37215.2773	-1
37223.7148	-1
37232.1641	1
37240.6172	-1
37249.0703	1
37257.5234	1
37265.9766	-1
37274.4297	-1
37282.8828	-1
37291.3359	-1
37299.7891	-1
37308.2422	-1
37316.6953	-1
37325.1484	-1
37333.6016	-1
37342.0547	-1
37350.5078	-1
37358.9609	-1
37367.4141	1
37375.8672	1
37384.3203	1
37392.7734	1
37401.2305	-1
37409.6875	-1
37418.1445	-1
37426.6016	-1
37435.0586	-1
37443.5156	-1
37451.9727	-1
37460.4297	-1
37468.8867	-1
37477.3438	-1
37485.8008	-1
37494.2578	-1
37502.7148	-1
37511.1719	-1
37519.6289	-1
37528.0859	-1
37536.5430	-1
37545.0000	-1
37553.4570	-1
37561.9141	-1
37570.3711	-1
37578.8281	-1
37587.2852	-1
37595.7422	-1
37604.1992	1
37612.6562	1
37621.1133	1
37629.5703	1
37638.0273	1
37646.4844	1
37654.9414	1
37663.3984	1
37671.8555	-1
37680.3125	-1
37688.7695	-1
37697.2266	-1
37705.6836	-1
37714.1406	-1
37722.5977	-1
37731.0547	-1
37739.5117	-1
37747.9688	-1
37756.4258	-1
37764.8828	-1
37773.3438	-1
37781.8047	-1
37790.2656	-1
37798.7266	-1
37807.1875	-1
37815.6484	-1
37824.1094	1
37832.5703	-1
37841.0312	-1
37849.4922	-1
37857.9531	-1
37866.4141	-1
37874.8750	-1
37883.3359	1
37891.7969	-1
37900.2578	-1
37908.7188	-1
37917.1797	-1
37925.6406	-1
37934.1016	-1
37942.5625	-1
37951.0234	-1
37959.4844	-1
37967.9453	-1
37976.4062	-1
37984.8672	-1
37993.3281	-1
38001.7891	-1
38010.2500	-1
38018.7109	-1
38027.1719	-1
38035.6328	-1
38044.0938	-1
38052.5547	-1
38061.0156	-1
38069.4766	-1
38077.9375	-1
38086.3984	-1
38094.8594	1
38103.3203	1
38111.7812	1
38120.2422	1
38128.7031	-1
38137.1641	-1
38145.6250	-1
38154.0859	-1
38162.5469	-1
38171.0078	-1
38179.4688	-1
38187.9297	-1
38196.3906	-1
38204.8516	-1
38213.3125	-1
38221.7734	-1
38230.2344	-1
38238.6953	-1
38247.1562	-1
38255.6172	-1
38264.0781	-1
38272.5391	-1
38281.0000	-1
38289.4609	-1
38297.9219	-1
38306.3828	-1
38314.8438	-1
38323.3047	-1
38331.7656	-1
38340.2266	-1
38348.6875	-1
38357.1484	-1
38365.6094	-1
38374.0703	-1
38382.5312	-1
38390.9922	-1
38399.4688	1
38407.9453	-1
38416.4219	1
38424.8984	1
38433.3750	-1
38441.8516	-1
38450.3281	-1
38458.8203	1
38467.3125	-1
38475.8047	1
38484.2969	1
38492.7930	-1
38501.2891	-1
38509.7852	-1
38518.2812	-1
38526.7773	-1
38535.2734	-1
38543.7695	-1
38552.2656	-1
38560.7617	-1
38569.2578	-1
38577.7539	-1
38586.2500	-1
38594.7461	1
38603.2422	1
38611.7383	1
38620.2344	1
38628.7305	-1
38637.2266	-1
38645.7227	-1
38654.2188	-1
38662.7148	-1
38671.2109	-1
38679.7070	-1
38688.2031	-1
38696.6992	-1
38705.1953	-1
38713.6914	-1
38722.1875	-1
38730.6836	-1
38739.1797	-1
38747.6758	-1
38756.1719	-1
38764.6680	-1
38773.1641	-1
38781.6602	-1
38790.1562	-1
38798.6523	-1
38807.1484	-1
38815.6445	-1
38824.1562	1
38832.6680	-1
38841.1797	1
38849.6914	1
38858.2031	-1
38866.7148	-1
38875.2266	-1
38883.7383	-1
38892.2656	1
38900.7930	-1
38909.3203	1
38917.8477	1
38926.3750	-1
38934.9023	-1
38943.4297	-1
38951.9570	-1
38960.4844	-1
38969.0117	-1
38977.5391	-1
38986.0664	-1
38994.5938	-1
39003.1211	-1
39011.6484	-1
39020.1758	-1
39028.7070	1
39037.2383	1
39045.7695	1
39054.3008	1
39062.8320	-1
39071.3633	-1
39079.8945	-1
39088.4258	-1
39096.9570	-1
39105.4883	-1
39114.0195	-1
39122.5508	-1
39131.0820	-1
39139.6133	-1
39148.1445	-1
39156.6758	-1
39165.2070	-1
39173.7383	-1
39182.2695	-1
39190.8008	-1
39199.3320	-1
39207.8633	-1
39216.3945	-1
39224.9258	-1
39233.4570	1
39241.9883	-1
39250.5195	-1
39259.0508	-1
39267.5820	-1
39276.1133	1
39284.6445	1
39293.1758	-1
39301.7070	-1
39310.2383	-1
39318.7695	-1
39327.3008	-1
39335.8320	-1
39344.3633	-1
39352.8945	-1
39361.4258	-1
39369.9570	-1
39378.4883	-1
39387.0195	-1
39395.5508	-1
39404.0977	1
39412.6445	-1
39421.1914	1
39429.7383	1
39438.2852	-1
39446.8320	-1
39455.3789	-1
39463.9258	-1
39472.4727	-1
39481.0195	-1
39489.5664	-1
39498.1133	-1
39506.6602	-1
39515.2070	-1
39523.7539	-1
39532.3008	-1
39540.8516	1
39549.4023	1
39557.9531	1
39566.5039	1
39575.0547	-1
39583.6055	-1
39592.1562	-1
39600.7070	-1
39609.2578	-1
39617.8086	-1
39626.3594	-1
39634.9102	-1
39643.4609	-1
39652.0117	-1
39660.5625	-1
39669.1133	-1
39677.6641	-1
39686.2148	-1
39694.7656	-1
39703.3164	-1
39711.8672	-1
39720.4180	-1
39728.9688	-1
39737.5312	1
39746.0977	-1
39754.6641	1
39763.2305	1
39771.7969	-1
39780.3633	-1
