0.0000	0
0.0007	1
1.2366	2
1.7344	1
3.4688	-1
3.6548	-2
4.3457	-2
4.5112	-2
4.6234	-2
4.6473	-2
4.8017	-2
5.0902	-2
5.2909	-2
5.3102	-2
5.3322	-2
5.3406	-2
5.4727	-2
5.5107	-2
5.9441	-2
5.9484	-2
5.9724	-2
6.1920	-2
6.2051	-2
6.2320	-2
6.2344	-2
6.2631	-2
6.3727	-2
6.4859	-2
6.5055	-2
6.6289	-2
6.6681	-2
6.6948	-2
6.7440	-2
6.7825	-2
6.8599	-2
6.9165	-2
6.9357	-2
7.0267	-2
7.0661	-2
7.2863	-2
7.3408	-2
7.4369	-2
7.6383	-2
7.6723	-2
7.7360	-2
7.8078	-2
7.8597	-2
7.9779	-2
8.1695	-2
8.3344	-2
8.3490	-2
8.4145	-2
8.4560	-2
8.4893	-2
8.5174	-2
8.5394	-2
9.0013	-2
9.0732	-2
9.1216	-2
9.1353	-2
9.2928	-2
9.5198	-2
9.7062	-2
9.9541	-2
10.2186	-2
10.2567	-2
10.2857	1
10.4016	-2
10.4038	-2
10.4081	-2
10.5704	-2
10.7372	-2
10.9041	-2
10.9491	-2
11.3988	-2
12.2083	-2
12.8817	-2
13.0179	-2
17.1043	-1
23.9232	1
30.7421	1
37.5622	-1
44.3822	-1
51.2023	-1
58.0346	1
64.8683	-1
71.7023	1
78.5364	1
85.3717	-1
92.2069	-1
99.0422	-1
105.8775	-1
112.7128	-1
119.5481	-1
126.3835	-1
133.2188	-1
140.0542	-1
146.9020	1
153.7512	-1
160.6007	1
167.4504	1
174.3012	-1
181.1521	-1
188.0029	-1
194.8538	-1
201.7047	-1
208.5555	-1
215.4065	-1
222.2575	-1
229.1085	-1
235.9594	-1
242.8104	-1
249.6614	-1
256.5128	1
263.3643	1
270.2166	-1
277.0691	-1
283.9215	-1
290.7739	-1
297.6263	-1
304.4787	-1
311.3312	-1
318.1837	-1
325.0363	-1
331.8888	-1
338.7413	-1
345.6058	1
352.4719	-1
359.3385	1
366.2050	1
373.0728	-1
379.9406	-1
386.8083	-1
393.6761	-1
400.5439	-1
407.4117	-1
414.2915	1
421.1727	-1
428.0543	1
434.9359	1
441.8186	-1
448.7013	-1
455.5840	-1
462.4668	-1
469.3495	-1
476.2323	-1
483.1151	-1
489.9980	-1
496.8808	-1
503.7637	-1
510.6465	-1
517.5294	-1
524.4126	1
531.2958	1
538.1791	1
545.0625	1
551.9471	-1
558.8318	-1
565.7164	-1
572.6011	-1
579.4857	-1
586.3704	-1
593.2551	-1
600.1399	-1
607.0247	-1
613.9094	-1
620.7942	-1
627.6790	-1
634.5640	-1
641.4489	-1
648.3339	-1
655.2188	-1
662.1038	-1
668.9887	-1
675.8738	-1
682.7589	-1
689.6439	-1
696.5290	-1
703.4141	-1
710.2991	-1
717.1847	1
724.0703	1
730.9559	1
737.8416	1
744.7288	-1
751.6161	-1
758.5034	-1
765.3906	-1
772.2779	-1
779.1652	-1
786.0526	-1
792.9399	-1
799.8273	-1
806.7147	-1
813.6021	-1
820.4895	-1
827.3770	-1
834.2645	-1
841.1520	-1
848.0396	-1
854.9271	-1
861.8146	-1
868.7022	-1
875.5898	-1
882.4775	-1
889.3651	-1
896.2657	1
903.1678	-1
910.0703	1
916.9728	1
923.8766	-1
930.7805	-1
937.6843	-1
944.5882	-1
951.4921	-1
958.3959	-1
965.2999	-1
972.2038	-1
979.1077	-1
986.0117	-1
992.9280	1
999.8458	-1
1006.7639	1
1013.6820	1
1020.6008	-1
1027.5197	-1
1034.4385	-1
1041.3573	-1
1048.2761	-1
1055.1953	-1
1062.1271	1
1069.0603	-1
1075.9939	1
1082.9276	1
1089.8625	-1
1096.7975	-1
1103.7324	-1
1110.6674	-1
1117.6023	-1
1124.5372	-1
1131.4723	-1
1138.4073	-1
1145.3424	-1
1152.2775	-1
1159.2125	-1
1166.1476	-1
1173.0830	1
1180.0186	1
1186.9541	1
1193.8896	1
1200.8265	-1
1207.7634	-1
1214.7004	-1
1221.6375	-1
1228.5745	-1
1235.5115	-1
1242.4486	-1
1249.3857	-1
1256.3229	-1
1263.2600	-1
1270.1971	-1
1277.1343	-1
1284.0715	-1
1291.0088	-1
1297.9460	-1
1304.8833	-1
1311.8206	-1
1318.7578	-1
1325.6952	-1
1332.6326	-1
1339.5699	-1
1346.5073	-1
1353.4447	-1
1360.3821	-1
1367.3198	1
1374.2576	1
1381.1954	1
1388.1333	1
1395.0712	1
1402.0092	1
1408.9471	1
1415.8851	1
1422.8252	-1
1429.7654	-1
1436.7056	-1
1443.6458	-1
1450.5859	-1
1457.5261	-1
1464.4668	-1
1471.4075	-1
1478.3481	-1
1485.2888	-1
1492.2295	-1
1499.1702	-1
1506.1110	-1
1513.0518	-1
1519.9926	-1
1526.9333	-1
1533.8741	-1
1540.8149	-1
1547.7559	-1
1554.6968	-1
1561.6377	-1
1568.5786	-1
1575.5195	-1
1582.4604	-1
1589.4015	-1
1596.3425	-1
1603.2836	-1
1610.2246	-1
1617.1656	-1
1624.1067	-1
1631.0479	-1
1637.9890	-1
1644.9302	-1
1651.8713	-1
1658.8125	-1
1665.7537	-1
1672.6949	-1
1679.6362	-1
1686.5775	-1
1693.5188	-1
1700.4601	-1
1707.4014	-1
1714.3428	1
1721.2842	1
1728.2256	-1
1735.1670	-1
1742.1085	-1
1749.0500	-1
1755.9916	-1
1762.9331	-1
1769.8756	1
1776.8181	1
1783.7606	1
1790.7032	1
1797.6459	1
1804.5887	1
1811.5316	1
1818.4746	1
1825.4176	1
1832.3606	1
1839.3036	1
1846.2467	1
1853.1898	1
1860.1329	1
1867.0768	-1
1874.0206	-1
1880.9645	-1
1887.9083	-1
1894.8522	-1
1901.7960	-1
1908.7413	1
1915.6866	1
1922.6342	-1
1929.5817	-1
1936.5292	-1
1943.4767	-1
1950.4242	-1
1957.3717	-1
1964.3195	-1
1971.2672	-1
1978.2150	-1
1985.1627	-1
1992.1105	-1
1999.0582	-1
2006.0061	-1
2012.9540	-1
2019.9019	-1
2026.8497	-1
2033.7976	-1
2040.7455	-1
2047.6935	-1
2054.6414	-1
2061.5894	-1
2068.5374	-1
2075.4854	-1
2082.4333	-1
2089.3813	-1
2096.3293	-1
2103.2773	-1
2110.2253	-1
2117.1733	-1
2124.1213	-1
2131.0696	-1
2138.0178	-1
2144.9661	-1
2151.9143	-1
2158.8625	-1
2165.8108	-1
2172.7590	-1
2179.7073	-1
2186.6555	-1
2193.6038	-1
2200.5520	-1
2207.5002	-1
2214.4502	1
2221.4004	1
2228.3506	1
2235.3008	1
2242.2510	1
2249.2012	1
2256.1514	1
2263.1018	1
2270.0522	1
2277.0027	1
2283.9531	1
2290.9036	1
2297.8540	1
2304.8047	1
2311.7556	-1
2318.7065	-1
2325.6575	-1
2332.6084	-1
2339.5593	-1
2346.5103	-1
2353.4614	-1
2360.4126	-1
2367.3638	-1
2374.3149	-1
2381.2661	-1
2388.2173	-1
2395.1687	-1
2402.1201	-1
2409.0715	-1
2416.0229	-1
2422.9744	-1
2429.9258	-1
2436.8772	-1
2443.8286	-1
2450.7800	-1
2457.7314	-1
2464.6829	-1
2471.6343	-1
2478.5859	-1
2485.5376	-1
2492.4893	-1
2499.4409	-1
2506.3926	-1
2513.3442	-1
2520.2961	-1
2527.2480	-1
2534.2000	-1
2541.1519	-1
2548.1038	-1
2555.0557	-1
2562.0078	-1
2568.9600	-1
2575.9121	-1
2582.8643	-1
2589.8164	-1
2596.7686	-1
2603.7207	-1
2610.6729	-1
2617.6250	-1
2624.5771	-1
2631.5293	-1
2638.4817	-1
2645.4341	-1
2652.3865	-1
2659.3389	-1
2666.2913	-1
2673.2437	-1
2680.1960	-1
2687.1487	-1
2694.1013	-1
2701.0540	-1
2708.0066	-1
2714.9592	-1
2721.9119	-1
2728.8657	1
2735.8196	1
2742.7734	1
2749.7273	1
2756.6812	1
2763.6350	1
2770.5889	1
2777.5430	1
2784.4971	1
2791.4512	1
2798.4053	1
2805.3594	1
2812.3135	1
2819.2678	1
2826.2222	1
2833.1765	1
2840.1309	1
2847.0852	1
2854.0398	1
2860.9944	1
2867.9492	-1
2874.9041	-1
2881.8589	-1
2888.8137	-1
2895.7686	-1
2902.7234	-1
2909.6843	-1
2916.6453	-1
2923.6062	-1
2930.5671	-1
2937.5281	-1
2944.4890	-1
2951.4502	-1
2958.4114	-1
2965.3726	-1
2972.3337	-1
2979.2949	-1
2986.2561	-1
2993.2173	-1
3000.1785	-1
3007.1396	-1
3014.1008	-1
3021.0620	-1
3028.0232	-1
3034.9846	-1
3041.9460	-1
3048.9075	-1
3055.8689	-1
3062.8303	-1
3069.7917	-1
3076.7532	-1
3083.7146	-1
3090.6760	-1
3097.6375	-1
3104.5989	-1
3111.5603	-1
3118.5220	-1
3125.4836	-1
3132.4453	-1
3139.4070	-1
3146.3687	-1
3153.3303	-1
3160.2920	-1
3167.2537	-1
3174.2153	-1
3181.1770	-1
3188.1387	-1
3195.1003	-1
3202.0623	-1
3209.0242	-1
3215.9861	-1
3222.9480	-1
3229.9099	-1
3236.8718	-1
3243.8340	-1
3250.7961	-1
3257.7583	-1
3264.7205	-1
3271.6826	-1
3278.6448	-1
3285.6069	-1
3292.5691	-1
3299.5312	-1
3306.4934	-1
3313.4556	-1
3320.4177	-1
3327.3801	-1
3334.3425	-1
3341.3049	-1
3348.2673	-1
3355.2297	-1
3362.1921	-1
3369.1545	-1
3376.1169	-1
3383.0793	-1
3390.0417	-1
3397.0042	-1
3403.9666	-1
3410.9292	-1
3417.8918	-1
3424.8545	-1
3431.8171	-1
3438.7798	-1
3445.7424	-1
3452.7051	-1
3459.6677	-1
3466.6304	-1
3473.5933	-1
3480.5562	-1
3487.5190	-1
3494.4819	-1
3501.4448	-1
3508.4077	-1
3515.3706	-1
3522.3335	-1
3529.2964	-1
3536.2598	1
3543.2231	1
3550.1868	1
3557.1504	1
3564.1143	1
3571.0781	1
3578.0422	1
3585.0063	1
3591.9705	1
3598.9346	1
3605.8989	1
3612.8633	1
3619.8279	1
3626.7925	1
3633.7571	1
3640.7236	-1
3647.6902	-1
3654.6567	-1
3661.6233	-1
3668.5898	-1
3675.5564	-1
3682.5232	-1
3689.4900	-1
3696.4568	-1
3703.4236	-1
3710.3904	-1
3717.3572	-1
3724.3242	-1
3731.2913	-1
3738.2583	-1
3745.2253	-1
3752.1924	-1
3759.1594	-1
3766.1267	-1
3773.0940	-1
3780.0613	-1
3787.0286	-1
3793.9958	-1
3800.9631	-1
3807.9307	-1
3814.8982	-1
3821.8657	-1
3828.8333	-1
3835.8008	-1
3842.7683	-1
3849.7358	-1
3856.7034	-1
3863.6709	-1
3870.6384	-1
3877.6060	-1
3884.5735	-1
3891.5413	-1
3898.5090	-1
3905.4768	-1
3912.4446	-1
3919.4124	-1
3926.3801	-1
3933.3481	-1
3940.3162	-1
3947.2842	-1
3954.2522	-1
3961.2202	-1
3968.1882	-1
3975.1562	-1
3982.1243	-1
3989.0923	-1
3996.0603	-1
4003.0283	-1
4009.9963	-1
4016.9670	-1
4023.9377	-1
4030.9084	-1
4037.8792	-1
4044.8499	-1
4051.8206	-1
4058.7915	-1
4065.7625	-1
4072.7334	-1
4079.7043	-1
4086.6753	-1
4093.6462	-1
4100.6177	-1
4107.5894	-1
4114.5610	-1
4121.5327	-1
4128.5044	-1
4135.4761	-1
4142.4478	-1
4149.4194	-1
4156.3911	-1
4163.3628	-1
4170.3345	-1
4177.3062	-1
4184.2778	-1
4191.2495	-1
4198.2212	-1
4205.1929	-1
4212.1646	-1
4219.1362	-1
4226.1084	-1
4233.0806	-1
4240.0527	-1
4247.0249	-1
4253.9971	-1
4260.9692	-1
4267.9414	-1
4274.9136	-1
4281.8857	-1
4288.8579	-1
4295.8301	-1
4302.8022	-1
4309.7744	-1
4316.7466	-1
4323.7188	-1
4330.6909	-1
4337.6631	-1
4344.6353	-1
4351.6079	-1
4358.5806	-1
4365.5532	-1
4372.5259	-1
4379.4985	-1
4386.4712	-1
4393.4438	-1
4400.4165	-1
4407.3892	-1
4414.3618	-1
4421.3345	-1
4428.3071	-1
4435.2822	-1
4442.2573	-1
4449.2324	-1
4456.2075	-1
4463.1826	-1
4470.1577	-1
4477.1328	-1
4484.1079	-1
4491.0830	-1
4498.0581	-1
4505.0332	-1
4512.0083	-1
4518.9849	-1
4525.9614	-1
4532.9380	-1
4539.9146	-1
4546.8911	-1
4553.8677	-1
4560.8442	-1
4567.8208	-1
4574.7974	-1
4581.7739	-1
4588.7505	-1
4595.7271	-1
4602.7041	-1
4609.6812	-1
4616.6582	-1
4623.6353	-1
4630.6123	-1
4637.5894	-1
4644.5664	-1
4651.5435	-1
4658.5205	-1
4665.4976	-1
4672.4746	-1
4679.4517	-1
4686.4287	-1
4693.4058	-1
4700.3828	-1
4707.3599	-1
4714.3369	-1
4721.3140	-1
4728.2920	-1
4735.2700	-1
4742.2480	-1
4749.2261	-1
4756.2041	-1
4763.1821	-1
4770.1602	-1
4777.1382	-1
4784.1162	-1
4791.0942	-1
4798.0723	-1
4805.0503	-1
4812.0283	-1
4819.0063	-1
4825.9844	-1
4832.9624	-1
4839.9404	-1
4846.9185	-1
4853.8970	-1
4860.8755	-1
4867.8540	-1
4874.8325	-1
4881.8110	-1
4888.7896	-1
4895.7681	-1
4902.7466	-1
4909.7251	-1
4916.7036	-1
4923.6821	-1
4930.6606	-1
4937.6392	-1
4944.6177	-1
4951.5962	-1
4958.5747	-1
4965.5532	-1
4972.5317	-1
4979.5103	-1
4986.4888	-1
4993.4673	-1
5000.4458	-1
5007.4385	1
5014.4326	-1
5021.4272	1
5028.4219	1
5035.4180	-1
5042.4141	-1
5049.4102	-1
5056.4062	-1
5063.4023	-1
5070.3984	-1
5077.3945	-1
5084.3906	-1
5091.3867	-1
5098.3828	-1
5105.3789	-1
5112.3750	-1
5119.3716	1
5126.3682	1
5133.3647	1
5140.3613	1
5147.3594	-1
5154.3574	-1
5161.3555	-1
5168.3535	-1
5175.3516	-1
5182.3496	-1
5189.3481	-1
5196.3467	-1
5203.3452	-1
5210.3438	-1
5217.3423	-1
5224.3408	-1
5231.3394	-1
5238.3379	-1
5245.3364	-1
5252.3350	-1
5259.3335	-1
5266.3320	-1
5273.3306	-1
5280.3291	-1
5287.3276	-1
5294.3262	-1
5301.3247	-1
5308.3232	-1
5315.3223	1
5322.3213	1
5329.3203	1
5336.3193	1
5343.3184	1
5350.3174	1
5357.3164	1
5364.3154	1
5371.3159	-1
5378.3164	-1
5385.3169	-1
5392.3174	-1
5399.3179	-1
5406.3184	-1
5413.3193	-1
5420.3203	-1
5427.3213	-1
5434.3223	-1
5441.3232	-1
5448.3242	-1
5455.3262	-1
5462.3281	-1
5469.3301	-1
5476.3320	-1
5483.3340	-1
5490.3359	-1
5497.3379	-1
5504.3398	-1
5511.3418	-1
5518.3438	-1
5525.3457	-1
5532.3477	-1
5539.3501	-1
5546.3525	-1
5553.3550	-1
5560.3574	-1
5567.3599	-1
5574.3623	-1
5581.3647	-1
5588.3672	-1
5595.3696	-1
5602.3721	-1
5609.3745	-1
5616.3770	-1
5623.3794	-1
5630.3818	-1
5637.3843	-1
5644.3867	-1
5651.3892	-1
5658.3916	-1
5665.3940	-1
5672.3965	-1
5679.3989	-1
5686.4014	-1
5693.4038	-1
5700.4062	-1
5707.4092	1
5714.4121	1
5721.4155	1
5728.4189	1
5735.4224	1
5742.4258	1
5749.4292	1
5756.4326	1
5763.4360	1
5770.4395	1
5777.4429	1
5784.4468	1
5791.4507	1
5798.4546	1
5805.4585	1
5812.4624	1
5819.4692	-1
5826.4761	-1
5833.4829	-1
5840.4897	-1
5847.4966	-1
5854.5034	-1
5861.5103	-1
5868.5171	-1
5875.5239	-1
5882.5308	-1
5889.5376	-1
5896.5444	-1
5903.5513	-1
5910.5581	-1
5917.5649	-1
5924.5718	-1
5931.5786	-1
5938.5854	-1
5945.5928	-1
5952.6001	-1
5959.6074	-1
5966.6147	-1
5973.6221	-1
5980.6294	-1
5987.6367	-1
5994.6440	-1
6001.6514	-1
6008.6587	-1
6015.6660	-1
6022.6733	-1
6029.6807	-1
6036.6880	-1
6043.6953	-1
6050.7026	-1
6057.7100	-1
6064.7173	-1
6071.7246	-1
6078.7319	-1
6085.7393	-1
6092.7466	-1
6099.7539	-1
6106.7612	-1
6113.7695	1
6120.7778	1
6127.7861	1
6134.7944	1
6141.8027	1
6148.8115	1
6155.8203	1
6162.8291	1
6169.8398	1
6176.8506	1
6183.8618	1
6190.8730	1
6197.8843	1
6204.8955	1
6211.9092	-1
6218.9229	-1
6225.9365	-1
6232.9502	-1
6239.9639	-1
6246.9775	-1
6253.9917	-1
6261.0059	-1
6268.0200	-1
6275.0342	-1
6282.0483	-1
6289.0625	-1
6296.0771	-1
6303.0918	-1
6310.1064	-1
6317.1211	-1
6324.1357	-1
6331.1504	-1
6338.1650	-1
6345.1797	-1
6352.1943	-1
6359.2090	-1
6366.2236	-1
6373.2383	-1
6380.2529	-1
6387.2676	-1
6394.2822	-1
6401.2969	-1
6408.3115	-1
6415.3262	-1
6422.3423	1
6429.3589	-1
6436.3755	-1
6443.3921	-1
6450.4087	-1
6457.4253	-1
6464.4419	-1
6471.4585	-1
6478.4751	-1
6485.4917	-1
6492.5083	-1
6499.5254	-1
6506.5425	-1
6513.5596	-1
6520.5767	-1
6527.5938	-1
6534.6108	-1
6541.6279	-1
6548.6450	-1
6555.6621	-1
6562.6792	-1
6569.6963	-1
6576.7134	-1
6583.7305	-1
6590.7476	-1
6597.7646	-1
6604.7817	-1
6611.7988	-1
6618.8159	-1
6625.8330	-1
6632.8501	-1
6639.8677	-1
6646.8853	-1
6653.9028	-1
6660.9204	-1
6667.9380	-1
6674.9556	-1
6681.9731	-1
6688.9907	-1
6696.0083	-1
6703.0259	-1
6710.0435	-1
6717.0610	-1
6724.0786	-1
6731.0962	-1
6738.1138	-1
6745.1313	-1
6752.1489	-1
6759.1665	-1
6766.1846	-1
6773.2026	-1
6780.2207	-1
6787.2388	-1
6794.2568	-1
6801.2749	-1
6808.2930	-1
6815.3110	-1
6822.3291	-1
6829.3472	-1
6836.3652	-1
6843.3833	-1
6850.4014	-1
6857.4194	-1
6864.4375	-1
6871.4556	-1
6878.4736	-1
6885.4917	-1
6892.5122	-1
6899.5327	-1
6906.5532	-1
6913.5737	-1
6920.5942	-1
6927.6147	-1
6934.6353	-1
6941.6558	-1
6948.6763	-1
6955.6968	-1
6962.7173	-1
6969.7378	-1
6976.7583	-1
6983.7788	-1
6990.7993	-1
6997.8198	-1
7004.8403	-1
7011.8608	-1
7018.8818	-1
7025.9028	-1
7032.9238	-1
7039.9448	-1
7046.9658	-1
7053.9868	-1
7061.0078	-1
7068.0288	-1
7075.0498	-1
7082.0708	-1
7089.0918	-1
7096.1128	-1
7103.1338	-1
7110.1548	-1
7117.1758	-1
7124.1968	-1
7131.2178	-1
7138.2388	-1
7145.2603	-1
7152.2817	-1
7159.3032	-1
7166.3247	-1
7173.3462	-1
7180.3677	-1
7187.3892	-1
7194.4106	-1
7201.4321	-1
7208.4536	-1
7215.4907	1
7222.5293	-1
7229.5684	1
7236.6079	1
7243.6484	-1
7250.6890	-1
7257.7295	-1
7264.7700	-1
7271.8105	-1
7278.8511	-1
7285.8916	-1
7292.9321	-1
7299.9858	1
7307.0415	-1
7314.0972	1
7321.1528	1
7328.2100	-1
7335.2671	-1
7342.3242	-1
7349.3813	-1
7356.4385	-1
7363.4956	-1
7370.5527	-1
7377.6099	-1
7384.6670	-1
7391.7241	-1
7398.7812	-1
7405.8384	-1
7412.8960	1
7419.9546	-1
7427.0132	-1
7434.0718	-1
7441.1309	-1
7448.1899	-1
7455.2490	-1
7462.3228	1
7469.3989	-1
7476.4756	1
7483.5522	1
7490.6299	-1
7497.7075	-1
7504.7852	-1
7511.8628	-1
7518.9404	-1
7526.0181	-1
7533.0957	-1
7540.1733	-1
7547.2510	-1
7554.3286	-1
7561.4062	-1
7568.4980	1
7575.5913	-1
7582.6851	1
7589.7788	1
7596.8735	-1
7603.9683	-1
7611.0630	-1
7618.1577	-1
7625.2524	-1
7632.3472	-1
7639.4419	-1
7646.5366	-1
7653.6313	-1
7660.7261	-1
7667.8208	-1
7674.9155	-1
7682.0107	1
7689.1060	1
7696.2012	1
7703.2969	1
7710.3936	-1
7717.4907	-1
7724.5879	-1
7731.6851	-1
7738.7822	-1
7745.8794	-1
7752.9766	-1
7760.0737	-1
7767.1709	-1
7774.2681	-1
7781.3652	-1
7788.4624	-1
7795.5596	-1
7802.6567	-1
7809.7539	-1
7816.8511	-1
7823.9482	-1
7831.0459	-1
7838.1436	-1
7845.2412	-1
7852.3389	-1
7859.4365	-1
7866.5342	-1
7873.6318	-1
7880.7295	1
7887.8271	1
7894.9248	1
7902.0229	1
7909.1211	1
7916.2192	1
7923.3174	1
7930.4155	1
7937.5161	-1
7944.6167	-1
7951.7173	-1
7958.8179	-1
7965.9185	-1
7973.0190	-1
7980.1201	-1
7987.2212	-1
7994.3223	-1
8001.4233	-1
8008.5244	-1
8015.6255	-1
8022.7266	-1
8029.8276	-1
8036.9287	-1
8044.0298	-1
8051.1309	-1
8058.2319	-1
8065.3335	-1
8072.4351	-1
8079.5366	-1
8086.6382	-1
8093.7397	-1
8100.8413	-1
8107.9429	-1
8115.0444	-1
8122.1460	-1
8129.2476	-1
8136.3491	-1
8143.4507	-1
8150.5522	-1
8157.6538	-1
8164.7554	-1
8171.8569	-1
8178.9585	-1
8186.0601	-1
8193.1621	1
8200.2637	1
8207.3672	1
8214.4707	1
8221.5742	1
8228.6777	1
8235.7812	1
8242.8848	1
8249.9883	1
8257.0918	1
8264.1953	1
8271.2988	1
8278.4023	-1
8285.5059	-1
8292.6094	-1
8299.7129	-1
8306.8164	-1
8313.9199	-1
8321.0234	-1
8328.1270	-1
8335.2305	-1
8342.3340	-1
8349.4375	-1
8356.5410	-1
8363.6455	-1
8370.7500	-1
8377.8545	-1
8384.9590	-1
8392.0635	-1
8399.1680	-1
8406.2734	1
8413.3789	1
8420.4844	1
8427.5898	1
8434.6953	1
8441.8008	1
8448.9072	-1
8456.0137	-1
8463.1201	-1
8470.2266	-1
8477.3330	-1
8484.4395	-1
8491.5469	-1
8498.6543	-1
8505.7617	-1
8512.8691	-1
8519.9766	-1
8527.0840	-1
8534.1914	-1
8541.2988	-1
8548.4062	-1
8555.5137	-1
8562.6211	-1
8569.7285	-1
8576.8359	-1
8583.9434	-1
8591.0508	-1
8598.1582	-1
8605.2656	-1
8612.3730	-1
8619.4814	1
8626.5898	1
8633.7012	-1
8640.8125	-1
8647.9238	-1
8655.0352	-1
8662.1465	-1
8669.2578	-1
8676.3691	-1
8683.4805	-1
8690.5918	-1
8697.7031	-1
8704.8145	-1
8711.9258	-1
8719.0371	-1
8726.1484	-1
8733.2598	-1
8740.3711	-1
8747.4824	-1
8754.5938	-1
8761.7061	-1
8768.8184	-1
8775.9307	-1
8783.0430	-1
8790.1553	-1
8797.2676	-1
8804.3799	-1
8811.4922	-1
8818.6045	-1
8825.7168	-1
8832.8291	-1
8839.9414	-1
8847.0537	-1
8854.1660	-1
8861.2783	-1
8868.3906	-1
8875.5029	-1
8882.6152	-1
8889.7275	-1
8896.8398	-1
8903.9521	-1
8911.0645	-1
8918.1768	-1
8925.2891	-1
8932.4014	-1
8939.5137	-1
8946.6260	-1
8953.7383	-1
8960.8506	-1
8967.9629	-1
8975.0752	-1
8982.1875	-1
8989.2998	-1
8996.4121	-1
9003.5244	-1
9010.6367	-1
9017.7510	-1
9024.8652	-1
9031.9795	-1
9039.0938	-1
9046.2080	-1
9053.3223	-1
9060.4365	-1
9067.5508	-1
9074.6650	-1
9081.7793	-1
9088.8936	-1
9096.0078	-1
9103.1230	-1
9110.2383	-1
9117.3535	-1
9124.4688	-1
9131.5840	-1
9138.6992	-1
9145.8145	-1
9152.9297	-1
9160.0449	-1
9167.1602	-1
9174.2754	-1
9181.3906	-1
9188.5059	-1
9195.6221	-1
9202.7383	-1
9209.8545	-1
9216.9707	-1
9224.0869	-1
9231.2031	-1
9238.3193	-1
9245.4482	1
9252.5791	-1
9259.7100	1
9266.8408	1
9273.9736	-1
9281.1064	-1
9288.2393	-1
9295.3838	1
9302.5303	-1
9309.6777	1
9316.8252	1
9323.9736	-1
9331.1221	-1
9338.2705	-1
9345.4189	-1
9352.5674	-1
9359.7275	1
9366.8896	-1
9374.0518	1
9381.2139	1
9388.3779	-1
9395.5420	-1
9402.7061	-1
9409.8701	-1
9417.0342	-1
9424.1982	-1
9431.3623	-1
9438.5264	-1
9445.6904	-1
9452.8545	-1
9460.0186	-1
9467.1826	-1
9474.3477	1
9481.5127	1
9488.6787	-1
9495.8447	-1
9503.0107	-1
9510.1768	-1
9517.3428	-1
9524.5088	-1
9531.6758	-1
9538.8428	-1
9546.0195	-1
9553.2002	1
9560.3828	-1
9567.5654	1
9574.7480	1
9581.9316	-1
9589.1152	-1
9596.2988	-1
9603.4824	-1
9610.6660	-1
9617.8496	-1
9625.0332	-1
9632.2168	-1
9639.4004	-1
9646.5840	-1
9653.7676	-1
9660.9512	-1
9668.1348	1
9675.3184	1
9682.5020	1
9689.6855	1
9696.8701	-1
9704.0547	-1
9711.2402	-1
9718.4258	-1
9725.6113	-1
9732.7969	-1
9739.9824	-1
9747.1680	-1
9754.3535	-1
9761.5391	-1
9768.7246	-1
9775.9102	-1
9783.0957	-1
9790.2812	-1
9797.4668	-1
9804.6523	-1
9811.8379	-1
9819.0234	-1
9826.2090	-1
9833.3945	-1
9840.5801	-1
9847.7656	-1
9854.9512	-1
9862.1367	-1
9869.3223	1
9876.5078	1
9883.6934	1
9890.8789	1
9898.0645	1
9905.2510	1
9912.4375	1
9919.6240	1
9926.8105	-1
9933.9971	-1
9941.1836	-1
9948.3701	-1
9955.5566	-1
9962.7432	-1
9969.9307	-1
9977.1182	-1
9984.3057	-1
9991.4932	-1
9998.6807	-1
10005.8682	-1
10013.0566	-1
10020.2451	-1
10027.4336	-1
10034.6221	-1
10041.8105	-1
10048.9990	-1
10056.1875	-1
10063.3760	-1
10070.5645	-1
10077.7529	-1
10084.9414	-1
10092.1299	-1
10099.3184	-1
10106.5068	-1
10113.6953	-1
10120.8838	-1
10128.0723	-1
10135.2607	-1
10142.4492	-1
10149.6377	-1
10156.8262	-1
10164.0146	-1
10171.2031	-1
10178.3916	-1
10185.5801	-1
10192.7686	-1
10199.9570	-1
10207.1455	-1
10214.3340	-1
10221.5225	-1
10228.7109	-1
10235.8994	-1
10243.0879	-1
10250.2764	-1
10257.4648	-1
10264.6533	-1
10271.8428	1
10279.0332	1
10286.2236	1
10293.4141	1
10300.6045	1
10307.7949	1
10314.9854	1
10322.1758	1
10329.3662	1
10336.5566	1
10343.7471	-1
10350.9375	-1
10358.1279	-1
10365.3184	-1
10372.5088	-1
10379.6992	-1
10386.8906	-1
10394.0820	-1
10401.2734	-1
10408.4648	-1
10415.6562	-1
10422.8477	-1
10430.0400	-1
10437.2324	-1
10444.4248	-1
10451.6172	-1
10458.8096	-1
10466.0020	-1
10473.1963	-1
10480.3906	-1
10487.5850	-1
10494.7793	-1
10501.9736	-1
10509.1680	-1
10516.3623	-1
10523.5566	-1
10530.7510	-1
10537.9453	-1
10545.1396	-1
10552.3340	-1
10559.5283	-1
10566.7227	-1
10573.9170	-1
10581.1113	-1
10588.3057	-1
10595.5000	-1
10602.6943	-1
10609.8887	-1
10617.0830	-1
10624.2773	-1
10631.4717	-1
10638.6660	-1
10645.8604	-1
10653.0547	-1
10660.2490	-1
10667.4434	-1
10674.6387	-1
10681.8340	-1
10689.0293	-1
10696.2246	-1
10703.4199	-1
10710.6152	-1
10717.8105	-1
10725.0059	-1
10732.2012	-1
10739.3965	-1
10746.5918	-1
10753.7998	1
10761.0098	-1
10768.2197	1
10775.4307	1
10782.6426	-1
10789.8545	-1
10797.0664	-1
10804.2783	-1
10811.4902	-1
10818.7021	-1
10825.9141	-1
10833.1260	-1
10840.3525	1
10847.5811	-1
10854.8096	1
10862.0381	1
10869.2686	-1
10876.4990	-1
10883.7295	-1
10890.9600	-1
10898.1904	-1
10905.4209	-1
10912.6514	-1
10919.8984	1
10927.1475	-1
10934.3965	1
10941.6455	1
10948.8965	-1
10956.1475	-1
10963.3984	-1
10970.6494	-1
10977.9004	-1
10985.1650	1
10992.4316	-1
10999.6992	1
11006.9668	1
11014.2354	-1
11021.5039	-1
11028.7725	-1
11036.0410	-1
11043.3096	-1
11050.5781	-1
11057.8467	-1
11065.1152	-1
11072.3838	-1
11079.6523	-1
11086.9209	-1
11094.1895	-1
11101.4590	1
11108.7285	1
11115.9980	1
11123.2676	1
11130.5381	-1
11137.8086	-1
11145.0791	-1
11152.3496	-1
11159.6201	-1
11166.8906	-1
11174.1611	-1
11181.4316	-1
11188.7021	-1
11195.9727	-1
11203.2432	-1
11210.5137	-1
11217.7852	-1
11225.0566	-1
11232.3281	-1
11239.5996	-1
11246.8711	-1
11254.1426	-1
11261.4141	-1
11268.6855	-1
11275.9570	-1
11283.2285	-1
11290.5000	-1
11297.7715	-1
11305.0430	1
11312.3145	1
11319.5859	1
11326.8574	1
11334.1289	1
11341.4004	1
11348.6719	1
11355.9443	1
11363.2178	-1
11370.4912	-1
11377.7646	-1
11385.0381	-1
11392.3115	-1
11399.5850	-1
11406.8584	-1
11414.1318	-1
11421.4053	-1
11428.6787	-1
11435.9521	-1
11443.2256	-1
11450.4990	-1
11457.7725	-1
11465.0459	-1
11472.3193	-1
11479.5928	-1
11486.8662	-1
11494.1406	-1
11501.4150	-1
11508.6895	-1
11515.9639	-1
11523.2383	-1
11530.5127	-1
11537.7871	-1
11545.0615	-1
11552.3359	-1
11559.6104	-1
11566.8848	-1
11574.1592	-1
11581.4336	-1
11588.7080	-1
11595.9824	-1
11603.2568	-1
11610.5312	-1
11617.8057	-1
11625.0801	-1
11632.3545	-1
11639.6289	-1
11646.9033	-1
11654.1777	-1
11661.4521	-1
11668.7266	-1
11676.0010	-1
11683.2754	-1
11690.5498	-1
11697.8242	-1
11705.0986	-1
11712.3740	1
11719.6494	1
11726.9248	1
11734.2002	1
11741.4756	1
11748.7510	1
11756.0264	1
11763.3047	-1
11770.5830	-1
11777.8613	-1
11785.1396	-1
11792.4180	-1
11799.6963	-1
11806.9746	-1
11814.2529	-1
11821.5312	-1
11828.8096	-1
11836.0879	-1
11843.3662	-1
11850.6455	-1
11857.9248	-1
11865.2041	-1
11872.4834	-1
11879.7627	-1
11887.0420	-1
11894.3213	-1
11901.6006	-1
11908.8799	-1
11916.1592	-1
11923.4385	-1
11930.7178	-1
11937.9971	-1
11945.2764	-1
11952.5557	-1
11959.8350	-1
11967.1143	-1
11974.3936	-1
11981.6729	-1
11988.9521	-1
11996.2314	-1
12003.5107	-1
12010.7900	-1
12018.0693	-1
12025.3486	-1
12032.6279	-1
12039.9072	-1
12047.1865	-1
12054.4658	-1
12061.7598	1
12069.0557	-1
12076.3516	1
12083.6475	1
12090.9443	-1
12098.2412	-1
12105.5381	-1
12112.8350	-1
12120.1318	-1
12127.4287	-1
12134.7266	-1
12142.0244	-1
12149.3223	-1
12156.6201	-1
12163.9180	-1
12171.2158	-1
12178.5137	1
12185.8115	1
12193.1094	1
12200.4082	1
12207.7080	-1
12215.0078	-1
12222.3076	-1
12229.6074	-1
12236.9072	-1
12244.2070	-1
12251.5068	-1
12258.8066	-1
12266.1064	-1
12273.4062	-1
12280.7061	-1
12288.0059	-1
12295.3057	-1
12302.6055	-1
12309.9053	-1
12317.2051	-1
12324.5049	-1
12331.8047	-1
12339.1045	-1
12346.4043	-1
12353.7041	-1
12361.0039	-1
12368.3037	-1
12375.6035	-1
12382.9033	1
12390.2041	1
12397.5049	1
12404.8057	1
12412.1064	1
12419.4072	1
12426.7080	1
12434.0088	1
12441.3096	-1
12448.6104	-1
12455.9111	-1
12463.2119	-1
12470.5127	-1
12477.8135	-1
12485.1152	1
12492.4170	1
12499.7227	-1
12507.0283	-1
12514.3340	-1
12521.6396	-1
12528.9453	-1
12536.2510	-1
12543.5566	-1
12550.8623	-1
12558.1680	-1
12565.4736	-1
12572.7793	-1
12580.0850	-1
12587.3906	-1
12594.6963	-1
12602.0020	-1
12609.3076	-1
12616.6133	-1
12623.9189	-1
12631.2246	-1
12638.5303	-1
12645.8359	-1
12653.1416	-1
12660.4473	-1
12667.7529	-1
12675.0586	-1
12682.3643	-1
12689.6699	-1
12696.9756	-1
12704.2812	-1
12711.5869	-1
12718.8936	-1
12726.2002	-1
12733.5068	-1
12740.8135	-1
12748.1201	-1
12755.4268	-1
12762.7334	-1
12770.0400	-1
12777.3467	-1
12784.6533	-1
12791.9600	-1
12799.2666	-1
12806.5732	-1
12813.8799	-1
12821.1865	-1
12828.4932	-1
12835.7998	-1
12843.1064	-1
12850.4131	-1
12857.7197	-1
12865.0264	-1
12872.3330	-1
12879.6396	-1
12886.9463	-1
12894.2539	1
12901.5615	1
12908.8691	1
12916.1768	1
12923.4844	1
12930.7920	1
12938.1006	1
12945.4102	-1
12952.7197	-1
12960.0293	-1
12967.3389	-1
12974.6484	-1
12981.9580	-1
12989.2686	-1
12996.5791	-1
13003.8896	-1
13011.2002	-1
13018.5107	-1
13025.8213	-1
13033.1318	-1
13040.4424	-1
13047.7529	-1
13055.0635	-1
13062.3740	-1
13069.6846	-1
13076.9961	-1
13084.3076	-1
13091.6191	-1
13098.9307	-1
13106.2422	-1
13113.5537	-1
13120.8652	-1
13128.1768	-1
13135.4883	-1
13142.7998	-1
13150.1113	-1
13157.4229	-1
13164.7344	-1
13172.0459	-1
13179.3574	-1
13186.6689	-1
13193.9805	-1
13201.2920	-1
13208.6035	-1
13215.9150	-1
13223.2266	-1
13230.5381	-1
13237.8682	1
13245.2002	-1
13252.5322	1
13259.8643	1
13267.1982	-1
13274.5322	-1
13281.8662	-1
13289.2002	-1
13296.5342	-1
13303.8682	-1
13311.2021	-1
13318.5361	-1
13325.8701	-1
13333.2041	-1
13340.5381	-1
13347.8721	-1
13355.2070	1
13362.5420	1
13369.8770	1
13377.2119	1
13384.5479	-1
13391.8838	-1
13399.2197	-1
13406.5557	-1
13413.8916	-1
13421.2275	-1
13428.5645	-1
13435.9014	-1
13443.2383	-1
13450.5752	-1
13457.9121	-1
13465.2490	-1
13472.5859	-1
13479.9229	-1
13487.2598	-1
13494.5967	-1
13501.9336	-1
13509.2705	-1
13516.6074	-1
13523.9443	-1
13531.2812	-1
13538.6182	-1
13545.9551	-1
13553.2920	-1
13560.6299	1
13567.9688	1
13575.3076	1
13582.6465	1
13589.9854	1
13597.3242	1
13604.6631	1
13612.0020	1
13619.3418	-1
13626.6816	-1
13634.0215	-1
13641.3613	-1
13648.7012	-1
13656.0410	-1
13663.3818	-1
13670.7227	-1
13678.0635	-1
13685.4043	-1
13692.7451	-1
13700.0859	-1
13707.4277	1
13714.7695	1
13722.1113	1
13729.4531	1
13736.8008	-1
13744.1484	-1
13751.4961	-1
13758.8438	-1
13766.1914	-1
13773.5391	-1
13780.8867	-1
13788.2344	-1
13795.5820	-1
13802.9297	-1
13810.2773	-1
13817.6250	-1
13824.9727	-1
13832.3203	-1
13839.6680	-1
13847.0156	-1
13854.3633	-1
13861.7109	-1
13869.0586	-1
13876.4062	-1
13883.7539	-1
13891.1016	-1
13898.4492	-1
13905.7969	-1
13913.1445	-1
13920.4922	-1
13927.8398	-1
13935.1875	-1
13942.5352	-1
13949.8828	-1
13957.2314	1
13964.5801	1
13971.9287	1
13979.2773	1
13986.6260	1
13993.9756	1
14001.3252	1
14008.6748	1
14016.0244	-1
14023.3740	-1
14030.7236	-1
14038.0732	-1
14045.4229	-1
14052.7725	-1
14060.1221	-1
14067.4717	-1
14074.8213	-1
14082.1709	-1
14089.5205	-1
14096.8701	-1
14104.2207	-1
14111.5713	-1
14118.9219	-1
14126.2725	-1
14133.6230	-1
14140.9736	-1
14148.3242	1
14155.6748	1
14163.0254	-1
14170.3760	-1
14177.7266	-1
14185.0771	-1
14192.4277	-1
14199.7783	-1
14207.1289	-1
14214.4795	-1
14221.8301	-1
14229.1807	-1
14236.5312	-1
14243.8818	-1
14251.2344	1
14258.5869	1
14265.9395	1
14273.2920	1
14280.6455	1
14287.9990	1
14295.3525	1
14302.7061	1
14310.0596	1
14317.4131	1
14324.7666	-1
14332.1201	-1
14339.4736	-1
14346.8271	-1
14354.1807	-1
14361.5342	-1
14368.8906	-1
14376.2471	-1
14383.6035	-1
14390.9600	-1
14398.3164	-1
14405.6729	-1
14413.0303	-1
14420.3877	-1
14427.7451	-1
14435.1025	-1
14442.4600	-1
14449.8174	-1
14457.1748	-1
14464.5322	-1
14471.8896	-1
14479.2471	-1
14486.6045	-1
14493.9619	-1
14501.3193	-1
14508.6768	-1
14516.0342	-1
14523.3916	-1
14530.7490	-1
14538.1064	-1
14545.4648	-1
14552.8232	-1
14560.1816	-1
14567.5400	-1
14574.8984	-1
14582.2568	-1
14589.6152	-1
14596.9736	-1
14604.3320	-1
14611.6904	-1
14619.0488	-1
14626.4072	-1
14633.7666	-1
14641.1260	-1
14648.4854	-1
14655.8447	-1
14663.2041	-1
14670.5635	-1
14677.9229	-1
14685.2822	-1
14692.6416	-1
14700.0010	-1
14707.3604	-1
14714.7197	-1
14722.0791	-1
14729.4385	-1
14736.7979	-1
14744.1572	-1
14751.5166	-1
14758.8760	-1
14766.2354	1
14773.5947	1
14780.9541	1
14788.3135	1
14795.6729	1
14803.0322	1
14810.3916	1
14817.7510	1
14825.1104	1
14832.4697	1
14839.8301	1
14847.1904	1
14854.5508	1
14861.9131	1
14869.2754	1
14876.6377	1
14884.0000	1
14891.3623	1
14898.7246	1
14906.0869	1
14913.4492	-1
14920.8115	-1
14928.1738	-1
14935.5361	-1
14942.8984	-1
14950.2607	-1
14957.6240	-1
14964.9873	-1
14972.3506	-1
14979.7139	-1
14987.0771	-1
14994.4404	-1
15001.8037	-1
15009.1670	-1
15016.5303	-1
15023.8936	-1
15031.2568	-1
15038.6201	-1
15045.9834	-1
15053.3467	-1
15060.7100	-1
15068.0732	-1
15075.4365	-1
15082.7998	-1
15090.1631	-1
15097.5264	-1
15104.8896	-1
15112.2529	-1
15119.6162	-1
15126.9795	-1
15134.3428	-1
15141.7061	-1
15149.0693	-1
15156.4326	-1
15163.7959	-1
15171.1592	-1
15178.5225	-1
15185.8857	-1
15193.2490	-1
15200.6123	-1
15207.9756	-1
15215.3389	-1
15222.7031	-1
15230.0674	-1
15237.4316	-1
15244.7959	-1
15252.1602	-1
15259.5244	-1
15266.8887	-1
15274.2529	-1
15281.6172	-1
15288.9814	-1
15296.3457	-1
15303.7100	-1
15311.0742	-1
15318.4385	-1
15325.8027	-1
15333.1670	-1
15340.5312	-1
15347.8955	-1
15355.2617	1
15362.6279	1
15369.9941	1
15377.3604	1
15384.7266	1
15392.0928	1
15399.4590	1
15406.8252	1
15414.1924	1
15421.5596	1
15428.9268	1
15436.2939	1
15443.6611	1
15451.0283	1
15458.3984	-1
15465.7686	-1
15473.1387	-1
15480.5088	-1
15487.8789	-1
15495.2490	-1
15502.6191	-1
15509.9893	-1
15517.3594	-1
15524.7295	-1
15532.0996	-1
15539.4697	-1
15546.8398	-1
15554.2100	-1
15561.5801	-1
15568.9502	-1
15576.3203	-1
15583.6904	-1
15591.0605	-1
15598.4307	-1
15605.8008	-1
15613.1709	-1
15620.5410	-1
15627.9111	-1
15635.2822	-1
15642.6533	-1
15650.0244	-1
15657.3955	-1
15664.7666	-1
15672.1377	-1
15679.5088	-1
15686.8799	-1
15694.2510	-1
15701.6221	-1
15708.9932	-1
15716.3643	-1
15723.7363	1
15731.1084	1
15738.4805	1
15745.8525	1
15753.2246	1
15760.5967	1
15767.9707	-1
15775.3447	-1
15782.7188	-1
15790.0928	-1
15797.4668	-1
15804.8408	-1
15812.2148	-1
15819.5889	-1
15826.9629	-1
15834.3369	-1
15841.7109	-1
15849.0850	-1
15856.4590	-1
15863.8330	-1
15871.2070	-1
15878.5811	-1
15885.9551	-1
15893.3291	-1
15900.7031	1
15908.0781	1
15915.4531	-1
15922.8281	-1
15930.2031	-1
15937.5781	-1
15944.9531	-1
15952.3281	-1
15959.7031	-1
15967.0781	-1
15974.4531	-1
15981.8281	-1
15989.2031	-1
15996.5781	-1
16003.9531	-1
16011.3281	-1
16018.7031	-1
16026.0781	-1
16033.4531	-1
16040.8281	-1
16048.2031	-1
16055.5781	-1
16062.9541	-1
16070.3301	-1
16077.7061	-1
16085.0820	-1
16092.4580	1
16099.8340	1
16107.2100	1
16114.5869	1
16121.9639	-1
16129.3408	-1
16136.7178	-1
16144.0947	-1
16151.4717	-1
16158.8486	-1
16166.2256	1
16173.6025	1
16180.9795	1
16188.3564	1
16195.7334	1
16203.1104	1
16210.4873	1
16217.8652	1
16225.2441	1
16232.6230	1
16240.0020	1
16247.3809	1
16254.7598	1
16262.1387	1
16269.5176	1
16276.8965	1
16284.2754	1
16291.6543	1
16299.0332	1
16306.4121	1
16313.7910	1
16321.1699	1
16328.5508	-1
16335.9316	-1
16343.3125	-1
16350.6934	-1
16358.0742	-1
16365.4551	-1
16372.8359	-1
16380.2168	-1
16387.5977	-1
16394.9785	-1
16402.3594	-1
16409.7402	-1
16417.1211	-1
16424.5020	-1
16431.8828	-1
16439.2637	-1
16446.6445	-1
16454.0254	-1
16461.4062	-1
16468.7871	-1
16476.1680	-1
16483.5488	-1
16490.9297	-1
16498.3105	-1
16505.6914	-1
16513.0723	-1
16520.4531	-1
16527.8340	-1
16535.2148	-1
16542.5957	-1
16549.9785	-1
16557.3613	-1
16564.7441	-1
16572.1270	-1
16579.5098	-1
16586.8926	-1
16594.2754	-1
16601.6582	-1
16609.0410	-1
16616.4238	-1
16623.8066	-1
16631.1895	-1
16638.5723	-1
16645.9551	-1
16653.3379	-1
16660.7207	-1
16668.1035	-1
16675.4863	-1
16682.8711	-1
16690.2559	-1
16697.6406	-1
16705.0254	-1
16712.4102	-1
16719.7949	-1
16727.1816	1
16734.5684	1
16741.9551	1
16749.3418	1
16756.7285	1
16764.1152	-1
16771.5020	-1
16778.8887	-1
16786.2754	-1
16793.6621	-1
16801.0488	-1
16808.4375	-1
16815.8262	-1
16823.2148	-1
16830.6035	-1
16837.9922	-1
16845.3809	-1
16852.7695	-1
16860.1582	-1
16867.5469	-1
16874.9355	-1
16882.3242	-1
16889.7129	-1
16897.1016	-1
16904.4902	-1
16911.8789	-1
16919.2676	-1
16926.6562	-1
16934.0449	-1
16941.4336	-1
16948.8223	-1
16956.2109	-1
16963.5996	-1
16970.9883	-1
16978.3770	-1
16985.7656	-1
16993.1543	-1
17000.5430	-1
17007.9316	-1
17015.3203	-1
17022.7090	-1
17030.0977	-1
17037.4863	-1
17044.8750	-1
17052.2637	-1
17059.6523	-1
17067.0410	-1
17074.4297	-1
17081.8184	-1
17089.2070	-1
17096.5957	-1
17103.9844	-1
17111.3730	-1
17118.7617	-1
17126.1504	-1
17133.5391	-1
17140.9277	-1
17148.3164	-1
17155.7051	-1
17163.0938	-1
17170.4824	-1
17177.8711	-1
17185.2598	-1
17192.6484	-1
17200.0371	-1
17207.4258	-1
17214.8145	-1
17222.2031	-1
17229.5918	-1
17236.9805	-1
17244.3691	-1
17251.7598	-1
17259.1504	-1
17266.5410	-1
17273.9316	-1
17281.3223	-1
17288.7129	-1
17296.1035	-1
17303.4941	-1
17310.8848	-1
17318.2754	-1
17325.6660	-1
17333.0566	-1
17340.4492	-1
17347.8418	-1
17355.2344	-1
17362.6270	-1
17370.0195	-1
17377.4121	-1
17384.8047	-1
17392.1973	-1
17399.5898	-1
17406.9824	-1
17414.3750	-1
17421.7676	-1
17429.1602	-1
17436.5527	-1
17443.9453	-1
17451.3379	-1
17458.7305	-1
17466.1230	-1
17473.5156	-1
17480.9082	-1
17488.3008	-1
17495.6934	-1
17503.0859	-1
17510.4785	-1
17517.8711	-1
17525.2637	-1
17532.6562	-1
17540.0488	-1
17547.4414	-1
17554.8340	-1
17562.2266	-1
17569.6191	-1
17577.0117	-1
17584.4043	-1
17591.7969	-1
17599.1895	-1
17606.5820	-1
17613.9746	-1
17621.3672	-1
17628.7598	-1
17636.1523	-1
17643.5449	-1
17650.9414	-1
17658.3379	-1
17665.7344	-1
17673.1309	-1
17680.5273	-1
17687.9238	-1
17695.3223	-1
17702.7207	-1
17710.1191	-1
17717.5176	-1
17724.9160	-1
17732.3145	-1
17739.7129	-1
17747.1113	-1
17754.5098	-1
17761.9082	-1
17769.3066	-1
17776.7051	-1
17784.1035	-1
17791.5020	-1
17798.9004	-1
17806.2988	-1
17813.6973	-1
17821.0957	-1
17828.4941	-1
17835.8926	-1
17843.2910	-1
17850.6895	-1
17858.0879	-1
17865.4863	-1
17872.8848	-1
17880.2832	-1
17887.6816	-1
17895.0801	-1
17902.4785	-1
17909.8770	-1
17917.2773	-1
17924.6777	-1
17932.0781	-1
17939.4785	-1
17946.8789	-1
17954.2793	-1
17961.6816	-1
17969.0840	-1
17976.4863	-1
17983.8887	-1
17991.2910	-1
17998.6934	-1
18006.0957	-1
18013.4980	-1
18020.9004	-1
18028.3027	-1
18035.7051	-1
18043.1074	-1
18050.5117	-1
18057.9160	-1
18065.3203	-1
18072.7246	-1
18080.1289	-1
18087.5332	-1
18094.9375	-1
18102.3418	-1
18109.7461	-1
18117.1504	-1
18124.5547	-1
18131.9590	-1
18139.3633	-1
18146.7676	-1
18154.1719	-1
18161.5762	-1
18168.9805	-1
18176.3848	-1
18183.7891	-1
18191.1934	-1
18198.5977	-1
18206.0020	-1
18213.4062	-1
18220.8105	-1
18228.2148	-1
18235.6191	-1
18243.0234	-1
18250.4277	-1
18257.8320	-1
18265.2363	-1
18272.6406	-1
18280.0449	-1
18287.4492	-1
18294.8535	-1
18302.2578	-1
18309.6621	-1
18317.0664	-1
18324.4707	-1
18331.8750	-1
18339.2793	-1
18346.6836	-1
18354.0879	-1
18361.4941	-1
18368.9004	-1
18376.3066	-1
18383.7129	-1
18391.1191	-1
18398.5254	-1
18405.9316	-1
18413.3379	-1
18420.7441	-1
18428.1504	-1
18435.5566	-1
18442.9629	-1
18450.3691	-1
18457.7754	-1
18465.1816	-1
18472.5879	-1
18479.9941	-1
18487.4004	-1
18494.8066	-1
18502.2129	-1
18509.6191	-1
18517.0254	-1
18524.4316	-1
18531.8379	-1
18539.2441	-1
18546.6504	-1
18554.0566	-1
18561.4629	-1
18568.8691	-1
18576.2754	-1
18583.6816	-1
18591.0879	-1
18598.4941	-1
18605.9004	-1
18613.3066	-1
18620.7129	-1
18628.1191	-1
18635.5254	-1
18642.9316	-1
18650.3379	-1
18657.7441	-1
18665.1504	-1
18672.5566	-1
18679.9629	-1
18687.3691	-1
18694.7754	-1
18702.1816	-1
18709.5879	-1
18716.9941	-1
18724.4004	-1
18731.8066	-1
18739.2383	1
18746.8281	1
18754.4180	1
18762.0137	1
18769.6094	1
18777.2051	1
18784.8047	-1
18792.4043	-1
18800.0176	1
18807.6582	-1
18815.4590	-1
18823.2598	-1
18831.0605	-1
18838.8613	-1
18846.6621	-1
18854.4629	-1
18862.2637	-1
18870.1406	-1
18878.0176	-1
18885.8945	-1
18893.7715	-1
18901.6484	-1
18909.5254	-1
18917.4023	-1
18925.2793	-1
18933.1562	-1
18941.0332	-1
18948.9102	-1
18956.7871	-1
18964.6641	-1
18972.5410	-1
18980.4180	-1
18988.2949	-1
18996.1719	-1
19004.0488	-1
19011.9258	-1
19019.8027	-1
19027.6797	-1
19035.5566	-1
19043.4336	-1
19051.3105	-1
19059.2344	1
19067.1621	-1
19075.0898	1
19083.0176	1
19090.9453	-1
19098.8730	-1
19106.8008	-1
19114.7285	-1
19122.6562	-1
19130.5840	-1
19138.5137	-1
19146.4434	-1
19154.3730	-1
19162.3027	-1
19170.2324	-1
19178.1621	-1
19186.0918	1
19194.0215	1
19201.9512	1
19209.8809	1
19217.8105	-1
19225.7402	-1
19233.6699	-1
19241.5996	-1
19249.5293	-1
19257.4590	-1
19265.3906	-1
19273.3223	-1
19281.2539	-1
19289.1855	-1
19297.1172	-1
19305.0488	-1
19312.9805	1
19320.9121	1
19328.8438	-1
19336.7754	-1
19344.7070	-1
19352.6387	-1
19360.5703	-1
19368.5020	-1
19376.4336	-1
19384.3652	-1
19392.2969	-1
19400.2285	-1
19408.1602	-1
19416.0918	-1
19424.0234	-1
19431.9551	-1
19439.8867	-1
19447.8184	-1
19455.7500	-1
19463.6816	-1
19471.6133	-1
19479.5449	-1
19487.4766	-1
19495.4082	-1
19503.3398	-1
19511.2715	-1
19519.2051	1
19527.1387	1
19535.0723	1
19543.0059	1
19550.9395	1
19558.8730	1
19566.8066	1
19574.7402	1
19582.6738	1
19590.6074	1
19598.5410	-1
19606.4746	-1
19614.4082	-1
19622.3418	-1
19630.2754	-1
19638.2090	-1
19646.1445	-1
19654.0801	-1
19662.0156	-1
19669.9512	-1
19677.8867	-1
19685.8223	-1
19693.7578	1
19701.6934	1
19709.6289	1
19717.5645	-1
19725.5000	-1
19733.4355	-1
19741.3711	-1
19749.3066	-1
19757.2422	-1
19765.1777	1
19773.1133	-1
19781.0488	-1
19788.9844	-1
19796.9199	-1
19804.8555	-1
19812.7910	-1
19820.7285	1
19828.6660	1
19836.6035	1
19844.5410	1
19852.4785	-1
19860.4160	-1
19868.3535	-1
19876.2910	-1
19884.2285	-1
19892.1660	-1
19900.1035	-1
19908.0410	-1
19915.9785	-1
19923.9160	-1
19931.8535	-1
19939.7910	-1
19947.7285	-1
19955.6660	-1
19963.6035	-1
19971.5410	-1
19979.4785	-1
19987.4160	-1
19995.3535	-1
20003.2910	-1
20011.2285	-1
20019.1660	-1
20027.1035	-1
20035.0410	-1
20042.9785	-1
20050.9160	-1
20058.8535	-1
20066.7910	-1
20074.7285	-1
20082.6660	-1
20090.6035	-1
20098.5410	-1
20106.4785	-1
20114.4160	-1
20122.3535	-1
20130.2910	-1
20138.2305	-1
20146.1699	-1
20154.1094	-1
20162.0488	-1
20169.9883	-1
20177.9277	-1
20185.8672	1
20193.8066	1
20201.7461	1
20209.6855	1
20217.6250	1
20225.5645	1
20233.5039	1
20241.4434	1
20249.3828	1
20257.3223	1
20265.2617	-1
20273.2012	-1
20281.1406	-1
20289.0801	-1
20297.0195	-1
20304.9590	-1
20312.9004	-1
20320.8418	-1
20328.7832	-1
20336.7246	-1
20344.6660	-1
20352.6074	-1
20360.5488	-1
20368.4902	-1
20376.4316	-1
20384.3730	-1
20392.3145	-1
20400.2559	-1
20408.1973	-1
20416.1387	-1
20424.0801	-1
20432.0215	-1
20439.9629	-1
20447.9043	-1
20455.8457	-1
20463.7871	-1
20471.7285	-1
20479.6699	-1
20487.6113	-1
20495.5527	-1
20503.4941	-1
20511.4355	-1
20519.3770	-1
20527.3184	-1
20535.2598	-1
20543.2012	-1
20551.1426	-1
20559.0840	-1
20567.0254	-1
20574.9668	-1
20582.9082	-1
20590.8496	-1
20598.7910	1
20606.7324	1
20614.6738	1
20622.6152	1
20630.5566	1
20638.4980	1
20646.4414	1
20654.3848	1
20662.3281	1
20670.2715	1
20678.2148	1
20686.1602	1
20694.1055	1
20702.0508	1
20709.9961	1
20717.9414	1
20725.8867	1
20733.8320	1
20741.7773	-1
20749.7227	-1
20757.6680	-1
20765.6133	-1
20773.5586	-1
20781.5039	-1
20789.4492	-1
20797.3945	-1
20805.3398	-1
20813.2852	-1
20821.2305	-1
20829.1758	-1
20837.1211	-1
20845.0664	-1
20853.0117	-1
20860.9570	-1
20868.9023	-1
20876.8477	-1
20884.7930	-1
20892.7383	-1
20900.6836	-1
20908.6289	-1
20916.5742	-1
20924.5195	-1
20932.4668	-1
20940.4141	-1
20948.3613	-1
20956.3086	-1
20964.2559	-1
20972.2031	-1
20980.1504	-1
20988.0977	-1
20996.0449	-1
21003.9922	-1
21011.9395	-1
21019.8867	-1
21027.8340	-1
21035.7812	-1
21043.7285	-1
21051.6758	-1
21059.6230	-1
21067.5703	-1
21075.5176	-1
21083.4648	-1
21091.4121	-1
21099.3594	-1
21107.3066	-1
21115.2539	-1
21123.2012	-1
21131.1484	-1
21139.0957	-1
21147.0430	-1
21154.9902	-1
21162.9375	-1
21170.8848	-1
21178.8320	-1
21186.7793	-1
21194.7266	-1
21202.6738	-1
21210.6211	-1
21218.5703	1
21226.5195	1
21234.4688	1
21242.4180	1
21250.3672	1
21258.3164	1
21266.2656	1
21274.2148	1
21282.1660	-1
21290.1172	-1
21298.0684	-1
21306.0195	-1
21313.9707	-1
21321.9219	-1
21329.8730	-1
21337.8242	-1
21345.7754	-1
21353.7266	-1
21361.6777	-1
21369.6289	-1
21377.5801	-1
21385.5312	-1
21393.4824	-1
21401.4336	-1
21409.3848	-1
21417.3359	-1
21425.2871	-1
21433.2383	-1
21441.1895	-1
21449.1406	-1
21457.0918	-1
21465.0430	-1
21472.9941	-1
21480.9453	-1
21488.8965	-1
21496.8477	-1
21504.7988	-1
21512.7500	-1
21520.7012	-1
21528.6523	-1
21536.6035	-1
21544.5547	-1
21552.5059	-1
21560.4570	-1
21568.4102	-1
21576.3633	-1
21584.3164	-1
21592.2695	-1
21600.2227	-1
21608.1758	-1
21616.1289	-1
21624.0820	-1
21632.0352	-1
21639.9883	-1
21647.9414	-1
21655.8945	-1
21663.8477	-1
21671.8008	-1
21679.7539	-1
21687.7070	-1
21695.6602	-1
21703.6133	-1
21711.5664	-1
21719.5195	-1
21727.4727	-1
21735.4258	-1
21743.3789	-1
21751.3320	-1
21759.2852	-1
21767.2383	-1
21775.1914	-1
21783.1445	-1
21791.0977	-1
21799.0508	-1
21807.0039	-1
21814.9570	-1
21822.9102	-1
21830.8633	-1
21838.8164	-1
21846.7695	-1
21854.7227	-1
21862.6758	-1
21870.6289	-1
21878.5820	-1
21886.5352	-1
21894.4883	-1
21902.4414	-1
21910.3945	-1
21918.3477	-1
21926.3008	-1
21934.2539	-1
21942.2070	-1
21950.1621	-1
21958.1172	-1
21966.0723	-1
21974.0273	-1
21981.9824	-1
21989.9375	-1
21997.8926	-1
22005.8477	-1
22013.8027	-1
22021.7578	-1
22029.7129	-1
22037.6680	-1
22045.6230	-1
22053.5781	-1
22061.5332	-1
22069.4883	-1
22077.4434	-1
22085.3984	-1
22093.3535	-1
22101.3086	-1
22109.2637	-1
22117.2188	-1
22125.1738	-1
22133.1289	-1
22141.0840	-1
22149.0391	-1
22156.9941	-1
22164.9492	-1
22172.9043	-1
22180.8594	-1
22188.8145	-1
22196.7695	-1
22204.7246	-1
22212.6797	-1
22220.6348	-1
22228.5898	-1
22236.5469	-1
22244.5039	-1
22252.4609	-1
22260.4180	-1
22268.3750	-1
22276.3320	-1
22284.2891	-1
22292.2461	-1
22300.2031	-1
22308.1602	-1
22316.1172	-1
22324.0742	-1
22332.0312	-1
22339.9883	-1
22347.9453	-1
22355.9023	-1
22363.8594	-1
22371.8164	-1
22379.7734	-1
22387.7305	-1
22395.6875	-1
22403.6973	1
22411.8516	1
22420.0059	1
22428.1621	-1
22436.3184	-1
22444.4746	-1
22452.6309	-1
22460.7871	-1
22468.9434	-1
22477.0996	-1
22485.2559	-1
22493.4121	-1
22501.5684	-1
22509.7246	-1
22517.8809	-1
22526.0508	1
22534.2207	-1
22542.3926	1
22550.5645	1
22558.7363	-1
22566.9082	-1
22575.0801	-1
22583.2520	-1
22591.4238	-1
22599.5957	-1
22607.7676	-1
22615.9395	-1
22624.1113	-1
22632.2832	-1
22640.4551	-1
22648.6270	-1
22656.8008	1
22664.9746	1
22673.1484	1
22681.3223	1
22689.4980	-1
22697.6738	-1
22705.8496	-1
22714.0254	-1
22722.2012	-1
22730.3770	-1
22738.5527	-1
22746.7285	-1
22754.9043	-1
22763.0801	-1
22771.2559	-1
22779.4316	-1
22787.6074	-1
22795.7832	-1
22803.9590	-1
22812.1348	-1
22820.3105	-1
22828.4863	-1
22836.6621	-1
22844.8379	-1
22853.0137	-1
22861.1895	-1
22869.3652	-1
22877.5410	-1
22885.7168	1
22893.8926	1
22902.0684	1
22910.2441	1
22918.4199	1
22926.5957	1
22934.7715	1
22942.9473	1
22951.1250	-1
22959.3027	-1
22967.4805	-1
22975.6582	-1
22983.8359	-1
22992.0137	-1
23000.1914	-1
23008.3691	-1
23016.5469	-1
23024.7246	-1
23032.9023	-1
23041.0801	-1
23049.2578	-1
23057.4355	-1
23065.6133	-1
23073.7910	-1
23081.9688	-1
23090.1465	-1
23098.3262	-1
23106.5059	-1
23114.6855	-1
23122.8652	-1
23131.0449	-1
23139.2246	-1
23147.4043	-1
23155.5840	-1
23163.7637	-1
23171.9434	-1
23180.1230	-1
23188.3027	-1
23196.4824	1
23204.6621	1
23212.8418	1
23221.0215	1
23229.2012	1
23237.3809	1
23245.5605	1
23253.7402	1
23261.9199	1
23270.0996	1
23278.2793	-1
23286.4590	-1
23294.6387	-1
23302.8184	-1
23310.9980	-1
23319.1777	-1
23327.3594	-1
23335.5410	-1
23343.7227	-1
23351.9043	-1
23360.0859	-1
23368.2676	-1
23376.4492	-1
23384.6309	-1
23392.8125	-1
23400.9941	-1
23409.1758	-1
23417.3574	-1
23425.5391	1
23433.7207	1
23441.9023	1
23450.0840	-1
23458.2656	-1
23466.4473	-1
23474.6289	-1
23482.8105	-1
23490.9922	-1
23499.1738	1
23507.3555	-1
23515.5371	-1
23523.7188	-1
23531.9004	-1
23540.0820	-1
23548.2637	-1
23556.4473	1
23564.6309	1
23572.8145	1
23580.9980	1
23589.1816	1
23597.3652	1
23605.5508	-1
23613.7363	-1
23621.9219	-1
23630.1074	-1
23638.2930	-1
23646.4785	-1
23654.6641	1
23662.8496	1
23671.0352	-1
23679.2207	-1
23687.4062	-1
23695.5918	-1
23703.7773	-1
23711.9629	-1
23720.1504	-1
23728.3379	-1
23736.5254	-1
23744.7129	-1
23752.9004	-1
23761.0879	-1
23769.2754	-1
23777.4629	-1
23785.6504	-1
23793.8379	-1
23802.0254	-1
23810.2129	-1
23818.4004	-1
23826.5879	-1
23834.7754	-1
23842.9629	-1
23851.1504	-1
23859.3379	-1
23867.5254	1
23875.7129	1
23883.9023	-1
23892.0918	-1
23900.2812	-1
23908.4707	-1
23916.6602	-1
23924.8496	-1
23933.0391	-1
23941.2285	-1
23949.4180	-1
23957.6074	-1
23965.7969	-1
23973.9863	-1
23982.1758	-1
23990.3652	-1
23998.5547	-1
24006.7441	-1
24014.9336	-1
24023.1230	-1
24031.3125	-1
24039.5020	-1
24047.6914	-1
24055.8809	-1
24064.0703	-1
24072.2598	-1
24080.4492	1
24088.6387	1
24096.8281	1
24105.0176	1
24113.2070	1
24121.3965	1
24129.5859	1
24137.7754	1
24145.9668	-1
24154.1582	-1
24162.3496	-1
24170.5410	-1
24178.7324	-1
24186.9238	-1
24195.1152	-1
24203.3066	-1
24211.4980	-1
24219.6895	-1
24227.8809	-1
24236.0723	-1
24244.2637	-1
24252.4551	-1
24260.6465	-1
24268.8379	-1
24277.0293	-1
24285.2207	-1
24293.4121	-1
24301.6035	-1
24309.7949	-1
24317.9863	-1
24326.1777	-1
24334.3691	-1
24342.5605	-1
24350.7520	-1
24358.9434	-1
24367.1348	-1
24375.3262	-1
24383.5176	-1
24391.7109	-1
24399.9043	-1
24408.0977	-1
24416.2910	-1
24424.4844	-1
24432.6777	-1
24440.8711	-1
24449.0645	-1
24457.2578	-1
24465.4512	-1
24473.6445	-1
24481.8379	-1
24490.0312	-1
24498.2246	-1
24506.4180	-1
24514.6113	-1
24522.8047	-1
24530.9980	-1
24539.1914	-1
24547.3848	-1
24555.5781	-1
24563.7715	-1
24571.9648	-1
24580.1582	-1
24588.3516	-1
24596.5449	-1
24604.7383	-1
24612.9316	-1
24621.1250	-1
24629.3184	-1
24637.5137	1
24645.7090	1
24653.9043	1
24662.0996	1
24670.2949	1
24678.4902	1
24686.6855	1
24694.8809	1
24703.0762	1
24711.2715	1
24719.4688	-1
24727.6660	-1
24735.8633	-1
24744.0605	-1
24752.2578	-1
24760.4551	-1
24768.6523	-1
24776.8496	-1
24785.0469	-1
24793.2441	-1
24801.4414	-1
24809.6387	-1
24817.8379	-1
24826.0371	-1
24834.2363	-1
24842.4355	-1
24850.6348	-1
24858.8340	-1
24867.0332	-1
24875.2324	-1
24883.4316	-1
24891.6309	-1
24899.8301	-1
24908.0293	-1
24916.2285	-1
24924.4277	-1
24932.6270	-1
24940.8262	-1
24949.0254	-1
24957.2246	-1
24965.4238	-1
24973.6230	-1
24981.8223	-1
24990.0215	-1
24998.2207	-1
25006.4199	-1
25014.6191	-1
25022.8184	-1
25031.0176	-1
25039.2168	-1
25047.4160	-1
25055.6152	-1
25063.8145	-1
25072.0137	-1
25080.2129	-1
25088.4121	-1
25096.6113	-1
25104.8105	-1
25113.0098	-1
25121.2090	-1
25129.4082	-1
25137.6074	-1
25145.8066	-1
25154.0059	-1
25162.2070	-1
25170.4082	-1
25178.6094	-1
25186.8105	-1
25195.0117	-1
25203.2129	-1
25211.4141	-1
25219.6152	-1
25227.8164	-1
25236.0176	-1
25244.2188	-1
25252.4199	-1
25260.6230	-1
25268.8262	-1
25277.0293	-1
25285.2324	-1
25293.4355	-1
25301.6387	-1
25309.8418	-1
25318.0449	-1
25326.2480	-1
25334.4512	-1
25342.6543	-1
25350.8574	-1
25359.0605	-1
25367.2637	-1
25375.4668	-1
25383.6699	-1
25391.8730	-1
25400.0762	-1
25408.2793	-1
25416.4824	-1
25424.6855	-1
25432.8887	-1
25441.0918	-1
25449.2949	-1
25457.4980	-1
25465.7012	-1
25473.9043	-1
25482.1074	-1
25490.3105	-1
25498.5137	-1
25506.7168	-1
25514.9199	-1
25523.1230	-1
25531.3262	-1
25539.5293	-1
25547.7324	-1
25555.9375	-1
25564.1426	-1
25572.3477	-1
25580.5527	-1
25588.7578	-1
25596.9629	-1
25605.1680	-1
25613.3730	-1
25621.5781	-1
25629.7832	-1
25637.9883	-1
25646.1934	-1
25654.3984	-1
25662.6035	-1
25670.8086	-1
25679.0137	-1
25687.2188	-1
25695.4238	-1
25703.6289	-1
25711.8340	-1
25720.0391	-1
25728.2578	1
25736.4785	-1
25744.6992	1
25752.9199	1
25761.1426	-1
25769.3652	-1
25777.5879	-1
25785.8105	-1
25794.0332	-1
25802.2559	-1
25810.4785	-1
25818.7012	-1
25826.9238	-1
25835.1465	-1
25843.3691	-1
25851.5918	-1
25859.8145	1
25868.0371	1
25876.2598	1
25884.4824	1
25892.7070	-1
25900.9316	-1
25909.1562	-1
25917.3809	-1
25925.6055	-1
25933.8301	-1
25942.0547	-1
25950.2793	-1
25958.5039	-1
25966.7285	-1
25974.9531	-1
25983.1777	-1
25991.4023	-1
25999.6270	-1
26007.8516	-1
26016.0781	-1
26024.3047	-1
26032.5312	-1
26040.7578	1
26048.9844	-1
26057.2109	-1
26065.4375	-1
26073.6641	-1
26081.8906	-1
26090.1172	-1
26098.3438	1
26106.5703	1
26114.7969	1
26123.0234	1
26131.2500	-1
26139.4766	-1
26147.7031	-1
26155.9297	-1
26164.1562	-1
26172.3828	-1
26180.6094	1
26188.8379	1
26197.0664	1
26205.2949	1
26213.5234	1
26221.7520	-1
26229.9805	-1
26238.2090	-1
26246.4375	-1
26254.6660	-1
26262.8945	-1
26271.1230	-1
26279.3516	-1
26287.5801	-1
26295.8086	-1
26304.0371	-1
26312.2656	-1
26320.4941	-1
26328.7227	-1
26336.9512	-1
26345.1797	-1
26353.4082	-1
26361.6367	-1
26369.8652	-1
26378.0938	-1
26386.3223	-1
26394.5508	-1
26402.7793	-1
26411.0078	-1
26419.2383	1
26427.4688	1
26435.6992	1
26443.9297	1
26452.1602	1
26460.3906	1
26468.6211	1
26476.8516	1
26485.0820	-1
26493.3125	-1
26501.5430	-1
26509.7734	-1
26518.0039	-1
26526.2344	-1
26534.4668	-1
26542.6992	-1
26550.9316	-1
26559.1641	-1
26567.3965	-1
26575.6289	-1
26583.8613	1
26592.0938	1
26600.3262	-1
26608.5586	-1
26616.7910	-1
26625.0234	-1
26633.2559	-1
26641.4883	-1
26649.7207	-1
26657.9531	-1
26666.1855	-1
26674.4180	-1
26682.6504	-1
26690.8828	-1
26699.1172	-1
26707.3516	-1
26715.5859	-1
26723.8203	-1
26732.0547	-1
26740.2891	-1
26748.5234	1
26756.7578	1
26764.9922	1
26773.2285	1
26781.4648	1
26789.7012	1
26797.9375	1
26806.1738	1
26814.4102	-1
26822.6465	-1
26830.8828	-1
26839.1191	-1
26847.3555	-1
26855.5918	-1
26863.8281	1
26872.0645	1
26880.3027	-1
26888.5410	-1
26896.7793	-1
26905.0176	-1
26913.2559	-1
26921.4941	-1
26929.7324	-1
26937.9707	-1
26946.2090	-1
26954.4473	-1
26962.6855	-1
26970.9238	-1
26979.1621	-1
26987.4004	-1
26995.6387	-1
27003.8770	-1
27012.1152	-1
27020.3535	-1
27028.5918	-1
27036.8301	-1
27045.0684	-1
27053.3066	-1
27061.5449	-1
27069.7832	-1
27078.0215	-1
27086.2598	-1
27094.4980	-1
27102.7363	-1
27110.9746	-1
27119.2129	-1
27127.4512	-1
27135.6895	-1
27143.9277	-1
27152.1660	-1
27160.4043	-1
27168.6426	-1
27176.8828	1
27185.1230	1
27193.3633	1
27201.6035	1
27209.8438	1
27218.0840	1
27226.3242	1
27234.5645	1
27242.8047	1
27251.0449	1
27259.2852	-1
27267.5254	-1
27275.7656	-1
27284.0059	-1
27292.2461	-1
27300.4863	-1
27308.7266	-1
27316.9668	-1
27325.2070	-1
27333.4473	-1
27341.6875	-1
27349.9277	-1
27358.1680	-1
27366.4082	-1
27374.6484	-1
27382.8887	-1
27391.1289	-1
27399.3691	-1
27407.6094	-1
27415.8496	-1
27424.0898	-1
27432.3301	-1
27440.5703	-1
27448.8105	-1
27457.0527	-1
27465.2949	-1
27473.5371	-1
27481.7793	-1
27490.0215	-1
27498.2637	-1
27506.5059	1
27514.7480	1
27522.9922	-1
27531.2363	-1
27539.4805	-1
27547.7246	-1
27555.9688	-1
27564.2129	-1
27572.4570	-1
27580.7012	-1
27588.9453	-1
27597.1895	-1
27605.4336	-1
27613.6777	-1
27621.9219	1
27630.1660	1
27638.4102	1
27646.6543	1
27654.8984	1
27663.1426	1
27671.3867	1
27679.6309	1
27687.8750	1
27696.1191	1
27704.3633	-1
27712.6074	-1
27720.8516	-1
27729.0957	-1
27737.3398	-1
27745.5840	-1
27753.8301	1
27762.0762	1
27770.3223	1
27778.5684	1
27786.8145	1
27795.0605	1
27803.3105	-1
27811.5605	-1
27819.8105	-1
27828.0605	-1
27836.3105	-1
27844.5605	-1
27852.8105	-1
27861.0605	-1
27869.3105	-1
27877.5605	-1
27885.8105	-1
27894.0605	-1
27902.3105	-1
27910.5605	-1
27918.8105	-1
27927.0605	-1
27935.3105	-1
27943.5605	-1
27951.8105	-1
27960.0605	-1
27968.3105	-1
27976.5605	-1
27984.8105	-1
27993.0605	-1
28001.3105	-1
28009.5605	-1
28017.8105	-1
28026.0605	-1
28034.3105	-1
28042.5605	-1
28050.8105	1
28059.0605	1
28067.3105	1
28075.5605	1
28083.8125	-1
28092.0645	-1
28100.3164	-1
28108.5684	-1
28116.8203	-1
28125.0723	-1
28133.3242	-1
28141.5762	-1
28149.8281	-1
28158.0801	-1
28166.3320	-1
28174.5840	-1
28182.8359	-1
28191.0879	-1
28199.3398	-1
28207.5918	-1
28215.8438	-1
28224.0957	-1
28232.3477	-1
28240.5996	-1
28248.8516	-1
28257.1035	-1
28265.3555	-1
28273.6074	-1
28281.8613	1
28290.1152	1
28298.3691	1
28306.6250	-1
28314.8809	-1
28323.1367	-1
28331.3926	-1
28339.6484	-1
28347.9043	-1
28356.1602	-1
28364.4160	-1
28372.6719	-1
28380.9277	-1
28389.1836	-1
28397.4395	-1
28405.6953	-1
28413.9512	-1
28422.2070	-1
28430.4629	-1
28438.7188	-1
28446.9746	-1
28455.2305	-1
28463.4863	-1
28471.7422	-1
28479.9980	-1
28488.2539	-1
28496.5098	-1
28504.7676	-1
28513.0254	-1
28521.2832	-1
28529.5410	-1
28537.7988	-1
28546.0566	-1
28554.3145	-1
28562.5723	-1
28570.8301	-1
28579.0879	-1
28587.3457	-1
28595.6035	-1
28603.8613	-1
28612.1191	-1
28620.3770	-1
28628.6348	-1
28636.8926	-1
28645.1504	-1
28653.4082	-1
28661.6660	-1
28669.9238	-1
28678.1816	-1
28686.4395	-1
28694.6973	-1
28702.9551	-1
28711.2129	-1
28719.4707	-1
28727.7285	-1
28735.9863	-1
28744.2441	-1
28752.5020	-1
28760.7598	-1
28769.0176	-1
28777.2754	-1
28785.5332	-1
28793.7910	-1
28802.0488	-1
28810.3066	-1
28818.5645	-1
28826.8223	-1
28835.0801	-1
28843.3379	-1
28851.5957	-1
28859.8535	-1
28868.1113	-1
28876.3691	-1
28884.6270	-1
28892.8848	-1
28901.1445	-1
28909.4043	-1
28917.6641	-1
28925.9238	-1
28934.1836	-1
28942.4434	-1
28950.7031	-1
28958.9629	-1
28967.2227	-1
28975.4824	-1
28983.7422	-1
28992.0020	-1
29000.2617	-1
29008.5215	-1
29016.7812	-1
29025.0410	-1
29033.3008	-1
29041.5605	-1
29049.8203	-1
29058.0801	-1
29066.3398	-1
29074.5996	-1
29082.8594	-1
29091.1191	-1
29099.3809	-1
29107.6426	-1
29115.9043	-1
29124.1660	-1
29132.4277	-1
29140.6895	-1
29148.9512	-1
29157.2129	-1
29165.4746	-1
29173.7363	-1
29181.9980	-1
29190.2598	-1
29198.5215	-1
29206.7832	-1
29215.0449	-1
29223.3066	-1
29231.5684	-1
29239.8301	-1
29248.0918	-1
29256.3535	-1
29264.6152	-1
29272.8770	-1
29281.1387	-1
29289.4004	-1
29297.6621	-1
29305.9238	-1
29314.1855	-1
29322.4473	-1
29330.7090	-1
29338.9707	-1
29347.2344	-1
29355.4980	-1
29363.7617	-1
29372.0254	-1
29380.2891	-1
29388.5527	-1
29396.8164	-1
29405.0801	-1
29413.3438	-1
29421.6074	-1
29429.8711	-1
29438.1348	-1
29446.4004	-1
29454.6660	-1
29462.9316	-1
29471.1973	-1
29479.4629	-1
29487.7285	-1
29495.9941	-1
29504.2598	-1
29512.5254	-1
29520.7910	-1
29529.0566	-1
29537.3223	-1
29545.5879	-1
29553.8535	-1
29562.1191	-1
29570.3848	-1
29578.6504	-1
29586.9160	-1
29595.1816	-1
29603.4473	-1
29611.7129	-1
29619.9785	-1
29628.2441	-1
29636.5098	-1
29644.7754	-1
29653.0410	-1
29661.3066	-1
29669.5723	-1
29677.8379	-1
29686.1035	-1
29694.3691	-1
29702.6348	-1
29710.9004	-1
29719.1660	-1
29727.4316	-1
29735.6973	-1
29743.9629	-1
29752.2285	-1
29760.4941	-1
29768.7598	-1
29777.0254	-1
29785.2910	-1
29793.5566	-1
29801.8359	1
29810.1172	-1
29818.3984	1
29826.6797	1
29834.9629	-1
29843.2461	-1
29851.5293	-1
29859.8125	-1
29868.0957	-1
29876.3789	-1
29884.6621	-1
29892.9453	-1
29901.2285	-1
29909.5117	-1
29917.7949	-1
29926.0781	-1
29934.3613	1
29942.6445	1
29950.9277	1
29959.2109	1
29967.4941	-1
29975.7773	-1
29984.0605	-1
29992.3438	-1
30000.6270	-1
30008.9102	-1
30017.1934	-1
30025.4766	-1
30033.7598	-1
30042.0430	-1
30050.3262	-1
30058.6094	-1
30066.8945	-1
30075.1797	-1
30083.4648	-1
30091.7500	-1
30100.0352	-1
30108.3203	-1
30116.6055	-1
30124.8906	-1
30133.1758	-1
30141.4609	-1
30149.7461	-1
30158.0430	1
30166.3418	-1
30174.6406	1
30182.9395	1
30191.2402	-1
30199.5410	-1
30207.8418	-1
30216.1426	-1
30224.4434	-1
30232.7441	-1
30241.0449	-1
30249.3457	-1
30257.6465	-1
30265.9473	-1
30274.2480	-1
30282.5488	-1
30290.8496	1
30299.1504	1
30307.4512	1
30315.7520	1
30324.0527	-1
30332.3535	-1
30340.6543	-1
30348.9551	-1
30357.2559	-1
30365.5566	-1
30373.8594	-1
30382.1621	-1
30390.4648	-1
30398.7676	-1
30407.0703	-1
30415.3730	-1
30423.6758	-1
30431.9785	-1
30440.2812	-1
30448.5840	-1
30456.8867	-1
30465.1895	-1
30473.4922	1
30481.7949	1
30490.0977	1
30498.4004	1
30506.7031	1
30515.0059	-1
30523.3086	-1
30531.6113	-1
30539.9141	-1
30548.2168	-1
30556.5195	-1
30564.8223	1
30573.1270	1
30581.4316	-1
30589.7363	-1
30598.0410	-1
30606.3457	-1
30614.6504	-1
30622.9551	-1
30631.2598	1
30639.5645	-1
30647.8691	-1
30656.1738	-1
30664.4785	-1
30672.7832	-1
30681.0879	-1
30689.3926	-1
30697.6973	-1
30706.0020	-1
30714.3066	-1
30722.6113	-1
30730.9160	-1
30739.2207	-1
30747.5254	-1
30755.8301	-1
30764.1348	-1
30772.4395	-1
30780.7441	-1
30789.0488	-1
30797.3535	-1
30805.6582	-1
30813.9629	-1
30822.2676	-1
30830.5723	-1
30838.8789	-1
30847.1855	-1
30855.4922	-1
30863.7988	-1
30872.1055	-1
30880.4121	-1
30888.7188	-1
30897.0254	-1
30905.3320	-1
30913.6387	-1
30921.9453	-1
30930.2520	-1
30938.5586	-1
30946.8652	-1
30955.1719	-1
30963.4902	1
30971.8105	-1
30980.1309	1
30988.4512	1
30996.7734	-1
31005.0957	-1
31013.4180	-1
31021.7402	-1
31030.0625	-1
31038.3848	-1
31046.7070	-1
31055.0293	-1
31063.3516	-1
31071.6738	-1
31079.9961	-1
31088.3184	-1
31096.6406	1
31104.9629	1
31113.2852	1
31121.6074	1
31129.9316	-1
31138.2559	-1
31146.5801	-1
31154.9043	-1
31163.2285	-1
31171.5527	-1
31179.8770	-1
31188.2012	-1
31196.5254	-1
31204.8496	-1
31213.1738	-1
31221.4980	-1
31229.8223	1
31238.1465	1
31246.4707	1
31254.7949	1
31263.1191	-1
31271.4434	-1
31279.7676	-1
31288.0918	-1
31296.4160	-1
31304.7402	-1
31313.0645	-1
31321.3887	-1
31329.7129	-1
31338.0371	-1
31346.3613	-1
31354.6855	-1
31363.0098	1
31371.3340	1
31379.6602	1
31387.9863	1
31396.3125	-1
31404.6387	-1
31412.9648	-1
31421.2910	-1
31429.6172	-1
31437.9434	-1
31446.2695	1
31454.5957	1
31462.9219	-1
31471.2480	-1
31479.5742	-1
31487.9004	-1
31496.2266	-1
31504.5527	-1
31512.8809	-1
31521.2090	-1
31529.5371	-1
31537.8652	-1
31546.1934	-1
31554.5215	-1
31562.8496	-1
31571.1777	-1
31579.5059	-1
31587.8340	-1
31596.1621	-1
31604.4902	-1
31612.8184	1
31621.1465	1
31629.4746	-1
31637.8027	-1
31646.1309	-1
31654.4590	-1
31662.7871	-1
31671.1152	-1
31679.4434	-1
31687.7715	-1
31696.0996	-1
31704.4277	-1
31712.7559	-1
31721.0840	-1
31729.4121	-1
31737.7402	-1
31746.0684	-1
31754.3965	-1
31762.7246	-1
31771.0527	-1
31779.3809	-1
31787.7090	-1
31796.0371	-1
31804.3652	-1
31812.6934	-1
31821.0215	-1
31829.3496	-1
31837.6777	-1
31846.0059	-1
31854.3340	-1
31862.6621	-1
31870.9902	-1
31879.3184	-1
31887.6465	-1
31895.9746	-1
31904.3027	-1
31912.6309	-1
31920.9590	-1
31929.2891	1
31937.6191	1
31945.9492	1
31954.2793	1
31962.6094	1
31970.9395	1
31979.2695	1
31987.5996	1
31995.9297	1
32004.2598	1
32012.5898	1
32020.9199	-1
32029.2500	-1
32037.5801	-1
32045.9102	-1
32054.2402	-1
32062.5703	-1
32070.9004	1
32079.2305	1
32087.5605	1
32095.8906	1
32104.2207	1
32112.5508	-1
32120.8809	-1
32129.2109	-1
32137.5410	-1
32145.8711	-1
32154.2012	-1
32162.5332	-1
32170.8652	-1
32179.1973	-1
32187.5293	-1
32195.8613	-1
32204.1934	-1
32212.5273	-1
32220.8613	-1
32229.1953	-1
32237.5293	-1
32245.8633	-1
32254.1973	-1
32262.5312	-1
32270.8652	-1
32279.1992	-1
32287.5332	-1
32295.8672	-1
32304.2012	-1
32312.5352	-1
32320.8691	-1
32329.2031	-1
32337.5371	-1
32345.8711	-1
32354.2051	-1
32362.5391	-1
32370.8730	-1
32379.2070	-1
32387.5410	-1
32395.8750	-1
32404.2090	-1
32412.5430	-1
32420.8770	-1
32429.2109	-1
32437.5449	-1
32445.8789	-1
32454.2129	-1
32462.5469	-1
32470.8809	-1
32479.2148	-1
32487.5488	-1
32495.8828	-1
32504.2168	-1
32512.5508	-1
32520.8848	-1
32529.2188	-1
32537.5527	-1
32545.8867	-1
32554.2207	-1
32562.5547	-1
32570.8887	-1
32579.2227	-1
32587.5566	-1
32595.8906	-1
32604.2246	-1
32612.5586	-1
32620.8926	-1
32629.2266	-1
32637.5605	-1
32645.8945	-1
32654.2285	-1
32662.5625	1
32670.8965	1
32679.2305	1
32687.5664	1
32695.9023	1
32704.2383	1
32712.5742	1
32720.9102	1
32729.2461	1
32737.5820	1
32745.9180	1
32754.2539	1
32762.5898	1
32770.9258	1
32779.2617	1
32787.5977	1
32795.9336	1
32804.2695	1
32812.6055	1
32820.9414	1
32829.2773	1
32837.6133	-1
32845.9492	-1
32854.2852	-1
32862.6211	-1
32870.9570	-1
32879.2930	-1
32887.6289	1
32895.9648	1
32904.3008	1
32912.6367	-1
32920.9727	-1
32929.3086	-1
32937.6445	-1
32945.9805	-1
32954.3164	-1
32962.6523	-1
32970.9883	-1
32979.3242	-1
32987.6602	-1
32995.9961	-1
33004.3320	-1
33012.6680	-1
33021.0039	-1
33029.3398	-1
33037.6758	-1
33046.0117	-1
33054.3477	-1
33062.6875	-1
33071.0273	-1
33079.3672	-1
33087.7070	-1
33096.0469	-1
33104.3867	-1
33112.7266	-1
33121.0664	-1
33129.4062	-1
33137.7461	-1
33146.0859	-1
33154.4258	-1
33162.7656	1
33171.1055	1
33179.4453	1
33187.7852	1
33196.1250	1
33204.4648	1
33212.8047	-1
33221.1445	-1
33229.4844	-1
33237.8242	-1
33246.1641	-1
33254.5039	-1
33262.8438	-1
33271.1836	-1
33279.5234	-1
33287.8633	-1
33296.2031	-1
33304.5430	-1
33312.8828	-1
33321.2227	-1
33329.5625	-1
33337.9023	-1
33346.2422	-1
33354.5820	-1
33362.9219	1
33371.2617	1
33379.6016	1
33387.9414	1
33396.2812	1
33404.6211	1
33412.9648	-1
33421.3086	-1
33429.6523	-1
33437.9961	-1
33446.3398	-1
33454.6836	-1
33463.0273	-1
33471.3711	-1
33479.7148	-1
33488.0586	-1
33496.4023	-1
33504.7461	-1
33513.0898	-1
33521.4336	-1
33529.7773	-1
33538.1211	-1
33546.4648	-1
33554.8086	-1
33563.1523	-1
33571.4961	-1
33579.8398	-1
33588.1836	-1
33596.5273	-1
33604.8711	-1
33613.2148	-1
33621.5586	-1
33629.9023	-1
33638.2461	-1
33646.5898	-1
33654.9336	-1
33663.2773	-1
33671.6211	-1
33679.9648	-1
33688.3086	-1
33696.6523	-1
33704.9961	-1
33713.3398	-1
33721.6836	-1
33730.0273	-1
33738.3711	-1
33746.7148	-1
33755.0586	-1
33763.4023	-1
33771.7461	-1
33780.0898	-1
33788.4336	-1
33796.7773	-1
33805.1211	-1
33813.4648	-1
33821.8086	-1
33830.1523	-1
33838.4961	-1
33846.8398	-1
33855.1836	-1
33863.5273	1
33871.8711	1
33880.2148	1
33888.5586	1
33896.9023	1
33905.2461	1
33913.5898	1
33921.9375	-1
33930.2852	-1
33938.6328	-1
33946.9805	-1
33955.3281	-1
33963.6758	-1
33972.0234	-1
33980.3711	-1
33988.7188	-1
33997.0664	-1
34005.4141	-1
34013.7617	-1
34022.1094	-1
34030.4570	-1
34038.8047	-1
34047.1523	-1
34055.5000	-1
34063.8477	-1
34072.1953	-1
34080.5430	-1
34088.8906	-1
34097.2383	-1
34105.5859	-1
34113.9336	-1
34122.2812	-1
34130.6289	-1
34138.9766	-1
34147.3242	-1
34155.6719	-1
34164.0195	-1
34172.3672	-1
34180.7148	-1
34189.0625	-1
34197.4102	-1
34205.7578	-1
34214.1055	-1
34222.4531	-1
34230.8008	-1
34239.1484	-1
34247.4961	-1
34255.8438	-1
34264.1914	-1
34272.5391	-1
34280.8867	-1
34289.2344	-1
34297.5820	-1
34305.9297	-1
34314.2773	-1
34322.6289	-1
34330.9805	-1
34339.3320	-1
34347.6836	-1
34356.0352	-1
34364.3867	-1
34372.7383	-1
34381.0898	-1
34389.4414	-1
34397.7930	-1
34406.1445	-1
34414.4961	-1
34422.8477	-1
34431.1992	-1
34439.5508	-1
34447.9023	-1
34456.2539	-1
34464.6055	-1
34472.9570	-1
34481.3086	-1
34489.6602	-1
34498.0117	-1
34506.3633	-1
34514.7148	-1
34523.0664	-1
34531.4180	-1
34539.7695	-1
34548.1211	-1
34556.4727	-1
34564.8242	-1
34573.1758	-1
34581.5273	-1
34589.8789	-1
34598.2305	-1
34606.5820	-1
34614.9336	-1
34623.2852	-1
34631.6367	-1
34639.9883	-1
34648.3398	-1
34656.6914	-1
34665.0430	-1
34673.3945	-1
34681.7461	-1
34690.0977	-1
34698.4492	-1
34706.8008	-1
34715.1523	-1
34723.5039	-1
34731.8555	-1
34740.2070	-1
34748.5586	-1
34756.9102	-1
34765.2617	-1
34773.6133	-1
34781.9648	-1
34790.3164	-1
34798.6680	-1
34807.0195	-1
34815.3711	-1
34823.7266	-1
34832.0820	-1
34840.4375	-1
34848.7930	-1
34857.1484	-1
34865.5039	-1
34873.8594	-1
34882.2148	-1
34890.5703	-1
34898.9258	-1
34907.2812	-1
34915.6367	-1
34923.9922	-1
34932.3477	-1
34940.7031	-1
34949.0586	-1
34957.4141	-1
34965.7695	-1
34974.1250	-1
34982.4805	-1
34990.8359	-1
34999.1914	-1
35007.5469	-1
35015.9023	-1
35024.2578	-1
35032.6133	-1
35040.9688	-1
35049.3242	-1
35057.6797	-1
35066.0352	-1
35074.3906	-1
35082.7461	-1
35091.1016	-1
35099.4570	-1
35107.8125	-1
35116.1680	-1
35124.5234	-1
35132.8789	-1
35141.2344	-1
35149.5898	-1
35157.9453	-1
35166.3008	-1
35174.6562	-1
35183.0117	-1
35191.3672	-1
35199.7227	-1
35208.0781	-1
35216.4336	-1
35224.7891	-1
35233.1445	-1
35241.5000	-1
35249.8555	-1
35258.2109	-1
35266.5664	-1
35274.9219	-1
35283.2773	-1
35291.6328	-1
35299.9883	-1
35308.3438	-1
35316.6992	-1
35325.0547	-1
35333.4102	-1
35341.7656	-1
35350.1211	-1
35358.4766	-1
35366.8320	-1
35375.1875	-1
35383.5430	-1
35391.8984	-1
35400.2539	-1
35408.6094	-1
35416.9648	-1
35425.3203	-1
35433.6758	-1
35442.0312	-1
35450.3867	-1
35458.7422	-1
35467.0977	-1
35475.4688	1
35483.8398	-1
35492.2109	1
35500.5820	1
35508.9570	-1
35517.3320	-1
35525.7070	-1
35534.0820	-1
35542.4570	-1
35550.8320	-1
35559.2070	-1
35567.5820	-1
35575.9570	-1
35584.3320	-1
35592.7188	1
35601.1055	-1
35609.4922	1
35617.8789	1
35626.2695	-1
35634.6602	-1
35643.0508	-1
35651.4414	-1
35659.8320	-1
35668.2227	-1
35676.6133	-1
35685.0039	-1
35693.3945	-1
35701.7852	-1
35710.1875	1
35718.5898	-1
35726.9922	1
35735.3945	1
35743.8008	-1
35752.2070	-1
35760.6133	-1
35769.0195	-1
35777.4258	-1
35785.8320	-1
35794.2383	-1
35802.6445	-1
35811.0508	-1
35819.4570	-1
35827.8633	-1
35836.2695	-1
35844.6758	1
35853.0820	1
35861.4883	1
35869.8945	1
35878.3008	-1
35886.7070	-1
35895.1133	-1
35903.5195	-1
35911.9258	-1
35920.3320	-1
35928.7383	-1
35937.1445	-1
35945.5508	-1
35953.9570	-1
35962.3633	-1
35970.7695	-1
35979.1758	-1
35987.5820	-1
35995.9883	-1
36004.3945	-1
36012.8008	-1
36021.2070	-1
36029.6133	-1
36038.0195	-1
36046.4258	-1
36054.8320	-1
36063.2383	-1
36071.6445	-1
36080.0508	1
36088.4570	1
36096.8633	1
36105.2695	1
36113.6758	1
36122.0820	1
36130.4883	1
36138.8945	1
36147.3047	-1
36155.7148	-1
36164.1250	-1
36172.5352	-1
36180.9453	-1
36189.3555	-1
36197.7656	-1
36206.1758	-1
36214.5859	-1
36222.9961	-1
36231.4062	-1
36239.8164	-1
36248.2266	-1
36256.6367	-1
36265.0469	-1
36273.4570	-1
36281.8672	-1
36290.2773	-1
36298.6875	-1
36307.0977	-1
36315.5078	-1
36323.9180	-1
36332.3281	-1
36340.7383	-1
36349.1484	-1
36357.5586	-1
36365.9688	-1
36374.3789	-1
36382.7891	-1
36391.1992	-1
36399.6094	-1
36408.0195	-1
36416.4297	-1
36424.8398	-1
36433.2500	-1
36441.6602	-1
36450.0703	-1
36458.4805	-1
36466.8906	-1
36475.3008	-1
36483.7109	-1
36492.1211	-1
36500.5312	-1
36508.9414	-1
36517.3516	-1
36525.7617	-1
36534.1719	-1
36542.5820	-1
36550.9922	1
36559.4023	1
36567.8125	1
36576.2227	1
36584.6328	1
36593.0430	1
36601.4531	-1
36609.8633	-1
36618.2773	-1
36626.6914	-1
36635.1055	-1
36643.5195	-1
36651.9336	-1
36660.3477	-1
36668.7617	-1
36677.1758	-1
36685.5898	-1
36694.0039	-1
36702.4180	-1
36710.8320	-1
36719.2461	-1
36727.6602	-1
36736.0742	-1
36744.4883	-1
36752.9023	-1
36761.3164	-1
36769.7305	-1
36778.1445	-1
36786.5586	-1
36794.9727	-1
36803.3867	-1
36811.8008	-1
36820.2148	-1
36828.6289	-1
36837.0430	-1
36845.4570	-1
36853.8711	-1
36862.2852	-1
36870.7109	1
36879.1406	-1
36887.5703	1
36896.0000	1
36904.4297	-1
36912.8594	-1
36921.2891	-1
36929.7344	1
36938.1797	-1
36946.6250	1
36955.0703	1
36963.5195	-1
36971.9688	-1
36980.4180	-1
36988.8672	-1
36997.3164	-1
37005.7656	-1
37014.2148	-1
37022.6641	-1
37031.1133	-1
37039.5625	-1
37048.0117	-1
37056.4609	-1
37064.9102	1
37073.3594	1
37081.8086	1
37090.2578	1
37098.7070	-1
37107.1562	-1
37115.6055	-1
37124.0547	-1
37132.5039	-1
37140.9531	-1
37149.4023	-1
37157.8516	-1
37166.3008	-1
37174.7500	-1
37183.1992	-1
37191.6484	-1
37200.0977	-1
37208.5469	-1
37216.9961	-1
37225.4453	-1
37233.8945	-1
37242.3438	-1
37250.7930	-1
37259.2422	-1
37267.6914	-1
37276.1406	-1
37284.5898	-1
37293.0547	1
37301.5195	-1
37309.9844	1
37318.4492	1
37326.9141	-1
37335.3789	-1
37343.8438	-1
37352.3086	-1
37360.7891	1
37369.2695	-1
37377.7500	1
37386.2305	1
37394.7109	-1
37403.1914	-1
37411.6719	-1
37420.1523	-1
37428.6328	-1
37437.1133	-1
37445.5977	-1
37454.0820	-1
37462.5664	-1
37471.0508	-1
37479.5352	-1
37488.0195	-1
37496.5039	1
37504.9883	1
37513.4727	1
37521.9570	1
37530.4414	-1
37538.9258	-1
37547.4102	-1
37555.8945	-1
37564.3789	-1
37572.8633	-1
37581.3477	-1
37589.8320	-1
37598.3164	-1
37606.8008	-1
37615.2852	-1
37623.7695	-1
37632.2539	-1
37640.7383	-1
37649.2227	-1
37657.7070	-1
37666.1914	-1
37674.6758	-1
37683.1602	-1
37691.6445	-1
37700.1289	-1
37708.6133	-1
37717.0977	-1
37725.5820	-1
37734.0664	1
37742.5508	1
37751.0352	1
37759.5234	-1
37768.0117	-1
37776.5000	-1
37784.9883	-1
37793.4766	-1
37801.9648	-1
37810.4531	-1
37818.9414	-1
37827.4297	-1
37835.9180	-1
37844.4062	-1
37852.8945	-1
37861.3828	-1
37869.8828	1
37878.3867	-1
37886.8906	1
37895.3945	1
37903.8984	-1
37912.4023	-1
37920.9062	-1
37929.4102	-1
37937.9141	-1
37946.4180	-1
37954.9219	-1
37963.4258	-1
37971.9297	-1
37980.4336	-1
37988.9375	-1
37997.4414	-1
38005.9453	1
38014.4492	1
38022.9531	1
38031.4570	1
38039.9648	-1
38048.4727	-1
38056.9805	-1
38065.4883	-1
38073.9961	-1
38082.5039	-1
38091.0117	-1
38099.5195	-1
38108.0273	-1
38116.5352	-1
38125.0430	-1
38133.5508	-1
38142.0586	-1
38150.5664	-1
38159.0742	-1
38167.5820	-1
38176.0898	-1
38184.5977	-1
38193.1055	-1
38201.6250	1
38210.1484	-1
38218.6719	1
38227.1953	1
38235.7188	-1
38244.2422	-1
